c ---- [ banner ] ------------------------------------------------------------
c
c Kissat SAT Solver
c 
c Copyright (c) 2021-2024 Armin Biere University of Freiburg
c Copyright (c) 2019-2021 Armin Biere Johannes Kepler University Linz
c 
c Version 4.0.4 8af8e56f174b778aef3aa45af9f739b2a5f492c2
c Apple clang version 17.0.0 (clang-1700.6.3.2) -W -Wall -O3 -DNDEBUG
c Mon Mar 30 18:25:47 CEST 2026 Darwin Mac 24.6.0 arm64
c
c ---- [ parsing ] -----------------------------------------------------------
c
c opened and reading DIMACS file:
c
c   tmp.cnf
c
c parsed 'p cnf 136 36686' header
c closing input after reading 1062410 bytes (1 MB)
c finished parsing after 0.00 seconds
c
c ---- [ solving ] -----------------------------------------------------------
c
c seconds switched rate     size/glue tier1 binary       remaining
c        MB reductions conflicts size  tier2   irredundant
c         level restarts redundant glue  trail       variables
c
c *  0.00  9 0 0 0  0 0   0   0 0.0 0 0 0 0 0%   0 36686 126 100%
c (  0.01 10 0 0 0  0 0   0   0 0.0 0 0 0 0 0%   0 36686 126 100%
c .  0.01 10 0 0 0  0 0   0   0 0.0 0 0 0 0 0%   0 36686 126 100%
c f  0.07 11 0 0 0  0 0   0   0 0.0 0 0 0 0 0% 232 26105 242 192%
c )  0.07 11 0 0 0  0 0   0   0 0.0 0 0 0 0 0% 232 26105 242 192%
c {  0.07 11 0 0 0  0 0   0   0 0.0 0 0 2 6 0% 232 26105 242 192%
c -  0.09 11 23 0 1 102 3 1002 630 1.5 16 11 9 14 39% 232 26105 242 192%
c }  0.09 11 23 1 1 102 3 1002 630 1.5 16 11 9 14 39% 232 26105 242 192%
c [  0.09 11 0 1 1 102 0 1002 630 0.0 0 0 2 6 0% 232 26105 242 192%
c B  0.09 11 0 1 1 102 0 1002 630 0.0 0 0 2 6 0% 232 26105 242 192%
c -  0.10 11 34 1 2 102 1 2002 1473 1.4 18 13 9 17 41% 232 26105 242 192%
c W  0.10 13 34 1 2 102 1 2005 1476 1.4 18 13 9 17 41% 232 26105 242 192%
c ]  0.10 13 32 2 2 103 1 2208 1646 1.4 18 13 9 17 39% 232 26105 242 192%
c {  0.10 13 23 2 2 103 3 2208 1646 1.5 16 11 9 14 39% 232 26105 242 192%
c u  0.11 13 21 2 2 119 2 2652 2028 1.5 16 11 9 14 39% 232 26105 242 192%
c v  0.11 14 21 2 2 119 2 2652 2028 1.5 16 11 9 14 39% 232 26105 242 192%
c w  0.12 14 21 2 2 119 2 2652 2024 1.5 16 11 9 14 39% 232 26105 242 192%
c }  0.13 14 20 3 2 122 2 3210 2519 1.5 15 10 9 14 40% 232 26105 242 192%
c [  0.13 14 32 3 2 122 1 3210 2519 1.4 18 13 9 17 39% 232 26105 242 192%
c -  0.13 14 29 3 3 122 1 3419 2495 1.4 18 13 9 16 40% 232 26105 242 192%
c
c seconds  switched  rate       size/glue  tier1    binary       remaining
c        MB reductions conflicts      size   tier2     irredundant
c         level restarts   redundant     glue    trail       variables
c
c I  0.14 14 23 3 3 123 1 4264 3161 1.4 17 12 9 16 41% 232 26105 242 192%
c ]  0.14 14 23 4 3 123 1 4313 3206 1.5 17 12 9 16 41% 232 26105 242 192%
c {  0.14 14 20 4 3 123 2 4313 3206 1.5 15 10 9 14 40% 232 26105 242 192%
c -  0.15 14 18 4 4 123 2 5151 3570 1.6 15 10 8 13 41% 232 26105 242 192%
c }  0.17 14 16 5 4 271 2 6665 4936 1.6 15 9 8 13 41% 232 26105 242 192%
c [  0.17 14 23 5 4 271 1 6665 4936 1.5 17 12 9 16 41% 232 26105 242 192%
c -  0.18 14 22 5 5 271 1 7151 4691 1.4 16 12 9 15 41% 232 26105 242 192%
c B  0.19 14 20 5 5 272 1 8036 5338 1.4 16 11 9 15 40% 232 26105 242 192%
c u  0.19 16 20 5 5 272 1 8167 5428 1.4 16 11 9 15 40% 232 26105 242 192%
c v  0.20 16 20 5 5 272 1 8167 5422 1.4 16 11 9 15 40% 232 26105 242 192%
c w  0.20 16 20 5 5 272 1 8167 5420 1.4 16 11 9 15 40% 232 26105 242 192%
c ]  0.23 17 18 6 5 273 1 9305 6237 1.4 15 11 9 15 39% 232 26105 242 192%
c {  0.23 17 16 6 5 273 2 9305 6237 1.6 15 9 8 13 41% 232 26105 242 192%
c -  0.23 17 16 6 6 285 2 9388 5616 1.6 15 9 8 13 41% 232 26105 242 192%
c -  0.25 17 14 6 7 285 2 11838 6572 1.6 15 9 7 11 42% 232 26105 242 192%
c e  0.28 18 14 6 7 285 2 13255 7746 1.7 14 9 7 11 42% 198 25631 201 160%
c ^  0.29 18 14 6 7 285 2 13255 7746 1.7 14 9 7 11 42% 198 25631 201 160%
c o  0.29 18 14 6 7 285 2 13255 7699 1.7 14 9 7 11 42% 198 25631 201 160%
c }  0.29 18 14 7 7 285 2 13374 7808 1.6 14 9 7 11 42% 198 25631 201 160%
c [  0.29 18 18 7 7 285 1 13374 7808 1.4 15 11 9 15 39% 198 25631 201 160%
c
c seconds  switched  rate        size/glue  tier1    binary       remaining
c        MB reductions conflicts       size   tier2     irredundant
c         level restarts    redundant     glue    trail       variables
c
c W  0.30 20 18 7 7 285 1 13566 7994 1.4 15 11 9 15 40% 198 25631 201 160%
c -  0.31 20 17 7 8 286 1 14483 7482 1.4 15 11 9 14 40% 198 25631 201 160%
c u  0.33 20 15 7 8 287 1 16730 9237 1.4 15 10 9 14 40% 198 25631 201 160%
c v  0.34 20 15 7 8 287 1 16730 9229 1.4 15 10 9 14 40% 198 25631 201 160%
c w  0.34 20 15 7 8 287 1 16730 9229 1.4 15 10 9 14 40% 198 25631 201 160%
c f  0.34 21 15 7 8 287 1 16730 9229 1.4 15 10 9 14 40% 247 25362 225 179%
c u  0.35 23 15 7 8 287 1 16730 9218 1.4 15 10 9 14 40% 247 25362 225 179%
c v  0.35 23 15 7 8 287 1 16730 9201 1.4 15 10 9 14 40% 247 25362 225 179%
c w  0.35 23 15 7 8 287 1 16730 9200 1.4 15 10 9 14 40% 247 25362 225 179%
c -  0.36 23 15 7 9 287 1 17311 8507 1.4 14 10 8 13 41% 247 25362 225 179%
c ]  0.36 23 15 8 9 287 1 17357 8538 1.4 14 10 8 13 41% 247 25362 225 179%
c {  0.36 23 14 8 9 287 2 17357 8538 1.6 14 9 7 11 42% 247 25362 225 179%
c -  0.41 23 13 8 10 589 2 20312 9645 1.6 14 9 7 11 42% 247 25362 225 179%
c -  0.49 23 14 8 11 1309 2 23474 10658 1.5 14 9 7 12 43% 247 25362 225 179%
c }  0.49 23 14 9 11 1309 2 23517 10695 1.5 14 9 7 12 43% 247 25362 225 179%
c [  0.49 23 15 9 11 1309 1 23517 10695 1.4 14 10 8 13 41% 247 25362 225 179%
c O  0.49 23 15 9 11 1309 1 23517 10695 1.4 14 10 8 13 41% 247 25362 225 179%
c o  0.49 23 15 9 11 1309 1 23517 10695 1.4 14 10 8 13 41% 247 25362 225 179%
c e  0.55 24 14 9 11 1311 1 26532 12684 1.4 14 10 8 13 41% 238 25362 204 162%
c ^  0.56 24 14 9 11 1311 1 26532 12684 1.4 14 10 8 13 41% 238 25362 204 162%
c
c seconds  switched    rate         size/glue  tier1    binary       remaining
c        MB  reductions  conflicts        size   tier2     irredundant
c         level   restarts     redundant     glue    trail       variables
c
c -  0.56 24 15 9 12 1311 1 26791 10864 1.4 14 10 8 13 41% 238 25362 204 162%
c u  0.60 24 15 9 12 1312 1 28556 12136 1.4 14 10 8 13 42% 238 25362 204 162%
c v  0.61 24 15 9 12 1312 1 28556 11342 1.4 14 10 8 13 42% 238 25362 204 162%
c w  0.61 24 15 9 12 1312 1 28556 11259 1.4 14 10 8 13 42% 238 25362 204 162%
c f  0.64 25 15 9 12 1312 1 28556 11259 1.4 14 10 8 13 42% 236 25349 208 165%
c u  0.65 27 15 9 12 1312 1 28556 11114 1.4 14 10 8 13 42% 236 25349 208 165%
c v  0.66 28 15 9 12 1312 1 28556 11107 1.4 14 10 8 13 42% 236 25349 208 165%
c w  0.66 28 15 9 12 1312 1 28556 11054 1.4 14 10 8 13 42% 236 25349 208 165%
c -  0.70 28 15 9 13 1314 1 30257 10477 1.4 15 10 8 13 43% 236 25349 208 165%
c ]  0.71 28 15 10 13 1314 1 31423 11353 1.4 15 11 8 13 43% 236 25349 208 165%
c {  0.71 28 14 10 13 1314 2 31423 11353 1.5 14 9 7 12 43% 236 25349 208 165%
c -  0.76 28 14 10 14 1508 2 33863 12075 1.5 14 9 7 12 44% 236 25349 208 165%
c -  0.81 28 13 10 15 1508 2 37605 13627 1.5 14 9 7 11 46% 236 25349 208 165%
c }  0.87 28 14 11 15 1891 2 40054 15705 1.5 14 9 7 11 47% 236 25349 208 165%
c [  0.87 28 15 11 15 1891 1 40054 15705 1.4 15 11 8 13 43% 236 25349 208 165%
c B  0.87 28 15 11 15 1891 1 40054 15705 1.4 15 11 8 13 43% 236 25349 208 165%
c -  0.89 28 15 11 16 1892 1 41481 14786 1.4 15 11 8 14 44% 236 25349 208 165%
c u  0.93 29 15 11 16 1893 1 43785 16625 1.4 15 11 8 14 45% 236 25349 208 165%
c v  0.94 29 15 11 16 1893 1 43785 16486 1.4 15 11 8 14 45% 236 25349 208 165%
c w  0.95 29 15 11 16 1893 1 43785 16480 1.4 15 11 8 14 45% 236 25349 208 165%
c
c seconds   switched    rate         size/glue  tier1    binary       remaining
c        MB   reductions  conflicts        size   tier2     irredundant
c         level    restarts     redundant     glue    trail       variables
c
c o  0.95 29 15 11 16 1893 1 43785 16480 1.4 15 11 8 14 45% 236 25349 208 165%
c -  0.97 29 16 11 17 1895 1 45483 15878 1.4 16 11 8 14 46% 236 25349 208 165%
c -  1.02 29 16 11 18 1897 1 49606 16973 1.4 16 11 8 14 48% 236 25349 208 165%
c W  1.05 31 16 11 18 1897 1 52279 19222 1.4 16 11 8 14 48% 236 25349 208 165%
c -  1.07 32 16 11 19 1899 1 53850 18126 1.4 16 11 8 14 49% 236 25349 208 165%
c ]  1.09 32 16 12 19 1900 1 54763 18794 1.4 16 11 8 14 49% 236 25349 208 165%
c {  1.09 32 14 12 19 1900 2 54763 18794 1.5 14 9 7 11 47% 236 25349 208 165%
c e  1.12 32 14 12 19 1998 2 55339 19247 1.5 14 9 7 11 47% 225 25365 200 159%
c ^  1.14 32 14 12 19 1998 2 55339 19247 1.5 14 9 7 11 47% 225 25365 200 159%
c -  1.22 32 14 12 20 2223 2 58208 18727 1.5 14 9 7 11 47% 225 25365 200 159%
c u  1.34 33 13 12 20 2535 2 62522 22026 1.4 13 9 7 11 46% 225 25365 200 159%
c v  1.35 34 13 12 20 2535 2 62522 21896 1.4 13 9 7 11 46% 225 25365 200 159%
c w  1.36 34 13 12 20 2535 2 62522 21879 1.4 13 9 7 11 46% 225 25365 200 159%
c f  1.36 34 13 12 20 2535 2 62522 21879 1.4 13 9 7 11 46% 231 25349 202 160%
c u  1.38 34 13 12 20 2535 2 62522 21870 1.4 13 9 7 11 46% 231 25349 202 160%
c v  1.39 34 13 12 20 2535 2 62522 21786 1.4 13 9 7 11 46% 231 25349 202 160%
c w  1.39 34 13 12 20 2535 2 62522 21786 1.4 13 9 7 11 46% 231 25349 202 160%
c -  1.46 35 13 12 21 2570 2 62680 19673 1.4 13 9 7 11 46% 231 25349 202 160%
c }  1.54 35 13 13 21 2925 2 66243 22430 1.4 13 9 7 11 46% 231 25349 202 160%
c [  1.54 35 16 13 21 2925 1 66243 22430 1.4 16 11 8 14 49% 231 25349 202 160%
c
c seconds   switched    rate         size/glue  tier1    binary       remaining
c        MB   reductions  conflicts        size   tier2     irredundant
c         level    restarts     redundant     glue    trail       variables
c
c I  1.56 35 16 13 21 2925 1 67183 23155 1.4 16 11 8 14 49% 231 25349 202 160%
c -  1.56 35 16 13 22 2925 1 67265 21069 1.4 16 11 8 14 49% 231 25349 202 160%
c -  1.62 35 16 13 23 2929 1 71955 22435 1.4 16 12 8 14 50% 231 25349 202 160%
c -  1.69 35 16 13 24 2931 1 76751 23194 1.4 17 12 8 14 51% 231 25349 202 160%
c -  1.77 35 16 13 25 2934 1 81649 23905 1.4 17 12 8 14 51% 231 25349 202 160%
c u  1.83 35 16 13 25 2937 1 84902 26586 1.4 17 12 8 14 52% 231 25349 202 160%
c v  1.84 38 16 13 25 2937 1 84902 26379 1.4 17 12 8 14 52% 231 25349 202 160%
c w  1.85 39 16 13 25 2937 1 84902 26376 1.4 17 12 8 14 52% 231 25349 202 160%
c x  1.85 39 16 13 25 2937 1 84902 26375 1.4 17 12 8 14 52% 231 25343 202 160%
c o  1.85 39 16 13 25 2937 1 84902 26375 1.4 17 12 8 14 52% 231 25343 202 160%
c B  1.86 39 16 13 25 2937 1 84985 26449 1.4 17 12 8 14 52% 231 25343 202 160%
c -  1.88 40 16 13 26 2937 1 86652 25160 1.4 17 12 7 14 52% 231 25343 202 160%
c ]  1.91 40 16 14 26 2938 1 88261 26429 1.4 17 12 7 14 52% 231 25343 202 160%
c {  1.91 40 13 14 26 2938 2 88261 26429 1.4 13 9 7 11 46% 231 25343 202 160%
c -  1.98 40 13 14 27 3085 2 91751 26479 1.4 13 9 7 11 47% 231 25343 202 160%
c -  2.13 40 13 14 28 3643 2 96947 24029 1.4 13 9 6 11 47% 231 25343 202 160%
c s  2.24 40 13 14 28 3643 2 101740 27559 1.4 13 9 6 11 47% 231 25322 202 160%
c e  2.25 40 13 14 28 3643 2 101740 27559 1.4 13 9 6 11 47% 227 25345 197 156%
c s  2.28 40 13 14 28 3643 2 101740 27559 1.4 13 9 6 11 47% 227 25317 197 156%
c ^  2.28 40 13 14 28 3643 2 101740 27559 1.4 13 9 6 11 47% 227 25317 197 156%
c
c seconds   switched    rate          size/glue tier1    binary       remaining
c        MB   reductions  conflicts         size  tier2     irredundant
c         level    restarts      redundant    glue    trail       variables
c
c -  2.30 40 13 14 29 3767 2 102239 22484 1.4 13 9 6 11 48% 227 25317 197 156%
c }  2.32 40 13 15 29 3893 2 102977 23083 1.4 13 9 6 11 47% 227 25317 197 156%
c [  2.32 40 16 15 29 3893 1 102977 23083 1.4 17 12 7 14 52% 227 25317 197 156%
c W  2.38 42 15 15 29 3895 1 105898 25181 1.4 17 12 7 14 52% 227 25317 197 156%
c -  2.41 42 15 15 30 3896 1 107625 23352 1.4 17 12 7 14 52% 227 25317 197 156%
c u  2.48 43 15 15 30 3898 1 111059 26081 1.4 17 12 7 14 52% 227 25317 197 156%
c v  2.49 46 15 15 30 3898 1 111059 25839 1.4 17 12 7 14 52% 227 25317 197 156%
c w  2.50 46 15 15 30 3898 1 111059 25831 1.4 17 12 7 14 52% 227 25317 197 156%
c -  2.54 47 15 15 31 3899 1 113102 24644 1.4 17 12 7 14 52% 227 25317 197 156%
c -  2.62 47 15 15 32 3902 1 118669 25711 1.4 17 12 8 14 51% 227 25317 197 156%
c ]  2.71 47 15 16 32 3906 1 124052 29901 1.4 17 11 8 14 51% 227 25317 197 156%
c {  2.71 47 13 16 32 3906 2 124052 29901 1.4 13 9 6 11 47% 227 25317 197 156%
c -  2.72 47 13 16 33 3911 2 124326 26849 1.4 13 9 6 11 47% 227 25317 197 156%
c o  2.81 47 13 16 33 3968 2 129330 30678 1.4 13 9 6 11 47% 227 25317 197 156%
c -  2.84 47 13 16 34 3995 2 130071 27698 1.4 13 9 6 11 47% 227 25317 197 156%
c -  2.97 47 12 16 35 4119 2 135901 28176 1.4 13 9 6 11 47% 227 25317 197 156%
c u  3.08 47 12 16 35 4135 2 141069 31666 1.4 13 9 6 10 47% 227 25317 197 156%
c v  3.10 48 12 16 35 4135 2 141069 31239 1.4 13 9 6 10 47% 228 25317 197 156%
c w  3.10 48 12 16 35 4135 2 141069 31214 1.4 13 9 6 10 47% 228 25317 197 156%
c -  3.13 48 12 16 36 4290 2 141817 28622 1.4 13 9 6 10 47% 228 25317 197 156%
c
c seconds   switched    rate          size/glue tier1    binary       remaining
c        MB   reductions  conflicts         size  tier2     irredundant
c         level    restarts      redundant    glue    trail       variables
c
c }  3.14 48 12 17 36 4290 2 142390 29041 1.4 13 9 6 10 47% 228 25317 197 156%
c [  3.14 48 15 17 36 4290 1 142390 29041 1.4 17 11 8 14 51% 228 25317 197 156%
c O  3.14 48 15 17 36 4290 1 142390 29041 1.4 17 11 8 14 51% 228 25317 197 156%
c -  3.24 48 15 17 37 4294 1 147819 30118 1.4 16 11 8 14 51% 228 25317 197 156%
c -  3.36 48 15 17 38 4296 1 153903 31544 1.4 16 11 7 13 50% 228 25317 197 156%
c -  3.47 48 15 17 39 4301 1 160070 32593 1.4 16 11 7 13 50% 228 25317 197 156%
c ]  3.54 48 15 18 39 4303 1 163299 35105 1.4 16 11 7 13 50% 228 25317 197 156%
c {  3.54 48 12 18 39 4303 2 163299 35105 1.4 13 9 6 10 47% 228 25317 197 156%
c -  3.67 48 12 18 40 4773 2 166314 33390 1.4 13 9 6 10 47% 228 25317 197 156%
c s  3.77 48 12 18 40 4871 2 167685 34406 1.4 13 9 6 10 47% 228 25210 197 156%
c e  3.77 48 12 18 40 4871 2 167685 34406 1.4 13 9 6 10 47% 192 25355 182 144%
c ^  3.83 48 12 18 40 4871 2 167685 34406 1.4 13 9 6 10 47% 192 25355 182 144%
c -  4.02 48 12 18 41 5562 2 172638 30943 1.4 13 9 6 10 46% 192 25355 182 144%
c u  4.13 48 12 18 41 5714 2 175040 32492 1.4 13 9 6 10 46% 192 25355 182 144%
c v  4.16 48 12 18 41 5714 2 175040 32277 1.4 13 9 6 10 46% 192 25355 182 144%
c w  4.17 48 12 18 41 5714 2 175040 32220 1.4 13 9 6 10 46% 192 25355 182 144%
c -  4.31 48 12 18 42 5989 2 179043 31359 1.4 13 9 6 10 46% 192 25355 182 144%
c o  4.33 48 12 18 42 5997 2 179487 31716 1.4 13 9 6 10 46% 192 25355 182 144%
c -  4.52 49 12 18 43 6352 2 185524 32338 1.4 13 9 6 10 45% 192 25355 182 144%
c }  4.53 49 12 19 43 6352 2 185644 32424 1.4 13 9 6 10 45% 192 25355 182 144%
c
c seconds   switched    rate          size/glue  tier1    binary       remaining
c        MB   reductions  conflicts         size   tier2     irredundant
c         level    restarts      redundant     glue    trail       variables
c
c [  4.53 49 15 19 43 6352 1 185644 32424 1.4 16 11 7 13 50% 192 25355 182 144%
c B  4.53 49 15 19 43 6352 1 185644 32424 1.4 16 11 7 13 50% 192 25355 182 144%
c -  4.63 49 15 19 44 6357 1 192084 32965 1.4 16 11 7 13 51% 192 25355 182 144%
c -  4.75 49 15 19 45 6359 1 198718 33675 1.5 16 11 7 13 51% 192 25355 182 144%
c -  4.86 49 15 19 46 6364 1 205430 34738 1.5 16 11 7 13 51% 192 25355 182 144%
c -  4.98 49 14 19 47 6366 1 212213 35510 1.5 16 11 7 13 51% 192 25355 182 144%
c u  5.03 57 14 19 47 6366 1 213076 36050 1.5 16 11 7 13 51% 192 25355 182 144%
c v  5.06 57 14 19 47 6366 1 213076 36024 1.5 16 11 7 13 51% 192 25355 182 144%
c w  5.08 57 14 19 47 6366 1 213076 36010 1.5 16 11 7 13 51% 192 25355 182 144%
c W  5.20 62 15 19 47 6366 1 217096 39087 1.5 16 11 7 13 51% 192 25355 182 144%
c -  5.24 62 15 19 48 6367 1 219069 35401 1.5 16 11 7 13 52% 192 25355 182 144%
c -  5.36 62 15 19 49 6372 1 225999 35076 1.5 16 11 7 13 51% 192 25355 182 144%
c -  5.50 62 15 19 50 6376 1 233000 35920 1.4 16 11 7 13 51% 192 25355 182 144%
c ]  5.62 62 15 20 50 6379 1 238949 40402 1.4 16 11 7 13 52% 192 25355 182 144%
c {  5.62 62 12 20 50 6379 2 238949 40402 1.4 13 9 6 10 45% 192 25355 182 144%
c -  5.65 62 12 20 51 6450 2 240072 36560 1.4 13 9 6 10 45% 192 25355 182 144%
c o  5.67 62 12 20 51 6451 2 240698 37033 1.4 13 9 6 10 45% 192 25355 182 144%
c -  5.91 62 12 20 52 7290 2 247215 37070 1.4 13 9 6 10 45% 192 25355 182 144%
c i  6.06 62 12 20 52 7486 2 252657 41166 1.4 13 9 6 10 45% 203 25355 180 143%
c -  6.11 62 12 20 53 7559 2 254426 36169 1.4 13 9 6 10 46% 189 25355 180 143%
c
c seconds   switched    rate          size/glue tier1    binary       remaining
c        MB   reductions  conflicts         size  tier2     irredundant
c         level    restarts      redundant    glue    trail       variables
c
c s  6.18 62 12 20 53 7559 2 254972 36548 1.4 12 9 6 10 46% 189 25258 180 143%
c e  6.19 63 12 20 53 7559 2 254972 36548 1.4 12 9 6 10 46% 150 25501 163 129%
c s  6.27 63 12 20 53 7559 2 254972 36548 1.4 12 9 6 10 46% 150 25486 163 129%
c !  6.27 63 12 20 53 7559 2 254972 36548 1.4 12 9 6 10 46% 150 25486 163 129%
c u  6.31 63 12 20 53 7618 2 255233 30965 1.4 12 9 6 10 46% 150 25486 163 129%
c v  6.33 63 12 20 53 7618 2 255233 30807 1.4 12 9 6 10 46% 150 25486 163 129%
c w  6.34 63 12 20 53 7618 2 255233 30794 1.4 12 9 6 10 46% 150 25486 163 129%
c x  6.36 63 12 20 53 7618 2 255233 30793 1.4 12 9 6 10 46% 150 25477 163 129%
c t  6.36 63 12 20 53 7618 2 255233 30793 1.4 12 9 6 10 46% 149 25477 163 129%
c f  6.36 63 12 20 53 7618 2 255233 30793 1.4 12 9 6 10 46% 159 25353 169 134%
c u  6.40 67 12 20 53 7618 2 255233 30498 1.4 12 9 6 10 46% 159 25353 169 134%
c v  6.43 67 12 20 53 7618 2 255233 30178 1.4 12 9 6 10 46% 159 25353 169 134%
c w  6.44 67 12 20 53 7618 2 255233 30149 1.4 12 9 6 10 46% 159 25353 169 134%
c -  6.64 67 12 20 54 7930 2 261706 31873 1.4 12 9 6 10 46% 159 25353 169 134%
c }  6.74 67 12 21 54 8123 2 265688 34841 1.4 12 9 6 10 46% 159 25353 169 134%
c [  6.74 67 15 21 54 8123 1 265688 34841 1.4 16 11 7 13 52% 159 25353 169 134%
c I  6.74 67 15 21 54 8123 1 265688 34841 1.4 16 11 7 13 52% 159 25353 169 134%
c -  6.80 67 15 21 55 8125 1 269054 34963 1.4 16 11 7 13 52% 159 25353 169 134%
c -  6.93 67 15 21 56 8129 1 276470 36750 1.4 16 11 7 13 52% 159 25353 169 134%
c -  7.07 67 14 21 57 8134 1 283954 38462 1.4 16 11 7 13 51% 159 25353 169 134%
c
c seconds   switched    rate          size/glue  tier1    binary       remaining
c        MB   reductions  conflicts         size   tier2     irredundant
c         level    restarts      redundant     glue    trail       variables
c
c -  7.21 71 14 21 58 8137 1 291503 39778 1.5 16 11 7 13 52% 159 25353 169 134%
c -  7.36 71 14 21 59 8138 1 299118 40499 1.5 16 11 7 13 52% 159 25353 169 134%
c u  7.45 73 14 21 59 8140 1 301622 42154 1.5 16 11 7 13 52% 159 25353 169 134%
c v  7.49 73 14 21 59 8140 1 301622 41920 1.5 16 11 7 13 52% 159 25353 169 134%
c w  7.50 73 14 21 59 8140 1 301622 41733 1.5 16 11 7 13 52% 159 25353 169 134%
c B  7.57 73 14 21 59 8143 1 305128 44305 1.5 16 11 7 13 52% 159 25353 169 134%
c -  7.62 73 14 21 60 8143 1 306800 40912 1.5 16 11 7 13 52% 159 25353 169 134%
c ]  7.68 73 14 22 60 8144 1 309056 42487 1.5 16 11 7 13 52% 159 25353 169 134%
c {  7.68 73 12 22 60 8144 2 309056 42487 1.4 12 9 6 10 46% 159 25353 169 134%
c -  7.81 73 12 22 61 8170 2 314546 42564 1.4 12 9 6 10 46% 159 25353 169 134%
c o  7.82 73 12 22 61 8177 2 314874 42847 1.4 13 9 6 10 46% 159 25353 169 134%
c -  8.03 73 12 22 62 8180 2 322356 45073 1.5 13 9 6 10 46% 159 25353 169 134%
c -  8.25 73 12 22 63 8196 2 330230 40298 1.5 13 9 5 10 47% 160 25353 169 134%
c -  8.45 73 11 22 64 8238 2 338167 39300 1.5 13 8 5 10 47% 160 25353 169 134%
c }  8.50 73 11 23 64 8258 1 340573 41117 1.5 13 8 5 10 47% 160 25353 169 134%
c [  8.50 73 14 23 64 8258 1 340573 41117 1.5 16 11 7 13 52% 160 25353 169 134%
c -  8.63 74 14 23 65 8262 1 346168 38970 1.5 16 11 7 13 51% 160 25353 169 134%
c W  8.70 76 14 23 65 8264 1 348840 40757 1.5 16 11 7 13 51% 161 25353 169 134%
c u  8.81 79 14 23 65 8264 1 352290 43212 1.5 16 11 7 13 51% 163 25353 169 134%
c v  8.86 79 14 23 65 8264 1 352290 42892 1.5 16 11 7 13 51% 164 25353 169 134%
c
c seconds   switched    rate          size/glue  tier1    binary       remaining
c        MB   reductions  conflicts         size   tier2     irredundant
c         level    restarts      redundant     glue    trail       variables
c
c w  8.87 79 14 23 65 8264 1 352290 42757 1.5 16 11 7 13 51% 164 25353 169 134%
c t  8.88 79 14 23 65 8264 1 352290 42757 1.5 16 11 7 13 51% 162 25353 169 134%
c -  8.91 79 14 23 66 8266 1 354232 38070 1.5 16 11 7 13 51% 162 25353 169 134%
c -  9.10 79 14 23 67 8271 1 362356 37984 1.5 16 11 6 13 51% 162 25353 169 134%
c s  9.19 79 14 23 67 8271 1 365220 39949 1.5 16 11 6 13 51% 162 25154 169 134%
c e  9.19 79 14 23 67 8271 1 365220 39949 1.5 16 11 6 13 51% 156 25211 165 131%
c -  9.32 80 14 23 68 8272 1 370541 37624 1.4 16 11 6 13 51% 156 25211 165 131%
c -  9.49 80 14 23 69 8277 1 378787 38150 1.4 16 11 6 13 52% 156 25211 165 131%
c ]  9.50 80 14 24 69 8277 1 379393 38605 1.4 16 11 6 13 52% 156 25211 165 131%
c {  9.50 80 11 24 69 8277 1 379393 38605 1.5 13 8 5 10 47% 156 25211 165 131%
c -  9.78 81 11 24 70 9302 2 387093 39358 1.5 13 9 5 10 47% 156 25211 165 131%
c i  9.92 81 11 24 70 9305 2 392885 42894 1.5 12 8 5 10 47% 163 25211 162 129%
c -  9.99 81 11 24 71 9333 2 395461 29630 1.5 12 8 5 10 47% 146 25211 162 129%
c o 10.04 81 11 24 71 9344 1 398014 31305 1.5 12 8 5 10 47% 147 25211 162 129%
c - 10.20 81 11 24 72 9885 2 403888 31680 1.5 12 8 5 10 47% 147 25211 162 129%
c u 10.33 81 11 24 72 10030 2 407316 33926 1.5 12 8 5 10 47% 148 25211 162 129%
c v 10.37 81 11 24 72 10030 2 407316 33769 1.5 12 8 5 10 47% 148 25211 162 129%
c w 10.39 81 11 24 72 10030 2 407316 33748 1.5 12 8 5 10 47% 148 25211 162 129%
c t 10.39 81 11 24 72 10030 2 407316 33748 1.5 12 8 5 10 47% 147 25211 162 129%
c f 10.39 81 11 24 72 10030 2 407316 33748 1.5 12 8 5 10 47% 149 25191 163 129%
c
c seconds   switched     rate          size/glue tier1    binary       remaining
c        MB   reductions   conflicts         size  tier2     irredundant
c         level    restarts       redundant    glue    trail       variables
c
c u 10.43 85 11 24 72 10030 2 407316 33466 1.5 12 8 5 10 47% 149 25191 163 129%
c v 10.48 85 11 24 72 10030 2 407316 33422 1.5 12 8 5 10 47% 149 25191 163 129%
c w 10.49 85 11 24 72 10030 2 407316 33360 1.5 12 8 5 10 47% 149 25191 163 129%
c - 10.81 87 11 24 73 10296 2 412373 34588 1.5 12 8 5 10 47% 149 25191 163 129%
c } 10.89 87 11 25 73 10296 1 416070 37273 1.5 12 8 5 10 47% 149 25191 163 129%
c [ 10.89 87 14 25 73 10296 1 416070 37273 1.4 16 11 6 13 52% 149 25191 163 129%
c O 10.89 87 14 25 73 10296 1 416070 37273 1.4 16 11 6 13 52% 149 25191 163 129%
c - 11.00 87 14 25 74 10299 1 420920 36511 1.4 16 11 6 13 51% 149 25191 163 129%
c - 11.17 87 14 25 75 10304 1 429523 37850 1.4 15 11 6 13 51% 149 25191 163 129%
c - 11.35 87 14 25 76 10309 1 438184 39157 1.4 15 11 6 13 51% 150 25191 163 129%
c - 11.54 87 13 25 77 10310 1 446903 40563 1.4 15 10 6 13 51% 151 25191 163 129%
c i 11.61 87 13 25 77 10311 1 449736 42096 1.4 15 10 6 13 51% 159 25191 162 129%
c - 11.73 87 13 25 78 10316 1 455677 29023 1.4 15 10 6 12 51% 152 25191 162 129%
c ] 11.90 87 13 26 78 10320 1 464295 34989 1.4 15 10 6 12 51% 153 25191 162 129%
c { 11.90 87 11 26 78 10320 1 464295 34989 1.5 12 8 5 10 47% 153 25191 162 129%
c - 11.90 87 11 26 79 10329 1 464510 32889 1.5 12 8 5 10 47% 153 25191 162 129%
c u 11.99 89 11 26 79 10342 1 466792 34284 1.5 12 8 5 10 47% 156 25137 162 129%
c v 12.02 89 11 26 79 10342 1 466792 33966 1.5 12 8 5 10 47% 156 25137 162 129%
c w 12.03 89 11 26 79 10342 1 466792 33808 1.5 12 8 5 10 47% 156 25137 162 129%
c x 12.06 89 11 26 79 10342 1 466792 33790 1.5 12 8 5 10 47% 156 24672 162 129%
c
c seconds   switched     rate          size/glue tier1    binary       remaining
c        MB   reductions   conflicts         size  tier2     irredundant
c         level    restarts       redundant    glue    trail       variables
c
c t 12.06 89 11 26 79 10342 1 466792 33790 1.5 12 8 5 10 47% 152 24672 162 129%
c - 12.22 89 11 26 80 10515 1 473398 35787 1.5 12 8 5 10 47% 154 24672 162 129%
c - 12.47 89 11 26 81 10775 1 482343 38001 1.5 12 8 5 9 47% 156 24672 162 129%
c i 12.50 89 11 26 81 10775 1 483671 38889 1.5 12 8 5 9 47% 160 24672 161 128%
c i 12.54 89 11 26 81 10781 1 485148 39932 1.5 12 8 5 9 47% 161 24672 160 127%
c i 12.63 89 11 26 81 10791 1 488993 42421 1.5 12 8 5 9 47% 171 24672 159 126%
c o 12.63 89 11 26 81 10791 1 488993 42421 1.5 12 8 5 9 47% 171 24672 159 126%
c - 12.70 89 11 26 82 10804 1 491345 29075 1.5 12 8 5 9 47% 152 24672 159 126%
c i 12.75 89 11 26 82 10804 1 493536 30356 1.5 12 8 5 9 47% 161 24672 155 123%
c i 12.77 89 11 26 82 10812 1 493983 30679 1.5 12 8 5 9 47% 161 24672 154 122%
c i 12.81 89 11 26 82 10830 1 495583 31698 1.5 12 8 5 9 47% 172 24672 149 118%
c i 12.82 89 11 26 82 10830 1 495886 31857 1.5 12 8 5 9 47% 179 24672 148 117%
c i 12.82 89 11 26 82 10830 1 495900 31870 1.5 12 8 5 9 47% 179 24672 147 117%
c i 12.84 89 11 26 82 10830 1 496689 32453 1.5 12 8 5 9 47% 187 24671 146 116%
c i 12.84 89 11 26 82 10830 1 496826 32523 1.5 12 8 5 9 47% 193 24671 143 113%
c } 12.84 89 11 26 82 10830 1 497133 32691 1.5 12 8 5 9 47% 200 24671 106 84%
c 0 12.84 89 11 26 82 10830 1 497133 32691 1.5 12 8 5 9 47% 200 24671 106 84%
c
c ---- [ result ] ------------------------------------------------------------
c
s UNSATISFIABLE
c
c ---- [ profiling ] ---------------------------------------------------------
c
c          10.83   84.34 %  search
c           5.71   44.45 %  focused
c           5.12   39.88 %  stable
c           1.94   15.08 %  simplify
c           1.53   11.95 %  probe
c           1.08    8.37 %  vivify
c           0.45    3.54 %  eliminate
c           0.42    3.27 %  subsume
c           0.33    2.55 %  sweep
c           0.18    1.37 %  reduce
c           0.07    0.58 %  factor
c           0.07    0.53 %  preprocess
c           0.05    0.38 %  substitute
c           0.02    0.13 %  walking
c           0.01    0.05 %  congruence
c           0.00    0.04 %  parse
c           0.00    0.02 %  transitive
c           0.00    0.01 %  lucky
c           0.00    0.00 %  backbone
c =============================================
c          12.84  100.00 %  total
c
c ---- [ statistics ] --------------------------------------------------------
c
c conflicts:                           497133            38697.99 per second
c decisions:                           651115                1.31 per conflict
c eliminated:                             111               88 %  variables
c factored:                               153              121 %  variables
c iterations:                              14               11 %  variables
c propagations:                      12531603           975489    per second
c reductions:                              82             6063    interval
c reordered:                               10            49713    interval
c rephased:                                18            27618    interval
c restarts:                             10830               46    interval
c strengthened:                            13                0 %  checks
c subsumed:                               467                0 %  checks
c switched:                                26            19120    interval
c vivified:                             14036               54 %  checks
c walks:                                    6            82856    interval
c
c ---- [ glue usage ] --------------------------------------------------------
c
c focused glue 5 used 61625 clauses  9.99% accumulated 59.97% tier1
c focused glue 6 used 57488 clauses  9.32% accumulated 69.28%
c focused glue 7 used 53690 clauses  8.70% accumulated 77.98%
c focused glue 8 used 46055 clauses  7.46% accumulated 85.45%
c focused glue 9 used 34680 clauses  5.62% accumulated 91.07% tier2
c
c stable glue 6    used  76004 clauses  8.12% accumulated 55.07% tier1
c stable glue 7    used  72014 clauses  7.69% accumulated 62.77%
c stable glue 8-10 used 178693 clauses 19.09% accumulated 81.86%
c stable glue 11   used  44441 clauses  4.75% accumulated 86.61%
c stable glue 12   used  36834 clauses  3.94% accumulated 90.55% tier2
c
c ---- [ resources ] ---------------------------------------------------------
c
c maximum-resident-set-size:      95193923584 bytes      90784 MB
c process-time:                            13s              12.84 seconds
c
c ---- [ shutting down ] -----------------------------------------------------
c
c exit 20
