c ---- [ banner ] ------------------------------------------------------------
c
c Kissat SAT Solver
c 
c Copyright (c) 2021-2024 Armin Biere University of Freiburg
c Copyright (c) 2019-2021 Armin Biere Johannes Kepler University Linz
c 
c Version 4.0.4 8af8e56f174b778aef3aa45af9f739b2a5f492c2
c Apple clang version 17.0.0 (clang-1700.6.3.2) -W -Wall -O3 -DNDEBUG
c Mon Mar 30 18:25:47 CEST 2026 Darwin Mac 24.6.0 arm64
c
c ---- [ parsing ] -----------------------------------------------------------
c
c opened and reading DIMACS file:
c
c   tmp.cnf
c
c parsed 'p cnf 105 11440' header
c closing input after reading 277643 bytes (271 KB)
c finished parsing after 0.00 seconds
c
c ---- [ solving ] -----------------------------------------------------------
c
c seconds switched rate     size/glue tier1 binary      remaining
c        MB reductions conflicts size  tier2   irredundant
c         level restarts redundant glue  trail      variables
c
c *  0.00  3 0 0 0  0 0   0   0 0.0 0 0 0 0 0%   0 11440 95 100%
c (  0.00  4 0 0 0  0 0   0   0 0.0 0 0 0 0 0%   0 11440 95 100%
c .  0.00  4 0 0 0  0 0   0   0 0.0 0 0 0 0 0%   0 11440 95 100%
c f  0.03  5 0 0 0  0 0   0   0 0.0 0 0 0 0 0% 156 7336 173 182%
c )  0.03  5 0 0 0  0 0   0   0 0.0 0 0 0 0 0% 156 7336 173 182%
c {  0.03  5 0 0 0  0 0   0   0 0.0 0 0 2 6 0% 156 7336 173 182%
c -  0.04  5 17 0 1 80 2 1000 611 1.4 13 9 8 12 46% 156 7336 173 182%
c }  0.04  5 17 1 1 80 2 1000 611 1.4 13 9 8 12 46% 156 7336 173 182%
c [  0.04  5 0 1 1 80 0 1000 611 0.0 0 0 2 6 0% 156 7336 173 182%
c B  0.04  5 34 1 1 80 25 1001 612 1.2 10 8 2 6 50% 156 7336 173 182%
c -  0.04  5 13 1 2 80 1 2000 1365 1.5 13 9 8 11 44% 156 7336 173 182%
c W  0.04  6 13 1 2 80 1 2002 1367 1.5 13 9 8 11 44% 156 7336 173 182%
c ]  0.04  6 13 2 2 81 1 2063 1417 1.5 13 9 8 11 44% 156 7336 173 182%
c {  0.04  6 17 2 2 81 2 2063 1417 1.4 13 9 8 12 46% 156 7336 173 182%
c }  0.05  6 14 3 2 83 1 3064 2145 1.4 13 9 8 11 43% 156 7336 173 182%
c [  0.05  6 13 3 2 83 1 3064 2145 1.5 13 9 8 11 44% 156 7336 173 182%
c u  0.05  6 13 3 2 83 1 3070 2110 1.5 13 9 8 11 44% 156 7336 173 182%
c v  0.05  6 13 3 2 83 1 3070 2046 1.5 13 9 8 11 44% 156 7336 173 182%
c w  0.05  6 13 3 2 83 1 3070 2032 1.5 13 9 8 11 44% 156 7336 173 182%
c -  0.06  6 13 3 3 83 1 3414 2134 1.4 13 9 8 12 44% 156 7336 173 182%
c
c seconds  switched rate       size/glue  tier1    binary      remaining
c        MB reductions conflicts     size   tier2    irredundant
c         level restarts  redundant     glue    trail      variables
c
c ]  0.06  6 13 4 3 83 1 3912 2486 1.4 13 10 8 12 44% 156 7336 173 182%
c {  0.06  6 14 4 3 83 1 3912 2486 1.4 13 9 8 11 43% 156 7336 173 182%
c -  0.07  7 13 4 4 168 1 5148 3076 1.4 12 9 8 11 44% 156 7336 173 182%
c }  0.08  7 13 5 4 168 1 6268 3868 1.4 12 9 7 11 44% 156 7336 173 182%
c [  0.08  7 13 5 4 168 1 6268 3868 1.4 13 10 8 12 44% 156 7336 173 182%
c I  0.08  7 13 5 4 168 1 6268 3868 1.4 13 10 8 12 44% 156 7336 173 182%
c -  0.09  7 13 5 5 168 1 7148 4040 1.5 14 9 8 12 44% 156 7336 173 182%
c ]  0.10  7 12 6 5 170 1 8890 5356 1.5 13 9 8 12 44% 156 7336 173 182%
c {  0.10  7 13 6 5 170 1 8890 5356 1.4 12 9 7 11 44% 156 7336 173 182%
c -  0.10  7 12 6 6 170 1 9384 5085 1.4 12 8 7 11 44% 156 7336 173 182%
c u  0.11  8 12 6 6 170 1 9457 5133 1.4 12 8 7 11 45% 156 7336 173 182%
c v  0.11  8 12 6 6 170 1 9457 5095 1.4 12 8 7 11 45% 156 7336 173 182%
c w  0.11  8 12 6 6 170 1 9457 5091 1.4 12 8 7 11 45% 156 7336 173 182%
c -  0.14  9 12 6 7 211 1 11833 6519 1.5 12 8 7 10 47% 156 7336 173 182%
c }  0.15  9 11 7 7 212 1 12959 7476 1.5 13 8 7 10 48% 156 7336 173 182%
c [  0.15  9 12 7 7 212 1 12959 7476 1.5 13 9 8 12 44% 156 7336 173 182%
c B  0.15  9 12 7 7 212 1 12959 7476 1.5 13 9 8 12 44% 156 7336 173 182%
c o  0.15  9 12 7 7 212 1 12959 7476 1.5 13 9 8 12 44% 156 7336 173 182%
c -  0.17  9 12 7 8 213 1 14478 7901 1.5 14 9 8 12 45% 156 7336 173 182%
c e  0.18  9 12 7 8 214 1 15346 8602 1.5 14 9 8 12 45% 133 6995 143 151%
c
c seconds  switched  rate        size/glue tier1    binary      remaining
c        MB reductions conflicts       size  tier2    irredundant
c         level restarts    redundant    glue    trail      variables
c
c ^  0.19  9 12 7 8 214 1 15346 8602 1.5 14 9 8 12 45% 133 6995 143 151%
c ]  0.20  9 12 8 8 214 1 16417 9184 1.5 13 9 8 12 46% 133 6995 143 151%
c {  0.20  9 11 8 8 214 1 16417 9184 1.5 13 8 7 10 48% 133 6995 143 151%
c -  0.21  9 11 8 9 216 1 17306 8814 1.5 12 8 7 10 48% 133 6995 143 151%
c u  0.24  9 12 8 9 638 2 19373 10426 1.5 12 8 7 10 49% 134 6995 143 151%
c v  0.24  9 12 8 9 638 2 19373 10366 1.5 12 8 7 10 49% 134 6995 143 151%
c w  0.25  9 12 8 9 638 2 19373 10039 1.5 12 8 7 10 49% 134 6995 143 151%
c x  0.25 10 12 8 9 638 2 19373 10038 1.5 12 8 7 10 49% 134 6909 143 151%
c f  0.25 10 12 8 9 638 2 19373 10038 1.5 12 8 7 10 49% 158 6806 155 163%
c u  0.25 11 12 8 9 638 2 19373 10006 1.5 12 8 7 10 49% 158 6806 155 163%
c v  0.26 11 12 8 9 638 2 19373 8966 1.5 12 8 7 10 49% 159 6806 155 163%
c w  0.26 11 12 8 9 638 2 19373 8960 1.5 12 8 7 10 49% 159 6806 155 163%
c t  0.26 11 12 8 9 638 2 19373 8960 1.5 12 8 7 10 49% 158 6806 155 163%
c f  0.26 11 12 8 9 638 2 19373 8960 1.5 12 8 7 10 49% 162 6798 157 165%
c -  0.27 11 12 8 10 796 2 20306 8784 1.5 12 8 7 10 49% 162 6798 157 165%
c }  0.30 11 11 9 10 835 2 22577 10390 1.5 12 8 7 10 49% 162 6798 157 165%
c [  0.30 11 12 9 10 835 1 22577 10390 1.5 13 9 8 12 46% 162 6798 157 165%
c W  0.30 11 12 9 10 835 1 22577 10390 1.5 13 9 8 12 46% 162 6798 157 165%
c -  0.31 13 12 9 11 835 1 23469 10438 1.5 13 9 7 11 47% 162 6798 157 165%
c -  0.34 13 12 9 12 838 1 26786 11970 1.5 13 9 7 11 50% 162 6798 157 165%
c
c seconds   switched   rate         size/glue tier1    binary      remaining
c        MB   reductions conflicts        size  tier2    irredundant
c         level   restarts     redundant    glue    trail      variables
c
c ]  0.38 13 11 10 12 840 1 30026 14230 1.5 13 9 7 11 51% 162 6798 157 165%
c {  0.38 13 11 10 12 840 2 30026 14230 1.5 12 8 7 10 49% 162 6798 157 165%
c -  0.38 13 12 10 13 840 2 30251 11930 1.5 12 8 6 10 49% 162 6798 157 165%
c s  0.39 13 11 10 13 840 2 30805 12275 1.5 12 8 6 10 49% 162 6759 157 165%
c e  0.40 13 11 10 13 840 2 30805 12275 1.5 12 8 6 10 49% 152 6762 143 151%
c ^  0.40 13 11 10 13 840 2 30805 12275 1.5 12 8 6 10 49% 152 6762 143 151%
c o  0.40 13 11 10 13 840 2 30805 11628 1.5 12 8 6 10 49% 152 6762 143 151%
c u  0.44 14 12 10 13 1260 2 33179 13564 1.4 12 8 6 10 51% 152 6762 143 151%
c v  0.45 15 12 10 13 1260 2 33179 12597 1.4 12 8 6 10 51% 152 6762 143 151%
c w  0.45 15 12 10 13 1260 2 33179 12423 1.4 12 8 6 10 51% 152 6762 143 151%
c -  0.49 15 12 10 14 1399 2 33856 11178 1.4 12 9 6 10 51% 152 6762 143 151%
c -  0.53 15 12 10 15 1462 2 37599 12537 1.4 12 8 6 10 52% 152 6762 143 151%
c }  0.54 15 11 11 15 1462 2 38653 13221 1.4 12 8 6 10 52% 153 6762 143 151%
c [  0.54 15 11 11 15 1462 1 38653 13221 1.5 13 9 7 11 51% 153 6762 143 151%
c O  0.54 15 11 11 15 1462 1 38653 13221 1.5 13 9 7 11 51% 153 6762 143 151%
c -  0.57 15 11 11 16 1464 1 41471 13565 1.5 13 9 7 11 52% 154 6762 143 151%
c -  0.61 15 12 11 17 1467 1 45472 14631 1.5 13 9 7 11 53% 154 6762 143 151%
c B  0.64 15 12 11 17 1468 1 48415 16809 1.4 13 9 7 11 54% 154 6762 143 151%
c -  0.65 15 12 11 18 1468 1 49600 15835 1.4 13 9 6 11 54% 154 6762 143 151%
c u  0.67 16 12 11 18 1469 1 50974 16820 1.4 13 9 6 11 55% 154 6762 143 151%
c
c seconds   switched    rate         size/glue tier1    binary      remaining
c        MB   reductions  conflicts        size  tier2    irredundant
c         level    restarts     redundant    glue    trail      variables
c
c v  0.68 16 12 11 18 1469 1 50974 16593 1.4 13 9 6 11 55% 154 6762 143 151%
c w  0.68 16 12 11 18 1469 1 50974 16523 1.4 13 9 6 11 55% 154 6762 143 151%
c x  0.68 16 12 11 18 1469 1 50974 16522 1.4 13 9 6 11 55% 154 6701 143 151%
c t  0.68 16 12 11 18 1469 1 50974 16522 1.4 13 9 6 11 55% 153 6701 143 151%
c o  0.68 16 12 11 18 1469 1 50974 16522 1.4 13 9 6 11 55% 153 6701 143 151%
c ]  0.69 16 12 12 18 1469 1 51243 16746 1.4 13 9 6 11 55% 153 6701 143 151%
c {  0.69 16 11 12 18 1469 2 51243 16746 1.4 12 8 6 10 52% 153 6701 143 151%
c -  0.72 16 11 12 19 1486 2 53842 16561 1.4 12 8 6 10 52% 154 6701 143 151%
c -  0.78 16 11 12 20 1830 2 58200 18003 1.4 12 8 6 10 53% 154 6701 143 151%
c -  0.87 16 12 12 21 2586 2 62673 19489 1.4 12 8 6 10 54% 155 6701 143 151%
c }  0.87 16 12 13 21 2586 2 62723 19528 1.4 12 8 6 10 54% 155 6701 143 151%
c [  0.87 16 12 13 21 2586 1 62723 19528 1.4 13 9 6 11 55% 155 6701 143 151%
c W  0.88 16 12 13 21 2586 1 62723 19528 1.4 13 9 6 11 55% 155 6701 143 151%
c s  0.90 16 12 13 21 2587 1 64465 20837 1.4 13 9 6 11 55% 155 6393 143 151%
c e  0.90 16 12 13 21 2587 1 64465 20837 1.4 13 9 6 11 55% 149 6407 139 146%
c ^  0.90 16 12 13 21 2587 1 64465 20837 1.4 13 9 6 11 55% 149 6407 139 146%
c -  0.94 16 12 13 22 2589 1 67255 20784 1.5 13 9 6 11 56% 149 6407 139 146%
c -  1.00 17 12 13 23 2592 1 71945 22215 1.5 13 9 6 11 56% 150 6407 139 146%
c u  1.03 19 11 13 23 2592 1 72894 22688 1.5 13 9 6 11 56% 150 6407 139 146%
c v  1.04 19 11 13 23 2592 1 72894 21936 1.5 13 9 6 11 56% 151 6407 139 146%
c
c seconds   switched    rate         size/glue tier1    binary      remaining
c        MB   reductions  conflicts        size  tier2    irredundant
c         level    restarts     redundant    glue    trail      variables
c
c w  1.04 19 11 13 23 2592 1 72894 21782 1.5 13 9 6 11 56% 151 6407 139 146%
c x  1.04 19 11 13 23 2592 1 72894 21782 1.5 13 9 6 11 56% 151 6406 139 146%
c t  1.05 19 11 13 23 2592 1 72894 21782 1.5 13 9 6 11 56% 150 6406 139 146%
c f  1.05 19 11 13 23 2592 1 72894 21782 1.5 13 9 6 11 56% 153 6398 140 147%
c u  1.06 19 11 13 23 2592 1 72894 21601 1.5 13 9 6 11 56% 153 6398 140 147%
c v  1.07 19 11 13 23 2592 1 72894 20888 1.5 13 9 6 11 56% 153 6398 140 147%
c w  1.08 19 11 13 23 2592 1 72894 20718 1.5 13 9 6 11 56% 153 6398 140 147%
c -  1.13 19 11 13 24 2594 1 76740 21915 1.5 13 9 6 10 56% 155 6398 140 147%
c i  1.13 19 11 13 24 2594 1 77006 22035 1.5 13 9 6 10 56% 158 6398 133 140%
c ]  1.14 19 11 14 24 2595 1 77340 22282 1.5 13 9 6 10 56% 158 6398 133 140%
c {  1.14 19 12 14 24 2595 2 77340 22282 1.4 12 8 6 10 54% 158 6398 133 140%
c o  1.20 19 12 14 24 2895 2 81548 25452 1.4 12 8 6 10 54% 158 6398 133 140%
c -  1.20 19 12 14 25 2918 2 81638 11929 1.4 12 8 6 10 54% 134 6398 133 140%
c -  1.27 19 12 14 26 3189 2 86638 15121 1.4 12 8 6 10 54% 134 6398 133 140%
c -  1.35 19 12 14 27 3555 2 91737 15607 1.4 12 8 5 10 54% 135 6398 133 140%
c }  1.35 19 11 15 27 3555 2 92056 15815 1.4 12 8 5 10 54% 136 6398 133 140%
c [  1.35 19 11 15 27 3555 1 92056 15815 1.5 13 9 6 10 56% 136 6398 133 140%
c I  1.35 19 11 15 27 3555 1 92056 15815 1.5 13 9 6 10 56% 136 6398 133 140%
c -  1.41 19 11 15 28 3558 1 96933 16327 1.5 13 9 5 10 56% 136 6398 133 140%
c u  1.45 21 11 15 28 3560 1 99248 17824 1.5 13 9 5 10 56% 136 5189 133 140%
c
c seconds   switched    rate         size/glue tier1    binary      remaining
c        MB   reductions  conflicts        size  tier2    irredundant
c         level    restarts     redundant    glue    trail      variables
c
c v  1.46 21 11 15 28 3560 1 99248 17624 1.5 13 9 5 10 56% 136 5189 133 140%
c w  1.46 21 11 15 28 3560 1 99248 17517 1.5 13 9 5 10 56% 136 5189 133 140%
c x  1.47 21 11 15 28 3560 1 99248 17510 1.5 13 9 5 10 56% 136 5149 133 140%
c -  1.51 21 11 15 29 3561 1 102224 16681 1.5 13 9 5 10 56% 136 5149 133 140%
c -  1.57 21 11 15 30 3564 1 107609 17552 1.5 13 9 5 10 56% 136 5149 133 140%
c B  1.60 21 11 15 30 3566 1 109859 19067 1.5 13 9 5 10 56% 137 5149 133 140%
c ]  1.60 21 11 16 30 3566 1 110012 19170 1.5 13 9 5 10 56% 137 5149 133 140%
c {  1.60 21 11 16 30 3566 2 110012 19170 1.4 12 8 5 10 54% 137 5149 133 140%
c -  1.65 21 11 16 31 3629 2 113087 18843 1.4 12 8 5 10 54% 137 5149 133 140%
c i  1.73 21 11 16 31 3768 2 118266 22391 1.4 12 8 5 10 54% 146 5149 132 139%
c -  1.73 21 11 16 32 3792 2 118655 16158 1.4 12 8 5 9 54% 135 5149 132 139%
c s  1.74 21 11 16 32 3827 2 119108 16493 1.4 12 8 5 9 54% 135 4966 132 139%
c e  1.75 21 11 16 32 3827 2 119108 16493 1.4 12 8 5 9 54% 120 4999 125 132%
c s  1.75 21 11 16 32 3827 2 119108 16493 1.4 12 8 5 9 54% 120 4915 125 132%
c ^  1.75 21 11 16 32 3827 2 119108 16493 1.4 12 8 5 9 54% 120 4915 125 132%
c o  1.79 21 11 16 32 3915 2 122317 16939 1.4 12 8 5 9 54% 121 4915 125 132%
c -  1.82 21 11 16 33 3930 2 124311 16677 1.4 12 8 5 9 55% 121 4915 125 132%
c }  1.87 21 11 17 33 3946 2 128352 19567 1.4 11 8 5 9 55% 123 4915 125 132%
c [  1.87 21 11 17 33 3946 1 128352 19567 1.5 13 9 5 10 56% 123 4915 125 132%
c i  1.89 21 11 17 33 3946 1 129370 20139 1.5 13 9 5 10 56% 130 4915 121 127%
c
c seconds   switched    rate          size/glue tier1    binary      remaining
c        MB   reductions  conflicts         size  tier2    irredundant
c         level    restarts      redundant    glue    trail      variables
c
c -  1.90 21 11 17 34 3947 1 130055 15342 1.5 13 9 5 10 56% 111 4915 121 127%
c W  1.91 21 11 17 34 3948 1 130770 15831 1.5 13 9 5 10 56% 111 4915 121 127%
c u  1.92 21 11 17 34 3948 1 131060 15899 1.5 13 9 5 10 56% 111 4915 121 127%
c v  1.93 21 11 17 34 3948 1 131060 15436 1.5 13 9 5 10 56% 113 4915 121 127%
c w  1.93 21 11 17 34 3948 1 131060 15348 1.5 13 9 5 10 56% 113 4915 121 127%
c x  1.94 21 11 17 34 3948 1 131060 15347 1.5 13 9 5 10 56% 113 4894 121 127%
c t  1.94 21 11 17 34 3948 1 131060 15347 1.5 13 9 5 10 56% 111 4894 121 127%
c -  2.00 21 11 17 35 3951 1 135885 16898 1.5 13 9 5 10 56% 115 4894 121 127%
c i  2.00 21 11 17 35 3951 1 136045 16956 1.5 12 9 5 10 56% 118 4894 120 126%
c i  2.06 21 11 17 35 3953 1 141011 20239 1.5 12 8 5 10 56% 127 4894 119 125%
c -  2.07 21 11 17 36 3954 1 141802 14259 1.5 12 8 5 10 56% 111 4894 119 125%
c i  2.08 21 11 17 36 3954 1 142600 14713 1.5 12 8 5 10 56% 117 4894 118 124%
c i  2.09 21 11 17 36 3955 1 143093 14973 1.5 12 8 5 10 56% 124 4894 117 123%
c i  2.10 21 11 17 36 3955 1 143447 15113 1.5 12 8 5 10 56% 132 4894 115 121%
c i  2.10 21 11 17 36 3955 1 143489 15122 1.5 12 8 5 10 56% 136 4894 114 120%
c i  2.10 21 11 17 36 3955 1 143517 15135 1.5 12 8 5 10 56% 138 4894 113 119%
c i  2.10 21 11 17 36 3955 1 143540 15137 1.5 12 8 5 10 56% 141 4894 110 116%
c i  2.10 21 11 17 36 3955 1 143541 15137 1.5 12 8 5 10 56% 141 4894 108 114%
c i  2.10 21 11 17 36 3955 1 143543 15138 1.5 12 8 5 10 56% 141 4894 105 111%
c ]  2.10 21 11 17 36 3955 1 143545 15138 1.5 12 8 5 10 56% 141 4894 70 74%
c
c seconds   switched    rate          size/glue tier1   binary     remaining
c        MB   reductions  conflicts         size  tier2   irredundant
c         level    restarts      redundant    glue   trail     variables
c
c 0  2.10 21 11 17 36 3955 2 143545 15138 1.4 11 8 5 9 55% 141 4894 70 74%
c
c ---- [ result ] ------------------------------------------------------------
c
s UNSATISFIABLE
c
c ---- [ profiling ] ---------------------------------------------------------
c
c           1.80   85.79 %  search
c           0.93   44.24 %  focused
c           0.87   41.55 %  stable
c           0.27   12.78 %  simplify
c           0.26   12.40 %  probe
c           0.18    8.52 %  vivify
c           0.05    2.31 %  sweep
c           0.04    1.78 %  reduce
c           0.03    1.58 %  eliminate
c           0.03    1.34 %  preprocess
c           0.02    1.01 %  factor
c           0.02    0.95 %  subsume
c           0.01    0.47 %  substitute
c           0.00    0.14 %  walking
c           0.00    0.07 %  congruence
c           0.00    0.07 %  parse
c           0.00    0.02 %  lucky
c           0.00    0.02 %  transitive
c           0.00    0.01 %  backbone
c =============================================
c           2.10  100.00 %  total
c
c ---- [ statistics ] --------------------------------------------------------
c
c conflicts:                           143545            68379.38 per second
c decisions:                           189576                1.32 per conflict
c eliminated:                              55               58 %  variables
c factored:                                93               98 %  variables
c iterations:                              14               15 %  variables
c propagations:                       3507306          1670747    per second
c reductions:                              36             3987    interval
c reordered:                                5            28709    interval
c rephased:                                11            13050    interval
c restarts:                              3955               36    interval
c strengthened:                            23                0 %  checks
c subsumed:                               583                0 %  checks
c switched:                                17             8444    interval
c vivified:                              8553               58 %  checks
c walks:                                    4            35886    interval
c
c ---- [ glue usage ] --------------------------------------------------------
c
c focused glue 5 used 20425 clauses 11.76% accumulated 58.10% tier1
c focused glue 6 used 19076 clauses 10.98% accumulated 69.08%
c focused glue 7 used 16323 clauses  9.40% accumulated 78.48%
c focused glue 8 used 13147 clauses  7.57% accumulated 86.05%
c focused glue 9 used  9336 clauses  5.38% accumulated 91.42% tier2
c
c stable glue 5   used 27249 clauses 10.96% accumulated 58.28% tier1
c stable glue 6   used 23911 clauses  9.62% accumulated 67.90%
c stable glue 7-8 used 38164 clauses 15.35% accumulated 83.25%
c stable glue 9   used 13535 clauses  5.44% accumulated 88.69%
c stable glue 10  used 10140 clauses  4.08% accumulated 92.77% tier2
c
c ---- [ resources ] ---------------------------------------------------------
c
c maximum-resident-set-size:      22900899840 bytes      21840 MB
c process-time:                             2s               2.10 seconds
c
c ---- [ shutting down ] -----------------------------------------------------
c
c exit 20
