c ---- [ banner ] ------------------------------------------------------------
c
c Kissat SAT Solver
c 
c Copyright (c) 2021-2024 Armin Biere University of Freiburg
c Copyright (c) 2019-2021 Armin Biere Johannes Kepler University Linz
c 
c Version 4.0.4 8af8e56f174b778aef3aa45af9f739b2a5f492c2
c Apple clang version 17.0.0 (clang-1700.6.3.2) -W -Wall -O3 -DNDEBUG
c Mon Mar 30 18:25:47 CEST 2026 Darwin Mac 24.6.0 arm64
c
c ---- [ parsing ] -----------------------------------------------------------
c
c opened and reading DIMACS file:
c
c   tmp.cnf
c
c parsed 'p cnf 153 40392' header
c closing input after reading 1517842 bytes (1 MB)
c finished parsing after 0.01 seconds
c
c ---- [ solving ] -----------------------------------------------------------
c
c seconds switched rate     size/glue tier1 binary       remaining
c        MB reductions conflicts size  tier2   irredundant
c         level restarts redundant glue  trail       variables
c
c *  0.01 12 0 0 0  0 0   0   0 0.0 0 0 0 0 0%   0 40392 147 100%
c (  0.01 12 0 0 0  0 0   0   0 0.0 0 0 0 0 0%   0 40392 147 100%
c .  0.01 12 0 0 0  0 0   0   0 0.0 0 0 0 0 0%   0 40392 147 100%
c f  0.04 14 0 0 0  0 0   0   0 0.0 0 0 0 0 0% 316 32652 301 205%
c )  0.04 14 0 0 0  0 0   0   0 0.0 0 0 0 0 0% 316 32652 301 205%
c {  0.04 14 0 0 0  0 0   0   0 0.0 0 0 2 6 0% 316 32652 301 205%
c -  0.05 14 39 0 1 14 2 1002 667 1.5 20 13 11 18 44% 316 32652 301 205%
c }  0.05 14 39 1 1 14 2 1002 667 1.5 20 13 11 18 44% 316 32652 301 205%
c [  0.05 14 0 1 1 14 0 1002 667 0.0 0 0 2 6 0% 316 32652 301 205%
c B  0.05 14 0 1 1 14 0 1002 667 0.0 0 0 2 6 0% 316 32652 301 205%
c -  0.06 14 49 1 2 14 1 2003 1550 1.8 20 11 10 16 48% 316 32652 301 205%
c W  0.06 17 49 1 2 14 1 2003 1550 1.8 20 11 10 16 48% 316 32652 301 205%
c ]  0.07 17 42 2 2 15 1 2383 1873 1.6 21 13 10 16 49% 316 32652 301 205%
c {  0.07 17 39 2 2 15 2 2383 1873 1.5 20 13 11 18 44% 316 32652 301 205%
c u  0.08 17 36 2 2 22 2 2605 2057 1.5 20 13 11 18 44% 316 32652 301 205%
c v  0.08 17 36 2 2 22 2 2605 2056 1.5 20 13 11 18 44% 316 32652 301 205%
c w  0.08 17 36 2 2 22 2 2605 2056 1.5 20 13 11 18 44% 316 32652 301 205%
c }  0.10 18 27 3 2 22 1 3384 2599 1.5 18 12 10 17 41% 316 32652 301 205%
c [  0.10 18 42 3 2 22 1 3384 2599 1.6 21 13 10 16 49% 316 32652 301 205%
c -  0.10 18 41 3 3 22 1 3417 2393 1.6 21 13 10 18 48% 316 32652 301 205%
c
c seconds  switched rate       size/glue  tier1     binary       remaining
c        MB reductions conflicts     size    tier2     irredundant
c         level restarts  redundant     glue     trail       variables
c
c I  0.11 18 31 3 3 22 1 4262 3000 1.5 19 12 10 18 43% 316 32652 301 205%
c ]  0.12 18 27 4 3 23 1 5051 3700 1.6 19 12 10 18 44% 316 32652 301 205%
c {  0.12 18 27 4 3 23 1 5051 3700 1.5 18 12 10 17 41% 316 32652 301 205%
c -  0.12 18 27 4 4 23 1 5149 3431 1.5 18 12 10 16 42% 316 32652 301 205%
c -  0.15 18 21 4 5 106 2 7149 4539 1.5 17 11 9 15 38% 316 32652 301 205%
c }  0.16 18 20 5 5 106 2 7406 4700 1.5 16 11 9 15 38% 316 32652 301 205%
c [  0.16 18 27 5 5 106 1 7406 4700 1.6 19 12 10 18 44% 316 32652 301 205%
c u  0.17 20 24 5 5 106 1 8025 5210 1.6 18 11 10 18 42% 316 32652 301 205%
c v  0.17 20 24 5 5 106 1 8025 5203 1.6 18 11 10 18 42% 316 32652 301 205%
c w  0.18 20 24 5 5 106 1 8025 5203 1.6 18 11 10 18 42% 316 32652 301 205%
c B  0.18 21 24 5 5 106 1 8033 5211 1.6 18 11 10 18 42% 316 32652 301 205%
c -  0.20 22 24 5 6 107 1 9385 5388 1.5 19 13 10 17 42% 316 32652 301 205%
c ]  0.21 22 24 6 6 108 1 10109 6010 1.5 19 13 10 18 42% 316 32652 301 205%
c {  0.21 22 20 6 6 108 2 10109 6010 1.5 16 11 9 15 38% 316 32652 301 205%
c -  0.24 22 17 6 7 110 2 11834 6187 1.5 16 10 8 13 37% 316 32652 301 205%
c e  0.27 22 16 6 7 110 1 13022 7235 1.6 16 10 8 13 37% 226 31607 211 144%
c ^  0.27 22 16 6 7 110 1 13022 7235 1.6 16 10 8 13 37% 226 31607 211 144%
c o  0.27 22 16 6 7 110 1 13022 7231 1.6 16 10 8 13 37% 226 31607 211 144%
c }  0.30 23 15 7 7 110 1 14180 8317 1.6 15 9 8 13 39% 226 31607 211 144%
c [  0.30 23 24 7 7 110 1 14180 8317 1.5 19 13 10 18 42% 226 31607 211 144%
c
c seconds  switched  rate        size/glue  tier1     binary       remaining
c        MB reductions conflicts       size    tier2     irredundant
c         level restarts    redundant     glue     trail       variables
c
c W  0.30 26 24 7 7 110 1 14180 8317 1.5 19 13 10 18 42% 226 31607 211 144%
c -  0.31 26 24 7 8 110 1 14479 7413 1.4 20 14 10 19 43% 226 31607 211 144%
c u  0.34 26 24 7 8 112 1 16439 8949 1.4 21 15 10 19 46% 226 31607 211 144%
c v  0.34 26 24 7 8 112 1 16439 8941 1.4 21 15 10 19 46% 226 31607 211 144%
c w  0.35 27 24 7 8 112 1 16439 8941 1.4 21 15 10 19 46% 226 31607 211 144%
c f  0.35 27 24 7 8 112 1 16439 8941 1.4 21 15 10 19 46% 260 31500 229 156%
c u  0.36 30 24 7 8 112 1 16439 8928 1.4 21 15 10 19 46% 260 31500 229 156%
c v  0.36 30 24 7 8 112 1 16439 8916 1.4 21 15 10 19 46% 260 31500 229 156%
c w  0.36 30 24 7 8 112 1 16439 8915 1.4 21 15 10 19 46% 260 31500 229 156%
c -  0.38 31 23 7 9 112 1 17308 8383 1.4 21 15 10 19 47% 260 31500 229 156%
c ]  0.41 31 23 8 9 113 1 18903 9590 1.4 21 15 10 19 48% 260 31500 229 156%
c {  0.41 31 15 8 9 113 1 18903 9590 1.6 15 9 8 13 39% 260 31500 229 156%
c -  0.44 31 15 8 10 364 2 20310 9760 1.6 15 10 8 12 39% 260 31500 229 156%
c -  0.53 31 14 8 11 591 2 23473 10947 1.5 14 10 8 12 40% 260 31500 229 156%
c o  0.55 31 14 8 11 608 2 24851 12000 1.5 14 9 8 12 41% 260 31500 229 156%
c }  0.56 31 14 9 11 684 2 25063 12194 1.5 14 9 8 12 41% 260 31500 229 156%
c [  0.56 31 23 9 11 684 1 25063 12194 1.4 21 15 10 19 48% 260 31500 229 156%
c O  0.56 31 23 9 11 684 1 25063 12194 1.4 21 15 10 19 48% 260 31500 229 156%
c s  0.59 31 23 9 11 684 1 26077 13005 1.4 21 15 10 19 48% 260 31497 229 156%
c e  0.60 31 23 9 11 684 1 26077 13005 1.4 21 15 10 19 48% 237 31522 210 143%
c
c seconds  switched   rate         size/glue  tier1     binary       remaining
c        MB  reductions conflicts        size    tier2     irredundant
c         level  restarts     redundant     glue     trail       variables
c
c ^  0.61 31 23 9 11 684 1 26077 13005 1.4 21 15 10 19 48% 237 31522 210 143%
c -  0.62 31 22 9 12 685 1 26789 10875 1.4 20 15 10 19 48% 237 31522 210 143%
c u  0.65 31 22 9 12 686 1 28061 11811 1.4 20 15 10 19 48% 237 31522 210 143%
c v  0.66 31 22 9 12 686 1 28061 11787 1.4 20 15 10 19 48% 237 31522 210 143%
c w  0.66 31 22 9 12 686 1 28061 11785 1.4 20 15 10 19 48% 237 31522 210 143%
c f  0.72 33 22 9 12 686 1 28061 11785 1.4 20 15 10 19 48% 255 31477 217 148%
c u  0.73 33 22 9 12 686 1 28061 11746 1.4 20 15 10 19 48% 255 31477 217 148%
c v  0.74 33 22 9 12 686 1 28061 11740 1.4 20 15 10 19 48% 255 31477 217 148%
c w  0.74 33 22 9 12 686 1 28061 11740 1.4 20 15 10 19 48% 255 31477 217 148%
c x  0.74 34 22 9 12 686 1 28061 11738 1.4 20 15 10 19 48% 255 31476 217 148%
c -  0.78 34 21 9 13 688 1 30253 11953 1.4 20 15 10 18 49% 255 31476 217 148%
c -  0.84 34 20 9 14 690 1 33858 13224 1.4 19 14 9 18 50% 255 31476 217 148%
c ]  0.85 34 20 10 14 690 1 33996 13337 1.4 19 14 9 18 50% 255 31476 217 148%
c {  0.85 34 14 10 14 690 2 33996 13337 1.5 14 9 8 12 41% 255 31476 217 148%
c -  0.94 34 14 10 15 1087 2 37600 14655 1.5 14 10 8 11 41% 255 31476 217 148%
c -  1.06 35 14 10 16 1537 2 41473 15794 1.5 14 10 8 12 42% 255 31476 217 148%
c }  1.08 35 14 11 16 1621 2 42625 16736 1.5 14 10 8 12 43% 255 31476 217 148%
c [  1.08 35 20 11 16 1621 1 42625 16736 1.4 19 14 9 18 50% 255 31476 217 148%
c B  1.08 35 20 11 16 1621 1 42625 16736 1.4 19 14 9 18 50% 255 31476 217 148%
c u  1.11 38 20 11 16 1621 1 43031 16989 1.4 20 14 9 18 50% 255 31476 217 148%
c
c seconds   switched    rate         size/glue  tier1    binary       remaining
c        MB   reductions  conflicts        size   tier2     irredundant
c         level    restarts     redundant     glue    trail       variables
c
c v  1.12 39 20 11 16 1621 1 43031 16948 1.4 20 14 9 18 50% 255 31476 217 148%
c w  1.12 39 20 11 16 1621 1 43031 16946 1.4 20 14 9 18 50% 255 31476 217 148%
c -  1.17 40 20 11 17 1623 1 45473 16750 1.4 20 14 9 17 51% 255 31476 217 148%
c -  1.22 40 20 11 18 1626 1 49597 17718 1.4 20 14 9 17 52% 255 31476 217 148%
c -  1.29 40 20 11 19 1627 1 53841 18791 1.4 20 14 9 17 54% 255 31476 217 148%
c s  1.32 40 20 11 19 1627 1 54386 19270 1.4 20 14 9 17 54% 255 31474 217 148%
c e  1.33 40 20 11 19 1627 1 54386 19270 1.4 20 14 9 17 54% 238 31514 203 138%
c ^  1.35 40 20 11 19 1627 1 54386 19270 1.4 20 14 9 17 54% 238 31514 203 138%
c o  1.35 40 20 11 19 1627 1 54386 17058 1.4 20 14 9 17 54% 238 31514 203 138%
c W  1.36 43 20 11 19 1627 1 54848 17478 1.4 20 14 9 17 54% 238 31514 203 138%
c -  1.41 44 20 11 20 1630 1 58200 17946 1.4 20 14 9 17 56% 238 31514 203 138%
c u  1.47 45 19 11 20 1633 1 61447 20674 1.4 20 14 9 17 57% 238 31514 203 138%
c v  1.48 45 19 11 20 1633 1 61447 20616 1.4 20 14 9 17 57% 238 31514 203 138%
c w  1.48 46 19 11 20 1633 1 61447 20616 1.4 20 14 9 17 57% 238 31514 203 138%
c f  1.49 46 19 11 20 1633 1 61447 20616 1.4 20 14 9 17 57% 242 31492 206 140%
c u  1.50 48 19 11 20 1633 1 61447 20596 1.4 20 14 9 17 57% 242 31492 206 140%
c v  1.51 51 19 11 20 1633 1 61447 20521 1.4 20 14 9 17 57% 242 31492 206 140%
c w  1.51 52 19 11 20 1633 1 61447 20521 1.4 20 14 9 17 57% 242 31492 206 140%
c ]  1.53 53 19 12 20 1633 1 61823 20822 1.4 20 14 9 17 57% 242 31492 206 140%
c {  1.53 53 14 12 20 1633 2 61823 20822 1.5 14 10 8 12 43% 242 31492 206 140%
c
c seconds   switched    rate         size/glue  tier1    binary       remaining
c        MB   reductions  conflicts        size   tier2     irredundant
c         level    restarts     redundant     glue    trail       variables
c
c -  1.55 53 14 12 21 1652 2 62673 18939 1.5 14 10 8 12 43% 242 31492 206 140%
c -  1.68 53 14 12 22 1970 2 67255 18112 1.5 14 10 7 11 45% 242 31492 206 140%
c -  1.83 53 14 12 23 2586 2 71945 20359 1.4 14 10 8 12 46% 242 31492 206 140%
c }  1.88 53 14 13 23 2784 2 73302 21442 1.4 14 10 8 12 46% 242 31492 206 140%
c [  1.88 53 19 13 23 2784 1 73302 21442 1.4 20 14 9 17 57% 242 31492 206 140%
c I  1.88 53 19 13 23 2784 1 73302 21442 1.4 20 14 9 17 57% 242 31492 206 140%
c -  1.93 53 19 13 24 2786 1 76741 22784 1.5 20 14 9 17 58% 242 31492 206 140%
c -  2.01 53 18 13 25 2790 1 81642 24710 1.5 20 13 8 16 59% 242 31492 206 140%
c u  2.05 54 18 13 25 2790 1 83440 26189 1.5 20 13 8 16 59% 242 31492 206 140%
c v  2.06 54 18 13 25 2790 1 83440 26158 1.5 20 13 8 16 59% 242 31492 206 140%
c w  2.07 54 18 13 25 2790 1 83440 26156 1.5 20 13 8 16 59% 242 31492 206 140%
c -  2.13 54 18 13 26 2791 1 86646 26206 1.5 20 13 8 16 60% 242 31492 206 140%
c B  2.20 54 18 13 26 2795 1 91104 29856 1.5 20 13 8 16 61% 242 31492 206 140%
c o  2.20 54 18 13 26 2795 1 91104 29856 1.5 20 13 8 16 61% 242 31492 206 140%
c -  2.22 54 18 13 27 2795 1 91747 26948 1.5 20 14 8 16 61% 242 31492 206 140%
c -  2.32 54 18 13 28 2797 1 96943 27970 1.5 20 14 8 16 61% 242 31492 206 140%
c ]  2.35 54 18 14 28 2798 1 98579 29265 1.5 20 14 8 16 61% 242 31492 206 140%
c {  2.35 54 14 14 28 2798 2 98579 29265 1.4 14 10 8 12 46% 242 31492 206 140%
c e  2.44 54 14 14 28 2978 2 99986 30382 1.4 14 10 8 12 46% 207 31596 185 126%
c ^  2.48 54 14 14 28 2978 2 99986 30382 1.4 14 10 8 12 46% 207 31596 185 126%
c
c seconds   switched    rate          size/glue  tier1    binary       remaining
c        MB   reductions  conflicts         size   tier2     irredundant
c         level    restarts      redundant     glue    trail       variables
c
c -  2.55 54 14 14 29 3121 2 102235 21883 1.4 14 10 8 12 46% 207 31596 185 126%
c -  2.68 54 14 14 30 3459 2 107620 21872 1.5 14 10 7 12 48% 207 31596 185 126%
c u  2.76 54 14 14 30 3725 2 109140 23118 1.5 14 10 7 12 48% 207 31596 185 126%
c v  2.77 54 14 14 30 3725 2 109140 23033 1.5 14 10 7 12 48% 207 31596 185 126%
c w  2.78 54 14 14 30 3725 2 109140 23033 1.5 14 10 7 12 48% 207 31596 185 126%
c -  2.89 54 14 14 31 3946 2 113102 22852 1.5 14 10 7 12 48% 207 31596 185 126%
c }  2.89 54 14 15 31 3946 2 113295 22995 1.5 14 10 7 12 48% 207 31596 185 126%
c [  2.89 54 18 15 31 3946 1 113295 22995 1.5 20 14 8 16 61% 207 31596 185 126%
c W  2.89 54 18 15 31 3946 1 113295 22995 1.5 20 14 8 16 61% 207 31596 185 126%
c -  2.97 54 18 15 32 3950 1 118671 24362 1.5 20 13 8 16 62% 207 31596 185 126%
c -  3.06 54 18 15 33 3952 1 124328 25081 1.5 20 13 8 16 63% 207 31596 185 126%
c -  3.17 54 18 15 34 3956 1 130072 26019 1.5 20 13 8 16 63% 207 31596 185 126%
c -  3.27 54 18 15 35 3959 1 135904 26515 1.5 20 13 8 16 63% 207 31596 185 126%
c O  3.31 54 18 15 35 3959 1 137522 27736 1.5 20 13 8 16 63% 207 31596 185 126%
c o  3.31 54 18 15 35 3959 1 137522 27736 1.5 20 13 8 16 63% 207 31596 185 126%
c u  3.36 55 18 15 35 3960 1 138623 28557 1.5 20 13 8 16 63% 207 31596 185 126%
c v  3.37 56 18 15 35 3960 1 138623 28440 1.5 20 13 8 16 63% 207 31596 185 126%
c w  3.38 56 18 15 35 3960 1 138623 28409 1.5 20 13 8 16 63% 207 31596 185 126%
c ]  3.40 56 18 16 35 3960 1 139315 28890 1.5 20 13 8 16 63% 207 31596 185 126%
c {  3.40 56 14 16 35 3960 2 139315 28890 1.5 14 10 7 12 48% 207 31596 185 126%
c
c seconds   switched    rate          size/glue  tier1    binary       remaining
c        MB   reductions  conflicts         size   tier2     irredundant
c         level    restarts      redundant     glue    trail       variables
c
c -  3.50 56 14 16 36 4288 2 141820 28802 1.5 14 10 8 12 48% 207 31596 185 126%
c -  3.65 56 14 16 37 4562 2 147820 30355 1.4 14 10 8 12 48% 207 31596 185 126%
c -  3.82 56 14 16 38 4783 2 153903 29646 1.4 14 10 7 11 48% 207 31596 185 126%
c }  3.90 56 13 17 38 4783 2 157652 32446 1.4 14 10 7 11 48% 207 31596 185 126%
c [  3.90 56 18 17 38 4783 1 157652 32446 1.5 20 13 8 16 63% 207 31596 185 126%
c -  3.96 56 18 17 39 4785 1 160067 29988 1.5 20 13 8 16 62% 208 31596 185 126%
c s  4.13 56 17 17 39 4788 1 164775 33715 1.5 19 13 8 16 62% 208 31593 185 126%
c e  4.14 56 17 17 39 4788 1 164775 33715 1.5 19 13 8 16 62% 171 31745 166 113%
c ^  4.20 56 17 17 39 4788 1 164775 33715 1.5 19 13 8 16 62% 171 31745 166 113%
c B  4.21 56 17 17 39 4788 1 165263 25464 1.5 19 13 8 16 62% 171 31745 166 113%
c -  4.24 56 17 17 40 4789 1 166311 23481 1.5 19 13 8 16 62% 171 31745 166 113%
c u  4.40 56 17 17 40 4791 1 171996 28041 1.5 19 13 8 16 62% 171 31745 166 113%
c v  4.42 56 17 17 40 4791 1 171996 27956 1.5 19 13 8 16 62% 171 31745 166 113%
c w  4.44 56 17 17 40 4791 1 171996 27952 1.5 19 13 8 16 62% 171 31745 166 113%
c -  4.46 56 17 17 41 4792 1 172636 25836 1.5 19 13 8 15 62% 171 31745 166 113%
c -  4.62 57 17 17 42 4796 1 179039 27900 1.5 19 13 8 15 62% 171 31745 166 113%
c ]  4.63 57 17 18 42 4796 1 179439 28263 1.5 19 13 8 15 62% 171 31745 166 113%
c {  4.63 57 13 18 42 4796 2 179439 28263 1.4 14 10 7 11 48% 171 31745 166 113%
c -  4.85 57 13 18 43 5622 2 185519 28485 1.4 14 10 7 11 48% 171 31745 166 113%
c o  4.95 57 13 18 43 5964 2 187871 30156 1.4 14 10 7 11 48% 171 31745 166 113%
c
c seconds   switched    rate          size/glue  tier1    binary       remaining
c        MB   reductions  conflicts         size   tier2     irredundant
c         level    restarts      redundant     glue    trail       variables
c
c -  5.11 57 13 18 44 6412 2 192077 28629 1.4 14 10 7 12 47% 171 31745 166 113%
c -  5.35 57 14 18 45 7136 2 198711 29744 1.4 14 10 8 12 47% 171 31745 166 113%
c }  5.49 57 14 19 45 7627 2 201784 31869 1.4 14 10 8 12 47% 171 31745 166 113%
c [  5.49 57 17 19 45 7627 1 201784 31869 1.5 19 13 8 15 62% 171 31745 166 113%
c W  5.50 61 17 19 45 7627 1 201784 31869 1.5 19 13 8 15 62% 171 31745 166 113%
c -  5.56 61 17 19 46 7629 1 205419 30777 1.5 19 13 8 15 62% 171 31745 166 113%
c u  5.68 68 17 19 46 7632 1 209356 33682 1.5 19 13 8 15 62% 171 31745 166 113%
c v  5.72 68 17 19 46 7632 1 209356 33299 1.5 19 13 8 15 62% 171 31745 166 113%
c w  5.74 68 17 19 46 7632 1 209356 33277 1.5 19 13 8 15 62% 171 31745 166 113%
c -  5.90 71 17 19 47 7633 1 212202 31139 1.5 19 13 8 16 62% 171 31745 166 113%
c -  6.08 71 17 19 48 7637 1 219058 32368 1.5 20 13 8 16 62% 171 31745 166 113%
c -  6.25 72 18 19 49 7640 1 225988 33191 1.5 20 13 8 16 62% 171 31745 166 113%
c -  6.43 72 18 19 50 7641 1 232988 34241 1.5 20 13 8 16 62% 171 31745 166 113%
c I  6.56 72 18 19 50 7644 1 237139 37538 1.5 20 13 8 16 62% 171 31745 166 113%
c -  6.63 72 17 19 51 7646 1 240060 36419 1.5 20 13 8 16 62% 171 31745 166 113%
c ]  6.70 72 17 20 51 7648 1 243462 39133 1.5 20 13 8 16 62% 171 31745 166 113%
c {  6.70 72 14 20 51 7648 2 243462 39133 1.4 14 10 8 12 47% 171 31745 166 113%
c -  6.84 72 14 20 52 7803 2 247201 38047 1.4 14 10 8 12 47% 171 31745 166 113%
c o  6.88 72 14 20 52 7874 2 248910 39518 1.4 14 10 8 12 47% 171 31745 166 113%
c s  7.03 72 13 20 52 7936 2 250508 40629 1.4 14 10 8 12 47% 171 31703 166 113%
c
c seconds   switched    rate          size/glue  tier1    binary       remaining
c        MB   reductions  conflicts         size   tier2     irredundant
c         level    restarts      redundant     glue    trail       variables
c
c e  7.04 72 13 20 52 7936 2 250508 40629 1.4 14 10 8 12 47% 134 31959 148 101%
c !  7.13 72 13 20 52 7936 2 250508 40629 1.4 14 10 8 12 47% 134 31959 148 101%
c u  7.18 72 13 20 52 7989 2 250761 23550 1.4 14 10 8 12 47% 134 31959 148 101%
c v  7.20 72 13 20 52 7989 2 250761 23488 1.4 14 10 8 12 47% 134 31959 148 101%
c w  7.21 72 13 20 52 7989 2 250761 23466 1.4 14 10 8 12 47% 134 31959 148 101%
c x  7.23 73 13 20 52 7989 2 250761 23452 1.4 14 10 8 12 47% 134 31842 148 101%
c f  7.24 73 13 20 52 7989 2 250761 23452 1.4 14 10 8 12 47% 143 31750 152 103%
c u  7.28 78 13 20 52 7989 2 250761 23323 1.4 14 10 8 12 47% 143 31750 152 103%
c v  7.32 78 13 20 52 7989 2 250761 23271 1.4 14 10 8 12 47% 143 31750 152 103%
c w  7.33 78 13 20 52 7989 2 250761 23256 1.4 14 10 8 12 47% 143 31750 152 103%
c -  7.39 80 13 20 53 8005 2 254412 22784 1.4 14 10 7 11 47% 143 31750 152 103%
c -  7.58 80 13 20 54 8107 2 261692 25513 1.4 14 10 7 11 47% 143 31750 152 103%
c -  7.77 80 13 20 55 8470 2 269040 28340 1.4 13 10 7 11 47% 144 31750 152 103%
c }  7.80 80 13 21 55 8478 2 270202 29146 1.4 13 10 7 11 47% 144 31750 152 103%
c [  7.80 80 17 21 55 8478 1 270202 29146 1.5 20 13 8 16 62% 144 31750 152 103%
c -  7.93 80 17 21 56 8483 1 276457 30640 1.5 19 13 8 15 61% 144 31750 152 103%
c B  7.94 80 17 21 56 8483 1 276579 30743 1.5 19 13 8 15 61% 144 31750 152 103%
c -  8.12 80 17 21 57 8486 1 283940 32317 1.5 19 13 8 15 61% 144 31750 152 103%
c -  8.30 80 17 21 58 8491 1 291489 33121 1.5 19 13 8 15 61% 144 31750 152 103%
c u  8.47 81 17 21 58 8492 1 296322 36878 1.5 19 13 8 15 61% 144 31750 152 103%
c
c seconds   switched    rate          size/glue  tier1    binary       remaining
c        MB   reductions  conflicts         size   tier2     irredundant
c         level    restarts      redundant     glue    trail       variables
c
c v  8.51 81 17 21 58 8492 1 296322 36821 1.5 19 13 8 15 61% 144 31750 152 103%
c w  8.53 81 17 21 58 8492 1 296322 36797 1.5 19 13 8 15 61% 144 31750 152 103%
c -  8.61 81 17 21 59 8492 1 299104 33818 1.5 19 13 8 16 61% 144 31750 152 103%
c ]  8.65 81 17 22 59 8492 1 300441 34866 1.5 19 13 8 16 61% 144 31750 152 103%
c {  8.65 81 13 22 59 8492 2 300441 34866 1.4 13 10 7 11 47% 144 31750 152 103%
c -  8.79 81 13 22 60 8502 2 306786 35930 1.4 14 9 7 11 48% 144 31750 152 103%
c -  8.99 81 12 22 61 8512 2 314533 37968 1.5 14 9 7 11 49% 144 31750 152 103%
c -  9.15 81 12 22 62 8513 2 322343 40684 1.5 14 9 7 11 51% 144 31750 152 103%
c o  9.22 81 12 22 62 8532 2 325930 43771 1.5 14 9 7 11 51% 144 31750 152 103%
c -  9.35 81 12 22 63 8532 2 330217 44283 1.5 14 9 7 11 52% 144 31750 152 103%
c }  9.41 81 12 23 63 8532 2 331958 45907 1.5 14 9 7 11 52% 144 31750 152 103%
c [  9.41 81 17 23 63 8532 1 331958 45907 1.5 19 13 8 16 61% 144 31750 152 103%
c W  9.42 85 17 23 63 8532 1 331958 45907 1.5 19 13 8 16 61% 144 31750 152 103%
c -  9.54 86 17 23 64 8537 1 338155 46169 1.5 20 13 8 16 61% 144 31750 152 103%
c u  9.76 89 18 23 64 8540 1 346084 52503 1.5 20 13 8 16 62% 145 31750 152 103%
c v  9.79 89 18 23 64 8540 1 346084 52487 1.5 20 13 8 16 62% 145 31750 152 103%
c w  9.80 89 18 23 64 8540 1 346084 52470 1.5 20 13 8 16 62% 145 31750 152 103%
c x  9.83 90 18 23 64 8540 1 346084 52458 1.5 20 13 8 16 62% 145 31573 152 103%
c t  9.83 90 18 23 64 8540 1 346084 52458 1.5 20 13 8 16 62% 144 31573 152 103%
c -  9.84 93 18 23 65 8540 1 346156 47405 1.5 20 13 8 16 62% 144 31573 152 103%
c
c seconds   switched    rate          size/glue  tier1    binary       remaining
c        MB   reductions  conflicts         size   tier2     irredundant
c         level    restarts      redundant     glue    trail       variables
c
c -  9.99 93 17 23 66 8545 1 354222 49665 1.5 20 13 8 16 62% 144 31573 152 103%
c s 10.20 93 17 23 66 8546 1 358780 53307 1.5 20 13 8 16 63% 144 31290 152 103%
c e 10.20 93 17 23 66 8546 1 358780 53307 1.5 20 13 8 16 63% 139 31348 148 101%
c s 10.32 93 17 23 66 8546 1 358780 53307 1.5 20 13 8 16 63% 139 31313 148 101%
c - 10.39 93 18 23 67 8546 1 362348 46228 1.5 20 13 8 16 63% 139 31313 148 101%
c - 10.57 93 18 23 68 8551 1 370535 47435 1.5 20 13 8 16 63% 139 31313 148 101%
c ] 10.58 93 18 24 68 8551 1 370960 47793 1.5 20 13 8 16 63% 139 31313 148 101%
c { 10.58 93 12 24 68 8551 2 370960 47793 1.5 14 9 7 11 52% 139 31313 148 101%
c - 10.86 93 12 24 69 9194 2 378781 48593 1.5 14 9 7 11 52% 139 31313 148 101%
c - 11.11 93 12 24 70 9600 2 387087 49501 1.5 14 9 7 11 52% 139 31313 148 101%
c - 11.37 93 12 24 71 10074 2 395453 51180 1.5 14 9 7 11 53% 140 31313 148 101%
c u 11.56 93 12 24 71 10311 2 400150 54550 1.5 14 9 7 11 53% 142 31313 148 101%
c v 11.60 93 12 24 71 10311 2 400150 54483 1.5 14 9 7 11 53% 142 31313 148 101%
c w 11.62 94 12 24 71 10311 2 400150 54468 1.5 14 9 7 11 53% 142 31313 148 101%
c t 11.62 94 12 24 71 10311 2 400150 54468 1.5 14 9 7 11 53% 141 31313 148 101%
c f 11.62 94 12 24 71 10311 2 400150 54468 1.5 14 9 7 11 53% 145 31275 150 102%
c u 11.67 100 12 24 71 10311 2 400150 54392 1.5 14 9 7 11 53% 145 31275 150 102%
c v 11.70 100 12 24 71 10311 2 400150 54386 1.5 14 9 7 11 53% 145 31275 150 102%
c w 11.71 101 12 24 71 10311 2 400150 54375 1.5 14 9 7 11 53% 145 31275 150 102%
c x 11.74 101 12 24 71 10311 2 400150 54366 1.5 14 9 7 11 53% 145 31180 150 102%
c
c seconds    switched     rate          size/glue tier1    binary       remaining
c         MB   reductions   conflicts         size  tier2     irredundant
c          level    restarts       redundant    glue    trail       variables
c
c - 11.99 105 12 24 72 10330 2 403879 52792 1.5 13 9 7 11 52% 145 31180 150 102%
c o 12.11 105 12 24 72 10649 2 406998 55160 1.5 13 9 7 11 52% 145 31180 150 102%
c } 12.14 105 12 25 72 10723 2 407637 55661 1.5 13 9 7 11 52% 145 31180 150 102%
c [ 12.14 105 18 25 72 10723 1 407637 55661 1.5 20 13 8 16 63% 145 31180 150 102%
c O 12.14 105 18 25 72 10723 1 407637 55661 1.5 20 13 8 16 63% 145 31180 150 102%
c - 12.28 105 18 25 73 10726 1 412365 55235 1.5 20 14 8 16 63% 145 31180 150 102%
c - 12.54 105 18 25 74 10730 1 420909 58279 1.5 20 14 8 16 62% 145 31180 150 102%
c - 12.78 105 18 25 75 10736 1 429513 60528 1.5 20 14 8 16 62% 145 31180 150 102%
c - 13.04 105 18 25 76 10737 1 438174 61581 1.5 20 14 8 16 62% 145 31180 150 102%
c ] 13.30 105 18 26 76 10742 1 446053 67661 1.5 20 14 8 16 61% 145 31180 150 102%
c { 13.30 105 12 26 76 10742 2 446053 67661 1.5 13 9 7 11 52% 145 31180 150 102%
c - 13.34 105 12 26 77 10776 2 446893 62490 1.5 13 9 7 11 52% 145 31180 150 102%
c - 13.66 105 12 26 78 11011 2 455667 54729 1.5 13 9 6 11 53% 145 31180 150 102%
c u 13.79 105 12 26 78 11184 2 458606 56479 1.5 13 9 6 11 53% 145 31180 150 102%
c v 13.83 105 12 26 78 11184 2 458606 56189 1.5 13 9 6 11 53% 146 31180 150 102%
c w 13.85 105 12 26 78 11184 2 458606 56182 1.5 13 9 6 11 53% 146 31180 150 102%
c x 13.89 105 12 26 78 11184 2 458606 56164 1.5 13 9 6 11 53% 146 30867 150 102%
c t 13.89 105 12 26 78 11184 2 458606 56164 1.5 13 9 6 11 53% 145 30867 150 102%
c - 14.13 105 12 26 79 11685 2 464499 51582 1.5 13 9 6 11 53% 145 30867 150 102%
c - 14.42 105 12 26 80 12006 2 473391 52523 1.5 13 9 6 10 53% 145 30867 150 102%
c
c seconds    switched     rate          size/glue tier1    binary       remaining
c         MB   reductions   conflicts         size  tier2     irredundant
c          level    restarts       redundant    glue    trail       variables
c
c - 14.76 105 12 26 81 12764 2 482337 54323 1.5 13 9 6 10 54% 145 30867 150 102%
c } 14.99 105 12 27 81 13273 2 488272 58998 1.5 13 9 6 10 54% 145 30867 150 102%
c [ 14.99 105 18 27 81 13273 1 488272 58998 1.5 20 14 8 16 61% 145 30867 150 102%
c B 14.99 105 18 27 81 13273 1 488272 58998 1.5 20 14 8 16 61% 145 30867 150 102%
c - 15.06 105 18 27 82 13275 1 491338 56098 1.4 20 14 8 16 61% 145 30867 150 102%
c s 15.22 105 18 27 82 13275 1 491389 56141 1.4 20 14 8 16 61% 145 30237 150 102%
c - 15.44 105 18 27 83 13279 1 500394 56539 1.4 20 14 8 16 61% 145 30237 150 102%
c o 15.64 105 18 27 83 13286 1 508889 63208 1.4 20 14 8 16 61% 145 30237 150 102%
c - 15.66 105 18 27 84 13286 1 509508 57441 1.4 20 14 8 16 61% 145 30237 150 102%
c - 15.86 105 18 27 85 13287 1 518674 58420 1.5 20 14 8 16 62% 145 30237 150 102%
c u 15.96 105 18 27 85 13288 1 521529 60626 1.5 20 14 8 16 62% 145 30237 150 102%
c v 16.01 110 18 27 85 13288 1 521529 60595 1.5 20 14 8 16 62% 145 30237 150 102%
c w 16.03 111 18 27 85 13288 1 521529 60584 1.5 20 14 8 16 62% 145 30237 150 102%
c x 16.06 112 18 27 85 13288 1 521529 60575 1.5 20 14 8 16 62% 145 30177 150 102%
c - 16.22 122 18 27 86 13293 1 527894 57292 1.5 20 14 8 16 62% 145 30177 150 102%
c - 16.44 122 18 27 87 13297 1 537167 57129 1.5 20 14 8 16 62% 145 30177 150 102%
c W 16.64 122 17 27 87 13301 1 545858 64334 1.5 20 13 8 16 62% 145 30177 150 102%
c - 16.66 122 17 27 88 13302 1 546494 58640 1.5 20 13 7 15 62% 145 30177 150 102%
c - 16.93 122 17 27 89 13303 1 555874 59697 1.5 20 13 7 15 62% 145 30177 150 102%
c ] 17.00 122 17 28 89 13303 1 558279 61530 1.5 19 13 7 15 62% 145 30177 150 102%
c
c seconds    switched     rate          size/glue tier1    binary       remaining
c         MB   reductions   conflicts         size  tier2     irredundant
c          level    restarts       redundant    glue    trail       variables
c
c { 17.00 122 12 28 89 13303 2 558279 61530 1.5 13 9 6 10 54% 145 30177 150 102%
c - 17.32 122 12 28 90 13872 2 565307 60326 1.5 13 9 6 10 54% 145 30177 150 102%
c - 17.67 122 12 28 91 14279 2 574793 60754 1.5 13 9 6 10 54% 145 30177 150 102%
c - 17.98 122 12 28 92 14592 2 584332 60548 1.5 13 9 6 10 54% 145 30177 150 102%
c u 18.21 122 12 28 92 14878 2 589041 63868 1.5 13 9 6 10 54% 147 30177 150 102%
c v 18.25 122 12 28 92 14878 2 589041 63627 1.5 13 9 6 10 54% 147 30177 150 102%
c w 18.27 122 12 28 92 14878 2 589041 63599 1.5 13 9 6 10 54% 147 30177 150 102%
c x 18.31 123 12 28 92 14878 2 589041 63596 1.5 13 9 6 10 54% 147 29823 150 102%
c t 18.31 123 12 28 92 14878 2 589041 63596 1.5 13 9 6 10 54% 146 29823 150 102%
c - 18.46 123 12 28 93 14998 2 593924 60874 1.5 13 9 6 10 55% 148 29823 150 102%
c i 18.58 123 12 28 93 15018 2 598500 63869 1.5 13 9 6 10 55% 156 29823 146 99%
c - 18.79 123 12 28 94 15410 2 603567 46470 1.5 13 9 6 10 55% 131 29823 146 99%
c } 18.90 123 12 29 94 15645 2 606417 48831 1.5 13 9 6 10 55% 131 29823 146 99%
c [ 18.90 123 17 29 94 15645 1 606417 48831 1.5 19 13 7 15 62% 131 29823 146 99%
c I 18.95 123 17 29 94 15646 1 608408 50438 1.5 19 13 7 15 62% 131 29823 146 99%
c o 19.00 123 17 29 94 15648 1 610525 52273 1.5 19 13 7 15 62% 131 29823 146 99%
c - 19.07 123 17 29 95 15650 1 613262 50722 1.5 19 13 7 15 62% 131 29823 146 99%
c - 19.30 123 17 29 96 15655 1 623009 54318 1.5 19 13 7 15 62% 131 29823 146 99%
c - 19.54 123 17 29 97 15659 1 632807 57183 1.5 20 13 7 15 62% 131 29823 146 99%
c - 19.79 123 17 29 98 15662 1 642658 58901 1.5 20 13 7 15 62% 131 29823 146 99%
c
c seconds    switched     rate          size/glue  tier1    binary       remaining
c         MB   reductions   conflicts         size   tier2     irredundant
c          level    restarts       redundant     glue    trail       variables
c
c s 20.00 123 17 29 98 15666 1 650081 65228 1.5 20 13 7 15 63% 131 29442 146 99%
c - 20.08 123 17 29 99 15667 1 652558 59817 1.5 20 13 7 15 62% 131 29442 146 99%
c u 20.37 122 17 29 99 15673 1 661153 66263 1.5 20 13 7 15 62% 131 29442 146 99%
c v 20.42 123 17 29 99 15673 1 661153 66230 1.5 20 13 7 15 62% 131 29442 146 99%
c w 20.44 124 17 29 99 15673 1 661153 66212 1.5 20 13 7 15 62% 131 29442 146 99%
c - 20.53 124 17 29 100 15673 1 662508 60120 1.5 20 13 7 15 62% 131 29442 146 99%
c - 20.81 124 17 29 101 15675 1 672509 59945 1.5 19 13 7 15 62% 131 29442 146 99%
c B 20.91 124 17 29 101 15675 1 676090 62974 1.5 19 13 7 15 62% 131 29442 146 99%
c ] 20.92 124 17 30 101 15675 1 676664 63476 1.5 19 13 7 15 62% 131 29442 146 99%
c { 20.92 124 12 30 101 15675 2 676664 63476 1.5 13 9 6 10 55% 131 29442 146 99%
c - 21.21 124 12 30 102 16213 2 682560 59919 1.5 13 9 6 10 55% 131 29442 146 99%
c - 21.65 124 12 30 103 16866 2 692660 59178 1.5 13 9 6 10 55% 131 29442 146 99%
c - 21.98 124 12 30 104 17163 2 702808 59149 1.5 13 9 6 10 54% 132 29442 146 99%
c - 22.35 124 12 30 105 17642 2 713007 60325 1.4 13 9 6 10 54% 132 29442 146 99%
c o 22.67 124 12 30 105 18105 2 722350 67217 1.4 13 9 6 10 54% 133 29442 146 99%
c - 22.72 124 12 30 106 18153 2 723253 62796 1.4 13 9 6 10 54% 133 29442 146 99%
c } 23.00 124 12 31 106 18458 2 731098 68442 1.4 13 9 5 10 54% 133 29442 146 99%
c [ 23.00 124 17 31 106 18458 1 731098 68442 1.5 19 13 7 15 62% 133 29442 146 99%
c - 23.08 124 17 31 107 18460 1 733548 56097 1.5 19 13 7 15 62% 133 29442 146 99%
c u 23.26 124 17 31 107 18463 1 737936 58738 1.5 19 13 7 15 62% 133 29442 146 99%
c
c seconds    switched      rate          size/glue  tier1    binary       remaining
c         MB   reductions    conflicts         size   tier2     irredundant
c          level     restarts       redundant     glue    trail       variables
c
c v 23.35 123 17 31 107 18463 1 737936 58151 1.5 19 13 7 15 62% 133 29442 146 99%
c w 23.38 123 17 31 107 18463 1 737936 57962 1.5 19 13 7 15 62% 133 29442 146 99%
c - 23.54 129 17 31 108 18465 1 743892 52678 1.5 20 13 7 15 62% 133 29442 146 99%
c W 23.67 129 17 31 108 18469 1 749066 57000 1.5 20 13 7 15 62% 133 29442 146 99%
c - 23.78 129 18 31 109 18471 1 754284 50157 1.5 20 13 7 15 62% 133 29442 146 99%
c - 24.02 129 18 31 110 18473 1 764728 50236 1.5 20 13 7 15 63% 133 29442 146 99%
c - 24.25 129 18 31 111 18479 1 775216 52070 1.5 20 13 7 15 63% 133 29442 146 99%
c - 24.52 129 18 31 112 18486 1 785753 52957 1.5 20 13 7 15 63% 133 29442 146 99%
c - 24.80 129 18 31 113 18487 1 796338 53697 1.5 20 13 7 15 63% 133 29442 146 99%
c - 25.13 129 17 31 114 18488 1 806968 54334 1.5 20 13 7 15 63% 133 29442 146 99%
c - 25.42 129 17 31 115 18492 1 817647 55409 1.5 20 13 7 15 63% 133 29442 146 99%
c ] 25.44 129 17 32 115 18493 1 818647 56231 1.5 20 13 7 15 63% 133 29442 146 99%
c { 25.44 129 12 32 115 18493 2 818647 56231 1.4 13 9 5 10 54% 133 29442 146 99%
c u 25.53 130 12 32 115 18590 2 819366 56459 1.4 13 9 5 10 54% 133 29442 146 99%
c v 25.58 129 12 32 115 18590 2 819366 56293 1.4 13 9 5 10 54% 133 29442 146 99%
c w 25.60 130 12 32 115 18590 2 819366 56209 1.4 13 9 5 10 54% 133 29442 146 99%
c x 25.64 130 12 32 115 18590 2 819366 56205 1.4 13 9 5 10 54% 133 28660 146 99%
c - 26.03 137 12 32 116 19145 2 828370 56205 1.4 13 9 5 10 54% 133 28660 146 99%
c s 26.35 137 12 32 116 19586 2 836258 62102 1.4 13 9 5 10 54% 133 28356 146 99%
c - 26.49 137 12 32 117 19791 2 839141 56965 1.4 13 9 5 10 54% 133 28356 146 99%
c
c seconds    switched      rate          size/glue tier1    binary       remaining
c         MB   reductions    conflicts         size  tier2     irredundant
c          level     restarts       redundant    glue    trail       variables
c
c o 26.66 137 12 32 117 19978 2 843894 60610 1.5 13 9 5 10 55% 134 28356 146 99%
c - 26.89 137 12 32 118 20078 2 849957 58117 1.5 13 9 5 10 54% 134 28356 146 99%
c - 27.26 137 12 32 119 20549 2 860819 59262 1.4 13 9 5 10 54% 136 28356 146 99%
c i 27.39 137 12 32 119 20581 2 865323 62361 1.4 12 9 5 10 55% 148 28356 144 98%
c - 27.60 137 11 32 120 20812 2 871727 49535 1.5 12 9 5 10 55% 127 28356 144 98%
c } 27.91 137 12 33 120 21371 2 879753 55497 1.4 12 9 5 10 55% 127 28356 144 98%
c [ 27.91 137 17 33 120 21371 1 879753 55497 1.5 20 13 7 15 63% 127 28356 144 98%
c O 27.91 137 17 33 120 21371 1 879753 55497 1.5 20 13 7 15 63% 127 28356 144 98%
c - 28.01 137 17 33 121 21373 1 882681 52840 1.5 20 13 7 15 63% 127 28356 144 98%
c - 28.40 137 17 33 122 21379 1 893682 55704 1.5 19 13 7 15 62% 127 28356 144 98%
c - 28.77 137 17 33 123 21385 1 904728 56938 1.5 19 13 7 15 62% 127 28356 144 98%
c u 28.88 144 17 33 123 21385 1 905680 57285 1.5 19 13 7 15 62% 130 28353 144 98%
c v 28.95 143 17 33 123 21385 1 905680 55976 1.5 19 13 7 15 62% 130 28353 144 98%
c w 28.98 144 17 33 123 21385 1 905680 55598 1.5 19 13 7 15 62% 130 28353 144 98%
c x 29.05 144 17 33 123 21385 1 905680 55593 1.5 19 13 7 15 62% 130 28175 144 98%
c - 29.71 147 17 33 124 21388 1 915821 57392 1.5 19 13 6 15 62% 130 28175 144 98%
c - 29.99 147 17 33 125 21394 1 926958 58664 1.5 19 13 6 15 62% 130 28175 144 98%
c - 30.30 147 16 33 126 21400 1 938139 59399 1.5 19 13 6 15 62% 130 28175 144 98%
c - 30.60 147 16 33 127 21401 1 949363 60565 1.5 19 13 6 15 62% 130 28175 144 98%
c ] 30.88 147 16 34 127 21401 1 959638 68179 1.5 19 12 6 15 62% 130 28175 144 98%
c
c seconds    switched      rate          size/glue tier1    binary       remaining
c         MB   reductions    conflicts         size  tier2     irredundant
c          level     restarts       redundant    glue    trail       variables
c
c { 30.88 147 12 34 127 21401 2 959638 68179 1.4 12 9 5 10 55% 130 28175 144 98%
c - 30.93 147 12 34 128 21596 2 960633 61374 1.4 12 9 5 10 55% 130 28175 144 98%
c - 31.50 147 12 34 129 23414 2 971947 60801 1.4 13 9 5 10 54% 130 28175 144 98%
c o 31.69 147 12 34 129 23946 2 975872 63354 1.4 13 9 5 10 53% 130 28175 144 98%
c - 32.07 147 12 34 130 24806 2 983308 60393 1.4 13 9 5 10 53% 130 28175 144 98%
c - 32.67 147 12 34 131 26367 2 994709 61123 1.4 13 9 5 10 53% 130 28175 144 98%
c u 32.87 147 12 34 131 26667 2 996883 61901 1.4 13 9 5 10 52% 130 28175 144 98%
c v 32.95 147 12 34 131 26667 2 996883 60089 1.4 13 9 5 10 52% 130 28175 144 98%
c w 32.99 144 12 34 131 26667 2 996883 59735 1.4 13 9 5 10 52% 130 28175 144 98%
c x 33.05 146 12 34 131 26667 2 996883 59695 1.4 13 9 5 10 52% 130 25415 144 98%
c - 33.46 146 12 34 132 27606 2 1006154 60637 1.4 13 9 5 10 52% 130 25415 144 98%
c - 34.03 146 12 34 133 28795 2 1017643 61975 1.4 13 9 5 10 52% 130 25415 144 98%
c } 34.55 146 13 35 133 29927 2 1027785 68832 1.4 13 10 5 10 52% 130 25415 144 98%
c [ 34.55 146 16 35 133 29927 1 1027785 68832 1.5 19 12 6 15 62% 130 25415 144 98%
c B 34.55 146 16 35 133 29927 1 1027785 68832 1.5 19 12 6 15 62% 130 25415 144 98%
c - 34.60 146 16 35 134 29928 1 1029176 62257 1.5 19 13 6 15 62% 130 25415 144 98%
c - 34.94 146 17 35 135 29934 1 1040752 62112 1.5 19 13 6 15 62% 130 25415 144 98%
c s 35.40 146 16 35 135 29940 1 1051593 70229 1.5 19 13 6 15 62% 130 22244 144 98%
c - 35.44 146 16 35 136 29940 1 1052370 61979 1.5 19 13 6 15 62% 130 22244 144 98%
c - 35.82 146 16 35 137 29944 1 1064034 63072 1.5 18 12 6 14 62% 130 22244 144 98%
c
c seconds    switched      rate           size/glue  tier1    binary       remaining
c         MB   reductions     conflicts         size   tier2     irredundant
c          level     restarts        redundant     glue    trail       variables
c
c - 36.17 146 16 35 138 29951 1 1075741 63769 1.5 18 12 6 14 62% 132 22244 144 98%
c i 36.21 146 16 35 138 29952 1 1077211 64679 1.5 18 12 6 14 62% 137 22244 143 97%
c - 36.51 146 16 35 139 29956 1 1087493 53040 1.5 18 12 6 14 62% 130 22244 143 97%
c u 36.77 146 16 35 139 29957 1 1093742 57457 1.5 18 12 6 14 63% 129 22215 143 97%
c v 36.86 146 16 35 139 29957 1 1093742 57358 1.5 18 12 6 14 63% 129 22215 143 97%
c w 36.90 146 16 35 139 29957 1 1093742 57340 1.5 18 12 6 14 63% 129 22215 143 97%
c x 36.97 146 16 35 139 29957 1 1093742 57282 1.5 18 12 6 14 63% 129 21037 143 97%
c - 37.19 147 16 35 140 29957 1 1099284 56601 1.5 18 12 6 14 63% 129 21037 143 97%
c - 37.53 147 16 35 141 29958 1 1111117 59293 1.5 18 12 6 14 63% 129 21037 143 97%
c W 37.73 147 16 35 141 29963 1 1117585 64196 1.5 18 12 6 14 63% 129 21037 143 97%
c o 37.73 147 16 35 141 29963 1 1117585 64196 1.5 18 12 6 14 63% 129 21037 143 97%
c - 37.89 147 16 35 142 29965 1 1122991 61683 1.5 18 12 6 14 63% 129 21037 143 97%
c - 38.28 147 15 35 143 29972 1 1134907 64022 1.5 18 12 6 14 63% 129 21037 143 97%
c - 38.62 147 15 35 144 29975 1 1146865 65403 1.5 18 12 6 14 63% 129 21037 143 97%
c ] 38.93 147 15 36 144 29981 1 1156842 73041 1.5 18 12 6 14 62% 129 21037 143 97%
c { 38.93 147 13 36 144 29981 2 1156842 73041 1.4 13 10 5 10 52% 129 21037 143 97%
c - 39.02 147 13 36 145 29999 2 1158866 65985 1.4 13 9 5 10 52% 129 21037 143 97%
c - 39.50 147 12 36 146 30129 2 1170907 67500 1.4 13 9 5 10 53% 132 21037 143 97%
c i 39.90 147 12 36 146 30206 2 1181278 75081 1.4 13 9 5 10 53% 144 21037 142 97%
c - 39.98 147 12 36 147 30249 2 1182990 57882 1.4 13 9 5 10 53% 132 21037 142 97%
c
c seconds    switched      rate           size/glue tier1    binary       remaining
c         MB   reductions     conflicts         size  tier2     irredundant
c          level     restarts        redundant    glue    trail       variables
c
c i 40.39 147 12 36 147 30347 2 1194709 66206 1.4 13 9 5 10 54% 142 21036 140 95%
c - 40.41 147 12 36 148 30385 2 1195114 52502 1.4 13 9 5 10 54% 128 21036 140 95%
c u 40.58 147 12 36 148 30432 1 1197273 53316 1.4 13 9 5 10 54% 129 21009 140 95%
c v 40.66 147 12 36 148 30432 1 1197273 52949 1.4 13 9 5 10 54% 129 21009 140 95%
c w 40.69 147 12 36 148 30432 1 1197273 52873 1.4 13 9 5 10 54% 129 21009 140 95%
c x 40.77 147 12 36 148 30432 1 1197273 52847 1.4 13 9 5 10 54% 129 20097 140 95%
c i 40.87 147 12 36 148 30438 1 1199772 54517 1.4 13 9 5 10 54% 138 20097 139 95%
c - 41.13 147 12 36 149 30521 1 1207279 47161 1.5 13 9 4 10 54% 130 20097 139 95%
c i 41.26 147 12 36 149 30556 1 1211240 49905 1.5 13 9 4 10 54% 131 20097 138 94%
c i 41.48 147 11 36 149 30627 1 1217876 54320 1.5 13 9 4 10 54% 144 20097 137 93%
c - 41.54 147 11 36 150 30631 1 1219486 41958 1.5 13 9 4 10 54% 132 20030 137 93%
c i 41.54 147 11 36 150 30631 1 1219570 42015 1.5 13 9 4 10 54% 132 20030 136 93%
c i 41.55 147 11 36 150 30644 1 1219899 42269 1.5 13 9 4 10 54% 132 20030 135 92%
c i 41.74 147 11 36 150 30717 1 1225673 46146 1.5 12 8 4 10 55% 143 20030 131 89%
c i 41.91 147 11 36 150 30781 1 1231345 49923 1.5 12 8 4 10 55% 161 20029 130 88%
c - 41.93 147 11 36 151 30797 1 1231734 38182 1.5 12 8 4 10 55% 121 20029 130 88%
c } 41.95 147 11 37 151 30797 1 1232398 38633 1.5 12 8 4 10 55% 122 20029 130 88%
c [ 41.95 147 15 37 151 30797 1 1232398 38633 1.5 18 12 6 14 62% 122 20029 130 88%
c I 41.95 147 15 37 151 30797 1 1232398 38633 1.5 18 12 6 14 62% 122 20029 130 88%
c i 41.96 147 15 37 151 30797 1 1232638 38712 1.5 18 12 6 14 62% 127 20029 129 88%
c
c seconds    switched      rate           size/glue  tier1    binary       remaining
c         MB   reductions     conflicts         size   tier2     irredundant
c          level     restarts        redundant     glue    trail       variables
c
c i 41.98 147 15 37 151 30798 1 1233455 39182 1.5 18 12 6 14 62% 133 20029 128 87%
c i 41.99 147 15 37 151 30798 1 1233909 39422 1.5 18 12 6 14 62% 137 20029 127 86%
c i 42.00 147 15 37 151 30798 1 1234090 39531 1.5 18 12 6 14 62% 143 20029 122 83%
c i 42.00 147 15 37 151 30798 1 1234095 39531 1.5 18 12 6 14 62% 146 20029 116 79%
c i 42.00 147 15 37 151 30798 1 1234097 39531 1.5 18 12 6 14 62% 147 20029 104 71%
c ] 42.00 147 15 37 151 30798 1 1234101 39531 1.5 18 12 6 14 62% 148 20029 60 41%
c 0 42.00 147 11 37 151 30798 1 1234101 39531 1.5 12 8 4 10 55% 148 20029 60 41%
c
c ---- [ result ] ------------------------------------------------------------
c
s UNSATISFIABLE
c
c ---- [ profiling ] ---------------------------------------------------------
c
c          36.99   88.06 %  search
c          19.09   45.44 %  focused
c          17.90   42.62 %  stable
c           4.98   11.85 %  simplify
c           3.92    9.34 %  probe
c           3.06    7.28 %  vivify
c           1.05    2.49 %  eliminate
c           0.99    2.37 %  subsume
c           0.72    1.71 %  sweep
c           0.53    1.25 %  reduce
c           0.10    0.23 %  substitute
c           0.04    0.09 %  walking
c           0.04    0.09 %  factor
c           0.03    0.07 %  preprocess
c           0.01    0.02 %  congruence
c           0.01    0.01 %  parse
c           0.00    0.01 %  transitive
c           0.00    0.01 %  lucky
c           0.00    0.00 %  backbone
c =============================================
c          42.00  100.00 %  total
c
c ---- [ statistics ] --------------------------------------------------------
c
c conflicts:                          1234101            29381.98 per second
c decisions:                          1631051                1.32 per conflict
c eliminated:                             185              126 %  variables
c factored:                               188              128 %  variables
c iterations:                              19               13 %  variables
c propagations:                      30009334           714474    per second
c reductions:                             151             8173    interval
c reordered:                               15            82273    interval
c rephased:                                27            45707    interval
c restarts:                             30798               40    interval
c strengthened:                            48                0 %  checks
c subsumed:                              4854                0 %  checks
c switched:                                37            33354    interval
c vivified:                             32178               36 %  checks
c walks:                                    9           137122    interval
c
c ---- [ glue usage ] --------------------------------------------------------
c
c focused glue 4   used 210553 clauses 11.85% accumulated 52.11% tier1
c focused glue 5   used 167869 clauses  9.45% accumulated 61.56%
c focused glue 6-8 used 393550 clauses 22.15% accumulated 83.71%
c focused glue 9   used  96894 clauses  5.45% accumulated 89.17%
c focused glue 10  used  71676 clauses  4.03% accumulated 93.20% tier2
c
c stable glue 5    used 232960 clauses  8.09% accumulated 50.08% tier1
c stable glue 6    used 186581 clauses  6.48% accumulated 56.56%
c stable glue 7-12 used 825011 clauses 28.66% accumulated 85.22%
c stable glue 13   used  90991 clauses  3.16% accumulated 88.38%
c stable glue 14   used  79403 clauses  2.76% accumulated 91.14% tier2
c
c ---- [ resources ] ---------------------------------------------------------
c
c maximum-resident-set-size:     158108483584 bytes     150784 MB
c process-time:                            42s              42.00 seconds
c
c ---- [ shutting down ] -----------------------------------------------------
c
c exit 20
