c ---- [ banner ] ------------------------------------------------------------
c
c Kissat SAT Solver
c 
c Copyright (c) 2021-2024 Armin Biere University of Freiburg
c Copyright (c) 2019-2021 Armin Biere Johannes Kepler University Linz
c 
c Version 4.0.4 8af8e56f174b778aef3aa45af9f739b2a5f492c2
c Apple clang version 17.0.0 (clang-1700.6.3.2) -W -Wall -O3 -DNDEBUG
c Mon Mar 30 18:25:47 CEST 2026 Darwin Mac 24.6.0 arm64
c
c ---- [ parsing ] -----------------------------------------------------------
c
c opened and reading DIMACS file:
c
c   tmp.cnf
c
c parsed 'p cnf 276 12650' header
c closing input after reading 973418 bytes (951 KB)
c finished parsing after 0.00 seconds
c
c ---- [ solving ] -----------------------------------------------------------
c
c seconds switched rate     size/glue tier1  binary       remaining
c        MB reductions conflicts size  tier2    irredundant
c         level restarts redundant glue  trail        variables
c
c *  0.00  5 0 0 0  0 0   0   0 0.0 0 0 0 0 0% 2024 10626 275 100%
c (  0.00  7 0 0 0  0 0   0   0 0.0 0 0 0 0 0% 2024 10626 275 100%
c .  0.00  7 0 0 0  0 0   0   0 0.0 0 0 0 0 0% 2024 10626 275 100%
c f  0.02 10 0 0 0  0 0   0   0 0.0 0 0 0 0 0% 694 10626 388 141%
c )  0.02 10 0 0 0  0 0   0   0 0.0 0 0 0 0 0% 694 10626 388 141%
c {  0.02 10 0 0 0  0 0   0   0 0.0 0 0 2 6 0% 694 10626 388 141%
c -  0.03 11 43 0 1  1 1 1000 541 1.4 16 11 9 14 56% 694 10626 388 141%
c }  0.03 11 43 1 1  1 1 1000 541 1.4 16 11 9 14 56% 694 10626 388 141%
c [  0.03 11 0 1 1  1 0 1000 541 0.0 0 0 2 6 0% 694 10626 388 141%
c B  0.03 11 36 1 1  1 24 1002 543 1.8 18 10 2 6 53% 694 10626 388 141%
c -  0.04 11 23 1 2  1 1 2001 1273 1.3 21 16 13 19 57% 694 10626 388 141%
c W  0.04 11 23 1 2  1 1 2004 1276 1.3 21 16 13 19 57% 694 10626 388 141%
c ]  0.04 11 22 2 2  2 1 2301 1498 1.3 20 15 13 19 57% 694 10626 388 141%
c {  0.04 11 43 2 2  2 1 2301 1498 1.4 16 11 9 14 56% 694 10626 388 141%
c u  0.05 11 33 2 2 132 2 2903 1929 1.4 16 12 9 14 52% 694 10626 388 141%
c v  0.06 11 33 2 2 132 2 2903 1926 1.4 16 12 9 14 52% 694 10626 388 141%
c w  0.06 11 33 2 2 132 2 2903 1924 1.4 16 12 9 14 52% 694 10626 388 141%
c x  0.06 11 33 2 2 132 2 2903 1923 1.4 16 12 9 14 52% 694 10626 388 141%
c }  0.06 11 32 3 2 132 2 3301 2244 1.4 16 12 9 14 54% 694 10626 388 141%
c [  0.06 11 22 3 2 132 1 3301 2244 1.3 20 15 13 19 57% 694 10626 388 141%
c
c seconds  switched  rate       size/glue  tier1     binary       remaining
c        MB reductions conflicts      size    tier2     irredundant
c         level restarts   redundant     glue     trail       variables
c
c -  0.07 11 22 3 3 132 1 3415 2222 1.3 20 15 12 19 58% 694 10626 388 141%
c I  0.07 11 20 3 3 132 1 4264 2828 1.5 19 13 12 19 60% 694 10626 388 141%
c -  0.08 11 19 3 4 133 1 5147 3121 1.5 18 12 10 16 63% 694 10626 388 141%
c ]  0.08 11 18 4 4 133 1 5313 3241 1.5 18 12 10 16 63% 694 10626 388 141%
c {  0.08 11 32 4 4 133 2 5313 3241 1.4 16 12 9 14 54% 694 10626 388 141%
c -  0.09 11 24 4 5 246 2 7147 4026 1.3 15 12 9 14 54% 694 10626 388 141%
c }  0.10 11 23 5 5 310 2 7668 4388 1.3 15 12 9 14 54% 694 10626 388 141%
c [  0.10 11 18 5 5 310 1 7668 4388 1.5 18 12 10 16 63% 694 10626 388 141%
c B  0.10 11 18 5 5 310 1 8036 4645 1.4 18 12 10 16 63% 694 10626 388 141%
c u  0.12 12 19 5 5 311 1 8941 5345 1.4 19 13 10 16 62% 694 10626 388 141%
c v  0.12 12 19 5 5 311 1 8941 5334 1.4 19 13 10 16 62% 694 10626 388 141%
c w  0.12 13 19 5 5 311 1 8941 5334 1.4 19 13 10 16 62% 694 10626 388 141%
c x  0.12 13 19 5 5 311 1 8941 5334 1.4 19 13 10 16 62% 694 10621 388 141%
c ]  0.13 14 19 6 5 311 1 9265 5561 1.4 19 14 10 16 61% 694 10621 388 141%
c {  0.13 14 23 6 5 311 2 9265 5561 1.3 15 12 9 14 54% 694 10621 388 141%
c -  0.13 14 23 6 6 327 2 9383 4811 1.3 15 12 9 14 54% 694 10621 388 141%
c -  0.15 14 19 6 7 327 2 11832 5859 1.5 16 11 8 12 57% 694 10621 388 141%
c }  0.16 14 17 7 7 327 2 13334 7207 1.6 16 10 8 12 58% 694 10621 388 141%
c [  0.16 14 19 7 7 327 1 13334 7207 1.4 19 14 10 16 61% 694 10621 388 141%
c W  0.17 15 19 7 7 327 1 13566 7393 1.4 19 13 10 16 61% 694 10621 388 141%
c
c seconds  switched  rate        size/glue  tier1     binary       remaining
c        MB reductions conflicts       size    tier2     irredundant
c         level restarts    redundant     glue     trail       variables
c
c o  0.17 15 19 7 7 327 1 13566 7393 1.4 19 13 10 16 61% 694 10621 388 141%
c -  0.18 15 20 7 8 328 1 14477 7033 1.4 19 14 11 18 62% 694 10621 388 141%
c s  0.19 15 20 7 8 328 1 14512 7063 1.4 19 14 11 18 62% 694 10555 388 141%
c e  0.19 17 20 7 8 328 1 14512 7063 1.4 19 14 11 18 62% 204 9840 121 44%
c s  0.20 18 20 7 8 328 1 14512 7063 1.4 19 14 11 18 62% 204 9824 121 44%
c ^  0.20 18 20 7 8 328 1 14512 7063 1.4 19 14 11 18 62% 204 9824 121 44%
c ]  0.21 18 19 8 8 328 1 15295 4121 1.4 19 14 11 18 65% 204 9824 121 44%
c {  0.21 18 17 8 8 328 2 15295 4121 1.6 16 10 8 12 58% 204 9824 121 44%
c -  0.24 18 17 8 9 475 2 17305 5090 1.5 16 10 8 12 63% 204 9824 121 44%
c u  0.26 18 16 8 9 573 2 18317 5902 1.5 16 10 8 12 65% 204 9824 121 44%
c v  0.26 18 16 8 9 573 2 18317 5900 1.5 16 10 8 12 65% 204 9824 121 44%
c w  0.26 18 16 8 9 573 2 18317 5900 1.5 16 10 8 12 65% 204 9824 121 44%
c x  0.26 18 16 8 9 573 2 18317 5900 1.5 16 10 8 12 65% 204 9823 121 44%
c -  0.28 18 15 8 10 599 2 20306 6756 1.5 15 10 8 11 67% 204 9823 121 44%
c }  0.30 18 15 9 10 770 2 21455 7577 1.5 15 10 8 11 68% 204 9823 121 44%
c [  0.30 18 19 9 10 770 1 21455 7577 1.4 19 14 11 18 65% 204 9823 121 44%
c O  0.30 18 19 9 10 770 1 21455 7577 1.4 19 14 11 18 65% 204 9823 121 44%
c -  0.33 18 20 9 11 771 1 23473 7997 1.4 19 14 11 18 70% 204 9823 121 44%
c ]  0.37 18 19 10 11 773 1 26070 10063 1.4 19 14 11 18 73% 204 9823 121 44%
c {  0.37 18 15 10 11 773 2 26070 10063 1.5 15 10 8 11 68% 204 9823 121 44%
c
c seconds   switched   rate         size/glue  tier1    binary      remaining
c        MB   reductions conflicts        size   tier2    irredundant
c         level   restarts     redundant     glue    trail      variables
c
c o  0.37 18 15 10 11 785 2 26107 10095 1.5 15 10 8 11 68% 204 9823 121 44%
c -  0.38 18 15 10 12 898 2 26791 9540 1.5 15 10 8 12 69% 204 9823 121 44%
c s  0.44 18 15 10 12 1070 2 29255 11372 1.5 15 10 8 12 71% 204 9739 121 44%
c e  0.44 19 15 10 12 1070 2 29255 11372 1.5 15 10 8 12 71% 214 9739 111 40%
c s  0.46 19 15 10 12 1070 2 29255 11372 1.5 15 10 8 12 71% 214 9727 111 40%
c ^  0.46 19 15 10 12 1070 2 29255 11372 1.5 15 10 8 12 71% 214 9727 111 40%
c -  0.47 19 15 10 13 1136 2 30256 5063 1.5 15 10 8 11 72% 214 9727 111 40%
c u  0.49 19 15 10 13 1179 2 31440 5915 1.5 15 10 8 11 73% 214 9727 111 40%
c v  0.49 19 15 10 13 1179 2 31440 5903 1.5 15 10 8 11 73% 214 9727 111 40%
c w  0.49 19 15 10 13 1179 2 31440 5902 1.5 15 10 8 11 73% 214 9727 111 40%
c x  0.50 19 15 10 13 1179 2 31440 5900 1.5 15 10 8 11 73% 214 9726 111 40%
c -  0.52 19 14 10 14 1262 2 33861 6603 1.4 15 10 8 11 74% 214 9726 111 40%
c }  0.53 19 14 11 14 1262 2 34697 7210 1.4 14 10 8 11 74% 214 9726 111 40%
c [  0.53 19 19 11 14 1262 1 34697 7210 1.4 19 14 11 18 73% 214 9726 111 40%
c B  0.53 19 19 11 14 1262 1 34697 7210 1.4 19 14 11 18 73% 214 9726 111 40%
c -  0.55 19 18 11 15 1264 1 37605 8621 1.4 19 14 10 16 75% 214 9726 111 40%
c -  0.59 19 18 11 16 1267 1 41478 10220 1.4 18 13 10 15 76% 214 9726 111 40%
c -  0.63 19 17 11 17 1268 1 45478 11722 1.4 18 13 9 15 78% 214 9726 111 40%
c ]  0.64 19 17 12 17 1268 1 46707 12557 1.4 18 13 9 15 78% 214 9726 111 40%
c {  0.64 19 14 12 17 1268 2 46707 12557 1.4 14 10 8 11 74% 214 9726 111 40%
c
c seconds   switched    rate         size/glue  tier1    binary      remaining
c        MB   reductions  conflicts        size   tier2    irredundant
c         level    restarts     redundant     glue    trail      variables
c
c u  0.67 21 14 12 17 1306 2 48357 13603 1.4 14 10 8 11 74% 214 9726 111 40%
c v  0.68 21 14 12 17 1306 2 48357 13597 1.4 14 10 8 11 74% 214 9726 111 40%
c w  0.68 21 14 12 17 1306 2 48357 13579 1.4 14 10 8 11 74% 214 9726 111 40%
c x  0.68 22 14 12 17 1306 2 48357 13578 1.4 14 10 8 11 74% 214 9724 111 40%
c o  0.72 24 14 12 17 1306 2 48357 13578 1.4 14 10 8 11 74% 214 9724 111 40%
c -  0.73 24 14 12 18 1467 2 49601 12737 1.4 14 10 8 11 75% 214 9724 111 40%
c -  0.78 24 14 12 19 1546 2 53846 12701 1.4 14 10 7 11 76% 214 9724 111 40%
c }  0.83 24 13 13 19 1581 2 58187 15654 1.4 14 10 7 11 77% 214 9724 111 40%
c [  0.83 24 17 13 19 1581 1 58187 15654 1.4 18 13 9 15 78% 214 9724 111 40%
c W  0.83 25 17 13 19 1581 1 58187 15654 1.4 18 13 9 15 78% 214 9724 111 40%
c -  0.83 25 17 13 20 1581 1 58204 13228 1.4 18 13 9 15 78% 214 9724 111 40%
c s  0.88 25 16 13 20 1583 1 61253 15224 1.4 18 12 9 15 78% 214 9664 111 40%
c e  0.88 25 16 13 20 1583 1 61253 15224 1.4 18 12 9 15 78% 216 9664 110 40%
c s  0.91 25 16 13 20 1583 1 61253 15224 1.4 18 12 9 15 78% 216 9639 110 40%
c ^  0.91 25 16 13 20 1583 1 61253 15224 1.4 18 12 9 15 78% 216 9639 110 40%
c -  0.92 25 16 13 21 1584 1 62679 11394 1.4 18 12 9 14 78% 216 9639 110 40%
c -  0.96 25 16 13 22 1587 1 67261 13234 1.4 18 12 9 14 79% 216 9639 110 40%
c u  0.99 27 16 13 22 1587 1 69171 14517 1.4 17 12 9 14 79% 216 9639 110 40%
c v  1.00 28 16 13 22 1587 1 69171 14512 1.4 17 12 9 14 79% 216 9639 110 40%
c w  1.00 28 16 13 22 1587 1 69171 14512 1.4 17 12 9 14 79% 216 9639 110 40%
c
c seconds   switched    rate         size/glue  tier1    binary      remaining
c        MB   reductions  conflicts        size   tier2    irredundant
c         level    restarts     redundant     glue    trail      variables
c
c x  1.00 28 16 13 22 1587 1 69171 14512 1.4 17 12 9 14 79% 216 9634 110 40%
c ]  1.04 28 16 14 22 1589 1 71859 16512 1.4 17 12 9 14 80% 216 9634 110 40%
c {  1.04 28 13 14 22 1589 2 71859 16512 1.4 14 10 7 11 77% 216 9634 110 40%
c -  1.04 28 13 14 23 1594 2 71952 14487 1.4 14 10 7 11 77% 216 9634 110 40%
c -  1.11 28 13 14 24 1930 2 76747 15637 1.4 14 10 7 11 78% 216 9634 110 40%
c -  1.18 28 13 14 25 2127 2 81645 16332 1.4 14 10 7 11 78% 216 9634 110 40%
c o  1.23 28 13 14 25 2256 2 85688 18971 1.4 13 10 7 11 78% 216 9634 110 40%
c }  1.24 28 13 15 25 2296 2 86575 19580 1.4 13 10 7 11 79% 216 9634 110 40%
c [  1.24 28 16 15 25 2296 1 86575 19580 1.4 17 12 9 14 80% 216 9634 110 40%
c I  1.24 28 16 15 25 2296 1 86575 19580 1.4 17 12 9 14 80% 216 9634 110 40%
c -  1.25 28 16 15 26 2296 1 86646 17315 1.4 17 12 9 14 80% 216 9634 110 40%
c -  1.28 28 15 15 27 2300 1 91747 18762 1.4 17 12 9 14 81% 216 9634 110 40%
c u  1.31 29 15 15 27 2301 1 94057 20220 1.4 17 12 9 14 81% 216 9634 110 40%
c v  1.32 29 15 15 27 2301 1 94057 20160 1.4 17 12 9 14 81% 216 9634 110 40%
c w  1.32 29 15 15 27 2301 1 94057 20147 1.4 17 12 9 14 81% 216 9634 110 40%
c x  1.33 29 15 15 27 2301 1 94057 20146 1.4 17 12 9 14 81% 216 9621 110 40%
c -  1.36 29 15 15 28 2302 1 96943 19881 1.4 17 12 8 13 82% 216 9621 110 40%
c -  1.41 29 15 15 29 2305 1 102237 20865 1.4 16 11 8 13 82% 217 9621 110 40%
c B  1.43 29 15 15 29 2307 1 104378 22330 1.4 16 11 8 13 82% 217 9621 110 40%
c -  1.46 29 14 15 30 2309 1 107623 22048 1.4 16 11 8 13 82% 217 9621 110 40%
c
c seconds   switched    rate          size/glue  tier1    binary      remaining
c        MB   reductions  conflicts         size   tier2    irredundant
c         level    restarts      redundant     glue    trail      variables
c
c ]  1.49 29 14 16 30 2309 1 110196 23700 1.4 16 11 8 13 82% 218 9621 110 40%
c {  1.49 29 13 16 30 2309 2 110196 23700 1.4 13 10 7 11 79% 218 9621 110 40%
c s  1.55 29 13 16 30 2396 2 112854 25467 1.4 13 10 7 11 79% 218 9456 110 40%
c e  1.56 29 13 16 30 2396 2 112854 25467 1.4 13 10 7 11 79% 227 9461 105 38%
c s  1.59 29 13 16 30 2396 2 112854 25467 1.4 13 10 7 11 79% 227 9379 105 38%
c ^  1.59 29 13 16 30 2396 2 112854 25467 1.4 13 10 7 11 79% 227 9379 105 38%
c -  1.60 29 13 16 31 2400 2 113100 13139 1.4 13 10 7 11 79% 227 9379 105 38%
c -  1.66 29 12 16 32 2504 2 118668 16153 1.4 13 9 7 11 79% 227 9379 105 38%
c u  1.72 29 12 16 32 2598 2 123145 19261 1.4 13 9 7 11 80% 227 9379 105 38%
c v  1.72 29 12 16 32 2598 2 123145 19255 1.4 13 9 7 11 80% 227 9379 105 38%
c w  1.73 29 12 16 32 2598 2 123145 19246 1.4 13 9 7 11 80% 227 9379 105 38%
c x  1.73 29 12 16 32 2598 2 123145 19246 1.4 13 9 7 11 80% 227 9331 105 38%
c -  1.75 29 12 16 33 2694 2 124325 18868 1.4 13 9 7 11 80% 227 9331 105 38%
c }  1.79 29 12 17 33 2810 2 128534 21661 1.4 13 9 7 11 80% 227 9331 105 38%
c [  1.79 29 14 17 33 2810 1 128534 21661 1.4 16 11 8 13 82% 227 9331 105 38%
c W  1.79 29 14 17 33 2810 1 128534 21661 1.4 16 11 8 13 82% 227 9331 105 38%
c o  1.79 29 14 17 33 2810 1 128534 21661 1.4 16 11 8 13 82% 227 9331 105 38%
c -  1.82 29 14 17 34 2811 1 130070 20748 1.4 16 11 8 13 82% 227 9331 105 38%
c -  1.89 29 15 17 35 2815 1 135902 21929 1.4 16 12 8 13 82% 227 9331 105 38%
c -  1.96 29 15 17 36 2817 1 141818 23383 1.4 16 12 8 13 83% 227 9331 105 38%
c
c seconds   switched    rate          size/glue  tier1    binary      remaining
c        MB   reductions  conflicts         size   tier2    irredundant
c         level    restarts      redundant     glue    trail      variables
c
c ]  1.99 29 15 18 36 2819 1 143826 24752 1.4 16 12 8 13 83% 227 9331 105 38%
c {  1.99 29 12 18 36 2819 2 143826 24752 1.4 13 9 7 11 80% 227 9331 105 38%
c -  2.08 29 13 18 37 3808 2 147819 24421 1.4 13 10 7 11 79% 227 9331 105 38%
c -  2.19 29 13 18 38 5048 2 153901 24639 1.4 14 10 7 11 78% 227 9331 105 38%
c u  2.26 33 13 18 38 5654 2 156649 26165 1.4 14 10 7 11 78% 227 9331 105 38%
c v  2.28 33 13 18 38 5654 2 156649 25990 1.4 14 10 7 11 78% 227 9331 105 38%
c w  2.28 33 13 18 38 5654 2 156649 25781 1.4 14 10 7 11 78% 227 9331 105 38%
c x  2.29 33 13 18 38 5654 2 156649 25759 1.4 14 10 7 11 78% 227 9248 105 38%
c -  2.44 34 13 18 39 6452 2 160065 24421 1.3 14 10 7 12 77% 227 9248 105 38%
c }  2.56 34 14 19 39 7426 2 166171 28554 1.3 14 11 7 12 77% 227 9248 105 38%
c [  2.56 34 15 19 39 7426 1 166171 28554 1.4 16 12 8 13 83% 227 9248 105 38%
c O  2.56 34 15 19 39 7426 1 166171 28554 1.4 16 12 8 13 83% 227 9248 105 38%
c -  2.57 34 15 19 40 7426 1 166311 25392 1.4 16 12 8 13 83% 227 9248 105 38%
c -  2.65 34 15 19 41 7431 1 172637 26958 1.4 16 12 8 13 83% 227 9248 105 38%
c -  2.72 34 15 19 42 7433 1 179041 27718 1.4 17 12 8 13 83% 227 9248 105 38%
c -  2.80 34 15 19 43 7438 1 185524 28636 1.4 17 12 8 13 83% 227 9248 105 38%
c s  2.84 34 15 19 43 7438 1 186426 29279 1.4 17 12 8 13 83% 227 6746 105 38%
c e  2.85 34 15 19 43 7438 1 186426 29279 1.4 17 12 8 13 83% 240 6752 96 35%
c ^  2.86 34 15 19 43 7438 1 186426 29279 1.4 17 12 8 13 83% 240 6752 96 35%
c o  2.86 34 15 19 43 7438 1 186426 8008 1.4 17 12 8 13 83% 240 6752 96 35%
c
c seconds   switched    rate          size/glue  tier1    binary     remaining
c        MB   reductions  conflicts         size   tier2    irredundant
c         level    restarts      redundant     glue    trail     variables
c
c -  2.91 34 15 19 44 7440 1 192082 10618 1.4 17 12 8 13 83% 240 6752 96 35%
c B  2.93 34 15 19 44 7440 1 193913 11888 1.4 17 12 8 13 84% 240 6752 96 35%
c u  2.95 34 15 19 44 7440 1 194619 12415 1.4 17 12 8 13 84% 240 6752 96 35%
c v  2.96 34 15 19 44 7440 1 194619 12103 1.4 17 12 8 13 84% 240 6752 96 35%
c w  2.96 34 15 19 44 7440 1 194619 12092 1.4 17 12 8 13 84% 240 6752 96 35%
c x  2.97 34 15 19 44 7440 1 194619 12091 1.4 17 12 8 13 84% 240 6733 96 35%
c -  3.01 34 15 19 45 7440 1 198715 13561 1.4 17 12 8 14 84% 240 6733 96 35%
c -  3.06 34 16 19 46 7446 1 205424 15779 1.4 17 12 8 14 84% 240 6733 96 35%
c -  3.12 34 16 19 47 7448 1 212206 17412 1.4 17 12 8 14 84% 240 6733 96 35%
c ]  3.16 34 16 20 47 7450 1 215621 19855 1.4 17 12 8 14 84% 240 6733 96 35%
c {  3.16 34 14 20 47 7450 2 215621 19855 1.3 14 11 7 12 77% 240 6733 96 35%
c -  3.20 34 14 20 48 7475 2 219063 19065 1.3 14 10 7 12 78% 240 6733 96 35%
c -  3.27 34 13 20 49 7518 2 225992 19978 1.4 14 10 7 11 79% 240 6733 96 35%
c -  3.36 34 13 20 50 7559 2 232995 21077 1.4 14 10 7 11 79% 241 6733 96 35%
c u  3.43 34 13 20 50 7632 2 239000 24750 1.4 14 10 7 11 80% 241 6733 96 35%
c v  3.44 34 13 20 50 7632 2 239000 24732 1.4 14 10 7 11 80% 241 6733 96 35%
c w  3.44 34 13 20 50 7632 2 239000 24730 1.4 14 10 7 11 80% 241 6733 96 35%
c x  3.45 34 13 20 50 7632 2 239000 24730 1.4 14 10 7 11 80% 241 6702 96 35%
c -  3.47 34 13 20 51 7644 2 240066 22746 1.4 13 10 7 11 80% 241 6702 96 35%
c }  3.49 34 13 21 51 7668 2 242360 24189 1.4 13 10 7 11 80% 241 6702 96 35%
c
c seconds   switched    rate          size/glue  tier1    binary     remaining
c        MB   reductions  conflicts         size   tier2    irredundant
c         level    restarts      redundant     glue    trail     variables
c
c [  3.49 34 16 21 51 7668 1 242360 24189 1.4 17 12 8 14 84% 241 6702 96 35%
c W  3.49 34 16 21 51 7668 1 242360 24189 1.4 17 12 8 14 84% 241 6702 96 35%
c -  3.52 34 16 21 52 7671 1 247209 24775 1.4 17 12 8 14 84% 241 6702 96 35%
c -  3.59 34 16 21 53 7674 1 254420 26997 1.4 17 12 8 14 84% 241 6702 96 35%
c -  3.66 34 16 21 54 7680 1 261701 28319 1.4 17 12 8 14 85% 241 6702 96 35%
c -  3.75 34 16 21 55 7682 1 269050 28784 1.4 18 13 8 14 85% 241 6702 96 35%
c ]  3.79 34 16 22 55 7682 1 272339 30917 1.4 18 13 8 14 85% 241 6702 96 35%
c {  3.79 34 13 22 55 7682 2 272339 30917 1.4 13 10 7 11 80% 241 6702 96 35%
c -  3.84 34 13 22 56 7685 2 276467 29990 1.4 14 10 7 11 81% 241 6702 96 35%
c -  3.92 34 12 22 57 7686 2 283950 31692 1.4 13 10 7 11 81% 241 6702 96 35%
c u  3.98 34 12 22 57 7686 1 288218 34491 1.4 13 9 7 11 82% 241 6702 96 35%
c v  3.99 34 12 22 57 7686 1 288218 34392 1.4 13 9 7 11 82% 241 6702 96 35%
c w  3.99 34 12 22 57 7686 1 288218 34193 1.4 13 9 7 11 82% 241 6702 96 35%
c x  4.00 34 12 22 57 7686 1 288218 34191 1.4 13 9 7 11 82% 241 6643 96 35%
c o  4.00 34 12 22 57 7686 1 288218 34191 1.4 13 9 7 11 82% 241 6643 96 35%
c s  4.03 34 12 22 57 7686 1 288233 34199 1.4 13 9 7 11 82% 241 6236 96 35%
c e  4.04 34 12 22 57 7686 1 288233 34199 1.4 13 9 7 11 82% 302 6186 89 32%
c !  4.04 34 12 22 57 7686 1 288233 34199 1.4 13 9 7 11 82% 302 6186 89 32%
c -  4.06 34 12 22 58 7686 1 291499 9121 1.4 13 9 7 11 82% 302 6186 89 32%
c -  4.11 34 11 22 59 7686 1 299114 12963 1.4 13 9 7 11 82% 302 6186 89 32%
c
c seconds   switched    rate          size/glue tier1    binary     remaining
c        MB   reductions  conflicts         size  tier2    irredundant
c         level    restarts      redundant    glue    trail     variables
c
c }  4.14 34 11 23 59 7686 1 303855 15304 1.4 13 9 7 11 83% 302 6186 89 32%
c [  4.14 34 16 23 59 7686 1 303855 15304 1.4 18 13 8 14 85% 302 6186 89 32%
c I  4.14 34 16 23 59 7686 1 303855 15304 1.4 18 13 8 14 85% 302 6186 89 32%
c -  4.15 34 16 23 60 7688 1 306796 16605 1.4 18 13 8 14 85% 302 6186 89 32%
c -  4.20 34 16 23 61 7692 1 314543 20644 1.4 18 13 8 14 85% 302 6186 89 32%
c -  4.26 34 16 23 62 7697 1 322353 24070 1.4 18 13 8 14 86% 302 6186 89 32%
c -  4.31 34 16 23 63 7700 1 330227 25757 1.4 18 13 8 14 86% 302 6186 89 32%
c -  4.36 35 16 23 64 7702 1 338164 26984 1.4 18 13 8 14 86% 302 6186 89 32%
c u  4.41 35 16 23 64 7705 1 342439 29937 1.4 18 13 8 14 86% 302 6186 89 32%
c v  4.42 35 16 23 64 7705 1 342439 29915 1.4 18 13 8 14 86% 302 6186 89 32%
c w  4.42 35 16 23 64 7705 1 342439 29914 1.4 18 13 8 14 86% 302 6186 89 32%
c x  4.43 35 16 23 64 7705 1 342439 29914 1.4 18 13 8 14 86% 302 6130 89 32%
c B  4.44 35 16 23 64 7706 1 343296 30540 1.4 18 13 8 14 86% 302 6130 89 32%
c ]  4.46 35 17 24 64 7707 1 345757 32543 1.4 19 13 8 14 86% 302 6130 89 32%
c {  4.46 35 11 24 64 7707 1 345757 32543 1.4 13 9 7 11 83% 302 6130 89 32%
c -  4.47 35 11 24 65 7729 1 346164 24218 1.4 13 9 6 11 83% 302 6130 89 32%
c -  4.53 36 11 24 66 8084 1 354226 23747 1.4 12 9 6 10 83% 302 6130 89 32%
c -  4.60 36 11 24 67 8306 1 362351 24566 1.4 12 9 6 10 83% 302 6130 89 32%
c o  4.66 36 11 24 67 8582 1 370299 29163 1.4 12 9 6 10 84% 302 6130 89 32%
c -  4.67 36 11 24 68 8622 1 370536 25697 1.4 12 9 6 10 84% 302 6130 89 32%
c
c seconds   switched    rate          size/glue tier1    binary     remaining
c        MB   reductions  conflicts         size  tier2    irredundant
c         level    restarts      redundant    glue    trail     variables
c
c -  4.74 36 11 24 69 9076 1 378783 27343 1.4 12 9 6 10 84% 302 6130 89 32%
c }  4.76 36 11 25 69 9434 1 382434 29340 1.4 12 9 6 10 84% 302 6130 89 32%
c [  4.76 36 17 25 69 9434 1 382434 29340 1.4 19 13 8 14 86% 302 6130 89 32%
c W  4.79 38 17 25 69 9437 1 387010 31967 1.4 18 13 8 14 86% 302 6130 89 32%
c -  4.79 38 17 25 70 9437 1 387089 28450 1.4 18 13 8 14 86% 302 6130 89 32%
c -  4.85 41 17 25 71 9441 1 395458 29101 1.4 19 13 8 14 86% 302 6130 89 32%
c u  4.91 44 17 25 71 9446 1 402255 33709 1.4 19 13 8 14 86% 302 6130 89 32%
c v  4.92 44 17 25 71 9446 1 402255 32978 1.4 19 13 8 14 86% 302 6130 89 32%
c w  4.93 44 17 25 71 9446 1 402255 32728 1.4 19 13 8 14 86% 302 6130 89 32%
c x  4.94 44 17 25 71 9446 1 402255 32727 1.4 19 13 8 14 86% 302 6114 89 32%
c -  5.02 47 17 25 72 9447 1 403884 29045 1.4 19 13 8 14 86% 302 6114 89 32%
c -  5.11 47 17 25 73 9448 1 412369 29799 1.4 19 14 8 14 86% 302 6114 89 32%
c s  5.17 47 17 25 73 9451 1 418274 33744 1.4 19 14 8 14 86% 302 5968 89 32%
c -  5.21 48 18 25 74 9453 1 420916 30121 1.4 19 14 8 14 86% 302 5968 89 32%
c ]  5.22 48 17 26 74 9454 1 421772 30745 1.4 19 14 8 14 86% 302 5968 89 32%
c {  5.22 48 11 26 74 9454 1 421772 30745 1.4 12 9 6 10 84% 302 5968 89 32%
c -  5.29 48 11 26 75 9955 1 429518 31318 1.4 12 9 6 10 84% 302 5968 89 32%
c -  5.35 48 11 26 76 10200 1 438179 32759 1.4 12 9 6 10 85% 302 5968 89 32%
c -  5.42 48 11 26 77 10664 1 446896 34191 1.4 12 9 6 10 85% 302 5968 89 32%
c o  5.45 48 11 26 77 10842 1 450340 36326 1.4 12 9 6 10 85% 302 5968 89 32%
c
c seconds   switched     rate          size/glue tier1    binary     remaining
c        MB   reductions   conflicts         size  tier2    irredundant
c         level    restarts       redundant    glue    trail     variables
c
c -  5.49 48 11 26 78 11036 1 455671 35832 1.4 12 9 6 10 85% 302 5968 89 32%
c }  5.57 48 11 27 78 11463 1 463991 40709 1.3 12 9 6 10 85% 302 5968 89 32%
c [  5.57 48 17 27 78 11463 1 463991 40709 1.4 19 14 8 14 86% 302 5968 89 32%
c O  5.57 48 17 27 78 11463 1 463991 40709 1.4 19 14 8 14 86% 302 5968 89 32%
c -  5.58 48 18 27 79 11463 1 464502 36908 1.4 19 14 8 14 86% 302 5968 89 32%
c u  5.63 48 18 27 79 11465 1 467242 39073 1.4 20 14 8 14 86% 302 5968 89 32%
c v  5.64 48 18 27 79 11465 1 467242 38921 1.4 20 14 8 14 86% 302 5968 89 32%
c w  5.64 48 18 27 79 11465 1 467242 38916 1.4 20 14 8 14 86% 302 5968 89 32%
c x  5.65 48 18 27 79 11465 1 467242 38916 1.4 20 14 8 14 86% 302 5924 89 32%
c -  5.72 49 18 27 80 11469 1 473391 36792 1.4 20 14 8 15 86% 302 5924 89 32%
c -  5.80 49 19 27 81 11474 1 482336 36367 1.4 20 14 8 15 86% 302 5924 89 32%
c -  5.88 49 18 27 82 11477 1 491339 37611 1.4 20 14 8 15 85% 302 5924 89 32%
c -  5.97 49 18 27 83 11480 1 500396 39606 1.4 20 14 8 15 85% 302 5924 89 32%
c ]  5.97 49 18 28 83 11480 1 500781 39860 1.4 20 14 8 15 85% 302 5924 89 32%
c {  5.97 49 11 28 83 11480 1 500781 39860 1.3 12 9 6 10 85% 302 5924 89 32%
c -  6.05 49 11 28 84 11855 1 509506 40694 1.3 12 9 6 10 86% 302 5924 89 32%
c -  6.12 49 11 28 85 12081 1 518671 41297 1.3 12 9 6 10 86% 302 5924 89 32%
c -  6.20 49 11 28 86 12455 1 527890 42518 1.3 12 9 6 10 86% 303 5924 89 32%
c -  6.27 49 11 28 87 12805 1 537163 44431 1.3 12 9 6 10 86% 303 5924 89 32%
c u  6.29 50 11 28 87 12807 1 537755 44598 1.3 12 9 6 10 86% 303 5924 89 32%
c
c seconds   switched     rate          size/glue tier1    binary     remaining
c        MB   reductions   conflicts         size  tier2    irredundant
c         level    restarts       redundant    glue    trail     variables
c
c v  6.30 50 11 28 87 12807 1 537755 43544 1.3 12 9 6 10 86% 303 5924 89 32%
c w  6.31 50 11 28 87 12807 1 537755 43359 1.3 12 9 6 10 86% 303 5924 89 32%
c x  6.32 50 11 28 87 12807 1 537755 43357 1.3 12 9 6 10 86% 303 5830 89 32%
c o  6.35 50 11 28 87 12918 1 540863 45276 1.3 12 9 6 10 86% 303 5830 89 32%
c -  6.40 53 11 28 88 13154 1 546492 45119 1.3 12 9 6 10 87% 303 5830 89 32%
c }  6.42 53 11 29 88 13291 1 548919 46502 1.3 12 9 6 10 87% 303 5830 89 32%
c [  6.42 53 18 29 88 13291 1 548919 46502 1.4 20 14 8 15 85% 303 5830 89 32%
c B  6.42 53 18 29 88 13291 1 548919 46502 1.4 20 14 8 15 85% 303 5830 89 32%
c -  6.47 57 18 29 89 13296 1 555872 46427 1.4 20 14 8 15 85% 303 5830 89 32%
c -  6.55 57 18 29 90 13300 1 565305 46603 1.4 19 14 8 15 85% 304 5830 89 32%
c -  6.62 57 18 29 91 13305 1 574795 45910 1.4 19 14 8 15 86% 304 5830 89 32%
c s  6.66 57 18 29 91 13305 1 578119 48233 1.4 19 14 8 15 86% 304 5653 89 32%
c -  6.74 57 18 29 92 13308 1 584336 45671 1.4 19 14 8 15 86% 304 5653 89 32%
c -  6.83 57 18 29 93 13312 1 593929 46034 1.4 19 14 8 15 86% 304 5653 89 32%
c ]  6.85 57 18 30 93 13313 1 595338 46891 1.4 19 14 8 15 86% 304 5653 89 32%
c {  6.85 57 11 30 93 13313 1 595338 46891 1.3 12 9 6 10 87% 304 5653 89 32%
c -  6.94 57 11 30 94 13740 1 603574 46843 1.3 12 9 6 10 87% 305 5653 89 32%
c -  7.03 57 11 30 95 14067 1 613269 47695 1.3 12 9 6 10 87% 306 5653 89 32%
c u  7.06 58 11 30 95 14067 1 613769 47898 1.3 12 9 6 10 87% 306 5653 89 32%
c v  7.07 58 11 30 95 14067 1 613769 45408 1.3 12 9 6 10 87% 306 5653 89 32%
c
c seconds   switched     rate          size/glue tier1    binary     remaining
c        MB   reductions   conflicts         size  tier2    irredundant
c         level    restarts       redundant    glue    trail     variables
c
c w  7.08 58 11 30 95 14067 1 613769 44781 1.3 12 9 6 10 87% 306 5653 89 32%
c x  7.09 58 11 30 95 14067 1 613769 44776 1.3 12 9 6 10 87% 306 5544 89 32%
c -  7.17 58 11 30 96 14578 1 623017 46823 1.3 12 9 6 10 86% 306 5544 89 32%
c -  7.26 58 11 30 97 14970 1 632814 49710 1.3 12 9 6 10 86% 306 5544 89 32%
c -  7.35 58 11 30 98 15352 1 642662 50919 1.3 12 9 6 10 87% 306 5544 89 32%
c o  7.36 58 11 30 98 15376 1 644119 51710 1.3 12 9 6 10 87% 306 5544 89 32%
c }  7.41 58 11 31 98 15629 1 649773 55148 1.3 12 9 6 10 87% 306 5544 89 32%
c [  7.41 58 18 31 98 15629 1 649773 55148 1.4 19 14 8 15 86% 306 5544 89 32%
c W  7.41 60 18 31 98 15629 1 649773 55148 1.4 19 14 8 15 86% 306 5544 89 32%
c -  7.44 61 18 31 99 15631 1 652561 51569 1.4 19 14 8 15 86% 306 5544 89 32%
c -  7.53 62 18 31 100 15636 1 662513 51456 1.4 19 14 8 15 87% 306 5544 89 32%
c -  7.61 62 18 31 101 15642 1 672513 52077 1.4 20 14 8 15 87% 306 5544 89 32%
c -  7.70 62 18 31 102 15643 1 682565 54079 1.4 20 14 8 15 87% 306 5544 89 32%
c -  7.81 63 18 31 103 15650 1 692664 56404 1.4 20 14 8 15 87% 306 5544 89 32%
c u  7.86 64 18 31 103 15651 1 695768 58510 1.4 20 14 8 15 87% 306 5544 89 32%
c v  7.88 65 18 31 103 15651 1 695768 58431 1.4 20 14 8 15 87% 306 5544 89 32%
c w  7.88 65 18 31 103 15651 1 695768 58378 1.4 20 14 8 15 87% 306 5544 89 32%
c x  7.90 65 18 31 103 15651 1 695768 58376 1.4 20 14 8 15 87% 306 5493 89 32%
c -  7.97 69 17 31 104 15656 1 702812 56444 1.4 19 14 8 15 87% 307 5493 89 32%
c ]  8.01 69 17 32 104 15657 1 706272 58637 1.4 19 14 8 15 87% 308 5493 89 32%
c
c seconds   switched      rate          size/glue tier1    binary     remaining
c        MB   reductions    conflicts         size  tier2    irredundant
c         level     restarts       redundant    glue    trail     variables
c
c {  8.01 69 11 32 104 15657 1 706272 58637 1.3 12 9 6 10 87% 308 5493 89 32%
c -  8.11 69 11 32 105 15823 1 713012 56678 1.3 12 9 6 10 86% 313 5493 89 32%
c i  8.12 69 11 32 105 15823 1 714144 57293 1.3 12 9 6 10 86% 319 5493 88 32%
c -  8.21 69 11 32 106 16270 1 723259 40567 1.3 12 9 6 10 86% 297 5493 88 32%
c -  8.31 69 11 32 107 16570 1 733556 44150 1.3 12 9 6 10 86% 297 5493 88 32%
c -  8.40 69 11 32 108 16831 1 743901 45861 1.3 11 9 6 10 86% 300 5493 88 32%
c -  8.48 69 11 32 109 17039 1 754295 47743 1.3 11 8 6 10 87% 304 5493 88 32%
c i  8.55 69 11 32 109 17221 1 762419 52639 1.3 11 8 6 10 87% 319 5493 87 32%
c o  8.55 69 11 32 109 17221 1 762419 52639 1.3 11 8 6 10 87% 319 5493 87 32%
c -  8.58 70 11 32 110 17359 1 764736 30494 1.3 11 8 6 10 87% 289 5493 87 32%
c }  8.60 70 11 33 110 17549 1 767378 32082 1.3 11 8 6 10 87% 289 5493 87 32%
c [  8.60 70 17 33 110 17549 1 767378 32082 1.4 19 14 8 15 87% 289 5493 87 32%
c I  8.60 70 17 33 110 17549 1 767378 32082 1.4 19 14 8 15 87% 289 5493 87 32%
c s  8.64 70 17 33 110 17551 1 770366 33953 1.4 19 13 8 15 87% 289 5150 87 32%
c -  8.69 70 17 33 111 17554 1 775224 35479 1.4 19 13 8 14 87% 289 5150 87 32%
c u  8.78 70 17 33 111 17558 1 783390 41325 1.4 19 13 8 14 87% 289 5150 87 32%
c v  8.80 70 17 33 111 17558 1 783390 40889 1.4 19 13 8 14 87% 289 5150 87 32%
c w  8.81 70 17 33 111 17558 1 783390 40824 1.4 19 13 8 14 87% 289 5150 87 32%
c x  8.82 70 17 33 111 17558 1 783390 40822 1.4 19 13 8 14 87% 289 5096 87 32%
c -  8.85 70 17 33 112 17560 1 785760 39675 1.4 19 13 8 14 87% 289 5096 87 32%
c
c seconds   switched      rate          size/glue  tier1    binary     remaining
c        MB   reductions    conflicts         size   tier2    irredundant
c         level     restarts       redundant     glue    trail     variables
c
c -  8.95 70 17 33 113 17563 1 796344 41582 1.4 19 13 8 14 87% 290 5096 87 32%
c -  9.07 70 17 33 114 17569 1 806976 43102 1.4 19 13 8 14 87% 290 5096 87 32%
c i  9.12 70 17 33 114 17570 1 811774 45779 1.4 19 13 8 14 87% 294 5096 86 31%
c -  9.18 71 17 33 115 17574 1 817655 29697 1.4 19 13 8 14 87% 281 5096 86 31%
c ]  9.26 71 18 34 115 17578 1 826503 36000 1.4 19 14 8 14 87% 281 5096 86 31%
c {  9.26 71 11 34 115 17578 1 826503 36000 1.3 11 8 6 10 87% 281 5096 86 31%
c -  9.29 71 11 34 116 17956 1 828379 33150 1.3 11 9 6 10 87% 281 5096 86 31%
c -  9.50 71 12 34 117 20109 1 839149 36012 1.3 12 9 6 10 85% 281 5096 86 31%
c -  9.72 71 13 34 118 22236 2 849967 36195 1.3 13 10 6 10 84% 281 5096 86 31%
c -  9.90 71 14 34 119 24258 2 860829 36348 1.3 14 11 6 10 84% 281 5096 86 31%
c - 10.07 71 15 34 120 26208 2 871738 36555 1.3 14 11 6 11 84% 281 5096 86 31%
c u 10.21 74 15 34 120 27383 2 877651 39666 1.3 15 12 6 11 83% 281 5096 86 31%
c v 10.25 74 15 34 120 27383 2 877651 38742 1.3 15 12 6 11 83% 281 5096 86 31%
c w 10.26 74 15 34 120 27383 2 877651 38571 1.3 15 12 6 11 83% 281 5096 86 31%
c x 10.29 75 15 34 120 27383 2 877651 38547 1.3 15 12 6 11 83% 281 4405 86 31%
c - 10.58 76 15 34 121 28095 2 882693 34228 1.3 15 12 6 11 83% 282 4404 86 31%
c o 10.58 76 15 34 121 28117 2 882798 34277 1.3 15 12 6 11 83% 282 4404 86 31%
c - 10.74 76 16 34 122 29412 2 893693 35832 1.3 16 12 6 11 83% 282 4404 86 31%
c } 10.76 76 16 35 122 29508 2 894650 36463 1.3 16 12 6 11 83% 282 4404 86 31%
c [ 10.76 76 18 35 122 29508 1 894650 36463 1.4 19 14 8 14 87% 282 4404 86 31%
c
c seconds   switched      rate          size/glue  tier1    binary     remaining
c        MB   reductions    conflicts         size   tier2    irredundant
c         level     restarts       redundant     glue    trail     variables
c
c B 10.76 76 18 35 122 29508 1 894650 36463 1.4 19 14 8 14 87% 282 4404 86 31%
c - 10.86 76 18 35 123 29514 1 904738 38557 1.4 19 14 8 14 87% 282 4404 86 31%
c - 10.95 76 17 35 124 29521 1 915830 39037 1.4 19 13 8 14 87% 283 4404 86 31%
c - 11.05 76 18 35 125 29522 1 926967 38277 1.4 19 14 8 14 87% 283 4404 86 31%
c - 11.17 76 18 35 126 29529 1 938147 36433 1.4 19 14 8 14 87% 283 4404 86 31%
c - 11.30 76 17 35 127 29536 1 949373 36874 1.4 19 14 8 14 87% 283 4404 86 31%
c - 11.43 76 17 35 128 29538 1 960642 38638 1.4 19 13 7 14 87% 284 4404 86 31%
c i 11.46 76 17 35 128 29538 1 963659 40264 1.4 19 13 7 14 87% 291 4404 81 29%
c W 11.51 76 17 35 128 29538 1 967627 43252 1.4 19 13 7 14 87% 273 1882 81 29%
c - 11.56 79 17 35 129 29538 1 971955 19749 1.4 19 13 7 14 87% 293 1882 81 29%
c u 11.66 79 17 35 129 29541 1 979799 24674 1.4 19 13 7 14 87% 281 1882 81 29%
c v 11.69 79 17 35 129 29541 1 979799 22141 1.4 19 13 7 14 87% 281 1882 81 29%
c w 11.70 79 17 35 129 29541 1 979799 20580 1.4 19 13 7 14 87% 281 1882 81 29%
c x 11.72 79 17 35 129 29541 1 979799 20542 1.4 19 13 7 14 87% 281 1300 81 29%
c t 11.73 79 17 35 129 29541 1 979799 20542 1.4 19 13 7 14 87% 275 1300 81 29%
c - 11.76 79 17 35 130 29544 1 983312 20547 1.4 19 13 7 14 87% 276 1300 81 29%
c i 11.76 79 17 35 130 29544 1 983553 20632 1.4 19 13 7 14 87% 280 1300 68 25%
c i 11.77 79 17 35 130 29544 1 984191 21039 1.4 19 13 7 14 87% 285 1300 60 22%
c i 11.77 79 17 35 130 29544 1 984356 21134 1.4 19 13 7 14 87% 288 1300 51 19%
c i 11.77 79 17 35 130 29544 1 984389 21147 1.4 19 13 7 14 87% 290 1300 42 15%
c
c seconds   switched      rate          size/glue  tier1    binary     remaining
c        MB   reductions    conflicts         size   tier2    irredundant
c         level     restarts       redundant     glue    trail     variables
c
c i 11.77 79 17 35 130 29544 1 984420 21151 1.4 19 13 7 14 87% 294 1300 33 12%
c ] 11.77 79 17 35 130 29544 1 984423 21151 1.4 19 13 7 14 87% 295 1300 16 6%
c 0 11.77 79 16 35 130 29544 2 984423 21151 1.3 16 12 6 11 83% 295 1300 16 6%
c
c ---- [ result ] ------------------------------------------------------------
c
s UNSATISFIABLE
c
c ---- [ profiling ] ---------------------------------------------------------
c
c          10.16   86.33 %  search
c           5.17   43.89 %  focused
c           5.00   42.43 %  stable
c           1.59   13.47 %  simplify
c           1.25   10.64 %  probe
c           0.80    6.84 %  vivify
c           0.40    3.37 %  sweep
c           0.34    2.85 %  eliminate
c           0.29    2.47 %  reduce
c           0.26    2.25 %  subsume
c           0.04    0.34 %  substitute
c           0.02    0.15 %  preprocess
c           0.02    0.13 %  walking
c           0.01    0.04 %  factor
c           0.00    0.04 %  congruence
c           0.00    0.03 %  parse
c           0.00    0.02 %  lucky
c           0.00    0.01 %  transitive
c           0.00    0.01 %  backbone
c =============================================
c          11.77  100.00 %  total
c
c ---- [ statistics ] --------------------------------------------------------
c
c conflicts:                           984423            83606.06 per second
c decisions:                          1316239                1.34 per conflict
c eliminated:                             299              109 %  variables
c factored:                               113               41 %  variables
c iterations:                              10                4 %  variables
c propagations:                      14449017          1227141    per second
c reductions:                             130             7572    interval
c reordered:                               13            75725    interval
c rephased:                                23            42801    interval
c restarts:                             29544               33    interval
c strengthened:                          1794                0 %  checks
c subsumed:                              4085                0 %  checks
c switched:                                35            28126    interval
c vivified:                             23378               81 %  checks
c walks:                                    8           123053    interval
c
c ---- [ glue usage ] --------------------------------------------------------
c
c focused glue 6   used 222593 clauses 13.76% accumulated 58.27% tier1
c focused glue 7   used 177544 clauses 10.98% accumulated 69.24%
c focused glue 8-9 used 237879 clauses 14.71% accumulated 83.95%
c focused glue 10  used  72393 clauses  4.48% accumulated 88.42%
c focused glue 11  used  50155 clauses  3.10% accumulated 91.53% tier2
c
c stable glue 7    used 209113 clauses  9.24% accumulated 51.92% tier1
c stable glue 8    used 197295 clauses  8.72% accumulated 60.64%
c stable glue 9-12 used 540770 clauses 23.89% accumulated 84.53%
c stable glue 13   used  77098 clauses  3.41% accumulated 87.94%
c stable glue 14   used  61117 clauses  2.70% accumulated 90.64% tier2
c
c ---- [ resources ] ---------------------------------------------------------
c
c maximum-resident-set-size:      84758495232 bytes      80832 MB
c process-time:                            12s              11.77 seconds
c
c ---- [ shutting down ] -----------------------------------------------------
c
c exit 20
