c ---- [ banner ] ------------------------------------------------------------
c
c Kissat SAT Solver
c 
c Copyright (c) 2021-2024 Armin Biere University of Freiburg
c Copyright (c) 2019-2021 Armin Biere Johannes Kepler University Linz
c 
c Version 4.0.4 8af8e56f174b778aef3aa45af9f739b2a5f492c2
c Apple clang version 17.0.0 (clang-1700.6.3.2) -W -Wall -O3 -DNDEBUG
c Mon Mar 30 18:25:47 CEST 2026 Darwin Mac 24.6.0 arm64
c
c ---- [ parsing ] -----------------------------------------------------------
c
c opened and reading DIMACS file:
c
c   tmp.cnf
c
c parsed 'p cnf 210 60249' header
c closing input after reading 3551105 bytes (3 MB)
c finished parsing after 0.01 seconds
c
c ---- [ solving ] -----------------------------------------------------------
c
c seconds switched rate     size/glue tier1 binary       remaining
c        MB reductions conflicts size  tier2   irredundant
c         level restarts redundant glue  trail       variables
c
c *  0.01 12 0 0 0  0 0   0   0 0.0 0 0 0 0 0%   0 60249 207 100%
c (  0.02 22 0 0 0  0 0   0   0 0.0 0 0 0 0 0%   0 60249 207 100%
c .  0.02 22 0 0 0  0 0   0   0 0.0 0 0 0 0 0%   0 60249 207 100%
c f  0.04 25 0 0 0  0 0   0   0 0.0 0 0 0 0 0% 454 54749 400 193%
c )  0.04 25 0 0 0  0 0   0   0 0.0 0 0 0 0 0% 454 54749 400 193%
c {  0.04 26 0 0 0  0 0   0   0 0.0 0 0 2 6 0% 454 54749 400 193%
c -  0.08 26 73 0 1  1 2 1000 595 1.2 24 19 16 26 46% 454 54749 400 193%
c }  0.08 26 73 1 1  1 2 1000 595 1.2 24 19 16 26 46% 454 54749 400 193%
c [  0.08 26 0 1 1  1 0 1000 595 0.0 0 0 2 6 0% 454 54749 400 193%
c B  0.08 26 92 1 1  1 20 1002 597 1.3 13 10 2 6 78% 454 54749 400 193%
c -  0.09 26 16 1 2  1 1 2002 1113 1.3 16 12 11 14 30% 454 54749 400 193%
c W  0.09 28 16 1 2  1 1 2003 1114 1.3 16 12 11 14 30% 454 54749 400 193%
c u  0.11 28 20 1 2  2 1 2530 1583 1.3 19 14 11 14 34% 454 54749 400 193%
c v  0.11 28 20 1 2  2 1 2530 1583 1.3 19 14 11 14 34% 454 54749 400 193%
c -  0.14 29 22 1 3  3 1 3416 2057 1.3 20 16 12 21 36% 454 54749 400 193%
c ]  0.14 29 22 2 3  3 1 3598 2199 1.3 21 16 12 21 36% 454 54749 400 193%
c {  0.14 29 73 2 3  3 2 3598 2199 1.2 24 19 16 26 46% 454 54749 400 193%
c }  0.16 29 47 3 3  3 1 4601 3019 1.3 23 18 16 26 42% 454 54749 400 193%
c [  0.16 29 22 3 3  3 1 4601 3019 1.3 21 16 12 21 36% 454 54749 400 193%
c I  0.16 29 22 3 3  3 1 4601 3019 1.3 21 16 12 21 36% 454 54749 400 193%
c
c seconds  switched rate       size/glue  tier1     binary       remaining
c        MB reductions conflicts     size    tier2     irredundant
c         level restarts  redundant     glue     trail       variables
c
c -  0.18 29 21 3 4  3 1 5148 3322 1.4 21 15 12 20 38% 454 54749 400 193%
c ]  0.19 29 20 4 4  4 1 6299 4369 1.6 22 14 12 20 42% 454 54749 400 193%
c {  0.19 29 47 4 4  4 1 6299 4369 1.3 23 18 16 26 42% 454 54749 400 193%
c -  0.21 29 40 4 5  4 1 7151 4559 1.4 24 17 12 22 44% 454 54749 400 193%
c u  0.22 33 37 4 5  4 1 7793 5158 1.4 24 17 12 22 46% 454 54749 400 193%
c v  0.23 34 37 4 5  4 1 7793 5154 1.4 24 17 12 22 46% 454 54749 400 193%
c w  0.23 34 37 4 5  4 1 7793 5154 1.4 24 17 12 22 46% 454 54749 400 193%
c }  0.26 38 35 5 5 17 1 8653 5967 1.4 24 16 12 22 46% 454 54749 400 193%
c [  0.26 38 20 5 5 17 1 8653 5967 1.6 22 14 12 20 42% 454 54749 400 193%
c B  0.26 38 20 5 5 17 1 8653 5967 1.6 22 14 12 20 42% 454 54749 400 193%
c -  0.28 38 21 5 6 17 1 9387 5815 1.6 23 15 11 21 43% 454 54749 400 193%
c ]  0.30 38 22 6 6 18 1 10425 6774 1.5 24 16 11 21 44% 454 54749 400 193%
c {  0.30 38 35 6 6 18 1 10425 6774 1.4 24 16 12 22 46% 454 54749 400 193%
c -  0.34 38 31 6 7 40 1 11838 6908 1.5 23 15 11 20 46% 454 54749 400 193%
c e  0.38 39 29 6 7 40 1 12650 7673 1.6 23 15 11 20 46% 218 53589 202 98%
c ^  0.40 39 29 6 7 40 1 12650 7673 1.6 23 15 11 20 46% 218 53589 202 98%
c o  0.40 39 29 6 7 40 1 12650 6710 1.6 23 15 11 20 46% 218 53589 202 98%
c -  0.46 40 25 6 8 40 1 14483 7226 1.6 22 14 10 19 52% 218 53589 202 98%
c }  0.46 40 25 7 8 40 1 14494 7237 1.6 22 14 10 19 52% 218 53589 202 98%
c [  0.46 40 22 7 8 40 1 14494 7237 1.5 24 16 11 21 44% 218 53589 202 98%
c
c seconds  switched rate        size/glue  tier1     binary       remaining
c        MB reductions conflicts      size    tier2     irredundant
c         level restarts   redundant     glue     trail       variables
c
c W  0.46 46 22 7 8 40 1 14494 7237 1.5 24 16 11 21 44% 218 53589 202 98%
c u  0.51 46 22 7 8 41 1 15965 8516 1.5 25 16 11 21 48% 218 53589 202 98%
c v  0.51 46 22 7 8 41 1 15965 8502 1.5 25 16 11 21 48% 218 53589 202 98%
c w  0.52 46 22 7 8 41 1 15965 8502 1.5 25 16 11 21 48% 218 53589 202 98%
c f  0.52 46 22 7 8 41 1 15965 8502 1.5 25 16 11 21 48% 226 53572 206 100%
c u  0.53 48 22 7 8 41 1 15965 8484 1.5 25 16 11 21 48% 226 53572 206 100%
c v  0.54 50 22 7 8 41 1 15965 8457 1.5 25 16 11 21 48% 226 53572 206 100%
c w  0.54 51 22 7 8 41 1 15965 8457 1.5 25 16 11 21 48% 226 53572 206 100%
c -  0.60 52 22 7 9 42 1 17311 8161 1.5 25 16 12 21 50% 226 53572 206 100%
c ]  0.60 52 22 8 9 42 1 17441 8277 1.5 25 16 12 21 50% 226 53572 206 100%
c {  0.60 52 25 8 9 42 1 17441 8277 1.6 22 14 10 19 52% 226 53572 206 100%
c -  0.72 52 23 8 10 91 1 20311 9897 1.7 22 13 10 18 56% 226 53572 206 100%
c -  0.80 52 22 8 11 131 1 23473 11155 1.6 21 13 10 17 54% 226 53572 206 100%
c }  0.80 52 22 9 11 131 1 23601 11263 1.6 21 13 10 17 54% 226 53572 206 100%
c [  0.80 52 22 9 11 131 1 23601 11263 1.5 25 16 12 21 50% 226 53572 206 100%
c O  0.80 52 22 9 11 131 1 23601 11263 1.5 25 16 12 21 50% 226 53572 206 100%
c o  0.80 52 22 9 11 131 1 23601 11263 1.5 25 16 12 21 50% 226 53572 206 100%
c e  0.88 53 23 9 11 132 1 25312 12676 1.5 25 17 12 21 51% 187 53632 180 87%
c ^  0.91 53 23 9 11 132 1 25312 12676 1.5 25 17 12 21 51% 187 53632 180 87%
c -  0.96 54 22 9 12 133 1 26791 6361 1.5 24 17 12 21 52% 187 53632 180 87%
c
c seconds  switched   rate        size/glue  tier1     binary       remaining
c        MB  reductions conflicts       size    tier2     irredundant
c         level  restarts    redundant     glue     trail       variables
c
c u  0.99 54 22 9 12 133 1 27236 6724 1.5 24 16 12 21 53% 187 53632 180 87%
c v  1.00 54 22 9 12 133 1 27236 6653 1.5 24 16 12 21 53% 187 53632 180 87%
c w  1.01 54 22 9 12 133 1 27236 6394 1.5 24 16 12 21 53% 187 53632 180 87%
c f  1.10 59 22 9 12 133 1 27236 6394 1.5 24 16 12 21 53% 204 53590 188 91%
c u  1.11 59 22 9 12 133 1 27236 6344 1.5 24 16 12 21 53% 204 53590 188 91%
c v  1.12 59 22 9 12 133 1 27236 6258 1.5 24 16 12 21 53% 204 53590 188 91%
c w  1.12 59 22 9 12 133 1 27236 6253 1.5 24 16 12 21 53% 204 53590 188 91%
c x  1.13 59 22 9 12 133 1 27236 6252 1.5 24 16 12 21 53% 204 53573 188 91%
c ]  1.20 59 22 10 12 135 1 28884 7546 1.4 23 16 12 21 52% 204 53573 188 91%
c {  1.20 59 22 10 12 135 1 28884 7546 1.6 21 13 10 17 54% 204 53573 188 91%
c -  1.25 59 21 10 13 141 1 30255 8154 1.6 20 13 10 16 54% 204 53573 188 91%
c -  1.35 60 20 10 14 212 1 33862 10118 1.6 20 12 9 16 57% 204 53573 188 91%
c }  1.47 60 19 11 14 212 1 37511 13380 1.6 19 12 9 16 57% 204 53573 188 91%
c [  1.47 60 22 11 14 212 1 37511 13380 1.4 23 16 12 21 52% 204 53573 188 91%
c B  1.47 60 22 11 14 212 1 37511 13380 1.4 23 16 12 21 52% 204 53573 188 91%
c -  1.48 60 22 11 15 212 1 37605 11461 1.4 23 16 12 21 53% 204 53573 188 91%
c -  1.56 60 23 11 16 214 1 41477 12512 1.5 24 17 12 21 56% 204 53573 188 91%
c u  1.58 60 23 11 16 215 1 41751 12717 1.5 24 17 12 21 56% 204 53573 188 91%
c v  1.59 61 23 11 16 215 1 41751 12693 1.5 24 17 12 21 56% 204 53573 188 91%
c w  1.60 61 23 11 16 215 1 41751 12690 1.5 24 17 12 21 56% 204 53573 188 91%
c
c seconds   switched   rate         size/glue  tier1     binary       remaining
c        MB   reductions conflicts        size    tier2     irredundant
c         level   restarts     redundant     glue     trail       variables
c
c -  1.72 61 23 11 17 217 1 45477 13619 1.5 25 17 12 22 59% 204 53573 188 91%
c ]  1.80 61 23 12 17 218 1 47177 15032 1.5 25 17 12 22 59% 204 53573 188 91%
c {  1.80 61 19 12 17 218 1 47177 15032 1.6 19 12 9 16 57% 204 53573 188 91%
c o  1.80 61 19 12 17 226 1 47239 15090 1.6 19 12 9 16 58% 204 53573 188 91%
c -  1.87 61 18 12 18 293 1 49601 15042 1.6 19 12 9 15 57% 204 53573 188 91%
c s  2.04 61 18 12 18 366 1 52767 17539 1.6 18 11 9 15 58% 204 53572 188 91%
c e  2.04 61 18 12 18 366 1 52767 17539 1.6 18 11 9 15 58% 182 53618 169 82%
c ^  2.11 62 18 12 18 366 1 52767 17539 1.6 18 11 9 15 58% 182 53618 169 82%
c -  2.15 62 18 12 19 405 1 53845 8804 1.6 18 11 9 14 57% 182 53618 169 82%
c -  2.25 62 17 12 20 434 1 58203 11020 1.6 17 11 9 14 57% 182 53618 169 82%
c }  2.26 62 17 13 20 469 1 58656 11422 1.6 17 11 9 14 57% 182 53618 169 82%
c [  2.26 62 23 13 20 469 1 58656 11422 1.5 25 17 12 22 59% 182 53618 169 82%
c W  2.27 67 23 13 20 469 1 58656 11422 1.5 25 17 12 22 59% 182 53618 169 82%
c u  2.31 68 23 13 20 469 1 59609 12278 1.5 25 17 12 22 60% 182 53618 169 82%
c v  2.33 68 23 13 20 469 1 59609 12234 1.5 25 17 12 22 60% 182 53618 169 82%
c w  2.33 69 23 13 20 469 1 59609 12231 1.5 25 17 12 22 60% 182 53618 169 82%
c x  2.34 71 23 13 20 469 1 59609 12231 1.5 25 17 12 22 60% 182 53608 169 82%
c f  2.34 71 23 13 20 469 1 59609 12231 1.5 25 17 12 22 60% 186 53594 171 83%
c u  2.37 77 23 13 20 469 1 59609 12183 1.5 25 17 12 22 60% 186 53594 171 83%
c v  2.39 77 23 13 20 469 1 59609 12168 1.5 25 17 12 22 60% 186 53594 171 83%
c
c seconds   switched   rate         size/glue  tier1     binary       remaining
c        MB   reductions conflicts        size    tier2     irredundant
c         level   restarts     redundant     glue     trail       variables
c
c w  2.39 78 23 13 20 469 1 59609 12164 1.5 25 17 12 22 60% 186 53594 171 83%
c -  2.62 81 23 13 21 471 1 62676 13814 1.5 25 17 12 21 61% 186 53594 171 83%
c -  2.79 81 22 13 22 475 1 67259 16045 1.5 24 16 12 20 62% 186 53594 171 83%
c ]  2.79 81 22 14 22 475 1 67281 16060 1.5 24 16 12 20 62% 186 53594 171 83%
c {  2.79 81 17 14 22 475 1 67281 16060 1.6 17 11 9 14 57% 186 53594 171 83%
c -  2.94 81 16 14 23 617 1 71949 17842 1.6 17 11 9 14 58% 186 53594 171 83%
c -  3.06 81 16 14 24 643 1 76744 17344 1.6 17 11 8 13 59% 186 53594 171 83%
c o  3.10 81 16 14 24 649 1 78165 18458 1.6 17 11 8 13 59% 186 53594 171 83%
c u  3.20 81 16 14 24 693 1 80935 20594 1.6 17 11 8 13 59% 186 53594 171 83%
c v  3.22 82 16 14 24 693 1 80935 20567 1.6 17 11 8 13 59% 186 53594 171 83%
c w  3.23 87 16 14 24 693 1 80935 20565 1.6 17 11 8 13 59% 186 53594 171 83%
c -  3.26 88 15 14 25 705 1 81643 18185 1.6 17 11 8 13 59% 186 53594 171 83%
c }  3.27 88 15 15 25 705 1 81996 18472 1.6 17 11 8 13 59% 186 53594 171 83%
c [  3.27 88 22 15 25 705 1 81996 18472 1.5 24 16 12 20 62% 186 53594 171 83%
c I  3.27 88 22 15 25 705 1 81996 18472 1.5 24 16 12 20 62% 186 53594 171 83%
c -  3.37 88 21 15 26 708 1 86643 20205 1.5 23 15 11 20 63% 186 53594 171 83%
c -  3.50 88 20 15 27 711 1 91742 22556 1.6 23 15 11 19 64% 186 53594 171 83%
c -  3.62 88 20 15 28 714 1 96938 24551 1.6 23 15 10 19 65% 186 53594 171 83%
c e  3.69 88 20 15 28 714 1 96986 24594 1.6 23 15 10 19 65% 162 53657 156 75%
c ^  3.75 89 20 15 28 714 1 96986 24594 1.6 23 15 10 19 65% 162 53657 156 75%
c
c seconds   switched   rate         size/glue  tier1     binary       remaining
c        MB   reductions conflicts        size    tier2     irredundant
c         level   restarts     redundant     glue     trail       variables
c
c B  3.84 89 20 15 28 716 1 99798 13926 1.6 23 15 10 19 65% 162 53657 156 75%
c ]  3.84 89 20 16 28 716 1 99804 13931 1.6 23 15 10 19 65% 162 53657 156 75%
c {  3.84 89 15 16 28 716 1 99804 13931 1.6 17 11 8 13 59% 162 53657 156 75%
c -  3.92 89 15 16 29 773 1 102230 14677 1.6 17 11 8 13 59% 162 53657 156 75%
c u  4.03 89 15 16 29 852 1 105857 17681 1.6 17 11 8 13 60% 162 53657 156 75%
c v  4.04 89 15 16 29 852 1 105857 17598 1.6 17 11 8 13 60% 162 53657 156 75%
c w  4.05 88 15 16 29 852 1 105857 17597 1.6 17 11 8 13 60% 162 53657 156 75%
c x  4.06 89 15 16 29 852 1 105857 17597 1.6 17 11 8 13 60% 162 53634 156 75%
c -  4.11 91 15 16 30 862 1 107615 17922 1.6 17 10 8 13 60% 162 53634 156 75%
c -  4.26 91 15 16 31 862 1 113093 19592 1.6 16 10 8 12 60% 162 53634 156 75%
c }  4.39 91 14 17 31 954 1 118141 23759 1.6 16 10 8 12 61% 162 53634 156 75%
c [  4.39 91 20 17 31 954 1 118141 23759 1.6 23 15 10 19 65% 162 53634 156 75%
c -  4.40 91 20 17 32 954 1 118660 21771 1.6 23 15 10 18 65% 162 53634 156 75%
c W  4.46 91 19 17 32 956 1 120710 23578 1.6 23 14 10 18 65% 162 53634 156 75%
c o  4.46 91 19 17 32 956 1 120710 23578 1.6 23 14 10 18 65% 162 53634 156 75%
c -  4.52 91 19 17 33 959 1 124317 24456 1.6 23 14 10 18 65% 162 53634 156 75%
c -  4.64 91 20 17 34 960 1 130061 26591 1.6 23 15 10 18 66% 162 53634 156 75%
c u  4.76 91 20 17 34 963 1 134452 30403 1.6 23 15 10 18 67% 162 53634 156 75%
c v  4.78 91 20 17 34 963 1 134452 30273 1.6 23 15 10 18 67% 162 53634 156 75%
c w  4.79 89 20 17 34 963 1 134452 30272 1.6 23 15 10 18 67% 162 53634 156 75%
c
c seconds   switched   rate          size/glue  tier1     binary       remaining
c        MB   reductions conflicts         size    tier2     irredundant
c         level   restarts      redundant     glue     trail       variables
c
c -  4.83 96 20 17 35 965 1 135892 28080 1.6 23 15 10 18 67% 162 53634 156 75%
c -  4.99 97 19 17 36 967 1 141809 29437 1.6 23 15 10 18 67% 162 53634 156 75%
c ]  5.01 97 19 18 36 967 1 142578 30083 1.6 23 15 10 18 67% 162 53634 156 75%
c {  5.01 97 14 18 36 967 1 142578 30083 1.6 16 10 8 12 61% 162 53634 156 75%
c -  5.29 97 15 18 37 2285 2 147809 29403 1.5 16 10 8 13 59% 162 53634 156 75%
c -  5.72 98 15 18 38 3781 2 153892 29637 1.5 16 11 8 13 57% 162 53634 156 75%
c s  6.27 98 15 18 38 5315 2 159818 33628 1.5 16 11 8 13 56% 162 53584 156 75%
c e  6.28 99 15 18 38 5315 2 159818 33628 1.5 16 11 8 13 56% 144 53654 147 71%
c ^  6.47 100 15 18 38 5315 2 159818 33628 1.5 16 11 8 13 56% 144 53654 147 71%
c -  6.48 102 15 18 39 5374 2 160056 23054 1.5 16 11 8 13 56% 144 53654 147 71%
c }  6.79 102 16 19 39 6595 2 164924 26311 1.4 16 11 8 13 55% 144 53654 147 71%
c [  6.79 102 19 19 39 6595 1 164924 26311 1.6 23 15 10 18 67% 144 53654 147 71%
c O  6.79 102 19 19 39 6595 1 164924 26311 1.6 23 15 10 18 67% 144 53654 147 71%
c -  6.85 102 19 19 40 6596 1 166302 24041 1.6 23 15 10 18 67% 144 53654 147 71%
c u  6.92 101 19 19 40 6596 1 166820 24358 1.6 23 15 10 18 67% 144 53654 147 71%
c v  6.96 102 19 19 40 6596 1 166820 24028 1.6 23 15 10 18 67% 144 53654 147 71%
c w  6.98 103 19 19 40 6596 1 166820 23949 1.6 23 15 10 18 67% 144 53654 147 71%
c x  7.01 105 19 19 40 6596 1 166820 23913 1.6 23 15 10 18 67% 144 52877 147 71%
c -  7.30 111 19 19 41 6600 1 172626 25180 1.5 22 14 10 18 66% 144 52877 147 71%
c -  7.58 111 19 19 42 6603 1 179029 26062 1.5 22 14 10 17 65% 144 52877 147 71%
c
c seconds    switched    rate          size/glue  tier1     binary       remaining
c         MB   reductions  conflicts         size    tier2     irredundant
c          level    restarts      redundant     glue     trail       variables
c
c -  7.84 111 18 19 43 6607 1 185510 27043 1.5 21 14 10 17 64% 144 52877 147 71%
c -  8.02 111 18 19 44 6609 1 192067 28487 1.5 21 14 10 17 64% 144 52877 147 71%
c B  8.04 111 18 19 44 6609 1 192664 28924 1.5 21 14 10 17 64% 144 52877 147 71%
c o  8.04 111 18 19 44 6609 1 192664 28924 1.5 21 14 10 17 64% 144 52877 147 71%
c -  8.18 111 19 19 45 6610 1 198700 29328 1.5 21 14 10 17 65% 144 52877 147 71%
c u  8.32 119 19 19 45 6614 1 203084 32923 1.5 22 14 10 17 65% 144 52877 147 71%
c v  8.35 118 19 19 45 6614 1 203084 32907 1.5 22 14 10 17 65% 144 52877 147 71%
c w  8.37 119 19 19 45 6614 1 203084 32898 1.5 22 14 10 17 65% 144 52877 147 71%
c x  8.39 119 19 19 45 6614 1 203084 32889 1.5 22 14 10 17 65% 144 52557 147 71%
c -  8.63 134 19 19 46 6615 1 205408 28920 1.5 22 14 10 17 65% 144 52557 147 71%
c ]  8.74 134 19 20 46 6616 1 209183 31970 1.5 22 14 10 17 65% 144 52557 147 71%
c {  8.74 134 16 20 46 6616 2 209183 31970 1.4 16 11 8 13 55% 144 52557 147 71%
c -  8.82 134 15 20 47 6702 2 212191 31790 1.4 16 11 9 13 55% 144 52557 147 71%
c -  9.01 134 15 20 48 6733 2 219046 32911 1.5 16 11 8 13 57% 144 52557 147 71%
c -  9.25 134 15 20 49 6881 2 225974 34666 1.5 16 11 8 13 57% 144 52557 147 71%
c -  9.49 134 15 20 50 6984 2 232975 37096 1.5 16 11 8 13 58% 144 52557 147 71%
c }  9.60 134 15 21 50 7027 2 235923 39520 1.5 16 11 8 13 58% 144 52557 147 71%
c [  9.60 134 19 21 50 7027 1 235923 39520 1.5 22 14 10 17 65% 144 52557 147 71%
c W  9.61 134 19 21 50 7027 1 235923 39520 1.5 22 14 10 17 65% 144 52557 147 71%
c -  9.73 135 19 21 51 7030 1 240047 39304 1.5 22 14 10 17 66% 144 52557 147 71%
c
c seconds    switched    rate          size/glue  tier1     binary       remaining
c         MB   reductions  conflicts         size    tier2     irredundant
c          level    restarts      redundant     glue     trail       variables
c
c s 10.00 135 19 21 51 7032 1 242991 41908 1.5 22 14 10 17 66% 144 52428 147 71%
c e 10.01 136 19 21 51 7032 1 242991 41908 1.5 22 14 10 17 66% 117 52570 137 66%
c ! 10.20 136 19 21 51 7032 1 242991 41908 1.5 22 14 10 17 66% 117 52570 137 66%
c u 10.24 136 19 21 51 7032 1 243287 25670 1.5 22 14 10 17 66% 117 52570 137 66%
c v 10.27 134 19 21 51 7032 1 243287 25630 1.5 22 14 10 17 66% 117 52570 137 66%
c w 10.28 135 19 21 51 7032 1 243287 25608 1.5 22 14 10 17 66% 117 52570 137 66%
c x 10.31 136 19 21 51 7032 1 243287 25599 1.5 22 14 10 17 66% 117 52432 137 66%
c f 10.31 136 19 21 51 7032 1 243287 25599 1.5 22 14 10 17 66% 118 52414 138 67%
c u 10.34 142 19 21 51 7032 1 243287 25384 1.5 22 14 10 17 66% 118 52414 138 67%
c v 10.37 143 19 21 51 7032 1 243287 25111 1.5 22 14 10 17 66% 118 52414 138 67%
c w 10.39 142 19 21 51 7032 1 243287 25086 1.5 22 14 10 17 66% 118 52414 138 67%
c x 10.41 144 19 21 51 7032 1 243287 25085 1.5 22 14 10 17 66% 118 52168 138 67%
c - 10.53 144 19 21 52 7033 1 247189 26455 1.5 22 14 10 17 66% 118 52168 138 67%
c - 10.71 144 19 21 53 7038 1 254401 30329 1.5 22 14 9 17 67% 118 52168 138 67%
c - 10.90 144 18 21 54 7041 1 261683 33023 1.5 21 14 9 17 67% 118 52168 138 67%
c - 11.08 144 18 21 55 7042 1 269034 35287 1.6 21 14 9 17 67% 118 52168 138 67%
c ] 11.09 144 18 22 55 7042 1 269447 35621 1.6 21 14 9 17 67% 118 52168 138 67%
c { 11.09 144 15 22 55 7042 2 269447 35621 1.5 16 11 8 13 58% 118 52168 138 67%
c - 11.25 144 14 22 56 7042 2 276450 37887 1.5 16 11 8 13 59% 118 52168 138 67%
c - 11.43 144 14 22 57 7042 2 283933 40669 1.6 17 10 8 13 60% 118 52168 138 67%
c
c seconds    switched    rate          size/glue  tier1    binary       remaining
c         MB   reductions  conflicts         size   tier2     irredundant
c          level    restarts      redundant     glue    trail       variables
c
c u 11.57 144 14 22 57 7042 2 287535 43808 1.6 17 10 8 13 61% 118 52168 138 67%
c v 11.59 145 14 22 57 7042 2 287535 43598 1.6 17 10 8 13 61% 118 52168 138 67%
c w 11.60 145 14 22 57 7042 2 287535 43594 1.6 17 10 8 13 61% 118 52168 138 67%
c x 11.63 146 14 22 57 7042 2 287535 43593 1.6 17 10 8 13 61% 118 52055 138 67%
c o 11.63 146 14 22 57 7042 2 287535 43593 1.6 17 10 8 13 61% 118 52055 138 67%
c - 11.78 147 14 22 58 7044 2 291482 43844 1.6 17 10 8 13 61% 118 52055 138 67%
c - 11.98 149 14 22 59 7044 1 299099 46973 1.7 17 10 8 12 62% 118 52055 138 67%
c } 12.03 149 14 23 59 7044 1 300965 48537 1.7 17 10 8 12 62% 118 52055 138 67%
c [ 12.03 149 18 23 59 7044 1 300965 48537 1.6 21 14 9 17 67% 118 52055 138 67%
c I 12.03 149 18 23 59 7044 1 300965 48537 1.6 21 14 9 17 67% 118 52055 138 67%
c - 12.17 149 18 23 60 7048 1 306783 50060 1.6 21 13 9 17 67% 118 52055 138 67%
c - 12.37 149 17 23 61 7052 1 314528 53469 1.6 21 13 9 16 68% 118 52055 138 67%
c - 12.62 149 17 23 62 7057 1 322339 55463 1.6 21 13 9 16 68% 118 52055 138 67%
c ] 12.87 149 17 24 62 7058 1 330164 61786 1.7 21 13 9 16 68% 118 52055 138 67%
c { 12.87 149 14 24 62 7058 1 330164 61786 1.7 17 10 8 12 62% 118 52055 138 67%
c - 12.88 149 14 24 63 7064 1 330213 55997 1.7 17 10 8 12 62% 118 52055 138 67%
c u 13.12 159 14 24 63 7152 1 335870 60718 1.7 17 10 8 12 62% 118 52055 138 67%
c v 13.16 161 14 24 63 7152 1 335870 60707 1.7 17 10 8 12 62% 118 52055 138 67%
c w 13.18 161 14 24 63 7152 1 335870 60702 1.7 17 10 8 12 62% 118 52055 138 67%
c x 13.20 161 14 24 63 7152 1 335870 60701 1.7 17 10 8 12 62% 118 51835 138 67%
c
c seconds    switched    rate          size/glue  tier1    binary       remaining
c         MB   reductions  conflicts         size   tier2     irredundant
c          level    restarts      redundant     glue    trail       variables
c
c - 13.32 166 14 24 64 7285 1 338150 57710 1.7 17 10 8 12 62% 118 51835 138 67%
c - 13.59 166 13 24 65 7423 1 346150 59792 1.7 17 10 8 12 63% 118 51835 138 67%
c s 13.86 166 13 24 65 7441 1 348162 61485 1.7 17 10 8 12 63% 118 51748 138 67%
c e 13.86 164 13 24 65 7441 1 348162 61485 1.7 17 10 8 12 63% 117 51760 137 66%
c - 14.36 166 13 24 66 7909 1 354215 53045 1.7 17 10 8 12 63% 117 51760 137 66%
c o 14.56 166 13 24 66 8054 1 360043 58342 1.7 17 10 8 12 63% 117 51760 137 66%
c - 14.66 166 13 24 67 8267 1 362339 57411 1.7 17 10 8 12 63% 117 51760 137 66%
c } 14.82 166 13 25 67 8285 1 366843 61316 1.7 17 10 8 12 63% 117 51760 137 66%
c [ 14.82 166 17 25 67 8285 1 366843 61316 1.7 21 13 9 16 68% 117 51760 137 66%
c B 14.82 166 17 25 67 8285 1 366843 61316 1.7 21 13 9 16 68% 117 51760 137 66%
c - 14.94 166 17 25 68 8287 1 370525 61021 1.7 21 13 9 16 68% 117 51760 137 66%
c - 15.26 166 17 25 69 8291 1 378771 63684 1.7 21 13 9 16 69% 117 51760 137 66%
c - 15.55 166 17 25 70 8297 1 387077 66125 1.7 21 13 9 16 69% 117 51760 137 66%
c u 15.66 165 17 25 70 8298 1 388374 67231 1.7 21 13 9 16 69% 117 51760 137 66%
c v 15.72 165 17 25 70 8298 1 388374 67209 1.7 21 13 9 16 69% 117 51760 137 66%
c w 15.74 165 17 25 70 8298 1 388374 67204 1.7 21 13 9 16 69% 117 51760 137 66%
c x 15.77 165 17 25 70 8298 1 388374 67202 1.7 21 13 9 16 69% 117 51402 137 66%
c - 16.02 166 17 25 71 8299 1 395445 67481 1.6 21 13 9 16 69% 117 51402 137 66%
c - 16.29 166 17 25 72 8303 1 403872 69193 1.6 21 13 9 16 69% 117 51402 137 66%
c ] 16.46 166 17 26 72 8306 1 409445 73906 1.6 21 13 9 16 69% 117 51402 137 66%
c
c seconds    switched    rate          size/glue  tier1    binary       remaining
c         MB   reductions  conflicts         size   tier2     irredundant
c          level    restarts      redundant     glue    trail       variables
c
c { 16.46 166 13 26 72 8306 1 409445 73906 1.7 17 10 8 12 63% 117 51402 137 66%
c - 16.58 166 13 26 73 8454 1 412358 71315 1.7 17 10 8 12 63% 117 51402 137 66%
c - 16.89 166 13 26 74 8835 1 420903 73040 1.7 17 10 8 12 63% 117 51402 137 66%
c - 17.32 174 13 26 75 9349 1 429506 74663 1.7 16 10 8 12 63% 117 51402 137 66%
c - 17.66 182 13 26 76 9581 1 438166 77547 1.7 16 10 8 12 63% 117 51402 137 66%
c o 17.80 189 13 26 76 9665 1 441537 79728 1.7 16 10 8 12 63% 117 51402 137 66%
c u 18.05 191 13 26 76 9946 1 445109 82531 1.6 16 10 8 12 62% 117 51402 137 66%
c v 18.10 191 13 26 76 9946 1 445109 82515 1.6 16 10 8 12 62% 117 51402 137 66%
c w 18.12 191 13 26 76 9946 1 445109 82509 1.6 16 10 8 12 62% 117 51402 137 66%
c x 18.16 192 13 26 76 9946 1 445109 82507 1.6 16 10 8 12 62% 117 50798 137 66%
c - 18.70 195 13 26 77 10290 2 446883 67430 1.6 16 10 7 12 62% 117 50798 137 66%
c } 18.89 195 13 27 77 10567 2 451663 71510 1.6 16 10 7 12 63% 117 50798 137 66%
c [ 18.89 195 17 27 77 10567 1 451663 71510 1.6 21 13 9 16 69% 117 50798 137 66%
c W 18.90 195 17 27 77 10567 1 451663 71510 1.6 21 13 9 16 69% 117 50798 137 66%
c - 19.00 195 17 27 78 10569 1 455659 66322 1.6 21 13 9 16 68% 117 50798 137 66%
c - 19.20 195 17 27 79 10574 1 464494 67356 1.6 21 13 9 16 68% 117 50798 137 66%
c - 19.48 195 17 27 80 10580 1 473382 67406 1.6 21 13 9 16 69% 117 50798 137 66%
c s 19.88 195 17 27 80 10581 1 476866 70345 1.6 21 13 9 16 69% 117 50351 137 66%
c - 20.39 196 17 27 81 10581 1 482328 67372 1.6 21 13 9 16 69% 117 50351 137 66%
c - 20.67 196 17 27 82 10587 1 491328 68843 1.6 21 13 9 16 69% 117 50351 137 66%
c
c seconds    switched     rate          size/glue  tier1    binary       remaining
c         MB   reductions   conflicts         size   tier2     irredundant
c          level    restarts       redundant     glue    trail       variables
c
c O 20.94 196 18 27 82 10591 1 499825 76027 1.6 21 13 9 16 69% 117 50351 137 66%
c - 20.98 195 18 27 83 10591 1 500385 68881 1.6 21 13 9 16 69% 117 50351 137 66%
c u 21.28 195 18 27 83 10595 1 506165 73593 1.6 21 14 9 16 68% 117 50351 137 66%
c v 21.33 196 18 27 83 10595 1 506165 73579 1.6 21 14 9 16 68% 117 50351 137 66%
c w 21.35 196 18 27 83 10595 1 506165 73577 1.6 21 14 9 16 68% 117 50351 137 66%
c x 21.38 196 18 27 83 10595 1 506165 73572 1.6 21 14 9 16 68% 117 50247 137 66%
c - 21.52 196 18 27 84 10596 1 509495 66624 1.6 22 14 9 16 68% 117 50247 137 66%
c ] 21.56 196 18 28 84 10596 1 510864 67672 1.6 22 14 9 16 68% 117 50247 137 66%
c { 21.56 196 13 28 84 10596 2 510864 67672 1.6 16 10 7 12 63% 117 50247 137 66%
c - 21.85 196 13 28 85 10888 2 518660 67824 1.6 16 10 7 12 63% 117 50247 137 66%
c - 22.16 196 13 28 86 11011 1 527879 69659 1.6 15 10 7 12 62% 117 50247 137 66%
c - 22.47 196 13 28 87 11071 1 537152 70376 1.6 15 9 7 12 62% 117 50247 137 66%
c o 22.73 196 13 28 87 11210 1 544980 75760 1.6 15 9 7 12 62% 117 50247 137 66%
c - 22.81 196 13 28 88 11342 1 546479 72073 1.6 15 9 7 12 62% 117 50247 137 66%
c - 23.22 203 13 28 89 11856 1 555861 74942 1.6 15 9 7 11 62% 117 50247 137 66%
c } 23.32 203 13 29 89 11965 1 559003 77338 1.6 15 9 7 11 62% 117 50247 137 66%
c [ 23.32 203 18 29 89 11965 1 559003 77338 1.6 22 14 9 16 68% 117 50247 137 66%
c B 23.32 203 18 29 89 11965 1 559003 77338 1.6 22 14 9 16 68% 117 50247 137 66%
c - 23.53 203 18 29 90 11970 1 565295 75968 1.5 22 14 9 16 69% 117 50247 137 66%
c u 23.83 204 18 29 90 11972 1 571594 80596 1.5 22 14 9 16 69% 117 50247 137 66%
c
c seconds    switched     rate          size/glue  tier1    binary       remaining
c         MB   reductions   conflicts         size   tier2     irredundant
c          level    restarts       redundant     glue    trail       variables
c
c v 23.88 204 18 29 90 11972 1 571594 80576 1.5 22 14 9 16 69% 117 50247 137 66%
c w 23.91 204 18 29 90 11972 1 571594 80569 1.5 22 14 9 16 69% 117 50247 137 66%
c x 23.95 205 18 29 90 11972 1 571594 80567 1.5 22 14 9 16 69% 117 49977 137 66%
c - 24.12 204 19 29 91 11974 1 574781 75832 1.5 22 14 9 16 69% 117 49977 137 66%
c - 24.59 203 19 29 92 11979 1 584320 75829 1.5 22 14 9 16 69% 117 49977 137 66%
c - 25.09 204 19 29 93 11981 1 593911 75871 1.5 22 14 9 16 69% 117 49977 137 66%
c ] 25.18 204 19 30 93 11982 1 595502 77140 1.5 22 14 9 16 68% 117 49977 137 66%
c { 25.18 204 13 30 93 11982 1 595502 77140 1.6 15 9 7 11 62% 117 49977 137 66%
c - 25.67 214 13 30 94 12672 2 603555 79173 1.6 15 9 7 11 63% 117 49977 137 66%
c - 26.10 221 13 30 95 12761 1 613250 81034 1.6 15 9 7 11 63% 117 49977 137 66%
c - 26.51 222 13 30 96 13250 1 622999 80832 1.6 15 9 7 11 63% 117 49977 137 66%
c s 27.16 222 13 30 96 13511 1 630668 86797 1.6 15 9 7 11 63% 117 49816 137 66%
c s 27.51 221 13 30 96 13511 1 630668 86797 1.6 15 9 7 11 63% 117 49792 137 66%
c - 27.65 222 13 30 97 13744 1 632796 81600 1.6 15 9 7 11 63% 117 49792 137 66%
c u 28.08 222 13 30 97 13941 1 641436 88324 1.6 15 9 7 11 63% 117 49792 137 66%
c v 28.15 222 13 30 97 13941 1 641436 88250 1.6 15 9 7 11 63% 117 49792 137 66%
c w 28.18 222 13 30 97 13941 1 641436 88243 1.6 15 9 7 11 63% 117 49792 137 66%
c x 28.24 222 13 30 97 13941 1 641436 88234 1.6 15 9 7 11 63% 117 49412 137 66%
c - 28.30 222 13 30 98 14001 1 642644 82157 1.6 15 9 7 11 63% 117 49412 137 66%
c o 28.55 222 12 30 98 14099 1 648835 86722 1.6 15 9 7 11 63% 117 49412 137 66%
c
c seconds    switched     rate          size/glue tier1    binary       remaining
c         MB   reductions   conflicts         size  tier2     irredundant
c          level    restarts       redundant    glue    trail       variables
c
c } 28.60 222 12 31 98 14113 1 649936 87724 1.6 15 9 7 11 63% 117 49412 137 66%
c [ 28.60 222 19 31 98 14113 1 649936 87724 1.5 22 14 9 16 68% 117 49412 137 66%
c W 28.60 221 19 31 98 14113 1 649936 87724 1.5 22 14 9 16 68% 117 49412 137 66%
c - 28.78 223 19 31 99 14115 1 652545 82928 1.5 22 14 9 16 68% 117 49412 137 66%
c - 29.32 223 19 31 100 14120 1 662494 84496 1.5 22 14 9 16 69% 117 49412 137 66%
c - 29.84 218 19 31 101 14126 1 672496 84873 1.5 22 14 9 16 69% 117 49412 137 66%
c - 30.34 223 18 31 102 14127 1 682546 85319 1.5 21 14 9 16 68% 117 49412 137 66%
c - 30.76 223 18 31 103 14134 1 692645 85879 1.5 21 14 9 16 68% 117 49412 137 66%
c ] 30.89 223 18 32 103 14135 1 695554 88301 1.5 21 14 9 16 68% 117 49412 137 66%
c { 30.89 223 12 32 103 14135 1 695554 88301 1.6 15 9 7 11 63% 117 49412 137 66%
c - 31.20 222 12 32 104 14560 1 702794 86404 1.6 15 9 7 11 63% 117 49412 137 66%
c - 31.70 222 13 32 105 15220 1 712993 87143 1.6 15 9 7 11 63% 117 49412 137 66%
c u 31.95 223 13 32 105 15411 1 715762 89208 1.6 15 9 7 11 63% 117 49412 137 66%
c v 32.04 223 13 32 105 15411 1 715762 89150 1.6 15 9 7 11 63% 117 49412 137 66%
c w 32.07 223 13 32 105 15411 1 715762 89139 1.6 15 9 7 11 63% 117 49412 137 66%
c x 32.13 223 13 32 105 15411 1 715762 89138 1.6 15 9 7 11 63% 117 49218 137 66%
c - 32.49 223 13 32 106 15707 1 723243 87101 1.6 15 9 7 11 63% 117 49218 137 66%
c - 33.16 223 13 32 107 16770 2 733538 87630 1.6 15 9 7 11 63% 118 49218 137 66%
c - 33.58 223 13 32 108 17077 2 743882 89161 1.6 15 9 7 11 63% 118 49218 137 66%
c - 34.13 222 13 32 109 17802 2 754274 90455 1.6 15 9 7 11 63% 118 49218 137 66%
c
c seconds    switched      rate          size/glue tier1    binary       remaining
c         MB   reductions    conflicts         size  tier2     irredundant
c          level     restarts       redundant    glue    trail       variables
c
c } 34.27 223 13 33 109 17936 2 756658 92220 1.6 15 9 7 11 63% 118 49218 137 66%
c [ 34.27 223 18 33 109 17936 1 756658 92220 1.5 21 14 9 16 68% 118 49218 137 66%
c I 34.27 223 18 33 109 17936 1 756658 92220 1.5 21 14 9 16 68% 118 49218 137 66%
c - 34.51 222 18 33 110 17941 1 764718 92012 1.5 21 14 9 16 68% 118 49218 137 66%
c - 34.87 223 18 33 111 17948 1 775206 94002 1.5 21 14 9 16 68% 118 49218 137 66%
c - 35.24 223 18 33 112 17950 1 785741 94841 1.5 21 14 9 16 68% 118 49218 137 66%
c u 35.63 224 18 33 112 17954 1 794601 101849 1.5 21 14 9 16 69% 118 49218 137 66%
c v 35.71 224 18 33 112 17954 1 794601 101812 1.5 21 14 9 16 69% 118 49218 137 66%
c w 35.75 224 18 33 112 17954 1 794601 101802 1.5 21 14 9 16 69% 118 49218 137 66%
c x 35.80 224 18 33 112 17954 1 794601 101800 1.5 21 14 9 16 69% 118 48933 137 66%
c o 35.81 224 18 33 112 17954 1 794601 101800 1.5 21 14 9 16 69% 118 48933 137 66%
c - 35.90 224 18 33 113 17956 1 796324 95610 1.5 21 14 9 16 69% 118 48933 137 66%
c - 36.37 223 18 33 114 17961 1 806955 97225 1.5 21 14 9 16 69% 118 48933 137 66%
c s 37.02 222 18 33 114 17964 1 810822 99915 1.5 20 14 9 16 69% 118 48622 137 66%
c s 37.48 223 18 33 114 17964 1 810822 99915 1.5 20 14 9 16 69% 118 48277 137 66%
c - 37.76 223 17 33 115 17965 1 817636 97102 1.5 20 13 8 16 69% 118 48277 137 66%
c B 38.01 224 17 33 115 17966 1 824341 101889 1.5 20 13 8 16 69% 118 48277 137 66%
c - 38.16 223 17 33 116 17966 1 828359 97437 1.5 20 13 8 16 69% 118 48277 137 66%
c - 38.52 224 17 33 117 17967 1 839129 96921 1.5 20 13 8 16 69% 118 48277 137 66%
c ] 38.55 222 17 34 117 17968 1 840028 97623 1.5 20 13 8 16 69% 118 48277 137 66%
c
c seconds    switched      rate          size/glue tier1    binary       remaining
c         MB   reductions    conflicts         size  tier2     irredundant
c          level     restarts       redundant    glue    trail       variables
c
c { 38.55 222 13 34 117 17968 2 840028 97623 1.6 15 9 7 11 63% 118 48277 137 66%
c - 39.32 223 13 34 118 19996 2 849945 94218 1.5 15 10 7 11 62% 118 48277 137 66%
c - 40.21 222 14 34 119 22224 2 860809 90713 1.5 15 10 7 12 60% 118 48277 137 66%
c - 41.25 224 14 34 120 24460 2 871717 88743 1.4 15 11 7 12 59% 118 48277 137 66%
c u 41.92 224 14 34 120 25658 2 878013 92663 1.4 15 11 7 12 58% 118 48277 137 66%
c v 42.03 224 14 34 120 25658 2 878013 91292 1.4 15 11 7 12 58% 118 48277 137 66%
c w 42.08 224 14 34 120 25658 2 878013 90763 1.4 15 11 7 12 58% 118 48277 137 66%
c x 42.17 224 14 34 120 25658 2 878013 90709 1.4 15 11 7 12 58% 118 47382 137 66%
c - 42.71 229 14 34 121 26585 2 882672 86171 1.4 15 11 7 12 58% 118 47382 137 66%
c - 43.66 228 15 34 122 28538 2 893672 86905 1.4 16 11 7 12 57% 118 47382 137 66%
c - 44.59 229 15 34 123 30440 2 904717 87771 1.4 16 11 7 12 56% 118 47382 137 66%
c } 44.90 227 15 35 123 30993 2 908176 89970 1.4 16 12 7 12 56% 118 47382 137 66%
c [ 44.90 227 17 35 123 30993 1 908176 89970 1.5 20 13 8 16 69% 118 47382 137 66%
c W 44.92 229 17 35 123 30993 1 908176 89970 1.5 20 13 8 16 69% 118 47382 137 66%
c - 45.14 229 17 35 124 30998 1 915812 87880 1.5 20 13 8 16 69% 118 47382 137 66%
c - 45.48 230 17 35 125 31005 1 926948 86355 1.5 20 13 8 16 69% 118 47382 137 66%
c - 45.85 229 18 35 126 31007 1 938128 85776 1.5 20 14 8 16 69% 118 47382 137 66%
c - 46.18 230 18 35 127 31014 1 949352 86585 1.5 20 14 8 16 69% 118 47382 137 66%
c - 46.48 230 17 35 128 31020 1 960621 86817 1.5 20 13 8 16 69% 118 47382 137 66%
c u 46.83 229 17 35 128 31022 1 966168 91318 1.5 20 13 8 16 69% 118 47382 137 66%
c
c seconds    switched      rate          size/glue  tier1    binary       remaining
c         MB   reductions    conflicts         size   tier2     irredundant
c          level     restarts       redundant     glue    trail       variables
c
c v 46.95 229 17 35 128 31022 1 966168 91284 1.5 20 13 8 16 69% 118 47382 137 66%
c w 46.99 229 17 35 128 31022 1 966168 91274 1.5 20 13 8 16 69% 118 47382 137 66%
c x 47.08 230 17 35 128 31022 1 966168 91257 1.5 20 13 8 16 69% 118 46849 137 66%
c o 47.89 230 17 35 128 31022 1 966168 91257 1.5 20 13 8 16 69% 118 46849 137 66%
c - 48.07 230 18 35 129 31022 1 971935 84849 1.5 20 13 8 16 69% 118 46849 137 66%
c - 48.45 230 18 35 130 31023 1 983292 82618 1.5 20 13 8 16 69% 118 46849 137 66%
c O 48.55 230 18 35 130 31023 1 986605 85485 1.5 20 13 8 16 69% 118 46849 137 66%
c - 48.95 229 18 35 131 31027 1 994693 82282 1.5 20 14 8 16 68% 118 46849 137 66%
c - 49.44 228 18 35 132 31033 1 1006139 82123 1.5 21 14 8 16 68% 118 46849 137 66%
c - 49.95 229 18 35 133 31038 1 1017628 81909 1.5 20 14 8 16 68% 118 46849 137 66%
c s 50.65 229 18 35 133 31038 1 1018875 82815 1.5 20 14 8 16 68% 118 45405 137 66%
c s 50.73 229 18 35 133 31038 1 1018875 82815 1.5 20 14 8 16 68% 118 45382 137 66%
c - 51.22 229 18 35 134 31043 1 1029162 81613 1.5 20 14 8 15 68% 118 45382 137 66%
c - 51.70 229 18 35 135 31049 1 1040737 81206 1.5 20 14 8 15 68% 118 45382 137 66%
c - 52.20 229 18 35 136 31053 1 1052356 79733 1.5 20 14 8 15 68% 118 45382 137 66%
c u 52.59 230 18 35 136 31054 1 1059034 84884 1.5 20 13 8 15 68% 118 45382 137 66%
c v 52.69 230 18 35 136 31054 1 1059034 84842 1.5 20 13 8 15 68% 118 45382 137 66%
c w 52.73 230 18 35 136 31054 1 1059034 84820 1.5 20 13 8 15 68% 118 45382 137 66%
c x 52.80 230 18 35 136 31054 1 1059034 84791 1.5 20 13 8 15 68% 118 45107 137 66%
c - 53.07 229 18 35 137 31054 1 1064018 77631 1.5 21 14 8 15 68% 118 45107 137 66%
c
c seconds    switched      rate           size/glue  tier1    binary       remaining
c         MB   reductions     conflicts         size   tier2     irredundant
c          level     restarts        redundant     glue    trail       variables
c
c B 53.35 229 18 35 137 31054 1 1070643 83493 1.5 21 14 8 15 68% 118 45107 137 66%
c - 53.55 229 18 35 138 31055 1 1075723 74786 1.5 21 14 8 15 69% 118 45107 137 66%
c ] 53.87 229 18 36 138 31055 1 1083643 81393 1.5 21 14 8 15 69% 118 45107 137 66%
c { 53.87 229 15 36 138 31055 2 1083643 81393 1.4 16 12 7 12 56% 118 45107 137 66%
c - 54.02 229 15 36 139 31095 2 1087470 72062 1.4 16 11 7 12 56% 118 45107 137 66%
c o 54.33 229 15 36 139 31126 2 1096731 78309 1.4 15 11 7 12 57% 118 45107 137 66%
c - 54.49 229 15 36 140 31258 2 1099259 70786 1.4 15 11 7 12 57% 118 45107 137 66%
c - 54.98 229 15 36 141 31395 2 1111092 71972 1.4 16 11 7 12 58% 118 45107 137 66%
c - 55.39 229 14 36 142 31439 2 1122968 74963 1.4 16 11 7 12 59% 118 45107 137 66%
c - 55.80 229 14 36 143 31462 2 1134884 78085 1.5 16 11 7 12 60% 118 45107 137 66%
c - 56.23 229 14 36 144 31521 2 1146843 80959 1.5 16 11 7 12 61% 118 45107 137 66%
c u 56.75 230 14 36 144 31521 2 1156779 89688 1.6 16 10 7 12 61% 118 45107 137 66%
c v 56.84 230 14 36 144 31521 2 1156779 89598 1.6 16 10 7 12 61% 118 45107 137 66%
c w 56.88 230 14 36 144 31521 2 1156779 89559 1.6 16 10 7 12 61% 118 45107 137 66%
c x 56.95 230 14 36 144 31521 2 1156779 89547 1.6 16 10 7 12 61% 118 44476 137 66%
c - 57.07 229 14 36 145 31629 2 1158843 84273 1.6 16 10 7 12 61% 118 44476 137 66%
c } 57.08 229 14 37 145 31629 2 1159199 84475 1.6 16 10 7 12 61% 118 44476 137 66%
c [ 57.08 229 18 37 145 31629 1 1159199 84475 1.5 21 14 8 15 69% 118 44476 137 66%
c W 57.15 229 18 37 145 31630 1 1160443 85289 1.5 21 14 8 15 69% 118 44476 137 66%
c - 57.48 229 18 37 146 31635 1 1170885 85662 1.5 21 14 8 15 68% 118 44476 137 66%
c
c seconds    switched      rate           size/glue  tier1    binary       remaining
c         MB   reductions     conflicts         size   tier2     irredundant
c          level     restarts        redundant     glue    trail       variables
c
c - 57.89 230 18 37 147 31642 1 1182968 86138 1.5 21 14 8 15 68% 118 44476 137 66%
c - 58.32 230 18 37 148 31646 1 1195093 87139 1.5 20 14 8 15 68% 118 44476 137 66%
c - 58.77 230 17 37 149 31653 1 1207259 89772 1.5 20 13 8 15 68% 118 44476 137 66%
c - 59.30 229 17 37 150 31658 1 1219467 90499 1.5 20 13 8 15 68% 118 44476 137 66%
c - 59.80 229 17 37 151 31659 1 1231714 91319 1.5 19 13 8 15 68% 118 44476 137 66%
c ] 59.99 228 17 38 151 31659 1 1236250 94861 1.5 19 13 8 15 68% 118 44476 137 66%
c { 59.99 228 14 38 151 31659 2 1236250 94861 1.6 16 10 7 12 61% 118 44476 137 66%
c - 60.23 229 14 38 152 31669 2 1244003 92819 1.6 16 10 7 12 62% 118 44476 137 66%
c - 60.62 229 13 38 153 31669 1 1256332 96032 1.6 16 10 7 12 63% 118 44476 137 66%
c s 61.13 230 13 38 153 31669 1 1256498 96163 1.6 16 10 7 12 63% 118 39094 137 66%
c s 61.15 230 13 38 153 31669 1 1256498 96163 1.6 16 10 7 12 63% 118 39093 137 66%
c o 61.15 230 13 38 153 31669 1 1256498 96163 1.6 16 10 7 12 63% 118 39093 137 66%
c u 61.38 229 13 38 153 31669 1 1259352 98705 1.6 16 10 7 12 63% 118 39093 137 66%
c v 61.47 229 13 38 153 31669 1 1259352 98680 1.6 16 10 7 12 63% 118 39093 137 66%
c w 61.50 229 13 38 153 31669 1 1259352 98674 1.6 16 10 7 12 63% 118 39093 137 66%
c x 61.57 230 13 38 153 31669 1 1259352 98665 1.6 16 10 7 12 63% 118 38949 137 66%
c - 61.89 237 13 38 154 31670 1 1268702 100484 1.6 16 10 7 12 64% 118 38949 137 66%
c - 62.23 245 13 38 155 31681 1 1281111 105656 1.7 16 10 7 12 65% 118 38949 137 66%
c - 62.72 247 12 38 156 31683 1 1293560 110296 1.8 17 9 7 11 65% 118 38949 137 66%
c - 63.17 244 12 38 157 31683 1 1306049 115097 1.8 17 9 7 11 66% 118 38949 137 66%
c
c seconds    switched      rate            size/glue tier1    binary       remaining
c         MB   reductions     conflicts          size  tier2     irredundant
c          level     restarts        redundant     glue    trail       variables
c
c - 63.61 248 12 38 158 31732 1 1318578 119924 1.9 17 9 7 11 66% 118 38949 137 66%
c } 63.65 246 12 39 158 31732 1 1319583 120796 1.9 17 9 7 11 66% 118 38949 137 66%
c [ 63.65 246 17 39 158 31732 1 1319583 120796 1.5 19 13 8 15 68% 118 38949 137 66%
c I 63.65 246 17 39 158 31732 1 1319583 120796 1.5 19 13 8 15 68% 118 38949 137 66%
c - 64.14 249 17 39 159 31738 1 1331149 123281 1.5 19 13 8 15 68% 118 38949 137 66%
c - 64.52 248 16 39 160 31745 1 1343758 125211 1.5 19 13 8 15 68% 118 38949 137 66%
c - 64.99 250 16 39 161 31749 1 1356408 126924 1.6 19 12 8 15 68% 118 38949 137 66%
c u 65.57 257 16 39 161 31756 1 1367554 135528 1.6 19 12 8 15 68% 118 38949 137 66%
c v 65.66 258 16 39 161 31756 1 1367554 135458 1.6 19 12 8 15 68% 118 38949 137 66%
c w 65.70 258 16 39 161 31756 1 1367554 135402 1.6 19 12 8 15 68% 118 38949 137 66%
c x 65.77 259 16 39 161 31756 1 1367554 135391 1.6 19 12 8 15 68% 118 38818 137 66%
c - 65.85 276 16 39 162 31757 1 1369098 128834 1.6 19 12 8 15 68% 118 38818 137 66%
c - 66.34 277 16 39 163 31761 1 1381826 130025 1.6 19 12 8 15 68% 118 38818 137 66%
c ] 66.67 277 16 40 163 31762 1 1388278 134774 1.5 19 12 8 15 68% 118 38818 137 66%
c { 66.67 277 12 40 163 31762 1 1388278 134774 1.9 17 9 7 11 66% 118 38818 137 66%
c - 67.04 278 12 40 164 32209 1 1394593 132086 1.9 17 9 7 11 66% 118 38818 137 66%
c o 67.74 278 12 40 164 32868 1 1406498 141645 1.8 17 9 7 11 66% 118 38818 137 66%
c - 67.83 279 12 40 165 32997 1 1407399 134146 1.8 17 9 7 11 66% 118 38818 137 66%
c - 68.61 276 12 40 166 33860 1 1420246 135927 1.8 17 9 7 11 66% 118 38818 137 66%
c - 69.44 279 12 40 167 34759 1 1433130 138866 1.8 16 9 7 11 65% 118 38818 137 66%
c
c seconds    switched      rate            size/glue tier1    binary       remaining
c         MB   reductions     conflicts          size  tier2     irredundant
c          level     restarts        redundant     glue    trail       variables
c
c - 70.37 279 12 40 168 35999 1 1446053 140900 1.7 16 9 7 11 65% 118 38818 137 66%
c - 71.23 281 12 40 169 36557 1 1459018 143092 1.7 16 9 7 11 65% 118 38818 137 66%
c - 72.03 279 12 40 170 37120 1 1472018 144541 1.7 16 9 7 11 65% 118 38818 137 66%
c } 72.49 279 12 41 170 37524 1 1479752 150515 1.7 16 9 7 11 65% 118 38818 137 66%
c [ 72.49 279 16 41 170 37524 1 1479752 150515 1.5 19 12 8 15 68% 118 38818 137 66%
c B 72.49 279 16 41 170 37524 1 1479752 150515 1.5 19 12 8 15 68% 118 38818 137 66%
c u 72.73 279 16 41 170 37524 1 1480618 151139 1.5 19 12 8 15 68% 118 38818 137 66%
c v 72.89 280 16 41 170 37524 1 1480618 151067 1.5 19 12 8 15 68% 118 38818 137 66%
c w 72.94 280 16 41 170 37524 1 1480618 151041 1.5 19 12 8 15 68% 118 38818 137 66%
c x 73.06 281 16 41 170 37524 1 1480618 151025 1.5 19 12 8 15 68% 118 38694 137 66%
c - 73.26 276 16 41 171 37528 1 1485056 145441 1.5 19 12 8 15 68% 118 38694 137 66%
c - 73.85 276 16 41 172 37535 1 1498134 146673 1.5 19 12 8 15 67% 118 38694 137 66%
c - 74.48 276 16 41 173 37538 1 1511249 148262 1.5 19 12 8 15 67% 118 38694 137 66%
c - 75.04 277 16 41 174 37545 1 1524401 148471 1.5 19 12 8 15 67% 118 38694 137 66%
c s 75.44 277 16 41 174 37547 1 1526522 150182 1.5 19 12 8 15 67% 118 38540 137 66%
c - 75.92 276 16 41 175 37553 1 1537592 147192 1.5 19 12 8 15 68% 118 38540 137 66%
c - 76.44 276 15 41 176 37554 1 1550821 145164 1.5 18 12 8 15 68% 118 38540 137 66%
c - 77.01 276 15 41 177 37557 1 1564087 145139 1.5 18 12 8 15 68% 119 38540 137 66%
c - 77.63 277 15 41 178 37564 1 1577391 146844 1.5 18 12 8 15 68% 119 38540 137 66%
c W 78.05 277 15 41 178 37569 1 1587738 154783 1.5 18 12 8 15 68% 119 38540 137 66%
c
c seconds    switched      rate            size/glue  tier1    binary       remaining
c         MB   reductions     conflicts          size   tier2     irredundant
c          level     restarts        redundant      glue    trail       variables
c
c o 78.05 277 15 41 178 37569 1 1587738 154783 1.5 18 12 8 15 68% 119 38540 137 66%
c - 78.18 277 15 41 179 37569 1 1590732 149032 1.5 18 12 8 15 68% 119 38540 137 66%
c u 78.67 277 16 41 179 37572 1 1598624 155590 1.5 18 12 8 15 68% 119 38540 137 66%
c v 78.80 278 16 41 179 37572 1 1598624 155332 1.5 18 12 8 15 68% 119 38540 137 66%
c w 78.84 278 16 41 179 37572 1 1598624 155130 1.5 18 12 8 15 68% 119 38540 137 66%
c x 78.93 278 16 41 179 37572 1 1598624 155124 1.5 18 12 8 15 68% 119 38424 137 66%
c - 79.19 273 16 41 180 37576 1 1604114 149130 1.5 18 12 8 15 68% 119 38424 137 66%
c ] 79.38 272 16 42 180 37578 1 1608577 152628 1.5 19 12 8 15 68% 119 38424 137 66%
c { 79.38 272 12 42 180 37578 1 1608577 152628 1.7 16 9 7 11 65% 119 38424 137 66%
c - 79.81 273 12 42 181 37837 1 1617531 124700 1.6 15 9 6 11 65% 119 38424 137 66%
c - 80.36 273 12 42 182 37955 1 1630984 118099 1.6 15 9 6 11 65% 119 38424 137 66%
c - 81.11 273 12 42 183 38774 1 1644475 117005 1.6 15 9 6 11 65% 119 38424 137 66%
c - 81.92 274 12 42 184 39455 1 1658002 117802 1.6 15 9 6 11 64% 119 38424 137 66%
c - 82.54 273 12 42 185 39896 1 1671566 118422 1.6 15 9 6 11 65% 119 38424 137 66%
c - 83.28 272 12 42 186 40428 1 1685168 119015 1.6 14 9 6 11 65% 120 38424 137 66%
c - 84.07 273 12 42 187 41142 1 1698806 119307 1.6 14 9 6 11 65% 120 38424 137 66%
c } 84.66 271 12 43 187 41656 1 1708551 126797 1.6 14 9 6 11 65% 120 38424 137 66%
c [ 84.66 271 16 43 187 41656 1 1708551 126797 1.5 19 12 8 15 68% 120 38424 137 66%
c O 84.66 271 16 43 187 41656 1 1708551 126797 1.5 19 12 8 15 68% 120 38424 137 66%
c - 84.83 272 16 43 188 41658 1 1712481 119512 1.5 19 12 8 15 68% 120 38424 137 66%
c
c seconds    switched      rate            size/glue  tier1    binary       remaining
c         MB   reductions     conflicts          size   tier2     irredundant
c          level     restarts        redundant      glue    trail       variables
c
c u 85.42 283 16 43 188 41663 1 1721630 126737 1.5 19 12 8 15 68% 120 38424 137 66%
c v 85.56 284 16 43 188 41663 1 1721630 126408 1.5 19 12 8 15 68% 120 38424 137 66%
c w 85.62 284 16 43 188 41663 1 1721630 126395 1.5 19 12 8 15 68% 120 38424 137 66%
c x 85.73 284 16 43 188 41663 1 1721630 126379 1.5 19 12 8 15 68% 120 37900 137 66%
c - 86.01 274 16 43 189 41667 1 1726193 118754 1.5 19 12 8 15 68% 120 37900 137 66%
c - 86.68 273 16 43 190 41670 1 1739940 119925 1.5 19 12 7 15 68% 120 37900 137 66%
c - 87.36 273 15 43 191 41677 1 1753725 121510 1.5 18 12 7 15 68% 120 37900 137 66%
c - 87.97 274 15 43 192 41685 1 1767547 122859 1.5 18 12 7 15 68% 120 37900 137 66%
c - 88.55 272 15 43 193 41686 1 1781403 123024 1.5 18 12 7 14 68% 120 37900 137 66%
c - 89.19 274 15 43 194 41690 1 1795295 123493 1.5 18 12 7 14 68% 120 37900 137 66%
c - 89.94 273 15 43 195 41698 1 1809225 122763 1.5 18 12 7 14 68% 120 37900 137 66%
c ] 90.12 272 15 44 195 41700 1 1812876 125208 1.5 18 12 7 14 68% 120 37900 137 66%
c { 90.12 272 12 44 195 41700 1 1812876 125208 1.6 14 9 6 11 65% 120 37900 137 66%
c o 90.18 274 12 44 195 41729 1 1814142 126130 1.6 14 9 6 11 65% 120 37900 137 66%
c - 90.70 273 12 44 196 42184 1 1823191 123014 1.6 14 9 6 11 65% 120 37900 137 66%
c s 91.28 272 12 44 196 42270 1 1828322 126439 1.5 14 9 6 11 65% 120 37641 137 66%
c - 91.77 273 12 44 197 42719 1 1837193 122662 1.6 14 9 6 11 65% 120 37641 137 66%
c u 92.61 273 12 44 197 43187 1 1849721 131954 1.6 14 9 6 11 65% 120 37641 137 66%
c v 92.76 283 12 44 197 43187 1 1849721 131708 1.6 14 9 6 11 65% 120 37641 137 66%
c w 92.82 283 12 44 197 43187 1 1849721 131619 1.6 14 9 6 11 65% 120 37641 137 66%
c
c seconds    switched      rate            size/glue tier1    binary       remaining
c         MB   reductions     conflicts          size  tier2     irredundant
c          level     restarts        redundant     glue    trail       variables
c
c x 92.93 284 12 44 197 43187 1 1849721 131606 1.6 14 9 6 11 65% 120 37523 137 66%
c - 93.12 275 12 44 198 43367 1 1851228 122644 1.6 14 9 6 11 65% 120 37523 137 66%
c - 93.77 275 12 44 199 44074 1 1865300 123650 1.5 14 9 6 11 65% 120 37523 137 66%
c - 94.54 275 12 44 200 44733 1 1879406 125354 1.5 14 9 6 11 65% 120 37523 137 66%
c - 95.18 274 12 44 201 45190 1 1893548 126986 1.5 14 9 6 11 66% 120 37523 137 66%
c - 95.88 276 12 44 202 45755 1 1907725 128394 1.5 14 9 6 11 66% 120 37523 137 66%
c } 96.68 273 12 45 202 46389 1 1921707 138483 1.5 14 9 6 11 66% 120 37523 137 66%
c [ 96.68 273 15 45 202 46389 1 1921707 138483 1.5 18 12 7 14 68% 120 37523 137 66%
c B 96.68 273 15 45 202 46389 1 1921707 138483 1.5 18 12 7 14 68% 120 37523 137 66%
c - 96.71 276 15 45 203 46389 1 1921937 130188 1.5 18 12 7 14 68% 120 37523 137 66%
c i 96.98 274 15 45 203 46394 1 1928691 134163 1.5 17 12 7 14 68% 133 37523 136 66%
c - 97.38 275 15 45 204 46398 1 1936185 112204 1.5 18 12 7 14 68% 117 37523 136 66%
c - 98.12 275 15 45 205 46403 1 1950469 112562 1.5 18 12 7 14 68% 117 37523 136 66%
c - 98.98 275 16 45 206 46410 1 1964787 115698 1.5 19 12 7 14 68% 117 37523 136 66%
c - 99.80 276 16 45 207 46417 1 1979140 117283 1.5 19 12 7 14 68% 117 37523 136 66%
c u 100.19 282 16 45 207 46418 1 1982902 120081 1.5 19 12 7 14 68% 128 37511 136 66%
c v 100.36 285 16 45 207 46418 1 1982902 120042 1.5 19 12 7 14 68% 128 37511 136 66%
c w 100.42 286 16 45 207 46418 1 1982902 120010 1.5 19 12 7 14 68% 128 37511 136 66%
c x 100.54 287 16 45 207 46418 1 1982902 120000 1.5 19 12 7 14 68% 128 37142 136 66%
c - 101.16 275 16 45 208 46419 1 1993527 117688 1.5 19 12 7 14 68% 128 37142 136 66%
c
c seconds     switched      rate            size/glue  tier1    binary       remaining
c          MB   reductions     conflicts          size   tier2     irredundant
c           level     restarts        redundant      glue    trail       variables
c
c o 101.82 276 16 45 208 46422 1 2005989 127266 1.5 19 12 7 14 68% 128 37142 136 66%
c - 101.92 275 16 45 209 46422 1 2007949 118563 1.5 19 12 7 14 68% 128 37142 136 66%
c ] 102.54 275 16 46 209 46430 1 2020820 128817 1.5 19 12 7 14 68% 128 37142 136 66%
c { 102.54 275 12 46 209 46430 1 2020820 128817 1.5 14 9 6 11 66% 128 37142 136 66%
c - 102.67 274 12 46 210 46577 1 2022406 120085 1.5 14 9 6 11 66% 128 37142 136 66%
c - 103.35 275 12 46 211 47164 1 2036898 120954 1.5 13 9 6 11 66% 128 37142 136 66%
c - 103.96 274 11 46 212 47342 1 2051424 121188 1.5 13 9 6 11 66% 131 37142 136 66%
c i 104.29 274 11 46 212 47493 1 2059195 126322 1.5 13 9 6 11 66% 139 37142 135 65%
c - 104.68 275 11 46 213 47838 1 2065984 84334 1.5 13 9 6 11 66% 122 37142 135 65%
c - 105.46 275 11 46 214 48797 1 2080580 92337 1.5 13 9 6 11 66% 122 37142 135 65%
c i 105.94 274 11 46 214 49127 1 2089806 98758 1.5 13 9 6 11 66% 128 37142 134 65%
c - 106.30 274 11 46 215 49610 1 2095209 85465 1.5 13 9 6 11 66% 116 37142 134 65%
c - 107.01 274 11 46 216 50356 1 2109872 89557 1.5 13 9 6 10 66% 117 37142 134 65%
c u 107.79 275 11 46 216 51397 1 2121228 97685 1.5 13 9 6 10 66% 141 37118 134 65%
c v 107.95 275 11 46 216 51397 1 2121228 97466 1.5 13 9 6 10 66% 141 37118 134 65%
c w 108.01 275 11 46 216 51397 1 2121228 97441 1.5 13 9 6 10 66% 141 37118 134 65%
c x 108.14 275 11 46 216 51397 1 2121228 97427 1.5 13 9 6 10 66% 141 36859 134 65%
c - 108.32 274 11 46 217 51460 1 2124568 94163 1.5 13 9 6 10 66% 141 36859 134 65%
c } 109.09 271 11 47 217 51899 1 2138866 104070 1.5 13 9 6 10 66% 142 36859 134 65%
c [ 109.09 271 16 47 217 51899 1 2138866 104070 1.5 19 12 7 14 68% 142 36859 134 65%
c
c seconds     switched      rate            size/glue  tier1    binary       remaining
c          MB   reductions     conflicts          size   tier2     irredundant
c           level     restarts        redundant      glue    trail       variables
c
c W 109.13 274 16 47 217 51899 1 2138866 104070 1.5 19 12 7 14 68% 142 36859 134 65%
c - 109.17 274 16 47 218 51899 1 2139298 97054 1.5 19 12 7 14 68% 142 36859 134 65%
c - 110.03 274 16 47 219 51908 1 2154062 100113 1.5 19 12 7 14 68% 142 36859 134 65%
c s 111.00 274 15 47 219 51912 1 2163266 107690 1.5 19 12 7 14 68% 142 36539 134 65%
c e 111.01 275 15 47 219 51912 1 2163266 107690 1.5 19 12 7 14 68% 142 36552 132 64%
c - 111.31 275 15 47 220 51913 1 2168861 98403 1.5 18 12 7 14 68% 142 36552 132 64%
c - 112.05 275 15 47 221 51920 1 2183694 99845 1.5 18 12 7 14 68% 142 36552 132 64%
c - 112.77 275 15 47 222 51928 1 2198561 102203 1.5 18 12 7 14 68% 142 36552 132 64%
c - 113.53 275 15 47 223 51929 1 2213461 103961 1.5 18 12 7 14 68% 142 36552 132 64%
c - 114.40 275 15 47 224 51935 1 2228394 105100 1.5 17 12 7 14 67% 143 36552 132 64%
c ] 115.08 276 15 48 224 51942 1 2241278 114544 1.5 17 11 7 14 67% 143 36552 132 64%
c { 115.08 276 11 48 224 51942 1 2241278 114544 1.5 13 9 6 10 66% 143 36552 132 64%
c - 115.24 274 11 48 225 52020 1 2243360 107084 1.5 13 9 6 10 66% 143 36552 132 64%
c o 115.61 274 11 48 225 52187 1 2249352 111201 1.5 13 9 6 10 66% 144 36552 132 64%
c - 116.16 275 11 48 226 52292 1 2258360 108507 1.5 13 9 6 10 66% 147 36552 132 64%
c i 116.29 275 11 48 226 52318 1 2260319 109714 1.5 13 9 6 10 66% 153 36552 130 63%
c u 116.72 274 11 48 226 52446 1 2264712 102207 1.5 13 9 6 10 66% 160 36546 130 63%
c v 116.92 276 11 48 226 52446 1 2264712 101014 1.5 13 9 6 10 66% 160 36546 130 63%
c w 116.99 276 11 48 226 52446 1 2264712 100447 1.5 13 9 6 10 66% 160 36546 130 63%
c x 117.14 275 11 48 226 52446 1 2264712 100439 1.5 13 9 6 10 66% 165 36209 130 63%
c
c seconds     switched      rate            size/glue tier1    binary       remaining
c          MB   reductions     conflicts          size  tier2     irredundant
c           level     restarts        redundant     glue    trail       variables
c
c t 117.15 275 11 48 226 52446 1 2264712 100439 1.5 13 9 6 10 66% 161 36209 130 63%
c - 117.69 275 11 48 227 52734 1 2273394 97253 1.5 12 8 6 10 66% 152 36209 130 63%
c i 117.70 275 11 48 227 52734 1 2273515 97294 1.5 12 8 6 10 66% 158 36209 128 62%
c - 118.65 275 11 48 228 53460 1 2288460 72484 1.5 13 8 6 10 66% 136 36209 128 62%
c - 119.62 275 11 48 229 54261 1 2303559 80933 1.5 13 8 6 10 66% 137 36208 128 62%
c - 120.55 275 11 48 230 54855 1 2318691 85998 1.5 12 8 6 10 66% 139 36208 128 62%
c - 121.51 275 11 48 231 55436 1 2333858 90377 1.5 12 8 6 10 66% 143 36208 128 62%
c i 122.22 275 11 48 231 55674 1 2345786 98183 1.5 12 8 6 10 66% 157 36208 127 61%
c - 122.43 274 11 48 232 55814 1 2349057 85598 1.5 12 8 6 10 66% 146 36208 127 61%
c i 122.86 275 11 48 232 56014 1 2355696 89718 1.5 12 8 6 10 66% 156 36208 125 60%
c i 123.02 275 11 48 232 56105 1 2358360 91497 1.5 12 8 6 10 66% 167 36208 124 60%
c i 123.17 275 11 48 232 56145 1 2360822 93152 1.5 12 8 6 10 66% 179 36208 123 59%
c i 123.21 275 10 48 232 56155 1 2361567 93540 1.5 12 8 6 10 66% 191 36208 121 58%
c i 123.28 275 10 48 232 56170 1 2363245 94691 1.5 12 8 6 10 66% 197 36208 113 55%
c i 123.32 275 10 48 232 56171 1 2363718 95003 1.5 12 8 6 10 66% 204 36208 111 54%
c i 123.32 275 10 48 232 56171 1 2363741 95004 1.5 12 8 6 10 66% 210 36208 109 53%
c i 123.32 275 10 48 232 56171 1 2363831 95041 1.5 12 8 6 10 66% 215 36208 97 47%
c i 123.33 275 10 48 232 56171 1 2363876 95051 1.5 12 8 6 10 66% 223 36208 96 46%
c i 123.33 275 10 48 232 56171 1 2363915 95062 1.5 12 8 6 10 66% 227 36208 94 45%
c i 123.33 275 10 48 232 56171 1 2363921 95063 1.5 12 8 6 10 66% 230 36208 93 45%
c
c seconds     switched      rate           size/glue tier1    binary      remaining
c          MB   reductions     conflicts         size  tier2     irredundant
c           level     restarts        redundant    glue    trail      variables
c
c i 123.33 275 10 48 232 56171 1 2363937 95065 1.5 12 8 6 10 66% 232 36208 80 39%
c i 123.33 275 10 48 232 56171 1 2363938 95065 1.5 12 8 6 10 66% 232 36208 76 37%
c } 123.33 275 10 48 232 56171 1 2363942 95065 1.5 12 8 6 10 66% 234 36208 74 36%
c 0 123.33 275 10 48 232 56171 1 2363942 95065 1.5 12 8 6 10 66% 234 36208 74 36%
c
c ---- [ result ] ------------------------------------------------------------
c
s UNSATISFIABLE
c
c ---- [ profiling ] ---------------------------------------------------------
c
c         107.04   86.79 %  search
c          57.66   46.75 %  focused
c          49.38   40.04 %  stable
c          16.25   13.18 %  simplify
c          10.06    8.16 %  probe
c           8.13    6.59 %  vivify
c           6.09    4.94 %  eliminate
c           5.98    4.85 %  subsume
c           1.64    1.33 %  sweep
c           1.61    1.31 %  reduce
c           0.24    0.20 %  substitute
c           0.12    0.10 %  walking
c           0.03    0.02 %  factor
c           0.02    0.02 %  preprocess
c           0.02    0.01 %  congruence
c           0.01    0.01 %  parse
c           0.01    0.01 %  lucky
c           0.01    0.01 %  transitive
c           0.00    0.00 %  backbone
c =============================================
c         123.33  100.00 %  total
c
c ---- [ statistics ] --------------------------------------------------------
c
c conflicts:                          2363942            19167.18 per second
c decisions:                          3082317                1.30 per conflict
c eliminated:                             280              135 %  variables
c factored:                               208              100 %  variables
c iterations:                              20               10 %  variables
c propagations:                      48704012           394899    per second
c reductions:                             232            10189    interval
c reordered:                               20           118197    interval
c rephased:                                32            73873    interval
c restarts:                             56171               42    interval
c strengthened:                            10                0 %  checks
c subsumed:                              9138                0 %  checks
c switched:                                48            49249    interval
c vivified:                             38770               31 %  checks
c walks:                                   11           214904    interval
c
c ---- [ glue usage ] --------------------------------------------------------
c
c focused glue 5   used 546513 clauses 14.01% accumulated 50.32% tier1
c focused glue 6   used 472429 clauses 12.11% accumulated 62.43%
c focused glue 7-8 used 706178 clauses 18.10% accumulated 80.52%
c focused glue 9   used 245057 clauses  6.28% accumulated 86.81%
c focused glue 10  used 173810 clauses  4.45% accumulated 91.26% tier2
c
c stable glue 7    used  422459 clauses  8.43% accumulated 54.71% tier1
c stable glue 8    used  379548 clauses  7.57% accumulated 62.28%
c stable glue 9-12 used 1128442 clauses 22.51% accumulated 84.79%
c stable glue 13   used  173705 clauses  3.46% accumulated 88.25%
c stable glue 14   used  142660 clauses  2.85% accumulated 91.10% tier2
c
c ---- [ resources ] ---------------------------------------------------------
c
c maximum-resident-set-size:     308834992128 bytes     294528 MB
c process-time:                          2m 3s             123.33 seconds
c
c ---- [ shutting down ] -----------------------------------------------------
c
c exit 20
