c ---- [ banner ] ------------------------------------------------------------
c
c Kissat SAT Solver
c 
c Copyright (c) 2021-2024 Armin Biere University of Freiburg
c Copyright (c) 2019-2021 Armin Biere Johannes Kepler University Linz
c 
c Version 4.0.4 8af8e56f174b778aef3aa45af9f739b2a5f492c2
c Apple clang version 17.0.0 (clang-1700.6.3.2) -W -Wall -O3 -DNDEBUG
c Mon Mar 30 18:25:47 CEST 2026 Darwin Mac 24.6.0 arm64
c
c ---- [ parsing ] -----------------------------------------------------------
c
c opened and reading DIMACS file:
c
c   tmp.cnf
c
c parsed 'p cnf 253 10626' header
c closing input after reading 758077 bytes (740 KB)
c finished parsing after 0.00 seconds
c
c ---- [ solving ] -----------------------------------------------------------
c
c seconds switched rate     size/glue tier1  binary      remaining
c        MB reductions conflicts size  tier2   irredundant
c         level restarts redundant glue  trail       variables
c
c *  0.00  5 0 0 0  0 0   0   0 0.0 0 0 0 0 0% 1771 8855 252 100%
c (  0.00  7 0 0 0  0 0   0   0 0.0 0 0 0 0 0% 1771 8855 252 100%
c .  0.00  7 0 0 0  0 0   0   0 0.0 0 0 0 0 0% 1771 8855 252 100%
c f  0.02  8 0 0 0  0 0   0   0 0.0 0 0 0 0 0% 631 8855 353 140%
c )  0.02  8 0 0 0  0 0   0   0 0.0 0 0 0 0 0% 631 8855 353 140%
c {  0.02  8 0 0 0  0 0   0   0 0.0 0 0 2 6 0% 631 8855 353 140%
c -  0.03  8 42 0 1  1 1 1000 592 1.5 19 12 10 18 67% 631 8855 353 140%
c }  0.03  8 42 1 1  1 1 1000 592 1.5 19 12 10 18 67% 631 8855 353 140%
c [  0.03  8 0 1 1  1 0 1000 592 0.0 0 0 2 6 0% 631 8855 353 140%
c B  0.03  8 23 1 1  1 1 1004 595 1.7 23 13 2 6 72% 631 8855 353 140%
c ]  0.04  8 26 2 1  1 1 1687 1068 1.2 23 19 12 22 67% 631 8855 353 140%
c {  0.04  8 42 2 1  1 1 1687 1068 1.5 19 12 10 18 67% 631 8855 353 140%
c -  0.04  8 36 2 2 40 2 2001 1240 1.4 18 13 10 17 62% 631 8855 353 140%
c }  0.05  8 30 3 2 152 2 2687 1678 1.4 18 13 10 17 56% 631 8855 353 140%
c [  0.05  8 26 3 2 152 1 2687 1678 1.2 23 19 12 22 67% 631 8855 353 140%
c W  0.06  9 26 3 2 152 1 2687 1678 1.2 23 19 12 22 67% 631 8855 353 140%
c u  0.06  9 25 3 2 152 1 2971 1915 1.2 23 19 12 22 67% 631 8855 353 140%
c v  0.06  9 25 3 2 152 1 2971 1903 1.2 23 19 12 22 67% 631 8855 353 140%
c w  0.07  9 25 3 2 152 1 2971 1902 1.2 23 19 12 22 67% 631 8855 353 140%
c x  0.07 10 25 3 2 152 1 2971 1900 1.2 23 19 12 22 67% 631 8849 353 140%
c
c seconds  switched  rate       size/glue  tier1     binary      remaining
c        MB reductions conflicts      size    tier2    irredundant
c         level restarts   redundant     glue     trail      variables
c
c ]  0.08 10 24 4 2 152 1 3392 2192 1.2 22 18 12 22 68% 631 8849 353 140%
c {  0.08 10 30 4 2 152 2 3392 2192 1.4 18 13 10 17 56% 631 8849 353 140%
c -  0.08 10 30 4 3 158 2 3416 2146 1.4 18 13 11 16 57% 631 8849 353 140%
c -  0.09 10 21 4 4 173 2 5148 2925 1.4 15 11 8 14 61% 631 8849 353 140%
c }  0.09 10 20 5 4 173 2 5744 3374 1.4 15 11 8 13 62% 631 8849 353 140%
c [  0.10 10 24 5 4 173 1 5744 3374 1.2 22 18 12 22 68% 631 8849 353 140%
c I  0.10 10 24 5 4 173 1 5744 3374 1.2 22 18 12 22 68% 631 8849 353 140%
c -  0.11 10 17 5 5 174 1 7148 3537 1.3 17 13 8 17 67% 631 8849 353 140%
c ]  0.11 10 16 6 5 174 1 7687 3837 1.3 16 12 8 17 68% 631 8849 353 140%
c {  0.11 10 20 6 5 174 2 7687 3837 1.4 15 11 8 13 62% 631 8849 353 140%
c u  0.13 11 17 6 5 174 1 9151 4949 1.4 14 10 8 13 65% 631 8849 353 140%
c v  0.13 11 17 6 5 174 1 9151 4929 1.4 14 10 8 13 65% 631 8849 353 140%
c w  0.13 11 17 6 5 174 1 9151 4919 1.4 14 10 8 13 65% 631 8849 353 140%
c x  0.13 12 17 6 5 174 1 9151 4919 1.4 14 10 8 13 65% 631 8837 353 140%
c -  0.14 13 17 6 6 176 1 9385 4453 1.4 14 10 7 12 65% 631 8837 353 140%
c }  0.17 13 15 7 6 178 1 11756 6457 1.5 15 10 7 12 66% 631 8837 353 140%
c [  0.17 13 16 7 6 178 1 11756 6457 1.3 16 12 8 17 68% 631 8837 353 140%
c B  0.17 13 16 7 6 178 1 11756 6457 1.3 16 12 8 17 68% 631 8837 353 140%
c o  0.17 13 16 7 6 178 1 11756 6457 1.3 16 12 8 17 68% 631 8837 353 140%
c -  0.18 13 16 7 7 178 1 11834 5823 1.3 16 12 8 17 68% 631 8837 353 140%
c
c seconds  switched  rate        size/glue  tier1    binary      remaining
c        MB reductions conflicts       size   tier2    irredundant
c         level restarts    redundant     glue    trail      variables
c
c -  0.22 13 17 7 8 180 1 14479 6846 1.3 17 13 9 16 67% 631 8837 353 140%
c ]  0.22 13 17 8 8 180 1 14485 6852 1.3 17 13 9 16 67% 631 8837 353 140%
c {  0.22 13 15 8 8 180 1 14485 6852 1.5 15 10 7 12 66% 631 8837 353 140%
c s  0.23 13 15 8 8 202 1 14852 7108 1.5 15 10 7 12 66% 631 8815 353 140%
c e  0.24 13 15 8 8 202 1 14852 7108 1.5 15 10 7 12 66% 192 8100 114 45%
c s  0.25 13 15 8 8 202 1 14852 7108 1.5 15 10 7 12 66% 192 8041 114 45%
c ^  0.25 13 15 8 8 202 1 14852 7108 1.5 15 10 7 12 66% 192 8041 114 45%
c -  0.27 13 15 8 9 293 1 17308 3377 1.5 15 10 8 11 70% 192 8041 114 45%
c u  0.29 13 14 8 9 296 1 18748 4426 1.5 14 10 7 11 71% 192 8041 114 45%
c v  0.29 13 14 8 9 296 1 18748 4422 1.5 14 10 7 11 71% 192 8041 114 45%
c w  0.29 13 14 8 9 296 1 18748 4421 1.5 14 10 7 11 71% 192 8041 114 45%
c x  0.30 13 14 8 9 296 1 18748 4421 1.5 14 10 7 11 71% 192 8036 114 45%
c -  0.31 13 14 8 10 347 1 20308 5331 1.5 14 10 7 11 73% 192 8036 114 45%
c }  0.32 13 14 9 10 347 1 20644 5553 1.5 14 10 7 11 73% 192 8036 114 45%
c [  0.32 13 17 9 10 347 1 20644 5553 1.3 17 13 9 16 67% 192 8036 114 45%
c W  0.32 14 17 9 10 347 1 20644 5553 1.3 17 13 9 16 67% 192 8036 114 45%
c -  0.34 14 17 9 11 349 1 23470 6817 1.3 17 13 9 16 73% 192 8036 114 45%
c ]  0.37 14 16 10 11 351 1 26352 8891 1.4 17 13 9 16 76% 192 8036 114 45%
c {  0.37 14 14 10 11 351 1 26352 8891 1.5 14 10 7 11 73% 192 8036 114 45%
c o  0.37 14 14 10 11 368 1 26625 9085 1.5 14 10 7 11 73% 192 8036 114 45%
c
c seconds   switched   rate        size/glue  tier1    binary      remaining
c        MB   reductions conflicts       size   tier2    irredundant
c         level   restarts    redundant     glue    trail      variables
c
c -  0.38 15 14 10 12 423 1 26790 8026 1.5 14 10 7 11 73% 192 8036 114 45%
c s  0.42 15 13 10 12 530 1 29996 10119 1.5 14 10 7 11 76% 192 8027 114 45%
c e  0.42 15 13 10 12 530 1 29996 10119 1.5 14 10 7 11 76% 200 8027 106 42%
c ^  0.43 15 13 10 12 530 1 29996 10119 1.5 14 10 7 11 76% 200 8027 106 42%
c -  0.44 15 13 10 13 542 1 30254 4479 1.5 14 10 7 11 76% 200 8027 106 42%
c u  0.46 15 13 10 13 560 1 32230 5717 1.5 14 9 7 11 77% 200 8027 106 42%
c v  0.46 15 13 10 13 560 1 32230 5712 1.5 14 9 7 11 77% 200 8027 106 42%
c w  0.47 15 13 10 13 560 1 32230 5710 1.5 14 9 7 11 77% 200 8027 106 42%
c x  0.47 16 13 10 13 560 1 32230 5710 1.5 14 9 7 11 77% 200 8024 106 42%
c -  0.49 16 13 10 14 870 1 33859 6396 1.4 14 10 7 11 77% 200 8024 106 42%
c }  0.51 16 13 11 14 974 1 34982 7132 1.4 14 10 7 11 77% 200 8024 106 42%
c [  0.51 16 16 11 14 974 1 34982 7132 1.4 17 13 9 16 76% 200 8024 106 42%
c O  0.51 16 16 11 14 974 1 34982 7132 1.4 17 13 9 16 76% 200 8024 106 42%
c -  0.53 16 16 11 15 976 1 37602 8239 1.4 17 13 9 15 78% 200 8024 106 42%
c -  0.56 16 16 11 16 979 1 41474 9313 1.4 17 13 9 14 80% 200 8024 106 42%
c B  0.59 16 16 11 16 980 1 44743 11498 1.4 17 12 9 14 81% 200 8024 106 42%
c -  0.60 16 16 11 17 980 1 45474 10192 1.4 17 12 9 14 81% 200 8024 106 42%
c ]  0.61 16 16 12 17 980 1 47282 11602 1.4 17 13 9 14 82% 200 8024 106 42%
c {  0.61 16 13 12 17 980 1 47282 11602 1.4 14 10 7 11 77% 200 8024 106 42%
c o  0.62 16 13 12 17 987 1 47309 11626 1.4 14 10 7 11 77% 200 8024 106 42%
c
c seconds   switched    rate         size/glue  tier1    binary      remaining
c        MB   reductions  conflicts        size   tier2    irredundant
c         level    restarts     redundant     glue    trail      variables
c
c u  0.65 18 13 12 17 1116 1 49590 13269 1.4 14 10 7 11 78% 200 8024 106 42%
c v  0.65 18 13 12 17 1116 1 49590 13260 1.4 14 10 7 11 78% 200 8024 106 42%
c w  0.65 18 13 12 17 1116 1 49590 13256 1.4 14 10 7 11 78% 200 8024 106 42%
c x  0.66 18 13 12 17 1116 1 49590 13256 1.4 14 10 7 11 78% 200 8022 106 42%
c -  0.69 20 13 12 18 1117 1 49598 10934 1.4 14 10 7 11 78% 200 8022 106 42%
c -  0.73 20 13 12 19 1193 1 53841 11863 1.4 13 9 7 11 79% 200 8022 106 42%
c -  0.77 20 12 12 20 1249 1 58202 13068 1.4 13 9 7 11 80% 201 8022 106 42%
c }  0.78 20 12 13 20 1296 1 58761 13478 1.4 13 9 7 11 80% 201 8022 106 42%
c [  0.78 20 16 13 20 1296 1 58761 13478 1.4 17 13 9 14 82% 201 8022 106 42%
c W  0.78 21 16 13 20 1296 1 58761 13478 1.4 17 13 9 14 82% 201 8022 106 42%
c -  0.82 23 17 13 21 1298 1 62674 14580 1.4 18 13 9 15 83% 201 8022 106 42%
c s  0.84 23 17 13 21 1298 1 62832 14720 1.4 18 13 9 15 83% 201 7988 106 42%
c e  0.84 23 17 13 21 1298 1 62832 14720 1.4 18 13 9 15 83% 205 7988 104 41%
c ^  0.86 23 17 13 21 1298 1 62832 14720 1.4 18 13 9 15 83% 205 7988 104 41%
c -  0.91 23 17 13 22 1302 1 67260 13965 1.4 18 13 9 15 83% 205 7988 104 41%
c ]  0.93 23 17 14 22 1302 1 68788 15130 1.4 18 13 9 15 84% 205 7988 104 41%
c {  0.93 23 12 14 22 1302 1 68788 15130 1.4 13 9 7 11 80% 205 7988 104 41%
c u  0.97 25 12 14 22 1489 1 70947 16476 1.4 13 9 7 11 81% 205 7988 104 41%
c v  0.97 26 12 14 22 1489 1 70947 16436 1.4 13 9 7 11 81% 205 7988 104 41%
c w  0.97 26 12 14 22 1489 1 70947 16436 1.4 13 9 7 11 81% 205 7988 104 41%
c
c seconds   switched    rate         size/glue tier1    binary      remaining
c        MB   reductions  conflicts        size  tier2    irredundant
c         level    restarts     redundant    glue    trail      variables
c
c x  0.98 26 12 14 22 1489 1 70947 16436 1.4 13 9 7 11 81% 205 7980 104 41%
c -  1.00 26 12 14 23 1635 1 71951 15805 1.4 13 9 7 11 80% 205 7980 104 41%
c -  1.07 26 12 14 24 1877 1 76746 16641 1.4 13 9 7 11 81% 205 7980 104 41%
c o  1.10 26 12 14 24 1933 1 79317 18300 1.4 13 9 7 11 81% 205 7980 104 41%
c -  1.13 26 12 14 25 2018 1 81646 17525 1.4 13 9 7 10 81% 205 7980 104 41%
c }  1.15 26 12 15 25 2018 1 83503 18714 1.4 13 9 7 10 81% 205 7980 104 41%
c [  1.15 26 17 15 25 2018 1 83503 18714 1.4 18 13 9 15 84% 205 7980 104 41%
c I  1.15 26 17 15 25 2018 1 83503 18714 1.4 18 13 9 15 84% 205 7980 104 41%
c -  1.19 26 16 15 26 2020 1 86647 18892 1.4 17 13 9 14 84% 205 7980 104 41%
c -  1.25 26 16 15 27 2024 1 91747 20968 1.4 17 12 9 14 84% 205 7980 104 41%
c u  1.30 27 15 15 27 2025 1 96472 24302 1.4 17 12 9 14 85% 205 7980 104 41%
c v  1.31 27 15 15 27 2025 1 96472 24205 1.4 17 12 9 14 85% 205 7980 104 41%
c w  1.31 27 15 15 27 2025 1 96472 24202 1.4 17 12 9 14 85% 205 7980 104 41%
c x  1.32 27 15 15 27 2025 1 96472 24202 1.4 17 12 9 14 85% 205 7942 104 41%
c -  1.33 27 15 15 28 2026 1 96944 22681 1.4 17 12 9 14 85% 205 7942 104 41%
c B  1.38 27 15 15 28 2029 1 101305 25643 1.4 17 12 9 14 85% 205 7942 104 41%
c -  1.39 27 15 15 29 2030 1 102235 23863 1.4 17 12 8 14 85% 205 7942 104 41%
c ]  1.39 27 15 16 29 2030 1 102286 23888 1.4 17 12 8 14 85% 205 7942 104 41%
c {  1.39 27 12 16 29 2030 1 102286 23888 1.4 13 9 7 10 81% 205 7942 104 41%
c -  1.47 27 12 16 30 2240 1 107621 25170 1.4 13 9 7 10 82% 205 7942 104 41%
c
c seconds   switched    rate          size/glue tier1    binary      remaining
c        MB   reductions  conflicts         size  tier2    irredundant
c         level    restarts      redundant    glue    trail      variables
c
c -  1.55 27 12 16 31 2421 1 113099 26229 1.4 13 9 7 10 82% 205 7942 104 41%
c s  1.63 27 12 16 31 2557 1 115750 28129 1.4 13 9 7 10 82% 205 7854 104 41%
c e  1.63 27 12 16 31 2557 1 115750 28129 1.4 13 9 7 10 82% 218 7863 97 38%
c s  1.64 27 12 16 31 2557 1 115750 28129 1.4 13 9 7 10 82% 218 7822 97 38%
c e  1.64 27 12 16 31 2557 1 115750 28129 1.4 13 9 7 10 82% 212 7826 94 37%
c ^  1.64 27 12 16 31 2557 1 115750 28129 1.4 13 9 7 10 82% 212 7826 94 37%
c -  1.67 27 12 16 32 2714 1 118666 12159 1.4 13 9 7 10 82% 212 7826 94 37%
c }  1.68 27 12 17 32 2744 1 120624 13342 1.4 13 9 7 10 83% 212 7826 94 37%
c [  1.68 27 15 17 32 2744 1 120624 13342 1.4 17 12 8 14 85% 212 7826 94 37%
c W  1.70 28 15 17 32 2745 1 122217 14506 1.4 17 12 8 14 85% 212 7826 94 37%
c o  1.70 28 15 17 32 2745 1 122217 14506 1.4 17 12 8 14 85% 212 7826 94 37%
c -  1.73 28 15 17 33 2746 1 124322 15191 1.4 17 12 8 14 85% 212 7826 94 37%
c u  1.77 28 15 17 33 2748 1 126319 16610 1.4 16 12 8 14 85% 212 7826 94 37%
c v  1.77 28 15 17 33 2748 1 126319 16563 1.4 16 12 8 14 85% 212 7826 94 37%
c w  1.78 28 15 17 33 2748 1 126319 16546 1.4 16 12 8 14 85% 212 7826 94 37%
c x  1.78 28 15 17 33 2748 1 126319 16546 1.4 16 12 8 14 85% 212 7815 94 37%
c -  1.82 28 15 17 34 2750 1 130067 17827 1.4 17 12 8 14 85% 212 7815 94 37%
c -  1.88 28 15 17 35 2753 1 135897 19654 1.4 17 12 8 14 85% 212 7815 94 37%
c ]  1.93 28 15 18 35 2756 1 140306 22799 1.4 17 12 8 14 85% 212 7815 94 37%
c {  1.93 28 12 18 35 2756 1 140306 22799 1.4 13 9 7 10 83% 212 7815 94 37%
c
c seconds   switched    rate          size/glue tier1    binary     remaining
c        MB   reductions  conflicts         size  tier2    irredundant
c         level    restarts      redundant    glue    trail     variables
c
c -  1.96 28 12 18 36 3142 1 141813 20501 1.4 13 9 7 10 82% 212 7815 94 37%
c -  2.08 28 12 18 37 4592 2 147815 20901 1.4 13 9 7 11 81% 212 7815 94 37%
c -  2.17 28 12 18 38 5456 2 153899 21280 1.4 13 10 7 11 80% 212 7815 94 37%
c -  2.29 28 13 18 39 6272 2 160065 22445 1.3 13 10 7 11 80% 212 7815 94 37%
c u  2.32 31 13 18 39 6388 2 160637 22749 1.3 13 10 7 11 80% 212 7815 94 37%
c v  2.33 31 13 18 39 6388 2 160637 22479 1.3 13 10 7 11 80% 212 7815 94 37%
c w  2.34 31 13 18 39 6388 2 160637 22413 1.3 13 10 7 11 80% 212 7815 94 37%
c x  2.35 31 13 18 39 6388 2 160637 22403 1.3 13 10 7 11 80% 212 7657 94 37%
c }  2.44 32 13 19 39 6510 2 162651 23541 1.3 13 10 7 11 80% 212 7657 94 37%
c [  2.44 32 15 19 39 6510 1 162651 23541 1.4 17 12 8 14 85% 212 7657 94 37%
c O  2.44 32 15 19 39 6510 1 162651 23541 1.4 17 12 8 14 85% 212 7657 94 37%
c -  2.49 33 16 19 40 6512 1 166311 22725 1.4 17 12 8 14 85% 212 7657 94 37%
c -  2.56 33 16 19 41 6516 1 172635 23578 1.4 17 12 9 14 85% 212 7657 94 37%
c -  2.63 33 16 19 42 6519 1 179038 25386 1.4 17 12 8 14 85% 212 7657 94 37%
c -  2.71 34 16 19 43 6523 1 185520 27015 1.4 17 12 8 14 85% 212 7657 94 37%
c B  2.78 34 16 19 43 6524 1 190394 30408 1.4 17 12 8 14 85% 212 7657 94 37%
c o  2.78 34 16 19 43 6524 1 190394 30408 1.4 17 12 8 14 85% 212 7657 94 37%
c s  2.82 34 16 19 43 6524 1 191145 31010 1.4 17 12 8 14 85% 212 7193 94 37%
c e  2.83 34 16 19 43 6524 1 191145 31010 1.4 17 12 8 14 85% 229 7195 91 36%
c ^  2.83 34 16 19 43 6524 1 191145 31010 1.4 17 12 8 14 85% 229 7195 91 36%
c
c seconds   switched    rate          size/glue  tier1    binary     remaining
c        MB   reductions  conflicts         size   tier2    irredundant
c         level    restarts      redundant     glue    trail     variables
c
c -  2.84 34 16 19 44 6524 1 192080 12006 1.4 17 12 8 14 85% 229 7195 91 36%
c -  2.91 34 16 19 45 6527 1 198713 15191 1.4 17 12 8 14 85% 229 7195 91 36%
c u  2.93 34 16 19 45 6527 1 199591 15737 1.4 17 12 8 14 85% 229 7195 91 36%
c v  2.94 34 16 19 45 6527 1 199591 15703 1.4 17 12 8 14 85% 229 7195 91 36%
c w  2.94 34 16 19 45 6527 1 199591 15688 1.4 17 12 8 14 85% 229 7195 91 36%
c x  2.95 34 16 19 45 6527 1 199591 15685 1.4 17 12 8 14 85% 229 7053 91 36%
c ]  2.97 34 16 20 45 6528 1 200840 16623 1.4 17 12 8 14 85% 229 7053 91 36%
c {  2.97 34 13 20 45 6528 2 200840 16623 1.3 13 10 7 11 80% 229 7053 91 36%
c -  3.03 34 13 20 46 6653 2 205421 18282 1.3 13 10 7 11 80% 229 7053 91 36%
c -  3.11 34 12 20 47 6797 2 212204 20451 1.3 13 10 7 11 81% 229 7053 91 36%
c -  3.17 34 12 20 48 6837 2 219059 22185 1.4 13 9 7 11 82% 230 7053 91 36%
c -  3.26 34 12 20 49 6910 1 225990 24417 1.4 13 9 7 11 82% 231 7053 91 36%
c }  3.27 34 12 21 49 6910 1 227581 25366 1.4 13 9 7 11 82% 231 7053 91 36%
c [  3.27 34 16 21 49 6910 1 227581 25366 1.4 17 12 8 14 85% 231 7053 91 36%
c W  3.27 36 16 21 49 6910 1 227581 25366 1.4 17 12 8 14 85% 231 7053 91 36%
c -  3.33 36 16 21 50 6914 1 232990 26811 1.4 17 12 8 14 85% 231 7053 91 36%
c -  3.42 36 16 21 51 6917 1 240062 29444 1.4 17 12 8 14 85% 231 7053 91 36%
c u  3.48 38 16 21 51 6919 1 243694 32230 1.4 17 12 8 14 85% 231 7053 91 36%
c v  3.49 38 16 21 51 6919 1 243694 32132 1.4 17 12 8 14 85% 231 7053 91 36%
c w  3.50 38 16 21 51 6919 1 243694 32123 1.4 17 12 8 14 85% 231 7053 91 36%
c
c seconds   switched    rate          size/glue  tier1    binary     remaining
c        MB   reductions  conflicts         size   tier2    irredundant
c         level    restarts      redundant     glue    trail     variables
c
c x  3.51 38 16 21 51 6919 1 243694 32123 1.4 17 12 8 14 85% 231 7006 91 36%
c -  3.55 39 16 21 52 6922 1 247203 31224 1.4 17 12 8 14 85% 231 7006 91 36%
c ]  3.62 39 16 22 52 6924 1 253414 35564 1.4 17 12 8 14 85% 231 7006 91 36%
c {  3.62 39 12 22 52 6924 1 253414 35564 1.4 13 9 7 11 82% 231 7006 91 36%
c -  3.64 39 12 22 53 6925 1 254414 32578 1.4 13 9 7 11 82% 231 7006 91 36%
c -  3.72 39 12 22 54 6925 1 261696 30408 1.4 13 9 6 11 83% 231 7006 91 36%
c -  3.80 39 11 22 55 6925 1 269044 30819 1.4 13 9 6 10 83% 231 7006 91 36%
c -  3.91 40 11 22 56 6925 1 276460 31982 1.4 13 9 6 10 83% 231 7006 91 36%
c -  3.99 40 11 22 57 6925 1 283943 33968 1.5 12 9 6 10 83% 232 7006 91 36%
c }  4.00 40 11 23 57 6925 1 284931 34696 1.5 12 9 6 10 83% 232 7006 91 36%
c [  4.00 40 16 23 57 6925 1 284931 34696 1.4 17 12 8 14 85% 232 7006 91 36%
c I  4.00 40 16 23 57 6925 1 284931 34696 1.4 17 12 8 14 85% 232 7006 91 36%
c o  4.00 40 16 23 57 6925 1 284931 34696 1.4 17 12 8 14 85% 232 7006 91 36%
c -  4.09 40 16 23 58 6930 1 291492 36111 1.4 17 12 8 14 85% 232 7006 91 36%
c s  4.11 40 16 23 58 6930 1 292074 36554 1.4 17 12 8 14 85% 232 6857 91 36%
c e  4.12 41 16 23 58 6930 1 292074 36554 1.4 17 12 8 14 85% 288 6857 86 34%
c s  4.14 41 16 23 58 6930 1 292074 36554 1.4 17 12 8 14 85% 288 6811 86 34%
c !  4.14 41 16 23 58 6930 1 292074 36554 1.4 17 12 8 14 85% 288 6811 86 34%
c u  4.16 41 16 23 58 6930 1 292618 5948 1.4 17 12 8 14 85% 290 6811 86 34%
c v  4.17 41 16 23 58 6930 1 292618 5618 1.4 17 12 8 14 85% 290 6811 86 34%
c
c seconds   switched    rate         size/glue  tier1    binary     remaining
c        MB   reductions  conflicts        size   tier2    irredundant
c         level    restarts     redundant     glue    trail     variables
c
c w  4.17 41 16 23 58 6930 1 292618 5568 1.4 17 12 8 14 85% 290 6811 86 34%
c x  4.18 41 16 23 58 6930 1 292618 5564 1.4 17 12 8 14 85% 290 6505 86 34%
c t  4.18 41 16 23 58 6930 1 292618 5564 1.4 17 12 8 14 85% 288 6505 86 34%
c -  4.22 42 16 23 59 6933 1 299108 9061 1.4 17 12 8 14 86% 288 6505 86 34%
c -  4.27 42 16 23 60 6938 1 306789 13440 1.4 17 12 8 14 86% 289 6505 86 34%
c -  4.33 42 16 23 61 6939 1 314539 15751 1.4 17 12 8 14 86% 289 6505 86 34%
c -  4.39 42 16 23 62 6943 1 322349 17444 1.4 17 12 8 14 86% 290 6505 86 34%
c B  4.40 42 16 23 62 6945 1 324373 18946 1.4 17 12 8 14 86% 290 6505 86 34%
c -  4.45 42 16 23 63 6946 1 330223 18687 1.4 17 12 8 14 86% 290 6505 86 34%
c ]  4.48 42 16 24 63 6950 1 335586 22547 1.4 17 12 8 14 86% 290 6505 86 34%
c {  4.48 42 11 24 63 6950 1 335586 22547 1.5 12 9 6 10 83% 290 6505 86 34%
c -  4.51 42 11 24 64 7054 1 338161 19326 1.5 12 9 6 10 83% 290 6505 86 34%
c -  4.59 42 11 24 65 7263 1 346164 20134 1.5 12 8 6 10 84% 291 6505 86 34%
c u  4.60 42 11 24 65 7263 1 346947 20520 1.5 12 8 6 10 84% 291 6505 86 34%
c v  4.61 42 11 24 65 7263 1 346947 20335 1.5 12 8 6 10 84% 291 6505 86 34%
c w  4.62 42 11 24 65 7263 1 346947 20289 1.5 12 8 6 10 84% 291 6505 86 34%
c x  4.62 42 11 24 65 7263 1 346947 20289 1.5 12 8 6 10 84% 291 6424 86 34%
c -  4.69 42 11 24 66 7582 1 354228 20927 1.4 12 8 6 10 84% 292 6424 86 34%
c o  4.75 42 11 24 66 7817 1 359924 24254 1.4 12 8 6 10 84% 294 6424 86 34%
c -  4.76 42 11 24 67 7927 1 362354 22970 1.4 12 8 6 10 85% 294 6424 86 34%
c
c seconds   switched    rate          size/glue tier1    binary     remaining
c        MB   reductions  conflicts         size  tier2    irredundant
c         level    restarts      redundant    glue    trail     variables
c
c -  4.83 42 11 24 68 8369 1 370539 25281 1.4 12 8 6 10 85% 296 6424 86 34%
c i  4.84 42 11 24 68 8373 1 371343 25710 1.4 12 8 6 10 85% 305 6424 85 34%
c }  4.85 42 11 25 68 8474 1 372264 26303 1.4 12 8 6 10 85% 305 6424 85 34%
c [  4.85 42 16 25 68 8474 1 372264 26303 1.4 17 12 8 14 86% 305 6424 85 34%
c W  4.85 44 16 25 68 8474 1 372264 26303 1.4 17 12 8 14 86% 285 6423 85 34%
c -  4.89 44 16 25 69 8479 1 378785 19416 1.4 17 12 8 14 86% 285 6423 85 34%
c i  4.95 44 16 25 69 8482 1 386043 24169 1.4 17 12 8 14 86% 291 6423 84 33%
c -  4.96 45 16 25 70 8483 1 387093 12802 1.4 17 12 8 14 86% 280 6423 84 33%
c -  5.01 45 16 25 71 8487 1 395459 16858 1.4 17 12 8 14 86% 281 6423 84 33%
c -  5.07 45 16 25 72 8488 1 403885 21175 1.4 17 12 8 14 86% 281 6423 84 33%
c u  5.11 47 16 25 72 8489 1 406385 22779 1.4 17 12 8 14 86% 281 6423 84 33%
c v  5.12 47 16 25 72 8489 1 406385 22685 1.4 17 12 8 14 86% 281 6423 84 33%
c w  5.12 47 16 25 72 8489 1 406385 22641 1.4 17 12 8 14 86% 281 6423 84 33%
c x  5.13 47 16 25 72 8489 1 406385 22637 1.4 17 12 8 14 86% 281 6353 84 33%
c -  5.25 52 16 25 73 8494 1 412372 23109 1.4 17 12 8 14 86% 281 6353 84 33%
c ]  5.31 52 16 26 73 8495 1 417478 26497 1.4 17 12 8 14 86% 281 6353 84 33%
c {  5.31 52 11 26 73 8495 1 417478 26497 1.4 12 8 6 10 85% 281 6353 84 33%
c s  5.36 52 11 26 73 8606 1 420413 28391 1.4 12 8 6 10 85% 282 5322 84 33%
c s  5.37 52 11 26 73 8606 1 420413 28391 1.4 12 8 6 10 85% 282 5320 84 33%
c -  5.38 52 11 26 74 8641 1 420919 25134 1.4 12 8 6 10 85% 282 5320 84 33%
c
c seconds   switched    rate          size/glue tier1    binary     remaining
c        MB   reductions  conflicts         size  tier2    irredundant
c         level    restarts      redundant    glue    trail     variables
c
c -  5.47 52 11 26 75 9126 1 429522 26494 1.4 12 8 6 10 85% 282 5320 84 33%
c -  5.55 52 11 26 76 9405 1 438182 28099 1.4 12 8 6 10 85% 284 5320 84 33%
c o  5.57 52 11 26 76 9507 1 440826 29653 1.4 12 8 6 10 85% 285 5320 84 33%
c -  5.63 52 11 26 77 9807 1 446899 29931 1.4 12 8 6 10 85% 288 5320 84 33%
c -  5.72 52 11 26 78 10190 1 455673 31976 1.4 12 8 6 10 85% 290 5320 84 33%
c }  5.76 52 11 27 78 10317 1 459696 34361 1.4 12 8 6 10 85% 290 5320 84 33%
c [  5.76 52 16 27 78 10317 1 459696 34361 1.4 17 12 8 14 86% 290 5320 84 33%
c O  5.76 52 16 27 78 10317 1 459696 34361 1.4 17 12 8 14 86% 290 5320 84 33%
c -  5.80 52 16 27 79 10320 1 464505 33928 1.4 17 12 8 14 86% 290 5320 84 33%
c u  5.88 52 16 27 79 10323 1 471053 38324 1.4 17 12 8 14 86% 295 5320 84 33%
c v  5.90 52 16 27 79 10323 1 471053 38021 1.4 17 12 8 14 86% 295 5320 84 33%
c w  5.90 52 16 27 79 10323 1 471053 37850 1.4 17 12 8 14 86% 295 5320 84 33%
c x  5.92 52 16 27 79 10323 1 471053 37846 1.4 17 12 8 14 86% 295 5064 84 33%
c -  5.94 55 16 27 80 10325 1 473393 35380 1.4 17 12 8 14 86% 295 5064 84 33%
c -  6.03 55 16 27 81 10330 1 482337 37335 1.4 17 12 8 14 85% 298 5064 84 33%
c i  6.04 55 16 27 81 10330 1 482440 37364 1.4 17 12 8 14 85% 303 5064 79 31%
c i  6.10 55 16 27 81 10331 1 490211 42872 1.4 17 12 8 14 85% 306 5064 70 28%
c i  6.11 55 16 27 81 10331 1 491281 43552 1.4 17 12 8 14 85% 308 5064 61 24%
c -  6.11 55 16 27 82 10331 1 491337 4828 1.4 17 12 8 14 85% 224 1673 61 24%
c ]  6.11 55 16 27 82 10331 1 491391 4838 1.4 17 12 8 14 85% 228 1673 24 10%
c
c seconds   switched     rate         size/glue tier1    binary     remaining
c        MB   reductions   conflicts        size  tier2    irredundant
c         level    restarts      redundant    glue    trail     variables
c
c 0  6.11 55 11 27 82 10331 1 491391 4838 1.4 12 8 6 10 85% 228 1673 24 10%
c
c ---- [ result ] ------------------------------------------------------------
c
s UNSATISFIABLE
c
c ---- [ profiling ] ---------------------------------------------------------
c
c           5.22   85.38 %  search
c           2.66   43.55 %  focused
c           2.56   41.83 %  stable
c           0.87   14.28 %  simplify
c           0.60    9.85 %  probe
c           0.40    6.55 %  vivify
c           0.28    4.58 %  eliminate
c           0.22    3.66 %  subsume
c           0.17    2.84 %  sweep
c           0.13    2.09 %  reduce
c           0.02    0.34 %  substitute
c           0.02    0.26 %  preprocess
c           0.01    0.10 %  walking
c           0.00    0.06 %  factor
c           0.00    0.04 %  parse
c           0.00    0.04 %  congruence
c           0.00    0.03 %  lucky
c           0.00    0.01 %  transitive
c           0.00    0.01 %  backbone
c =============================================
c           6.11  100.00 %  total
c
c ---- [ statistics ] --------------------------------------------------------
c
c conflicts:                           491391            80352.95 per second
c decisions:                           630754                1.28 per conflict
c eliminated:                             267              106 %  variables
c factored:                               101               40 %  variables
c iterations:                               6                2 %  variables
c propagations:                       7633486          1248238    per second
c reductions:                              82             5993    interval
c reordered:                                9            54599    interval
c rephased:                                18            27300    interval
c restarts:                             10331               48    interval
c strengthened:                          2978                0 %  checks
c subsumed:                              1945                0 %  checks
c switched:                                27            18200    interval
c vivified:                              7980               73 %  checks
c walks:                                    6            81898    interval
c
c ---- [ glue usage ] --------------------------------------------------------
c
c focused glue 6  used 121736 clauses 17.34% accumulated 58.72% tier1
c focused glue 7  used  98451 clauses 14.02% accumulated 72.74%
c focused glue 8  used  68565 clauses  9.77% accumulated 82.51%
c focused glue 9  used  45388 clauses  6.47% accumulated 88.97%
c focused glue 10 used  29071 clauses  4.14% accumulated 93.12% tier2
c
c stable glue 8     used  91395 clauses  9.65% accumulated 58.47% tier1
c stable glue 9     used  82254 clauses  8.69% accumulated 67.16%
c stable glue 10-12 used 176411 clauses 18.63% accumulated 85.79%
c stable glue 13    used  35417 clauses  3.74% accumulated 89.53%
c stable glue 14    used  27065 clauses  2.86% accumulated 92.39% tier2
c
c ---- [ resources ] ---------------------------------------------------------
c
c maximum-resident-set-size:      58753810432 bytes      56032 MB
c process-time:                             6s               6.11 seconds
c
c ---- [ shutting down ] -----------------------------------------------------
c
c exit 20
