c ---- [ banner ] ------------------------------------------------------------
c
c Kissat SAT Solver
c 
c Copyright (c) 2021-2024 Armin Biere University of Freiburg
c Copyright (c) 2019-2021 Armin Biere Johannes Kepler University Linz
c 
c Version 4.0.4 8af8e56f174b778aef3aa45af9f739b2a5f492c2
c Apple clang version 17.0.0 (clang-1700.6.3.2) -W -Wall -O3 -DNDEBUG
c Mon Mar 30 18:25:47 CEST 2026 Darwin Mac 24.6.0 arm64
c
c ---- [ parsing ] -----------------------------------------------------------
c
c opened and reading DIMACS file:
c
c   tmp.cnf
c
c parsed 'p cnf 190 43605' header
c closing input after reading 2331934 bytes (2 MB)
c finished parsing after 0.01 seconds
c
c ---- [ solving ] -----------------------------------------------------------
c
c seconds switched rate     size/glue tier1 binary       remaining
c        MB reductions conflicts size  tier2   irredundant
c         level restarts redundant glue  trail       variables
c
c *  0.01 12 0 0 0  0 0   0   0 0.0 0 0 0 0 0%   0 43605 187 100%
c (  0.01 15 0 0 0  0 0   0   0 0.0 0 0 0 0 0%   0 43605 187 100%
c .  0.01 15 0 0 0  0 0   0   0 0.0 0 0 0 0 0%   0 43605 187 100%
c f  0.03 20 0 0 0  0 0   0   0 0.0 0 0 0 0 0% 385 39186 347 186%
c )  0.03 20 0 0 0  0 0   0   0 0.0 0 0 0 0 0% 385 39186 347 186%
c {  0.03 20 0 0 0  0 0   0   0 0.0 0 0 2 6 0% 385 39186 347 186%
c -  0.07 20 65 0 1  0 1 1000 576 1.2 21 17 15 21 44% 385 39186 347 186%
c }  0.07 20 65 1 1  0 1 1000 576 1.2 21 17 15 21 44% 385 39186 347 186%
c [  0.07 20 0 1 1  0 0 1000 576 0.0 0 0 2 6 0% 385 39186 347 186%
c B  0.07 20 61 1 1  0 1 1002 578 1.2 20 17 2 6 42% 385 39186 347 186%
c -  0.10 20 23 1 2  0 1 2004 1270 1.2 22 17 15 20 32% 385 39186 347 186%
c W  0.10 25 23 1 2  0 1 2004 1270 1.2 22 17 15 20 32% 385 39186 347 186%
c ]  0.11 25 23 2 2  0 1 2043 1305 1.2 22 17 15 20 32% 385 39186 347 186%
c {  0.11 25 65 2 2  0 1 2043 1305 1.2 21 17 15 21 44% 385 39186 347 186%
c u  0.13 25 51 2 2  0 1 2573 1792 1.3 20 16 13 21 43% 385 39186 347 186%
c v  0.13 25 51 2 2  0 1 2573 1789 1.3 20 16 13 21 43% 385 39186 347 186%
c w  0.13 25 51 2 2  0 1 2573 1788 1.3 20 16 13 21 43% 385 39186 347 186%
c }  0.16 25 46 3 2  4 1 3043 2214 1.4 21 15 13 21 44% 385 39186 347 186%
c [  0.16 25 23 3 2  4 1 3043 2214 1.2 22 17 15 20 32% 385 39186 347 186%
c -  0.17 25 24 3 3  4 1 3419 2339 1.4 22 16 14 20 35% 385 39186 347 186%
c
c seconds  switched rate       size/glue  tier1     binary       remaining
c        MB reductions conflicts     size    tier2     irredundant
c         level restarts  redundant     glue     trail       variables
c
c ]  0.20 25 25 4 3  4 1 4056 2902 1.4 24 17 14 20 39% 385 39186 347 186%
c {  0.20 25 46 4 3  4 1 4056 2902 1.4 21 15 13 21 44% 385 39186 347 186%
c -  0.24 25 38 4 4 25 2 5153 3332 1.4 21 15 12 20 45% 385 39186 347 186%
c }  0.27 25 32 5 4 28 2 6408 4434 1.4 20 14 12 20 43% 385 39186 347 186%
c [  0.27 25 25 5 4 28 1 6408 4434 1.4 24 17 14 20 39% 385 39186 347 186%
c I  0.27 25 25 5 4 28 1 6408 4434 1.4 24 17 14 20 39% 385 39186 347 186%
c -  0.30 25 22 5 5 28 1 7153 4555 1.5 22 15 11 20 41% 385 39186 347 186%
c u  0.33 29 20 5 5 29 1 7926 5267 1.6 21 13 11 20 42% 385 39186 347 186%
c v  0.33 29 20 5 5 29 1 7926 5266 1.6 21 13 11 20 42% 385 39186 347 186%
c ]  0.35 32 19 6 5 29 1 8382 5658 1.6 20 13 11 20 42% 385 39186 347 186%
c {  0.35 32 32 6 5 29 2 8382 5658 1.4 20 14 12 20 43% 385 39186 347 186%
c -  0.39 32 28 6 6 29 1 9389 5671 1.5 19 13 10 18 42% 385 39186 347 186%
c -  0.47 33 22 6 7 29 1 11839 6936 1.7 19 11 9 16 41% 385 39186 347 186%
c }  0.50 33 22 7 7 29 1 12451 7523 1.7 19 11 9 16 40% 385 39186 347 186%
c [  0.50 33 19 7 7 29 1 12451 7523 1.6 20 13 11 20 42% 385 39186 347 186%
c B  0.50 33 19 7 7 29 1 12451 7523 1.6 20 13 11 20 42% 385 39186 347 186%
c o  0.50 33 19 7 7 29 1 12451 7523 1.6 20 13 11 20 42% 385 39186 347 186%
c e  0.53 33 19 7 7 29 1 12866 7887 1.6 21 13 11 20 42% 204 38057 187 100%
c ^  0.56 33 19 7 7 29 1 12866 7887 1.6 21 13 11 20 42% 204 38057 187 100%
c -  0.61 33 21 7 8 30 1 14484 8128 1.5 22 14 11 20 47% 204 38057 187 100%
c
c seconds  switched rate        size/glue  tier1     binary       remaining
c        MB reductions conflicts      size    tier2     irredundant
c         level restarts   redundant     glue     trail       variables
c
c u  0.66 33 22 7 8 31 1 16240 9714 1.5 23 15 11 20 50% 204 38057 187 100%
c v  0.67 33 22 7 8 31 1 16240 9709 1.5 23 15 11 20 50% 204 38057 187 100%
c w  0.67 33 22 7 8 31 1 16240 9708 1.5 23 15 11 20 50% 204 38057 187 100%
c x  0.68 33 22 7 8 31 1 16240 9708 1.5 23 15 11 20 50% 204 38040 187 100%
c f  0.68 33 22 7 8 31 1 16240 9708 1.5 23 15 11 20 50% 209 38031 189 101%
c u  0.69 35 22 7 8 31 1 16240 9697 1.5 23 15 11 20 50% 209 38031 189 101%
c v  0.69 35 22 7 8 31 1 16240 9687 1.5 23 15 11 20 50% 209 38031 189 101%
c w  0.70 36 22 7 8 31 1 16240 9687 1.5 23 15 11 20 50% 209 38031 189 101%
c x  0.70 36 22 7 8 31 1 16240 9687 1.5 23 15 11 20 50% 209 37994 189 101%
c ]  0.74 36 22 8 8 32 1 17200 10500 1.5 23 15 11 20 52% 209 37994 189 101%
c {  0.74 36 22 8 8 32 1 17200 10500 1.7 19 11 9 16 40% 209 37994 189 101%
c -  0.74 36 22 8 9 61 1 17314 8953 1.7 19 11 8 16 41% 209 37994 189 101%
c -  0.81 36 19 8 10 124 1 20314 9711 1.6 17 11 8 15 44% 209 37994 189 101%
c }  0.86 36 17 9 10 124 1 23359 11986 1.6 16 10 8 15 45% 209 37994 189 101%
c [  0.86 36 22 9 10 124 1 23359 11986 1.5 23 15 11 20 52% 209 37994 189 101%
c W  0.87 41 22 9 10 124 1 23359 11986 1.5 23 15 11 20 52% 209 37994 189 101%
c o  0.87 41 22 9 10 124 1 23359 11986 1.5 23 15 11 20 52% 209 37994 189 101%
c -  0.87 41 22 9 11 124 1 23476 10648 1.5 23 15 11 21 52% 209 37994 189 101%
c s  0.93 41 22 9 11 126 1 25758 12619 1.5 23 15 11 21 53% 209 37991 189 101%
c e  0.94 41 22 9 11 126 1 25758 12619 1.5 23 15 11 21 53% 176 38044 167 89%
c
c seconds  switched   rate         size/glue  tier1     binary       remaining
c        MB  reductions conflicts        size    tier2     irredundant
c         level  restarts     redundant     glue     trail       variables
c
c ^  0.95 41 22 9 11 126 1 25758 12619 1.5 23 15 11 21 53% 176 38044 167 89%
c -  0.98 42 22 9 12 126 1 26792 7101 1.5 23 15 11 21 54% 176 38044 167 89%
c u  1.00 42 22 9 12 127 1 27715 7887 1.5 23 16 11 21 55% 176 38044 167 89%
c v  1.01 42 22 9 12 127 1 27715 7880 1.5 23 16 11 21 55% 176 38044 167 89%
c w  1.01 42 22 9 12 127 1 27715 7880 1.5 23 16 11 21 55% 176 38044 167 89%
c x  1.02 42 22 9 12 127 1 27715 7880 1.5 23 16 11 21 55% 176 38028 167 89%
c f  1.08 44 22 9 12 127 1 27715 7880 1.5 23 16 11 21 55% 185 38004 172 92%
c u  1.09 44 22 9 12 127 1 27715 7871 1.5 23 16 11 21 55% 185 38004 172 92%
c v  1.10 44 22 9 12 127 1 27715 7867 1.5 23 16 11 21 55% 185 38004 172 92%
c w  1.10 47 22 9 12 127 1 27715 7863 1.5 23 16 11 21 55% 185 38004 172 92%
c x  1.11 48 22 9 12 127 1 27715 7863 1.5 23 16 11 21 55% 185 37963 172 92%
c ]  1.16 49 23 10 12 128 1 29352 9282 1.5 24 16 11 21 56% 185 37963 172 92%
c {  1.16 49 17 10 12 128 1 29352 9282 1.6 16 10 8 15 45% 185 37963 172 92%
c -  1.17 49 17 10 13 159 1 30256 8902 1.6 16 10 8 13 46% 185 37963 172 92%
c -  1.25 49 16 10 14 343 1 33862 10571 1.5 15 10 8 13 46% 185 37963 172 92%
c -  1.31 49 15 10 15 463 1 37606 11782 1.5 15 10 8 12 47% 185 37963 172 92%
c }  1.32 49 15 11 15 463 1 37981 12028 1.5 15 10 8 12 47% 185 37963 172 92%
c [  1.32 49 23 11 15 463 1 37981 12028 1.5 24 16 11 21 56% 185 37963 172 92%
c O  1.32 49 23 11 15 463 1 37981 12028 1.5 24 16 11 21 56% 185 37963 172 92%
c -  1.45 49 23 11 16 465 1 41479 13432 1.5 24 16 11 21 58% 185 37963 172 92%
c
c seconds   switched   rate         size/glue  tier1     binary       remaining
c        MB   reductions conflicts        size    tier2     irredundant
c         level   restarts     redundant     glue     trail       variables
c
c ]  1.46 49 23 12 16 465 1 41594 13532 1.5 24 16 11 21 58% 185 37963 172 92%
c {  1.46 49 15 12 16 465 1 41594 13532 1.5 15 10 8 12 47% 185 37963 172 92%
c u  1.50 49 15 12 16 580 1 42492 14327 1.5 15 10 8 12 48% 185 37963 172 92%
c v  1.51 50 15 12 16 580 1 42492 14311 1.5 15 10 8 12 48% 185 37963 172 92%
c w  1.52 50 15 12 16 580 1 42492 14311 1.5 15 10 8 12 48% 185 37963 172 92%
c x  1.52 50 15 12 16 580 1 42492 14311 1.5 15 10 8 12 48% 185 37909 172 92%
c -  1.60 50 15 12 17 611 1 45479 15163 1.5 15 10 8 12 49% 185 37909 172 92%
c o  1.60 50 15 12 17 613 1 45547 15227 1.5 15 10 8 12 49% 185 37909 172 92%
c -  1.72 51 14 12 18 890 2 49603 16554 1.5 14 10 8 12 49% 185 37909 172 92%
c }  1.81 51 14 13 18 948 1 53078 19540 1.5 14 9 8 12 50% 185 37909 172 92%
c [  1.81 51 23 13 18 948 1 53078 19540 1.5 24 16 11 21 58% 185 37909 172 92%
c B  1.81 51 23 13 18 948 1 53078 19540 1.5 24 16 11 21 58% 185 37909 172 92%
c s  1.87 51 23 13 18 948 1 53710 20114 1.5 24 16 11 21 58% 185 37903 172 92%
c e  1.87 51 23 13 18 948 1 53710 20114 1.5 24 16 11 21 58% 161 37950 158 84%
c ^  1.91 51 23 13 18 948 1 53710 20114 1.5 24 16 11 21 58% 161 37950 158 84%
c -  1.92 51 23 13 19 948 1 53846 15216 1.5 24 16 11 21 58% 161 37950 158 84%
c -  2.02 51 22 13 20 951 1 58204 17495 1.5 23 16 10 20 60% 161 37950 158 84%
c u  2.10 51 21 13 20 953 1 60677 19445 1.5 22 15 10 20 60% 161 37950 158 84%
c v  2.11 51 21 13 20 953 1 60677 19273 1.5 22 15 10 20 60% 161 37950 158 84%
c w  2.12 51 21 13 20 953 1 60677 19271 1.5 22 15 10 20 60% 161 37950 158 84%
c
c seconds   switched   rate         size/glue  tier1     binary       remaining
c        MB   reductions conflicts        size    tier2     irredundant
c         level   restarts     redundant     glue     trail       variables
c
c x  2.13 52 21 13 20 953 1 60677 19271 1.5 22 15 10 20 60% 161 37856 158 84%
c f  2.13 52 21 13 20 953 1 60677 19271 1.5 22 15 10 20 60% 167 37840 160 86%
c u  2.15 52 21 13 20 953 1 60677 19262 1.5 22 15 10 20 60% 167 37840 160 86%
c v  2.16 52 21 13 20 953 1 60677 19255 1.5 22 15 10 20 60% 167 37840 160 86%
c w  2.17 52 21 13 20 953 1 60677 19248 1.5 22 15 10 20 60% 167 37840 160 86%
c x  2.18 52 21 13 20 953 1 60677 19248 1.5 22 15 10 20 60% 167 37720 160 86%
c -  2.23 52 21 13 21 954 1 62677 19632 1.5 22 15 10 20 61% 167 37720 160 86%
c W  2.30 56 20 13 21 954 1 65305 21715 1.5 21 15 10 20 61% 167 37720 160 86%
c ]  2.32 58 20 14 21 955 1 65986 22257 1.5 21 14 10 20 62% 167 37720 160 86%
c {  2.32 58 14 14 21 955 1 65986 22257 1.5 14 9 8 12 50% 167 37720 160 86%
c -  2.36 58 14 14 22 995 1 67260 21338 1.5 14 9 8 12 50% 167 37720 160 86%
c -  2.52 58 14 14 23 1241 2 71953 22748 1.5 14 9 8 11 51% 167 37720 160 86%
c o  2.64 58 14 14 23 1314 2 75989 26216 1.5 14 9 8 11 52% 167 37720 160 86%
c -  2.68 58 14 14 24 1367 2 76749 24456 1.5 14 9 8 11 52% 167 37720 160 86%
c }  2.81 58 14 15 24 1797 2 80701 27688 1.5 14 9 8 11 52% 167 37720 160 86%
c [  2.81 58 20 15 24 1797 1 80701 27688 1.5 21 14 10 20 62% 167 37720 160 86%
c I  2.81 58 20 15 24 1797 1 80701 27688 1.5 21 14 10 20 62% 167 37720 160 86%
c -  2.83 58 20 15 25 1797 1 81649 26334 1.5 21 14 9 19 62% 167 37720 160 86%
c u  2.87 59 20 15 25 1798 1 82401 26927 1.5 21 14 9 19 62% 167 37720 160 86%
c v  2.89 60 20 15 25 1798 1 82401 26789 1.5 21 14 9 19 62% 167 37720 160 86%
c
c seconds   switched    rate         size/glue  tier1    binary       remaining
c        MB   reductions  conflicts        size   tier2     irredundant
c         level    restarts     redundant     glue    trail       variables
c
c w  2.89 60 20 15 25 1798 1 82401 26781 1.5 21 14 9 19 62% 167 37720 160 86%
c x  2.91 60 20 15 25 1798 1 82401 26781 1.5 21 14 9 19 62% 167 37564 160 86%
c -  2.99 60 19 15 26 1801 1 86649 28931 1.5 21 14 9 18 62% 167 37564 160 86%
c -  3.13 60 18 15 27 1803 1 91748 31329 1.5 21 13 9 17 63% 167 37564 160 86%
c -  3.29 60 18 15 28 1806 1 96945 33254 1.6 20 13 9 16 63% 167 37564 160 86%
c B  3.34 60 17 15 28 1808 1 98504 34531 1.6 20 13 9 16 63% 167 37564 160 86%
c s  3.43 60 17 15 28 1808 1 98738 34729 1.6 20 13 9 16 63% 167 37517 160 86%
c e  3.43 60 17 15 28 1808 1 98738 34729 1.6 20 13 9 16 63% 146 37576 147 79%
c ^  3.51 60 17 15 28 1808 1 98738 34729 1.6 20 13 9 16 63% 146 37576 147 79%
c ]  3.54 60 17 16 28 1809 1 99627 17453 1.6 20 13 9 16 63% 146 37576 147 79%
c {  3.54 60 14 16 28 1809 2 99627 17453 1.5 14 9 8 11 52% 146 37576 147 79%
c -  3.61 60 14 16 29 1858 2 102236 18661 1.5 14 9 8 11 53% 146 37576 147 79%
c -  3.74 60 13 16 30 1952 2 107621 19795 1.5 15 9 7 11 55% 146 37576 147 79%
c u  3.78 62 13 16 30 1974 2 107794 19918 1.5 15 9 7 11 55% 146 37576 147 79%
c v  3.79 63 13 16 30 1974 2 107794 19772 1.5 15 9 7 11 55% 146 37576 147 79%
c w  3.80 63 13 16 30 1974 2 107794 19770 1.5 15 9 7 11 55% 146 37576 147 79%
c x  3.81 63 13 16 30 1974 2 107794 19768 1.5 15 9 7 11 55% 146 37416 147 79%
c -  3.95 63 13 16 31 2052 2 113100 21276 1.6 14 9 7 11 55% 146 37416 147 79%
c o  4.05 63 13 16 31 2288 2 117805 24937 1.5 14 9 7 11 55% 146 37416 147 79%
c }  4.06 63 13 17 31 2315 2 117965 25074 1.5 14 9 7 11 55% 146 37416 147 79%
c
c seconds   switched    rate          size/glue  tier1    binary       remaining
c        MB   reductions  conflicts         size   tier2     irredundant
c         level    restarts      redundant     glue    trail       variables
c
c [  4.06 63 17 17 31 2315 1 117965 25074 1.6 20 13 9 16 63% 146 37416 147 79%
c -  4.08 63 17 17 32 2315 1 118669 23213 1.6 20 13 9 16 63% 146 37416 147 79%
c W  4.10 63 17 17 32 2316 1 119417 23767 1.6 20 13 9 16 63% 146 37416 147 79%
c -  4.22 63 17 17 33 2320 1 124326 25186 1.6 20 13 9 16 63% 146 37416 147 79%
c -  4.37 63 17 17 34 2321 1 130070 26937 1.6 20 13 9 16 64% 146 37416 147 79%
c -  4.51 63 17 17 35 2326 1 135901 28559 1.6 20 13 9 16 64% 146 37416 147 79%
c u  4.56 63 17 17 35 2327 1 136939 29289 1.6 20 13 9 16 64% 146 37416 147 79%
c v  4.58 64 17 17 35 2327 1 136939 29265 1.6 20 13 9 16 64% 146 37416 147 79%
c w  4.58 64 17 17 35 2327 1 136939 29264 1.6 20 13 9 16 64% 146 37416 147 79%
c x  4.60 65 17 17 35 2327 1 136939 29264 1.6 20 13 9 16 64% 146 37299 147 79%
c ]  4.60 65 17 18 35 2327 1 136976 29294 1.6 20 13 9 16 64% 146 37299 147 79%
c {  4.60 65 13 18 35 2327 2 136976 29294 1.5 14 9 7 11 55% 146 37299 147 79%
c -  4.86 66 13 18 36 3579 2 141821 28777 1.5 14 10 7 11 54% 146 37299 147 79%
c -  5.18 66 14 18 37 5115 2 147821 28390 1.5 15 10 7 12 53% 146 37299 147 79%
c -  5.51 66 14 18 38 6611 2 153904 29480 1.4 15 10 8 12 52% 146 37299 147 79%
c }  5.80 66 14 19 38 7961 2 159322 33123 1.4 15 10 8 12 51% 146 37299 147 79%
c [  5.80 66 17 19 38 7961 1 159322 33123 1.6 20 13 9 16 64% 146 37299 147 79%
c O  5.80 66 17 19 38 7961 1 159322 33123 1.6 20 13 9 16 64% 146 37299 147 79%
c -  5.83 66 17 19 39 7961 1 160069 30344 1.6 20 13 9 16 64% 146 37299 147 79%
c s  6.07 66 17 19 39 7963 1 162764 32592 1.6 20 13 9 16 64% 146 37183 147 79%
c
c seconds   switched    rate          size/glue  tier1    binary       remaining
c        MB   reductions  conflicts         size   tier2     irredundant
c         level    restarts      redundant     glue    trail       variables
c
c e  6.07 67 17 19 39 7963 1 162764 32592 1.6 20 13 9 16 64% 130 37251 138 74%
c ^  6.20 67 17 19 39 7963 1 162764 32592 1.6 20 13 9 16 64% 130 37251 138 74%
c -  6.29 69 18 19 40 7966 1 166313 23329 1.6 20 13 9 16 64% 130 37251 138 74%
c u  6.45 69 18 19 40 7967 1 169937 26318 1.6 20 13 9 16 64% 130 37251 138 74%
c v  6.48 69 18 19 40 7967 1 169937 26116 1.6 20 13 9 16 64% 130 37251 138 74%
c w  6.50 70 18 19 40 7967 1 169937 26095 1.6 20 13 9 16 64% 130 37251 138 74%
c x  6.53 71 18 19 40 7967 1 169937 26064 1.6 20 13 9 16 64% 130 36830 138 74%
c o  6.54 71 18 19 40 7967 1 169937 26064 1.6 20 13 9 16 64% 130 36830 138 74%
c -  6.60 73 18 19 41 7968 1 172637 24591 1.6 20 13 9 16 65% 130 36830 138 74%
c -  6.76 73 18 19 42 7973 1 179041 26419 1.6 20 13 9 16 65% 130 36830 138 74%
c -  6.91 73 18 19 43 7975 1 185523 27598 1.5 21 13 9 16 65% 130 36830 138 74%
c B  6.94 73 18 19 43 7975 1 187062 28916 1.5 21 13 9 16 65% 130 36830 138 74%
c -  7.05 73 18 19 44 7975 1 192082 28579 1.5 20 13 9 16 66% 130 36830 138 74%
c -  7.21 73 18 19 45 7981 1 198716 29511 1.5 20 13 9 16 66% 130 36830 138 74%
c -  7.38 73 18 19 46 7983 1 205424 30920 1.5 20 13 9 16 66% 130 36830 138 74%
c u  7.45 79 18 19 46 7985 1 206916 32079 1.5 20 13 9 16 66% 130 36830 138 74%
c v  7.47 80 18 19 46 7985 1 206916 32061 1.5 20 13 9 16 66% 130 36830 138 74%
c w  7.48 80 18 19 46 7985 1 206916 32058 1.5 20 13 9 16 66% 130 36830 138 74%
c x  7.50 80 18 19 46 7985 1 206916 32057 1.5 20 13 9 16 66% 130 36707 138 74%
c -  7.74 86 18 19 47 7988 1 212208 32544 1.5 20 13 9 16 66% 130 36707 138 74%
c
c seconds   switched    rate          size/glue  tier1    binary       remaining
c        MB   reductions  conflicts         size   tier2     irredundant
c         level    restarts      redundant     glue    trail       variables
c
c ]  7.78 86 18 20 47 7989 1 213713 33822 1.5 20 13 9 16 66% 130 36707 138 74%
c {  7.78 86 14 20 47 7989 2 213713 33822 1.4 15 10 8 12 51% 130 36707 138 74%
c -  7.94 86 14 20 48 8158 2 219064 34350 1.4 15 10 8 12 52% 130 36707 138 74%
c -  8.21 86 14 20 49 8346 2 225992 36047 1.4 15 10 8 12 53% 130 36707 138 74%
c -  8.47 86 14 20 50 8451 2 232992 35516 1.5 15 10 7 12 54% 130 36707 138 74%
c -  8.73 86 13 20 51 8515 2 240064 36924 1.5 15 10 7 12 55% 130 36707 138 74%
c }  8.74 86 13 21 51 8515 2 240453 37257 1.5 15 10 7 12 55% 130 36707 138 74%
c [  8.74 86 18 21 51 8515 1 240453 37257 1.5 20 13 9 16 66% 130 36707 138 74%
c W  8.75 91 18 21 51 8515 1 240453 37257 1.5 20 13 9 16 66% 130 36707 138 74%
c o  8.75 91 18 21 51 8515 1 240453 37257 1.5 20 13 9 16 66% 130 36707 138 74%
c -  8.89 91 18 21 52 8520 1 247206 38628 1.5 20 13 9 16 66% 130 36707 138 74%
c s  9.03 91 18 21 52 8520 1 247561 38930 1.5 20 13 9 16 66% 130 36372 138 74%
c e  9.04 92 18 21 52 8520 1 247561 38930 1.5 20 13 9 16 66% 100 36542 127 68%
c !  9.17 92 18 21 52 8520 1 247561 38930 1.5 20 13 9 16 66% 100 36542 127 68%
c u  9.21 93 18 21 52 8520 1 247908 27637 1.5 20 13 9 16 66% 100 36542 127 68%
c v  9.24 94 18 21 52 8520 1 247908 27553 1.5 20 13 9 16 66% 100 36542 127 68%
c w  9.26 94 18 21 52 8520 1 247908 27532 1.5 20 13 9 16 66% 100 36542 127 68%
c x  9.28 94 18 21 52 8520 1 247908 27530 1.5 20 13 9 16 66% 100 35978 127 68%
c f  9.29 94 18 21 52 8520 1 247908 27530 1.5 20 13 9 16 66% 104 35957 128 68%
c u  9.32 99 18 21 52 8520 1 247908 27425 1.5 20 13 9 16 66% 104 35957 128 68%
c
c seconds    switched    rate          size/glue  tier1    binary       remaining
c         MB   reductions  conflicts         size   tier2     irredundant
c          level    restarts      redundant     glue    trail       variables
c
c v  9.36 100 18 21 52 8520 1 247908 27389 1.5 20 13 9 16 66% 104 35957 128 68%
c w  9.37 100 18 21 52 8520 1 247908 27385 1.5 20 13 9 16 66% 104 35957 128 68%
c x  9.40 100 18 21 52 8520 1 247908 27378 1.5 20 13 9 16 66% 104 35519 128 68%
c -  9.54 101 18 21 53 8523 1 254418 29677 1.5 20 13 9 16 67% 104 35519 128 68%
c -  9.70 101 18 21 54 8528 1 261698 32182 1.5 21 13 9 16 67% 104 35519 128 68%
c -  9.89 101 18 21 55 8529 1 269046 33767 1.6 21 13 9 16 67% 104 35519 128 68%
c I 10.04 101 18 21 55 8532 1 275805 39270 1.6 20 13 9 16 67% 104 35519 128 68%
c - 10.06 101 18 21 56 8532 1 276462 35081 1.6 20 13 8 16 68% 104 35519 128 68%
c - 10.24 101 18 21 57 8536 1 283946 36023 1.6 20 13 8 15 68% 104 35519 128 68%
c ] 10.28 101 18 22 57 8537 1 286052 37857 1.6 20 13 8 15 68% 104 35519 128 68%
c { 10.28 101 13 22 57 8537 2 286052 37857 1.5 15 10 7 12 55% 104 35519 128 68%
c - 10.41 101 13 22 58 8538 2 291495 37652 1.5 15 10 7 12 56% 104 35519 128 68%
c u 10.48 102 13 22 58 8538 2 293111 38989 1.5 15 10 7 12 57% 104 35519 128 68%
c v 10.50 102 13 22 58 8538 2 293111 38711 1.5 15 10 7 12 57% 104 35519 128 68%
c w 10.51 106 13 22 58 8538 2 293111 38710 1.5 15 10 7 12 57% 104 35519 128 68%
c x 10.53 107 13 22 58 8538 2 293111 38695 1.5 15 10 7 12 57% 104 35409 128 68%
c - 10.65 109 13 22 59 8538 2 299110 40151 1.6 15 10 7 12 58% 104 35409 128 68%
c - 10.83 109 13 22 60 8538 2 306791 42835 1.7 16 10 7 11 59% 104 35409 128 68%
c - 11.01 109 13 22 61 8547 1 314537 45071 1.7 16 9 7 11 60% 104 35409 128 68%
c } 11.08 109 13 23 61 8557 1 317568 47770 1.7 16 9 7 11 61% 104 35409 128 68%
c
c seconds    switched    rate          size/glue  tier1    binary       remaining
c         MB   reductions  conflicts         size   tier2     irredundant
c          level    restarts      redundant     glue    trail       variables
c
c [ 11.08 109 18 23 61 8557 1 317568 47770 1.6 20 13 8 15 68% 104 35409 128 68%
c B 11.08 109 18 23 61 8557 1 317568 47770 1.6 20 13 8 15 68% 104 35409 128 68%
c o 11.08 109 18 23 61 8557 1 317568 47770 1.6 20 13 8 15 68% 104 35409 128 68%
c - 11.22 109 18 23 62 8560 1 322348 46446 1.6 20 13 8 16 68% 104 35409 128 68%
c - 11.44 109 18 23 63 8564 1 330222 45383 1.5 21 13 8 16 68% 104 35409 128 68%
c ] 11.72 109 18 24 63 8569 1 337901 51658 1.5 21 13 8 16 68% 104 35409 128 68%
c { 11.72 109 13 24 63 8569 1 337901 51658 1.7 16 9 7 11 61% 104 35409 128 68%
c - 11.74 109 13 24 64 8631 1 338159 45445 1.7 16 9 7 11 61% 104 35409 128 68%
c u 11.95 109 13 24 64 8774 1 342495 49208 1.7 16 9 7 11 61% 104 35409 128 68%
c v 11.99 108 13 24 64 8774 1 342495 49192 1.7 16 9 7 11 61% 104 35409 128 68%
c w 12.00 109 13 24 64 8774 1 342495 49192 1.7 16 9 7 11 61% 104 35409 128 68%
c x 12.03 110 13 24 64 8774 1 342495 49171 1.7 16 9 7 11 61% 104 35176 128 68%
c - 12.16 112 13 24 65 8919 1 346159 47829 1.7 16 9 7 11 61% 104 35176 128 68%
c - 12.36 112 13 24 66 9206 1 354222 49164 1.7 16 9 7 11 61% 104 35176 128 68%
c s 12.53 112 13 24 66 9223 1 354835 49568 1.7 16 9 7 11 61% 104 34948 128 68%
c e 12.54 113 13 24 66 9223 1 354835 49568 1.7 16 9 7 11 61% 103 34960 127 68%
c - 12.92 113 12 24 67 9389 1 362350 43027 1.7 15 9 7 11 61% 103 34960 127 68%
c - 13.23 113 12 24 68 10211 1 370535 46721 1.6 15 9 7 11 61% 103 34960 127 68%
c } 13.36 113 13 25 68 10377 1 374579 50237 1.7 15 9 7 11 62% 103 34960 127 68%
c [ 13.36 113 18 25 68 10377 1 374579 50237 1.5 21 13 8 16 68% 103 34960 127 68%
c
c seconds    switched     rate          size/glue  tier1    binary       remaining
c         MB   reductions   conflicts         size   tier2     irredundant
c          level    restarts       redundant     glue    trail       variables
c
c W 13.37 114 18 25 68 10377 1 374579 50237 1.5 21 13 8 16 68% 103 34960 127 68%
c - 13.47 114 18 25 69 10380 1 378781 50383 1.5 21 13 8 16 68% 103 34960 127 68%
c - 13.71 114 18 25 70 10384 1 387088 52282 1.5 20 13 8 16 68% 103 34960 127 68%
c - 13.94 114 18 25 71 10390 1 395454 53926 1.5 20 13 8 16 68% 103 34960 127 68%
c u 14.00 112 18 25 71 10390 1 396153 54467 1.5 20 13 8 16 68% 103 34960 127 68%
c v 14.04 113 18 25 71 10390 1 396153 54444 1.5 20 13 8 16 68% 103 34960 127 68%
c w 14.06 113 18 25 71 10390 1 396153 54439 1.5 20 13 8 16 68% 103 34960 127 68%
c x 14.09 114 18 25 71 10390 1 396153 54433 1.5 20 13 8 16 68% 103 34715 127 68%
c - 14.45 114 18 25 72 10391 1 403880 55038 1.5 20 13 8 16 68% 103 34715 127 68%
c ] 14.67 114 18 26 72 10393 1 408836 58856 1.5 20 13 8 16 68% 103 34715 127 68%
c { 14.67 114 13 26 72 10393 1 408836 58856 1.7 15 9 7 11 62% 103 34715 127 68%
c o 14.67 114 13 26 72 10399 1 408867 58882 1.7 15 9 7 11 62% 103 34715 127 68%
c - 14.83 114 13 26 73 10654 2 412365 56914 1.7 15 9 7 11 62% 103 34715 127 68%
c - 15.15 114 12 26 74 10938 1 420912 58457 1.6 15 9 7 11 62% 103 34715 127 68%
c - 15.48 114 12 26 75 11146 1 429516 60143 1.7 15 9 7 11 63% 103 34715 127 68%
c - 15.83 114 12 26 76 11595 1 438176 63111 1.7 15 9 7 11 63% 103 34715 127 68%
c - 16.15 114 12 26 77 11924 1 446894 65855 1.6 15 9 7 11 63% 103 34715 127 68%
c } 16.29 114 12 27 77 11995 1 451055 68788 1.6 15 9 7 11 63% 103 34715 127 68%
c [ 16.29 114 18 27 77 11995 1 451055 68788 1.5 20 13 8 16 68% 103 34715 127 68%
c O 16.29 114 18 27 77 11995 1 451055 68788 1.5 20 13 8 16 68% 103 34715 127 68%
c
c seconds    switched     rate          size/glue  tier1    binary       remaining
c         MB   reductions   conflicts         size   tier2     irredundant
c          level    restarts       redundant     glue    trail       variables
c
c u 16.49 114 18 27 77 11997 1 454166 71214 1.5 20 13 8 16 68% 103 34715 127 68%
c v 16.55 115 18 27 77 11997 1 454166 71000 1.5 20 13 8 16 68% 103 34715 127 68%
c w 16.57 116 18 27 77 11997 1 454166 70937 1.5 20 13 8 16 68% 103 34715 127 68%
c x 16.61 116 18 27 77 11997 1 454166 70923 1.5 20 13 8 16 68% 103 34293 127 68%
c - 16.87 126 18 27 78 11998 1 455669 67252 1.5 20 13 8 16 68% 103 34293 127 68%
c - 17.21 126 18 27 79 12003 1 464500 68770 1.5 20 13 8 15 68% 103 34293 127 68%
c - 17.53 126 18 27 80 12008 1 473389 70438 1.5 20 13 8 15 68% 103 34293 127 68%
c - 17.93 128 18 27 81 12009 1 482334 70968 1.5 20 13 8 15 68% 103 34293 127 68%
c s 18.37 128 17 27 81 12012 1 486412 74146 1.5 20 13 8 15 68% 103 34001 127 68%
c s 18.60 128 17 27 81 12012 1 486412 74146 1.5 20 13 8 15 68% 103 33839 127 68%
c ] 18.71 128 17 28 81 12013 1 488664 75891 1.5 20 13 8 15 68% 103 33839 127 68%
c { 18.71 128 12 28 81 12013 1 488664 75891 1.6 15 9 7 11 63% 103 33839 127 68%
c - 18.82 128 12 28 82 12160 1 491334 71522 1.6 15 9 7 11 63% 103 33839 127 68%
c - 19.14 128 12 28 83 12461 1 500389 72566 1.6 15 9 7 11 63% 103 33839 127 68%
c o 19.36 128 12 28 83 12572 1 504788 75501 1.6 15 9 7 11 63% 103 33839 127 68%
c - 19.57 128 12 28 84 12804 1 509499 73791 1.6 15 9 7 11 63% 103 33839 127 68%
c u 19.94 137 12 28 84 13038 1 516615 79561 1.6 15 9 7 11 63% 103 33839 127 68%
c v 20.01 137 12 28 84 13038 1 516615 78837 1.6 15 9 7 11 63% 103 33839 127 68%
c w 20.03 138 12 28 84 13038 1 516615 78683 1.6 15 9 7 11 63% 103 33839 127 68%
c x 20.08 138 12 28 84 13038 1 516615 78682 1.6 15 9 7 11 63% 103 33618 127 68%
c
c seconds    switched     rate          size/glue tier1    binary       remaining
c         MB   reductions   conflicts         size  tier2     irredundant
c          level    restarts       redundant    glue    trail       variables
c
c - 20.17 138 12 28 85 13188 1 518665 75953 1.6 15 9 7 11 63% 103 33618 127 68%
c - 20.51 138 12 28 86 13589 1 527885 67120 1.6 15 9 6 11 64% 103 33618 127 68%
c } 20.79 138 12 29 86 13878 1 536802 73562 1.6 14 9 6 11 64% 103 33618 127 68%
c [ 20.79 138 17 29 86 13878 1 536802 73562 1.5 20 13 8 15 68% 103 33618 127 68%
c B 20.79 138 17 29 86 13878 1 536802 73562 1.5 20 13 8 15 68% 103 33618 127 68%
c - 20.81 138 17 29 87 13878 1 537158 65297 1.5 20 13 8 15 68% 103 33618 127 68%
c - 21.11 138 17 29 88 13884 1 546486 65948 1.5 20 13 8 15 68% 103 33618 127 68%
c - 21.44 138 17 29 89 13890 1 555866 67177 1.5 19 13 8 15 68% 103 33618 127 68%
c - 21.77 138 17 29 90 13892 1 565299 67801 1.5 19 13 8 15 68% 103 33618 127 68%
c - 22.09 138 16 29 91 13896 1 574785 67865 1.5 19 12 8 15 68% 103 33618 127 68%
c u 22.44 138 16 29 91 13901 1 583598 74693 1.5 19 12 8 15 68% 103 33618 127 68%
c v 22.50 138 16 29 91 13901 1 583598 74665 1.5 19 12 8 15 68% 103 33618 127 68%
c w 22.52 138 16 29 91 13901 1 583598 74648 1.5 19 12 8 15 68% 103 33618 127 68%
c x 22.56 138 16 29 91 13901 1 583598 74640 1.5 19 12 8 15 68% 103 33461 127 68%
c - 22.60 138 16 29 92 13902 1 584326 68342 1.5 19 12 8 15 68% 103 33461 127 68%
c ] 22.85 138 16 30 92 13906 1 592410 74315 1.5 18 12 8 15 68% 104 33461 127 68%
c { 22.85 138 12 30 92 13906 1 592410 74315 1.6 14 9 6 11 64% 104 33461 127 68%
c - 22.93 138 12 30 93 14052 1 593917 69003 1.6 15 9 6 11 64% 104 33461 127 68%
c - 23.30 138 12 30 94 14570 1 603561 70281 1.6 14 9 6 11 64% 105 33461 127 68%
c o 23.42 138 12 30 94 14772 1 606106 72321 1.6 14 9 6 11 64% 105 33461 127 68%
c
c seconds    switched     rate          size/glue tier1    binary       remaining
c         MB   reductions   conflicts         size  tier2     irredundant
c          level    restarts       redundant    glue    trail       variables
c
c - 23.77 138 12 30 95 15027 1 613257 72491 1.6 15 9 6 11 64% 105 33461 127 68%
c - 24.12 138 12 30 96 15458 1 623003 73359 1.6 14 9 6 10 64% 105 33461 127 68%
c - 24.52 138 12 30 97 15990 1 632802 74655 1.6 14 9 6 10 64% 105 33461 127 68%
c - 24.98 138 12 30 98 16474 1 642651 75826 1.6 14 9 6 10 64% 105 33461 127 68%
c s 25.35 138 12 30 98 16480 1 643809 76717 1.6 14 9 6 10 64% 105 32979 127 68%
c s 25.37 138 12 30 98 16480 1 643809 76717 1.6 14 9 6 10 64% 105 32975 127 68%
c } 25.48 138 12 31 98 16603 1 646845 79263 1.6 14 9 6 10 64% 105 32975 127 68%
c [ 25.48 138 16 31 98 16603 1 646845 79263 1.5 18 12 8 15 68% 105 32975 127 68%
c W 25.49 144 16 31 98 16603 1 646845 79263 1.5 18 12 8 15 68% 105 32975 127 68%
c - 25.68 146 16 31 99 16607 1 652551 77473 1.5 18 12 8 15 67% 105 32975 127 68%
c u 25.84 145 16 31 99 16609 1 655103 79450 1.5 18 12 8 15 67% 105 32975 127 68%
c v 25.90 146 16 31 99 16609 1 655103 79251 1.5 18 12 8 15 67% 105 32975 127 68%
c w 25.93 146 16 31 99 16609 1 655103 79231 1.5 18 12 8 15 67% 105 32975 127 68%
c x 25.98 146 16 31 99 16609 1 655103 79219 1.5 18 12 8 15 67% 105 32804 127 68%
c - 26.25 147 16 31 100 16612 1 662500 78784 1.5 18 12 8 15 68% 105 32804 127 68%
c - 26.69 147 16 31 101 16617 1 672501 79881 1.5 18 12 8 15 67% 105 32804 127 68%
c - 27.15 147 15 31 102 16620 1 682550 80705 1.5 18 12 7 14 67% 105 32804 127 68%
c - 27.56 147 15 31 103 16625 1 692650 81934 1.5 18 12 7 14 67% 105 32804 127 68%
c - 27.96 147 15 31 104 16631 1 702800 82444 1.5 18 12 7 14 67% 105 32804 127 68%
c ] 27.99 147 15 32 104 16631 1 703599 83101 1.5 18 12 7 14 67% 105 32804 127 68%
c
c seconds    switched      rate          size/glue tier1    binary       remaining
c         MB   reductions    conflicts         size  tier2     irredundant
c          level     restarts       redundant    glue    trail       variables
c
c { 27.99 147 12 32 104 16631 1 703599 83101 1.6 14 9 6 10 64% 105 32804 127 68%
c - 28.39 147 12 32 105 16888 1 712999 82482 1.6 14 9 6 10 65% 105 32804 127 68%
c o 28.72 147 12 32 105 17060 1 722375 88927 1.6 14 9 6 10 64% 105 32804 127 68%
c - 28.77 148 12 32 106 17111 1 723247 82449 1.6 14 9 6 10 64% 105 32804 127 68%
c u 29.20 147 12 32 106 17436 1 731267 88549 1.6 14 9 6 10 65% 105 32804 127 68%
c v 29.27 148 12 32 106 17436 1 731267 88158 1.6 14 9 6 10 65% 105 32804 127 68%
c w 29.30 148 12 32 106 17436 1 731267 88118 1.6 14 9 6 10 65% 105 32804 127 68%
c x 29.36 148 12 32 106 17436 1 731267 88104 1.6 14 9 6 10 65% 105 32604 127 68%
c - 29.48 162 12 32 107 17542 1 733543 83154 1.6 14 9 6 10 65% 105 32604 127 68%
c - 30.01 162 12 32 108 18185 1 743887 85087 1.6 14 9 6 10 65% 105 32604 127 68%
c - 30.54 162 12 32 109 18771 1 754280 87344 1.6 14 9 6 10 65% 105 32604 127 68%
c } 31.04 162 12 33 109 19291 1 764703 95044 1.6 14 9 6 10 65% 106 32604 127 68%
c [ 31.04 162 15 33 109 19291 1 764703 95044 1.5 18 12 7 14 67% 106 32604 127 68%
c I 31.04 162 15 33 109 19291 1 764703 95044 1.5 18 12 7 14 67% 106 32604 127 68%
c - 31.05 162 15 33 110 19291 1 764722 89006 1.5 18 12 7 14 67% 106 32604 127 68%
c - 31.39 162 15 33 111 19297 1 775210 90703 1.5 18 12 7 14 67% 106 32604 127 68%
c - 31.76 162 15 33 112 19304 1 785745 92848 1.6 18 12 7 14 67% 106 32604 127 68%
c - 32.16 160 15 33 113 19305 1 796329 94064 1.6 18 11 7 14 67% 106 32604 127 68%
c - 32.66 161 15 33 114 19312 1 806962 94279 1.6 18 11 7 14 67% 107 32604 127 68%
c u 32.95 163 15 33 114 19315 1 812078 98125 1.6 18 11 7 14 67% 107 32604 127 68%
c
c seconds    switched      rate          size/glue  tier1    binary       remaining
c         MB   reductions    conflicts         size   tier2     irredundant
c          level     restarts       redundant     glue    trail       variables
c
c v 33.03 163 15 33 114 19315 1 812078 98103 1.6 18 11 7 14 67% 107 32604 127 68%
c w 33.06 163 15 33 114 19315 1 812078 98094 1.6 18 11 7 14 67% 107 32604 127 68%
c x 33.13 164 15 33 114 19315 1 812078 98084 1.6 18 11 7 14 67% 107 32442 127 68%
c - 33.38 170 14 33 115 19318 1 817639 94072 1.6 18 11 7 14 67% 107 32442 127 68%
c - 33.78 169 14 33 116 19320 1 828362 93237 1.6 17 11 7 14 67% 107 32442 127 68%
c s 34.02 170 14 33 116 19320 1 828419 93274 1.6 17 11 7 14 67% 107 32060 127 68%
c B 34.21 170 14 33 116 19321 1 832385 95977 1.6 17 11 7 14 67% 108 32060 127 68%
c ] 34.30 170 14 34 116 19321 1 834683 97689 1.6 17 11 7 14 67% 108 32060 127 68%
c { 34.30 170 12 34 116 19321 1 834683 97689 1.6 14 9 6 10 65% 108 32060 127 68%
c - 34.67 170 12 34 117 20175 1 839133 92211 1.6 14 9 6 10 65% 109 32060 127 68%
c o 34.96 170 12 34 117 20879 1 842841 94578 1.6 14 9 6 10 64% 109 32060 127 68%
c - 35.54 170 12 34 118 22268 2 849949 90838 1.5 14 9 6 10 63% 109 32060 127 68%
c - 36.36 169 13 34 119 24352 2 860812 90772 1.5 14 10 6 10 62% 109 32060 127 68%
c - 37.27 178 13 34 120 26068 2 871721 91190 1.5 14 10 6 11 61% 109 32060 127 68%
c - 38.24 177 13 34 121 27778 2 882676 91835 1.4 14 10 6 11 61% 109 32060 127 68%
c - 39.05 187 13 34 122 29087 2 893676 92928 1.4 15 10 6 11 61% 109 32060 127 68%
c u 39.45 188 13 34 122 29272 2 897587 86571 1.4 14 10 6 11 61% 110 32060 127 68%
c v 39.60 188 13 34 122 29272 2 897587 81735 1.4 14 10 6 11 61% 110 32060 127 68%
c w 39.66 188 13 34 122 29272 2 897587 81497 1.4 14 10 6 11 61% 110 32060 127 68%
c x 39.79 188 13 34 122 29272 2 897587 81404 1.4 14 10 6 11 61% 110 30180 127 68%
c
c seconds    switched      rate          size/glue  tier1    binary       remaining
c         MB   reductions    conflicts         size   tier2     irredundant
c          level     restarts       redundant     glue    trail       variables
c
c } 40.19 189 13 35 122 30010 2 902829 84769 1.4 15 10 6 11 61% 110 30180 127 68%
c [ 40.19 189 14 35 122 30010 1 902829 84769 1.6 17 11 7 14 67% 110 30180 127 68%
c - 40.32 189 14 35 123 30011 1 904721 80061 1.6 17 11 7 14 67% 110 30180 127 68%
c W 40.36 189 14 35 123 30012 1 905361 80484 1.6 17 11 7 14 67% 110 30180 127 68%
c - 40.73 189 15 35 124 30017 1 915812 82412 1.6 17 11 7 14 67% 110 30180 127 68%
c - 41.09 189 15 35 125 30023 1 926948 83491 1.6 18 11 7 14 67% 110 30180 127 68%
c - 41.53 189 15 35 126 30027 1 938128 84387 1.6 18 11 7 14 67% 110 30180 127 68%
c - 41.95 189 15 35 127 30033 1 949352 84542 1.6 18 11 7 14 67% 110 30180 127 68%
c - 42.30 189 15 35 128 30039 1 960621 84641 1.6 18 11 7 14 68% 110 30180 127 68%
c - 42.82 189 14 35 129 30040 1 971937 83996 1.6 17 11 7 14 68% 111 30180 127 68%
c - 43.26 189 14 35 130 30040 1 983294 84255 1.5 17 11 7 14 68% 111 30180 127 68%
c O 43.28 189 14 35 130 30040 1 983791 84589 1.5 17 11 7 14 68% 111 30180 127 68%
c o 43.28 189 14 35 130 30040 1 983791 84589 1.5 17 11 7 14 68% 111 30180 127 68%
c u 43.56 194 14 35 130 30043 1 988303 87648 1.5 17 11 7 14 68% 113 30180 127 68%
c v 43.65 195 14 35 130 30043 1 988303 87199 1.5 17 11 7 14 68% 113 30180 127 68%
c w 43.69 195 14 35 130 30043 1 988303 87085 1.5 17 11 7 14 68% 113 30180 127 68%
c x 43.76 195 14 35 130 30043 1 988303 87069 1.5 17 11 7 14 68% 113 25128 127 68%
c t 44.12 197 14 35 130 30043 1 988303 87069 1.5 17 11 7 14 68% 111 25128 127 68%
c - 44.38 198 14 35 131 30047 1 994695 83481 1.5 17 11 7 13 67% 111 25128 127 68%
c - 44.84 198 14 35 132 30054 1 1006142 83786 1.5 17 11 6 13 67% 112 25128 127 68%
c
c seconds    switched      rate           size/glue  tier1    binary       remaining
c         MB   reductions     conflicts         size   tier2     irredundant
c          level     restarts        redundant     glue    trail       variables
c
c i 44.94 198 14 35 132 30054 1 1008659 85282 1.5 16 11 6 13 67% 120 25128 125 67%
c - 45.26 198 14 35 133 30055 1 1017632 64842 1.5 17 11 6 13 68% 108 25128 125 67%
c - 45.70 198 14 35 134 30062 1 1029165 70100 1.5 17 11 6 13 68% 108 25128 125 67%
c - 46.15 198 14 35 135 30069 1 1040741 73940 1.5 17 11 6 13 68% 108 25128 125 67%
c s 46.24 198 14 35 135 30069 1 1041741 74602 1.5 16 11 6 13 68% 106 14028 125 67%
c e 46.24 198 14 35 135 30069 1 1041741 74602 1.5 16 11 6 13 68% 106 14043 124 66%
c - 46.58 198 13 35 136 30071 1 1052361 66741 1.5 16 11 6 13 68% 108 14043 124 66%
c i 46.60 198 13 35 136 30071 1 1053116 67179 1.5 16 11 6 13 68% 116 14043 113 60%
c - 47.03 198 13 35 137 30071 1 1064022 43095 1.5 16 10 6 13 67% 119 11743 113 60%
c i 47.12 198 13 35 137 30071 1 1066734 44568 1.5 16 10 6 13 67% 126 11743 109 58%
c B 47.16 198 13 35 137 30072 1 1067830 45383 1.5 16 10 6 13 67% 126 11743 109 58%
c ] 47.20 198 13 36 137 30072 1 1069472 46484 1.5 15 10 6 13 67% 126 11743 109 58%
c { 47.20 198 13 36 137 30072 2 1069472 46484 1.4 15 10 6 11 61% 126 11743 109 58%
c - 47.39 198 13 36 138 30081 2 1075726 32726 1.4 14 10 6 11 61% 101 11743 109 58%
c i 47.40 198 13 36 138 30081 2 1076073 32928 1.4 14 10 6 11 61% 106 11743 103 55%
c i 47.47 198 13 36 138 30088 2 1078904 34893 1.4 14 10 6 11 61% 114 11743 88 47%
c i 47.47 198 13 36 138 30088 2 1079053 34994 1.4 14 10 6 11 61% 118 11743 87 47%
c i 47.47 198 13 36 138 30088 2 1079084 34997 1.4 14 10 6 11 61% 124 11743 85 45%
c i 47.48 198 13 36 138 30088 2 1079184 35062 1.4 14 10 6 11 61% 127 11743 81 43%
c i 47.48 198 13 36 138 30088 2 1079199 35063 1.4 14 10 6 11 61% 132 11743 79 42%
c
c seconds    switched      rate           size/glue  tier1    binary      remaining
c         MB   reductions     conflicts         size   tier2     irredundant
c          level     restarts        redundant     glue    trail      variables
c
c i 47.48 198 13 36 138 30088 2 1079239 35080 1.4 14 10 6 11 61% 135 11743 72 39%
c i 47.48 198 13 36 138 30088 2 1079247 35076 1.4 14 10 6 11 61% 137 11743 50 27%
c i 47.48 198 13 36 138 30088 2 1079248 35076 1.4 14 10 6 11 61% 137 11743 49 26%
c } 47.48 198 13 36 138 30088 2 1079250 35076 1.4 14 10 6 11 61% 137 11743 30 16%
c 0 47.48 198 13 36 138 30088 2 1079250 35076 1.4 14 10 6 11 61% 137 11743 30 16%
c
c ---- [ result ] ------------------------------------------------------------
c
s UNSATISFIABLE
c
c ---- [ profiling ] ---------------------------------------------------------
c
c          40.93   86.21 %  search
c          20.80   43.81 %  stable
c          20.13   42.40 %  focused
c           6.51   13.72 %  simplify
c           4.14    8.72 %  probe
c           3.31    6.97 %  vivify
c           2.35    4.96 %  eliminate
c           2.29    4.82 %  subsume
c           0.69    1.46 %  sweep
c           0.61    1.28 %  reduce
c           0.11    0.23 %  substitute
c           0.04    0.09 %  walking
c           0.02    0.04 %  preprocess
c           0.02    0.04 %  factor
c           0.01    0.02 %  congruence
c           0.01    0.02 %  parse
c           0.00    0.01 %  lucky
c           0.00    0.01 %  transitive
c           0.00    0.00 %  backbone
c =============================================
c          47.48  100.00 %  total
c
c ---- [ statistics ] --------------------------------------------------------
c
c conflicts:                          1079250            22731.25 per second
c decisions:                          1423927                1.32 per conflict
c eliminated:                             231              124 %  variables
c factored:                               170               91 %  variables
c iterations:                              13                7 %  variables
c propagations:                      23020717           484864    per second
c reductions:                             138             7821    interval
c reordered:                               14            77089    interval
c rephased:                                25            43170    interval
c restarts:                             30088               36    interval
c strengthened:                            16                0 %  checks
c subsumed:                              3558                0 %  checks
c switched:                                36            29979    interval
c vivified:                             40971               45 %  checks
c walks:                                    8           134906    interval
c
c ---- [ glue usage ] --------------------------------------------------------
c
c focused glue 6   used 175206 clauses 12.49% accumulated 57.98% tier1
c focused glue 7   used 147334 clauses 10.51% accumulated 68.49%
c focused glue 8-9 used 219112 clauses 15.62% accumulated 84.12%
c focused glue 10  used  72825 clauses  5.19% accumulated 89.31%
c focused glue 11  used  52572 clauses  3.75% accumulated 93.06% tier2
c
c stable glue 6    used 225844 clauses  9.41% accumulated 53.11% tier1
c stable glue 7    used 186456 clauses  7.77% accumulated 60.88%
c stable glue 8-11 used 564864 clauses 23.54% accumulated 84.42%
c stable glue 12   used  89479 clauses  3.73% accumulated 88.15%
c stable glue 13   used  72144 clauses  3.01% accumulated 91.15% tier2
c
c ---- [ resources ] ---------------------------------------------------------
c
c maximum-resident-set-size:     212718321664 bytes     202864 MB
c process-time:                            47s              47.48 seconds
c
c ---- [ shutting down ] -----------------------------------------------------
c
c exit 20
