c ---- [ banner ] ------------------------------------------------------------
c
c Kissat SAT Solver
c 
c Copyright (c) 2021-2024 Armin Biere University of Freiburg
c Copyright (c) 2019-2021 Armin Biere Johannes Kepler University Linz
c 
c Version 4.0.4 8af8e56f174b778aef3aa45af9f739b2a5f492c2
c Apple clang version 17.0.0 (clang-1700.6.3.2) -W -Wall -O3 -DNDEBUG
c Mon Mar 30 18:25:47 CEST 2026 Darwin Mac 24.6.0 arm64
c
c ---- [ parsing ] -----------------------------------------------------------
c
c opened and reading DIMACS file:
c
c   tmp.cnf
c
c parsed 'p cnf 105 52845' header
c closing input after reading 4399684 bytes (4 MB)
c finished parsing after 0.02 seconds
c
c ---- [ solving ] -----------------------------------------------------------
c
c seconds switched rate     size/glue tier1  binary       remaining
c        MB reductions conflicts size  tier2    irredundant
c         level restarts redundant glue  trail        variables
c
c *  0.02 13 0 0 0  0 0   0   0 0.0 0 0 0 0 0% 1365 51480 105 100%
c (  0.02 20 0 0 0  0 0   0   0 0.0 0 0 0 0 0% 1365 51480 105 100%
c .  0.02 20 0 0 0  0 0   0   0 0.0 0 0 0 0 0% 1365 51480 105 100%
c f  0.03 37 0 0 0  0 0   0   0 0.0 0 0 0 0 0% 538 51480 208 198%
c )  0.03 37 0 0 0  0 0   0   0 0.0 0 0 0 0 0% 538 51480 208 198%
c {  0.04 37 0 0 0  0 0   0   0 0.0 0 0 2 6 0% 538 51480 208 198%
c -  0.28 38 11 0 1 120 1 1001 475 1.5 13 8 7 12 90% 538 51480 208 198%
c }  0.28 38 11 1 1 120 1 1001 475 1.5 13 8 7 12 90% 538 51480 208 198%
c [  0.28 38 0 1 1 120 0 1001 475 0.0 0 0 2 6 0% 538 51480 208 198%
c B  0.28 38 0 1 1 120 0 1001 475 0.0 0 0 2 6 0% 538 51480 208 198%
c ]  0.52 38 17 2 1 120 1 1926 1119 1.5 21 14 13 21 88% 538 51480 208 198%
c {  0.52 38 11 2 1 120 1 1926 1119 1.5 13 8 7 12 90% 538 51480 208 198%
c -  0.54 38 10 2 2 129 1 2001 1162 1.5 13 8 7 12 90% 538 51480 208 198%
c u  0.69 38 9 2 2 129 1 2537 1498 1.8 13 7 6 11 90% 538 51480 208 198%
c v  0.70 38 9 2 2 129 1 2537 1441 1.8 13 7 6 11 90% 538 51480 208 198%
c w  0.71 38 9 2 2 129 1 2537 1421 1.8 13 7 6 11 90% 538 51480 208 198%
c x  0.72 38 9 2 2 129 1 2537 1421 1.8 13 7 6 11 90% 538 51096 208 198%
c }  0.83 38 8 3 2 129 1 2926 1598 1.8 12 7 6 11 90% 538 51096 208 198%
c [  0.83 38 17 3 2 129 1 2926 1598 1.5 21 14 13 21 88% 538 51096 208 198%
c W  0.84 46 17 3 2 129 1 2926 1598 1.5 21 14 13 21 88% 538 51096 208 198%
c
c seconds  switched  rate       size/glue  tier1     binary       remaining
c        MB reductions conflicts      size    tier2     irredundant
c         level restarts   redundant     glue     trail       variables
c
c -  1.01 47 22 3 3 129 1 3416 1792 1.4 24 17 12 28 86% 538 51096 208 198%
c ]  1.11 47 23 4 3 129 1 3733 2027 1.4 26 18 12 28 86% 538 51096 208 198%
c {  1.11 47 8 4 3 129 1 3733 2027 1.8 12 7 6 11 90% 538 51096 208 198%
c -  1.48 47 9 4 4 395 1 5151 2443 1.6 11 7 6 10 88% 540 51096 208 198%
c }  1.73 47 9 5 4 543 1 6085 2972 1.5 11 7 6 10 88% 541 51096 208 198%
c [  1.73 47 23 5 4 543 1 6085 2972 1.4 26 18 12 28 86% 541 51096 208 198%
c I  1.73 47 23 5 4 543 1 6085 2972 1.4 26 18 12 28 86% 541 51096 208 198%
c -  2.11 48 32 5 5 544 1 7151 3430 1.4 35 25 19 42 86% 541 51096 208 198%
c ]  2.36 48 35 6 5 544 1 7796 3920 1.3 37 28 19 42 86% 541 51096 208 198%
c {  2.36 48 9 6 5 544 1 7796 3920 1.5 11 7 6 10 88% 541 51096 208 198%
c u  2.42 55 9 6 5 550 1 7815 3926 1.5 11 8 6 10 88% 541 51096 208 198%
c v  2.46 54 9 6 5 550 1 7815 3911 1.5 11 8 6 10 88% 541 51096 208 198%
c w  2.48 54 9 6 5 550 1 7815 3799 1.5 11 8 6 10 88% 541 51096 208 198%
c x  2.50 55 9 6 5 550 1 7815 3799 1.5 11 8 6 10 88% 541 50629 208 198%
c -  3.66 63 17 6 6 1048 3 9387 4417 1.3 18 14 6 27 86% 541 50629 208 198%
c o  4.06 64 19 6 6 1236 3 10134 4975 1.3 20 15 6 27 85% 541 50629 208 198%
c -  4.92 64 21 6 7 1539 4 11837 5755 1.3 22 18 9 32 84% 541 50629 208 198%
c }  4.93 64 21 7 7 1539 4 11866 5777 1.3 23 18 9 32 84% 541 50629 208 198%
c [  4.93 64 35 7 7 1539 1 11866 5777 1.3 37 28 19 42 86% 541 50629 208 198%
c B  4.93 64 35 7 7 1539 1 11866 5777 1.3 37 28 19 42 86% 541 50629 208 198%
c
c seconds  switched   rate        size/glue  tier1     binary      remaining
c        MB reductions  conflicts       size    tier2    irredundant
c         level  restarts    redundant     glue     trail      variables
c
c s  5.45 64 36 7 7 1539 1 12682 6392 1.3 38 28 19 42 86% 541 6435 208 198%
c ^  5.47 65 36 7 7 1539 1 12682 6392 1.3 38 28 19 42 86% 541 6435 208 198%
c -  5.56 65 32 7 8 1541 1 14483 6648 1.4 35 26 19 39 87% 541 6435 208 198%
c u  5.70 65 30 7 8 1542 1 16015 7556 1.4 34 24 19 39 87% 541 6435 208 198%
c v  5.76 65 30 7 8 1542 1 16015 6789 1.4 34 24 19 39 87% 541 6435 208 198%
c w  5.79 65 30 7 8 1542 1 16015 6685 1.4 34 24 19 39 87% 541 6435 208 198%
c -  5.88 66 28 7 9 1543 1 17313 6217 1.4 32 23 15 34 87% 541 6435 208 198%
c W  5.89 67 28 7 9 1543 1 17396 6274 1.4 32 23 15 34 87% 541 6435 208 198%
c -  6.03 67 26 7 10 1545 1 20314 7076 1.4 30 21 13 30 87% 542 6435 208 198%
c i  6.10 67 24 7 10 1545 1 21900 7949 1.5 28 19 13 30 87% 546 6435 207 197%
c o  6.10 67 24 7 10 1545 1 21900 7949 1.5 28 19 13 30 87% 546 6435 207 197%
c -  6.18 67 23 7 11 1545 1 23478 3958 1.5 27 19 12 27 87% 536 6435 207 197%
c O  6.25 67 23 7 11 1546 1 24926 4912 1.5 27 18 12 27 87% 536 6435 207 197%
c -  6.33 67 22 7 12 1548 1 26795 5895 1.5 26 18 11 25 87% 537 6435 207 197%
c e  6.42 68 22 7 12 1548 1 28189 6916 1.5 26 18 11 25 87% 588 6435 154 147%
c ^  6.43 68 22 7 12 1548 1 28189 6916 1.5 26 18 11 25 87% 588 6435 154 147%
c u  6.53 68 22 7 12 1550 1 29815 5787 1.5 26 18 11 25 87% 588 6435 154 147%
c v  6.55 69 22 7 12 1550 1 29815 4980 1.5 26 18 11 25 87% 588 6435 154 147%
c w  6.55 69 22 7 12 1550 1 29815 4977 1.5 26 18 11 25 87% 588 6435 154 147%
c -  6.57 69 22 7 13 1550 1 30263 4931 1.5 26 18 11 24 87% 588 6435 154 147%
c
c seconds  switched    rate        size/glue  tier1     binary      remaining
c        MB  reductions  conflicts       size    tier2    irredundant
c         level   restarts    redundant     glue     trail      variables
c
c i  6.71 69 21 7 13 1552 1 33758 7073 1.5 25 17 11 24 88% 593 6435 153 146%
c -  6.72 69 21 7 14 1552 1 33869 2177 1.5 25 17 11 23 88% 579 6435 153 146%
c B  6.75 69 20 7 14 1552 1 34687 2748 1.5 25 16 11 23 88% 579 6435 153 146%
c -  6.88 69 21 7 15 1553 1 37614 4471 1.5 26 17 11 24 88% 579 6435 153 146%
c -  7.03 69 21 7 16 1553 1 41487 6821 1.5 25 17 11 23 89% 579 6435 153 146%
c i  7.13 69 20 7 16 1553 1 43784 8046 1.5 25 16 11 23 89% 584 6435 152 145%
c o  7.13 69 20 7 16 1553 1 43784 8046 1.5 25 16 11 23 89% 584 6435 152 145%
c -  7.20 69 20 7 17 1554 1 45487 3316 1.5 24 16 11 22 89% 571 6435 152 145%
c W  7.27 70 20 7 17 1556 1 46909 4206 1.5 24 16 11 22 89% 571 6435 152 145%
c u  7.32 70 20 7 17 1556 1 47568 4715 1.5 24 16 11 22 89% 572 6435 152 145%
c v  7.34 73 20 7 17 1556 1 47568 4697 1.5 24 16 11 22 89% 572 6435 152 145%
c -  7.60 74 20 7 18 1557 1 49611 5701 1.5 25 16 11 22 89% 572 6435 152 145%
c -  7.80 74 20 7 19 1560 1 53855 7835 1.6 25 16 11 22 90% 572 6435 152 145%
c ]  7.89 74 21 8 19 1560 1 55405 9054 1.5 26 17 11 22 90% 572 6435 152 145%
c {  7.89 74 21 8 19 1560 4 55405 9054 1.3 23 18 9 32 84% 572 6435 152 145%
c -  8.02 74 20 8 20 1575 3 58215 8822 1.4 23 17 9 28 86% 572 6435 152 145%
c }  8.17 74 19 9 20 1606 2 61566 11026 1.4 22 15 9 28 87% 573 6435 152 145%
c [  8.17 74 21 9 20 1606 1 61566 11026 1.5 26 17 11 22 90% 573 6435 152 145%
c e  8.21 74 21 9 20 1606 1 61776 11156 1.5 26 17 11 22 90% 583 6435 147 140%
c ^  8.21 74 21 9 20 1606 1 61776 11156 1.5 26 17 11 22 90% 583 6435 147 140%
c
c seconds  switched    rate         size/glue  tier1     binary      remaining
c        MB  reductions  conflicts        size    tier2    irredundant
c         level   restarts     redundant     glue     trail      variables
c
c I  8.22 74 21 9 20 1606 1 61814 10883 1.5 26 17 11 22 90% 583 6435 147 140%
c -  8.27 75 21 9 21 1607 1 62688 8985 1.5 26 17 11 24 90% 583 6435 147 140%
c ]  8.49 75 23 10 21 1610 1 66750 12134 1.5 28 18 11 24 90% 583 6435 147 140%
c {  8.49 75 19 10 21 1610 2 66750 12134 1.4 22 15 9 28 87% 583 6435 147 140%
c -  8.51 75 19 10 22 1611 2 67272 9005 1.4 22 15 9 24 87% 584 6435 147 140%
c u  8.64 75 18 10 22 1653 2 69418 10426 1.5 22 15 9 24 88% 585 6435 147 140%
c v  8.68 75 18 10 22 1653 2 69418 10244 1.5 22 15 9 24 88% 586 6435 147 140%
c w  8.69 75 18 10 22 1653 2 69418 10242 1.5 22 15 9 24 88% 586 6435 147 140%
c t  8.69 75 18 10 22 1653 2 69418 10242 1.5 22 15 9 24 88% 584 6435 147 140%
c -  8.80 75 18 10 23 1659 2 71963 9883 1.5 21 14 9 21 88% 584 6435 147 140%
c }  8.95 75 17 11 23 1706 2 75377 12037 1.5 20 14 9 21 88% 591 6435 147 140%
c [  8.95 75 23 11 23 1706 1 75377 12037 1.5 28 18 11 24 90% 591 6435 147 140%
c -  9.01 75 22 11 24 1707 1 76758 11554 1.5 28 18 11 26 90% 592 6435 147 140%
c i  9.02 75 22 11 24 1707 1 76920 11625 1.5 28 18 11 26 90% 595 6435 146 139%
c o  9.02 75 22 11 24 1707 1 76920 11625 1.5 28 18 11 26 90% 595 6435 146 139%
c B  9.17 75 22 11 24 1709 1 79617 13424 1.5 27 18 11 26 90% 595 6435 146 139%
c -  9.28 75 22 11 25 1711 1 81657 8912 1.5 27 18 11 25 90% 576 6435 146 139%
c ]  9.32 75 22 12 25 1711 1 82513 9496 1.5 27 18 11 25 90% 576 6435 146 139%
c {  9.32 75 17 12 25 1711 2 82513 9496 1.5 20 14 9 21 88% 576 6435 146 139%
c -  9.52 75 16 12 26 1778 2 86658 11057 1.5 20 13 8 18 89% 576 6435 146 139%
c
c seconds   switched    rate         size/glue  tier1    binary      remaining
c        MB   reductions  conflicts        size   tier2    irredundant
c         level    restarts     redundant     glue    trail      variables
c
c -  9.76 75 16 12 27 1807 2 91757 12356 1.5 19 13 8 17 89% 577 6435 146 139%
c }  9.86 75 15 13 27 1813 2 93994 13809 1.5 19 12 8 17 89% 578 6435 146 139%
c [  9.86 75 22 13 27 1813 1 93994 13809 1.5 27 18 11 25 90% 578 6435 146 139%
c u  9.98 75 22 13 27 1814 1 95508 14687 1.5 27 18 11 25 90% 579 6435 146 139%
c v 10.02 76 22 13 27 1814 1 95508 13993 1.5 27 18 11 25 90% 579 6435 146 139%
c w 10.04 76 22 13 27 1814 1 95508 13755 1.5 27 18 11 25 90% 579 6435 146 139%
c t 10.04 76 22 13 27 1814 1 95508 13755 1.5 27 18 11 25 90% 578 6435 146 139%
c - 10.11 76 22 13 28 1815 1 96954 12958 1.5 27 18 11 25 90% 578 6435 146 139%
c W 10.31 76 22 13 28 1818 1 100528 15347 1.5 27 18 11 25 90% 579 6435 146 139%
c - 10.39 76 22 13 29 1819 1 102245 14359 1.5 27 18 11 25 90% 579 6435 146 139%
c ] 10.49 76 22 14 29 1819 1 103916 15656 1.5 28 18 11 25 90% 579 6435 146 139%
c { 10.49 76 15 14 29 1819 2 103916 15656 1.5 19 12 8 17 89% 579 6435 146 139%
c i 10.49 76 15 14 29 1824 2 103941 15679 1.5 19 12 8 17 89% 579 6435 145 138%
c - 10.68 76 15 14 30 1847 2 107633 13270 1.5 18 12 8 16 89% 571 6435 145 138%
c - 10.95 76 14 14 31 1914 2 113110 13748 1.5 18 12 7 15 89% 574 6435 145 138%
c 2 11.07 76 14 14 31 1966 2 115874 15440 1.5 18 12 7 15 89% 575 6435 144 137%
c e 11.10 76 14 14 31 1966 2 115874 15440 1.5 18 12 7 15 89% 575 6435 140 133%
c ^ 11.10 76 14 14 31 1966 2 115874 15440 1.5 18 12 7 15 89% 575 6435 140 133%
c o 11.18 76 14 14 31 1985 1 117216 12816 1.5 18 11 7 15 89% 575 6435 140 133%
c } 11.25 76 14 15 31 1997 1 118631 13638 1.5 17 11 7 15 89% 576 6435 140 133%
c
c seconds   switched    rate          size/glue  tier1     binary      remaining
c        MB   reductions  conflicts         size    tier2    irredundant
c         level    restarts      redundant     glue     trail      variables
c
c [ 11.25 76 22 15 31 1997 1 118631 13638 1.5 28 18 11 25 90% 576 6435 140 133%
c - 11.25 76 22 15 32 1997 1 118679 11831 1.5 28 18 11 26 90% 577 6435 140 133%
c - 11.54 76 22 15 33 2001 1 124339 13829 1.5 27 18 11 26 90% 578 6435 140 133%
c O 11.56 76 22 15 33 2001 1 124754 14118 1.5 27 18 11 26 90% 578 6435 140 133%
c u 11.66 78 22 15 33 2002 1 126000 14841 1.5 27 18 11 26 90% 582 6435 140 133%
c v 11.70 78 22 15 33 2002 1 126000 13768 1.5 27 18 11 26 90% 587 6435 140 133%
c w 11.71 78 22 15 33 2002 1 126000 13751 1.5 27 18 11 26 90% 587 6435 140 133%
c x 11.74 78 22 15 33 2002 1 126000 13751 1.5 27 18 11 26 90% 587 6435 140 133%
c t 11.74 78 22 15 33 2002 1 126000 13751 1.5 27 18 11 26 90% 576 6435 140 133%
c - 11.96 78 22 15 34 2003 1 130085 15129 1.5 27 18 11 25 90% 577 6435 140 133%
c ] 12.07 78 22 16 34 2004 1 131900 16282 1.5 27 18 11 25 90% 578 6435 140 133%
c { 12.07 78 14 16 34 2004 1 131900 16282 1.5 17 11 7 15 89% 578 6435 140 133%
c i 12.08 78 14 16 34 2004 1 132057 16376 1.5 17 11 7 15 89% 581 6435 135 129%
c i 12.24 78 14 16 34 2161 1 135639 18711 1.5 17 11 7 15 89% 590 6435 134 128%
c - 12.25 78 14 16 35 2166 1 135916 7620 1.5 17 11 7 15 89% 534 6435 134 128%
c i 12.49 78 14 16 35 2293 1 140814 10459 1.5 17 11 7 15 89% 540 6435 133 127%
c - 12.54 78 14 16 36 2316 1 141832 9002 1.5 17 11 7 14 89% 529 6435 133 127%
c i 12.60 78 14 16 36 2342 1 143086 9816 1.5 17 11 7 14 89% 533 6435 132 126%
c i 12.78 78 13 16 36 2398 1 146963 12049 1.5 16 11 7 14 89% 545 6435 131 125%
c - 12.83 78 13 16 37 2420 1 147832 9955 1.5 17 11 7 14 89% 517 6435 131 125%
c
c seconds   switched    rate          size/glue  tier1    binary      remaining
c        MB   reductions  conflicts         size   tier2    irredundant
c         level    restarts      redundant     glue    trail      variables
c
c i 12.89 78 13 16 37 2502 1 148866 10592 1.5 16 11 7 14 89% 522 6435 130 124%
c } 12.96 78 13 17 37 2564 1 150240 11501 1.5 16 11 7 14 89% 522 6435 130 124%
c [ 12.96 78 22 17 37 2564 1 150240 11501 1.5 27 18 11 25 90% 522 6435 130 124%
c i 13.05 78 21 17 37 2565 1 152256 12722 1.5 26 17 11 25 90% 527 6435 129 123%
c B 13.07 78 21 17 37 2566 1 152494 12892 1.5 26 17 11 25 90% 527 6435 129 123%
c i 13.13 78 21 17 37 2566 1 153785 13648 1.5 26 17 11 25 90% 531 6435 128 122%
c - 13.14 78 21 17 38 2566 1 153915 9232 1.5 26 17 10 24 90% 490 6435 128 122%
c - 13.49 78 21 17 39 2570 1 160082 12834 1.5 27 17 10 24 90% 491 6435 128 122%
c u 13.61 78 21 17 39 2570 1 160989 13378 1.5 27 17 10 24 90% 493 6435 128 122%
c v 13.67 78 21 17 39 2570 1 160989 13048 1.5 27 17 10 24 90% 493 6435 128 122%
c w 13.70 78 21 17 39 2570 1 160989 12195 1.5 27 17 10 24 90% 493 6435 128 122%
c t 13.99 79 21 17 39 2570 1 160989 12195 1.5 27 17 10 24 90% 491 6435 128 122%
c i 14.23 79 21 17 39 2573 1 164872 14798 1.5 26 17 10 24 90% 494 6435 96 91%
c i 14.25 79 21 17 39 2573 1 165078 14899 1.5 26 17 10 24 90% 498 6435 47 45%
c i 14.25 79 21 17 39 2573 1 165081 14899 1.5 26 17 10 24 90% 499 6434 35 33%
c ] 14.25 79 21 17 39 2573 1 165083 14899 1.5 26 17 10 24 90% 499 6434 23 22%
c 0 14.25 79 13 17 39 2573 1 165083 14899 1.5 16 11 7 14 89% 499 6434 23 22%
c
c ---- [ result ] ------------------------------------------------------------
c
s UNSATISFIABLE
c
c ---- [ profiling ] ---------------------------------------------------------
c
c          12.17   85.42 %  search
c           6.09   42.77 %  focused
c           6.08   42.65 %  stable
c           2.03   14.28 %  simplify
c           1.68   11.80 %  probe
c           0.91    6.41 %  vivify
c           0.74    5.17 %  sweep
c           0.35    2.46 %  eliminate
c           0.25    1.74 %  subsume
c           0.04    0.25 %  reduce
c           0.02    0.14 %  substitute
c           0.02    0.12 %  lucky
c           0.02    0.12 %  parse
c           0.01    0.09 %  walking
c           0.01    0.06 %  preprocess
c           0.01    0.04 %  congruence
c           0.00    0.02 %  factor
c           0.00    0.01 %  transitive
c           0.00    0.01 %  backbone
c =============================================
c          14.25  100.00 %  total
c
c ---- [ statistics ] --------------------------------------------------------
c
c conflicts:                           165083            11585.59 per second
c decisions:                           204069                1.24 per conflict
c eliminated:                              62               59 %  variables
c factored:                               103               98 %  variables
c iterations:                              17               16 %  variables
c propagations:                       5311703           372777    per second
c reductions:                              39             4233    interval
c reordered:                                5            33017    interval
c rephased:                                13            12699    interval
c restarts:                              2573               64    interval
c subsumed:                             44194                0 %  checks
c switched:                                17             9711    interval
c vivified:                              9930               62 %  checks
c walks:                                    4            41271    interval
c
c ---- [ glue usage ] --------------------------------------------------------
c
c focused glue 7    used 11107 clauses  8.43% accumulated 56.22% tier1
c focused glue 8    used  9876 clauses  7.50% accumulated 63.72%
c focused glue 9-12 used 28451 clauses 21.60% accumulated 85.32%
c focused glue 13   used  4178 clauses  3.17% accumulated 88.49%
c focused glue 14   used  3209 clauses  2.44% accumulated 90.92% tier2
c
c stable glue 10    used  8768 clauses  4.52% accumulated 53.69% tier1
c stable glue 11    used  8172 clauses  4.21% accumulated 57.90%
c stable glue 12-21 used 57180 clauses 29.45% accumulated 87.35%
c stable glue 22    used  3189 clauses  1.64% accumulated 88.99%
c stable glue 23    used  2586 clauses  1.33% accumulated 90.33% tier2
c
c ---- [ resources ] ---------------------------------------------------------
c
c maximum-resident-set-size:      85211480064 bytes      81264 MB
c process-time:                            14s              14.25 seconds
c
c ---- [ shutting down ] -----------------------------------------------------
c
c exit 20
