c ---- [ banner ] ------------------------------------------------------------
c
c Kissat SAT Solver
c 
c Copyright (c) 2021-2024 Armin Biere University of Freiburg
c Copyright (c) 2019-2021 Armin Biere Johannes Kepler University Linz
c 
c Version 4.0.4 8af8e56f174b778aef3aa45af9f739b2a5f492c2
c Apple clang version 17.0.0 (clang-1700.6.3.2) -W -Wall -O3 -DNDEBUG
c Mon Mar 30 18:25:47 CEST 2026 Darwin Mac 24.6.0 arm64
c
c ---- [ parsing ] -----------------------------------------------------------
c
c opened and reading DIMACS file:
c
c   tmp.cnf
c
c parsed 'p cnf 300 533830' header
c closing input after reading 17424319 bytes (17 MB)
c finished parsing after 0.06 seconds
c
c ---- [ solving ] -----------------------------------------------------------
c
c seconds switched rate     size/glue tier1 binary        remaining
c        MB reductions conflicts size  tier2   irredundant
c         level restarts redundant glue  trail        variables
c
c *  0.06 59 0 0 0  0 0   0   0 0.0 0 0 0 0 0%   0 533830 300 100%
c (  0.07 98 0 0 0  0 0   0   0 0.0 0 0 0 0 0%   0 533830 300 100%
c .  0.07 98 0 0 0  0 0   0   0 0.0 0 0 0 0 0%   0 533830 300 100%
c f  0.34 74 0 0 0  0 0   0   0 0.0 0 0 0 0 0% 550 482946 575 192%
c )  0.34 84 0 0 0  0 0   0   0 0.0 0 0 0 0 0% 550 482946 575 192%
c {  0.35 102 0 0 0  0 0   0   0 0.0 0 0 2 6 0% 550 482946 575 192%
c -  0.39 99 25 0 1 16 2 1000 662 1.4 14 10 8 12 23% 550 482946 575 192%
c }  0.39 99 25 1 1 16 2 1000 662 1.4 14 10 8 12 23% 550 482946 575 192%
c [  0.39 99 0 1 1 16 0 1000 662 0.0 0 0 2 6 0% 550 482946 575 192%
c B  0.39 99 46 1 1 16 20 1001 663 1.4 17 12 2 6 31% 550 482946 575 192%
c ]  0.42 104 21 2 1 16 1 1702 1294 1.6 16 10 8 12 32% 550 482946 575 192%
c {  0.42 104 25 2 1 16 2 1702 1294 1.4 14 10 8 12 23% 550 482946 575 192%
c -  0.44 105 26 2 2 16 2 2002 1517 1.5 15 10 8 13 27% 550 482946 575 192%
c }  0.48 109 23 3 2 30 2 2702 2126 1.4 14 10 8 13 25% 550 482946 575 192%
c [  0.48 109 21 3 2 30 1 2702 2126 1.6 16 10 8 12 32% 550 482946 575 192%
c W  0.50 120 21 3 2 30 1 2702 2126 1.6 16 10 8 12 32% 550 482946 575 192%
c u  0.52 121 22 3 2 30 2 2713 2136 1.6 16 10 8 12 32% 550 482946 575 192%
c v  0.53 121 22 3 2 30 2 2713 2132 1.6 16 10 8 12 32% 550 482946 575 192%
c w  0.54 121 22 3 2 30 2 2713 2128 1.6 16 10 8 12 32% 550 482946 575 192%
c -  0.59 122 22 3 3 30 2 3417 2535 1.5 16 11 8 13 31% 550 482946 575 192%
c
c seconds   switched rate       size/glue  tier1    binary        remaining
c         MB reductions conflicts     size   tier2     irredundant
c          level restarts  redundant     glue    trail        variables
c
c ]  0.63 123 21 4 3 31 2 4509 3553 1.5 16 11 8 13 31% 550 482946 575 192%
c {  0.63 123 23 4 3 31 2 4509 3553 1.4 14 10 8 13 25% 550 482946 575 192%
c -  0.68 118 21 4 4 47 2 5149 3669 1.5 14 10 8 12 26% 550 482946 575 192%
c }  0.77 121 18 5 4 47 2 6862 5122 1.4 13 9 8 12 26% 550 482946 575 192%
c [  0.77 121 21 5 4 47 2 6862 5122 1.5 16 11 8 13 31% 550 482946 575 192%
c I  0.77 121 21 5 4 47 2 6862 5122 1.5 16 11 8 13 31% 550 482946 575 192%
c -  0.80 113 22 5 5 47 2 7150 4869 1.6 16 10 8 13 32% 550 482946 575 192%
c u  0.88 123 22 5 5 48 2 8354 6023 1.6 17 11 8 13 32% 550 482946 575 192%
c v  0.90 126 22 5 5 48 2 8354 6023 1.6 17 11 8 13 32% 550 482946 575 192%
c w  0.91 126 22 5 5 48 2 8354 6023 1.6 17 11 8 13 32% 550 482946 575 192%
c -  1.03 138 21 5 6 49 2 9387 6085 1.5 16 11 8 13 30% 550 482946 575 192%
c B  1.06 138 19 5 6 49 2 10635 7134 1.5 15 10 8 13 29% 550 482946 575 192%
c o  1.06 138 19 5 6 49 2 10635 7134 1.5 15 10 8 13 29% 550 482946 575 192%
c ]  1.08 119 20 6 6 49 2 10944 7438 1.5 15 10 8 13 29% 550 482946 575 192%
c {  1.08 119 18 6 6 49 2 10944 7438 1.4 13 9 8 12 26% 550 482946 575 192%
c -  1.14 135 18 6 7 51 2 11836 7038 1.6 14 9 7 11 28% 550 482946 575 192%
c e  1.28 131 17 6 7 51 2 13553 8653 1.8 15 8 7 11 30% 550 335582 569 190%
c ^  1.32 131 17 6 7 51 2 13553 8653 1.8 15 8 7 11 30% 550 335582 569 190%
c -  1.42 130 17 6 8 91 2 14482 7562 1.8 14 8 6 10 31% 550 335582 569 190%
c }  1.44 133 17 7 8 98 2 15013 8045 1.8 14 8 6 10 31% 550 335582 569 190%
c
c seconds   switched rate        size/glue  tier1    binary        remaining
c         MB reductions conflicts      size   tier2     irredundant
c          level restarts   redundant     glue    trail        variables
c
c [  1.44 133 20 7 8 98 2 15013 8045 1.5 15 10 8 13 29% 550 335582 569 190%
c W  1.48 146 20 7 8 99 2 16167 9077 1.5 15 10 8 13 28% 550 335582 569 190%
c u  1.53 148 20 7 8 100 2 17113 9943 1.5 15 10 8 13 28% 550 335582 569 190%
c v  1.54 148 20 7 8 100 2 17113 9895 1.5 15 10 8 13 28% 550 335582 569 190%
c w  1.55 148 20 7 8 100 2 17113 9895 1.5 15 10 8 13 28% 550 335582 569 190%
c -  1.58 132 20 7 9 100 2 17312 8239 1.5 15 10 8 13 28% 550 335582 569 190%
c -  1.65 145 19 7 10 102 2 20314 9107 1.4 15 10 8 12 28% 550 335582 569 190%
c -  1.71 146 18 7 11 104 2 23476 9979 1.4 14 10 8 12 27% 550 335582 569 190%
c O  1.72 147 18 7 11 104 2 23695 10164 1.4 14 10 8 12 27% 550 335582 569 190%
c o  1.72 147 18 7 11 104 2 23695 10164 1.4 14 10 8 12 27% 550 335582 569 190%
c ]  1.77 134 18 8 11 104 2 24882 11172 1.4 14 10 8 12 27% 550 335582 569 190%
c {  1.77 134 17 8 11 104 2 24882 11172 1.8 14 8 6 10 31% 550 335582 569 190%
c e  1.91 159 17 8 11 168 2 26676 12604 1.7 14 8 6 10 29% 474 335696 531 177%
c ^  1.93 160 17 8 11 168 2 26676 12604 1.7 14 8 6 10 29% 474 335696 531 177%
c -  1.96 157 17 8 12 184 2 26796 10576 1.7 14 8 6 10 29% 474 335696 531 177%
c u  2.05 164 16 8 12 257 2 28795 12308 1.7 13 8 6 10 28% 474 335696 531 177%
c v  2.07 165 16 8 12 257 2 28795 12290 1.7 13 8 6 10 28% 474 335696 531 177%
c w  2.08 165 16 8 12 257 2 28795 12255 1.7 13 8 6 10 28% 474 335696 531 177%
c f  2.09 146 16 8 12 257 2 28795 12255 1.7 13 8 6 10 28% 532 335434 560 187%
c u  2.13 165 16 8 12 257 2 28795 12223 1.7 13 8 6 10 28% 532 335434 560 187%
c
c seconds   switched   rate         size/glue tier1    binary        remaining
c         MB  reductions conflicts        size  tier2     irredundant
c          level  restarts     redundant    glue    trail        variables
c
c v  2.15 169 16 8 12 257 2 28795 12120 1.7 13 8 6 10 28% 532 335434 560 187%
c w  2.15 170 16 8 12 257 2 28795 12118 1.7 13 8 6 10 28% 532 335434 560 187%
c -  2.33 172 16 8 13 290 2 30261 11532 1.7 13 8 6 9 28% 532 335434 560 187%
c }  2.36 182 16 9 13 299 2 31041 12143 1.6 13 8 6 9 27% 532 335434 560 187%
c [  2.36 182 18 9 13 299 2 31041 12143 1.4 14 10 8 12 27% 532 335434 560 187%
c B  2.42 175 18 9 13 301 2 33456 13961 1.4 14 10 8 12 27% 533 335434 560 187%
c -  2.44 190 18 9 14 301 2 33866 12659 1.4 14 10 8 12 27% 533 335434 560 187%
c -  2.56 192 19 9 15 304 2 37607 13931 1.4 14 10 8 12 28% 533 335434 560 187%
c -  2.66 194 19 9 16 305 2 41479 15306 1.5 15 10 8 12 29% 533 335434 560 187%
c ]  2.66 194 19 10 16 305 2 41641 15449 1.5 15 10 8 12 29% 533 335434 560 187%
c {  2.66 194 16 10 16 305 2 41641 15449 1.6 13 8 6 9 27% 533 335434 560 187%
c u  2.78 198 16 10 16 378 2 43835 17206 1.6 12 8 6 9 27% 533 335434 560 187%
c v  2.79 200 16 10 16 378 2 43835 17198 1.6 12 8 6 9 27% 533 335434 560 187%
c w  2.80 200 16 10 16 378 2 43835 17198 1.6 12 8 6 9 27% 533 335434 560 187%
c o  2.82 201 16 10 16 378 2 43835 17198 1.6 12 8 6 9 27% 533 335434 560 187%
c -  2.89 199 16 10 17 392 2 45480 16587 1.6 12 8 6 9 27% 533 335434 560 187%
c -  3.09 200 15 10 18 665 2 49603 17493 1.5 12 7 6 9 26% 534 335433 560 187%
c }  3.15 193 15 11 18 764 2 50268 18018 1.5 11 7 6 9 26% 534 335433 560 187%
c [  3.15 193 19 11 18 764 2 50268 18018 1.5 15 10 8 12 29% 534 335433 560 187%
c W  3.16 209 19 11 18 764 2 50268 18018 1.5 15 10 8 12 29% 534 335433 560 187%
c
c seconds    switched   rate         size/glue  tier1    binary        remaining
c         MB   reductions conflicts        size   tier2     irredundant
c          level   restarts     redundant     glue    trail        variables
c
c -  3.26 213 19 11 19 766 2 53847 18566 1.4 15 11 8 13 29% 534 335433 560 187%
c s  3.35 211 19 11 19 767 2 55128 19612 1.4 15 11 8 13 29% 534 334192 560 187%
c e  3.37 218 19 11 19 767 2 55128 19612 1.4 15 11 8 13 29% 516 334225 549 183%
c s  3.42 219 19 11 19 767 2 55128 19612 1.4 15 11 8 13 29% 516 334219 549 183%
c ^  3.42 219 19 11 19 767 2 55128 19612 1.4 15 11 8 13 29% 516 334219 549 183%
c -  3.52 222 20 11 20 769 2 58205 19290 1.4 15 11 8 13 29% 516 334219 549 183%
c u  3.66 226 19 11 20 770 2 62339 22566 1.4 16 11 8 13 29% 516 334219 549 183%
c v  3.68 227 19 11 20 770 2 62339 22229 1.4 16 11 8 13 29% 516 334219 549 183%
c w  3.70 228 19 11 20 770 2 62339 22227 1.4 16 11 8 13 29% 516 334219 549 183%
c -  3.73 220 19 11 21 770 2 62678 19845 1.4 16 11 8 13 29% 516 334219 549 183%
c ]  3.74 221 19 12 21 771 2 63074 20143 1.4 16 11 8 13 29% 516 334219 549 183%
c {  3.74 221 15 12 21 771 2 63074 20143 1.5 11 7 6 9 26% 516 334219 549 183%
c -  3.96 224 15 12 22 1013 2 67260 21398 1.5 11 7 6 9 26% 516 334219 549 183%
c -  4.25 227 15 12 23 1332 2 71950 22710 1.5 11 7 6 9 25% 516 334219 549 183%
c o  4.35 230 15 12 23 1372 2 73842 24438 1.5 11 7 6 9 26% 516 334219 549 183%
c }  4.37 225 15 13 23 1400 2 74554 24975 1.5 11 7 6 9 26% 516 334219 549 183%
c [  4.37 225 19 13 23 1400 2 74554 24975 1.4 16 11 8 13 29% 516 334219 549 183%
c I  4.37 225 19 13 23 1400 2 74554 24975 1.4 16 11 8 13 29% 516 334219 549 183%
c -  4.47 229 20 13 24 1402 2 76745 24378 1.4 16 11 8 13 30% 516 334219 549 183%
c -  4.58 214 20 13 25 1405 2 81643 25242 1.4 16 12 8 14 30% 516 334219 549 183%
c
c seconds    switched    rate         size/glue  tier1    binary        remaining
c         MB   reductions  conflicts        size   tier2     irredundant
c          level    restarts     redundant     glue    trail        variables
c
c u  4.67 231 20 13 25 1406 2 84433 27339 1.4 16 12 8 14 30% 516 334219 549 183%
c v  4.71 217 20 13 25 1406 2 84433 27016 1.4 16 12 8 14 30% 517 334219 549 183%
c w  4.72 227 20 13 25 1406 2 84433 27001 1.4 16 12 8 14 30% 517 334219 549 183%
c t  4.73 227 20 13 25 1406 2 84433 27001 1.4 16 12 8 14 30% 516 334219 549 183%
c -  4.81 225 20 13 26 1406 2 86646 25326 1.4 17 12 8 14 30% 516 334219 549 183%
c -  4.92 227 21 13 27 1410 2 91745 26295 1.4 17 12 8 15 30% 516 334219 549 183%
c B  4.93 227 21 13 27 1411 2 92357 26785 1.4 17 12 8 15 29% 516 334219 549 183%
c -  5.07 227 21 13 28 1413 2 96941 28029 1.4 17 12 8 15 30% 516 334219 549 183%
c ]  5.08 227 21 14 28 1413 2 97401 28442 1.4 17 12 8 15 30% 516 334219 549 183%
c {  5.08 227 15 14 28 1413 2 97401 28442 1.5 11 7 6 9 26% 516 334219 549 183%
c s  5.35 227 15 14 28 1531 2 100941 31232 1.5 11 7 6 9 25% 516 334102 549 183%
c e  5.36 231 15 14 28 1531 2 100941 31232 1.5 11 7 6 9 25% 475 334220 527 176%
c ^  5.44 231 15 14 28 1531 2 100941 31232 1.5 11 7 6 9 25% 475 334220 527 176%
c -  5.52 230 15 14 29 1607 2 102232 27448 1.5 11 7 6 9 25% 475 334220 527 176%
c -  5.81 231 15 14 30 1924 2 107617 28805 1.5 11 7 6 9 25% 475 334220 527 176%
c u  6.03 238 15 14 30 2031 2 110253 28615 1.5 11 7 6 9 25% 477 334220 527 176%
c v  6.06 240 15 14 30 2031 2 110253 26977 1.5 11 7 6 9 25% 478 334220 527 176%
c w  6.08 241 15 14 30 2031 2 110253 26962 1.5 11 7 6 9 25% 478 334220 527 176%
c t  6.27 244 15 14 30 2031 2 110253 26962 1.5 11 7 6 9 25% 476 334220 527 176%
c f  6.27 227 15 14 30 2031 2 110253 26962 1.5 11 7 6 9 25% 477 334207 528 176%
c
c seconds    switched    rate          size/glue tier1   binary        remaining
c         MB   reductions  conflicts         size  tier2    irredundant
c          level    restarts      redundant    glue   trail        variables
c
c u  6.31 238 15 14 30 2031 2 110253 26717 1.5 11 7 6 9 25% 477 334207 528 176%
c v  6.34 241 15 14 30 2031 2 110253 26480 1.5 11 7 6 9 25% 477 334207 528 176%
c w  6.35 242 15 14 30 2031 2 110253 26438 1.5 11 7 6 9 25% 477 334207 528 176%
c }  6.45 227 15 15 30 2085 2 112117 27985 1.5 11 7 6 9 25% 477 334207 528 176%
c [  6.45 227 21 15 30 2085 2 112117 27985 1.4 17 12 8 15 30% 477 334207 528 176%
c -  6.47 237 21 15 31 2085 2 113094 26528 1.4 17 12 8 15 30% 477 334207 528 176%
c W  6.48 243 21 15 31 2086 2 113271 26653 1.4 17 12 8 15 29% 477 334207 528 176%
c o  6.52 246 21 15 31 2087 2 114203 27551 1.4 17 12 8 15 30% 477 334207 528 176%
c -  6.62 240 22 15 32 2090 2 118661 28873 1.4 17 12 8 15 30% 477 334207 528 176%
c -  6.73 242 22 15 33 2091 2 124317 30622 1.4 17 13 8 15 30% 477 334207 528 176%
c -  6.87 245 22 15 34 2096 2 130061 32332 1.4 18 13 8 15 30% 477 334207 528 176%
c -  7.03 245 21 15 35 2098 2 135892 33958 1.4 18 13 8 15 30% 477 334207 528 176%
c O  7.06 245 21 15 35 2099 2 137497 35382 1.4 18 13 8 15 30% 477 334207 528 176%
c u  7.15 249 21 15 35 2099 2 139878 37401 1.4 18 13 8 15 30% 477 334207 528 176%
c v  7.18 250 21 15 35 2099 2 139878 37149 1.4 18 13 8 15 30% 477 334207 528 176%
c w  7.19 250 21 15 35 2099 2 139878 37132 1.4 18 13 8 15 30% 477 334207 528 176%
c -  7.27 245 21 15 36 2099 2 141808 34625 1.4 18 13 8 15 30% 477 334207 528 176%
c ]  7.35 239 21 16 36 2099 2 143950 36633 1.4 18 13 8 15 30% 477 334207 528 176%
c {  7.35 239 15 16 36 2099 2 143950 36633 1.5 11 7 6 9 25% 477 334207 528 176%
c -  7.51 245 14 16 37 2326 2 147808 35184 1.5 11 7 6 9 25% 477 334207 528 176%
c
c seconds    switched    rate          size/glue tier1   binary        remaining
c         MB   reductions  conflicts         size  tier2    irredundant
c          level    restarts      redundant    glue   trail        variables
c
c -  7.68 240 14 16 38 2444 2 153891 35887 1.5 11 7 6 9 25% 478 334207 528 176%
c -  8.02 247 14 16 39 2882 2 160056 36473 1.5 11 7 6 9 25% 478 334207 528 176%
c }  8.15 238 14 17 39 2993 2 162287 38224 1.5 11 7 6 9 25% 478 334207 528 176%
c [  8.15 238 21 17 39 2993 2 162287 38224 1.4 18 13 8 15 30% 478 334207 528 176%
c B  8.23 247 21 17 39 2995 2 165237 40906 1.4 17 12 8 15 30% 478 334207 528 176%
c o  8.23 247 21 17 39 2995 2 165237 40906 1.4 17 12 8 15 30% 478 334207 528 176%
c s  8.36 248 21 17 39 2995 2 166040 41632 1.4 17 12 8 15 30% 478 327071 528 176%
c e  8.37 250 21 17 39 2995 2 166040 41632 1.4 17 12 8 15 30% 436 327262 503 168%
c s  8.48 250 21 17 39 2995 2 166040 41632 1.4 17 12 8 15 30% 436 324063 503 168%
c ^  8.49 250 21 17 39 2995 2 166040 41632 1.4 17 12 8 15 30% 436 324063 503 168%
c -  8.50 231 21 17 40 2995 2 166303 34921 1.4 17 12 8 15 30% 436 324063 503 168%
c -  8.64 247 21 17 41 2999 2 172630 37479 1.4 17 12 8 15 30% 436 324063 503 168%
c u  8.73 252 21 17 41 2999 2 173413 38034 1.4 17 12 8 15 30% 436 324063 503 168%
c v  8.77 252 21 17 41 2999 2 173413 37958 1.4 17 12 8 15 30% 436 324063 503 168%
c w  8.79 252 21 17 41 2999 2 173413 37928 1.4 17 12 8 15 30% 436 324063 503 168%
c f  8.80 231 21 17 41 2999 2 173413 37928 1.4 17 12 8 15 30% 438 324041 504 168%
c u  8.86 253 21 17 41 2999 2 173413 37787 1.4 17 12 8 15 30% 438 324041 504 168%
c v  8.90 256 21 17 41 2999 2 173413 37754 1.4 17 12 8 15 30% 438 324041 504 168%
c w  8.92 256 21 17 41 2999 2 173413 37684 1.4 17 12 8 15 30% 438 324041 504 168%
c -  9.10 252 20 17 42 3003 2 179033 39663 1.4 17 12 8 15 30% 438 324041 504 168%
c
c seconds    switched    rate          size/glue  tier1    binary        remaining
c         MB   reductions  conflicts         size   tier2     irredundant
c          level    restarts      redundant     glue    trail        variables
c
c -  9.27 252 20 17 43 3006 2 185513 40318 1.4 17 12 8 14 29% 438 324041 504 168%
c ]  9.41 256 20 18 43 3007 2 190705 45044 1.4 17 12 8 14 30% 438 324041 504 168%
c {  9.41 256 14 18 43 3007 2 190705 45044 1.5 11 7 6 9 25% 438 324041 504 168%
c -  9.48 252 14 18 44 3088 2 192070 40945 1.5 11 7 6 8 25% 438 324041 504 168%
c -  9.82 254 14 18 45 3446 2 198704 40667 1.5 11 7 6 8 25% 438 324041 504 168%
c - 10.17 257 14 18 46 3654 2 205412 41030 1.4 10 7 6 8 25% 439 324041 504 168%
c i 10.38 257 14 18 46 3732 2 210844 44996 1.4 10 7 6 8 26% 445 324041 499 166%
c u 10.46 263 14 18 46 3732 2 210871 30337 1.4 10 7 6 8 26% 430 303370 499 166%
c v 10.51 264 14 18 46 3732 2 210871 29677 1.4 10 7 6 8 26% 430 303370 499 166%
c w 10.53 265 14 18 46 3732 2 210871 29580 1.4 10 7 6 8 26% 430 303370 499 166%
c t 10.85 267 14 18 46 3732 2 210871 29580 1.4 10 7 6 8 26% 428 303370 499 166%
c - 10.91 265 14 18 47 3803 2 212196 28264 1.4 10 7 6 8 26% 428 303370 499 166%
c } 10.95 263 13 19 47 3826 2 213050 28877 1.4 10 7 6 8 26% 429 303370 499 166%
c [ 10.95 263 20 19 47 3826 2 213050 28877 1.4 17 12 8 14 30% 429 303370 499 166%
c W 10.97 257 20 19 47 3826 2 213050 28877 1.4 17 12 8 14 30% 429 303370 499 166%
c - 11.15 251 20 19 48 3830 2 219051 31372 1.4 17 12 8 14 30% 429 303370 499 166%
c - 11.30 264 20 19 49 3833 2 225981 34455 1.4 17 12 8 14 30% 429 303370 499 166%
c - 11.46 251 19 19 50 3838 2 232984 36820 1.4 17 12 8 14 30% 429 303370 499 166%
c - 11.62 265 19 19 51 3840 2 240056 38532 1.4 17 12 8 14 29% 429 303370 499 166%
c - 11.79 266 20 19 52 3841 2 247197 39591 1.4 17 12 8 14 30% 429 303370 499 166%
c
c seconds    switched    rate          size/glue  tier1    binary        remaining
c         MB   reductions  conflicts         size   tier2     irredundant
c          level    restarts      redundant     glue    trail        variables
c
c I 11.83 267 19 19 52 3842 2 248401 40687 1.4 17 12 8 14 30% 429 303370 499 166%
c o 11.83 267 19 19 52 3842 2 248401 40687 1.4 17 12 8 14 30% 429 303370 499 166%
c s 12.03 251 20 19 52 3845 2 252003 43965 1.4 17 12 8 14 30% 429 300145 499 166%
c e 12.05 266 20 19 52 3845 2 252003 43965 1.4 17 12 8 14 30% 368 300807 456 152%
c s 12.19 266 20 19 52 3845 2 252003 43965 1.4 17 12 8 14 30% 368 300688 456 152%
c e 12.19 266 20 19 52 3845 2 252003 43965 1.4 17 12 8 14 30% 366 300701 455 152%
c ! 12.19 266 20 19 52 3845 2 252003 43965 1.4 17 12 8 14 30% 366 300701 455 152%
c u 12.24 262 20 19 52 3845 2 252185 38806 1.4 17 12 8 14 30% 366 300701 455 152%
c v 12.27 265 20 19 52 3845 2 252185 38640 1.4 17 12 8 14 30% 366 300701 455 152%
c w 12.29 265 20 19 52 3845 2 252185 38622 1.4 17 12 8 14 30% 366 300701 455 152%
c x 12.32 268 20 19 52 3845 2 252185 38617 1.4 17 12 8 14 30% 366 300669 455 152%
c f 12.33 251 20 19 52 3845 2 252185 38617 1.4 17 12 8 14 30% 377 300526 461 154%
c u 12.38 263 20 19 52 3845 2 252185 38498 1.4 17 12 8 14 30% 377 300526 461 154%
c v 12.42 266 20 19 52 3845 2 252185 38342 1.4 17 12 8 14 30% 377 300526 461 154%
c w 12.44 266 20 19 52 3845 2 252185 38324 1.4 17 12 8 14 30% 377 300526 461 154%
c - 12.52 267 20 19 53 3846 2 254408 34145 1.4 17 12 8 14 30% 377 300526 461 154%
c ] 12.61 250 20 20 53 3847 2 258021 37281 1.4 17 12 8 14 30% 377 300526 461 154%
c { 12.61 250 13 20 53 3847 2 258021 37281 1.4 10 7 6 8 26% 377 300526 461 154%
c - 12.84 265 14 20 54 4107 2 261688 34954 1.4 10 7 6 8 26% 378 300526 461 154%
c - 13.19 262 13 20 55 4334 2 269037 36506 1.5 10 7 6 8 26% 386 300525 461 154%
c
c seconds    switched    rate          size/glue tier1   binary        remaining
c         MB   reductions  conflicts         size  tier2    irredundant
c          level    restarts      redundant    glue   trail        variables
c
c - 13.52 262 13 20 56 4619 2 276453 38040 1.5 10 7 6 8 27% 404 300522 461 154%
c i 13.53 263 13 20 56 4619 2 276639 38162 1.5 10 7 6 8 27% 406 300522 459 153%
c i 13.60 258 13 20 56 4664 2 278527 39870 1.5 10 7 6 8 27% 410 300522 455 152%
c i 13.64 260 13 20 56 4704 2 280163 41119 1.5 10 7 6 8 27% 420 300522 416 139%
c i 13.65 263 13 20 56 4704 2 280612 41446 1.5 10 7 6 8 27% 427 300522 414 138%
c i 13.65 263 13 20 56 4704 2 280655 41463 1.5 10 7 6 8 27% 432 300522 413 138%
c i 13.66 263 13 20 56 4704 2 280664 41464 1.5 10 7 6 8 27% 435 300522 410 137%
c i 13.66 263 13 20 56 4704 2 280703 41481 1.5 10 7 6 8 27% 439 300521 406 135%
c i 13.66 263 13 20 56 4704 2 280704 41481 1.5 10 7 6 8 27% 439 300521 402 134%
c } 13.66 263 13 20 56 4704 2 280707 41481 1.5 10 7 6 8 27% 440 300521 394 131%
c 0 13.66 263 13 20 56 4704 2 280707 41481 1.5 10 7 6 8 27% 440 300521 394 131%
c
c ---- [ result ] ------------------------------------------------------------
c
s UNSATISFIABLE
c
c ---- [ profiling ] ---------------------------------------------------------
c
c          10.05   73.61 %  search
c           5.58   40.89 %  focused
c           4.47   32.72 %  stable
c           3.25   23.81 %  simplify
c           2.50   18.29 %  probe
c           1.24    9.09 %  vivify
c           0.95    6.99 %  eliminate
c           0.81    5.92 %  subsume
c           0.69    5.05 %  sweep
c           0.29    2.10 %  factor
c           0.27    2.00 %  preprocess
c           0.21    1.57 %  substitute
c           0.14    1.05 %  reduce
c           0.07    0.52 %  walking
c           0.06    0.41 %  parse
c           0.06    0.40 %  congruence
c           0.02    0.18 %  lucky
c           0.01    0.07 %  transitive
c           0.00    0.01 %  backbone
c =============================================
c          13.66  100.00 %  total
c
c ---- [ statistics ] --------------------------------------------------------
c
c conflicts:                           280707            20554.07 per second
c decisions:                           510807                1.82 per conflict
c eliminated:                             146               49 %  variables
c factored:                               312              104 %  variables
c iterations:                              10                3 %  variables
c propagations:                      13372448           979164    per second
c reductions:                              56             5013    interval
c reordered:                                7            40101    interval
c rephased:                                15            18714    interval
c restarts:                              4704               60    interval
c subsumed:                             15043                0 %  checks
c switched:                                20            14035    interval
c vivified:                             13385               60 %  checks
c walks:                                    5            56141    interval
c
c ---- [ glue usage ] --------------------------------------------------------
c
c focused glue 6 used 44283 clauses 19.93% accumulated 68.19% tier1
c focused glue 7 used 33884 clauses 15.25% accumulated 83.43%
c focused glue 8 used 19494 clauses  8.77% accumulated 92.20% tier2
c
c stable glue 8     used  55920 clauses  9.49% accumulated 56.60% tier1
c stable glue 9     used  48057 clauses  8.15% accumulated 64.76%
c stable glue 10-12 used 111810 clauses 18.97% accumulated 83.73%
c stable glue 13    used  24456 clauses  4.15% accumulated 87.88%
c stable glue 14    used  19459 clauses  3.30% accumulated 91.18% tier2
c
c ---- [ resources ] ---------------------------------------------------------
c
c maximum-resident-set-size:     289759297536 bytes     276336 MB
c process-time:                            14s              13.66 seconds
c
c ---- [ shutting down ] -----------------------------------------------------
c
c exit 20
