c ---- [ banner ] ------------------------------------------------------------
c
c Kissat SAT Solver
c 
c Copyright (c) 2021-2024 Armin Biere University of Freiburg
c Copyright (c) 2019-2021 Armin Biere Johannes Kepler University Linz
c 
c Version 4.0.4 8af8e56f174b778aef3aa45af9f739b2a5f492c2
c Apple clang version 17.0.0 (clang-1700.6.3.2) -W -Wall -O3 -DNDEBUG
c Mon Mar 30 18:25:47 CEST 2026 Darwin Mac 24.6.0 arm64
c
c ---- [ parsing ] -----------------------------------------------------------
c
c opened and reading DIMACS file:
c
c   tmp.cnf
c
c parsed 'p cnf 300 2055625' header
c closing input after reading 90024113 bytes (86 MB)
c finished parsing after 0.26 seconds
c
c ---- [ solving ] -----------------------------------------------------------
c
c seconds  switched rate     size/glue tier1 binary         remaining
c         MB reductions conflicts size  tier2    irredundant
c          level restarts redundant glue  trail         variables
c
c *  0.26 122 0 0 0  0 0   0   0 0.0 0 0 0 0 0%   0 2055625 300 100%
c (  0.34 347 0 0 0  0 0   0   0 0.0 0 0 0 0 0%   0 2055625 300 100%
c .  0.34 347 0 0 0  0 0   0   0 0.0 0 0 0 0 0%   0 2055625 300 100%
c f  0.49 218 0 0 0  0 0   0   0 0.0 0 0 0 0 0% 625 2043638 595 198%
c )  0.51 282 0 0 0  0 0   0   0 0.0 0 0 0 0 0% 625 2043638 595 198%
c {  0.56 367 0 0 0  0 0   0   0 0.0 0 0 2 6 0% 625 2043638 595 198%
c -  0.91 379 23 0 1 50 3 1001 686 1.5 14 9 8 11 29% 625 2043638 595 198%
c }  0.91 379 23 1 1 50 3 1001 686 1.5 14 9 8 11 29% 625 2043638 595 198%
c [  0.91 379 0 1 1 50 0 1001 686 0.0 0 0 2 6 0% 625 2043638 595 198%
c B  0.91 379 0 1 1 50 0 1001 686 0.0 0 0 2 6 0% 625 2043638 595 198%
c -  1.02 336 43 1 2 50 2 2003 1486 1.4 16 11 9 13 28% 625 2043638 595 198%
c W  1.10 463 43 1 2 50 2 2003 1486 1.4 16 11 9 13 28% 625 2043638 595 198%
c u  1.38 468 29 1 2 52 2 3275 2630 1.5 16 11 9 13 28% 625 2043638 595 198%
c v  1.43 477 29 1 2 52 2 3275 2628 1.5 16 11 9 13 28% 625 2043638 595 198%
c w  1.46 477 29 1 2 52 2 3275 2628 1.5 16 11 9 13 28% 625 2043638 595 198%
c -  1.62 492 29 1 3 52 2 3417 2527 1.5 16 11 9 13 28% 625 2043638 595 198%
c ]  1.64 494 28 2 3 52 2 3571 2663 1.5 16 11 9 13 28% 625 2043638 595 198%
c {  1.64 494 23 2 3 52 3 3571 2663 1.5 14 9 8 11 29% 625 2043638 595 198%
c }  1.98 459 18 3 3 81 2 4571 3442 1.4 12 9 8 11 24% 625 2043638 595 198%
c [  1.98 459 28 3 3 81 2 4571 3442 1.5 16 11 9 13 28% 625 2043638 595 198%
c
c seconds   switched rate       size/glue  tier1    binary         remaining
c         MB reductions conflicts     size   tier2      irredundant
c          level restarts  redundant     glue    trail         variables
c
c I  1.98 459 28 3 3 81 2 4571 3442 1.5 16 11 9 13 28% 625 2043638 595 198%
c -  2.16 454 27 3 4 81 2 5149 3534 1.5 16 11 9 13 31% 625 2043638 595 198%
c ]  2.31 468 26 4 4 82 1 6055 4406 1.5 16 11 9 13 32% 625 2043638 595 198%
c {  2.31 468 18 4 4 82 2 6055 4406 1.4 12 9 8 11 24% 625 2043638 595 198%
c -  2.69 463 17 4 5 112 2 7149 4531 1.4 12 9 8 10 24% 625 2043638 595 198%
c }  3.26 488 16 5 5 117 2 8409 5736 1.5 13 9 8 10 27% 625 2043638 595 198%
c [  3.26 488 26 5 5 117 1 8409 5736 1.5 16 11 9 13 32% 625 2043638 595 198%
c B  3.26 488 26 5 5 117 1 8409 5736 1.5 16 11 9 13 32% 625 2043638 595 198%
c -  3.54 474 25 5 6 117 1 9385 5797 1.5 16 11 9 14 32% 625 2043638 595 198%
c u  3.91 448 24 5 6 118 1 10084 6353 1.5 16 11 9 14 31% 625 2043638 595 198%
c v  4.02 456 24 5 6 118 1 10084 6343 1.5 16 11 9 14 31% 625 2043638 595 198%
c w  4.06 458 24 5 6 118 1 10084 6341 1.5 16 11 9 14 31% 625 2043638 595 198%
c o  4.59 482 24 5 6 118 1 10084 6341 1.5 16 11 9 14 31% 625 2043638 595 198%
c -  4.92 492 24 5 7 119 1 11836 6963 1.5 17 11 9 14 31% 625 2043638 595 198%
c ]  5.03 495 23 6 7 119 1 12441 7529 1.5 16 11 9 14 31% 625 2043638 595 198%
c {  5.03 495 16 6 7 119 2 12441 7529 1.5 13 9 8 10 27% 625 2043638 595 198%
c -  5.84 487 15 6 8 129 2 14482 7738 1.7 14 8 7 10 29% 625 2043638 595 198%
c e  7.23 625 15 6 8 162 2 16364 9548 1.7 14 8 7 10 32% 535 1457478 540 180%
c ^  7.45 636 15 6 8 162 2 16364 9548 1.7 14 8 7 10 32% 535 1457478 540 180%
c }  7.56 611 15 7 8 162 2 16512 8734 1.7 14 8 7 10 32% 535 1457478 540 180%
c
c seconds   switched  rate        size/glue  tier1    binary         remaining
c         MB reductions conflicts       size   tier2      irredundant
c          level restarts    redundant     glue    trail         variables
c
c [  7.56 611 23 7 8 162 1 16512 8734 1.5 16 11 9 14 31% 535 1457478 540 180%
c W  7.63 490 23 7 8 162 1 16512 8734 1.5 16 11 9 14 31% 535 1457478 540 180%
c -  7.81 461 23 7 9 162 1 17310 8122 1.5 16 11 9 14 30% 535 1457478 540 180%
c -  8.20 464 21 7 10 164 1 20310 9439 1.4 16 11 9 13 29% 535 1457478 540 180%
c u  8.37 484 20 7 10 164 1 20657 9716 1.4 16 11 9 13 29% 535 1457478 540 180%
c v  8.47 485 20 7 10 164 1 20657 9711 1.4 16 11 9 13 29% 535 1457478 540 180%
c w  8.51 487 20 7 10 164 1 20657 9653 1.4 16 11 9 13 29% 535 1457478 540 180%
c f  8.65 495 20 7 10 164 1 20657 9653 1.4 16 11 9 13 29% 570 1457401 560 187%
c u  8.83 472 20 7 10 164 1 20657 9632 1.4 16 11 9 13 29% 570 1457401 560 187%
c v  8.96 476 20 7 10 164 1 20657 9616 1.4 16 11 9 13 29% 570 1457401 560 187%
c w  9.01 477 20 7 10 164 1 20657 9532 1.4 16 11 9 13 29% 570 1457401 560 187%
c o  9.05 477 20 7 10 164 1 20657 9532 1.4 16 11 9 13 29% 570 1457401 560 187%
c -  9.43 479 20 7 11 167 1 23472 10672 1.4 16 11 9 13 30% 570 1457401 560 187%
c O  9.52 451 20 7 11 167 1 24041 11151 1.4 15 11 9 13 30% 570 1457401 560 187%
c -  9.74 472 19 7 12 168 1 26788 11667 1.4 15 10 8 13 29% 570 1457401 560 187%
c ] 10.00 468 18 8 12 170 1 30248 14686 1.4 15 10 8 13 28% 570 1457401 560 187%
c { 10.00 468 15 8 12 170 2 30248 14686 1.7 14 8 7 10 32% 570 1457401 560 187%
c - 10.01 469 15 8 13 170 2 30252 13051 1.7 14 8 7 10 32% 570 1457401 560 187%
c e 10.66 526 15 8 13 306 2 31911 14318 1.6 13 8 7 10 30% 497 1457517 499 166%
c ^ 10.81 537 15 8 13 306 2 31911 14318 1.6 13 8 7 10 30% 497 1457517 499 166%
c
c seconds   switched   rate         size/glue tier1    binary         remaining
c         MB  reductions conflicts        size  tier2      irredundant
c          level  restarts     redundant    glue    trail         variables
c
c - 11.50 481 15 8 14 459 2 33857 12052 1.6 13 8 7 10 29% 497 1457517 499 166%
c u 11.72 458 14 8 14 478 2 34495 12486 1.6 13 8 7 10 29% 497 1457517 499 166%
c v 11.82 472 14 8 14 478 2 34495 12470 1.6 13 8 7 10 29% 497 1457517 499 166%
c w 11.86 475 14 8 14 478 2 34495 12453 1.6 13 8 7 10 29% 497 1457517 499 166%
c f 12.35 407 14 8 14 478 2 34495 12453 1.6 13 8 7 10 29% 529 1457432 516 172%
c u 12.47 465 14 8 14 478 2 34495 12451 1.6 13 8 7 10 29% 529 1457432 516 172%
c v 12.55 480 14 8 14 478 2 34495 12442 1.6 13 8 7 10 29% 529 1457432 516 172%
c w 12.58 480 14 8 14 478 2 34495 12421 1.6 13 8 7 10 29% 529 1457432 516 172%
c } 12.98 499 14 9 14 534 2 36408 13886 1.5 13 8 7 10 28% 529 1457432 516 172%
c [ 12.98 499 18 9 14 534 1 36408 13886 1.4 15 10 8 13 28% 529 1457432 516 172%
c B 12.98 499 18 9 14 534 1 36408 13886 1.4 15 10 8 13 28% 529 1457432 516 172%
c - 13.26 509 18 9 15 535 1 37598 13404 1.4 15 10 8 13 28% 529 1457432 516 172%
c - 13.96 495 17 9 16 537 1 41471 15199 1.5 15 10 8 12 29% 529 1457432 516 172%
c ] 14.26 512 17 10 16 539 1 42869 16383 1.5 15 10 8 12 28% 529 1457432 516 172%
c { 14.26 512 14 10 16 539 2 42869 16383 1.5 13 8 7 10 28% 529 1457432 516 172%
c o 14.31 515 14 10 16 551 2 42927 16428 1.5 13 8 7 10 28% 529 1457432 516 172%
c - 14.93 512 14 10 17 679 2 45472 16655 1.5 12 8 7 9 27% 529 1457432 516 172%
c - 15.58 513 13 10 18 736 2 49595 17975 1.5 12 8 7 9 27% 529 1457432 516 172%
c } 16.19 506 13 11 18 761 2 51498 19378 1.4 12 8 7 9 27% 529 1457432 516 172%
c [ 16.19 506 17 11 18 761 1 51498 19378 1.5 15 10 8 12 28% 529 1457432 516 172%
c
c seconds    switched   rate         size/glue  tier1    binary         remaining
c         MB   reductions conflicts        size   tier2      irredundant
c          level   restarts     redundant     glue    trail         variables
c
c W 16.27 521 17 11 18 761 1 51498 19378 1.5 15 10 8 12 28% 529 1457432 516 172%
c u 16.74 522 17 11 18 761 1 52314 20043 1.5 15 10 8 12 29% 529 1457432 516 172%
c v 16.92 525 17 11 18 761 1 52314 19828 1.5 15 10 8 12 29% 529 1457432 516 172%
c w 16.99 529 17 11 18 761 1 52314 19796 1.5 15 10 8 12 29% 529 1457432 516 172%
c - 17.43 513 17 11 19 763 1 53837 18943 1.5 15 10 8 12 29% 529 1457432 516 172%
c - 18.32 498 17 11 20 766 1 58195 20551 1.4 15 10 8 12 29% 529 1457432 516 172%
c ] 18.58 510 17 12 20 766 1 59717 21867 1.4 15 10 8 12 30% 529 1457432 516 172%
c { 18.58 510 13 12 20 766 2 59717 21867 1.4 12 8 7 9 27% 529 1457432 516 172%
c - 19.32 511 13 12 21 913 2 62669 22271 1.4 11 8 7 9 27% 529 1457432 516 172%
c s 20.63 503 13 12 21 1076 2 65617 24520 1.4 11 8 7 9 26% 529 1457431 516 172%
c e 20.69 542 13 12 21 1076 2 65617 24520 1.4 11 8 7 9 26% 468 1457584 463 154%
c ^ 21.05 542 13 12 21 1076 2 65617 24520 1.4 11 8 7 9 26% 468 1457584 463 154%
c - 21.52 502 13 12 22 1147 2 67251 20147 1.4 11 8 7 9 26% 468 1457584 463 154%
c } 22.10 512 13 13 22 1351 2 71197 23089 1.4 11 8 7 9 26% 468 1457584 463 154%
c [ 22.10 512 17 13 22 1351 1 71197 23089 1.4 15 10 8 12 30% 468 1457584 463 154%
c I 22.10 512 17 13 22 1351 1 71197 23089 1.4 15 10 8 12 30% 468 1457584 463 154%
c - 22.32 506 17 13 23 1351 1 71941 22115 1.4 15 10 8 12 30% 468 1457584 463 154%
c u 22.90 533 17 13 23 1353 1 74237 24268 1.5 15 10 8 12 31% 468 1457584 463 154%
c v 23.11 538 17 13 23 1353 1 74237 24105 1.5 15 10 8 12 31% 468 1457584 463 154%
c w 23.20 539 17 13 23 1353 1 74237 24099 1.5 15 10 8 12 31% 468 1457584 463 154%
c
c seconds    switched    rate         size/glue  tier1    binary         remaining
c         MB   reductions  conflicts        size   tier2      irredundant
c          level    restarts     redundant     glue    trail         variables
c
c f 23.24 539 17 13 23 1353 1 74237 24099 1.5 15 10 8 12 31% 479 1457548 468 156%
c u 23.54 515 17 13 23 1353 1 74237 24067 1.5 15 10 8 12 31% 479 1457548 468 156%
c v 23.77 519 17 13 23 1353 1 74237 24011 1.5 15 10 8 12 31% 479 1457548 468 156%
c w 23.85 520 17 13 23 1353 1 74237 24009 1.5 15 10 8 12 31% 479 1457548 468 156%
c o 24.72 515 17 13 23 1353 1 74237 24009 1.5 15 10 8 12 31% 479 1457548 468 156%
c - 25.18 496 17 13 24 1355 1 76741 24053 1.4 15 10 8 12 31% 479 1457548 468 156%
c - 26.10 502 17 13 25 1357 1 81639 26314 1.5 15 10 8 12 31% 479 1457548 468 156%
c ] 26.83 509 17 14 25 1360 1 86365 30362 1.5 15 10 8 12 31% 479 1457548 468 156%
c { 26.83 509 13 14 25 1360 2 86365 30362 1.4 11 8 7 9 26% 479 1457548 468 156%
c - 27.05 501 13 14 26 1390 2 86641 28263 1.4 11 8 7 9 26% 479 1457548 468 156%
c - 28.00 493 13 14 27 1567 2 91741 29588 1.4 11 8 7 9 26% 479 1457548 468 156%
c - 29.22 489 13 14 28 1885 2 96937 31406 1.4 11 8 7 9 26% 479 1457548 468 156%
c u 29.95 510 13 14 28 1987 2 100421 34178 1.4 11 8 7 9 26% 479 1457548 468 156%
c v 30.12 515 13 14 28 1987 2 100421 34125 1.4 11 8 7 9 26% 479 1457548 468 156%
c w 30.18 516 13 14 28 1987 2 100421 34090 1.4 11 8 7 9 26% 479 1457548 468 156%
c x 30.32 520 13 14 28 1987 2 100421 34087 1.4 11 8 7 9 26% 479 1457545 468 156%
c } 30.60 488 13 15 28 2025 2 101082 34545 1.4 11 8 7 9 26% 479 1457545 468 156%
c [ 30.60 488 17 15 28 2025 1 101082 34545 1.5 15 10 8 12 31% 479 1457545 468 156%
c B 30.60 488 17 15 28 2025 1 101082 34545 1.5 15 10 8 12 31% 479 1457545 468 156%
c - 30.98 497 17 15 29 2026 1 102228 33410 1.5 15 10 8 12 32% 479 1457545 468 156%
c
c seconds    switched    rate          size/glue  tier1    binary         remaining
c         MB   reductions  conflicts         size   tier2      irredundant
c          level    restarts      redundant     glue    trail         variables
c
c - 32.16 498 17 15 30 2030 1 107617 35024 1.4 15 10 8 13 32% 479 1457545 468 156%
c - 33.25 499 17 15 31 2031 1 113094 36677 1.4 15 11 8 13 32% 479 1457545 468 156%
c ] 33.61 493 17 16 31 2032 1 114492 37750 1.4 15 11 8 13 32% 479 1457545 468 156%
c { 33.61 493 13 16 31 2032 2 114492 37750 1.4 11 8 7 9 26% 479 1457545 468 156%
c o 33.70 508 13 16 31 2046 2 114549 37796 1.4 11 8 7 9 26% 479 1457545 468 156%
c - 35.30 510 13 16 32 2294 2 118661 38353 1.4 11 8 7 9 26% 479 1457545 468 156%
c s 36.21 482 13 16 32 2352 2 119909 39294 1.4 11 8 7 9 25% 479 1457350 468 156%
c e 36.27 532 13 16 32 2352 2 119909 39294 1.4 11 8 7 9 25% 434 1457516 434 145%
c ^ 36.72 532 13 16 32 2352 2 119909 39294 1.4 11 8 7 9 25% 434 1457516 434 145%
c - 38.55 504 13 16 33 2605 2 124317 35651 1.4 11 8 7 9 26% 434 1457516 434 145%
c - 39.76 501 13 16 34 2659 2 130061 37914 1.4 11 8 7 9 26% 435 1457516 434 145%
c u 40.20 526 13 16 34 2659 2 131019 37817 1.4 11 8 7 9 26% 435 1457516 434 145%
c v 40.56 539 13 16 34 2659 2 131019 37178 1.4 11 8 7 9 26% 435 1457516 434 145%
c w 40.70 544 13 16 34 2659 2 131019 37153 1.4 11 8 7 9 26% 435 1457516 434 145%
c } 41.58 501 13 17 34 2707 2 132830 38731 1.4 11 8 7 9 26% 435 1457516 434 145%
c [ 41.58 501 17 17 34 2707 1 132830 38731 1.4 15 11 8 13 32% 435 1457516 434 145%
c W 41.66 527 17 17 34 2707 1 132830 38731 1.4 15 11 8 13 32% 435 1457516 434 145%
c - 41.89 518 17 17 35 2709 1 135891 39492 1.4 15 11 8 13 31% 435 1457516 434 145%
c - 42.52 531 17 17 36 2713 1 141807 42300 1.4 15 10 8 12 31% 435 1457516 434 145%
c - 43.25 527 16 17 37 2715 1 147809 44788 1.4 15 10 8 12 31% 435 1457516 434 145%
c
c seconds    switched    rate          size/glue  tier1    binary         remaining
c         MB   reductions  conflicts         size   tier2      irredundant
c          level    restarts      redundant     glue    trail         variables
c
c - 44.39 520 16 17 38 2719 1 153892 47197 1.5 15 10 8 12 32% 436 1457516 434 145%
c O 44.77 529 16 17 38 2720 1 157056 49901 1.5 15 10 8 12 32% 436 1457516 434 145%
c - 45.66 510 16 17 39 2721 1 160057 49117 1.5 15 10 8 12 32% 436 1457516 434 145%
c u 46.78 543 16 17 39 2721 1 166126 54000 1.5 14 10 8 12 33% 436 1457516 434 145%
c v 47.06 548 16 17 39 2721 1 166126 53911 1.5 14 10 8 12 33% 436 1457516 434 145%
c w 47.16 548 16 17 39 2721 1 166126 53864 1.5 14 10 8 12 33% 436 1457516 434 145%
c o 47.21 548 16 17 39 2721 1 166126 53864 1.5 14 10 8 12 33% 436 1457516 434 145%
c - 47.27 514 16 17 40 2721 1 166301 50868 1.5 14 10 8 12 33% 436 1457516 434 145%
c ] 47.66 523 16 18 40 2723 1 167992 52428 1.5 14 10 8 12 33% 436 1457516 434 145%
c { 47.66 523 13 18 40 2723 2 167992 52428 1.4 11 8 7 9 26% 436 1457516 434 145%
c - 49.39 504 12 18 41 2928 2 172625 52350 1.4 11 8 7 9 26% 436 1457516 434 145%
c - 51.61 523 12 18 42 3073 2 179029 54818 1.5 11 8 7 9 27% 436 1457516 434 145%
c - 54.86 525 12 18 43 3362 2 185512 56601 1.5 11 8 7 9 27% 436 1457516 434 145%
c } 57.20 521 12 19 43 3401 2 190337 59935 1.5 11 7 7 9 28% 441 1457516 434 145%
c [ 57.20 521 16 19 43 3401 1 190337 59935 1.5 14 10 8 12 33% 441 1457516 434 145%
c B 57.20 521 16 19 43 3401 1 190337 59935 1.5 14 10 8 12 33% 441 1457516 434 145%
c - 57.66 517 16 19 44 3402 1 192070 58907 1.5 14 10 8 12 33% 441 1457516 434 145%
c s 59.20 527 15 19 44 3406 1 197060 63305 1.5 14 10 8 12 33% 443 1319016 434 145%
c e 59.26 558 15 19 44 3406 1 197060 63305 1.5 14 10 8 12 33% 408 1319216 407 136%
c ^ 60.00 558 15 19 44 3406 1 197060 63305 1.5 14 10 8 12 33% 408 1319216 407 136%
c
c seconds    switched    rate          size/glue  tier1    binary         remaining
c         MB   reductions  conflicts         size   tier2      irredundant
c          level    restarts      redundant     glue    trail         variables
c
c - 60.36 515 15 19 45 3407 1 198704 54939 1.5 14 10 8 12 33% 413 1319215 407 136%
c - 61.41 509 15 19 46 3410 1 205412 58274 1.5 14 10 8 12 34% 418 1319213 407 136%
c b 61.48 511 15 19 46 3410 1 205866 58707 1.5 14 10 8 12 34% 418 1319213 404 135%
c u 62.01 543 15 19 46 3410 1 205866 56600 1.5 14 10 8 12 34% 419 1319213 404 135%
c v 62.53 546 15 19 46 3410 1 205866 53455 1.5 14 10 8 12 34% 419 1319213 404 135%
c w 62.70 546 15 19 46 3410 1 205866 50911 1.5 14 10 8 12 34% 419 1319213 404 135%
c t 62.73 546 15 19 46 3410 1 205866 50911 1.5 14 10 8 12 34% 448 1319183 404 135%
c u 63.36 517 15 19 46 3410 1 205866 50512 1.5 14 10 8 12 34% 439 1319183 404 135%
c v 63.86 518 15 19 46 3410 1 205866 50456 1.5 14 10 8 12 34% 440 1319183 404 135%
c w 64.04 519 15 19 46 3410 1 205866 50256 1.5 14 10 8 12 34% 440 1319183 404 135%
c t 65.43 556 15 19 46 3410 1 205866 50256 1.5 14 10 8 12 34% 435 1319183 404 135%
c i 65.94 528 15 19 46 3414 1 211173 54525 1.5 14 9 8 12 35% 443 1319183 381 127%
c - 66.12 514 15 19 47 3414 1 212196 36916 1.5 14 9 7 12 35% 375 1319183 381 127%
c - 66.86 506 15 19 48 3415 1 219051 42258 1.5 14 9 7 11 34% 375 1319183 381 127%
c i 67.13 523 14 19 48 3415 1 220986 43965 1.5 14 9 7 11 34% 379 1319183 380 127%
c W 67.27 512 14 19 48 3415 1 221789 44559 1.5 14 9 7 11 34% 376 1187861 380 127%
c - 67.56 508 14 19 49 3418 1 225981 46385 1.5 13 9 7 11 34% 380 1187861 380 127%
c i 67.60 508 14 19 49 3418 1 227010 47103 1.5 13 9 7 11 33% 387 1187861 375 125%
c o 67.61 508 14 19 49 3418 1 227010 47103 1.5 13 9 7 11 33% 387 1187861 375 125%
c i 67.68 513 14 19 49 3418 1 227414 47468 1.5 13 9 7 11 33% 388 1187861 374 125%
c
c seconds    switched    rate          size/glue tier1    binary         remaining
c         MB   reductions  conflicts         size  tier2      irredundant
c          level    restarts      redundant    glue    trail         variables
c
c i 67.95 515 14 19 49 3420 1 229739 49247 1.5 13 9 7 11 33% 398 1187861 371 124%
c i 68.24 509 14 19 49 3421 1 232502 51529 1.5 13 9 7 11 33% 405 1187861 370 123%
c - 68.31 512 14 19 50 3422 1 232983 34380 1.5 13 9 7 11 33% 362 1187861 370 123%
c i 68.36 513 14 19 50 3422 1 233499 34781 1.5 13 9 7 11 33% 364 1187861 363 121%
c i 68.41 514 14 19 50 3422 1 233886 35084 1.5 13 9 7 11 33% 369 1187861 362 121%
c i 68.42 514 14 19 50 3422 1 233968 35133 1.5 13 9 7 11 33% 371 1187861 359 120%
c i 68.42 514 14 19 50 3422 1 233989 35140 1.5 13 9 7 11 33% 373 1187861 329 110%
c i 68.42 514 14 19 50 3422 1 233990 35139 1.5 13 9 7 11 33% 373 1187861 326 109%
c ] 68.42 514 14 19 50 3422 1 233992 35139 1.5 13 9 7 11 33% 373 1187861 315 105%
c 0 68.42 514 12 19 50 3422 2 233992 35139 1.5 11 7 7 9 28% 373 1187861 315 105%
c
c ---- [ result ] ------------------------------------------------------------
c
s UNSATISFIABLE
c
c ---- [ profiling ] ---------------------------------------------------------
c
c          51.46   75.22 %  search
c          28.55   41.72 %  focused
c          22.92   33.50 %  stable
c          16.40   23.97 %  simplify
c          12.02   17.57 %  probe
c           7.59   11.09 %  vivify
c           4.26    6.22 %  eliminate
c           3.74    5.47 %  subsume
c           3.14    4.59 %  sweep
c           0.86    1.26 %  substitute
c           0.32    0.47 %  reduce
c           0.29    0.42 %  walking
c           0.26    0.38 %  parse
c           0.22    0.32 %  congruence
c           0.18    0.26 %  factor
c           0.17    0.25 %  preprocess
c           0.12    0.18 %  lucky
c           0.03    0.05 %  transitive
c           0.00    0.00 %  backbone
c =============================================
c          68.42  100.00 %  total
c
c ---- [ statistics ] --------------------------------------------------------
c
c conflicts:                           233992             3419.83 per second
c decisions:                           354161                1.51 per conflict
c eliminated:                             230               77 %  variables
c factored:                               337              112 %  variables
c iterations:                              12                4 %  variables
c propagations:                      10074427           147239    per second
c reductions:                              50             4680    interval
c reordered:                                7            33427    interval
c rephased:                                14            16714    interval
c restarts:                              3422               68    interval
c strengthened:                         10074                0 %  checks
c subsumed:                            138695                0 %  checks
c switched:                                19            12315    interval
c vivified:                             13957               63 %  checks
c walks:                                    5            46798    interval
c
c ---- [ glue usage ] --------------------------------------------------------
c
c focused glue 7 used 34059 clauses 22.18% accumulated 70.58% tier1
c focused glue 8 used 24394 clauses 15.89% accumulated 86.47%
c focused glue 9 used 12331 clauses  8.03% accumulated 94.50% tier2
c
c stable glue 7  used 58088 clauses 14.66% accumulated 55.66% tier1
c stable glue 8  used 52496 clauses 13.25% accumulated 68.92%
c stable glue 9  used 40022 clauses 10.10% accumulated 79.02%
c stable glue 10 used 28697 clauses  7.24% accumulated 86.27%
c stable glue 11 used 19304 clauses  4.87% accumulated 91.14% tier2
c
c ---- [ resources ] ---------------------------------------------------------
c
c maximum-resident-set-size:     702009049088 bytes     669488 MB
c process-time:                          1m 8s              68.42 seconds
c
c ---- [ shutting down ] -----------------------------------------------------
c
c exit 20
