c ---- [ banner ] ------------------------------------------------------------
c
c Kissat SAT Solver
c 
c Copyright (c) 2021-2024 Armin Biere University of Freiburg
c Copyright (c) 2019-2021 Armin Biere Johannes Kepler University Linz
c 
c Version 4.0.4 8af8e56f174b778aef3aa45af9f739b2a5f492c2
c Apple clang version 17.0.0 (clang-1700.6.3.2) -W -Wall -O3 -DNDEBUG
c Mon Mar 30 18:25:47 CEST 2026 Darwin Mac 24.6.0 arm64
c
c ---- [ parsing ] -----------------------------------------------------------
c
c opened and reading DIMACS file:
c
c   tmp.cnf
c
c parsed 'p cnf 325 460460' header
c closing input after reading 11079841 bytes (11 MB)
c finished parsing after 0.04 seconds
c
c ---- [ solving ] -----------------------------------------------------------
c
c seconds switched rate     size/glue tier1 binary        remaining
c        MB reductions conflicts size  tier2   irredundant
c         level restarts redundant glue  trail        variables
c
c *  0.04 51 0 0 0  0 0   0   0 0.0 0 0 0 0 0%   0 460460 325 100%
c (  0.05 77 0 0 0  0 0   0   0 0.0 0 0 0 0 0%   0 460460 325 100%
c .  0.05 77 0 0 0  0 0   0   0 0.0 0 0 0 0 0%   0 460460 325 100%
c f  1.11 71 0 0 0  0 0   0   0 0.0 0 0 0 0 0%   5 441080 326 100%
c )  1.11 71 0 0 0  0 0   0   0 0.0 0 0 0 0 0%   5 441080 326 100%
c {  1.12 80 0 0 0  0 0   0   0 0.0 0 0 2 6 0%   5 441080 326 100%
c -  1.14 91 28 0 1 39 3 1000 614 1.7 15 9 7 12 37%   5 441080 326 100%
c }  1.14 91 28 1 1 39 3 1000 614 1.7 15 9 7 12 37%   5 441080 326 100%
c [  1.14 91 0 1 1 39 0 1000 614 0.0 0 0 2 6 0%   5 441080 326 100%
c B  1.14 91 30 1 1 39 9 1002 616 1.3 10 8 2 6 19%   5 441080 326 100%
c -  1.16 92 24 1 2 39 1 2001 1426 1.9 22 12 8 15 37%   5 441080 326 100%
c W  1.17 102 24 1 2 39 1 2010 1429 1.9 22 12 8 15 37%   5 441080 326 100%
c ]  1.18 103 27 2 2 40 2 2335 1740 1.9 21 11 8 15 38%   5 441080 326 100%
c {  1.18 103 28 2 2 40 3 2335 1740 1.7 15 9 7 12 37%   5 441080 326 100%
c u  1.21 104 26 2 2 43 3 2688 2064 1.8 15 9 7 12 35%   5 441080 326 100%
c v  1.22 104 26 2 2 43 3 2688 2063 1.8 15 9 7 12 35%   5 441080 326 100%
c w  1.22 104 26 2 2 43 3 2688 2063 1.8 15 9 7 12 35%   5 441080 326 100%
c }  1.27 107 23 3 2 81 3 3335 2548 1.6 14 9 7 12 31%   5 441080 326 100%
c [  1.27 107 27 3 2 81 2 3335 2548 1.9 21 11 8 15 38%   5 441080 326 100%
c -  1.27 107 26 3 3 81 2 3415 2386 1.9 21 11 8 14 37%   5 441080 326 100%
c
c seconds   switched rate       size/glue  tier1    binary        remaining
c         MB reductions conflicts     size   tier2     irredundant
c          level restarts  redundant     glue    trail        variables
c
c I  1.29 107 25 3 3 81 2 4272 3194 1.9 21 11 8 14 39%   5 441080 326 100%
c -  1.30 108 27 3 4 82 2 5147 3445 1.8 21 11 8 15 39%   5 441080 326 100%
c ]  1.32 108 25 4 4 83 2 6044 4252 1.8 20 11 8 15 38%   5 441080 326 100%
c {  1.32 108 23 4 4 83 3 6044 4252 1.6 14 9 7 12 31%   5 441080 326 100%
c -  1.35 109 22 4 5 110 3 7147 4458 1.9 15 8 6 10 32%   5 441080 326 100%
c u  1.41 108 20 4 5 164 3 8277 5307 1.9 14 8 6 10 32%   5 441080 326 100%
c v  1.42 108 20 4 5 164 3 8277 5303 1.9 14 8 6 10 32%   5 441080 326 100%
c w  1.43 108 20 4 5 164 3 8277 5303 1.9 14 8 6 10 32%   5 441080 326 100%
c }  1.48 112 20 5 5 164 3 8396 5381 1.9 14 8 6 10 31%   5 441080 326 100%
c [  1.48 112 25 5 5 164 2 8396 5381 1.8 20 11 8 15 38%   5 441080 326 100%
c B  1.48 112 25 5 5 164 2 8396 5381 1.8 20 11 8 15 38%   5 441080 326 100%
c -  1.50 112 26 5 6 164 2 9383 5112 1.8 20 12 8 15 36%   5 441080 326 100%
c -  1.53 113 27 5 7 166 2 11832 5678 1.6 21 14 8 18 33%   5 441080 326 100%
c ]  1.55 113 27 6 7 167 2 13024 6649 1.5 22 14 8 18 32%   5 441080 326 100%
c {  1.55 113 20 6 7 167 3 13024 6649 1.9 14 8 6 10 31%   5 441080 326 100%
c o  1.55 113 20 6 7 171 3 13043 6668 1.9 14 8 6 10 31%   5 441080 326 100%
c e  1.59 117 20 6 7 174 3 13434 7041 1.9 14 7 6 10 32%   5 366859 316 97%
c ^  1.61 119 20 6 7 174 3 13434 7041 1.9 14 7 6 10 32%   5 366859 316 97%
c -  1.65 118 21 6 8 187 3 14477 6421 2.1 16 7 5 9 35%   5 366859 316 97%
c u  1.73 121 22 6 8 219 2 16958 8734 2.4 17 7 5 9 38%   5 366859 316 97%
c
c seconds   switched  rate        size/glue tier1   binary        remaining
c         MB reductions conflicts       size  tier2    irredundant
c          level restarts    redundant    glue   trail        variables
c
c v  1.74 121 22 6 8 219 2 16958 8724 2.4 17 7 5 9 38%   5 366859 316 97%
c w  1.74 121 22 6 8 219 2 16958 8724 2.4 17 7 5 9 38%   5 366859 316 97%
c }  1.78 122 22 7 8 221 2 17093 8853 2.4 17 7 5 9 38%   5 366859 316 97%
c [  1.78 122 27 7 8 221 2 17093 8853 1.5 22 14 8 18 32%   5 366859 316 97%
c W  1.79 113 27 7 8 221 2 17093 8853 1.5 22 14 8 18 32%   5 366859 316 97%
c -  1.80 116 28 7 9 221 2 17306 7841 1.5 22 14 9 18 33%   5 366859 316 97%
c -  1.84 118 28 7 10 223 2 20306 8743 1.5 22 14 8 19 34%   5 366859 316 97%
c -  1.88 118 27 7 11 225 2 23470 9364 1.5 21 14 8 19 32%   5 366859 316 97%
c O  1.89 118 27 7 11 226 2 24622 10381 1.5 21 14 8 19 32%   5 366859 316 97%
c o  1.89 118 27 7 11 226 2 24622 10381 1.5 21 14 8 19 32%   5 366859 316 97%
c ]  1.91 120 27 8 11 226 2 25089 10741 1.5 21 14 8 19 32%   5 366859 316 97%
c {  1.91 120 22 8 11 226 2 25089 10741 2.4 17 7 5 9 38%   5 366859 316 97%
c s  1.96 123 21 8 11 324 3 26651 11829 2.2 16 7 5 9 36%   5 366858 316 97%
c ^  1.99 125 21 8 11 324 3 26651 11829 2.2 16 7 5 9 36%   5 366858 316 97%
c -  2.00 125 21 8 12 337 3 26786 10229 2.2 16 7 5 9 36%   5 366858 316 97%
c u  2.06 126 20 8 12 431 3 28723 11610 2.2 15 7 5 9 34%   5 366858 316 97%
c v  2.07 126 20 8 12 431 3 28723 11599 2.2 15 7 5 9 34%   5 366858 316 97%
c w  2.08 126 20 8 12 431 3 28723 11568 2.2 15 7 5 9 34%   5 366858 316 97%
c -  2.15 123 20 8 13 537 3 30251 10987 2.2 15 7 5 8 34%   5 366858 316 97%
c }  2.17 124 20 9 13 625 3 31248 11932 2.2 15 7 5 8 34%   5 366858 316 97%
c
c seconds   switched   rate         size/glue  tier1    binary        remaining
c         MB  reductions conflicts        size   tier2     irredundant
c          level  restarts     redundant     glue    trail        variables
c
c [  2.17 124 27 9 13 625 2 31248 11932 1.5 21 14 8 19 32%   5 366858 316 97%
c -  2.23 126 27 9 14 627 2 33858 12220 1.5 21 14 8 18 33%   5 366858 316 97%
c B  2.24 126 26 9 14 627 2 34385 12662 1.5 21 14 8 18 33%   5 366858 316 97%
c -  2.28 126 26 9 15 629 2 37603 13380 1.5 20 14 8 18 32%   5 366858 316 97%
c ]  2.33 126 25 10 15 631 2 41401 16660 1.5 20 13 8 18 32%   5 366858 316 97%
c {  2.33 126 20 10 15 631 3 41401 16660 2.2 15 7 5 8 34%   5 366858 316 97%
c -  2.34 126 20 10 16 651 3 41476 14287 2.2 15 7 5 8 34%   5 366858 316 97%
c u  2.43 124 19 10 16 891 3 43871 15832 2.1 14 7 5 8 32%   5 366858 316 97%
c v  2.45 128 19 10 16 891 3 43871 15800 2.1 14 7 5 8 32%   5 366858 316 97%
c w  2.46 128 19 10 16 891 3 43871 15799 2.1 14 7 5 8 32%   5 366858 316 97%
c o  2.57 131 19 10 16 940 3 44624 16253 2.0 14 7 5 8 32%   5 366858 316 97%
c -  2.59 133 19 10 17 999 3 45476 14296 2.0 14 7 5 8 31%   5 366858 316 97%
c -  2.70 135 18 10 18 1071 3 49600 14932 2.0 14 7 5 8 31%   5 366858 316 97%
c }  2.71 135 18 11 18 1134 3 50028 15311 2.0 14 7 5 8 31%   6 366858 316 97%
c [  2.71 135 25 11 18 1134 2 50028 15311 1.5 20 13 8 18 32%   6 366858 316 97%
c W  2.73 134 25 11 18 1134 2 50028 15311 1.5 20 13 8 18 32%   6 366858 316 97%
c -  2.79 140 26 11 19 1136 2 53842 15805 1.5 21 14 8 18 33%   6 366858 316 97%
c s  2.85 140 26 11 19 1137 2 55306 17061 1.5 21 14 8 18 33%   6 366855 316 97%
c ^  2.89 141 26 11 19 1137 2 55306 17061 1.5 21 14 8 18 33%   6 366855 316 97%
c -  2.94 142 26 11 20 1139 2 58201 16494 1.5 21 14 9 19 32%   6 366855 316 97%
c
c seconds    switched    rate         size/glue  tier1    binary        remaining
c         MB   reductions  conflicts        size   tier2     irredundant
c          level    restarts     redundant     glue    trail        variables
c
c u  3.02 143 26 11 20 1140 2 62510 19776 1.4 21 15 9 19 31%   6 366855 316 97%
c v  3.04 143 26 11 20 1140 2 62510 19739 1.4 21 15 9 19 31%   6 366855 316 97%
c w  3.05 144 26 11 20 1140 2 62510 19727 1.4 21 15 9 19 31%   6 366855 316 97%
c -  3.09 144 26 11 21 1140 2 62674 17130 1.4 21 15 9 19 31%   6 366855 316 97%
c I  3.12 144 26 11 21 1142 2 64933 18621 1.4 21 15 9 19 31%   6 366855 316 97%
c ]  3.13 144 26 12 21 1143 2 65265 18920 1.4 21 15 9 19 31%   6 366855 316 97%
c {  3.13 144 18 12 21 1143 3 65265 18920 2.0 14 7 5 8 31%   6 366855 316 97%
c -  3.18 145 18 12 22 1237 3 67256 18424 2.1 14 7 5 8 32%   6 366855 316 97%
c -  3.30 144 18 12 23 1532 3 71946 19867 2.1 14 7 5 8 31%   6 366855 316 97%
c o  3.43 142 18 12 23 1702 3 75649 23176 2.1 14 7 5 8 31%   6 366855 316 97%
c -  3.46 144 17 12 24 1749 3 76742 21098 2.1 14 7 5 8 31%   6 366855 316 97%
c }  3.46 144 17 13 24 1749 3 76745 21101 2.1 14 7 5 8 31%   6 366855 316 97%
c [  3.46 144 26 13 24 1749 2 76745 21101 1.4 21 15 9 19 31%   6 366855 316 97%
c -  3.55 145 26 13 25 1752 2 81640 22960 1.5 21 14 9 18 32%   6 366855 316 97%
c B  3.57 145 25 13 25 1753 2 82736 23916 1.5 21 14 9 18 32%   6 366855 316 97%
c u  3.63 146 25 13 25 1754 2 84776 25502 1.5 21 14 9 18 32%   6 366855 316 97%
c v  3.65 146 25 13 25 1754 2 84776 25368 1.5 21 14 9 18 32%   6 366855 316 97%
c w  3.66 146 25 13 25 1754 2 84776 25363 1.5 21 14 9 18 32%   6 366855 316 97%
c -  3.72 146 25 13 26 1755 2 86640 24479 1.5 20 14 8 18 31%   6 366855 316 97%
c -  3.78 147 24 13 27 1757 2 91741 25509 1.5 19 13 8 17 31%   7 366855 316 97%
c
c seconds    switched    rate         size/glue  tier1    binary        remaining
c         MB   reductions  conflicts        size   tier2     irredundant
c          level    restarts     redundant     glue    trail        variables
c
c -  3.87 143 23 13 28 1761 2 96937 26984 1.5 19 13 8 17 31%   7 366855 316 97%
c ]  3.88 144 23 14 28 1761 2 98124 28056 1.5 19 13 8 17 31%   7 366855 316 97%
c {  3.88 144 17 14 28 1761 3 98124 28056 2.1 14 7 5 8 31%   7 366855 316 97%
c s  4.02 153 17 14 28 2075 3 101459 30459 2.1 14 7 5 8 31%   7 366854 316 97%
c ^  4.08 155 17 14 28 2075 3 101459 30459 2.1 14 7 5 8 31%   7 366854 316 97%
c -  4.10 153 17 14 29 2156 3 102229 27914 2.1 14 7 5 8 31%   7 366854 316 97%
c -  4.22 162 17 14 30 2471 3 107614 28778 2.1 14 7 5 8 31%   7 366854 316 97%
c u  4.32 164 17 14 30 2621 3 110791 30954 2.1 14 7 5 8 30%   8 366854 316 97%
c v  4.34 165 17 14 30 2621 3 110791 30548 2.1 14 7 5 8 30%   8 366854 316 97%
c w  4.35 165 17 14 30 2621 3 110791 30514 2.1 14 7 5 8 30%   8 366854 316 97%
c }  4.46 164 17 15 30 2739 3 112841 32179 2.1 14 7 5 8 30%   8 366854 316 97%
c [  4.46 164 23 15 30 2739 2 112841 32179 1.5 19 13 8 17 31%   8 366854 316 97%
c W  4.47 168 23 15 30 2739 2 112841 32179 1.5 19 13 8 17 31%   8 366854 316 97%
c -  4.48 173 23 15 31 2739 2 113093 29618 1.5 19 13 8 17 31%   8 366854 316 97%
c -  4.57 175 23 15 32 2743 2 118661 31394 1.5 19 13 8 17 31%   8 366854 316 97%
c -  4.65 176 22 15 33 2745 2 124321 32666 1.5 19 13 7 16 30%   8 366854 316 97%
c -  4.74 177 21 15 34 2749 2 130065 34294 1.5 18 12 7 16 30%   8 366854 316 97%
c -  4.82 177 21 15 35 2752 2 135896 34766 1.5 18 12 7 15 30%   9 366854 316 97%
c O  4.84 177 21 15 35 2752 2 137066 35781 1.5 18 12 7 15 30%   9 366854 316 97%
c o  4.84 177 21 15 35 2752 2 137066 35781 1.5 18 12 7 15 30%   9 366854 316 97%
c
c seconds    switched    rate          size/glue  tier1    binary        remaining
c         MB   reductions  conflicts         size   tier2     irredundant
c          level    restarts      redundant     glue    trail        variables
c
c ]  4.87 178 21 16 35 2753 2 139229 37367 1.5 18 12 7 15 30%   9 366854 316 97%
c {  4.87 178 17 16 35 2753 3 139229 37367 2.1 14 7 5 8 30%   9 366854 316 97%
c u  4.95 181 17 16 35 2808 3 140636 38050 2.1 14 7 5 8 30%   9 366854 316 97%
c v  4.97 183 17 16 35 2808 3 140636 37649 2.1 14 7 5 8 30%  10 366854 316 97%
c w  4.99 183 17 16 35 2808 3 140636 37485 2.1 14 7 5 8 30%  10 366854 316 97%
c t  5.03 185 17 16 35 2808 3 140636 37485 2.1 14 7 5 8 30%   9 366854 316 97%
c -  5.10 186 17 16 36 2880 3 141812 34882 2.1 14 7 5 8 30%   9 366854 316 97%
c -  5.26 188 17 16 37 3270 3 147813 35991 2.2 14 7 5 8 31%   9 366854 316 97%
c -  5.43 190 17 16 38 3529 3 153895 31333 2.3 15 7 4 8 31%   9 366854 316 97%
c }  5.56 195 17 17 38 3806 3 157568 34693 2.3 15 7 4 8 31%   9 366854 316 97%
c [  5.56 195 21 17 38 3806 2 157568 34693 1.5 18 12 7 15 30%   9 366854 316 97%
c -  5.61 195 21 17 39 3808 2 160061 30819 1.5 18 12 7 15 30%   9 366854 316 97%
c B  5.69 195 21 17 39 3811 2 164806 34424 1.5 18 12 7 15 30%   9 366854 316 97%
c -  5.72 195 20 17 40 3811 2 166305 31096 1.5 18 12 7 15 30%   9 366854 316 97%
c s  5.81 195 20 17 40 3812 2 167041 31670 1.5 18 12 7 15 30%   9 365926 316 97%
c s  5.89 196 20 17 40 3812 2 167041 31670 1.5 18 12 7 15 30%   9 365923 316 97%
c ^  5.89 196 20 17 40 3812 2 167041 31670 1.5 18 12 7 15 30%   9 365923 316 97%
c -  6.00 190 20 17 41 3814 2 172630 31749 1.5 17 12 7 15 30%   9 365923 316 97%
c u  6.06 192 20 17 41 3815 2 174421 33137 1.5 17 12 7 15 30%   9 365923 316 97%
c v  6.08 192 20 17 41 3815 2 174421 32595 1.5 17 12 7 15 30%   9 365923 316 97%
c
c seconds    switched    rate          size/glue  tier1    binary        remaining
c         MB   reductions  conflicts         size   tier2     irredundant
c          level    restarts      redundant     glue    trail        variables
c
c w  6.10 193 20 17 41 3815 2 174421 32424 1.5 17 12 7 15 30%   9 365923 316 97%
c x  6.12 193 20 17 41 3815 2 174421 32424 1.5 17 12 7 15 30%   9 365874 316 97%
c -  6.25 194 20 17 42 3818 2 179036 32133 1.5 17 12 7 15 29%   9 365874 316 97%
c -  6.35 195 20 17 43 3820 2 185516 32623 1.5 17 12 7 14 29%   9 365874 316 97%
c ]  6.40 195 20 18 43 3820 2 188517 34979 1.5 17 12 7 14 29%   9 365874 316 97%
c {  6.40 195 17 18 43 3820 3 188517 34979 2.3 15 7 4 8 31%   9 365874 316 97%
c o  6.40 195 17 18 43 3827 3 188549 35006 2.3 15 7 4 8 31%   9 365874 316 97%
c -  6.48 193 17 18 44 4139 3 192073 32081 2.2 14 7 4 8 30%   9 365874 316 97%
c -  6.64 199 16 18 45 4971 3 198706 30503 2.1 14 7 4 8 29%   9 365874 316 97%
c -  6.80 199 16 18 46 5439 3 205416 30195 2.0 13 7 5 8 28%  12 365873 316 97%
c }  6.93 196 15 19 46 5843 3 210862 33403 1.9 13 7 5 8 27%  12 365873 316 97%
c [  6.93 196 20 19 46 5843 2 210862 33403 1.5 17 12 7 14 29%  12 365873 316 97%
c W  6.95 195 20 19 46 5843 2 210862 33403 1.5 17 12 7 14 29%  12 365873 316 97%
c -  6.97 200 20 19 47 5844 2 212199 31446 1.5 17 12 7 14 29%  12 365873 316 97%
c u  7.02 202 20 19 47 5844 2 212240 30202 1.5 17 12 7 14 29%  12 365873 316 97%
c v  7.05 202 20 19 47 5844 2 212240 29518 1.5 17 12 7 14 29%  12 365873 316 97%
c w  7.06 202 20 19 47 5844 2 212240 29404 1.5 17 12 7 14 29%  12 365873 316 97%
c -  7.23 204 20 19 48 5848 2 219055 31530 1.5 17 12 7 14 30%  12 365873 316 97%
c i  7.24 204 20 19 48 5849 2 219921 32177 1.5 17 12 7 14 30%  22 365873 315 97%
c i  7.26 204 20 19 48 5849 2 220980 33085 1.5 17 12 7 14 30%  25 365873 312 96%
c
c seconds    switched    rate          size/glue  tier1    binary        remaining
c         MB   reductions  conflicts         size   tier2     irredundant
c          level    restarts      redundant     glue    trail        variables
c
c i  7.27 204 20 19 48 5849 2 221534 33507 1.5 17 12 7 14 30%  28 365873 311 96%
c i  7.27 204 20 19 48 5849 2 221646 33572 1.5 17 12 7 14 30%  35 365872 261 80%
c i  7.27 204 20 19 48 5849 2 221651 33572 1.5 17 12 7 14 30%  37 365870 240 74%
c i  7.27 204 20 19 48 5849 2 221655 33573 1.5 17 12 7 14 30%  39 365870 239 74%
c i  7.27 204 20 19 48 5849 2 221657 33574 1.5 17 12 7 14 30%  39 365870 237 73%
c i  7.27 204 20 19 48 5849 2 221658 33574 1.5 17 12 7 14 30%  39 365870 236 73%
c ]  7.27 204 20 19 48 5849 2 221660 33574 1.5 17 12 7 14 30%  39 365870 212 65%
c 0  7.27 204 15 19 48 5849 3 221660 33574 1.9 13 7 5 8 27%  39 365870 212 65%
c
c ---- [ result ] ------------------------------------------------------------
c
s UNSATISFIABLE
c
c ---- [ profiling ] ---------------------------------------------------------
c
c           4.50   61.91 %  search
c           2.39   32.93 %  focused
c           2.20   30.33 %  probe
c           2.11   28.98 %  stable
c           1.65   22.74 %  simplify
c           1.30   17.90 %  factor
c           1.06   14.60 %  preprocess
c           0.55    7.50 %  vivify
c           0.45    6.15 %  eliminate
c           0.37    5.08 %  subsume
c           0.15    2.00 %  sweep
c           0.14    1.95 %  substitute
c           0.09    1.30 %  reduce
c           0.06    0.88 %  congruence
c           0.06    0.86 %  walking
c           0.04    0.56 %  parse
c           0.01    0.18 %  lucky
c           0.01    0.08 %  transitive
c           0.00    0.01 %  backbone
c =============================================
c           7.27  100.00 %  total
c
c ---- [ statistics ] --------------------------------------------------------
c
c conflicts:                           221660            30492.72 per second
c decisions:                           464798                2.10 per conflict
c eliminated:                              10                3 %  variables
c factored:                                 1                0 %  variables
c iterations:                               9                3 %  variables
c propagations:                       5326153           732694    per second
c reductions:                              48             4618    interval
c reordered:                                6            36943    interval
c rephased:                                14            15833    interval
c restarts:                              5849               38    interval
c subsumed:                               936                0 %  checks
c switched:                                19            11666    interval
c vivified:                              7943               78 %  checks
c walks:                                    5            44332    interval
c
c ---- [ glue usage ] --------------------------------------------------------
c
c focused glue 5 used 25239 clauses 14.86% accumulated 62.84% tier1
c focused glue 6 used 22256 clauses 13.10% accumulated 75.95%
c focused glue 7 used 18412 clauses 10.84% accumulated 86.78%
c focused glue 8 used 13146 clauses  7.74% accumulated 94.52% tier2
c
c stable glue 7    used  57288 clauses 10.73% accumulated 58.11% tier1
c stable glue 8    used  43218 clauses  8.09% accumulated 66.21%
c stable glue 9-12 used 105132 clauses 19.69% accumulated 85.89%
c stable glue 13   used  15402 clauses  2.88% accumulated 88.78%
c stable glue 14   used  12626 clauses  2.36% accumulated 91.14% tier2
c
c ---- [ resources ] ---------------------------------------------------------
c
c maximum-resident-set-size:     219160772608 bytes     209008 MB
c process-time:                             7s               7.27 seconds
c
c ---- [ shutting down ] -----------------------------------------------------
c
c exit 20
