c ---- [ banner ] ------------------------------------------------------------
c
c Kissat SAT Solver
c 
c Copyright (c) 2021-2024 Armin Biere University of Freiburg
c Copyright (c) 2019-2021 Armin Biere Johannes Kepler University Linz
c 
c Version 4.0.4 8af8e56f174b778aef3aa45af9f739b2a5f492c2
c Apple clang version 17.0.0 (clang-1700.6.3.2) -W -Wall -O3 -DNDEBUG
c Mon Mar 30 18:25:47 CEST 2026 Darwin Mac 24.6.0 arm64
c
c ---- [ parsing ] -----------------------------------------------------------
c
c opened and reading DIMACS file:
c
c   tmp.cnf
c
c parsed 'p cnf 136 25636' header
c closing input after reading 843593 bytes (824 KB)
c finished parsing after 0.00 seconds
c
c ---- [ solving ] -----------------------------------------------------------
c
c seconds switched rate     size/glue tier1 binary       remaining
c        MB reductions conflicts size  tier2   irredundant
c         level restarts redundant glue  trail       variables
c
c *  0.00  7 0 0 0  0 0   0   0 0.0 0 0 0 0 0%   0 25636 130 100%
c (  0.00  7 0 0 0  0 0   0   0 0.0 0 0 0 0 0%   0 25636 130 100%
c .  0.00  7 0 0 0  0 0   0   0 0.0 0 0 0 0 0%   0 25636 130 100%
c f  0.02  8 0 0 0  0 0   0   0 0.0 0 0 0 0 0% 162 20045 211 162%
c )  0.02  8 0 0 0  0 0   0   0 0.0 0 0 0 0 0% 162 20045 211 162%
c {  0.03  8 0 0 0  0 0   0   0 0.0 0 0 2 6 0% 162 20045 211 162%
c -  0.03  8 22 0 1 60 3 1001 626 1.8 17 9 7 11 59% 162 20045 211 162%
c }  0.03  8 22 1 1 60 3 1001 626 1.8 17 9 7 11 59% 162 20045 211 162%
c [  0.03  8 0 1 1 60 0 1001 626 0.0 0 0 2 6 0% 162 20045 211 162%
c B  0.03  8 0 1 1 60 0 1001 626 0.0 0 0 2 6 0% 162 20045 211 162%
c -  0.04  8 65 1 2 60 1 2001 1356 1.6 19 12 7 14 81% 162 20045 211 162%
c W  0.04  8 65 1 2 60 1 2003 1358 1.6 19 12 7 14 81% 162 20045 211 162%
c ]  0.05  8 47 2 2 61 1 2695 1951 1.5 19 12 7 14 71% 162 20045 211 162%
c {  0.05  8 22 2 2 61 3 2695 1951 1.8 17 9 7 11 59% 162 20045 211 162%
c u  0.05  8 22 2 2 61 3 2717 1950 1.8 17 9 7 11 59% 162 20045 211 162%
c v  0.05  8 22 2 2 61 3 2717 1941 1.8 17 9 7 11 59% 162 20045 211 162%
c w  0.05  8 22 2 2 61 3 2717 1938 1.8 17 9 7 11 59% 162 20045 211 162%
c -  0.06  8 20 2 3 141 3 3415 2194 1.6 16 9 7 12 50% 162 20045 211 162%
c }  0.06  8 19 3 3 173 3 3695 2421 1.6 15 10 7 12 47% 162 20045 211 162%
c [  0.06  8 47 3 3 173 1 3695 2421 1.5 19 12 7 14 71% 162 20045 211 162%
c
c seconds  switched  rate       size/glue  tier1    binary       remaining
c        MB reductions conflicts      size   tier2     irredundant
c         level restarts   redundant     glue    trail       variables
c
c I  0.07  8 39 3 3 173 1 4262 2836 1.5 17 12 7 14 64% 162 20045 211 162%
c -  0.07  8 34 3 4 174 1 5148 3184 1.5 17 12 7 15 62% 162 20045 211 162%
c ]  0.07  8 33 4 4 174 1 5451 3460 1.5 17 12 8 15 60% 162 20045 211 162%
c {  0.07  8 19 4 4 174 3 5451 3460 1.6 15 10 7 12 47% 162 20045 211 162%
c -  0.09  8 19 4 5 271 3 7148 4379 1.6 15 9 7 11 49% 162 20045 211 162%
c }  0.09  8 18 5 5 271 2 7804 4930 1.6 15 9 7 11 48% 162 20045 211 162%
c [  0.09  8 33 5 5 271 1 7804 4930 1.5 17 12 8 15 60% 162 20045 211 162%
c B  0.10  8 32 5 5 271 1 8033 5144 1.5 17 11 8 15 59% 162 20045 211 162%
c u  0.10  8 32 5 5 271 1 8369 5435 1.5 17 12 8 15 60% 162 20045 211 162%
c v  0.10  8 32 5 5 271 1 8369 5430 1.5 17 12 8 15 60% 162 20045 211 162%
c w  0.11  8 32 5 5 271 1 8369 5429 1.5 17 12 8 15 60% 162 20045 211 162%
c -  0.13  9 31 5 6 272 1 9384 5238 1.4 18 13 8 16 60% 162 20045 211 162%
c ]  0.14  9 29 6 6 273 1 11324 6991 1.4 20 14 8 16 60% 162 20045 211 162%
c {  0.14  9 18 6 6 273 2 11324 6991 1.6 15 9 7 11 48% 162 20045 211 162%
c o  0.14  9 18 6 6 282 2 11366 7027 1.6 15 9 7 11 48% 162 20045 211 162%
c -  0.14  9 18 6 7 291 2 11833 5515 1.6 15 9 6 11 50% 162 20045 211 162%
c s  0.16  9 18 6 7 293 2 13585 7160 1.7 15 9 6 11 53% 162 20042 211 162%
c e  0.17  9 18 6 7 293 2 13585 7160 1.7 15 9 6 11 53%  97 15481 129 99%
c ^  0.17  9 18 6 7 293 2 13585 7160 1.7 15 9 6 11 53%  97 15481 129 99%
c -  0.18 10 18 6 8 296 2 14479 4706 1.7 15 9 6 10 56%  97 15481 129 99%
c
c seconds  switched  rate        size/glue tier1    binary       remaining
c        MB reductions conflicts       size  tier2     irredundant
c         level restarts    redundant    glue    trail       variables
c
c }  0.19 10 17 7 8 309 2 15395 5564 1.8 15 9 6 10 58%  97 15481 129 99%
c [  0.19 10 29 7 8 309 1 15395 5564 1.4 20 14 8 16 60%  97 15481 129 99%
c W  0.19 11 29 7 8 309 1 15395 5564 1.4 20 14 8 16 60%  97 15481 129 99%
c u  0.20 11 28 7 8 310 1 17146 7075 1.4 20 15 8 16 61%  97 15481 129 99%
c v  0.20 11 28 7 8 310 1 17146 7064 1.4 20 15 8 16 61%  97 15481 129 99%
c w  0.21 12 28 7 8 310 1 17146 7061 1.4 20 15 8 16 61%  97 15481 129 99%
c x  0.21 12 28 7 8 310 1 17146 7060 1.4 20 15 8 16 61%  97 15476 129 99%
c f  0.21 12 28 7 8 310 1 17146 7060 1.4 20 15 8 16 61%  99 15468 130 100%
c u  0.21 13 28 7 8 310 1 17146 7053 1.4 20 15 8 16 61%  99 15468 130 100%
c v  0.21 13 28 7 8 310 1 17146 7045 1.4 20 15 8 16 61%  99 15468 130 100%
c w  0.21 13 28 7 8 310 1 17146 7045 1.4 20 15 8 16 61%  99 15468 130 100%
c x  0.22 13 28 7 8 310 1 17146 7045 1.4 20 15 8 16 61%  99 15460 130 100%
c -  0.22 13 28 7 9 310 1 17309 6127 1.4 20 15 8 18 61%  99 15460 130 100%
c ]  0.23 13 27 8 9 311 1 18580 7223 1.4 19 14 8 18 61%  99 15460 130 100%
c {  0.23 13 17 8 9 311 2 18580 7223 1.8 15 9 6 10 58%  99 15460 130 100%
c -  0.26 13 17 8 10 577 2 20309 7839 1.7 15 9 6 10 57%  99 15460 130 100%
c o  0.27 13 17 8 10 625 2 21410 8851 1.7 15 9 6 10 59%  99 15460 130 100%
c -  0.29 14 17 8 11 714 2 23471 8946 1.7 14 9 5 10 59%  99 15460 130 100%
c }  0.30 14 17 9 11 753 2 24739 10010 1.7 14 8 5 10 59%  99 15460 130 100%
c [  0.30 14 27 9 11 753 1 24739 10010 1.4 19 14 8 18 61%  99 15460 130 100%
c
c seconds  switched   rate         size/glue  tier1    binary       remaining
c        MB  reductions conflicts        size   tier2     irredundant
c         level  restarts     redundant     glue    trail       variables
c
c O  0.30 14 27 9 11 753 1 24739 10010 1.4 19 14 8 18 61%  99 15460 130 100%
c -  0.33 14 26 9 12 754 1 26787 9470 1.4 19 14 8 17 61%  99 15460 130 100%
c s  0.34 14 26 9 12 755 1 27551 10079 1.4 19 14 8 17 61%  99 15449 130 100%
c ^  0.35 14 26 9 12 755 1 27551 10079 1.4 19 14 8 17 61%  99 15449 130 100%
c u  0.38 16 25 9 12 756 1 29581 11775 1.4 19 14 8 17 62%  99 15449 130 100%
c v  0.38 16 25 9 12 756 1 29581 11768 1.4 19 14 8 17 62%  99 15449 130 100%
c w  0.39 16 25 9 12 756 1 29581 11768 1.4 19 14 8 17 62%  99 15449 130 100%
c x  0.39 19 25 9 12 756 1 29581 11768 1.4 19 14 8 17 62%  99 15403 130 100%
c -  0.42 20 25 9 13 757 1 30253 9940 1.4 19 14 7 17 62%  99 15403 130 100%
c ]  0.43 20 25 10 13 758 1 31067 10620 1.3 19 14 7 17 62%  99 15403 130 100%
c {  0.43 20 17 10 13 758 2 31067 10620 1.7 14 8 5 10 59%  99 15403 130 100%
c -  0.46 20 16 10 14 973 2 33858 11005 1.7 14 8 5 9 60%  99 15403 130 100%
c -  0.51 21 16 10 15 1223 2 37599 11779 1.6 14 8 5 9 58%  99 15403 130 100%
c }  0.54 21 16 11 15 1406 2 39694 13625 1.6 14 8 5 9 59%  99 15403 130 100%
c [  0.54 21 25 11 15 1406 1 39694 13625 1.3 19 14 7 17 62%  99 15403 130 100%
c B  0.54 21 25 11 15 1406 1 39694 13625 1.3 19 14 7 17 62%  99 15403 130 100%
c -  0.55 22 25 11 16 1407 1 41472 12442 1.3 19 14 7 17 63%  99 15403 130 100%
c o  0.56 22 25 11 16 1408 1 41779 12717 1.3 19 14 7 17 63%  99 15403 130 100%
c -  0.59 22 25 11 17 1410 1 45472 12718 1.3 20 15 7 17 64%  99 15403 130 100%
c u  0.60 22 25 11 17 1410 1 45595 12816 1.3 20 15 7 17 65%  99 15403 130 100%
c
c seconds   switched    rate         size/glue  tier1    binary       remaining
c        MB   reductions  conflicts        size   tier2     irredundant
c         level    restarts     redundant     glue    trail       variables
c
c v  0.60 22 25 11 17 1410 1 45595 12803 1.3 20 15 7 17 65%  99 15403 130 100%
c w  0.60 22 25 11 17 1410 1 45595 12801 1.3 20 15 7 17 65%  99 15403 130 100%
c x  0.61 22 25 11 17 1410 1 45595 12800 1.3 20 15 7 17 65%  99 15357 130 100%
c -  0.65 23 25 11 18 1412 1 49595 12749 1.3 20 15 7 17 65%  99 15357 130 100%
c ]  0.67 23 24 12 18 1412 1 51613 14534 1.4 20 15 7 17 65%  99 15357 130 100%
c {  0.67 23 16 12 18 1412 2 51613 14534 1.6 14 8 5 9 59%  99 15357 130 100%
c -  0.71 23 16 12 19 1716 2 53839 13832 1.6 14 9 5 9 59%  99 15357 130 100%
c s  0.80 23 16 12 19 2287 2 57837 17398 1.6 14 9 5 9 59%  99 15231 130 100%
c e  0.80 23 16 12 19 2287 2 57837 17398 1.6 14 9 5 9 59%  97 15235 129 99%
c ^  0.82 23 16 12 19 2287 2 57837 17398 1.6 14 9 5 9 59%  97 15235 129 99%
c -  0.82 23 16 12 20 2292 2 58198 15164 1.6 14 9 5 9 59%  97 15235 129 99%
c -  0.91 23 17 12 21 2839 2 62670 16421 1.6 14 9 5 9 60%  97 15235 129 99%
c }  0.92 23 17 13 21 2870 2 63093 16804 1.6 14 9 5 9 60%  97 15235 129 99%
c [  0.92 23 24 13 21 2870 1 63093 16804 1.4 20 15 7 17 65%  97 15235 129 99%
c W  0.92 23 24 13 21 2870 1 63093 16804 1.4 20 15 7 17 65%  97 15235 129 99%
c u  0.95 25 24 13 21 2872 1 65307 18690 1.4 20 15 7 17 66%  97 15235 129 99%
c v  0.95 25 24 13 21 2872 1 65307 18272 1.4 20 15 7 17 66%  97 15235 129 99%
c w  0.96 26 24 13 21 2872 1 65307 18271 1.4 20 15 7 17 66%  97 15235 129 99%
c x  0.96 26 24 13 21 2872 1 65307 18264 1.4 20 15 7 17 66%  97 15036 129 99%
c -  0.99 29 24 13 22 2873 1 67254 16743 1.4 20 15 7 17 66%  97 15036 129 99%
c
c seconds   switched    rate         size/glue  tier1    binary       remaining
c        MB   reductions  conflicts        size   tier2     irredundant
c         level    restarts     redundant     glue    trail       variables
c
c -  1.05 29 23 13 23 2876 1 71946 16495 1.4 20 15 7 16 66%  97 15036 129 99%
c -  1.10 29 23 13 24 2878 1 76741 17092 1.4 20 15 7 16 66%  97 15036 129 99%
c I  1.12 29 23 13 24 2879 1 77997 18106 1.4 20 15 7 16 66%  97 15036 129 99%
c o  1.12 29 23 13 24 2879 1 77997 18106 1.4 20 15 7 16 66%  97 15036 129 99%
c -  1.15 29 22 13 25 2881 1 81641 18260 1.4 20 14 7 16 67%  97 15036 129 99%
c ]  1.17 29 21 14 25 2883 1 84614 20914 1.4 20 14 7 16 67%  97 15036 129 99%
c {  1.17 29 17 14 25 2883 2 84614 20914 1.6 14 9 5 9 60%  97 15036 129 99%
c -  1.23 29 17 14 26 3262 3 86641 19880 1.6 14 9 5 9 60%  97 15036 129 99%
c u  1.26 29 16 14 26 3332 3 88906 20850 1.5 14 9 5 9 60%  97 15036 129 99%
c v  1.27 29 16 14 26 3332 3 88906 20675 1.5 14 9 5 9 60%  97 15036 129 99%
c w  1.27 29 16 14 26 3332 3 88906 20674 1.5 14 9 5 9 60%  97 15036 129 99%
c x  1.28 30 16 14 26 3332 3 88906 20674 1.5 14 9 5 9 60%  97 14946 129 99%
c -  1.32 30 16 14 27 3561 2 91740 19866 1.5 14 9 5 9 60%  97 14946 129 99%
c -  1.42 32 16 14 28 3962 2 96937 20744 1.5 14 9 5 9 60%  97 14946 129 99%
c }  1.45 32 16 15 28 4038 2 99330 22631 1.5 14 9 5 9 60%  97 14946 129 99%
c [  1.45 32 21 15 28 4038 1 99330 22631 1.4 20 14 7 16 67%  97 14946 129 99%
c B  1.45 32 21 15 28 4038 1 99330 22631 1.4 20 14 7 16 67%  97 14946 129 99%
c -  1.48 32 21 15 29 4040 1 102228 21296 1.4 20 14 7 15 68%  97 14946 129 99%
c s  1.55 32 21 15 29 4043 1 106695 24916 1.4 19 14 7 15 68%  97 14734 129 99%
c e  1.55 32 21 15 29 4043 1 106695 24916 1.4 19 14 7 15 68%  89 14760 124 95%
c
c seconds   switched    rate          size/glue  tier1    binary       remaining
c        MB   reductions  conflicts         size   tier2     irredundant
c         level    restarts      redundant     glue    trail       variables
c
c s  1.58 32 21 15 29 4043 1 106695 24916 1.4 19 14 7 15 68%  89 14704 124 95%
c ^  1.58 32 21 15 29 4043 1 106695 24916 1.4 19 14 7 15 68%  89 14704 124 95%
c -  1.59 32 21 15 30 4044 1 107613 16494 1.4 19 14 7 15 68%  89 14704 124 95%
c -  1.65 32 21 15 31 4046 1 113091 17576 1.4 19 14 6 15 68%  89 14704 124 95%
c u  1.70 33 21 15 31 4048 1 116502 19846 1.4 19 14 6 15 68%  89 14704 124 95%
c v  1.71 33 21 15 31 4048 1 116502 19811 1.4 19 14 6 15 68%  89 14704 124 95%
c w  1.71 33 21 15 31 4048 1 116502 19808 1.4 19 14 6 15 68%  89 14704 124 95%
c x  1.72 33 21 15 31 4048 1 116502 19804 1.4 19 14 6 15 68%  89 14609 124 95%
c -  1.81 34 20 15 32 4050 1 118658 19429 1.4 19 14 6 15 68%  89 14609 124 95%
c W  1.82 34 20 15 32 4051 1 120241 20762 1.4 19 14 6 15 68%  89 14609 124 95%
c o  1.83 34 20 15 32 4051 1 120241 20762 1.4 19 14 6 15 68%  89 14609 124 95%
c ]  1.86 34 21 16 32 4051 1 123703 23833 1.4 19 14 6 15 67%  89 14609 124 95%
c {  1.86 34 16 16 32 4051 2 123703 23833 1.5 14 9 5 9 60%  89 14609 124 95%
c -  1.88 34 16 16 33 4136 2 124314 21184 1.5 14 9 5 9 60%  89 14609 124 95%
c -  2.00 34 16 16 34 4748 2 130058 22717 1.5 14 9 5 9 60%  89 14609 124 95%
c -  2.10 34 16 16 35 5171 2 135888 24510 1.6 14 9 5 9 60%  89 14609 124 95%
c -  2.22 34 16 16 36 5774 2 141804 25713 1.5 14 9 5 9 60%  89 14609 124 95%
c }  2.22 34 16 17 36 5812 2 142041 25911 1.5 14 9 5 9 60%  89 14609 124 95%
c [  2.22 34 21 17 36 5812 1 142041 25911 1.4 19 14 6 15 67%  89 14609 124 95%
c O  2.25 34 20 17 36 5814 1 144471 27912 1.4 19 14 6 15 67%  89 14609 124 95%
c
c seconds   switched    rate          size/glue  tier1    binary       remaining
c        MB   reductions  conflicts         size   tier2     irredundant
c         level    restarts      redundant     glue    trail       variables
c
c -  2.30 34 21 17 37 5816 1 147804 26511 1.4 19 14 6 15 67%  89 14609 124 95%
c u  2.32 34 21 17 37 5817 1 148250 26787 1.4 19 14 6 15 67%  89 14609 124 95%
c v  2.33 34 21 17 37 5817 1 148250 26759 1.4 19 14 6 15 67%  89 14609 124 95%
c w  2.34 34 21 17 37 5817 1 148250 26745 1.4 19 14 6 15 67%  89 14609 124 95%
c x  2.34 34 21 17 37 5817 1 148250 26745 1.4 19 14 6 15 67%  89 14386 124 95%
c -  2.42 35 21 17 38 5818 1 153887 25567 1.4 19 14 6 15 67%  89 14386 124 95%
c -  2.49 35 21 17 39 5823 1 160054 24920 1.4 19 14 6 15 67%  89 14386 124 95%
c -  2.58 35 21 17 40 5825 1 166298 25658 1.4 19 14 6 15 67%  89 14386 124 95%
c ]  2.64 35 21 18 40 5826 1 171160 29934 1.4 19 14 6 15 67%  89 14386 124 95%
c {  2.64 35 16 18 40 5826 2 171160 29934 1.5 14 9 5 9 60%  89 14386 124 95%
c o  2.64 35 16 18 40 5832 2 171184 29955 1.5 14 9 5 9 60%  89 14386 124 95%
c -  2.67 35 16 18 41 5927 2 172623 26612 1.5 14 9 5 9 59%  89 14386 124 95%
c s  2.79 35 16 18 41 6276 2 176404 29454 1.5 14 9 5 9 59%  89 14232 124 95%
c e  2.79 35 16 18 41 6276 2 176404 29454 1.5 14 9 5 9 59%  72 14340 110 85%
c s  2.83 35 16 18 41 6276 2 176404 29454 1.5 14 9 5 9 59%  72 14337 110 85%
c ^  2.83 35 16 18 41 6276 2 176404 29454 1.5 14 9 5 9 59%  72 14337 110 85%
c -  2.87 36 15 18 42 6413 2 179029 18025 1.5 14 9 5 9 58%  72 14337 110 85%
c u  2.97 36 15 18 42 6964 2 184250 21760 1.5 14 9 5 9 58%  72 14337 110 85%
c v  2.98 36 15 18 42 6964 2 184250 20855 1.5 14 9 5 9 58%  72 14337 110 85%
c w  2.99 36 15 18 42 6964 2 184250 20816 1.5 14 9 5 9 58%  72 14337 110 85%
c
c seconds   switched    rate          size/glue tier1   binary       remaining
c        MB   reductions  conflicts         size  tier2    irredundant
c         level    restarts      redundant    glue   trail       variables
c
c x  3.00 36 15 18 42 6964 2 184250 20809 1.5 14 9 5 9 58%  72 13532 110 85%
c -  3.01 36 15 18 43 7031 2 185510 19454 1.5 13 9 5 9 58%  72 13532 110 85%
c -  3.15 36 15 18 44 7856 2 192069 21660 1.5 13 9 5 9 57%  72 13532 110 85%
c }  3.17 36 15 19 44 7886 2 193506 22720 1.5 13 9 5 9 57%  72 13532 110 85%
c [  3.17 36 21 19 44 7886 1 193506 22720 1.4 19 14 6 15 67%  72 13532 110 85%
c B  3.17 36 21 19 44 7886 1 193506 22720 1.4 19 14 6 15 67%  72 13532 110 85%
c -  3.22 36 21 19 45 7890 1 198702 22674 1.4 20 14 6 15 67%  72 13532 110 85%
c -  3.30 36 21 19 46 7892 1 205410 22183 1.4 20 14 6 15 68%  72 13532 110 85%
c -  3.39 36 21 19 47 7898 1 212193 22661 1.4 20 14 6 15 68%  72 13532 110 85%
c -  3.49 36 21 19 48 7900 1 219051 23653 1.4 20 14 6 15 68%  72 13532 110 85%
c u  3.57 36 20 19 48 7900 1 224855 28668 1.4 20 14 6 15 69%  72 13532 110 85%
c v  3.58 36 20 19 48 7900 1 224855 28647 1.4 20 14 6 15 69%  72 13532 110 85%
c w  3.59 36 20 19 48 7900 1 224855 28642 1.4 20 14 6 15 69%  72 13532 110 85%
c x  3.60 36 20 19 48 7900 1 224855 28620 1.4 20 14 6 15 69%  72 13119 110 85%
c W  3.61 38 20 19 48 7900 1 224956 28702 1.4 20 14 6 15 69%  72 13119 110 85%
c -  3.62 38 20 19 49 7900 1 225980 25234 1.4 20 14 6 15 69%  72 13119 110 85%
c -  3.70 39 20 19 50 7906 1 232984 26047 1.4 19 14 6 15 69%  72 13119 110 85%
c ]  3.71 39 20 20 50 7906 1 233803 26669 1.4 19 14 6 15 69%  72 13119 110 85%
c {  3.71 39 15 20 50 7906 2 233803 26669 1.5 13 9 5 9 57%  72 13119 110 85%
c o  3.71 39 15 20 50 7918 2 233855 26715 1.5 13 9 5 9 57%  72 13119 110 85%
c
c seconds   switched    rate          size/glue tier1   binary       remaining
c        MB   reductions  conflicts         size  tier2    irredundant
c         level    restarts      redundant    glue   trail       variables
c
c -  3.86 41 15 20 51 8725 2 240055 27418 1.5 14 9 5 9 58%  72 13119 110 85%
c -  3.99 41 15 20 52 9163 2 247196 29164 1.5 14 9 5 9 59%  72 13119 110 85%
c -  4.13 42 15 20 53 9486 2 254407 30716 1.5 14 9 5 9 60%  72 13119 110 85%
c }  4.24 42 15 21 53 9684 2 260542 35798 1.5 14 9 5 9 61%  72 13119 110 85%
c [  4.24 42 20 21 53 9684 1 260542 35798 1.4 19 14 6 15 69%  72 13119 110 85%
c I  4.24 42 20 21 53 9684 1 260542 35798 1.4 19 14 6 15 69%  72 13119 110 85%
c -  4.26 42 20 21 54 9685 1 261687 31822 1.4 19 14 6 15 69%  72 13119 110 85%
c s  4.36 42 20 21 54 9690 1 268957 38228 1.4 19 14 6 15 69%  72 11701 110 85%
c e  4.37 42 20 21 54 9690 1 268957 38228 1.4 19 14 6 15 69%  56 11827 101 78%
c !  4.37 42 20 21 54 9690 1 268957 38228 1.4 19 14 6 15 69%  56 11827 101 78%
c -  4.38 43 20 21 55 9690 1 269035 16901 1.4 19 14 6 15 69%  56 11827 101 78%
c u  4.40 43 20 21 55 9690 1 270025 17571 1.4 19 14 6 15 69%  56 11827 101 78%
c v  4.41 43 20 21 55 9690 1 270025 17039 1.4 19 14 6 15 69%  56 11827 101 78%
c w  4.42 43 20 21 55 9690 1 270025 17005 1.4 19 14 6 15 69%  56 11827 101 78%
c x  4.43 43 20 21 55 9690 1 270025 16999 1.4 19 14 6 15 69%  56 11729 101 78%
c -  4.49 44 20 21 56 9693 1 276452 20259 1.4 19 14 6 15 69%  56 11729 101 78%
c -  4.57 44 20 21 57 9697 1 283936 23794 1.4 19 13 6 15 70%  56 11729 101 78%
c -  4.65 44 20 21 58 9698 1 291485 25510 1.4 19 13 6 15 70%  56 11729 101 78%
c -  4.74 44 20 21 59 9703 1 299101 25973 1.4 19 13 6 15 70%  56 11729 101 78%
c B  4.75 44 20 21 59 9704 1 299982 26685 1.4 19 13 6 15 70%  56 11729 101 78%
c
c seconds   switched    rate          size/glue  tier1    binary       remaining
c        MB   reductions  conflicts         size   tier2     irredundant
c         level    restarts      redundant     glue    trail       variables
c
c -  4.80 44 20 21 60 9706 1 306785 27138 1.4 19 13 6 15 70%  56 11729 101 78%
c ]  4.88 44 19 22 60 9711 1 314367 33723 1.4 19 13 6 15 70%  56 11729 101 78%
c {  4.88 44 15 22 60 9711 2 314367 33723 1.5 14 9 5 9 61%  56 11729 101 78%
c -  4.88 44 15 22 61 9711 2 314530 28323 1.5 14 9 5 9 61%  56 11729 101 78%
c o  4.94 44 15 22 61 9750 2 318283 31658 1.6 14 9 5 9 61%  56 11729 101 78%
c u  4.98 49 15 22 61 9758 2 320417 33579 1.6 14 9 5 9 62%  56 11729 101 78%
c v  4.99 50 15 22 61 9758 2 320417 33552 1.6 14 9 5 9 62%  56 11729 101 78%
c w  4.99 50 15 22 61 9758 2 320417 33540 1.6 14 9 5 9 62%  56 11729 101 78%
c x  5.00 51 15 22 61 9758 2 320417 33539 1.6 14 9 5 9 62%  56 11715 101 78%
c -  5.03 52 15 22 62 9771 2 322340 30982 1.6 14 9 5 9 62%  56 11715 101 78%
c -  5.13 52 15 22 63 9825 2 330214 30052 1.6 14 9 4 9 63%  56 11715 101 78%
c -  5.24 52 14 22 64 9849 2 338154 29692 1.6 14 9 4 9 63%  56 11715 101 78%
c }  5.33 52 14 23 64 9856 2 345884 36471 1.7 14 9 4 9 63%  56 11715 101 78%
c [  5.33 52 19 23 64 9856 1 345884 36471 1.4 19 13 6 15 70%  56 11715 101 78%
c W  5.33 52 19 23 64 9856 1 345884 36471 1.4 19 13 6 15 70%  56 11715 101 78%
c -  5.34 52 19 23 65 9856 1 346157 30546 1.4 19 13 6 14 70%  56 11715 101 78%
c -  5.42 52 19 23 66 9862 1 354222 30865 1.5 19 13 6 14 70%  56 11715 101 78%
c -  5.50 52 18 23 67 9865 1 362346 29869 1.5 18 13 6 14 70%  56 11715 101 78%
c -  5.59 52 18 23 68 9869 1 370533 30012 1.5 18 13 6 14 69%  56 11715 101 78%
c u  5.66 52 18 23 68 9870 1 375467 33714 1.5 18 12 6 14 69%  56 11715 101 78%
c
c seconds   switched    rate          size/glue  tier1    binary       remaining
c        MB   reductions  conflicts         size   tier2     irredundant
c         level    restarts      redundant     glue    trail       variables
c
c v  5.68 52 18 23 68 9870 1 375467 33524 1.5 18 12 6 14 69%  56 11715 101 78%
c w  5.69 52 18 23 68 9870 1 375467 33424 1.5 18 12 6 14 69%  56 11715 101 78%
c x  5.69 52 18 23 68 9870 1 375467 33419 1.5 18 12 6 14 69%  56 11684 101 78%
c -  5.74 54 18 23 69 9870 1 378780 30643 1.5 18 12 6 14 69%  56 11684 101 78%
c ]  5.77 54 18 24 69 9873 1 381654 33145 1.5 18 12 6 14 69%  56 11684 101 78%
c {  5.77 54 14 24 69 9873 2 381654 33145 1.7 14 9 4 9 63%  56 11684 101 78%
c -  5.89 54 14 24 70 10399 2 387086 31849 1.7 14 9 4 9 64%  56 11684 101 78%
c s  5.91 54 14 24 70 10453 2 388647 33116 1.7 14 9 4 9 63%  56 11323 101 78%
c -  6.05 55 14 24 71 10931 2 395452 32190 1.6 14 9 4 9 64%  57 11323 101 78%
c o  6.12 55 14 24 71 11324 2 398285 34694 1.6 14 9 4 9 64%  57 11323 101 78%
c -  6.23 55 14 24 72 11895 2 403878 33545 1.6 14 9 4 9 64%  57 11323 101 78%
c -  6.45 55 15 24 73 13106 2 412363 34493 1.6 14 9 4 9 64%  57 11323 101 78%
c }  6.54 55 15 25 73 13437 2 418331 39542 1.6 14 9 4 9 64%  57 11323 101 78%
c [  6.54 55 18 25 73 13437 1 418331 39542 1.5 18 12 6 14 69%  57 11323 101 78%
c O  6.54 55 18 25 73 13437 1 418331 39542 1.5 18 12 6 14 69%  57 11323 101 78%
c -  6.58 55 18 25 74 13439 1 420908 35122 1.5 18 12 6 14 69%  57 11323 101 78%
c -  6.67 55 18 25 75 13443 1 429512 34103 1.5 18 12 6 14 69%  57 11323 101 78%
c u  6.76 55 18 25 75 13447 1 435273 38760 1.5 18 12 6 14 69%  57 11323 101 78%
c v  6.78 55 18 25 75 13447 1 435273 38705 1.5 18 12 6 14 69%  57 11323 101 78%
c w  6.79 58 18 25 75 13447 1 435273 38662 1.5 18 12 6 14 69%  57 11323 101 78%
c
c seconds   switched     rate          size/glue  tier1    binary       remaining
c        MB   reductions   conflicts         size   tier2     irredundant
c         level    restarts       redundant     glue    trail       variables
c
c x  6.80 59 18 25 75 13447 1 435273 38655 1.5 18 12 6 14 69%  57 11265 101 78%
c -  6.85 59 18 25 76 13449 1 438172 33093 1.5 18 13 6 14 69%  57 11265 101 78%
c -  6.97 60 18 25 77 13451 1 446889 33890 1.5 18 13 6 14 69%  57 11265 101 78%
c -  7.09 60 18 25 78 13454 1 455667 35308 1.5 18 13 6 14 68%  57 11265 101 78%
c -  7.22 60 18 25 79 13459 1 464500 35678 1.5 18 13 6 14 68%  57 11265 101 78%
c B  7.31 60 18 25 79 13464 1 471118 41252 1.5 18 13 6 14 68%  57 11265 101 78%
c -  7.34 60 18 25 80 13465 1 473388 35785 1.5 18 13 6 14 68%  57 11265 101 78%
c ]  7.38 60 18 26 80 13466 1 476716 38504 1.5 18 13 6 14 68%  57 11265 101 78%
c {  7.38 60 15 26 80 13466 2 476716 38504 1.6 14 9 4 9 64%  57 11265 101 78%
c -  7.46 60 15 26 81 13632 2 482332 37519 1.6 14 9 4 9 64%  57 11265 101 78%
c o  7.57 60 15 26 81 13916 2 488476 43006 1.6 14 9 4 9 64%  57 11265 101 78%
c -  7.63 60 15 26 82 14143 2 491334 39161 1.6 14 9 4 9 64%  57 11265 101 78%
c u  7.80 60 14 26 82 14485 2 500172 46405 1.6 14 9 4 9 64%  57 11265 101 78%
c v  7.82 61 14 26 82 14485 2 500172 46213 1.6 14 9 4 9 64%  57 11265 101 78%
c w  7.83 61 14 26 82 14485 2 500172 46203 1.6 14 9 4 9 64%  57 11265 101 78%
c x  7.85 61 14 26 82 14485 2 500172 46200 1.6 14 9 4 9 64%  57 11226 101 78%
c -  7.86 63 14 26 83 14514 2 500392 40004 1.6 14 9 4 9 64%  57 11226 101 78%
c -  8.02 63 14 26 84 14986 2 509503 40100 1.6 14 9 4 9 64%  57 11226 101 78%
c -  8.18 63 14 26 85 15671 2 518669 40884 1.6 14 9 4 9 64%  57 11226 101 78%
c }  8.19 63 14 27 85 15727 2 518934 41131 1.6 14 9 4 9 64%  57 11226 101 78%
c
c seconds   switched     rate          size/glue  tier1    binary       remaining
c        MB   reductions   conflicts         size   tier2     irredundant
c         level    restarts       redundant     glue    trail       variables
c
c [  8.19 63 18 27 85 15727 1 518934 41131 1.5 18 13 6 14 68%  57 11226 101 78%
c -  8.30 63 18 27 86 15733 1 527888 40597 1.5 18 13 6 14 68%  57 11226 101 78%
c W  8.31 63 18 27 86 15733 1 528703 41330 1.5 18 13 6 14 68%  57 11226 101 78%
c s  8.40 66 18 27 86 15737 1 535824 47568 1.4 19 13 6 14 69%  57 11147 101 78%
c -  8.43 66 19 27 87 15738 1 537162 38632 1.4 19 13 6 14 69%  57 11147 101 78%
c -  8.56 67 19 27 88 15741 1 546489 36811 1.4 19 13 6 14 69%  57 11147 101 78%
c -  8.70 67 19 27 89 15744 1 555869 37863 1.4 19 13 6 14 69%  57 11147 101 78%
c -  8.85 67 19 27 90 15749 1 565302 39566 1.4 19 13 6 14 69%  57 11147 101 78%
c u  8.94 68 19 27 90 15753 1 570008 43139 1.4 19 13 6 14 70%  57 11147 101 78%
c v  8.96 68 19 27 90 15753 1 570008 42862 1.4 19 13 6 14 70%  57 11147 101 78%
c w  8.97 69 19 27 90 15753 1 570008 42855 1.4 19 13 6 14 70%  57 11147 101 78%
c x  8.99 69 19 27 90 15753 1 570008 42855 1.4 19 13 6 14 70%  57 11140 101 78%
c ]  9.03 69 19 28 90 15755 1 573375 45555 1.4 19 13 6 14 70%  57 11140 101 78%
c {  9.03 69 14 28 90 15755 2 573375 45555 1.6 14 9 4 9 64%  57 11140 101 78%
c -  9.07 69 14 28 91 15979 2 574789 40616 1.6 14 9 4 9 64%  57 11140 101 78%
c -  9.26 69 14 28 92 16642 2 584330 43258 1.6 14 9 4 9 64%  57 11140 101 78%
c o  9.33 69 14 28 92 16742 2 589479 47477 1.6 14 9 4 9 64%  57 11140 101 78%
c -  9.43 69 14 28 93 17031 2 593921 44599 1.6 14 9 4 9 64%  57 11140 101 78%
c -  9.63 69 14 28 94 17658 2 603564 45511 1.6 14 9 4 9 64%  57 11140 101 78%
c -  9.90 73 15 28 95 18717 2 613259 46696 1.6 14 9 4 9 64%  57 11140 101 78%
c
c seconds   switched     rate          size/glue tier1   binary       remaining
c        MB   reductions   conflicts         size  tier2    irredundant
c         level    restarts       redundant    glue   trail       variables
c
c } 10.10 73 15 29 95 19452 2 621513 53872 1.6 14 9 4 9 64%  57 11140 101 78%
c [ 10.10 73 19 29 95 19452 1 621513 53872 1.4 19 13 6 14 70%  57 11140 101 78%
c I 10.10 73 19 29 95 19452 1 621513 53872 1.4 19 13 6 14 70%  57 11140 101 78%
c - 10.12 73 19 29 96 19453 1 623006 47739 1.4 19 13 6 14 70%  57 11140 101 78%
c - 10.26 73 18 29 97 19458 1 632803 48198 1.4 19 13 6 14 70%  57 11140 101 78%
c - 10.38 73 18 29 98 19465 1 642652 48138 1.5 19 13 6 14 69%  57 11140 101 78%
c u 10.45 73 18 29 98 19465 1 644882 49714 1.5 19 13 6 14 69%  57 11140 101 78%
c v 10.50 73 18 29 98 19465 1 644882 49387 1.5 19 13 6 14 69%  57 11140 101 78%
c w 10.52 74 18 29 98 19465 1 644882 49139 1.5 19 13 6 14 69%  57 11140 101 78%
c - 10.63 74 18 29 99 19466 1 652552 47548 1.5 18 13 6 14 69%  57 11140 101 78%
c - 10.76 74 18 29 100 19472 1 662501 47230 1.5 18 13 6 14 69%  57 11140 101 78%
c - 10.90 74 18 29 101 19478 1 672505 47259 1.5 18 12 6 14 69%  57 11140 101 78%
c - 11.03 74 17 29 102 19481 1 682556 47721 1.5 18 12 6 14 69%  57 11140 101 78%
c B 11.12 74 17 29 102 19482 1 689195 53283 1.5 18 12 6 14 69%  57 11140 101 78%
c - 11.17 74 17 29 103 19482 1 692655 47090 1.5 18 12 6 13 69%  57 11140 101 78%
c - 11.30 74 17 29 104 19482 1 702803 47653 1.5 18 12 5 13 69%  57 11140 101 78%
c ] 11.32 74 17 30 104 19482 1 704438 49057 1.5 18 12 5 13 68%  57 11140 101 78%
c { 11.32 74 15 30 104 19482 2 704438 49057 1.6 14 9 4 9 64%  57 11140 101 78%
c o 11.33 74 15 30 104 19516 2 704689 49249 1.6 14 9 4 9 64%  57 11140 101 78%
c s 11.47 74 15 30 104 19727 2 711832 54650 1.6 14 9 4 9 64%  58 11138 101 78%
c
c seconds   switched      rate          size/glue tier1   binary       remaining
c        MB   reductions    conflicts         size  tier2    irredundant
c         level     restarts       redundant    glue   trail       variables
c
c - 11.52 74 15 30 105 19899 2 713001 48300 1.6 14 9 4 9 64%  58 11138 101 78%
c - 11.73 74 14 30 106 20507 2 723250 49701 1.6 14 9 4 9 64%  58 11138 101 78%
c u 11.80 77 14 30 106 20586 2 724786 50775 1.6 14 9 4 9 64%  58 11138 101 78%
c v 11.83 78 14 30 106 20586 2 724786 50681 1.6 14 9 4 9 64%  58 11138 101 78%
c w 11.84 78 14 30 106 20586 2 724786 50671 1.6 14 9 4 9 64%  58 11138 101 78%
c x 11.86 79 14 30 106 20586 2 724786 50671 1.6 14 9 4 9 64%  58 11128 101 78%
c - 12.19 80 15 30 107 21433 2 733545 50558 1.6 14 9 4 9 64%  58 11128 101 78%
c - 12.46 80 15 30 108 22438 2 743889 51691 1.6 14 9 4 9 65%  58 11128 101 78%
c - 12.71 80 15 30 109 23252 2 754281 52405 1.6 14 9 4 9 64%  58 11128 101 78%
c } 12.83 80 15 31 109 23652 2 758872 56286 1.6 14 9 4 9 64%  58 11128 101 78%
c [ 12.83 80 17 31 109 23652 1 758872 56286 1.5 18 12 5 13 68%  58 11128 101 78%
c W 12.88 83 17 31 109 23654 1 762170 58971 1.5 18 12 5 13 68%  58 11128 101 78%
c - 12.92 83 17 31 110 23656 1 764721 53226 1.5 18 12 5 13 68%  58 11128 101 78%
c - 13.08 85 17 31 111 23661 1 775210 52627 1.5 18 12 5 13 68%  58 11128 101 78%
c - 13.25 85 17 31 112 23666 1 785746 53133 1.5 17 12 5 13 68%  59 11128 101 78%
c - 13.43 85 16 31 113 23670 1 796329 53516 1.5 17 12 5 13 68%  59 11128 101 78%
c - 13.59 85 16 31 114 23676 1 806959 54523 1.5 17 11 5 13 68%  60 11128 101 78%
c u 13.69 85 16 31 114 23678 1 809787 53499 1.5 17 11 5 13 68% 558 11128 101 78%
c v 13.74 85 16 31 114 23678 1 809787 51482 1.5 17 11 5 13 68%  62 11128 101 78%
c w 13.77 85 16 31 114 23678 1 809787 50050 1.5 17 11 5 13 68%  62 11128 101 78%
c
c seconds   switched      rate          size/glue  tier1    binary       remaining
c        MB   reductions    conflicts         size   tier2     irredundant
c         level     restarts       redundant     glue    trail       variables
c
c t 13.77 85 16 31 114 23678 1 809787 50050 1.5 17 11 5 13 68%  60 11128 101 78%
c - 13.88 85 16 31 115 23681 1 817636 49619 1.5 17 11 5 13 68%  60 11128 101 78%
c - 14.03 85 17 31 116 23682 1 828359 47726 1.5 17 12 5 13 69%  60 11128 101 78%
c - 14.20 85 17 31 117 23682 1 839129 45732 1.5 18 12 5 13 69%  60 11128 101 78%
c O 14.22 85 18 31 117 23682 1 840600 46894 1.5 18 12 5 13 69%  60 11128 101 78%
c o 14.22 85 18 31 117 23682 1 840600 46894 1.5 18 12 5 13 69%  60 11128 101 78%
c ] 14.30 85 18 32 117 23686 1 846132 51525 1.5 18 12 5 13 69%  60 11128 101 78%
c { 14.30 85 15 32 117 23686 2 846132 51525 1.6 14 9 4 9 64%  60 11128 101 78%
c - 14.40 85 15 32 118 23935 2 849945 48068 1.6 14 9 4 9 65%  60 11128 101 78%
c i 14.56 85 14 32 118 24087 2 860226 56187 1.6 14 9 4 9 65%  67 11128 100 77%
c - 14.59 85 14 32 119 24168 2 860808 42974 1.6 14 9 4 9 65%  53 11128 100 77%
c - 14.78 85 14 32 120 24660 2 871716 45694 1.6 14 9 4 9 64%  53 11128 100 77%
c - 15.06 85 14 32 121 25587 2 882670 50319 1.6 14 9 4 9 65%  53 11128 100 77%
c - 15.33 85 15 32 122 26301 2 893670 52040 1.6 14 9 4 9 65%  53 11128 100 77%
c u 15.56 86 15 32 122 26813 2 899929 56752 1.6 14 9 4 9 65%  53 11128 100 77%
c v 15.61 87 15 32 122 26813 2 899929 56600 1.6 14 9 4 9 65%  53 11128 100 77%
c w 15.64 87 15 32 122 26813 2 899929 56580 1.6 14 9 4 9 65%  53 11128 100 77%
c - 15.76 87 15 32 123 27087 2 904716 52533 1.6 14 9 4 9 65%  53 11128 100 77%
c } 15.82 87 15 33 123 27255 2 907237 54544 1.5 14 9 4 9 65%  53 11128 100 77%
c [ 15.82 87 18 33 123 27255 1 907237 54544 1.5 18 12 5 13 69%  53 11128 100 77%
c
c seconds   switched      rate          size/glue  tier1    binary       remaining
c        MB   reductions    conflicts         size   tier2     irredundant
c         level     restarts       redundant     glue    trail       variables
c
c - 15.95 87 17 33 124 27261 1 915806 53540 1.5 18 12 5 13 68%  54 11128 100 77%
c s 15.98 87 17 33 124 27261 1 917911 55380 1.5 18 12 5 13 68%  54 11120 100 77%
c B 16.08 87 17 33 124 27265 1 924638 61438 1.5 18 12 5 13 68%  54 11120 100 77%
c - 16.12 87 17 33 125 27267 1 926941 52687 1.5 18 12 5 13 68%  54 11120 100 77%
c - 16.30 87 17 33 126 27269 1 938122 50221 1.5 18 12 5 13 68%  54 11120 100 77%
c - 16.50 87 17 33 127 27276 1 949347 51671 1.5 18 12 5 13 68%  54 11120 100 77%
c - 16.70 87 17 33 128 27282 1 960618 53090 1.5 18 12 5 13 68%  54 11120 100 77%
c - 16.89 87 17 33 129 27284 1 971932 53296 1.5 18 12 5 13 68%  54 11120 100 77%
c - 17.09 87 17 33 130 27285 1 983291 55299 1.5 17 12 5 13 68%  54 11120 100 77%
c ] 17.16 87 17 34 130 27285 1 988211 59657 1.5 17 12 5 13 68%  54 11120 100 77%
c { 17.16 87 15 34 130 27285 2 988211 59657 1.5 14 9 4 9 65%  54 11120 100 77%
c o 17.18 87 15 34 130 27294 2 988813 60181 1.5 14 9 4 9 65%  54 11120 100 77%
c - 17.35 87 15 34 131 27663 2 994694 56057 1.5 14 9 4 9 64%  54 11120 100 77%
c u 17.42 87 15 34 131 27763 2 995284 56298 1.5 14 9 4 9 64%  54 11120 100 77%
c v 17.46 87 15 34 131 27763 2 995284 56199 1.5 14 9 4 9 64%  54 11120 100 77%
c w 17.48 87 15 34 131 27763 2 995284 56111 1.5 14 9 4 9 64%  54 11120 100 77%
c x 17.50 88 15 34 131 27763 2 995284 56108 1.5 14 9 4 9 64%  54 10826 100 77%
c - 17.82 88 14 34 132 28586 2 1006139 55323 1.5 14 9 4 9 64%  54 10826 100 77%
c - 18.20 88 14 34 133 29781 2 1017629 55290 1.5 14 9 4 9 63%  54 10826 100 77%
c - 18.58 88 14 34 134 30996 2 1029161 56044 1.5 14 10 4 9 62%  54 10826 100 77%
c
c seconds   switched      rate           size/glue  tier1   binary       remaining
c        MB   reductions     conflicts         size   tier2    irredundant
c         level     restarts        redundant     glue   trail       variables
c
c - 18.98 88 14 34 135 31952 2 1040736 57025 1.5 14 10 4 9 62%  55 10826 100 77%
c - 19.35 88 14 34 136 32805 2 1052354 57749 1.5 14 10 4 9 62%  55 10826 100 77%
c } 19.47 88 14 35 136 33262 2 1056361 60866 1.5 14 10 4 9 62%  55 10826 100 77%
c [ 19.47 88 17 35 136 33262 1 1056361 60866 1.5 17 12 5 13 68%  55 10826 100 77%
c W 19.48 88 17 35 136 33262 1 1056361 60866 1.5 17 12 5 13 68%  55 10826 100 77%
c - 19.59 88 17 35 137 33267 1 1064015 58008 1.5 18 12 5 13 68%  55 10826 100 77%
c - 19.79 88 17 35 138 33274 1 1075719 56683 1.5 18 12 5 13 68%  55 10826 100 77%
c - 19.99 88 17 35 139 33276 1 1087466 56994 1.5 18 12 5 13 68%  55 10826 100 77%
c u 20.23 88 17 35 139 33282 1 1096253 63873 1.5 18 12 5 13 68%  55 10826 100 77%
c v 20.32 88 17 35 139 33282 1 1096253 63233 1.5 18 12 5 13 68%  55 10826 100 77%
c w 20.36 88 17 35 139 33282 1 1096253 62823 1.5 18 12 5 13 68%  55 10826 100 77%
c - 20.43 88 17 35 140 33283 1 1099256 56371 1.5 18 12 5 13 68%  55 10826 100 77%
c - 20.63 88 16 35 141 33290 1 1111088 58224 1.5 17 12 5 13 68%  55 10826 100 77%
c - 20.85 88 16 35 142 33292 1 1122965 59189 1.5 17 11 5 13 68%  55 10826 100 77%
c - 21.05 88 16 35 143 33292 1 1134882 60035 1.5 17 11 5 13 68%  55 10826 100 77%
c - 21.24 88 16 35 144 33298 1 1146840 59763 1.5 17 11 5 13 68%  55 10826 100 77%
c I 21.35 88 16 35 144 33300 1 1152077 63708 1.5 17 11 5 13 68%  55 10826 100 77%
c o 21.35 88 16 35 144 33300 1 1152077 63708 1.5 17 11 5 13 68%  55 10826 100 77%
c s 21.40 88 16 35 144 33303 1 1155614 66857 1.5 17 11 5 13 68%  55 9812 100 77%
c e 21.41 88 16 35 144 33303 1 1155614 66857 1.5 17 11 5 13 68%  53 9822 99 76%
c
c seconds   switched      rate           size/glue  tier1    binary     remaining
c        MB   reductions     conflicts         size   tier2    irredundant
c         level     restarts        redundant     glue    trail     variables
c
c - 21.46 88 16 35 145 33305 1 1158840 57561 1.5 17 11 5 12 68%  53 9822 99 76%
c - 21.66 88 16 35 146 33307 1 1170881 58101 1.5 17 11 5 12 68%  53 9822 99 76%
c - 21.89 88 16 35 147 33314 1 1182964 59096 1.6 17 11 5 12 67%  53 9822 99 76%
c - 22.13 88 16 35 148 33321 1 1195089 59584 1.5 17 11 5 12 67%  53 9822 99 76%
c ] 22.24 88 16 36 148 33322 1 1200932 64225 1.5 17 11 5 12 67%  53 9822 99 76%
c { 22.24 88 14 36 148 33322 2 1200932 64225 1.5 14 10 4 9 62%  53 9822 99 76%
c u 22.34 88 14 36 148 33460 2 1202558 65442 1.5 14 10 4 9 62%  53 9822 99 76%
c v 22.39 88 14 36 148 33460 2 1202558 65324 1.5 14 10 4 9 62%  53 9822 99 76%
c w 22.41 88 14 36 148 33460 2 1202558 65283 1.5 14 10 4 9 62%  53 9822 99 76%
c x 22.43 88 14 36 148 33460 2 1202558 65270 1.5 14 10 4 9 62%  53 9424 99 76%
c - 22.60 88 15 36 149 33864 2 1207255 59087 1.5 14 10 4 9 62%  53 9424 99 76%
c - 22.87 88 14 36 150 34276 2 1219461 60057 1.5 14 10 4 9 62%  53 9424 99 76%
c - 23.12 88 14 36 151 34599 2 1231710 61467 1.5 14 10 4 9 63%  53 9424 99 76%
c - 23.43 88 14 36 152 35382 2 1243998 61864 1.5 14 10 4 9 63%  53 9424 99 76%
c - 23.73 88 14 36 153 35826 2 1256326 62644 1.5 14 10 4 9 63%  53 9424 99 76%
c - 23.97 88 14 36 154 36211 2 1268695 62970 1.5 14 9 4 9 63%  54 9424 99 76%
c } 24.16 88 14 37 154 36584 2 1276488 69206 1.5 14 9 4 9 63%  54 9424 99 76%
c [ 24.16 88 16 37 154 36584 1 1276488 69206 1.5 17 11 5 12 67%  54 9424 99 76%
c B 24.16 88 16 37 154 36584 1 1276488 69206 1.5 17 11 5 12 67%  54 9424 99 76%
c - 24.24 88 16 37 155 36587 1 1281104 62874 1.5 17 11 5 12 67%  54 9424 99 76%
c
c seconds   switched      rate           size/glue  tier1    binary     remaining
c        MB   reductions     conflicts         size   tier2    irredundant
c         level     restarts        redundant     glue    trail     variables
c
c - 24.44 88 16 37 156 36594 1 1293554 62129 1.5 17 11 5 12 67%  54 9424 99 76%
c - 24.65 88 16 37 157 36598 1 1306043 61206 1.5 17 11 5 12 67%  54 9424 99 76%
c u 24.87 88 16 37 157 36604 1 1316282 69403 1.5 17 11 5 12 67%  54 9424 99 76%
c v 24.93 88 16 37 157 36604 1 1316282 68963 1.5 17 11 5 12 67%  54 9424 99 76%
c w 24.96 88 16 37 157 36604 1 1316282 68624 1.5 17 11 5 12 67%  54 9424 99 76%
c x 24.99 89 16 37 157 36604 1 1316282 68617 1.5 17 11 5 12 67%  54 8866 99 76%
c o 24.99 89 16 37 157 36604 1 1316282 68617 1.5 17 11 5 12 67%  54 8866 99 76%
c - 25.05 89 16 37 158 36605 1 1318574 60741 1.5 17 11 5 12 67%  54 8866 99 76%
c - 25.31 89 16 37 159 36612 1 1331145 62799 1.6 18 11 5 12 67%  54 8866 99 76%
c - 25.55 89 16 37 160 36614 1 1343754 63342 1.6 18 11 5 12 67%  54 8866 99 76%
c - 25.81 89 16 37 161 36614 1 1356405 64572 1.6 18 11 5 12 67%  54 8866 99 76%
c - 26.06 89 16 37 162 36621 1 1369093 64349 1.6 18 11 5 12 67%  54 8866 99 76%
c ] 26.12 89 16 38 162 36622 1 1371979 66884 1.6 18 11 5 12 67%  54 8866 99 76%
c { 26.12 89 14 38 162 36622 2 1371979 66884 1.5 14 9 4 9 63%  54 8866 99 76%
c - 26.34 89 14 38 163 36732 2 1381821 65929 1.5 14 9 4 9 64%  54 8866 99 76%
c - 26.63 89 14 38 164 36836 2 1394589 69624 1.6 15 9 4 9 65%  54 8866 99 76%
c - 26.92 90 13 38 165 37140 2 1407395 70563 1.6 15 9 4 9 65%  54 8866 99 76%
c - 27.20 90 13 38 166 37336 2 1420240 71140 1.7 15 9 4 9 66%  54 8866 99 76%
c s 27.39 90 13 38 166 37557 1 1430651 79984 1.7 15 9 4 9 66%  54 8829 99 76%
c - 27.46 90 13 38 167 37696 1 1433125 63740 1.7 15 9 3 9 66%  54 8829 99 76%
c
c seconds   switched      rate           size/glue tier1   binary     remaining
c        MB   reductions     conflicts         size  tier2   irredundant
c         level     restarts        redundant    glue   trail     variables
c
c u 27.59 95 13 38 167 37795 1 1436515 66396 1.7 15 9 3 9 66%  54 8829 99 76%
c v 27.64 97 13 38 167 37795 1 1436515 66193 1.7 15 9 3 9 66%  54 8829 99 76%
c w 27.67 97 13 38 167 37795 1 1436515 66183 1.7 15 9 3 9 66%  54 8829 99 76%
c x 27.70 97 13 38 167 37795 1 1436515 66183 1.7 15 9 3 9 66%  54 8821 99 76%
c - 28.30 105 13 38 168 37819 1 1446047 61792 1.7 15 9 3 9 67%  54 8821 99 76%
c } 28.49 105 13 39 168 38148 1 1455312 69983 1.7 15 9 3 9 67%  54 8821 99 76%
c [ 28.49 105 16 39 168 38148 1 1455312 69983 1.6 18 11 5 12 67%  54 8821 99 76%
c W 28.49 105 16 39 168 38148 1 1455312 69983 1.6 18 11 5 12 67%  54 8821 99 76%
c - 28.57 105 16 39 169 38150 1 1459008 60703 1.6 18 11 5 12 67%  54 8821 99 76%
c - 28.80 105 16 39 170 38158 1 1472013 57044 1.6 18 12 5 12 67%  54 8821 99 76%
c - 29.02 105 16 39 171 38162 1 1485051 53829 1.6 19 12 5 12 68%  54 8821 99 76%
c - 29.25 105 16 39 172 38169 1 1498129 54275 1.6 19 12 5 12 68%  54 8821 99 76%
c - 29.48 105 16 39 173 38176 1 1511243 54754 1.6 19 12 5 12 68%  54 8821 99 76%
c - 29.70 105 16 39 174 38178 1 1524395 55797 1.6 19 12 5 12 68%  54 8821 99 76%
c - 29.93 106 16 39 175 38178 1 1537585 55709 1.6 18 12 5 12 68%  54 8821 99 76%
c - 30.16 106 16 39 176 38186 1 1550814 53991 1.6 19 12 5 12 68%  54 8821 99 76%
c ] 30.27 106 16 40 176 38191 1 1556702 58797 1.6 19 12 5 12 68%  54 8821 99 76%
c { 30.27 106 13 40 176 38191 1 1556702 58797 1.7 15 9 3 9 67%  54 8821 99 76%
c o 30.27 106 13 40 176 38207 1 1556784 58871 1.7 15 9 3 9 67%  54 8821 99 76%
c u 30.51 106 13 40 176 38984 1 1562466 63062 1.7 15 9 3 9 67%  55 8821 99 76%
c
c seconds    switched      rate           size/glue tier1   binary     remaining
c         MB   reductions     conflicts         size  tier2   irredundant
c          level     restarts        redundant    glue   trail     variables
c
c v 30.58 106 13 40 176 38984 1 1562466 62981 1.7 15 9 3 9 67%  55 8821 99 76%
c w 30.61 106 13 40 176 38984 1 1562466 62920 1.7 15 9 3 9 67%  55 8821 99 76%
c t 30.62 106 13 40 176 38984 1 1562466 62920 1.7 15 9 3 9 67%  54 8821 99 76%
c - 30.67 106 13 40 177 39169 1 1564080 52827 1.7 15 9 3 9 67%  54 8821 99 76%
c - 31.04 106 13 40 178 40264 2 1577384 55535 1.7 15 9 3 9 66%  54 8821 99 76%
c - 31.44 106 14 40 179 41725 2 1590726 57419 1.7 15 9 3 9 66%  54 8821 99 76%
c - 31.83 106 14 40 180 42991 2 1604105 58055 1.7 15 9 3 9 66%  54 8821 99 76%
c i 31.93 106 13 40 180 42994 2 1610114 62197 1.7 15 9 3 9 66%  64 8821 98 75%
c - 32.12 106 13 40 181 43480 2 1617522 50977 1.7 15 9 3 9 66%  49 8821 98 75%
c - 32.42 106 13 40 182 44134 2 1630975 53531 1.6 15 9 3 9 66%  49 8821 98 75%
c - 32.78 106 13 40 183 45131 2 1644465 57349 1.6 15 9 3 9 66%  49 8821 98 75%
c } 32.85 106 13 41 183 45263 2 1648174 60446 1.6 15 9 3 9 66%  49 8821 98 75%
c [ 32.85 106 16 41 183 45263 1 1648174 60446 1.6 19 12 5 12 68%  49 8821 98 75%
c O 32.85 106 16 41 183 45263 1 1648174 60446 1.6 19 12 5 12 68%  49 8821 98 75%
c - 33.02 106 16 41 184 45269 1 1657992 58140 1.6 18 12 4 12 68%  49 8821 98 75%
c - 33.22 106 16 41 185 45276 1 1671556 57141 1.6 18 12 4 12 68%  49 8821 98 75%
c - 33.46 106 16 41 186 45280 1 1685157 57040 1.6 18 11 4 12 68%  49 8821 98 75%
c u 33.68 106 16 41 186 45285 1 1694053 64176 1.6 18 12 4 12 68%  49 8821 98 75%
c v 33.75 106 16 41 186 45285 1 1694053 64116 1.6 18 12 4 12 68%  49 8821 98 75%
c w 33.78 106 16 41 186 45285 1 1694053 63918 1.6 18 12 4 12 68%  49 8821 98 75%
c
c seconds    switched      rate           size/glue  tier1    binary     remaining
c         MB   reductions     conflicts         size   tier2    irredundant
c          level     restarts        redundant     glue    trail     variables
c
c x 33.82 106 16 41 186 45285 1 1694053 63916 1.6 18 12 4 12 68%  49 8805 98 75%
c - 33.94 106 16 41 187 45289 1 1698795 56727 1.6 18 12 4 12 68%  49 8805 98 75%
c - 34.21 106 16 41 188 45292 1 1712469 53985 1.6 18 12 4 12 68%  49 8805 98 75%
c - 34.52 106 16 41 189 45293 1 1726180 54719 1.5 18 12 4 12 67%  49 8805 98 75%
c o 34.63 106 16 41 189 45296 1 1732844 60326 1.5 18 12 4 12 67%  49 8805 98 75%
c - 34.83 106 16 41 190 45300 1 1739928 56775 1.6 18 12 4 12 68%  49 8805 98 75%
c s 34.96 106 16 41 190 45302 1 1745008 61196 1.6 18 12 4 12 67%  49 8798 98 75%
c e 34.96 106 16 41 190 45302 1 1745008 61196 1.6 18 12 4 12 67%  47 8814 97 75%
c - 35.14 106 16 41 191 45307 1 1753712 48700 1.6 18 12 4 12 67%  47 8814 97 75%
c - 35.37 106 16 41 192 45311 1 1767532 51378 1.6 18 12 4 12 68%  47 8814 97 75%
c B 35.40 106 16 41 192 45312 1 1769008 52631 1.6 18 12 4 12 68%  47 8814 97 75%
c - 35.60 106 17 41 193 45319 1 1781389 51844 1.6 19 12 4 12 67%  47 8814 97 75%
c ] 35.61 106 17 42 193 45320 1 1782008 52354 1.6 19 12 4 12 67%  47 8814 97 75%
c { 35.61 106 13 42 193 45320 2 1782008 52354 1.6 15 9 3 9 66%  47 8814 97 75%
c - 35.95 106 13 42 194 46259 2 1795282 53523 1.6 15 9 3 9 66%  47 8814 97 75%
c - 36.30 106 13 42 195 47121 2 1809210 56484 1.6 15 9 3 9 65%  47 8814 97 75%
c - 36.62 106 13 42 196 47900 2 1823174 57793 1.6 15 9 3 9 65%  47 8814 97 75%
c u 36.89 106 13 42 196 48409 2 1831410 63577 1.6 15 9 3 9 65%  47 8814 97 75%
c v 36.96 106 13 42 196 48409 2 1831410 63378 1.6 15 9 3 9 65%  47 8814 97 75%
c w 36.98 106 13 42 196 48409 2 1831410 63294 1.6 15 9 3 9 65%  47 8814 97 75%
c
c seconds    switched      rate           size/glue tier1   binary     remaining
c         MB   reductions     conflicts         size  tier2   irredundant
c          level     restarts        redundant    glue   trail     variables
c
c x 37.03 106 13 42 196 48409 2 1831410 63292 1.6 15 9 3 9 65%  47 8795 97 75%
c f 37.03 106 13 42 196 48409 2 1831410 63292 1.6 15 9 3 9 65%  50 8773 98 75%
c u 37.09 112 13 42 196 48409 2 1831410 62352 1.6 15 9 3 9 65%  50 8773 98 75%
c v 37.16 112 13 42 196 48409 2 1831410 62212 1.6 15 9 3 9 65%  50 8773 98 75%
c w 37.18 112 13 42 196 48409 2 1831410 62159 1.6 15 9 3 9 65%  50 8773 98 75%
c x 37.22 113 13 42 196 48409 2 1831410 62158 1.6 15 9 3 9 65%  50 8764 98 75%
c - 37.36 113 13 42 197 48674 2 1837174 57377 1.6 15 9 3 9 65%  50 8764 98 75%
c - 37.71 113 13 42 198 49441 2 1851210 58707 1.6 15 9 3 9 65%  50 8764 98 75%
c - 38.14 113 14 42 199 50821 2 1865281 58809 1.6 15 9 3 9 65%  50 8764 98 75%
c - 38.49 113 13 42 200 51381 2 1879389 59321 1.6 15 9 3 9 65%  50 8764 98 75%
c } 38.56 113 13 43 200 51552 2 1881981 61324 1.6 15 9 3 9 65%  51 8764 98 75%
c [ 38.56 113 17 43 200 51552 1 1881981 61324 1.6 19 12 4 12 67%  51 8764 98 75%
c - 38.74 113 17 43 201 51558 1 1893532 58187 1.6 18 12 4 12 68%  52 8764 98 75%
c W 38.80 113 17 43 201 51561 1 1896476 60633 1.6 18 12 4 12 68%  52 8764 98 75%
c - 38.99 113 16 43 202 51566 1 1907709 56543 1.6 18 12 4 12 68%  52 8764 98 75%
c - 39.25 113 16 43 203 51572 1 1921922 58880 1.6 18 11 4 12 68%  52 8764 98 75%
c - 39.55 114 16 43 204 51580 1 1936170 60448 1.6 18 11 4 12 68%  52 8764 98 75%
c i 39.63 114 15 43 204 51581 1 1939835 63014 1.6 18 11 4 12 67%  59 8764 97 75%
c o 39.63 114 15 43 204 51581 1 1939835 63014 1.6 18 11 4 12 67%  59 8764 97 75%
c - 39.90 114 16 43 205 51582 1 1950453 44655 1.6 18 11 4 12 68%  49 8764 97 75%
c
c seconds    switched      rate           size/glue  tier1    binary     remaining
c         MB   reductions     conflicts         size   tier2    irredundant
c          level     restarts        redundant     glue    trail     variables
c
c - 40.17 114 16 43 206 51583 1 1964772 47357 1.6 18 11 4 12 68%  49 8764 97 75%
c u 40.43 114 16 43 206 51589 1 1974612 55165 1.6 18 12 4 12 68%  50 8764 97 75%
c v 40.52 114 16 43 206 51589 1 1974612 54793 1.6 18 12 4 12 68%  50 8764 97 75%
c w 40.56 114 16 43 206 51589 1 1974612 54477 1.6 18 12 4 12 68%  50 8764 97 75%
c - 40.65 114 16 43 207 51592 1 1979125 49126 1.6 18 12 4 12 68%  50 8764 97 75%
c - 40.89 114 16 43 208 51597 1 1993513 52180 1.6 18 12 4 12 68%  50 8764 97 75%
c - 41.14 114 16 43 209 51604 1 2007937 54424 1.6 18 12 4 12 67%  50 8764 97 75%
c ] 41.24 114 16 44 209 51607 1 2013852 59282 1.6 18 11 4 12 67%  50 8764 97 75%
c { 41.24 114 13 44 209 51607 2 2013852 59282 1.6 15 9 3 9 65%  50 8764 97 75%
c - 41.45 114 13 44 210 52081 2 2022394 57746 1.6 15 9 3 9 65%  50 8764 97 75%
c - 41.75 114 13 44 211 52565 2 2036885 59044 1.6 14 9 3 9 65%  50 8764 97 75%
c - 42.03 114 13 44 212 53023 2 2051413 59005 1.6 14 9 3 9 65%  52 8764 97 75%
c - 42.39 114 13 44 213 53965 2 2065973 59877 1.6 14 9 3 9 65%  52 8764 97 75%
c - 42.68 114 13 44 214 54237 2 2080568 60110 1.6 14 9 3 9 65%  53 8764 97 75%
c - 42.95 114 13 44 215 54654 2 2095196 60464 1.6 14 9 3 8 65%  57 8764 97 75%
c s 42.98 114 12 44 215 54659 2 2096168 61155 1.6 14 9 3 8 65%  57 7546 97 75%
c - 43.27 114 12 44 216 55349 2 2109858 61370 1.6 14 9 3 8 65%  58 7546 97 75%
c } 43.56 114 13 45 216 56300 2 2122684 71392 1.6 14 9 3 8 65%  58 7546 97 75%
c [ 43.56 114 16 45 216 56300 1 2122684 71392 1.6 18 11 4 12 67%  58 7546 97 75%
c I 43.56 114 16 45 216 56300 1 2122684 71392 1.6 18 11 4 12 67%  58 7546 97 75%
c
c seconds    switched      rate           size/glue  tier1    binary     remaining
c         MB   reductions     conflicts         size   tier2    irredundant
c          level     restarts        redundant     glue    trail     variables
c
c u 43.64 114 16 45 216 56300 1 2123604 71524 1.6 18 11 4 12 67%  59 7546 97 75%
c v 43.71 115 16 45 216 56300 1 2123604 70756 1.6 18 11 4 12 67%  59 7546 97 75%
c w 43.74 115 16 45 216 56300 1 2123604 70602 1.6 18 11 4 12 67%  59 7546 97 75%
c x 43.78 115 16 45 216 56300 1 2123604 70595 1.6 18 11 4 12 67%  59 7336 97 75%
c t 43.78 115 16 45 216 56300 1 2123604 70595 1.6 18 11 4 12 67%  58 7336 97 75%
c - 43.81 115 16 45 217 56301 1 2124554 60468 1.6 18 11 4 12 67%  58 7336 97 75%
c - 44.07 115 16 45 218 56310 1 2139285 60308 1.6 18 11 4 12 67%  58 7336 97 75%
c - 44.33 115 16 45 219 56314 1 2154051 60207 1.6 18 11 4 12 67%  59 7336 97 75%
c i 44.37 115 15 45 219 56315 1 2156126 61813 1.6 18 11 4 12 67%  65 7336 96 74%
c o 44.37 115 15 45 219 56315 1 2156126 61813 1.6 18 11 4 12 67%  65 7336 96 74%
c - 44.60 115 15 45 220 56322 1 2168849 55197 1.6 18 11 4 12 68%  60 7336 96 74%
c - 44.85 115 15 45 221 56329 1 2183681 58313 1.6 18 11 4 12 67%  60 7336 96 74%
c - 45.14 115 15 45 222 56330 1 2198547 60496 1.6 17 11 4 12 67%  60 7336 96 74%
c i 45.38 115 14 45 222 56335 1 2211470 70493 1.6 17 11 4 12 67%  63 7336 95 73%
c - 45.41 115 14 45 223 56336 1 2213447 45835 1.6 17 11 4 12 67%  68 7336 95 73%
c i 45.65 115 14 45 223 56344 1 2226971 56649 1.6 17 10 4 12 67%  73 7336 85 65%
c i 45.66 115 14 45 223 56344 1 2227302 56834 1.6 16 10 4 12 67%  82 7336 81 62%
c i 45.66 115 14 45 223 56344 1 2227388 56877 1.6 16 10 4 12 66%  87 7336 78 60%
c i 45.66 115 14 45 223 56344 1 2227392 56877 1.6 16 10 4 12 66%  89 7336 75 58%
c i 45.66 115 14 45 223 56344 1 2227394 56877 1.6 16 10 4 12 66%  90 7336 74 57%
c
c seconds    switched      rate           size/glue  tier1    binary     remaining
c         MB   reductions     conflicts         size   tier2    irredundant
c          level     restarts        redundant     glue    trail     variables
c
c ] 45.66 115 14 45 223 56344 1 2227401 56877 1.6 16 10 4 12 66%  93 7336 51 39%
c 0 45.66 115 13 45 223 56344 2 2227401 56877 1.6 14 9 3 8 65%  93 7336 51 39%
c
c ---- [ result ] ------------------------------------------------------------
c
s UNSATISFIABLE
c
c ---- [ profiling ] ---------------------------------------------------------
c
c          41.53   90.94 %  search
c          20.90   45.77 %  stable
c          20.63   45.17 %  focused
c           4.11    9.00 %  simplify
c           3.76    8.23 %  probe
c           3.01    6.59 %  vivify
c           0.79    1.72 %  reduce
c           0.62    1.36 %  sweep
c           0.34    0.74 %  eliminate
c           0.26    0.57 %  subsume
c           0.09    0.20 %  substitute
c           0.04    0.08 %  walking
c           0.03    0.06 %  factor
c           0.02    0.04 %  preprocess
c           0.01    0.01 %  congruence
c           0.00    0.01 %  parse
c           0.00    0.01 %  transitive
c           0.00    0.00 %  lucky
c           0.00    0.00 %  backbone
c =============================================
c          45.66  100.00 %  total
c
c ---- [ statistics ] --------------------------------------------------------
c
c conflicts:                          2227401            48779.76 per second
c decisions:                          3154389                1.42 per conflict
c eliminated:                             113               87 %  variables
c factored:                                83               64 %  variables
c iterations:                              11                8 %  variables
c propagations:                      35294050           772935    per second
c reductions:                             223             9988    interval
c reordered:                               20           111370    interval
c rephased:                                33            67497    interval
c restarts:                             56344               40    interval
c strengthened:                           382                0 %  checks
c subsumed:                              4709                0 %  checks
c switched:                                45            49498    interval
c vivified:                             49291               43 %  checks
c walks:                                   11           202491    interval
c
c ---- [ glue usage ] --------------------------------------------------------
c
c focused glue 3   used 1039761 clauses 21.27% accumulated 56.57% tier1
c focused glue 4   used  558814 clauses 11.43% accumulated 68.00%
c focused glue 5-6 used  623363 clauses 12.75% accumulated 80.75%
c focused glue 7   used  251294 clauses  5.14% accumulated 85.89%
c focused glue 8   used  205866 clauses  4.21% accumulated 90.10% tier2
c
c stable glue 4    used  721357 clauses  9.50% accumulated 53.74% tier1
c stable glue 5    used  510630 clauses  6.72% accumulated 60.47%
c stable glue 6-10 used 1962293 clauses 25.84% accumulated 86.31%
c stable glue 11   used  230095 clauses  3.03% accumulated 89.34%
c stable glue 12   used  190050 clauses  2.50% accumulated 91.84% tier2
c
c ---- [ resources ] ---------------------------------------------------------
c
c maximum-resident-set-size:     123748745216 bytes     118016 MB
c process-time:                            46s              45.66 seconds
c
c ---- [ shutting down ] -----------------------------------------------------
c
c exit 20
