c ---- [ banner ] ------------------------------------------------------------
c
c Kissat SAT Solver
c 
c Copyright (c) 2021-2024 Armin Biere University of Freiburg
c Copyright (c) 2019-2021 Armin Biere Johannes Kepler University Linz
c 
c Version 4.0.4 8af8e56f174b778aef3aa45af9f739b2a5f492c2
c Apple clang version 17.0.0 (clang-1700.6.3.2) -W -Wall -O3 -DNDEBUG
c Mon Mar 30 18:25:47 CEST 2026 Darwin Mac 24.6.0 arm64
c
c ---- [ parsing ] -----------------------------------------------------------
c
c opened and reading DIMACS file:
c
c   tmp.cnf
c
c parsed 'p cnf 105 11440' header
c closing input after reading 246057 bytes (240 KB)
c finished parsing after 0.00 seconds
c
c ---- [ solving ] -----------------------------------------------------------
c
c seconds switched rate     size/glue tier1 binary      remaining
c        MB reductions conflicts size  tier2   irredundant
c         level restarts redundant glue  trail      variables
c
c *  0.00  3 0 0 0  0 0   0   0 0.0 0 0 0 0 0%   0 11440 99 100%
c (  0.00  4 0 0 0  0 0   0   0 0.0 0 0 0 0 0%   0 11440 99 100%
c .  0.00  4 0 0 0  0 0   0   0 0.0 0 0 0 0 0%   0 11440 99 100%
c f  0.03  4 0 0 0  0 0   0   0 0.0 0 0 0 0 0% 136 6947 167 169%
c )  0.03  4 0 0 0  0 0   0   0 0.0 0 0 0 0 0% 136 6947 167 169%
c {  0.03  4 0 0 0  0 0   0   0 0.0 0 0 2 6 0% 136 6947 167 169%
c -  0.04  5 17 0 1 165 3 1001 629 1.7 13 8 6 10 57% 136 6947 167 169%
c }  0.04  5 17 1 1 165 3 1001 629 1.7 13 8 6 10 57% 136 6947 167 169%
c [  0.04  5 0 1 1 165 0 1001 629 0.0 0 0 2 6 0% 136 6947 167 169%
c B  0.04  5 0 1 1 165 0 1001 629 0.0 0 0 2 6 0% 136 6947 167 169%
c -  0.04  5 49 1 2 165 1 2002 1456 1.5 17 11 7 14 77% 136 6947 167 169%
c W  0.04  5 49 1 2 165 1 2002 1456 1.5 17 11 7 14 77% 136 6947 167 169%
c ]  0.04  5 39 2 2 166 1 2601 1995 1.5 17 11 7 14 72% 136 6947 167 169%
c {  0.04  5 17 2 2 166 3 2601 1995 1.7 13 8 6 10 57% 136 6947 167 169%
c u  0.05  5 17 2 2 194 3 3095 2412 1.8 14 8 6 10 57% 136 6947 167 169%
c v  0.05  5 17 2 2 194 3 3095 2383 1.8 14 8 6 10 57% 136 6947 167 169%
c w  0.05  5 17 2 2 194 3 3095 2367 1.8 14 8 6 10 57% 136 6947 167 169%
c -  0.06  5 17 2 3 226 3 3416 2408 1.7 13 8 6 10 55% 136 6947 167 169%
c }  0.06  5 16 3 3 279 3 3601 2551 1.7 13 8 6 10 54% 136 6947 167 169%
c [  0.06  5 39 3 3 279 1 3601 2551 1.5 17 11 7 14 72% 136 6947 167 169%
c
c seconds  switched  rate       size/glue  tier1    binary      remaining
c        MB reductions conflicts      size   tier2    irredundant
c         level restarts   redundant     glue    trail      variables
c
c I  0.06  5 33 3 3 279 1 4262 3123 1.5 16 11 7 14 69% 136 6947 167 169%
c -  0.07  5 30 3 4 280 1 5148 3346 1.5 16 11 7 14 65% 136 6947 167 169%
c ]  0.07  5 29 4 4 280 1 5640 3745 1.4 17 12 7 14 64% 136 6947 167 169%
c {  0.07  5 16 4 4 280 3 5640 3745 1.7 13 8 6 10 54% 136 6947 167 169%
c -  0.08  5 16 4 5 413 3 7148 4264 1.6 13 8 6 10 56% 136 6947 167 169%
c }  0.08  5 15 5 5 413 2 7992 5032 1.7 13 8 6 10 56% 136 6947 167 169%
c [  0.08  5 29 5 5 413 1 7992 5032 1.4 17 12 7 14 64% 136 6947 167 169%
c B  0.08  5 29 5 5 413 1 8033 5067 1.4 17 12 7 14 64% 136 6947 167 169%
c -  0.09  5 27 5 6 414 1 9385 5238 1.4 17 12 7 15 63% 136 6947 167 169%
c u  0.10  5 26 5 6 414 1 9532 5315 1.4 17 12 7 15 63% 136 6947 167 169%
c v  0.10  5 26 5 6 414 1 9532 5282 1.4 17 12 7 15 63% 136 6947 167 169%
c w  0.10  5 26 5 6 414 1 9532 5278 1.4 17 12 7 15 63% 136 6947 167 169%
c ]  0.12  5 25 6 6 415 1 10955 6493 1.4 17 12 7 15 62% 136 6947 167 169%
c {  0.12  5 15 6 6 415 2 10955 6493 1.7 13 8 6 10 56% 136 6947 167 169%
c o  0.12  5 15 6 6 420 2 10986 6522 1.7 13 8 6 10 56% 136 6947 167 169%
c -  0.13  6 16 6 7 444 2 11835 5879 1.7 13 8 5 9 59% 136 6947 167 169%
c -  0.15  6 15 6 8 489 2 14481 6988 1.8 13 7 5 9 59% 136 6947 167 169%
c }  0.15  6 15 7 8 495 2 15024 7473 1.8 13 7 5 9 60% 136 6947 167 169%
c [  0.15  6 25 7 8 495 1 15024 7473 1.4 17 12 7 15 62% 136 6947 167 169%
c W  0.15  7 25 7 8 495 1 15024 7473 1.4 17 12 7 15 62% 136 6947 167 169%
c
c seconds  switched  rate        size/glue  tier1    binary      remaining
c        MB reductions conflicts       size   tier2    irredundant
c         level restarts    redundant     glue    trail      variables
c
c e  0.16  7 25 7 8 495 1 15472 7853 1.4 17 12 7 15 61%  90 4103 115 116%
c ^  0.17  7 25 7 8 495 1 15472 7853 1.4 17 12 7 15 61%  90 4103 115 116%
c -  0.18  7 25 7 9 497 1 17312 4984 1.4 18 13 7 16 63%  90 4103 115 116%
c u  0.19  7 24 7 9 498 1 19528 6646 1.3 18 14 7 16 64%  90 4103 115 116%
c v  0.19  7 24 7 9 498 1 19528 6629 1.3 18 14 7 16 64%  90 4103 115 116%
c w  0.20  8 24 7 9 498 1 19528 6623 1.3 18 14 7 16 64%  90 4103 115 116%
c x  0.20  9 24 7 9 498 1 19528 6622 1.3 18 14 7 16 64%  90 4102 115 116%
c f  0.20  9 24 7 9 498 1 19528 6622 1.3 18 14 7 16 64% 100 4076 120 121%
c u  0.20  9 24 7 9 498 1 19528 6593 1.3 18 14 7 16 64% 100 4076 120 121%
c v  0.20  9 24 7 9 498 1 19528 6572 1.3 18 14 7 16 64% 100 4076 120 121%
c w  0.20 10 24 7 9 498 1 19528 6553 1.3 18 14 7 16 64% 100 4076 120 121%
c -  0.21 10 24 7 10 499 1 20312 5812 1.3 18 14 7 17 65% 100 4076 120 121%
c ]  0.22 10 24 8 10 500 1 21576 6899 1.3 18 14 7 17 65% 100 4076 120 121%
c {  0.22 10 15 8 10 500 2 21576 6899 1.8 13 7 5 9 60% 100 4076 120 121%
c o  0.22 10 15 8 10 527 2 21662 6960 1.8 13 7 5 9 60% 100 4076 120 121%
c -  0.24 10 15 8 11 881 2 23477 7304 1.7 13 8 5 9 60% 100 4076 120 121%
c -  0.27 10 15 8 12 1425 2 26793 8799 1.6 13 8 5 9 60% 100 4076 120 121%
c }  0.28 10 15 9 12 1476 2 27735 9601 1.6 13 8 5 9 60% 100 4076 120 121%
c [  0.28 10 24 9 12 1476 1 27735 9601 1.3 18 14 7 17 65% 100 4076 120 121%
c O  0.28 10 24 9 12 1476 1 27735 9601 1.3 18 14 7 17 65% 100 4076 120 121%
c
c seconds  switched    rate        size/glue  tier1    binary      remaining
c        MB  reductions  conflicts       size   tier2    irredundant
c         level   restarts    redundant     glue    trail      variables
c
c -  0.30 10 23 9 13 1478 1 30257 9857 1.3 18 13 7 16 66% 100 4076 120 121%
c s  0.31 10 22 9 13 1479 1 32234 11467 1.3 18 13 7 16 66% 100 4057 120 121%
c e  0.31 10 22 9 13 1479 1 32234 11467 1.3 18 13 7 16 66%  94 4066 117 118%
c ^  0.31 10 22 9 13 1479 1 32234 11467 1.3 18 13 7 16 66%  94 4066 117 118%
c -  0.33 11 21 9 14 1480 1 33862 10171 1.3 17 13 7 15 66%  94 4066 117 118%
c u  0.33 12 21 9 14 1481 1 34460 10648 1.4 17 13 7 15 66%  94 4066 117 118%
c v  0.34 12 21 9 14 1481 1 34460 10578 1.4 17 13 7 15 66%  94 4066 117 118%
c w  0.34 12 21 9 14 1481 1 34460 10545 1.4 17 13 7 15 66%  94 4066 117 118%
c ]  0.37 12 21 10 14 1482 1 36378 12074 1.4 17 13 7 15 66%  94 4066 117 118%
c {  0.37 12 15 10 14 1482 2 36378 12074 1.6 13 8 5 9 60%  94 4066 117 118%
c -  0.39 12 15 10 15 1706 2 37605 10912 1.6 13 8 5 9 60%  94 4066 117 118%
c -  0.44 13 15 10 16 2312 2 41479 12117 1.6 13 8 5 9 62%  94 4066 117 118%
c o  0.44 13 15 10 16 2346 2 41913 12495 1.6 13 8 5 9 62%  94 4066 117 118%
c }  0.48 13 15 11 16 2640 2 45006 15186 1.6 13 8 5 9 62%  94 4066 117 118%
c [  0.48 13 21 11 16 2640 1 45006 15186 1.4 17 13 7 15 66%  94 4066 117 118%
c B  0.48 13 21 11 16 2640 1 45006 15186 1.4 17 13 7 15 66%  94 4066 117 118%
c -  0.48 13 21 11 17 2640 1 45480 13167 1.4 17 13 7 15 66%  94 4066 117 118%
c -  0.51 13 21 11 18 2643 1 49603 13514 1.4 17 13 7 15 67%  94 4066 117 118%
c u  0.55 13 21 11 18 2646 1 53695 16810 1.3 18 13 7 15 67%  94 4066 117 118%
c v  0.55 14 21 11 18 2646 1 53695 16780 1.3 18 13 7 15 67%  94 4066 117 118%
c
c seconds   switched    rate         size/glue  tier1    binary      remaining
c        MB   reductions  conflicts        size   tier2    irredundant
c         level    restarts     redundant     glue    trail      variables
c
c w  0.55 14 21 11 18 2646 1 53695 16773 1.3 18 13 7 15 67%  94 4066 117 118%
c -  0.56 14 21 11 19 2646 1 53846 13322 1.3 18 13 7 15 67%  94 4066 117 118%
c W  0.59 15 21 11 19 2646 1 57229 16037 1.3 18 13 7 15 67%  94 4066 117 118%
c -  0.60 16 21 11 20 2647 1 58204 13247 1.3 18 13 7 15 67%  94 4066 117 118%
c ]  0.62 16 21 12 20 2649 1 60272 14869 1.3 18 13 7 15 67%  94 4066 117 118%
c {  0.62 16 15 12 20 2649 2 60272 14869 1.6 13 8 5 9 62%  94 4066 117 118%
c -  0.65 16 16 12 21 2876 2 62676 12945 1.6 13 8 4 9 63%  94 4066 117 118%
c -  0.71 16 16 12 22 3326 2 67258 14581 1.6 13 8 4 9 64%  94 4066 117 118%
c e  0.73 16 16 12 22 3496 2 68621 15776 1.6 13 8 4 9 64%  82 4090 111 112%
c ^  0.73 16 16 12 22 3496 2 68621 15776 1.6 13 8 4 9 64%  82 4090 111 112%
c }  0.76 16 15 13 22 3536 2 71751 17665 1.6 13 8 4 9 64%  83 4090 111 112%
c [  0.76 16 21 13 22 3536 1 71751 17665 1.3 18 13 7 15 67%  83 4090 111 112%
c -  0.77 16 21 13 23 3536 1 71949 15132 1.3 18 13 7 15 67%  83 4090 111 112%
c I  0.77 16 21 13 23 3536 1 72133 15294 1.3 18 13 7 15 67%  83 4090 111 112%
c o  0.77 16 21 13 23 3536 1 72133 15294 1.3 18 13 7 15 67%  83 4090 111 112%
c -  0.80 16 21 13 24 3539 1 76745 15537 1.3 18 13 7 15 68%  83 4090 111 112%
c u  0.82 16 21 13 24 3540 1 77364 15878 1.3 18 13 7 15 68%  83 4090 111 112%
c v  0.82 17 21 13 24 3540 1 77364 15803 1.3 18 13 7 15 68%  83 4090 111 112%
c w  0.83 17 21 13 24 3540 1 77364 15790 1.3 18 13 7 15 68%  83 4090 111 112%
c -  0.86 17 21 13 25 3542 1 81643 14577 1.3 18 13 7 15 68%  83 4090 111 112%
c
c seconds   switched    rate         size/glue  tier1    binary      remaining
c        MB   reductions  conflicts        size   tier2    irredundant
c         level    restarts     redundant     glue    trail      variables
c
c -  0.91 17 20 13 26 3545 1 86644 14222 1.3 18 13 7 15 67%  83 4090 111 112%
c B  0.93 17 20 13 26 3547 1 89935 16586 1.3 18 13 7 15 67%  83 4090 111 112%
c ]  0.94 17 20 14 26 3548 1 90840 17258 1.3 18 13 7 15 67%  83 4090 111 112%
c {  0.94 17 15 14 26 3548 2 90840 17258 1.6 13 8 4 9 64%  83 4090 111 112%
c -  0.95 17 15 14 27 3575 2 91746 15143 1.6 13 8 4 9 65%  83 4090 111 112%
c -  1.02 17 15 14 28 3888 2 96944 16926 1.6 13 8 4 9 65%  83 4090 111 112%
c -  1.09 17 15 14 29 4505 2 102236 18566 1.6 13 8 4 9 65%  83 4090 111 112%
c }  1.14 17 15 15 29 4869 2 105555 21313 1.6 13 8 4 9 64%  83 4090 111 112%
c [  1.14 17 20 15 29 4869 1 105555 21313 1.3 18 13 7 15 67%  83 4090 111 112%
c u  1.15 17 20 15 29 4869 1 105616 21301 1.3 18 13 7 15 67%  83 4090 111 112%
c v  1.16 19 20 15 29 4869 1 105616 21245 1.3 18 13 7 15 67%  83 4090 111 112%
c w  1.17 19 20 15 29 4869 1 105616 21234 1.3 18 13 7 15 67%  83 4090 111 112%
c -  1.19 19 20 15 30 4870 1 107621 19196 1.3 18 14 7 15 67%  83 4090 111 112%
c W  1.22 19 20 15 30 4873 1 110848 21743 1.3 18 13 7 15 67%  83 4090 111 112%
c -  1.24 20 20 15 31 4874 1 113099 18922 1.3 18 14 7 15 67%  83 4090 111 112%
c -  1.30 20 20 15 32 4876 1 118666 18848 1.3 18 13 7 15 67%  83 4090 111 112%
c -  1.36 20 20 15 33 4880 1 124323 19584 1.3 18 13 7 15 67%  83 4090 111 112%
c ]  1.38 20 20 16 33 4881 1 126332 21322 1.3 18 13 7 15 67%  83 4090 111 112%
c {  1.38 20 15 16 33 4881 2 126332 21322 1.6 13 8 4 9 64%  83 4090 111 112%
c o  1.38 20 15 16 33 4889 2 126376 21365 1.6 13 8 4 9 64%  83 4090 111 112%
c
c seconds   switched    rate          size/glue tier1   binary      remaining
c        MB   reductions  conflicts         size  tier2   irredundant
c         level    restarts      redundant    glue   trail      variables
c
c e  1.40 20 15 16 33 4935 2 127204 22094 1.6 13 8 4 9 65%  69 4129 104 105%
c s  1.40 20 15 16 33 4935 2 127204 22094 1.6 13 8 4 9 65%  69 4126 104 105%
c ^  1.40 20 15 16 33 4935 2 127204 22094 1.6 13 8 4 9 65%  69 4126 104 105%
c -  1.44 20 15 16 34 5090 2 130068 19925 1.6 13 8 4 9 65%  69 4126 104 105%
c -  1.52 20 15 16 35 5368 2 135898 21383 1.6 13 8 4 9 65%  69 4126 104 105%
c u  1.56 22 15 16 35 5564 2 138631 23103 1.6 13 8 4 9 65%  71 4126 104 105%
c v  1.58 22 15 16 35 5564 2 138631 22749 1.6 13 8 4 9 65%  71 4126 104 105%
c w  1.58 22 15 16 35 5564 2 138631 22670 1.6 13 8 4 9 65%  71 4126 104 105%
c t  1.59 22 15 16 35 5564 2 138631 22670 1.6 13 8 4 9 65%  70 4126 104 105%
c -  1.63 22 14 16 36 5690 2 141816 21191 1.6 13 8 4 9 65%  70 4126 104 105%
c }  1.67 22 14 17 36 5946 2 144672 23584 1.6 13 8 4 9 64%  70 4126 104 105%
c [  1.67 22 20 17 36 5946 1 144672 23584 1.3 18 13 7 15 67%  70 4126 104 105%
c O  1.67 22 20 17 36 5946 1 144672 23584 1.3 18 13 7 15 67%  70 4126 104 105%
c -  1.70 22 20 17 37 5948 1 147816 21930 1.3 18 13 7 15 67%  70 4126 104 105%
c -  1.76 22 19 17 38 5952 1 153901 22469 1.3 17 13 7 15 66%  70 4126 104 105%
c -  1.82 23 19 17 39 5955 1 160065 22386 1.3 17 13 6 14 66%  70 4126 104 105%
c -  1.89 23 19 17 40 5959 1 166309 23018 1.4 17 13 6 14 66%  70 4126 104 105%
c ]  1.91 23 19 18 40 5959 1 168606 24959 1.4 17 13 6 14 66%  70 4126 104 105%
c {  1.91 23 14 18 40 5959 2 168606 24959 1.6 13 8 4 9 64%  70 4126 104 105%
c -  1.98 23 14 18 41 6119 2 172633 24484 1.6 13 8 4 9 64%  70 4126 104 105%
c
c seconds   switched    rate          size/glue tier1   binary      remaining
c        MB   reductions  conflicts         size  tier2   irredundant
c         level    restarts      redundant    glue   trail      variables
c
c u  2.05 23 14 18 41 6164 2 176478 26707 1.6 13 8 4 9 63%  73 4126 104 105%
c v  2.07 23 14 18 41 6164 2 176478 26674 1.6 13 8 4 9 63%  73 4126 104 105%
c w  2.07 23 14 18 41 6164 2 176478 26592 1.6 13 8 4 9 63%  73 4126 104 105%
c x  2.08 23 14 18 41 6164 2 176478 26592 1.6 13 8 4 9 63%  73 3868 104 105%
c t  2.08 23 14 18 41 6164 2 176478 26592 1.6 13 8 4 9 63%  71 3868 104 105%
c o  2.08 23 14 18 41 6164 2 176478 26592 1.6 13 8 4 9 63%  71 3868 104 105%
c -  2.13 23 14 18 42 6353 2 179037 24348 1.6 13 8 4 9 63%  71 3868 104 105%
c -  2.23 23 14 18 43 6778 2 185518 24890 1.5 13 8 4 9 63%  71 3868 104 105%
c }  2.33 23 14 19 43 7209 2 190951 29212 1.5 13 8 4 9 62%  71 3868 104 105%
c [  2.33 23 19 19 43 7209 1 190951 29212 1.4 17 13 6 14 66%  71 3868 104 105%
c B  2.33 23 19 19 43 7209 1 190951 29212 1.4 17 13 6 14 66%  71 3868 104 105%
c -  2.34 23 19 19 44 7210 1 192075 25576 1.4 17 13 6 14 66%  71 3868 104 105%
c -  2.42 23 19 19 45 7214 1 198709 25507 1.4 18 13 6 14 66%  71 3868 104 105%
c -  2.50 23 19 19 46 7217 1 205420 25057 1.4 18 13 6 14 66%  71 3868 104 105%
c s  2.55 23 19 19 46 7221 1 210376 29163 1.4 18 13 6 14 66%  71 3707 104 105%
c e  2.55 23 19 19 46 7221 1 210376 29163 1.4 18 13 6 14 66%  67 3722 102 103%
c ^  2.55 23 19 19 46 7221 1 210376 29163 1.4 18 13 6 14 66%  67 3722 102 103%
c -  2.58 24 19 19 47 7222 1 212204 24841 1.4 18 13 6 14 66%  67 3722 102 103%
c -  2.65 24 19 19 48 7223 1 219060 25670 1.4 18 13 6 14 66%  67 3722 102 103%
c u  2.68 27 19 19 48 7223 1 219757 26185 1.4 18 13 6 14 66%  67 3722 102 103%
c
c seconds   switched    rate          size/glue  tier1    binary      remaining
c        MB   reductions  conflicts         size   tier2    irredundant
c         level    restarts      redundant     glue    trail      variables
c
c v  2.70 27 19 19 48 7223 1 219757 26066 1.4 18 13 6 14 66%  67 3722 102 103%
c w  2.71 27 19 19 48 7223 1 219757 26036 1.4 18 13 6 14 66%  67 3722 102 103%
c W  2.74 27 19 19 48 7223 1 222401 28341 1.4 18 13 6 14 67%  67 3722 102 103%
c -  2.78 28 19 19 49 7225 1 225989 26378 1.4 18 13 6 14 67%  67 3722 102 103%
c ]  2.82 28 19 20 49 7229 1 231407 30526 1.4 18 13 6 14 66%  67 3722 102 103%
c {  2.82 28 14 20 49 7229 2 231407 30526 1.5 13 8 4 9 62%  67 3722 102 103%
c -  2.86 30 14 20 50 7432 2 232989 25894 1.5 13 8 4 9 62%  67 3722 102 103%
c o  2.91 30 14 20 50 7636 2 236509 28875 1.5 13 8 4 9 62%  67 3722 102 103%
c -  2.96 30 13 20 51 7824 2 240060 27158 1.5 13 8 4 9 62%  67 3722 102 103%
c -  3.07 30 13 20 52 8274 2 247201 28831 1.5 13 8 4 9 62%  67 3722 102 103%
c -  3.20 30 13 20 53 8975 2 254413 30009 1.5 13 8 4 9 62%  67 3722 102 103%
c }  3.28 30 14 21 53 9506 2 258147 33207 1.5 13 8 4 9 62%  67 3722 102 103%
c [  3.28 30 19 21 53 9506 1 258147 33207 1.4 18 13 6 14 66%  67 3722 102 103%
c I  3.28 30 19 21 53 9506 1 258147 33207 1.4 18 13 6 14 66%  67 3722 102 103%
c -  3.31 30 19 21 54 9508 1 261696 30544 1.4 18 13 6 14 66%  67 3722 102 103%
c u  3.40 31 19 21 54 9512 1 268524 36405 1.4 18 13 6 14 66%  67 3722 102 103%
c v  3.42 31 19 21 54 9512 1 268524 36358 1.4 18 13 6 14 66%  67 3722 102 103%
c w  3.43 31 19 21 54 9512 1 268524 36339 1.4 18 13 6 14 66%  67 3722 102 103%
c -  3.45 32 19 21 55 9512 1 269046 30484 1.4 18 13 6 14 66%  67 3722 102 103%
c -  3.54 32 19 21 56 9517 1 276463 30811 1.4 18 13 6 14 66%  67 3722 102 103%
c
c seconds   switched    rate          size/glue  tier1    binary      remaining
c        MB   reductions  conflicts         size   tier2    irredundant
c         level    restarts      redundant     glue    trail      variables
c
c -  3.63 32 19 21 57 9520 1 283946 30798 1.4 18 13 6 14 66%  67 3722 102 103%
c -  3.72 32 18 21 58 9521 1 291496 32163 1.4 18 13 6 14 65%  67 3722 102 103%
c B  3.79 32 18 21 58 9526 1 297587 36811 1.4 17 13 6 14 65%  67 3722 102 103%
c ]  3.80 32 18 22 58 9526 1 298332 37371 1.4 17 13 6 14 65%  67 3722 102 103%
c {  3.80 32 14 22 58 9526 2 298332 37371 1.5 13 8 4 9 62%  67 3722 102 103%
c -  3.81 32 14 22 59 9554 2 299112 32906 1.5 13 8 4 9 62%  67 3722 102 103%
c -  3.93 32 13 22 60 9666 2 306793 34233 1.6 13 8 4 9 63%  67 3722 102 103%
c o  3.96 32 13 22 60 9684 2 309440 36561 1.6 13 8 4 9 63%  67 3722 102 103%
c -  4.06 32 13 22 61 9818 2 314539 35480 1.6 13 8 4 8 63%  67 3722 102 103%
c e  4.16 32 13 22 61 9896 2 322289 42068 1.6 13 8 4 8 63%  52 3863 93 94%
c s  4.16 32 13 22 61 9896 2 322289 42068 1.6 13 8 4 8 63%  52 3860 93 94%
c !  4.16 32 13 22 61 9896 2 322289 42068 1.6 13 8 4 8 63%  52 3860 93 94%
c -  4.16 33 13 22 62 9896 2 322349 21454 1.6 13 8 4 8 63%  52 3860 93 94%
c u  4.19 33 13 22 62 9896 2 322572 21367 1.6 13 8 4 8 63%  52 3860 93 94%
c v  4.21 33 13 22 62 9896 2 322572 20457 1.6 13 8 4 8 63%  53 3860 93 94%
c w  4.22 33 13 22 62 9896 2 322572 20288 1.6 13 8 4 8 63%  53 3860 93 94%
c t  4.22 33 13 22 62 9896 2 322572 20288 1.6 13 8 4 8 63%  52 3860 93 94%
c f  4.22 33 13 22 62 9896 2 322572 20288 1.6 13 8 4 8 63%  56 3818 95 96%
c u  4.24 34 13 22 62 9896 2 322572 19931 1.6 13 8 4 8 63%  57 3818 95 96%
c v  4.26 34 13 22 62 9896 2 322572 19314 1.6 13 8 4 8 63%  57 3818 95 96%
c
c seconds   switched    rate          size/glue tier1   binary     remaining
c        MB   reductions  conflicts         size  tier2   irredundant
c         level    restarts      redundant    glue   trail     variables
c
c w  4.27 34 13 22 62 9896 2 322572 19292 1.6 13 8 4 8 63%  57 3818 95 96%
c t  4.38 35 13 22 62 9896 2 322572 19292 1.6 13 8 4 8 63%  56 3818 95 96%
c }  4.46 35 13 23 62 10009 2 329849 25380 1.6 13 8 4 8 64%  57 3818 95 96%
c [  4.46 35 18 23 62 10009 1 329849 25380 1.4 17 13 6 14 65%  57 3818 95 96%
c -  4.46 35 18 23 63 10009 1 330223 23589 1.4 17 13 6 14 65%  57 3818 95 96%
c -  4.53 35 18 23 64 10014 1 338160 27584 1.4 17 12 6 14 65%  57 3818 95 96%
c W  4.57 35 17 23 64 10015 1 341298 30161 1.4 17 12 6 14 65%  57 3818 95 96%
c -  4.62 35 18 23 65 10018 1 346160 28464 1.4 17 12 6 14 65%  57 3818 95 96%
c -  4.71 35 18 23 66 10022 1 354222 27507 1.4 17 12 6 14 65%  57 3818 95 96%
c -  4.81 35 18 23 67 10023 1 362346 27479 1.4 17 12 6 14 65%  57 3818 95 96%
c ]  4.90 35 18 24 67 10028 1 369440 32917 1.4 17 12 6 14 65%  57 3818 95 96%
c {  4.90 35 13 24 67 10028 2 369440 32917 1.6 13 8 4 8 64%  57 3818 95 96%
c -  4.92 35 13 24 68 10163 2 370531 28979 1.6 13 8 4 8 64%  57 3818 95 96%
c -  5.08 35 13 24 69 10877 2 378777 31042 1.6 13 8 4 8 64%  57 3818 95 96%
c u  5.15 36 13 24 69 11127 2 381826 33610 1.6 13 8 4 8 64%  59 3818 95 96%
c v  5.16 36 13 24 69 11127 2 381826 33536 1.6 13 8 4 8 64%  59 3818 95 96%
c w  5.17 36 13 24 69 11127 2 381826 33501 1.6 13 8 4 8 64%  59 3818 95 96%
c x  5.18 36 13 24 69 11127 2 381826 33499 1.6 13 8 4 8 64%  59 3815 95 96%
c t  5.18 36 13 24 69 11127 2 381826 33499 1.6 13 8 4 8 64%  57 3815 95 96%
c -  5.31 38 13 24 70 11971 2 387083 32280 1.6 13 8 4 8 64%  57 3815 95 96%
c
c seconds   switched     rate          size/glue tier1   binary     remaining
c        MB   reductions   conflicts         size  tier2   irredundant
c         level    restarts       redundant    glue   trail     variables
c
c o  5.35 38 13 24 70 12152 2 389441 34140 1.6 13 8 4 8 64%  57 3815 95 96%
c -  5.47 38 13 24 71 12709 2 395450 33181 1.5 13 8 4 8 63%  57 3815 95 96%
c -  5.60 38 13 24 72 13175 2 403876 34401 1.6 13 8 4 8 64%  57 3815 95 96%
c }  5.64 38 13 25 72 13320 2 406117 36374 1.6 13 8 4 8 64%  57 3815 95 96%
c [  5.64 38 18 25 72 13320 1 406117 36374 1.4 17 12 6 14 65%  57 3815 95 96%
c O  5.64 38 18 25 72 13320 1 406117 36374 1.4 17 12 6 14 65%  57 3815 95 96%
c -  5.72 39 18 25 73 13324 1 412361 34334 1.4 17 12 6 13 65%  57 3815 95 96%
c -  5.82 39 17 25 74 13329 1 420905 33969 1.4 17 12 6 13 65%  57 3815 95 96%
c -  5.94 39 17 25 75 13333 1 429508 34921 1.4 17 12 5 13 65%  57 3815 95 96%
c -  6.07 39 17 25 76 13334 1 438169 36658 1.4 16 12 5 13 64%  57 3815 95 96%
c u  6.20 43 17 25 76 13340 1 446551 43123 1.4 16 12 5 13 64%  57 3815 95 96%
c v  6.23 44 17 25 76 13340 1 446551 41272 1.4 16 12 5 13 64%  57 3815 95 96%
c w  6.25 44 17 25 76 13340 1 446551 38897 1.4 16 12 5 13 64%  57 3815 95 96%
c -  6.26 45 17 25 77 13340 1 446886 34672 1.4 16 12 5 13 64%  57 3815 95 96%
c -  6.37 45 16 25 78 13344 1 455660 35915 1.4 16 12 5 13 64%  57 3815 95 96%
c B  6.40 45 16 25 78 13347 1 458904 38417 1.4 16 12 5 13 64%  57 3815 95 96%
c ]  6.41 45 16 26 78 13347 1 459925 39264 1.4 16 12 5 13 64%  57 3815 95 96%
c {  6.41 45 13 26 78 13347 2 459925 39264 1.6 13 8 4 8 64%  57 3815 95 96%
c s  6.46 45 13 26 78 13523 2 462948 41651 1.6 13 8 4 8 64%  57 3791 95 96%
c e  6.46 45 13 26 78 13523 2 462948 41651 1.6 13 8 4 8 64%  56 3806 94 95%
c
c seconds   switched     rate          size/glue tier1   binary     remaining
c        MB   reductions   conflicts         size  tier2   irredundant
c         level    restarts       redundant    glue   trail     variables
c
c -  6.51 48 13 26 79 13757 2 464493 31777 1.5 13 8 3 8 64%  56 3806 94 95%
c -  6.68 48 13 26 80 14447 2 473381 31659 1.5 13 8 3 8 64%  56 3806 94 95%
c o  6.79 48 13 26 80 14787 2 480838 37809 1.5 13 8 3 8 64%  57 3806 94 95%
c -  6.83 48 13 26 81 15007 2 482325 32259 1.5 13 8 3 8 64%  57 3806 94 95%
c -  6.97 48 13 26 82 15565 2 491325 32624 1.5 13 8 3 8 64%  57 3806 94 95%
c -  7.14 48 13 26 83 16291 2 500382 33142 1.5 13 9 3 8 64%  58 3806 94 95%
c }  7.16 48 13 27 83 16291 2 502144 34335 1.5 13 8 3 8 63%  58 3806 94 95%
c [  7.16 48 16 27 83 16291 1 502144 34335 1.4 16 12 5 13 64%  58 3806 94 95%
c -  7.25 48 16 27 84 16296 1 509494 33302 1.4 16 11 5 13 64%  59 3806 94 95%
c W  7.33 50 16 27 84 16299 1 516488 38569 1.4 16 11 5 13 64%  59 3806 94 95%
c u  7.37 51 16 27 84 16300 1 516845 38449 1.4 16 11 5 13 64%  62 3806 94 95%
c v  7.40 51 16 27 84 16300 1 516845 37603 1.4 16 11 5 13 64%  63 3806 94 95%
c w  7.42 51 16 27 84 16300 1 516845 35463 1.4 16 11 5 13 64%  63 3806 94 95%
c t  7.42 51 16 27 84 16300 1 516845 35463 1.4 16 11 5 13 64%  59 3806 94 95%
c -  7.44 52 16 27 85 16300 1 518660 29972 1.4 16 11 5 13 64%  59 3806 94 95%
c -  7.53 52 16 27 86 16305 1 527880 31228 1.4 16 11 5 13 64%  59 3806 94 95%
c -  7.63 52 16 27 87 16307 1 537155 32390 1.4 16 11 5 13 64%  59 3806 94 95%
c -  7.73 52 16 27 88 16312 1 546484 32558 1.4 16 11 5 13 64%  59 3806 94 95%
c -  7.85 52 15 27 89 16318 1 555864 32801 1.4 16 11 5 12 64%  59 3806 94 95%
c -  7.95 52 15 27 90 16320 1 565297 34180 1.4 15 11 5 12 64%  59 3806 94 95%
c
c seconds   switched     rate          size/glue  tier1    binary     remaining
c        MB   reductions   conflicts         size   tier2    irredundant
c         level    restarts       redundant     glue    trail     variables
c
c ]  8.01 52 15 28 90 16321 1 571169 38953 1.4 15 11 5 12 64%  59 3806 94 95%
c {  8.01 52 13 28 90 16321 2 571169 38953 1.5 13 8 3 8 63%  59 3806 94 95%
c -  8.07 52 13 28 91 16436 2 574783 34300 1.5 13 8 3 8 63%  59 3806 94 95%
c o  8.18 52 13 28 91 16947 2 580928 39045 1.5 13 8 3 8 63%  60 3806 94 95%
c -  8.24 52 13 28 92 17057 2 584322 34244 1.5 13 8 3 8 63%  60 3806 94 95%
c u  8.40 52 13 28 92 17464 2 592799 40601 1.5 13 8 3 8 63%  60 3806 94 95%
c v  8.43 52 13 28 92 17464 2 592799 40422 1.5 13 8 3 8 63%  60 3806 94 95%
c w  8.44 53 13 28 92 17464 2 592799 40303 1.5 13 8 3 8 63%  60 3806 94 95%
c t  8.45 53 13 28 92 17464 2 592799 40303 1.5 13 8 3 8 63%  59 3806 94 95%
c -  8.46 53 13 28 93 17503 2 593913 34721 1.5 13 8 3 8 63%  59 3806 94 95%
c -  8.61 53 13 28 94 17854 2 603558 35474 1.5 13 8 3 8 63%  60 3806 94 95%
c -  8.77 53 13 28 95 18503 2 613253 36238 1.5 13 8 3 8 63%  61 3806 94 95%
c }  8.86 53 13 29 95 18804 2 619307 40533 1.5 13 8 3 8 63%  62 3806 94 95%
c [  8.86 53 15 29 95 18804 1 619307 40533 1.4 15 11 5 12 64%  62 3806 94 95%
c I  8.86 53 15 29 95 18804 1 619307 40533 1.4 15 11 5 12 64%  62 3806 94 95%
c -  8.90 53 15 29 96 18806 1 623001 36172 1.4 15 11 5 12 64%  62 3806 94 95%
c -  9.02 53 15 29 97 18811 1 632799 36516 1.4 15 11 5 12 63%  62 3806 94 95%
c s  9.06 53 15 29 97 18813 1 635326 38542 1.4 15 11 5 12 63%  62 3294 94 95%
c -  9.16 53 15 29 98 18817 1 642647 36643 1.4 15 10 5 12 63%  63 3294 94 95%
c -  9.28 53 14 29 99 18819 1 652548 36349 1.4 15 10 5 12 63%  63 3294 94 95%
c
c seconds   switched     rate          size/glue  tier1    binary     remaining
c        MB   reductions   conflicts         size   tier2    irredundant
c         level    restarts       redundant     glue    trail     variables
c
c i  9.39 53 14 29 99 18824 1 660484 41439 1.4 14 10 5 12 63%  73 3294 92 93%
c -  9.41 53 14 29 100 18825 1 662499 19914 1.4 15 10 5 12 63%  56 3294 92 93%
c -  9.50 53 14 29 101 18831 1 672499 24568 1.4 15 10 5 12 63%  56 3294 92 93%
c u  9.55 53 14 29 101 18832 1 674493 25918 1.4 15 10 5 12 63%  57 3294 92 93%
c v  9.57 53 14 29 101 18832 1 674493 25827 1.4 15 10 5 12 63%  57 3294 92 93%
c w  9.58 53 14 29 101 18832 1 674493 25609 1.4 15 10 5 12 63%  57 3294 92 93%
c x  9.60 53 14 29 101 18832 1 674493 25602 1.4 15 10 5 12 63%  57 3245 92 93%
c t  9.60 53 14 29 101 18832 1 674493 25602 1.4 15 10 5 12 63%  55 3245 92 93%
c ]  9.68 53 15 30 101 18833 1 681970 31670 1.4 15 10 5 12 63%  55 3245 92 93%
c {  9.68 53 13 30 101 18833 2 681970 31670 1.5 13 8 3 8 63%  55 3245 92 93%
c -  9.69 53 13 30 102 18943 2 682548 28437 1.5 13 8 3 8 63%  55 3245 92 93%
c o  9.84 53 13 30 102 19513 2 690965 35105 1.5 13 8 3 8 63%  56 3245 92 93%
c -  9.88 53 13 30 103 19785 2 692647 31484 1.5 13 8 3 8 63%  56 3245 92 93%
c - 10.04 53 13 30 104 20237 2 702796 33955 1.5 13 8 3 8 63%  58 3245 92 93%
c - 10.21 53 13 30 105 20819 2 712995 35090 1.5 13 8 3 8 63%  59 3245 92 93%
c i 10.32 53 12 30 105 20979 2 722921 42316 1.5 12 8 3 8 63%  71 3245 91 92%
c - 10.33 53 12 30 106 21030 2 723241 29614 1.5 12 8 3 8 63%  58 3245 91 92%
c - 10.46 53 12 30 107 21632 2 733537 30948 1.5 12 8 3 8 63%  59 3245 91 92%
c } 10.51 53 12 31 107 21842 2 736404 33147 1.5 12 8 3 8 63%  59 3245 91 92%
c [ 10.51 53 15 31 107 21842 1 736404 33147 1.4 15 10 5 12 63%  59 3245 91 92%
c
c seconds   switched      rate          size/glue  tier1    binary     remaining
c        MB   reductions    conflicts         size   tier2    irredundant
c         level     restarts       redundant     glue    trail     variables
c
c B 10.51 53 15 31 107 21842 1 736404 33147 1.4 15 10 5 12 63%  59 3245 91 92%
c - 10.60 53 15 31 108 21847 1 743881 34945 1.4 15 10 5 12 63%  59 3245 91 92%
c - 10.73 53 14 31 109 21853 1 754274 36132 1.4 15 10 5 12 63%  59 3245 91 92%
c u 10.91 56 14 31 109 21856 1 764291 43321 1.4 15 10 5 12 63%  63 3245 91 92%
c v 10.95 57 14 31 109 21856 1 764291 39749 1.4 15 10 5 12 63%  63 3245 91 92%
c w 10.97 57 14 31 109 21856 1 764291 38570 1.4 15 10 5 12 63%  63 3245 91 92%
c t 11.18 62 14 31 109 21856 1 764291 38570 1.4 15 10 5 12 63%  58 3245 91 92%
c - 11.18 62 14 31 110 21856 1 764715 33024 1.4 15 10 5 12 63%  58 3245 91 92%
c - 11.31 62 14 31 111 21861 1 775205 35316 1.4 14 10 4 12 63%  59 3245 91 92%
c - 11.44 62 14 31 112 21866 1 785743 37144 1.4 14 10 4 12 63%  59 3245 91 92%
c - 11.57 62 14 31 113 21871 1 796327 37696 1.4 14 10 4 12 62%  59 3245 91 92%
c ] 11.62 62 13 32 113 21871 1 801172 41415 1.5 14 10 4 12 62%  60 3245 91 92%
c { 11.62 62 12 32 113 21871 2 801172 41415 1.5 12 8 3 8 63%  60 3245 91 92%
c - 11.72 62 12 32 114 22017 2 806960 39674 1.5 12 8 3 8 63%  62 3244 91 92%
c o 11.78 62 12 32 114 22179 2 811008 42806 1.5 12 8 3 8 63%  63 3244 91 92%
c i 11.87 62 12 32 114 22321 2 817384 47153 1.5 12 8 3 8 63%  78 3244 89 90%
c - 11.88 62 12 32 115 22334 2 817638 35054 1.5 12 8 3 8 63%  60 3244 89 90%
c i 12.00 62 12 32 115 22369 2 827814 41992 1.5 12 8 3 8 63%  71 3244 88 89%
c - 12.01 62 12 32 116 22392 2 828366 24955 1.5 12 8 3 8 63%  59 3244 88 89%
c i 12.05 62 12 32 116 22452 2 832041 27542 1.5 12 8 3 8 63%  72 3244 86 87%
c
c seconds   switched      rate          size/glue tier1   binary     remaining
c        MB   reductions    conflicts         size  tier2   irredundant
c         level     restarts       redundant    glue   trail     variables
c
c - 12.14 62 12 32 117 22673 2 839136 23119 1.5 12 8 3 8 63%  59 3244 86 87%
c i 12.20 62 12 32 117 22741 2 844387 26815 1.5 12 8 3 8 63%  67 3244 78 79%
c i 12.20 62 12 32 117 22741 2 844755 27092 1.5 12 8 3 8 63%  74 3244 74 75%
c i 12.20 62 12 32 117 22741 2 844853 27139 1.5 12 8 3 8 63%  83 3244 71 72%
c i 12.21 62 12 32 117 22741 2 845051 27237 1.5 12 8 3 8 63%  90 3244 63 64%
c i 12.21 62 12 32 117 22741 2 845067 27240 1.5 12 8 3 8 63%  92 3244 56 57%
c } 12.21 62 12 32 117 22741 2 845073 27240 1.5 12 8 3 8 63%  94 3244 39 39%
c 0 12.21 62 12 32 117 22741 2 845073 27240 1.5 12 8 3 8 63%  94 3244 39 39%
c
c ---- [ result ] ------------------------------------------------------------
c
s UNSATISFIABLE
c
c ---- [ profiling ] ---------------------------------------------------------
c
c          10.94   89.60 %  search
c           5.70   46.71 %  focused
c           5.24   42.89 %  stable
c           1.24   10.16 %  simplify
c           1.23   10.09 %  probe
c           0.82    6.69 %  vivify
c           0.36    2.94 %  sweep
c           0.25    2.01 %  reduce
c           0.03    0.24 %  substitute
c           0.03    0.23 %  eliminate
c           0.03    0.23 %  preprocess
c           0.02    0.20 %  factor
c           0.01    0.08 %  subsume
c           0.01    0.06 %  walking
c           0.00    0.02 %  congruence
c           0.00    0.01 %  parse
c           0.00    0.01 %  transitive
c           0.00    0.00 %  lucky
c           0.00    0.00 %  backbone
c =============================================
c          12.21  100.00 %  total
c
c ---- [ statistics ] --------------------------------------------------------
c
c conflicts:                           845073            69225.57 per second
c decisions:                          1191251                1.41 per conflict
c eliminated:                              80               81 %  variables
c factored:                                75               76 %  variables
c iterations:                              11               11 %  variables
c propagations:                      13963492          1143843    per second
c reductions:                             117             7223    interval
c reordered:                               13            65006    interval
c rephased:                                22            38412    interval
c restarts:                             22741               37    interval
c subsumed:                               722                0 %  checks
c switched:                                32            26409    interval
c vivified:                             30408               70 %  checks
c walks:                                    7           120725    interval
c
c ---- [ glue usage ] --------------------------------------------------------
c
c focused glue 3   used 294704 clauses 17.37% accumulated 57.48% tier1
c focused glue 4   used 178103 clauses 10.50% accumulated 67.97%
c focused glue 5-6 used 247614 clauses 14.59% accumulated 82.57%
c focused glue 7   used  91636 clauses  5.40% accumulated 87.97%
c focused glue 8   used  69347 clauses  4.09% accumulated 92.05% tier2
c
c stable glue 4    used 196779 clauses  8.19% accumulated 51.09% tier1
c stable glue 5    used 170978 clauses  7.12% accumulated 58.21%
c stable glue 6-10 used 683798 clauses 28.47% accumulated 86.68%
c stable glue 11   used  78875 clauses  3.28% accumulated 89.96%
c stable glue 12   used  61087 clauses  2.54% accumulated 92.50% tier2
c
c ---- [ resources ] ---------------------------------------------------------
c
c maximum-resident-set-size:      66538438656 bytes      63456 MB
c process-time:                            12s              12.21 seconds
c
c ---- [ shutting down ] -----------------------------------------------------
c
c exit 20
