c ---- [ banner ] ------------------------------------------------------------
c
c Kissat SAT Solver
c 
c Copyright (c) 2021-2024 Armin Biere University of Freiburg
c Copyright (c) 2019-2021 Armin Biere Johannes Kepler University Linz
c 
c Version 4.0.4 8af8e56f174b778aef3aa45af9f739b2a5f492c2
c Apple clang version 17.0.0 (clang-1700.6.3.2) -W -Wall -O3 -DNDEBUG
c Mon Mar 30 18:25:47 CEST 2026 Darwin Mac 24.6.0 arm64
c
c ---- [ parsing ] -----------------------------------------------------------
c
c opened and reading DIMACS file:
c
c   tmp.cnf
c
c parsed 'p cnf 120 6188' header
c closing input after reading 147904 bytes (144 KB)
c finished parsing after 0.00 seconds
c
c ---- [ solving ] -----------------------------------------------------------
c
c seconds switched rate     size/glue tier1 binary      remaining
c        MB reductions conflicts size  tier2  irredundant
c         level restarts redundant glue  trail      variables
c
c *  0.00  3 0 0 0  0 0   0   0 0.0 0 0 0 0 0%   0 6188 119 100%
c (  0.00  4 0 0 0  0 0   0   0 0.0 0 0 0 0 0%   0 6188 119 100%
c .  0.00  4 0 0 0  0 0   0   0 0.0 0 0 0 0 0%   0 6188 119 100%
c f  0.01  4 0 0 0  0 0   0   0 0.0 0 0 0 0 0% 202 4614 208 175%
c )  0.01  4 0 0 0  0 0   0   0 0.0 0 0 0 0 0% 202 4614 208 175%
c {  0.01  4 0 0 0  0 0   0   0 0.0 0 0 2 6 0% 202 4614 208 175%
c -  0.02  4 14 0 1  0 1 1000 481 1.3 10 8 7 9 63% 202 4614 208 175%
c }  0.02  4 14 1 1  0 1 1000 481 1.3 10 8 7 9 63% 202 4614 208 175%
c [  0.02  4 0 1 1  0 0 1000 481 0.0 0 0 2 6 0% 202 4614 208 175%
c B  0.02  4 14 1 1  0 4 1001 482 2.0 12 6 2 6 70% 202 4614 208 175%
c -  0.03  5 23 1 2  0 2 2003 1208 1.5 12 8 5 9 50% 203 4613 208 175%
c W  0.03  5 23 1 2  0 2 2003 1208 1.5 12 8 5 9 50% 203 4613 208 175%
c ]  0.03  5 22 2 2  1 1 2563 1627 1.5 14 10 5 9 48% 203 4613 208 175%
c {  0.03  5 14 2 2  1 1 2563 1627 1.3 10 8 7 9 63% 203 4613 208 175%
c u  0.04  5 15 2 2 24 1 3281 2197 1.7 13 7 7 9 59% 204 4612 208 175%
c v  0.04  5 15 2 2 24 1 3281 2181 1.7 13 7 7 9 59% 204 4612 208 175%
c w  0.04  5 15 2 2 24 1 3281 2180 1.7 13 7 7 9 59% 204 4612 208 175%
c f  0.04  5 15 2 2 24 1 3281 2180 1.7 13 7 7 9 59% 235 4561 224 188%
c u  0.05  6 15 2 2 24 1 3281 2167 1.7 13 7 7 9 59% 235 4561 224 188%
c v  0.05  6 15 2 2 24 1 3281 2130 1.7 13 7 7 9 59% 235 4561 224 188%
c
c seconds  switched rate       size/glue tier1   binary      remaining
c        MB reductions conflicts     size  tier2   irredundant
c         level restarts  redundant    glue   trail      variables
c
c w  0.05  6 15 2 2 24 1 3281 2128 1.7 13 7 7 9 59% 235 4561 224 188%
c -  0.05  6 14 2 3 24 1 3418 1902 1.8 13 7 6 9 58% 235 4561 224 188%
c }  0.06  6 14 3 3 24 1 3565 2024 1.8 13 7 6 9 58% 235 4561 224 188%
c [  0.06  6 22 3 3 24 1 3565 2024 1.5 14 10 5 9 48% 235 4561 224 188%
c I  0.06  6 20 3 3 24 1 4263 2561 1.6 15 10 5 9 46% 235 4561 224 188%
c ]  0.06  6 20 4 3 24 1 4603 2806 1.5 15 10 5 9 45% 235 4561 224 188%
c {  0.06  6 14 4 3 24 1 4603 2806 1.8 13 7 6 9 58% 235 4561 224 188%
c -  0.07  6 14 4 4 116 2 5152 2732 1.8 13 7 6 9 55% 235 4561 224 188%
c }  0.08  6 15 5 4 337 2 6956 4027 1.8 14 8 6 9 49% 235 4561 224 188%
c [  0.08  6 20 5 4 337 1 6956 4027 1.5 15 10 5 9 45% 235 4561 224 188%
c -  0.08  6 19 5 5 337 1 7154 3707 1.5 15 10 5 11 45% 235 4561 224 188%
c B  0.09  6 17 5 5 338 1 8035 4254 1.5 14 10 5 11 44% 235 4561 224 188%
c -  0.10  7 17 5 6 339 1 9390 4616 1.5 15 10 6 11 41% 235 4561 224 188%
c u  0.11  7 17 5 6 339 1 10111 5137 1.5 15 10 6 11 40% 235 4561 224 188%
c v  0.11  7 17 5 6 339 1 10111 5127 1.5 15 10 6 11 40% 235 4561 224 188%
c w  0.11  7 17 5 6 339 1 10111 5127 1.5 15 10 6 11 40% 235 4561 224 188%
c o  0.11  7 17 5 6 339 1 10111 5127 1.5 15 10 6 11 40% 235 4561 224 188%
c ]  0.11  7 17 6 6 339 1 10147 5154 1.5 15 10 6 11 40% 235 4561 224 188%
c {  0.11  7 15 6 6 339 2 10147 5154 1.8 14 8 6 9 49% 235 4561 224 188%
c -  0.13  7 15 6 7 489 2 11840 5351 1.8 14 8 5 9 47% 237 4560 224 188%
c
c seconds  switched  rate        size/glue tier1   binary      remaining
c        MB reductions conflicts       size  tier2   irredundant
c         level restarts    redundant    glue   trail      variables
c
c i  0.14  7 15 6 7 591 2 12920 6143 1.8 14 8 5 9 46% 238 4560 223 187%
c }  0.15  7 15 7 7 596 2 14216 7093 1.9 14 7 5 9 45% 239 4560 223 187%
c [  0.15  7 17 7 7 596 1 14216 7093 1.5 15 10 6 11 40% 239 4560 223 187%
c W  0.15  7 17 7 7 596 1 14216 7093 1.5 15 10 6 11 40% 234 4560 223 187%
c -  0.16  8 17 7 8 596 1 14485 6300 1.4 15 10 6 11 40% 235 4559 223 187%
c s  0.18  8 16 7 8 598 1 16402 7713 1.4 15 10 6 11 39% 236 4554 223 187%
c e  0.18  8 16 7 8 598 1 16402 7713 1.4 15 10 6 11 39%  84 1746 91 76%
c s  0.18  8 16 7 8 598 1 16402 7713 1.4 15 10 6 11 39%  84 1745 91 76%
c e  0.18  8 16 7 8 598 1 16402 7713 1.4 15 10 6 11 39%  82 1745 89 75%
c ^  0.18  8 16 7 8 598 1 16402 7713 1.4 15 10 6 11 39%  82 1745 89 75%
c -  0.19  8 16 7 9 598 1 17313 2308 1.4 15 10 5 12 42%  85 1742 89 75%
c -  0.20  8 15 7 10 600 1 20314 3972 1.5 15 10 5 11 48%  85 1742 89 75%
c u  0.21  9 15 7 10 601 1 20713 4114 1.5 14 10 5 11 49%  85 1742 89 75%
c v  0.21  9 15 7 10 601 1 20713 4076 1.5 14 10 5 11 49%  85 1742 89 75%
c w  0.21  9 15 7 10 601 1 20713 4067 1.5 14 10 5 11 49%  85 1742 89 75%
c o  0.21  9 15 7 10 601 1 20713 4067 1.5 14 10 5 11 49%  85 1742 89 75%
c ]  0.22  9 15 8 10 601 1 21602 4803 1.5 15 10 5 11 51%  86 1741 89 75%
c {  0.22  9 15 8 10 601 2 21602 4803 1.9 14 7 5 9 45%  86 1741 89 75%
c -  0.23  9 16 8 11 799 2 23477 5288 1.9 15 8 4 8 52%  86 1741 89 75%
c -  0.26 10 16 8 12 1431 2 26793 6293 1.8 14 8 4 9 58%  87 1740 89 75%
c
c seconds  switched    rate        size/glue tier1   binary     remaining
c        MB  reductions  conflicts       size  tier2   irredundant
c         level   restarts    redundant    glue   trail     variables
c
c }  0.27 10 16 9 12 1495 2 27762 6952 1.7 14 8 4 9 59%  87 1740 89 75%
c [  0.27 10 15 9 12 1495 1 27762 6952 1.5 15 10 5 11 51%  87 1740 89 75%
c O  0.27 10 15 9 12 1495 1 27762 6952 1.5 15 10 5 11 51%  87 1740 89 75%
c -  0.28 10 15 9 13 1497 1 30257 6938 1.5 15 10 5 11 54%  87 1740 89 75%
c -  0.31 10 14 9 14 1499 1 33862 7142 1.5 15 10 5 11 57%  87 1740 89 75%
c ]  0.32 10 14 10 14 1500 1 35454 8055 1.5 15 10 5 11 58%  88 1739 89 75%
c {  0.32 10 16 10 14 1500 2 35454 8055 1.7 14 8 4 9 59%  88 1739 89 75%
c s  0.32 10 16 10 14 1546 2 35682 8232 1.7 14 8 4 9 59%  88 1725 89 75%
c e  0.32 10 16 10 14 1546 2 35682 8232 1.7 14 8 4 9 59%  79 1739 81 68%
c s  0.32 10 16 10 14 1546 2 35682 8232 1.7 14 8 4 9 59%  79 1735 81 68%
c ^  0.32 10 16 10 14 1546 2 35682 8232 1.7 14 8 4 9 59%  79 1735 81 68%
c -  0.34 10 15 10 15 1618 2 37603 3998 1.7 14 8 4 8 61%  79 1735 81 68%
c u  0.34 11 15 10 15 1618 2 37873 4031 1.7 14 8 4 8 61%  79 1735 81 68%
c v  0.35 11 15 10 15 1618 2 37873 3982 1.7 14 8 4 8 61%  79 1735 81 68%
c w  0.35 11 15 10 15 1618 2 37873 3978 1.7 14 8 4 8 61%  79 1735 81 68%
c o  0.38 12 15 10 15 1988 2 40783 6074 1.7 14 8 4 8 63%  79 1735 81 68%
c -  0.39 12 15 10 16 2090 2 41477 5831 1.7 14 8 4 9 64%  79 1735 81 68%
c }  0.41 12 14 11 16 2293 2 44081 7352 1.6 14 8 4 9 65%  79 1735 81 68%
c [  0.41 12 14 11 16 2293 1 44081 7352 1.5 15 10 5 11 58%  79 1735 81 68%
c B  0.41 12 14 11 16 2293 1 44081 7352 1.5 15 10 5 11 58%  79 1735 81 68%
c
c seconds   switched    rate        size/glue  tier1    binary     remaining
c        MB   reductions  conflicts       size   tier2    irredundant
c         level    restarts    redundant     glue    trail     variables
c
c -  0.41 12 14 11 17 2294 1 45478 6991 1.4 15 10 5 11 59%  79 1735 81 68%
c -  0.44 12 14 11 18 2297 1 49603 7365 1.4 15 10 5 11 60%  79 1735 81 68%
c ]  0.46 12 14 12 18 2299 1 52829 9323 1.4 14 10 5 11 61%  79 1735 81 68%
c {  0.46 12 14 12 18 2299 2 52829 9323 1.6 14 8 4 9 65%  79 1735 81 68%
c -  0.47 12 14 12 19 2389 2 53845 7946 1.6 14 8 4 8 65%  79 1735 81 68%
c -  0.50 12 14 12 20 2747 2 58207 9060 1.6 14 9 4 8 67%  79 1735 81 68%
c u  0.52 12 14 12 20 2865 2 59997 10128 1.6 14 9 4 8 67%  79 1735 81 68%
c v  0.52 12 14 12 20 2865 2 59997 10090 1.6 14 9 4 8 67%  79 1735 81 68%
c w  0.52 12 14 12 20 2865 2 59997 10090 1.6 14 9 4 8 67%  79 1735 81 68%
c -  0.55 12 14 12 21 2983 2 62679 9638 1.6 14 8 4 8 68%  79 1735 81 68%
c }  0.56 12 14 13 21 3105 2 64312 10678 1.6 14 9 4 8 68%  79 1735 81 68%
c [  0.56 12 14 13 21 3105 1 64312 10678 1.4 14 10 5 11 61%  79 1735 81 68%
c W  0.56 13 14 13 21 3105 1 64312 10678 1.4 14 10 5 11 61%  79 1735 81 68%
c -  0.58 14 14 13 22 3107 1 67261 9957 1.4 14 10 5 11 62%  79 1735 81 68%
c -  0.61 14 13 13 23 3110 1 71951 9616 1.4 14 10 5 10 63%  79 1735 81 68%
c ]  0.63 14 13 14 23 3111 1 74422 10980 1.4 14 10 5 10 63%  80 1735 81 68%
c {  0.63 14 14 14 23 3111 2 74422 10980 1.6 14 9 4 8 68%  80 1735 81 68%
c o  0.63 14 14 14 23 3135 2 74515 11056 1.6 14 9 4 8 68%  80 1735 81 68%
c -  0.65 14 14 14 24 3210 2 76746 9820 1.6 14 9 4 8 68%  80 1735 81 68%
c s  0.65 14 13 14 24 3245 2 77533 10216 1.6 14 8 4 8 68%  80 1730 81 68%
c
c seconds   switched    rate         size/glue tier1   binary     remaining
c        MB   reductions  conflicts        size  tier2   irredundant
c         level    restarts     redundant    glue   trail     variables
c
c e  0.65 14 13 14 24 3245 2 77533 10216 1.6 14 8 4 8 68%  75 1743 77 65%
c ^  0.65 14 13 14 24 3245 2 77533 10216 1.6 14 8 4 8 68%  75 1743 77 65%
c -  0.68 15 14 14 25 3500 2 81647 10293 1.6 14 8 4 8 69%  75 1743 77 65%
c -  0.71 15 13 14 26 3986 2 86647 10939 1.6 14 9 4 8 70%  75 1743 77 65%
c u  0.72 15 13 14 26 3986 2 87217 10938 1.6 14 9 4 8 70%  75 1743 77 65%
c v  0.73 15 13 14 26 3986 2 87217 10820 1.6 14 9 4 8 70%  75 1743 77 65%
c w  0.73 15 13 14 26 3986 2 87217 10801 1.6 14 9 4 8 70%  75 1743 77 65%
c }  0.75 15 13 15 26 4166 2 89137 11977 1.6 14 9 4 8 70%  75 1743 77 65%
c [  0.75 15 13 15 26 4166 1 89137 11977 1.4 14 10 5 10 63%  75 1743 77 65%
c I  0.75 15 13 15 26 4166 1 89137 11977 1.4 14 10 5 10 63%  75 1743 77 65%
c -  0.76 15 14 15 27 4168 1 91747 10466 1.4 14 10 5 10 64%  75 1743 77 65%
c -  0.80 15 14 15 28 4171 1 96943 9974 1.4 15 11 5 11 65%  75 1743 77 65%
c -  0.83 16 15 15 29 4173 1 102235 10128 1.4 15 11 5 11 66%  75 1743 77 65%
c ]  0.84 16 15 16 29 4174 1 103374 10958 1.4 15 11 5 11 66%  75 1743 77 65%
c {  0.84 16 13 16 29 4174 2 103374 10958 1.6 14 9 4 8 70%  75 1743 77 65%
c -  0.87 16 13 16 30 4384 2 107620 11297 1.6 13 9 4 8 70%  75 1743 77 65%
c -  0.91 16 13 16 31 4615 2 113097 11749 1.5 13 9 4 8 70%  75 1743 77 65%
c -  0.95 16 12 16 32 4747 2 118666 12164 1.5 13 8 4 8 70%  75 1743 77 65%
c u  0.96 16 12 16 32 4766 1 119713 12435 1.5 13 8 4 8 70%  75 1743 77 65%
c v  0.97 16 12 16 32 4766 1 119713 12060 1.5 13 8 4 8 70%  75 1743 77 65%
c
c seconds   switched    rate          size/glue tier1   binary     remaining
c        MB   reductions  conflicts         size  tier2   irredundant
c         level    restarts      redundant    glue   trail     variables
c
c w  0.97 16 12 16 32 4766 1 119713 11924 1.5 13 8 4 8 70%  75 1743 77 65%
c o  0.97 16 12 16 32 4766 1 119713 11924 1.5 13 8 4 8 70%  75 1743 77 65%
c }  0.99 16 12 17 32 4908 1 121711 13225 1.5 13 8 4 8 70%  75 1743 77 65%
c [  0.99 16 15 17 32 4908 1 121711 13225 1.4 15 11 5 11 66%  75 1743 77 65%
c B  0.99 16 15 17 32 4908 1 121711 13225 1.4 15 11 5 11 66%  75 1743 77 65%
c -  1.01 16 15 17 33 4910 1 124323 12045 1.4 15 11 5 11 66%  75 1743 77 65%
c -  1.05 16 14 17 34 4914 1 130068 12636 1.4 15 11 5 11 66%  75 1743 77 65%
c -  1.09 16 14 17 35 4916 1 135898 12959 1.4 14 11 4 11 67%  75 1743 77 65%
c ]  1.11 16 14 18 35 4917 1 138034 14284 1.4 14 11 4 11 67%  75 1743 77 65%
c {  1.11 16 12 18 35 4917 1 138034 14284 1.5 13 8 4 8 70%  75 1743 77 65%
c -  1.14 16 12 18 36 4929 1 141814 14308 1.5 13 8 4 8 70%  75 1743 77 65%
c s  1.17 16 12 18 36 4963 1 144917 16754 1.5 13 8 4 8 71%  75 1739 77 65%
c e  1.17 16 12 18 36 4963 1 144917 16754 1.5 13 8 4 8 71%  66 1763 72 61%
c s  1.17 16 12 18 36 4963 1 144917 16754 1.5 13 8 4 8 71%  66 1761 72 61%
c ^  1.17 16 12 18 36 4963 1 144917 16754 1.5 13 8 4 8 71%  66 1761 72 61%
c -  1.19 17 12 18 37 4983 1 147815 11549 1.5 13 8 4 8 71%  66 1761 72 61%
c -  1.23 17 11 18 38 4983 1 153897 12293 1.5 13 8 4 8 71%  66 1761 72 61%
c u  1.26 19 11 18 38 4983 1 157689 13820 1.5 12 8 4 8 71%  66 1761 72 61%
c v  1.27 19 11 18 38 4983 1 157689 13294 1.5 12 8 4 8 71%  66 1761 72 61%
c w  1.27 19 11 18 38 4983 1 157689 13039 1.5 12 8 4 8 71%  66 1761 72 61%
c
c seconds   switched    rate          size/glue tier1   binary     remaining
c        MB   reductions  conflicts         size  tier2   irredundant
c         level    restarts      redundant    glue   trail     variables
c
c -  1.32 20 11 18 39 4985 1 160062 12834 1.6 13 8 4 8 72%  66 1761 72 61%
c }  1.33 20 11 19 39 4985 1 160379 13103 1.6 13 8 4 8 72%  66 1761 72 61%
c [  1.33 20 14 19 39 4985 1 160379 13103 1.4 14 11 4 11 67%  66 1761 72 61%
c W  1.33 20 14 19 39 4985 1 160379 13103 1.4 14 11 4 11 67%  66 1761 72 61%
c -  1.36 21 14 19 40 4989 1 166306 14186 1.4 14 10 4 10 67%  66 1761 72 61%
c -  1.40 21 14 19 41 4991 1 172630 13839 1.4 14 10 4 10 68%  66 1761 72 61%
c -  1.44 21 13 19 42 4997 1 179034 13582 1.4 14 10 4 10 68%  66 1761 72 61%
c ]  1.47 21 14 20 42 4998 1 182710 15887 1.4 14 10 4 10 68%  66 1761 72 61%
c {  1.47 21 11 20 42 4998 1 182710 15887 1.6 13 8 4 8 72%  66 1761 72 61%
c o  1.47 21 11 20 42 5016 1 182802 15961 1.6 13 8 4 8 72%  66 1761 72 61%
c -  1.49 21 11 20 43 5340 1 185514 13886 1.6 13 8 4 8 72%  66 1761 72 61%
c -  1.54 21 11 20 44 6085 1 192071 14821 1.6 13 8 4 8 72%  66 1761 72 61%
c -  1.59 21 11 20 45 6575 1 198705 15813 1.6 13 8 4 8 73%  66 1761 72 61%
c u  1.62 21 11 20 45 6930 1 201225 17440 1.6 13 8 4 8 73%  66 1761 72 61%
c v  1.62 21 11 20 45 6930 1 201225 17056 1.6 13 8 4 8 73%  66 1761 72 61%
c w  1.63 21 11 20 45 6930 1 201225 17052 1.6 13 8 4 8 73%  66 1761 72 61%
c -  1.66 21 11 20 46 7486 1 205416 15875 1.5 13 8 4 8 73%  66 1761 72 61%
c }  1.69 21 11 21 46 7839 1 209449 18045 1.5 13 8 4 8 73%  66 1761 72 61%
c [  1.69 21 14 21 46 7839 1 209449 18045 1.4 14 10 4 10 68%  66 1761 72 61%
c O  1.69 21 14 21 46 7839 1 209449 18045 1.4 14 10 4 10 68%  66 1761 72 61%
c
c seconds   switched    rate          size/glue  tier1    binary     remaining
c        MB   reductions  conflicts         size   tier2    irredundant
c         level    restarts      redundant     glue    trail     variables
c
c -  1.72 21 13 21 47 7841 1 212200 15874 1.4 14 10 4 10 68%  66 1761 72 61%
c -  1.77 21 13 21 48 7845 1 219057 16709 1.4 14 10 4 10 69%  68 1761 72 61%
c -  1.83 21 13 21 49 7848 1 225985 17488 1.4 14 10 4 10 69%  68 1761 72 61%
c ]  1.87 21 13 22 49 7852 1 232119 21031 1.4 14 10 4 10 69%  68 1761 72 61%
c {  1.87 21 11 22 49 7852 1 232119 21031 1.5 13 8 4 8 73%  68 1761 72 61%
c -  1.88 21 11 22 50 7906 1 232987 17537 1.5 13 8 4 8 73%  68 1761 72 61%
c -  1.95 21 11 22 51 8582 1 240058 17615 1.5 13 8 4 8 73%  68 1761 72 61%
c s  1.96 21 11 22 51 8625 1 240584 17822 1.5 13 8 4 8 73%  68 1738 72 61%
c e  1.96 21 11 22 51 8625 1 240584 17822 1.5 13 8 4 8 73%  60 1765 69 58%
c ^  1.96 21 11 22 51 8625 1 240584 17822 1.5 13 8 4 8 73%  60 1765 69 58%
c o  1.98 21 12 22 51 8716 1 242877 13423 1.5 13 8 4 8 73%  60 1765 69 58%
c -  2.02 22 12 22 52 8984 1 247199 12143 1.6 13 8 3 8 74%  60 1765 69 58%
c u  2.06 22 12 22 52 9404 1 250505 13506 1.6 13 8 3 8 74%  60 1765 69 58%
c v  2.07 22 12 22 52 9404 1 250505 13411 1.6 13 8 3 8 74%  60 1765 69 58%
c w  2.08 22 12 22 52 9404 1 250505 13392 1.6 13 8 3 8 74%  60 1765 69 58%
c -  2.12 22 12 22 53 10068 1 254411 12383 1.5 13 8 3 8 74%  60 1765 69 58%
c -  2.19 22 12 22 54 10705 1 261692 12537 1.5 13 8 3 8 74%  61 1765 69 58%
c }  2.21 22 12 23 54 10786 1 263635 13765 1.5 13 8 3 8 74%  61 1765 69 58%
c [  2.21 22 13 23 54 10786 1 263635 13765 1.4 14 10 4 10 69%  61 1765 69 58%
c B  2.21 22 13 23 54 10786 1 263635 13765 1.4 14 10 4 10 69%  61 1765 69 58%
c
c seconds   switched     rate          size/glue  tier1    binary     remaining
c        MB   reductions   conflicts         size   tier2    irredundant
c         level    restarts       redundant     glue    trail     variables
c
c -  2.24 22 13 23 55 10790 1 269040 13342 1.4 14 10 4 10 69%  62 1765 69 58%
c -  2.29 22 13 23 56 10793 1 276457 13585 1.4 14 10 4 10 69%  62 1765 69 58%
c -  2.34 22 13 23 57 10798 1 283944 13693 1.4 14 10 4 10 70%  62 1765 69 58%
c -  2.40 22 13 23 58 10800 1 291493 13981 1.4 14 10 4 10 70%  62 1765 69 58%
c W  2.42 23 13 23 58 10800 1 295085 16174 1.4 14 10 4 10 70%  62 1765 69 58%
c -  2.45 23 13 23 59 10803 1 299109 14823 1.4 13 10 4 10 70%  62 1765 69 58%
c u  2.51 24 13 23 59 10807 1 305696 18167 1.4 13 10 4 10 70%  63 1765 69 58%
c v  2.52 24 13 23 59 10807 1 305696 15684 1.4 13 10 4 10 70%  63 1765 69 58%
c w  2.53 24 13 23 59 10807 1 305696 13673 1.4 13 10 4 10 70%  63 1765 69 58%
c -  2.54 24 13 23 60 10807 1 306790 11443 1.4 13 10 4 10 70%  63 1765 69 58%
c ]  2.57 24 13 24 60 10810 1 311493 14386 1.4 14 10 4 10 71%  63 1765 69 58%
c {  2.57 24 12 24 60 10810 1 311493 14386 1.5 13 8 3 8 74%  63 1765 69 58%
c -  2.59 24 12 24 61 10858 1 314535 12834 1.5 13 8 3 8 74%  64 1765 69 58%
c o  2.60 24 12 24 61 10875 1 316894 14257 1.5 13 8 3 8 74%  65 1765 69 58%
c -  2.64 24 12 24 62 11216 1 322348 14793 1.5 13 8 3 8 74%  65 1765 69 58%
c -  2.69 24 12 24 63 11396 1 330224 16360 1.5 13 8 3 8 74%  65 1765 69 58%
c -  2.75 24 12 24 64 11665 1 338163 16735 1.5 12 8 3 8 74%  67 1765 69 58%
c -  2.80 24 11 24 65 11979 1 346163 17034 1.5 12 8 3 8 74%  68 1765 69 58%
c }  2.82 24 11 25 65 11979 1 348172 18121 1.5 12 8 3 8 74%  69 1765 69 58%
c [  2.82 24 13 25 65 11979 1 348172 18121 1.4 14 10 4 10 71%  69 1765 69 58%
c
c seconds   switched     rate          size/glue  tier1    binary     remaining
c        MB   reductions   conflicts         size   tier2    irredundant
c         level    restarts       redundant     glue    trail     variables
c
c I  2.82 24 13 25 65 11979 1 348172 18121 1.4 14 10 4 10 71%  69 1765 69 58%
c -  2.85 24 13 25 66 11983 1 354225 16028 1.4 14 10 4 10 71%  69 1765 69 58%
c -  2.90 24 13 25 67 11987 1 362350 14886 1.4 14 10 4 10 71%  69 1765 69 58%
c u  2.94 24 13 25 67 11991 1 366847 17134 1.3 14 10 4 10 72%  73 1765 69 58%
c v  2.95 24 13 25 67 11991 1 366847 17098 1.3 14 10 4 10 72%  72 1765 69 58%
c w  2.96 24 13 25 67 11991 1 366847 16912 1.3 14 10 4 10 72%  72 1765 69 58%
c t  2.96 24 13 25 67 11991 1 366847 16912 1.3 14 10 4 10 72%  69 1765 69 58%
c s  2.96 24 13 25 67 11991 1 367239 17195 1.3 14 10 4 10 72%  69 1507 69 58%
c e  2.97 24 13 25 67 11991 1 367239 17195 1.3 14 10 4 10 72%  56 1573 65 55%
c !  2.97 24 13 25 67 11991 1 367239 17195 1.3 14 10 4 10 72%  56 1573 65 55%
c -  2.99 24 13 25 68 11992 1 370536 9262 1.4 14 10 4 10 72%  56 1573 65 55%
c -  3.03 24 13 25 69 11993 1 378786 10990 1.4 14 10 3 10 72%  56 1573 65 55%
c -  3.07 24 13 25 70 11998 1 387092 13281 1.4 14 10 3 10 73%  56 1573 65 55%
c B  3.08 24 13 25 70 11999 1 387612 13582 1.4 14 10 3 10 73%  56 1573 65 55%
c ]  3.10 24 13 26 70 12000 1 391829 16033 1.4 14 10 3 10 73%  56 1573 65 55%
c {  3.10 24 11 26 70 12000 1 391829 16033 1.5 12 8 3 8 74%  56 1573 65 55%
c -  3.13 24 11 26 71 12133 1 395459 14875 1.5 12 8 3 8 74%  56 1573 65 55%
c -  3.18 24 11 26 72 12276 1 403886 16441 1.5 12 8 3 8 75%  57 1573 65 55%
c i  3.22 24 11 26 72 12364 1 411167 20942 1.5 12 8 3 8 75%  67 1573 63 53%
c o  3.22 24 11 26 72 12364 1 411167 20942 1.5 12 8 3 8 75%  67 1573 63 53%
c
c seconds   switched     rate         size/glue tier1   binary     remaining
c        MB   reductions   conflicts        size  tier2   irredundant
c         level    restarts      redundant    glue   trail     variables
c
c -  3.23 24 11 26 73 12430 1 412371 6872 1.5 12 8 3 8 75%  54 1573 63 53%
c i  3.25 24 11 26 73 12474 1 416788 9410 1.5 12 8 3 8 75%  67 1573 62 52%
c -  3.27 24 11 26 74 12640 1 420916 8526 1.5 12 8 3 8 75%  47 1555 62 52%
c -  3.32 24 11 26 75 12950 1 429519 12968 1.4 12 8 3 8 75%  48 1555 62 52%
c }  3.34 24 11 27 75 13014 1 434047 15705 1.4 11 8 3 8 75%  51 1555 62 52%
c [  3.34 24 13 27 75 13014 1 434047 15705 1.4 14 10 3 10 73%  51 1555 62 52%
c W  3.35 24 13 27 75 13014 1 434047 15705 1.4 14 10 3 10 73%  50 1555 62 52%
c u  3.36 24 13 27 75 13014 1 434092 15029 1.4 14 10 3 10 73%  52 1555 62 52%
c v  3.37 24 13 27 75 13014 1 434092 10657 1.4 14 10 3 10 73%  52 1555 62 52%
c w  3.37 24 13 27 75 13014 1 434092 10361 1.4 14 10 3 10 73%  52 1555 62 52%
c -  3.44 26 13 27 76 13016 1 438180 11893 1.4 14 10 3 10 73%  52 1555 62 52%
c i  3.48 26 13 27 76 13020 1 444471 15667 1.4 13 10 3 10 73%  64 1555 59 50%
c -  3.49 26 13 27 77 13021 1 446899 7109 1.4 13 10 3 10 73%  43 1555 59 50%
c i  3.50 26 13 27 77 13022 1 448094 7869 1.4 13 10 3 10 73%  48 1555 58 49%
c i  3.53 26 13 27 77 13026 1 453151 10768 1.4 13 10 3 10 73%  56 1555 57 48%
c -  3.55 26 12 27 78 13027 1 455673 7637 1.4 13 10 3 10 72%  42 1555 57 48%
c i  3.56 26 12 27 78 13027 1 457259 8527 1.4 13 10 3 10 72%  51 1555 48 40%
c i  3.56 26 12 27 78 13027 1 457493 8628 1.4 13 10 3 10 72%  59 1555 46 39%
c i  3.56 26 12 27 78 13027 1 457530 8632 1.4 13 10 3 10 72%  65 1555 45 38%
c i  3.56 26 12 27 78 13027 1 457582 8650 1.4 13 10 3 10 72%  68 1555 44 37%
c
c seconds   switched     rate         size/glue  tier1    binary     remaining
c        MB   reductions   conflicts        size   tier2    irredundant
c         level    restarts      redundant     glue    trail     variables
c
c i  3.56 26 12 27 78 13027 1 457635 8659 1.4 13 10 3 10 72%  74 1555 43 36%
c i  3.56 26 12 27 78 13027 1 457676 8676 1.4 13 10 3 10 72%  79 1555 41 34%
c i  3.56 26 12 27 78 13027 1 457708 8689 1.4 13 10 3 10 72%  83 1555 40 34%
c i  3.56 26 12 27 78 13027 1 457720 8688 1.4 13 10 3 10 72%  87 1555 37 31%
c i  3.56 26 12 27 78 13027 1 457738 8694 1.4 13 10 3 10 72%  90 1555 21 18%
c ]  3.56 26 12 27 78 13027 1 457740 8694 1.4 13 10 3 10 72%  90 1555 15 13%
c 0  3.56 26 11 27 78 13027 1 457740 8694 1.4 11 8 3 8 75%  90 1555 15 13%
c
c ---- [ result ] ------------------------------------------------------------
c
s UNSATISFIABLE
c
c ---- [ profiling ] ---------------------------------------------------------
c
c           3.16   88.70 %  search
c           1.65   46.47 %  focused
c           1.50   42.23 %  stable
c           0.39   10.89 %  simplify
c           0.37   10.45 %  probe
c           0.25    7.01 %  vivify
c           0.11    3.03 %  sweep
c           0.07    2.01 %  reduce
c           0.02    0.67 %  eliminate
c           0.01    0.40 %  subsume
c           0.01    0.36 %  preprocess
c           0.01    0.28 %  substitute
c           0.00    0.12 %  walking
c           0.00    0.09 %  factor
c           0.00    0.03 %  parse
c           0.00    0.03 %  congruence
c           0.00    0.02 %  lucky
c           0.00    0.01 %  transitive
c           0.00    0.00 %  backbone
c =============================================
c           3.56  100.00 %  total
c
c ---- [ statistics ] --------------------------------------------------------
c
c conflicts:                           457740           128521.79 per second
c decisions:                           557645                1.22 per conflict
c eliminated:                             158              133 %  variables
c factored:                               105               88 %  variables
c iterations:                              16               13 %  variables
c propagations:                       6674333          1873984    per second
c reductions:                              78             5868    interval
c reordered:                                9            50860    interval
c rephased:                                17            26926    interval
c restarts:                             13027               35    interval
c strengthened:                           564                0 %  checks
c subsumed:                               316                0 %  checks
c switched:                                27            16953    interval
c vivified:                             19006               81 %  checks
c walks:                                    6            76290    interval
c
c ---- [ glue usage ] --------------------------------------------------------
c
c focused glue 3   used 173431 clauses 14.45% accumulated 53.97% tier1
c focused glue 4   used 128240 clauses 10.69% accumulated 64.66%
c focused glue 5-6 used 198710 clauses 16.56% accumulated 81.21%
c focused glue 7   used  76903 clauses  6.41% accumulated 87.62%
c focused glue 8   used  55234 clauses  4.60% accumulated 92.22% tier2
c
c stable glue 3   used 169302 clauses 13.37% accumulated 51.20% tier1
c stable glue 4   used 134168 clauses 10.60% accumulated 61.79%
c stable glue 5-8 used 283827 clauses 22.42% accumulated 84.21%
c stable glue 9   used  49840 clauses  3.94% accumulated 88.15%
c stable glue 10  used  44253 clauses  3.50% accumulated 91.65% tier2
c
c ---- [ resources ] ---------------------------------------------------------
c
c maximum-resident-set-size:      27413970944 bytes      26144 MB
c process-time:                             4s               3.56 seconds
c
c ---- [ shutting down ] -----------------------------------------------------
c
c exit 20
