c ---- [ banner ] ------------------------------------------------------------
c
c Kissat SAT Solver
c 
c Copyright (c) 2021-2024 Armin Biere University of Freiburg
c Copyright (c) 2019-2021 Armin Biere Johannes Kepler University Linz
c 
c Version 4.0.4 8af8e56f174b778aef3aa45af9f739b2a5f492c2
c Apple clang version 17.0.0 (clang-1700.6.3.2) -W -Wall -O3 -DNDEBUG
c Mon Mar 30 18:25:47 CEST 2026 Darwin Mac 24.6.0 arm64
c
c ---- [ parsing ] -----------------------------------------------------------
c
c opened and reading DIMACS file:
c
c   tmp.cnf
c
c parsed 'p cnf 153 21624' header
c closing input after reading 623677 bytes (609 KB)
c finished parsing after 0.00 seconds
c
c ---- [ solving ] -----------------------------------------------------------
c
c seconds switched rate     size/glue tier1 binary       remaining
c        MB reductions conflicts size  tier2   irredundant
c         level restarts redundant glue  trail       variables
c
c *  0.00  7 0 0 0  0 0   0   0 0.0 0 0 0 0 0%   0 21624 152 100%
c (  0.01 10 0 0 0  0 0   0   0 0.0 0 0 0 0 0%   0 21624 152 100%
c .  0.01 10 0 0 0  0 0   0   0 0.0 0 0 0 0 0%   0 21624 152 100%
c f  0.02 11 0 0 0  0 0   0   0 0.0 0 0 0 0 0% 297 18888 279 184%
c )  0.02 11 0 0 0  0 0   0   0 0.0 0 0 0 0 0% 297 18888 279 184%
c {  0.02 11 0 0 0  0 0   0   0 0.0 0 0 2 6 0% 297 18888 279 184%
c -  0.03 11 16 0 1  0 1 1002 373 1.3 11 9 8 10 62% 297 18888 279 184%
c }  0.03 11 16 1 1  0 1 1002 373 1.3 11 9 8 10 62% 297 18888 279 184%
c [  0.03 11 0 1 1  0 0 1002 373 0.0 0 0 2 6 0% 297 18888 279 184%
c B  0.03 11 0 1 1  0 0 1002 373 0.0 0 0 2 6 0% 297 18888 279 184%
c -  0.04 11 22 1 2  0 1 2003 1025 1.3 13 10 8 12 63% 297 18888 279 184%
c W  0.04 11 22 1 2  0 1 2003 1025 1.3 13 10 8 12 63% 297 18888 279 184%
c ]  0.05 11 20 2 2  1 1 2429 1405 1.5 15 10 8 12 56% 297 18888 279 184%
c {  0.05 11 16 2 2  1 1 2429 1405 1.3 11 9 8 10 62% 297 18888 279 184%
c u  0.05 11 16 2 2  1 1 2732 1658 1.5 13 9 8 10 57% 297 18888 279 184%
c v  0.05 11 16 2 2  1 1 2732 1654 1.5 13 9 8 10 57% 297 18888 279 184%
c w  0.05 11 16 2 2  1 1 2732 1651 1.5 13 9 8 10 57% 297 18888 279 184%
c x  0.05 11 16 2 2  1 1 2732 1651 1.5 13 9 8 10 57% 307 18872 279 184%
c f  0.06 11 16 2 2  1 1 2732 1651 1.5 13 9 8 10 57% 343 18813 300 197%
c u  0.06 11 16 2 2  1 1 2732 1649 1.5 13 9 8 10 57% 343 18813 300 197%
c
c seconds  switched rate       size/glue tier1    binary       remaining
c        MB reductions conflicts     size  tier2     irredundant
c         level restarts  redundant    glue    trail       variables
c
c v  0.06 11 16 2 2  1 1 2732 1649 1.5 13 9 8 10 57% 343 18813 300 197%
c w  0.06 11 16 2 2  1 1 2732 1649 1.5 13 9 8 10 57% 343 18813 300 197%
c x  0.06 11 16 2 2  1 1 2732 1649 1.5 13 9 8 10 57% 343 18803 300 197%
c -  0.07 11 15 2 3  1 1 3417 2110 1.9 16 9 7 10 53% 343 18803 300 197%
c }  0.07 11 15 3 3  1 1 3429 2121 1.9 16 9 7 10 53% 343 18803 300 197%
c [  0.07 11 20 3 3  1 1 3429 2121 1.5 15 10 8 12 56% 343 18803 300 197%
c I  0.08 11 18 3 3  1 1 4263 2811 1.7 17 10 7 12 52% 343 18803 300 197%
c ]  0.08 11 18 4 3  1 1 4320 2842 1.7 17 10 7 12 51% 343 18803 300 197%
c {  0.08 11 15 4 3  1 1 4320 2842 1.9 16 9 7 10 53% 343 18803 300 197%
c -  0.09 11 15 4 4 158 1 5151 2779 1.7 15 9 6 10 48% 343 18803 300 197%
c }  0.11 11 14 5 4 311 2 6673 3498 1.6 14 9 6 10 42% 343 18803 300 197%
c [  0.11 11 18 5 4 311 1 6673 3498 1.7 17 10 7 12 51% 343 18803 300 197%
c -  0.12 11 18 5 5 311 1 7151 3096 1.7 17 10 7 12 48% 343 18803 300 197%
c B  0.12 11 18 5 5 312 1 8035 3774 1.7 18 10 7 12 45% 343 18803 300 197%
c u  0.13 11 18 5 5 312 1 8416 4067 1.6 18 11 7 12 45% 343 18803 300 197%
c v  0.13 11 18 5 5 312 1 8416 4066 1.6 18 11 7 12 45% 343 18803 300 197%
c w  0.13 11 18 5 5 312 1 8416 4066 1.6 18 11 7 12 45% 343 18803 300 197%
c -  0.15 11 19 5 6 313 1 9387 3671 1.6 18 12 8 14 43% 343 18803 300 197%
c ]  0.15 11 19 6 6 313 1 9688 3910 1.6 18 12 8 14 43% 343 18803 300 197%
c {  0.15 11 14 6 6 313 2 9688 3910 1.6 14 9 6 10 42% 343 18803 300 197%
c
c seconds  switched  rate        size/glue tier1    binary       remaining
c        MB reductions conflicts       size  tier2     irredundant
c         level restarts    redundant    glue    trail       variables
c
c o  0.16 11 14 6 6 338 2 10329 4230 1.6 14 9 6 10 40% 343 18803 300 197%
c -  0.18 11 14 6 7 401 2 11836 4109 1.6 14 9 6 10 40% 344 18802 300 197%
c s  0.23 12 14 6 7 466 1 13656 5060 1.6 14 9 6 10 38% 344 18797 300 197%
c e  0.23 12 14 6 7 466 1 13656 5060 1.6 14 9 6 10 38% 142 7667 134 88%
c ^  0.25 12 14 6 7 466 1 13656 5060 1.6 14 9 6 10 38% 142 7667 134 88%
c }  0.25 12 14 7 7 495 1 13757 2270 1.6 14 9 6 10 38% 142 7667 134 88%
c [  0.25 12 19 7 7 495 1 13757 2270 1.6 18 12 8 14 43% 142 7667 134 88%
c W  0.25 12 19 7 7 495 1 13757 2270 1.6 18 12 8 14 43% 142 7667 134 88%
c -  0.26 12 19 7 8 495 1 14482 2328 1.5 19 12 8 15 44% 142 7667 134 88%
c u  0.28 12 20 7 8 497 1 17244 4128 1.4 19 13 8 15 48% 142 7667 134 88%
c v  0.28 12 20 7 8 497 1 17244 4086 1.4 19 13 8 15 48% 142 7667 134 88%
c w  0.29 12 20 7 8 497 1 17244 4069 1.4 19 13 8 15 48% 142 7667 134 88%
c f  0.29 12 20 7 8 497 1 17244 4069 1.4 19 13 8 15 48% 143 7664 135 89%
c u  0.29 13 20 7 8 497 1 17244 4052 1.4 19 13 8 15 48% 143 7664 135 89%
c v  0.29 14 20 7 8 497 1 17244 4035 1.4 19 13 8 15 48% 143 7664 135 89%
c w  0.29 14 20 7 8 497 1 17244 4020 1.4 19 13 8 15 48% 143 7664 135 89%
c -  0.32 16 20 7 9 497 1 17311 3444 1.4 19 13 8 16 48% 143 7664 135 89%
c -  0.34 16 21 7 10 500 1 20312 4548 1.4 20 14 8 18 50% 143 7664 135 89%
c O  0.35 16 21 7 10 500 1 21285 5211 1.4 20 15 8 18 51% 143 7664 135 89%
c o  0.35 16 21 7 10 500 1 21285 5211 1.4 20 15 8 18 51% 143 7664 135 89%
c
c seconds  switched   rate        size/glue  tier1    binary      remaining
c        MB  reductions conflicts       size   tier2    irredundant
c         level  restarts    redundant     glue    trail      variables
c
c -  0.37 16 20 7 11 501 1 23475 5299 1.4 19 14 8 17 52% 143 7664 135 89%
c ]  0.37 16 20 8 11 501 1 23707 5425 1.4 19 14 8 17 52% 143 7664 135 89%
c {  0.37 16 14 8 11 501 1 23707 5425 1.6 14 9 6 10 38% 143 7664 135 89%
c i  0.37 16 14 8 11 508 1 23731 5447 1.6 14 9 6 10 38% 143 7664 134 88%
c -  0.40 16 14 8 12 1111 2 26792 6233 1.6 14 9 6 11 44% 140 7664 134 88%
c e  0.44 16 14 8 12 1287 2 28915 7556 1.6 15 9 6 11 46% 113 7706 117 77%
c ^  0.45 16 14 8 12 1287 2 28915 7556 1.6 15 9 6 11 46% 113 7706 117 77%
c }  0.46 16 14 9 12 1498 2 29867 3650 1.6 15 9 6 11 47% 113 7706 117 77%
c [  0.46 16 20 9 12 1498 1 29867 3650 1.4 19 14 8 17 52% 113 7706 117 77%
c -  0.47 16 20 9 13 1498 1 30257 3238 1.4 19 14 8 17 52% 116 7703 117 77%
c u  0.47 16 19 9 13 1498 1 30823 3583 1.4 19 14 8 17 52% 116 7703 117 77%
c v  0.48 16 19 9 13 1498 1 30823 3520 1.4 19 14 8 17 52% 116 7703 117 77%
c w  0.48 16 19 9 13 1498 1 30823 3519 1.4 19 14 8 17 52% 116 7703 117 77%
c f  0.48 16 19 9 13 1498 1 30823 3519 1.4 19 14 8 17 52% 124 7686 120 79%
c u  0.49 17 19 9 13 1498 1 30823 3494 1.4 19 14 8 17 52% 124 7686 120 79%
c v  0.49 18 19 9 13 1498 1 30823 3476 1.4 19 14 8 17 52% 124 7686 120 79%
c w  0.49 18 19 9 13 1498 1 30823 3475 1.4 19 14 8 17 52% 124 7686 120 79%
c B  0.49 18 19 9 13 1499 1 31046 3631 1.4 19 14 8 17 52% 124 7686 120 79%
c -  0.51 18 20 9 14 1500 1 33863 4172 1.4 20 15 8 18 54% 124 7686 120 79%
c -  0.54 18 21 9 15 1503 1 37604 4833 1.3 21 15 8 19 55% 124 7686 120 79%
c
c seconds   switched    rate        size/glue  tier1    binary      remaining
c        MB   reductions  conflicts       size   tier2    irredundant
c         level    restarts    redundant     glue    trail      variables
c
c ]  0.56 18 21 10 15 1504 1 39387 5970 1.3 21 16 8 19 55% 124 7686 120 79%
c {  0.56 18 14 10 15 1504 2 39387 5970 1.6 15 9 6 11 47% 124 7686 120 79%
c -  0.58 18 14 10 16 1811 2 41476 5846 1.6 16 10 6 11 48% 124 7686 120 79%
c -  0.62 18 14 10 17 2145 1 45476 7329 1.6 16 10 7 11 50% 124 7686 120 79%
c o  0.63 18 14 10 17 2299 1 47086 8354 1.6 16 10 7 11 51% 124 7686 120 79%
c }  0.64 18 14 11 17 2420 1 48015 8960 1.6 16 10 7 11 51% 124 7686 120 79%
c [  0.64 18 21 11 17 2420 1 48015 8960 1.3 21 16 8 19 55% 124 7686 120 79%
c W  0.65 19 21 11 17 2420 1 48015 8960 1.3 21 16 8 19 55% 124 7686 120 79%
c u  0.65 20 21 11 17 2420 1 48308 9103 1.3 21 16 8 19 55% 124 7686 120 79%
c v  0.66 20 21 11 17 2420 1 48308 9093 1.3 21 16 8 19 55% 124 7686 120 79%
c w  0.66 20 21 11 17 2420 1 48308 9093 1.3 21 16 8 19 55% 124 7686 120 79%
c -  0.68 20 21 11 18 2421 1 49599 8143 1.3 21 16 8 19 55% 124 7686 120 79%
c -  0.71 20 21 11 19 2424 1 53842 8447 1.3 21 16 7 19 56% 124 7686 120 79%
c -  0.75 20 21 11 20 2426 1 58200 8977 1.3 21 16 7 19 56% 124 7686 120 79%
c ]  0.75 20 21 12 20 2426 1 58972 9461 1.3 21 16 7 19 56% 124 7686 120 79%
c {  0.75 20 14 12 20 2426 1 58972 9461 1.6 16 10 7 11 51% 124 7686 120 79%
c e  0.80 20 14 12 20 2476 1 61986 11548 1.7 16 10 7 11 52% 116 7704 114 75%
c ^  0.82 20 14 12 20 2476 1 61986 11548 1.7 16 10 7 11 52% 116 7704 114 75%
c -  0.83 21 14 12 21 2561 1 62673 9842 1.7 16 10 7 11 52% 116 7704 114 75%
c -  0.88 21 14 12 22 3154 1 67256 10731 1.7 16 10 7 12 53% 116 7704 114 75%
c
c seconds   switched    rate         size/glue  tier1    binary      remaining
c        MB   reductions  conflicts        size   tier2    irredundant
c         level    restarts     redundant     glue    trail      variables
c
c u  0.92 21 14 12 22 3330 1 69820 12366 1.7 16 10 7 12 54% 116 7704 114 75%
c v  0.93 21 14 12 22 3330 1 69820 12351 1.7 16 10 7 12 54% 116 7704 114 75%
c w  0.93 21 14 12 22 3330 1 69820 12346 1.7 16 10 7 12 54% 116 7704 114 75%
c }  0.97 22 14 13 22 3348 1 70451 12761 1.7 16 10 7 12 54% 116 7704 114 75%
c [  0.97 22 21 13 22 3348 1 70451 12761 1.3 21 16 7 19 56% 116 7704 114 75%
c I  0.97 22 21 13 22 3348 1 70451 12761 1.3 21 16 7 19 56% 116 7704 114 75%
c -  0.98 22 21 13 23 3349 1 71947 11668 1.3 21 16 7 19 56% 116 7704 114 75%
c -  1.03 22 21 13 24 3352 1 76743 12019 1.3 21 16 7 19 57% 116 7704 114 75%
c -  1.08 22 21 13 25 3354 1 81641 12330 1.3 21 16 7 19 57% 116 7704 114 75%
c ]  1.10 22 21 14 25 3355 1 83712 13551 1.3 21 16 7 19 57% 116 7704 114 75%
c {  1.10 22 14 14 25 3355 1 83712 13551 1.7 16 10 7 12 54% 116 7704 114 75%
c o  1.10 22 14 14 25 3359 1 83733 13571 1.7 16 10 7 12 54% 116 7704 114 75%
c -  1.13 22 14 14 26 3446 1 86642 13119 1.6 16 10 7 11 53% 116 7704 114 75%
c -  1.21 22 13 14 27 3578 1 91741 12566 1.6 16 10 6 11 53% 116 7704 114 75%
c u  1.27 22 13 14 27 3769 1 95507 14950 1.6 16 10 6 11 53% 117 7704 114 75%
c v  1.28 22 13 14 27 3769 1 95507 14925 1.6 16 10 6 11 53% 117 7704 114 75%
c w  1.28 22 13 14 27 3769 1 95507 14908 1.6 16 10 6 11 53% 117 7704 114 75%
c -  1.30 22 13 14 28 3883 1 96937 12981 1.6 16 10 6 11 54% 117 7704 114 75%
c }  1.32 22 13 15 28 4036 1 98429 14115 1.6 16 10 6 11 54% 117 7704 114 75%
c [  1.32 22 21 15 28 4036 1 98429 14115 1.3 21 16 7 19 57% 117 7704 114 75%
c
c seconds   switched    rate         size/glue  tier1    binary      remaining
c        MB   reductions  conflicts        size   tier2    irredundant
c         level    restarts     redundant     glue    trail      variables
c
c B  1.32 22 21 15 28 4036 1 98429 14115 1.3 21 16 7 19 57% 117 7704 114 75%
c -  1.35 22 21 15 29 4038 1 102228 13538 1.3 21 16 7 19 57% 117 7704 114 75%
c -  1.41 22 21 15 30 4042 1 107613 13873 1.3 21 16 6 19 58% 117 7704 114 75%
c -  1.47 24 21 15 31 4045 1 113090 14426 1.3 21 16 6 18 58% 117 7704 114 75%
c s  1.54 24 21 15 31 4046 1 115252 15886 1.3 21 16 6 18 58% 117 7700 114 75%
c e  1.55 24 21 15 31 4046 1 115252 15886 1.3 21 16 6 18 58% 112 7722 108 71%
c s  1.55 24 21 15 31 4046 1 115252 15886 1.3 21 16 6 18 58% 112 7721 108 71%
c e  1.55 24 21 15 31 4046 1 115252 15886 1.3 21 16 6 18 58% 111 7721 107 70%
c ^  1.55 24 21 15 31 4046 1 115252 15886 1.3 21 16 6 18 58% 111 7721 107 70%
c ]  1.57 24 21 16 31 4048 1 117485 11698 1.3 21 16 6 18 58% 111 7721 107 70%
c {  1.57 24 13 16 31 4048 1 117485 11698 1.6 16 10 6 11 54% 111 7721 107 70%
c -  1.59 24 13 16 32 4201 1 118658 10659 1.6 16 10 6 11 54% 111 7721 107 70%
c -  1.66 24 13 16 33 4555 1 124314 12062 1.6 16 10 6 11 55% 112 7720 107 70%
c u  1.68 24 13 16 33 4567 1 125528 12569 1.6 16 10 6 11 55% 112 7720 107 70%
c v  1.70 24 13 16 33 4567 1 125528 12514 1.6 16 10 6 11 55% 112 7720 107 70%
c w  1.70 24 13 16 33 4567 1 125528 12485 1.6 16 10 6 11 55% 112 7720 107 70%
c o  1.70 24 13 16 33 4567 1 125528 12485 1.6 16 10 6 11 55% 112 7720 107 70%
c -  1.76 24 13 16 34 4724 1 130060 12985 1.6 16 10 6 11 55% 112 7720 107 70%
c }  1.82 24 13 17 34 5615 1 135823 16957 1.6 16 10 6 11 56% 112 7720 107 70%
c [  1.82 24 21 17 34 5615 1 135823 16957 1.3 21 16 6 18 58% 112 7720 107 70%
c
c seconds   switched    rate          size/glue  tier1    binary      remaining
c        MB   reductions  conflicts         size   tier2    irredundant
c         level    restarts      redundant     glue    trail      variables
c
c W  1.82 24 21 17 34 5615 1 135823 16957 1.3 21 16 6 18 58% 112 7720 107 70%
c -  1.83 24 21 17 35 5615 1 135890 14202 1.3 21 16 6 18 58% 112 7720 107 70%
c -  1.88 24 21 17 36 5619 1 141806 14888 1.3 21 16 6 18 58% 112 7720 107 70%
c -  1.94 24 20 17 37 5621 1 147806 14926 1.3 20 16 6 18 58% 112 7720 107 70%
c -  2.00 24 20 17 38 5626 1 153888 15474 1.3 20 15 6 17 59% 112 7720 107 70%
c u  2.06 28 19 17 38 5628 1 159965 19174 1.3 19 15 6 17 59% 112 7720 107 70%
c v  2.07 28 19 17 38 5628 1 159965 19143 1.3 19 15 6 17 59% 112 7720 107 70%
c w  2.08 28 19 17 38 5628 1 159965 18721 1.3 19 15 6 17 59% 112 7720 107 70%
c O  2.09 28 19 17 38 5628 1 160048 18768 1.3 19 15 6 17 59% 112 7720 107 70%
c -  2.09 28 19 17 39 5628 1 160052 15981 1.3 19 15 6 17 59% 112 7720 107 70%
c ]  2.10 28 19 18 39 5629 1 161131 16591 1.3 19 15 6 17 59% 112 7720 107 70%
c {  2.10 28 13 18 39 5629 1 161131 16591 1.6 16 10 6 11 56% 112 7720 107 70%
c -  2.15 28 13 18 40 5629 1 166296 16291 1.6 15 10 6 11 56% 112 7720 107 70%
c -  2.22 28 13 18 41 5629 1 172620 16868 1.6 15 10 6 11 57% 112 7720 107 70%
c -  2.29 28 12 18 42 5630 1 179024 17594 1.6 15 10 6 10 58% 112 7720 107 70%
c }  2.34 28 12 19 42 5630 1 183476 20150 1.6 15 9 6 10 58% 112 7720 107 70%
c [  2.34 28 19 19 42 5630 1 183476 20150 1.3 19 15 6 17 59% 112 7720 107 70%
c -  2.36 28 19 19 43 5631 1 185504 18012 1.3 19 15 6 17 59% 112 7720 107 70%
c B  2.39 28 19 19 43 5633 1 187789 19504 1.3 19 15 6 17 59% 112 7720 107 70%
c o  2.39 28 19 19 43 5633 1 187789 19504 1.3 19 15 6 17 59% 112 7720 107 70%
c
c seconds   switched    rate          size/glue  tier1    binary      remaining
c        MB   reductions  conflicts         size   tier2    irredundant
c         level    restarts      redundant     glue    trail      variables
c
c s  2.42 28 19 19 43 5635 1 190923 21898 1.3 19 15 6 17 59% 112 7713 107 70%
c e  2.43 28 19 19 43 5635 1 190923 21898 1.3 19 15 6 17 59%  93 7774 99 65%
c s  2.43 28 19 19 43 5635 1 190923 21898 1.3 19 15 6 17 59%  93 7770 99 65%
c ^  2.43 28 19 19 43 5635 1 190923 21898 1.3 19 15 6 17 59%  93 7770 99 65%
c -  2.44 28 18 19 44 5636 1 192061 14951 1.3 19 15 6 16 59%  93 7770 99 65%
c -  2.49 28 18 19 45 5639 1 198695 16734 1.3 19 14 6 16 60%  93 7770 99 65%
c u  2.51 28 18 19 45 5639 1 198946 16783 1.3 19 14 6 16 60%  93 7770 99 65%
c v  2.52 28 18 19 45 5639 1 198946 16755 1.3 19 14 6 16 60%  93 7770 99 65%
c w  2.53 28 18 19 45 5639 1 198946 16748 1.3 19 14 6 16 60%  93 7770 99 65%
c -  2.59 29 18 19 46 5643 1 205405 17791 1.3 19 14 6 16 60%  93 7770 99 65%
c ]  2.62 29 18 20 46 5643 1 208088 19628 1.3 19 14 6 16 60%  93 7770 99 65%
c {  2.62 29 12 20 46 5643 1 208088 19628 1.6 15 9 6 10 58%  93 7770 99 65%
c -  2.68 29 12 20 47 6002 1 212187 16243 1.6 15 9 5 10 59%  93 7770 99 65%
c -  2.78 29 12 20 48 6472 1 219043 16895 1.6 15 9 5 10 59%  93 7770 99 65%
c -  2.86 29 12 20 49 7308 1 225974 17869 1.6 15 9 5 10 59%  93 7770 99 65%
c -  2.95 29 12 20 50 7721 1 232975 17804 1.5 15 9 5 10 59%  93 7770 99 65%
c }  2.97 29 12 21 50 7721 1 234827 18538 1.5 14 9 5 10 59%  93 7770 99 65%
c [  2.97 29 18 21 50 7721 1 234827 18538 1.3 19 14 6 16 60%  93 7770 99 65%
c W  2.98 29 18 21 50 7721 1 234827 18538 1.3 19 14 6 16 60%  93 7770 99 65%
c -  3.02 29 18 21 51 7725 1 240046 16795 1.3 19 15 6 16 60%  93 7770 99 65%
c
c seconds   switched    rate          size/glue  tier1    binary     remaining
c        MB   reductions  conflicts         size   tier2    irredundant
c         level    restarts      redundant     glue    trail     variables
c
c u  3.07 29 18 21 51 7726 1 242568 17919 1.3 19 15 6 16 60%  93 7770 99 65%
c v  3.08 29 18 21 51 7726 1 242568 17742 1.3 19 15 6 16 60%  93 7770 99 65%
c w  3.09 29 18 21 51 7726 1 242568 17730 1.3 19 15 6 16 60%  93 7770 99 65%
c -  3.16 29 19 21 52 7727 1 247187 15856 1.3 19 15 6 16 60%  93 7770 99 65%
c -  3.23 29 18 21 53 7733 1 254399 16638 1.3 19 15 6 16 60%  93 7770 99 65%
c -  3.30 29 18 21 54 7735 1 261680 17249 1.3 19 15 6 16 60%  93 7770 99 65%
c -  3.37 29 18 21 55 7736 1 269029 18109 1.3 19 14 5 16 60%  93 7770 99 65%
c I  3.38 29 18 21 55 7738 1 270178 18883 1.3 19 14 5 16 60%  93 7770 99 65%
c o  3.38 29 18 21 55 7738 1 270178 18883 1.3 19 14 5 16 60%  93 7770 99 65%
c ]  3.42 29 18 22 55 7740 1 274039 21681 1.3 19 14 5 16 61%  93 7770 99 65%
c {  3.42 29 12 22 55 7740 1 274039 21681 1.5 14 9 5 10 59%  93 7770 99 65%
c -  3.47 29 12 22 56 8022 1 276445 19011 1.5 15 9 5 10 59%  93 7770 99 65%
c -  3.63 29 12 22 57 9030 1 283928 18387 1.5 14 10 5 10 59%  93 7770 99 65%
c u  3.78 29 13 22 57 9880 1 290915 21676 1.5 15 10 5 10 59%  93 7770 99 65%
c v  3.80 29 13 22 57 9880 1 290915 21493 1.5 15 10 5 10 59%  93 7770 99 65%
c w  3.81 29 13 22 57 9880 1 290915 21476 1.5 15 10 5 10 59%  93 7770 99 65%
c s  3.82 29 13 22 57 9911 1 291030 21542 1.5 15 10 5 10 59%  93 7769 99 65%
c e  3.82 29 13 22 57 9911 1 291030 21542 1.5 15 10 5 10 59%  70 7877 92 61%
c !  3.82 29 13 22 57 9911 1 291030 21542 1.5 15 10 5 10 59%  70 7877 92 61%
c -  3.83 29 13 22 58 9993 1 291478 11042 1.5 15 10 5 10 59%  70 7877 92 61%
c
c seconds   switched     rate          size/glue  tier1    binary     remaining
c        MB   reductions   conflicts         size   tier2    irredundant
c         level    restarts       redundant     glue    trail     variables
c
c -  3.94 29 13 22 59 10444 1 299094 14651 1.5 15 10 5 10 59%  70 7877 92 61%
c }  4.03 29 13 23 59 10587 1 305556 19084 1.6 15 9 5 10 60%  70 7877 92 61%
c [  4.03 29 18 23 59 10587 1 305556 19084 1.3 19 14 5 16 61%  70 7877 92 61%
c -  4.05 29 18 23 60 10588 1 306776 18319 1.3 19 14 5 16 61%  70 7877 92 61%
c B  4.08 29 18 23 60 10589 1 309618 20387 1.3 19 14 5 16 61%  70 7877 92 61%
c -  4.13 29 18 23 61 10593 1 314521 19653 1.3 19 14 5 16 61%  70 7877 92 61%
c -  4.21 29 18 23 62 10596 1 322332 19924 1.3 19 14 5 16 62%  70 7877 92 61%
c -  4.30 29 19 23 63 10600 1 330207 20758 1.3 19 14 5 16 62%  70 7877 92 61%
c -  4.39 29 19 23 64 10601 1 338144 21587 1.3 19 14 5 16 63%  70 7877 92 61%
c u  4.48 29 19 23 64 10605 1 344109 24961 1.3 20 15 5 16 63%  70 7877 92 61%
c v  4.50 29 19 23 64 10605 1 344109 24417 1.3 20 15 5 16 63%  70 7877 92 61%
c w  4.52 32 19 23 64 10605 1 344109 24387 1.3 20 15 5 16 63%  70 7877 92 61%
c f  4.52 32 19 23 64 10605 1 344109 24387 1.3 20 15 5 16 63%  78 7832 94 62%
c u  4.53 35 19 23 64 10605 1 344109 24203 1.3 20 15 5 16 63%  78 7832 94 62%
c v  4.55 36 19 23 64 10605 1 344109 24155 1.3 20 15 5 16 63%  78 7832 94 62%
c w  4.56 36 19 23 64 10605 1 344109 24061 1.3 20 15 5 16 63%  78 7832 94 62%
c o  4.57 36 19 23 64 10605 1 344109 24061 1.3 20 15 5 16 63%  78 7832 94 62%
c -  4.59 36 19 23 65 10607 1 346146 21221 1.4 20 15 5 16 63%  78 7832 94 62%
c W  4.68 36 19 23 65 10610 1 353329 26742 1.4 20 14 5 16 64%  78 7832 94 62%
c -  4.69 37 19 23 66 10611 1 354208 21933 1.4 20 15 5 16 64%  78 7832 94 62%
c
c seconds   switched     rate          size/glue  tier1    binary     remaining
c        MB   reductions   conflicts         size   tier2    irredundant
c         level    restarts       redundant     glue    trail     variables
c
c ]  4.79 37 19 24 66 10615 1 361963 26560 1.4 20 15 5 16 64%  78 7832 94 62%
c {  4.79 37 13 24 66 10615 1 361963 26560 1.6 15 9 5 10 60%  78 7832 94 62%
c -  4.80 37 13 24 67 10657 1 362332 21775 1.6 15 9 5 10 60%  78 7832 94 62%
c -  4.92 37 14 24 68 11596 1 370521 23649 1.6 15 10 5 10 61%  78 7832 94 62%
c -  5.03 37 14 24 69 12260 1 378769 24608 1.6 15 10 5 10 61%  78 7832 94 62%
c -  5.17 37 14 24 70 12834 1 387077 25231 1.6 15 10 5 10 62%  78 7832 94 62%
c -  5.30 37 14 24 71 13649 1 395445 23949 1.6 16 10 4 10 63%  78 7832 94 62%
c }  5.35 37 14 25 71 13935 1 398640 26288 1.6 16 10 4 10 63%  78 7832 94 62%
c [  5.35 37 19 25 71 13935 1 398640 26288 1.4 20 15 5 16 64%  78 7832 94 62%
c O  5.38 37 19 25 71 13937 1 401491 28124 1.4 20 15 5 16 65%  78 7832 94 62%
c u  5.42 37 19 25 71 13937 1 402163 28263 1.4 20 14 5 16 64%  78 7832 94 62%
c v  5.44 37 19 25 71 13937 1 402163 28087 1.4 20 14 5 16 64%  78 7832 94 62%
c w  5.46 40 19 25 71 13937 1 402163 28083 1.4 20 14 5 16 64%  78 7832 94 62%
c -  5.48 40 19 25 72 13939 1 403875 23314 1.4 20 14 5 16 64%  78 7832 94 62%
c -  5.57 41 18 25 73 13943 1 412361 22205 1.4 19 14 5 15 64%  78 7832 94 62%
c e  5.62 41 18 25 73 13946 1 417315 25134 1.4 19 14 5 15 64%  67 7897 90 59%
c -  5.65 42 18 25 74 13948 1 420905 16202 1.4 19 14 5 15 64%  67 7897 90 59%
c -  5.74 42 18 25 75 13949 1 429507 17388 1.4 19 14 5 15 64%  67 7897 90 59%
c -  5.82 42 18 25 76 13954 1 438168 18437 1.3 19 14 4 15 63%  67 7897 90 59%
c -  5.91 42 17 25 77 13959 1 446885 19317 1.4 18 14 4 15 63%  67 7897 90 59%
c
c seconds   switched     rate          size/glue  tier1    binary     remaining
c        MB   reductions   conflicts         size   tier2    irredundant
c         level    restarts       redundant     glue    trail     variables
c
c B  5.97 42 17 25 77 13963 1 454278 23793 1.3 18 14 4 15 63%  67 7897 90 59%
c o  5.97 42 17 25 77 13963 1 454278 23793 1.3 18 14 4 15 63%  67 7897 90 59%
c -  5.99 42 17 25 78 13963 1 455659 20282 1.3 18 14 4 15 63%  67 7897 90 59%
c ]  6.01 42 17 26 78 13963 1 456753 21126 1.4 18 14 4 15 63%  67 7897 90 59%
c {  6.01 42 14 26 78 13963 1 456753 21126 1.6 16 10 4 10 63%  67 7897 90 59%
c -  6.10 42 14 26 79 14322 1 464490 20897 1.6 16 10 4 10 63%  69 7895 90 59%
c u  6.12 42 14 26 79 14339 1 465211 21015 1.6 16 10 4 10 63%  69 7895 90 59%
c v  6.14 42 14 26 79 14339 1 465211 20812 1.6 16 10 4 10 63%  69 7895 90 59%
c w  6.15 42 14 26 79 14339 1 465211 20811 1.6 16 10 4 10 63%  69 7895 90 59%
c f  6.15 42 14 26 79 14339 1 465211 20811 1.6 16 10 4 10 63%  74 7871 91 60%
c u  6.17 42 14 26 79 14339 1 465211 20754 1.6 16 10 4 10 63%  74 7871 91 60%
c v  6.20 42 14 26 79 14339 1 465211 20726 1.6 16 10 4 10 63%  74 7871 91 60%
c w  6.20 42 14 26 79 14339 1 465211 20724 1.6 16 10 4 10 63%  74 7871 91 60%
c -  6.40 46 14 26 80 14844 1 473380 21831 1.6 16 10 4 10 63%  74 7871 91 60%
c -  6.53 47 14 26 81 15357 1 482324 21802 1.6 16 10 4 10 63%  74 7871 91 60%
c -  6.65 47 14 26 82 15713 1 491325 22290 1.6 16 10 4 10 64%  74 7871 91 60%
c }  6.75 47 14 27 82 16235 1 498971 27310 1.6 16 10 4 10 64%  74 7871 91 60%
c [  6.75 47 17 27 82 16235 1 498971 27310 1.4 18 14 4 15 63%  74 7871 91 60%
c -  6.76 48 17 27 83 16236 1 500382 23389 1.4 18 14 4 15 63%  74 7871 91 60%
c -  6.88 48 17 27 84 16241 1 509492 24572 1.4 19 13 4 15 63%  74 7871 91 60%
c
c seconds   switched     rate          size/glue  tier1    binary     remaining
c        MB   reductions   conflicts         size   tier2    irredundant
c         level    restarts       redundant     glue    trail     variables
c
c W  6.92 49 17 27 84 16242 1 511863 26369 1.4 19 13 4 15 63%  74 7871 91 60%
c -  7.00 50 17 27 85 16247 1 518658 23786 1.4 19 14 4 15 64%  74 7871 91 60%
c -  7.12 51 18 27 86 16249 1 527879 21108 1.4 19 14 4 15 63%  74 7871 91 60%
c u  7.21 52 18 27 86 16250 1 533272 24317 1.4 19 14 4 15 63%  74 7871 91 60%
c v  7.24 52 18 27 86 16250 1 533272 24254 1.4 19 14 4 15 63%  74 7871 91 60%
c w  7.26 53 18 27 86 16250 1 533272 23115 1.4 19 14 4 15 63%  74 7871 91 60%
c -  7.31 53 18 27 87 16253 1 537154 19653 1.4 19 14 4 15 63%  74 7871 91 60%
c ]  7.39 53 18 28 87 16256 1 544688 24305 1.4 19 14 4 15 63%  74 7871 91 60%
c {  7.39 53 14 28 87 16256 1 544688 24305 1.6 16 10 4 10 64%  74 7871 91 60%
c o  7.39 53 14 28 87 16271 1 544767 24359 1.6 16 10 4 10 64%  74 7871 91 60%
c -  7.41 53 14 28 88 16315 1 546481 21312 1.6 16 10 4 10 64%  74 7871 91 60%
c -  7.54 53 14 28 89 16911 1 555862 23646 1.6 16 10 4 10 64%  74 7871 91 60%
c -  7.67 53 14 28 90 17315 1 565296 25188 1.6 16 10 4 10 64%  74 7871 91 60%
c s  7.75 53 14 28 90 17848 1 571709 29320 1.6 16 10 4 10 64%  74 7860 91 60%
c -  7.80 53 14 28 91 17900 1 574782 25826 1.6 16 10 4 10 64%  74 7860 91 60%
c -  7.91 54 14 28 92 18291 1 584322 26288 1.6 16 10 4 10 64%  74 7860 91 60%
c }  8.02 54 14 29 92 18479 1 592827 31799 1.6 16 10 4 10 64%  74 7860 91 60%
c [  8.02 54 18 29 92 18479 1 592827 31799 1.4 19 14 4 15 63%  74 7860 91 60%
c I  8.02 54 18 29 92 18479 1 592827 31799 1.4 19 14 4 15 63%  74 7860 91 60%
c -  8.04 54 18 29 93 18480 1 593914 25994 1.4 19 14 4 15 63%  74 7860 91 60%
c
c seconds   switched     rate          size/glue  tier1    binary     remaining
c        MB   reductions   conflicts         size   tier2    irredundant
c         level    restarts       redundant     glue    trail     variables
c
c -  8.15 54 18 29 94 18485 1 603557 23493 1.3 19 14 4 15 63%  74 7860 91 60%
c u  8.21 54 18 29 94 18486 1 606477 25099 1.3 19 14 4 15 63%  74 7860 91 60%
c v  8.24 54 18 29 94 18486 1 606477 25081 1.3 19 14 4 15 63%  74 7860 91 60%
c w  8.26 54 18 29 94 18486 1 606477 25077 1.3 19 14 4 15 63%  74 7860 91 60%
c -  8.33 54 18 29 95 18491 1 613254 21025 1.3 19 14 4 15 63%  74 7860 91 60%
c -  8.44 54 18 29 96 18493 1 623001 21631 1.3 19 15 4 15 63%  74 7860 91 60%
c -  8.55 54 18 29 97 18498 1 632798 22465 1.3 19 15 4 15 63%  74 7860 91 60%
c -  8.66 54 18 29 98 18503 1 642646 22953 1.3 19 15 4 15 63%  74 7860 91 60%
c ]  8.69 54 18 30 98 18505 1 645136 24396 1.3 19 15 4 15 63%  74 7860 91 60%
c {  8.69 54 14 30 98 18505 1 645136 24396 1.6 16 10 4 10 64%  74 7860 91 60%
c o  8.69 54 14 30 98 18577 1 645478 24633 1.6 16 10 4 10 64%  74 7860 91 60%
c -  8.78 54 14 30 99 18981 1 652546 24061 1.6 16 10 4 10 64%  74 7860 91 60%
c -  8.93 54 14 30 100 19495 1 662499 25687 1.6 16 10 4 10 64%  74 7860 91 60%
c -  9.09 54 14 30 101 20050 1 672499 27186 1.6 16 10 4 10 64%  74 7860 91 60%
c -  9.25 54 14 30 102 20702 1 682548 27991 1.6 16 10 4 10 65%  74 7860 91 60%
c u  9.31 54 14 30 102 20772 1 684904 29615 1.6 16 10 4 10 65%  74 7860 91 60%
c v  9.33 54 14 30 102 20772 1 684904 29412 1.6 16 10 4 10 65%  74 7860 91 60%
c w  9.34 54 14 30 102 20772 1 684904 29412 1.6 16 10 4 10 65%  74 7860 91 60%
c x  9.36 54 14 30 102 20772 1 684904 29412 1.6 16 10 4 10 65%  74 7857 91 60%
c -  9.46 54 14 30 103 21012 1 692650 28063 1.6 16 10 4 10 65%  74 7857 91 60%
c
c seconds   switched      rate          size/glue  tier1    binary     remaining
c        MB   reductions    conflicts         size   tier2    irredundant
c         level     restarts       redundant     glue    trail     variables
c
c }  9.55 54 14 31 103 21127 1 699572 32182 1.6 16 10 4 10 65%  74 7857 91 60%
c [  9.55 54 18 31 103 21127 1 699572 32182 1.3 19 15 4 15 63%  74 7857 91 60%
c B  9.55 54 18 31 103 21127 1 699572 32182 1.3 19 15 4 15 63%  74 7857 91 60%
c -  9.59 55 18 31 104 21129 1 702799 26777 1.3 19 15 4 15 63%  74 7857 91 60%
c -  9.71 55 19 31 105 21134 1 712997 23785 1.3 19 15 4 15 63%  74 7857 91 60%
c -  9.83 55 19 31 106 21140 1 723246 22784 1.3 19 15 4 15 64%  74 7857 91 60%
c -  9.95 55 19 31 107 21142 1 733542 23414 1.3 20 15 4 15 64%  74 7857 91 60%
c - 10.08 55 18 31 108 21148 1 743887 23893 1.3 19 15 4 15 64%  74 7857 91 60%
c - 10.19 55 18 31 109 21155 1 754280 25135 1.3 19 15 4 15 64%  74 7857 91 60%
c s 10.22 55 18 31 109 21155 1 756087 26432 1.3 19 15 4 15 64%  74 7843 91 60%
c o 10.22 55 18 31 109 21155 1 756087 26432 1.3 19 15 4 15 64%  74 7843 91 60%
c - 10.33 55 18 31 110 21156 1 764720 26083 1.3 20 15 4 15 65%  74 7843 91 60%
c ] 10.34 55 18 32 110 21156 1 765222 26411 1.3 20 15 4 15 65%  74 7843 91 60%
c { 10.34 55 14 32 110 21156 1 765222 26411 1.6 16 10 4 10 65%  74 7843 91 60%
c u 10.41 55 13 32 110 21276 1 768602 28672 1.6 16 10 4 10 65%  74 7843 91 60%
c v 10.44 55 13 32 110 21276 1 768602 28380 1.6 16 10 4 10 65%  74 7843 91 60%
c w 10.45 55 13 32 110 21276 1 768602 28357 1.6 16 10 4 10 65%  74 7843 91 60%
c - 10.55 55 13 32 111 21418 1 775208 27053 1.6 16 10 4 10 65%  76 7841 91 60%
c - 10.73 55 13 32 112 21577 1 785743 28255 1.6 16 10 4 10 65%  76 7841 91 60%
c - 10.91 55 13 32 113 21818 1 796326 27918 1.6 15 10 4 10 65%  76 7841 91 60%
c
c seconds   switched      rate          size/glue  tier1    binary     remaining
c        MB   reductions    conflicts         size   tier2    irredundant
c         level     restarts       redundant     glue    trail     variables
c
c - 11.07 55 13 32 114 22462 1 806957 28896 1.6 15 10 4 10 65%  78 7840 91 60%
c - 11.20 55 13 32 115 22666 1 817636 29112 1.5 15 10 4 10 65%  78 7840 91 60%
c } 11.31 55 13 33 115 22762 1 826326 34022 1.5 15 10 4 10 65%  78 7840 91 60%
c [ 11.31 55 18 33 115 22762 1 826326 34022 1.3 20 15 4 15 65%  78 7840 91 60%
c W 11.31 57 18 33 115 22762 1 826326 34022 1.3 20 15 4 15 65%  78 7840 91 60%
c - 11.34 57 18 33 116 22763 1 828359 28340 1.3 20 15 4 15 65%  78 7840 91 60%
c - 11.46 57 18 33 117 22769 1 839130 28284 1.3 19 15 4 15 66%  78 7840 91 60%
c - 11.59 58 18 33 118 22775 1 849946 28419 1.3 19 14 4 15 66%  78 7840 91 60%
c u 11.73 59 18 33 118 22776 1 857650 33216 1.3 19 14 4 15 66%  78 7840 91 60%
c v 11.77 59 18 33 118 22776 1 857650 32615 1.3 19 14 4 15 66%  78 7840 91 60%
c w 11.79 60 18 33 118 22776 1 857650 31950 1.3 19 14 4 15 66%  78 7840 91 60%
c - 11.84 60 18 33 119 22778 1 860808 27830 1.3 19 14 4 15 66%  78 7840 91 60%
c - 11.98 60 18 33 120 22783 1 871716 27769 1.3 19 14 4 15 66%  78 7840 91 60%
c - 12.13 60 18 33 121 22790 1 882670 27613 1.4 19 14 4 14 67%  78 7840 91 60%
c - 12.29 60 18 33 122 22792 1 893672 29037 1.4 19 14 3 14 67%  78 7840 91 60%
c ] 12.34 60 18 34 122 22792 1 896547 30988 1.4 19 14 3 14 67%  78 7840 91 60%
c { 12.34 60 13 34 122 22792 1 896547 30988 1.5 15 10 4 10 65%  78 7840 91 60%
c o 12.34 60 13 34 122 22806 1 896620 31044 1.5 15 10 4 10 65%  78 7840 91 60%
c - 12.43 60 12 34 123 22812 1 904718 28000 1.6 15 9 3 9 66%  79 7840 91 60%
c - 12.60 60 12 34 124 22812 1 915808 28352 1.6 15 9 3 9 66%  79 7840 91 60%
c
c seconds   switched      rate          size/glue tier1   binary     remaining
c        MB   reductions    conflicts         size  tier2   irredundant
c         level     restarts       redundant    glue   trail     variables
c
c - 12.73 60 12 34 125 22812 1 926945 29347 1.7 15 9 3 9 67%  79 7840 91 60%
c - 12.90 60 11 34 126 22812 1 938126 30636 1.8 16 9 3 9 68%  80 7840 91 60%
c - 13.05 60 11 34 127 22812 1 949351 31701 1.9 16 9 3 9 68%  80 7840 91 60%
c u 13.13 60 11 34 127 22812 1 952086 33648 1.9 16 8 3 9 69%  80 7840 91 60%
c v 13.18 61 11 34 127 22812 1 952086 33442 1.9 16 8 3 9 69%  80 7840 91 60%
c w 13.19 61 11 34 127 22812 1 952086 33411 1.9 16 8 3 9 69%  80 7840 91 60%
c - 13.32 65 11 34 128 22814 1 960620 33255 2.0 17 8 3 9 70%  80 7840 91 60%
c } 13.37 65 11 35 128 22825 1 964694 36938 2.0 17 8 3 9 71%  80 7840 91 60%
c [ 13.37 65 18 35 128 22825 1 964694 36938 1.4 19 14 3 14 67%  80 7840 91 60%
c O 13.37 65 18 35 128 22825 1 964694 36938 1.4 19 14 3 14 67%  80 7840 91 60%
c - 13.45 65 17 35 129 22830 1 971933 32201 1.4 19 14 3 14 68%  80 7840 91 60%
c s 13.45 65 17 35 129 22830 1 972005 32244 1.4 19 14 3 14 68%  80 7824 91 60%
c - 13.58 65 17 35 130 22837 1 983290 28313 1.4 18 13 3 14 68%  80 7824 91 60%
c - 13.72 65 17 35 131 22839 1 994694 26244 1.4 18 13 3 14 68%  80 7824 91 60%
c - 13.86 65 16 35 132 22846 1 1006142 26030 1.4 18 13 3 14 68%  80 7824 91 60%
c - 13.99 65 16 35 133 22852 1 1017633 26383 1.4 18 13 3 14 68%  80 7824 91 60%
c - 14.12 65 16 35 134 22854 1 1029166 26118 1.4 17 13 3 14 69%  80 7824 91 60%
c - 14.26 65 15 35 135 22855 1 1040742 25591 1.4 17 12 3 14 69%  81 7824 91 60%
c ] 14.27 65 15 36 135 22855 1 1041904 26281 1.4 17 12 3 14 69%  81 7824 91 60%
c { 14.27 65 11 36 135 22855 1 1041904 26281 2.0 17 8 3 9 71%  81 7824 91 60%
c
c seconds   switched      rate           size/glue tier1   binary     remaining
c        MB   reductions     conflicts         size  tier2   irredundant
c         level     restarts        redundant    glue   trail     variables
c
c o 14.27 65 11 36 135 22875 1 1042001 26344 2.0 17 8 3 9 71%  81 7824 91 60%
c u 14.45 65 11 36 135 24268 1 1051972 32151 1.9 17 9 3 9 71%  81 7824 91 60%
c v 14.49 65 11 36 135 24268 1 1051972 29178 1.9 17 9 3 9 71%  81 7824 91 60%
c w 14.51 65 11 36 135 24268 1 1051972 28659 1.9 17 9 3 9 71%  81 7824 91 60%
c - 14.67 66 11 36 136 24308 1 1052361 23374 1.9 17 9 3 9 71%  81 7824 91 60%
c - 14.81 66 11 36 137 25417 1 1064022 27369 1.9 17 9 3 9 71%  81 7824 91 60%
c - 14.96 66 11 36 138 26364 1 1075727 29152 1.9 17 9 3 9 71%  82 7823 91 60%
c - 15.14 66 12 36 139 27616 1 1087475 29448 1.9 17 9 3 9 71%  83 7823 91 60%
c - 15.30 66 12 36 140 28567 1 1099264 29759 1.8 17 9 3 9 71%  83 7823 91 60%
c - 15.49 66 12 36 141 29374 1 1111096 29106 1.8 16 9 3 9 70%  83 7823 91 60%
c } 15.58 66 12 37 141 29598 1 1117460 33631 1.8 16 9 3 9 70%  83 7823 91 60%
c [ 15.58 66 15 37 141 29598 1 1117460 33631 1.4 17 12 3 14 69%  83 7823 91 60%
c B 15.58 66 15 37 141 29598 1 1117460 33631 1.4 17 12 3 14 69%  83 7823 91 60%
c - 15.65 66 16 37 142 29602 1 1122971 28746 1.4 17 12 3 14 69%  83 7823 91 60%
c - 15.79 66 16 37 143 29608 1 1134887 27770 1.4 17 13 3 14 69%  83 7823 91 60%
c - 15.94 66 16 37 144 29612 1 1146847 26738 1.4 17 13 3 14 69%  83 7823 91 60%
c u 16.10 66 16 37 144 29618 1 1157396 33916 1.4 18 13 3 14 69%  83 7823 91 60%
c v 16.14 66 16 37 144 29618 1 1157396 33608 1.4 18 13 3 14 69%  83 7823 91 60%
c w 16.16 67 16 37 144 29618 1 1157396 33513 1.4 18 13 3 14 69%  83 7823 91 60%
c - 16.18 67 16 37 145 29618 1 1158848 26444 1.4 18 13 3 14 69%  83 7823 91 60%
c
c seconds   switched      rate           size/glue  tier1    binary     remaining
c        MB   reductions     conflicts         size   tier2    irredundant
c         level     restarts        redundant     glue    trail     variables
c
c - 16.32 67 16 37 146 29625 1 1170889 25614 1.4 18 13 3 14 69%  83 7823 91 60%
c - 16.47 67 16 37 147 29627 1 1182972 25211 1.4 18 13 3 14 69%  83 7823 91 60%
c - 16.63 68 16 37 148 29628 1 1195099 25391 1.4 18 13 3 13 69%  83 7823 91 60%
c ] 16.73 68 16 38 148 29631 1 1204174 31557 1.4 18 13 3 13 69%  83 7823 91 60%
c { 16.73 68 12 38 148 29631 1 1204174 31557 1.8 16 9 3 9 70%  83 7823 91 60%
c o 16.74 68 12 38 148 29684 1 1204510 31782 1.8 16 9 3 9 70%  83 7823 91 60%
c - 16.79 68 12 38 149 29687 1 1207265 26624 1.8 16 9 3 9 70%  83 7823 91 60%
c - 17.04 68 13 38 150 30451 1 1219471 29363 1.9 17 9 3 9 70%  83 7823 91 60%
c s 17.12 68 13 38 150 30651 1 1221054 30483 1.9 17 9 3 9 70%  84 7760 91 60%
c e 17.12 68 13 38 150 30651 1 1221054 30483 1.9 17 9 3 9 70%  80 7778 90 59%
c - 17.41 68 13 38 151 32025 1 1231719 29880 1.8 17 9 3 9 70%  80 7778 90 59%
c - 17.70 68 14 38 152 33316 1 1244007 30785 1.8 17 9 3 9 70%  80 7778 90 59%
c - 17.99 68 14 38 153 35183 1 1256337 31370 1.8 17 10 3 9 69%  81 7778 90 59%
c u 18.34 68 14 38 153 36256 1 1268393 39758 1.8 17 10 3 9 69%  81 7778 90 59%
c v 18.41 68 14 38 153 36256 1 1268393 38949 1.8 17 10 3 9 69%  81 7778 90 59%
c w 18.44 68 14 38 153 36256 1 1268393 38922 1.8 17 10 3 9 69%  81 7778 90 59%
c - 18.45 68 14 38 154 36271 1 1268708 32291 1.8 17 10 3 9 69%  81 7778 90 59%
c - 18.76 68 14 38 155 37428 1 1281117 34258 1.8 17 10 3 9 69%  81 7778 90 59%
c } 18.92 68 15 39 155 38130 1 1287510 38553 1.8 17 10 3 9 69%  81 7778 90 59%
c [ 18.92 68 16 39 155 38130 1 1287510 38553 1.4 18 13 3 13 69%  81 7778 90 59%
c
c seconds   switched      rate           size/glue  tier1    binary     remaining
c        MB   reductions     conflicts         size   tier2    irredundant
c         level     restarts        redundant     glue    trail     variables
c
c W 18.92 69 16 39 155 38130 1 1287510 38553 1.4 18 13 3 13 69%  81 7778 90 59%
c - 19.01 73 16 39 156 38134 1 1293566 33550 1.4 18 13 3 13 69%  81 7778 90 59%
c - 19.19 73 16 39 157 38142 1 1306055 32008 1.4 18 13 3 13 69%  81 7778 90 59%
c - 19.37 73 16 39 158 38144 1 1318584 30768 1.4 18 13 3 13 69%  81 7778 90 59%
c - 19.57 73 16 39 159 38151 1 1331153 29698 1.4 18 13 3 13 69%  81 7778 90 59%
c - 19.76 73 16 39 160 38158 1 1343762 31173 1.4 18 13 3 13 69%  81 7778 90 59%
c - 19.97 73 16 39 161 38160 1 1356411 32750 1.4 17 13 3 13 69%  81 7778 90 59%
c - 20.14 73 16 39 162 38160 1 1369099 31482 1.4 17 13 3 13 69%  81 7778 90 59%
c - 20.33 73 16 39 163 38167 1 1381827 30188 1.4 17 13 3 13 69%  81 7778 90 59%
c I 20.35 73 16 39 163 38168 1 1383226 31087 1.4 17 13 3 13 69%  81 7778 90 59%
c o 20.35 73 16 39 163 38168 1 1383226 31087 1.4 17 13 3 13 69%  81 7778 90 59%
c u 20.43 77 16 39 163 38170 1 1385093 32577 1.4 17 13 3 13 69%  81 7778 90 59%
c v 20.48 78 16 39 163 38170 1 1385093 32529 1.4 17 13 3 13 69%  81 7778 90 59%
c w 20.50 78 16 39 163 38170 1 1385093 32518 1.4 17 13 3 13 69%  81 7778 90 59%
c x 20.53 78 16 39 163 38170 1 1385093 32513 1.4 17 13 3 13 69%  81 7705 90 59%
c - 20.67 81 16 39 164 38174 1 1394596 31178 1.4 18 13 3 13 69%  81 7705 90 59%
c - 20.85 81 16 39 165 38178 1 1407403 31111 1.4 18 13 3 13 69%  81 7705 90 59%
c - 21.02 81 16 39 166 38186 1 1420248 31082 1.4 18 13 3 13 68%  81 7705 90 59%
c ] 21.16 81 16 40 166 38190 1 1431172 38302 1.4 18 13 3 13 68%  81 7705 90 59%
c { 21.16 81 15 40 166 38190 1 1431172 38302 1.8 17 10 3 9 69%  81 7705 90 59%
c
c seconds   switched      rate           size/glue  tier1   binary     remaining
c        MB   reductions     conflicts         size   tier2   irredundant
c         level     restarts        redundant     glue   trail     variables
c
c - 21.20 81 14 40 167 38268 1 1433133 31008 1.8 17 10 3 9 69%  81 7705 90 59%
c - 21.42 81 14 40 168 38568 1 1446055 32648 1.8 17 10 3 9 69%  81 7705 90 59%
c - 21.64 81 14 40 169 38722 1 1459019 36406 1.8 17 10 3 9 69%  81 7705 90 59%
c - 21.84 81 14 40 170 39428 1 1472019 37461 1.7 16 10 3 9 69%  81 7705 90 59%
c - 22.09 81 13 40 171 39788 1 1485060 36626 1.7 16 9 3 9 68%  81 7705 90 59%
c - 22.31 81 13 40 172 40520 1 1498136 37026 1.7 16 9 3 9 68%  82 7705 90 59%
c s 22.44 81 13 40 172 40889 1 1504848 41335 1.6 16 9 3 9 69%  82 7347 90 59%
c u 22.54 81 13 40 172 41116 1 1507626 43161 1.7 16 9 3 9 69%  82 7347 90 59%
c v 22.60 82 13 40 172 41116 1 1507626 42866 1.7 16 9 3 9 69%  82 7347 90 59%
c w 22.62 82 13 40 172 41116 1 1507626 42794 1.7 16 9 3 9 69%  82 7347 90 59%
c - 22.69 82 13 40 173 41324 1 1511250 37751 1.7 16 9 3 9 69%  82 7347 90 59%
c } 22.86 82 13 41 173 41743 1 1522645 46510 1.7 16 9 3 9 69%  82 7347 90 59%
c [ 22.86 82 16 41 173 41743 1 1522645 46510 1.4 18 13 3 13 68%  82 7347 90 59%
c B 22.86 82 16 41 173 41743 1 1522645 46510 1.4 18 13 3 13 68%  82 7347 90 59%
c - 22.89 82 16 41 174 41744 1 1524402 39120 1.4 18 13 3 13 68%  82 7347 90 59%
c - 23.09 82 17 41 175 41752 1 1537592 36845 1.4 18 13 3 13 68%  82 7347 90 59%
c - 23.30 82 17 41 176 41757 1 1550821 33949 1.4 18 13 3 13 68%  82 7347 90 59%
c - 23.51 82 16 41 177 41763 1 1564088 34611 1.4 18 13 3 13 68%  82 7347 90 59%
c o 23.58 82 17 41 177 41767 1 1570570 39125 1.4 18 13 3 13 68%  82 7347 90 59%
c - 23.70 82 17 41 178 41771 1 1577393 35048 1.4 18 13 3 13 69%  82 7347 90 59%
c
c seconds   switched      rate           size/glue  tier1    binary     remaining
c        MB   reductions     conflicts         size   tier2    irredundant
c         level     restarts        redundant     glue    trail     variables
c
c - 23.90 82 16 41 179 41773 1 1590734 35139 1.4 18 13 3 13 69%  82 7347 90 59%
c - 24.12 82 15 41 180 41773 1 1604114 37072 1.4 17 12 3 13 69%  82 7347 90 59%
c - 24.31 82 16 41 181 41780 1 1617530 36168 1.4 17 12 2 13 68%  83 7347 90 59%
c ] 24.34 82 16 42 181 41783 1 1619949 37714 1.4 17 12 2 13 68%  83 7347 90 59%
c { 24.34 82 13 42 181 41783 1 1619949 37714 1.7 16 9 3 9 69%  83 7347 90 59%
c - 24.52 82 13 42 182 42301 1 1630983 35658 1.7 16 9 3 9 69%  83 7347 90 59%
c u 24.66 82 13 42 182 42548 1 1636757 39143 1.7 16 9 3 9 69%  83 7347 90 59%
c v 24.71 82 13 42 182 42548 1 1636757 38562 1.7 16 9 3 9 69%  83 7347 90 59%
c w 24.74 82 13 42 182 42548 1 1636757 38522 1.7 16 9 3 9 69%  83 7347 90 59%
c - 24.85 82 13 42 183 42934 1 1644474 36574 1.7 16 9 3 9 69%  83 7347 90 59%
c - 25.05 82 13 42 184 43599 1 1658003 37405 1.6 15 9 3 9 69%  83 7347 90 59%
c - 25.28 82 13 42 185 44147 1 1671568 37794 1.6 15 9 3 9 69%  83 7347 90 59%
c - 25.48 82 12 42 186 44518 1 1685169 37667 1.6 15 9 3 9 69%  83 7347 90 59%
c - 25.70 82 12 42 187 45081 1 1698807 37792 1.6 15 9 3 9 69%  83 7347 90 59%
c - 25.92 82 12 42 188 45588 1 1712481 38221 1.6 15 9 3 9 69%  83 7347 90 59%
c } 26.03 82 12 43 188 45759 1 1719923 43358 1.6 15 9 3 9 69%  83 7347 90 59%
c [ 26.03 82 16 43 188 45759 1 1719923 43358 1.4 17 12 2 13 68%  83 7347 90 59%
c W 26.04 82 16 43 188 45759 1 1719923 43358 1.4 17 12 2 13 68%  83 7347 90 59%
c - 26.14 83 16 43 189 45764 1 1726192 38651 1.4 17 12 2 13 68%  83 7347 90 59%
c - 26.35 83 16 43 190 45771 1 1739939 37663 1.4 17 12 2 13 68%  83 7347 90 59%
c
c seconds   switched      rate           size/glue  tier1    binary     remaining
c        MB   reductions     conflicts         size   tier2    irredundant
c         level     restarts        redundant     glue    trail     variables
c
c - 26.57 83 15 43 191 45774 1 1753724 37983 1.4 17 12 2 13 68%  83 7347 90 59%
c - 26.79 83 16 43 192 45782 1 1767544 37845 1.4 18 12 2 13 68%  84 7347 90 59%
c u 26.91 84 15 43 192 45785 1 1771663 40619 1.4 18 12 2 13 68%  84 7347 90 59%
c v 26.98 84 15 43 192 45785 1 1771663 40505 1.4 18 12 2 13 68%  84 7347 90 59%
c w 27.01 84 15 43 192 45785 1 1771663 40418 1.4 18 12 2 13 68%  84 7347 90 59%
c o 27.01 84 15 43 192 45785 1 1771663 40418 1.4 18 12 2 13 68%  84 7347 90 59%
c - 27.16 84 16 43 193 45788 1 1781401 36236 1.5 18 12 2 13 68%  84 7347 90 59%
c - 27.38 84 15 43 194 45789 1 1795296 36756 1.5 18 12 2 13 68%  84 7347 90 59%
c - 27.61 84 15 43 195 45795 1 1809225 36804 1.5 18 12 2 13 68%  85 7347 90 59%
c ] 27.67 84 15 44 195 45796 1 1812479 38972 1.5 18 12 2 13 68%  85 7347 90 59%
c { 27.67 84 12 44 195 45796 1 1812479 38972 1.6 15 9 3 9 69%  85 7347 90 59%
c - 27.86 84 12 44 196 46209 1 1823189 37651 1.6 15 9 3 9 69%  85 7347 90 59%
c s 27.97 84 12 44 196 46344 1 1827181 40533 1.6 15 9 3 9 69%  85 7278 90 59%
c - 28.13 84 12 44 197 46721 1 1837190 39150 1.6 15 9 3 9 69%  85 7278 90 59%
c - 28.36 84 12 44 198 47425 1 1851226 35453 1.6 15 9 2 9 69%  85 7278 90 59%
c - 28.57 84 12 44 199 47887 1 1865297 34690 1.6 15 9 2 9 68%  85 7278 90 59%
c - 28.79 84 12 44 200 48629 1 1879404 34447 1.6 15 9 2 9 68%  85 7278 90 59%
c - 29.02 84 12 44 201 49009 1 1893546 35368 1.6 15 9 2 9 68%  85 7278 90 59%
c - 29.21 84 12 44 202 49428 1 1907723 35368 1.6 14 9 2 9 68%  85 7278 90 59%
c u 29.32 84 12 44 202 49542 1 1912436 37837 1.6 14 9 2 9 69%  85 7278 90 59%
c
c seconds   switched      rate           size/glue tier1   binary     remaining
c        MB   reductions     conflicts         size  tier2   irredundant
c         level     restarts        redundant    glue   trail     variables
c
c v 29.36 84 12 44 202 49542 1 1912436 37325 1.6 14 9 2 9 69%  85 7278 90 59%
c w 29.38 84 12 44 202 49542 1 1912436 37284 1.6 14 9 2 9 69%  85 7278 90 59%
c x 29.42 84 12 44 202 49542 1 1912436 37269 1.6 14 9 2 9 69%  85 7252 90 59%
c } 29.56 84 12 45 202 49909 1 1921311 42379 1.6 14 9 2 9 69%  85 7252 90 59%
c [ 29.56 84 15 45 202 49909 1 1921311 42379 1.5 18 12 2 13 68%  85 7252 90 59%
c O 29.56 84 15 45 202 49909 1 1921311 42379 1.5 18 12 2 13 68%  85 7252 90 59%
c - 29.58 84 15 45 203 49909 1 1921936 33272 1.5 18 12 2 13 68%  85 7252 90 59%
c - 29.76 84 15 45 204 49918 1 1936184 33858 1.5 18 12 2 13 68%  85 7252 90 59%
c - 29.97 84 15 45 205 49923 1 1950466 33685 1.5 18 12 2 13 68%  85 7252 90 59%
c - 30.15 84 15 45 206 49930 1 1964784 34205 1.5 18 12 2 13 68%  86 7252 90 59%
c o 30.24 84 15 45 206 49935 1 1972038 39493 1.5 18 12 2 13 68%  86 7252 90 59%
c - 30.35 84 15 45 207 49937 1 1979138 32155 1.5 18 12 2 13 68%  86 7252 90 59%
c - 30.55 84 15 45 208 49939 1 1993525 30732 1.5 18 12 2 13 68%  86 7252 90 59%
c - 30.76 84 15 45 209 49942 1 2007947 29588 1.5 17 12 2 12 68%  86 7252 90 59%
c - 30.96 84 15 45 210 49951 1 2022403 28796 1.5 17 12 2 12 68%  86 7252 90 59%
c - 31.16 84 15 45 211 49954 1 2036895 28652 1.5 17 12 2 12 68%  86 7252 90 59%
c ] 31.21 84 15 46 211 49957 1 2040671 31319 1.5 17 12 2 12 68%  86 7252 90 59%
c { 31.21 84 12 46 211 49957 1 2040671 31319 1.6 14 9 2 9 69%  86 7252 90 59%
c - 31.38 84 12 46 212 50737 1 2051420 29810 1.6 14 9 2 9 69%  86 7252 90 59%
c u 31.56 88 12 46 212 50986 1 2059377 34296 1.5 14 9 2 9 68%  86 7252 90 59%
c
c seconds   switched      rate           size/glue tier1   binary     remaining
c        MB   reductions     conflicts         size  tier2   irredundant
c         level     restarts        redundant    glue   trail     variables
c
c v 31.62 88 12 46 212 50986 1 2059377 33600 1.5 14 9 2 9 68%  86 7252 90 59%
c w 31.65 88 12 46 212 50986 1 2059377 32702 1.5 14 9 2 9 68%  86 7252 90 59%
c - 32.03 93 12 46 213 51265 1 2065980 31037 1.5 14 9 2 9 68%  86 7252 90 59%
c - 32.23 93 12 46 214 51735 1 2080574 32433 1.5 14 9 2 9 68%  87 7252 90 59%
c - 32.43 93 12 46 215 52485 1 2095202 33300 1.5 14 9 2 9 68%  87 7252 90 59%
c - 32.63 93 12 46 216 52932 1 2109865 33383 1.5 14 9 2 9 68%  88 7252 90 59%
c - 32.86 93 12 46 217 53630 1 2124562 34266 1.5 14 9 2 9 68%  88 7252 90 59%
c - 33.06 93 11 46 218 53968 1 2139292 34295 1.5 13 9 2 9 68%  88 7252 90 59%
c - 33.29 93 11 46 219 54508 1 2154057 34752 1.5 13 9 2 9 68%  88 7252 90 59%
c } 33.36 93 11 47 219 54732 1 2158715 37534 1.5 13 9 2 9 68%  88 7252 90 59%
c [ 33.36 93 15 47 219 54732 1 2158715 37534 1.5 17 12 2 12 68%  88 7252 90 59%
c B 33.36 93 15 47 219 54732 1 2158715 37534 1.5 17 12 2 12 68%  88 7252 90 59%
c - 33.49 93 15 47 220 54738 1 2168855 34562 1.5 17 12 2 12 68%  88 7252 90 59%
c - 33.69 93 15 47 221 54746 1 2183688 32845 1.5 17 12 2 12 68%  88 7252 90 59%
c s 33.78 93 15 47 221 54746 1 2187591 35490 1.5 17 12 2 12 68%  88 6725 90 59%
c o 33.78 93 15 47 221 54746 1 2187591 35490 1.5 17 12 2 12 68%  88 6725 90 59%
c - 33.95 93 15 47 222 54752 1 2198557 32220 1.5 17 12 2 12 68%  88 6725 90 59%
c u 34.19 93 15 47 222 54759 1 2212256 41571 1.5 17 12 2 12 68%  88 6725 90 59%
c v 34.25 94 15 47 222 54759 1 2212256 40057 1.5 17 12 2 12 68%  88 6725 90 59%
c w 34.28 94 15 47 222 54759 1 2212256 38522 1.5 17 12 2 12 68%  88 6725 90 59%
c
c seconds   switched      rate           size/glue  tier1    binary     remaining
c        MB   reductions     conflicts         size   tier2    irredundant
c         level     restarts        redundant     glue    trail     variables
c
c x 34.31 94 15 47 222 54759 1 2212256 38477 1.5 17 12 2 12 68%  88 6679 90 59%
c - 34.34 94 15 47 223 54760 1 2213456 30208 1.5 17 12 2 12 68%  88 6679 90 59%
c - 34.56 94 15 47 224 54762 1 2228391 31283 1.5 17 11 2 12 68%  89 6679 90 59%
c - 34.77 94 14 47 225 54764 1 2243358 31220 1.5 17 11 2 12 68%  89 6679 90 59%
c - 34.99 94 14 47 226 54773 1 2258359 32063 1.5 16 11 2 12 68%  91 6679 90 59%
c - 35.20 94 14 47 227 54777 1 2273392 31152 1.4 16 11 2 12 69%  91 6679 90 59%
c ] 35.25 94 14 48 227 54780 1 2277150 33664 1.5 16 11 2 12 68%  91 6679 90 59%
c { 35.25 94 11 48 227 54780 1 2277150 33664 1.5 13 9 2 9 68%  91 6679 90 59%
c i 35.36 94 11 48 227 54925 1 2284453 38259 1.5 13 9 2 9 68% 102 6679 89 59%
c - 35.44 95 11 48 228 55013 1 2288458 28596 1.5 13 9 2 9 68%  93 6679 89 59%
c i 35.64 95 11 48 228 55184 1 2302089 36529 1.5 13 9 2 9 68% 107 6679 88 58%
c - 35.67 95 11 48 229 55345 1 2303560 21403 1.5 13 9 2 9 68%  91 6679 88 58%
c i 35.78 95 11 48 229 55442 1 2310475 25872 1.5 13 9 2 9 68% 101 6679 87 57%
c - 35.91 95 11 48 230 55486 1 2318694 23293 1.5 13 8 2 9 68%  96 6679 87 57%
c i 35.92 95 11 48 230 55486 1 2319562 23808 1.5 13 8 2 9 68% 107 6679 86 57%
c i 36.04 95 11 48 230 55584 1 2328503 29464 1.5 13 8 2 9 68% 119 6679 85 56%
c i 36.09 95 11 48 230 55616 1 2331878 31271 1.5 12 8 2 9 68% 129 6679 84 55%
c - 36.12 95 11 48 231 55644 1 2333860 15555 1.5 12 8 2 8 68%  96 6625 84 55%
c i 36.16 95 11 48 231 55805 1 2337194 17642 1.5 12 8 2 8 67% 106 6625 83 55%
c i 36.20 95 10 48 231 55811 1 2340282 19475 1.5 12 8 2 8 67% 122 6625 82 54%
c
c seconds   switched      rate           size/glue tier1   binary     remaining
c        MB   reductions     conflicts         size  tier2   irredundant
c         level     restarts        redundant    glue   trail     variables
c
c i 36.24 95 10 48 231 55877 1 2343628 21616 1.5 12 8 2 8 67% 129 6625 81 53%
c i 36.25 95 10 48 231 55877 1 2344345 22056 1.5 12 8 2 8 67% 138 6625 80 53%
c i 36.26 95 10 48 231 55877 1 2344908 22396 1.5 12 8 2 8 67% 144 6625 72 47%
c i 36.27 95 10 48 231 55877 1 2345355 22634 1.5 12 8 2 8 67% 152 6625 70 46%
c i 36.27 95 10 48 231 55877 1 2345431 22665 1.5 12 8 2 8 67% 160 6625 65 43%
c } 36.27 95 10 48 231 55877 1 2345443 22665 1.5 12 8 2 8 67% 162 6625 47 31%
c 0 36.27 95 10 48 231 55877 1 2345443 22665 1.5 12 8 2 8 67% 162 6625 47 31%
c
c ---- [ result ] ------------------------------------------------------------
c
s UNSATISFIABLE
c
c ---- [ profiling ] ---------------------------------------------------------
c
c          32.78   90.39 %  search
c          16.88   46.54 %  focused
c          15.90   43.85 %  stable
c           3.46    9.55 %  simplify
c           3.11    8.57 %  probe
c           2.46    6.79 %  vivify
c           0.56    1.56 %  sweep
c           0.51    1.41 %  reduce
c           0.34    0.95 %  eliminate
c           0.31    0.86 %  subsume
c           0.06    0.18 %  substitute
c           0.03    0.07 %  walking
c           0.01    0.04 %  preprocess
c           0.01    0.03 %  factor
c           0.00    0.01 %  congruence
c           0.00    0.01 %  parse
c           0.00    0.01 %  lucky
c           0.00    0.01 %  transitive
c           0.00    0.00 %  backbone
c =============================================
c          36.27  100.00 %  total
c
c ---- [ statistics ] --------------------------------------------------------
c
c conflicts:                          2345443            64666.98 per second
c decisions:                          2719862                1.16 per conflict
c eliminated:                             216              142 %  variables
c factored:                               155              102 %  variables
c iterations:                              15               10 %  variables
c propagations:                      36512702          1006704    per second
c reductions:                             231            10153    interval
c reordered:                               20           117272    interval
c rephased:                                31            75659    interval
c restarts:                             55877               42    interval
c strengthened:                            43                0 %  checks
c subsumed:                              1080                0 %  checks
c switched:                                48            48863    interval
c vivified:                             36507               55 %  checks
c walks:                                   10           234544    interval
c
c ---- [ glue usage ] --------------------------------------------------------
c
c focused glue 2   used 1241136 clauses 17.97% accumulated 53.42% tier1
c focused glue 3   used  814460 clauses 11.79% accumulated 65.21%
c focused glue 4-6 used 1154933 clauses 16.72% accumulated 81.92%
c focused glue 7   used  296423 clauses  4.29% accumulated 86.22%
c focused glue 8   used  266469 clauses  3.86% accumulated 90.07% tier2
c
c stable glue 2    used 1246253 clauses 15.37% accumulated 53.98% tier1
c stable glue 3    used  751077 clauses  9.26% accumulated 63.24%
c stable glue 4-10 used 1871495 clauses 23.08% accumulated 86.32%
c stable glue 11   used  180866 clauses  2.23% accumulated 88.55%
c stable glue 12   used  175517 clauses  2.16% accumulated 90.72% tier2
c
c ---- [ resources ] ---------------------------------------------------------
c
c maximum-resident-set-size:     101586042880 bytes      96880 MB
c process-time:                            36s              36.27 seconds
c
c ---- [ shutting down ] -----------------------------------------------------
c
c exit 20
