c ---- [ banner ] ------------------------------------------------------------
c
c Kissat SAT Solver
c 
c Copyright (c) 2021-2024 Armin Biere University of Freiburg
c Copyright (c) 2019-2021 Armin Biere Johannes Kepler University Linz
c 
c Version 4.0.4 8af8e56f174b778aef3aa45af9f739b2a5f492c2
c Apple clang version 17.0.0 (clang-1700.6.3.2) -W -Wall -O3 -DNDEBUG
c Mon Mar 30 18:25:47 CEST 2026 Darwin Mac 24.6.0 arm64
c
c ---- [ parsing ] -----------------------------------------------------------
c
c opened and reading DIMACS file:
c
c   tmp.cnf
c
c parsed 'p cnf 136 6868' header
c closing input after reading 196803 bytes (192 KB)
c finished parsing after 0.00 seconds
c
c ---- [ solving ] -----------------------------------------------------------
c
c seconds switched rate     size/glue tier1 binary      remaining
c        MB reductions conflicts size  tier2  irredundant
c         level restarts redundant glue  trail      variables
c
c *  0.00  3 0 0 0  0 0   0   0 0.0 0 0 0 0 0% 680 6188 136 100%
c (  0.00  4 0 0 0  0 0   0   0 0.0 0 0 0 0 0% 680 6188 136 100%
c .  0.00  4 0 0 0  0 0   0   0 0.0 0 0 0 0 0% 680 6188 136 100%
c f  0.01  5 0 0 0  0 0   0   0 0.0 0 0 0 0 0% 316 6188 185 136%
c )  0.01  5 0 0 0  0 0   0   0 0.0 0 0 0 0 0% 316 6188 185 136%
c {  0.01  5 0 0 0  0 0   0   0 0.0 0 0 2 6 0% 316 6188 185 136%
c -  0.03  5 12 0 1 140 2 1000 553 1.3 12 9 9 12 86% 316 6188 185 136%
c }  0.03  5 12 1 1 140 2 1000 553 1.3 12 9 9 12 86% 316 6188 185 136%
c [  0.03  5 0 1 1 140 0 1000 553 0.0 0 0 2 6 0% 316 6188 185 136%
c B  0.03  5 62 1 1 140 51 1001 554 1.1 11 10 2 6 85% 316 6188 185 136%
c ]  0.04  5 13 2 1 140 1 1851 1059 1.3 13 10 9 12 85% 316 6188 185 136%
c {  0.04  5 12 2 1 140 2 1851 1059 1.3 12 9 9 12 86% 316 6188 185 136%
c -  0.04  5 11 2 2 145 2 2001 1144 1.3 12 9 9 11 86% 316 6188 185 136%
c }  0.05  6 11 3 2 145 2 2852 1665 1.3 12 9 9 11 86% 316 6188 185 136%
c [  0.05  6 13 3 2 145 1 2852 1665 1.3 13 10 9 12 85% 316 6188 185 136%
c W  0.05  6 13 3 2 145 1 2852 1665 1.3 13 10 9 12 85% 316 6188 185 136%
c u  0.05  6 12 3 2 145 1 3135 1809 1.3 13 10 9 12 85% 316 6188 185 136%
c v  0.05  6 12 3 2 145 1 3135 1804 1.3 13 10 9 12 85% 316 6188 185 136%
c w  0.05  6 12 3 2 145 1 3135 1799 1.3 13 10 9 12 85% 316 6188 185 136%
c -  0.06  6 12 3 3 145 1 3416 1861 1.3 13 10 9 12 84% 316 6188 185 136%
c
c seconds  switched  rate       size/glue  tier1    binary      remaining
c        MB reductions conflicts      size   tier2    irredundant
c         level restarts   redundant     glue    trail      variables
c
c ]  0.06  6 12 4 3 145 1 3847 2077 1.3 13 10 9 12 84% 316 6188 185 136%
c {  0.06  6 11 4 3 145 2 3847 2077 1.3 12 9 9 11 86% 316 6188 185 136%
c -  0.07  6 11 4 4 321 2 5148 2669 1.3 12 9 9 11 84% 316 6188 185 136%
c }  0.08  7 11 5 4 398 2 6199 3264 1.3 12 9 8 11 84% 316 6188 185 136%
c [  0.08  7 12 5 4 398 1 6199 3264 1.3 13 10 9 12 84% 316 6188 185 136%
c I  0.08  7 12 5 4 398 1 6199 3264 1.3 13 10 9 12 84% 316 6188 185 136%
c -  0.09  7 16 5 5 398 1 7151 3476 1.3 16 13 10 20 84% 316 6188 185 136%
c -  0.11  7 20 5 6 400 1 9389 4422 1.3 20 15 11 22 84% 316 6188 185 136%
c u  0.12  8 20 5 6 400 1 9652 4597 1.3 20 15 11 22 84% 316 6188 185 136%
c v  0.12  8 20 5 6 400 1 9652 4588 1.3 20 15 11 22 84% 316 6188 185 136%
c w  0.12  8 20 5 6 400 1 9652 4588 1.3 20 15 11 22 84% 316 6188 185 136%
c ]  0.13  8 20 6 6 400 1 9683 4615 1.3 20 15 11 22 84% 316 6188 185 136%
c {  0.13  8 11 6 6 400 2 9683 4615 1.3 12 9 8 11 84% 316 6188 185 136%
c o  0.14  8 12 6 6 591 2 10227 4911 1.3 12 10 8 11 83% 316 6188 185 136%
c -  0.15  8 12 6 7 803 2 11839 5419 1.3 13 10 9 12 82% 316 6188 185 136%
c }  0.18  8 12 7 7 1165 2 13754 6575 1.3 13 10 9 12 81% 316 6188 185 136%
c [  0.18  8 20 7 7 1165 1 13754 6575 1.3 20 15 11 22 84% 316 6188 185 136%
c B  0.18  8 20 7 7 1165 1 13754 6575 1.3 20 15 11 22 84% 316 6188 185 136%
c -  0.19  8 20 7 8 1165 1 14486 6223 1.3 20 15 12 21 84% 316 6188 185 136%
c e  0.22  9 19 7 8 1166 1 15666 7052 1.3 19 15 12 21 83% 147 3187 94 69%
c
c seconds  switched   rate        size/glue  tier1     binary     remaining
c        MB reductions  conflicts       size    tier2    irredundant
c         level  restarts    redundant     glue     trail     variables
c
c ^  0.23  9 19 7 8 1166 1 15666 7052 1.3 19 15 12 21 83% 147 3187 94 69%
c -  0.24  9 19 7 9 1167 1 17314 4712 1.3 19 15 12 20 84% 147 3187 94 69%
c W  0.25  9 18 7 9 1169 1 19285 6073 1.3 19 14 12 20 86% 147 3187 94 69%
c u  0.26 10 18 7 9 1169 1 19773 6383 1.3 19 14 12 20 86% 147 3187 94 69%
c v  0.26 10 18 7 9 1169 1 19773 6372 1.3 19 14 12 20 86% 147 3187 94 69%
c w  0.27 10 18 7 9 1169 1 19773 6367 1.3 19 14 12 20 86% 147 3187 94 69%
c -  0.27 10 17 7 10 1170 1 20315 6126 1.3 19 14 11 18 86% 147 3187 94 69%
c ]  0.29 10 17 8 10 1171 1 22513 7769 1.4 18 13 11 18 87% 147 3187 94 69%
c {  0.29 10 12 8 10 1171 2 22513 7769 1.3 13 10 9 12 81% 147 3187 94 69%
c o  0.29 10 13 8 10 1206 2 22653 7883 1.3 13 10 9 12 81% 147 3187 94 69%
c -  0.30 10 13 8 11 1243 2 23478 7265 1.3 14 10 9 12 82% 147 3187 94 69%
c -  0.32 11 12 8 12 1310 2 26794 7492 1.3 13 10 9 12 84% 147 3187 94 69%
c }  0.34 11 12 9 12 1330 2 28673 8639 1.3 13 10 9 12 85% 147 3187 94 69%
c [  0.34 11 17 9 12 1330 1 28673 8639 1.4 18 13 11 18 87% 147 3187 94 69%
c O  0.34 11 17 9 12 1330 1 28673 8639 1.4 18 13 11 18 87% 147 3187 94 69%
c -  0.35 11 16 9 13 1331 1 30258 7939 1.4 18 13 11 17 88% 147 3187 94 69%
c e  0.37 11 15 9 13 1333 1 33067 9632 1.4 17 12 11 17 88% 150 3190 88 65%
c ^  0.37 11 15 9 13 1333 1 33067 9632 1.4 17 12 11 17 88% 150 3190 88 65%
c -  0.37 11 15 9 14 1334 1 33864 5181 1.4 17 12 10 16 88% 150 3190 88 65%
c u  0.38 11 15 9 14 1335 1 35260 6134 1.4 17 12 10 16 89% 150 3190 88 65%
c
c seconds  switched    rate        size/glue  tier1     binary     remaining
c        MB  reductions  conflicts       size    tier2    irredundant
c         level   restarts    redundant     glue     trail     variables
c
c v  0.39 11 15 9 14 1335 1 35260 6119 1.4 17 12 10 16 89% 150 3190 88 65%
c w  0.39 11 15 9 14 1335 1 35260 6108 1.4 17 12 10 16 89% 150 3190 88 65%
c ]  0.40 11 15 10 14 1336 1 37502 7716 1.4 17 12 10 16 89% 150 3190 88 65%
c {  0.40 11 12 10 14 1336 2 37502 7716 1.3 13 10 9 12 85% 150 3190 88 65%
c -  0.41 11 12 10 15 1354 2 37605 7382 1.3 13 10 9 12 85% 150 3190 88 65%
c -  0.43 11 12 10 16 1418 1 41478 9158 1.3 13 10 9 12 86% 150 3190 88 65%
c -  0.47 11 12 10 17 1494 1 45481 10312 1.3 13 10 9 12 87% 150 3190 88 65%
c }  0.47 11 12 11 17 1498 1 46131 10616 1.3 13 10 9 12 87% 150 3190 88 65%
c [  0.47 11 15 11 17 1498 1 46131 10616 1.4 17 12 10 16 89% 150 3190 88 65%
c B  0.47 11 15 11 17 1498 1 46131 10616 1.4 17 12 10 16 89% 150 3190 88 65%
c o  0.47 11 15 11 17 1498 1 46131 10616 1.4 17 12 10 16 89% 150 3190 88 65%
c -  0.50 11 15 11 18 1500 1 49604 11692 1.4 17 13 10 16 89% 150 3190 88 65%
c -  0.54 11 15 11 19 1503 1 53847 13502 1.4 17 13 10 16 89% 150 3190 88 65%
c ]  0.54 11 15 12 19 1503 1 54318 13818 1.4 17 13 10 16 89% 150 3190 88 65%
c {  0.54 11 12 12 19 1503 1 54318 13818 1.3 13 10 9 12 87% 150 3190 88 65%
c u  0.56 14 12 12 19 1544 1 55195 14316 1.3 13 10 9 12 87% 150 3190 88 65%
c v  0.56 14 12 12 19 1544 1 55195 14246 1.3 13 10 9 12 87% 150 3190 88 65%
c w  0.57 14 12 12 19 1544 1 55195 14243 1.3 13 10 9 12 87% 150 3190 88 65%
c -  0.61 15 12 12 20 1619 1 58207 14561 1.3 13 10 9 12 88% 150 3190 88 65%
c -  0.65 15 12 12 21 1651 1 62679 13354 1.3 13 10 8 12 88% 150 3190 88 65%
c
c seconds   switched    rate         size/glue tier1    binary     remaining
c        MB   reductions  conflicts        size  tier2    irredundant
c         level    restarts     redundant    glue    trail     variables
c
c }  0.67 15 11 13 21 1724 1 65798 15126 1.3 12 9 8 12 88% 150 3190 88 65%
c [  0.67 15 15 13 21 1724 1 65798 15126 1.4 17 13 10 16 89% 150 3190 88 65%
c W  0.67 16 15 13 21 1724 1 65798 15126 1.4 17 13 10 16 89% 150 3190 88 65%
c -  0.69 18 15 13 22 1725 1 67262 13832 1.4 17 12 10 15 89% 150 3190 88 65%
c e  0.71 18 15 13 22 1727 1 70779 16170 1.4 17 12 10 15 89% 156 3190 85 62%
c ^  0.71 18 15 13 22 1727 1 70779 16170 1.4 17 12 10 15 89% 156 3190 85 62%
c -  0.72 18 15 13 23 1728 1 71955 7826 1.4 17 12 10 15 89% 156 3190 85 62%
c -  0.75 18 15 13 24 1730 1 76750 10106 1.4 17 12 10 15 89% 156 3190 85 62%
c ]  0.77 18 15 14 24 1731 1 79090 11506 1.4 17 12 10 15 89% 156 3190 85 62%
c {  0.77 18 11 14 24 1731 1 79090 11506 1.3 12 9 8 12 88% 156 3190 85 62%
c o  0.77 18 11 14 24 1752 1 79176 11565 1.3 13 9 8 12 88% 156 3190 85 62%
c u  0.78 18 11 14 24 1824 1 79724 11750 1.3 13 9 8 12 88% 156 3190 85 62%
c v  0.78 18 11 14 24 1824 1 79724 11667 1.3 13 9 8 12 88% 156 3190 85 62%
c w  0.79 18 11 14 24 1824 1 79724 11633 1.3 13 9 8 12 88% 156 3190 85 62%
c -  0.81 18 11 14 25 1935 1 81649 11090 1.3 13 9 8 11 88% 156 3190 85 62%
c -  0.85 18 11 14 26 2094 1 86650 12004 1.3 12 9 8 11 89% 156 3190 85 62%
c -  0.89 18 11 14 27 2458 1 91751 13019 1.3 12 9 8 11 89% 156 3190 85 62%
c }  0.90 18 11 15 27 2505 1 93806 14159 1.3 12 9 8 11 89% 156 3190 85 62%
c [  0.90 18 15 15 27 2505 1 93806 14159 1.4 17 12 10 15 89% 156 3190 85 62%
c I  0.90 18 15 15 27 2505 1 93806 14159 1.4 17 12 10 15 89% 156 3190 85 62%
c
c seconds   switched    rate         size/glue  tier1     binary     remaining
c        MB   reductions  conflicts        size    tier2    irredundant
c         level    restarts     redundant     glue     trail     variables
c
c -  0.93 18 15 15 28 2507 1 96948 14105 1.4 17 13 10 15 89% 156 3190 85 62%
c -  0.97 19 16 15 29 2511 1 102240 14749 1.4 18 13 11 16 89% 156 3190 85 62%
c ]  1.01 19 16 16 29 2512 1 107148 17864 1.3 18 13 11 16 89% 156 3190 85 62%
c {  1.01 19 11 16 29 2512 1 107148 17864 1.3 12 9 8 11 89% 156 3190 85 62%
c -  1.02 19 11 16 30 2543 1 107626 15893 1.3 12 9 8 11 89% 156 3190 85 62%
c u  1.04 19 11 16 30 2587 1 109010 16635 1.3 12 9 8 11 89% 156 3190 85 62%
c v  1.05 19 11 16 30 2587 1 109010 16334 1.3 12 9 8 11 89% 156 3190 85 62%
c w  1.05 20 11 16 30 2587 1 109010 16334 1.3 12 9 8 11 89% 156 3190 85 62%
c -  1.08 20 11 16 31 2666 1 113108 17273 1.3 12 9 8 11 90% 156 3190 85 62%
c -  1.12 20 11 16 32 2943 1 118675 18111 1.3 12 9 8 11 90% 156 3190 85 62%
c o  1.15 20 11 16 32 3210 1 122667 20340 1.3 12 9 8 11 90% 156 3190 85 62%
c -  1.17 20 11 16 33 3298 1 124331 19484 1.3 12 9 8 11 90% 156 3190 85 62%
c }  1.17 20 11 17 33 3393 1 125486 20151 1.3 12 9 8 11 90% 156 3190 85 62%
c [  1.17 20 16 17 33 3393 1 125486 20151 1.3 18 13 11 16 89% 156 3190 85 62%
c B  1.17 20 16 17 33 3393 1 125486 20151 1.3 18 13 11 16 89% 156 3190 85 62%
c -  1.21 20 16 17 34 3396 1 130075 21597 1.4 18 13 11 17 89% 156 3190 85 62%
c e  1.23 21 16 17 34 3397 1 131505 22550 1.4 18 13 11 17 89% 174 3190 79 58%
c ^  1.23 21 16 17 34 3397 1 131505 22550 1.4 18 13 11 17 89% 174 3190 79 58%
c -  1.26 23 16 17 35 3399 1 135905 9494 1.4 18 13 11 16 89% 174 3190 79 58%
c ]  1.30 23 16 18 35 3402 1 141420 13005 1.4 18 13 11 16 90% 174 3190 79 58%
c
c seconds   switched    rate          size/glue tier1    binary     remaining
c        MB   reductions  conflicts         size  tier2    irredundant
c         level    restarts      redundant    glue    trail     variables
c
c {  1.30 23 11 18 35 3402 1 141420 13005 1.3 12 9 8 11 90% 174 3190 79 58%
c -  1.30 23 11 18 36 3406 1 141821 12649 1.3 12 9 8 11 90% 174 3190 79 58%
c u  1.32 23 11 18 36 3406 1 143234 13238 1.3 12 9 8 11 90% 174 3190 79 58%
c v  1.33 23 11 18 36 3406 1 143234 12348 1.3 12 9 8 11 90% 174 3190 79 58%
c w  1.34 23 11 18 36 3406 1 143234 12227 1.3 12 9 8 11 90% 174 3190 79 58%
c -  1.37 23 11 18 37 3406 1 147821 13524 1.3 12 9 8 11 90% 174 3190 79 58%
c -  1.40 23 11 18 38 3406 1 153904 14911 1.3 12 9 8 11 91% 174 3190 79 58%
c -  1.44 23 11 18 39 3406 1 160068 16926 1.3 12 9 8 11 91% 174 3190 79 58%
c }  1.47 23 11 19 39 3406 1 163766 18795 1.3 12 9 8 11 91% 174 3190 79 58%
c [  1.47 23 16 19 39 3406 1 163766 18795 1.4 18 13 11 16 90% 174 3190 79 58%
c W  1.47 23 16 19 39 3406 1 163766 18795 1.4 18 13 11 16 90% 174 3190 79 58%
c -  1.49 23 16 19 40 3408 1 166312 19483 1.4 17 13 10 16 90% 174 3190 79 58%
c -  1.54 23 15 19 41 3412 1 172636 22310 1.4 17 13 10 16 90% 174 3190 79 58%
c ]  1.60 23 15 20 41 3415 1 178920 26353 1.4 17 12 10 16 90% 174 3190 79 58%
c {  1.60 23 11 20 41 3415 1 178920 26353 1.3 12 9 8 11 91% 174 3190 79 58%
c -  1.61 23 11 20 42 3418 1 179041 24841 1.3 12 9 8 11 91% 174 3190 79 58%
c u  1.65 26 11 20 42 3525 1 182469 26788 1.3 12 9 8 11 91% 174 3190 79 58%
c v  1.66 27 11 20 42 3525 1 182469 25107 1.3 12 9 8 11 91% 174 3190 79 58%
c w  1.66 27 11 20 42 3525 1 182469 24930 1.3 12 9 8 11 91% 174 3190 79 58%
c o  1.68 27 11 20 42 3525 1 182469 24930 1.3 12 9 8 11 91% 174 3190 79 58%
c
c seconds   switched    rate          size/glue tier1    binary     remaining
c        MB   reductions  conflicts         size  tier2    irredundant
c         level    restarts      redundant    glue    trail     variables
c
c -  1.70 27 11 20 43 3602 1 185522 24877 1.3 12 9 8 11 91% 174 3190 79 58%
c -  1.76 27 11 20 44 3794 1 192079 26418 1.3 12 9 8 11 91% 174 3190 79 58%
c -  1.81 27 11 20 45 4096 1 198713 28522 1.3 12 9 8 11 92% 174 3190 79 58%
c -  1.86 27 11 20 46 4427 1 205422 31002 1.3 12 9 8 11 92% 174 3190 79 58%
c }  1.87 27 11 21 46 4427 1 205660 31124 1.3 12 9 8 11 92% 174 3190 79 58%
c [  1.87 27 15 21 46 4427 1 205660 31124 1.4 17 12 10 16 90% 174 3190 79 58%
c O  1.87 27 15 21 46 4427 1 205660 31124 1.4 17 12 10 16 90% 174 3190 79 58%
c -  1.92 28 14 21 47 4432 1 212204 33296 1.4 16 12 10 15 91% 174 3190 79 58%
c s  1.98 28 14 21 47 4433 1 217716 36525 1.4 16 12 10 15 91% 174 3177 79 58%
c e  1.98 28 14 21 47 4433 1 217716 36525 1.4 16 12 10 15 91% 175 3181 78 57%
c ^  1.98 28 14 21 47 4433 1 217716 36525 1.4 16 12 10 15 91% 175 3181 78 57%
c -  2.00 28 14 21 48 4435 1 219059 31368 1.4 16 12 10 15 91% 175 3181 78 57%
c -  2.07 28 14 21 49 4439 1 225987 34260 1.4 16 11 10 15 91% 175 3181 78 57%
c u  2.09 29 14 21 49 4440 1 226878 34836 1.4 16 11 10 15 91% 175 3181 78 57%
c v  2.10 29 14 21 49 4440 1 226878 33618 1.4 16 11 10 15 91% 175 3181 78 57%
c w  2.11 29 14 21 49 4440 1 226878 33400 1.4 16 11 10 15 91% 175 3181 78 57%
c ]  2.11 29 14 22 49 4440 1 226898 33415 1.4 16 11 10 15 91% 175 3181 78 57%
c {  2.11 29 11 22 49 4440 1 226898 33415 1.3 12 9 8 11 92% 175 3181 78 57%
c -  2.24 29 11 22 50 5261 1 232987 36358 1.4 12 9 8 11 92% 175 3181 78 57%
c -  2.46 32 12 22 51 6126 1 240058 39540 1.4 13 9 8 11 92% 175 3181 78 57%
c
c seconds   switched    rate          size/glue tier1    binary     remaining
c        MB   reductions  conflicts         size  tier2    irredundant
c         level    restarts      redundant    glue    trail     variables
c
c o  2.54 32 12 22 51 6412 1 242578 41453 1.5 13 9 8 11 92% 175 3181 78 57%
c -  2.71 36 12 22 52 6964 1 247199 42610 1.5 14 9 8 11 92% 175 3181 78 57%
c -  2.96 40 13 22 53 7587 1 254410 46168 1.6 14 9 8 11 91% 175 3181 78 57%
c }  3.14 40 13 23 53 8046 1 258414 49304 1.6 15 9 8 11 91% 175 3181 78 57%
c [  3.14 40 14 23 53 8046 1 258414 49304 1.4 16 11 10 15 91% 175 3181 78 57%
c B  3.14 40 14 23 53 8046 1 258414 49304 1.4 16 11 10 15 91% 175 3181 78 57%
c -  3.20 44 14 23 54 8048 1 261691 49338 1.4 16 12 10 15 91% 175 3181 78 57%
c -  3.33 48 15 23 55 8052 1 269041 51417 1.4 17 12 10 15 91% 175 3181 78 57%
c -  3.46 49 15 23 56 8057 1 276457 53461 1.4 17 12 10 15 91% 175 3181 78 57%
c u  3.53 49 15 23 56 8057 1 276623 53519 1.4 17 12 10 15 91% 175 3181 78 57%
c v  3.58 49 15 23 56 8057 1 276623 53279 1.4 17 12 10 15 91% 175 3181 78 57%
c w  3.60 49 15 23 56 8057 1 276623 53255 1.4 17 12 10 15 91% 175 3181 78 57%
c -  3.72 53 15 23 57 8060 1 283940 54701 1.4 17 12 10 15 91% 175 3181 78 57%
c W  3.81 53 14 23 57 8060 1 289865 58397 1.4 16 12 10 15 91% 175 3181 78 57%
c -  3.84 58 14 23 58 8061 1 291491 55526 1.4 16 12 10 15 91% 175 3181 78 57%
c -  3.98 58 14 23 59 8066 1 299107 56555 1.4 16 12 9 15 91% 175 3181 78 57%
c -  4.10 58 14 23 60 8070 1 306790 58268 1.4 16 12 9 15 91% 175 3181 78 57%
c -  4.22 58 14 23 61 8074 1 314535 59435 1.4 16 11 9 15 91% 175 3181 78 57%
c -  4.34 63 14 23 62 8075 1 322346 60859 1.4 16 11 9 15 91% 176 3181 78 57%
c I  4.39 63 14 23 62 8076 1 325219 62849 1.4 16 11 9 15 91% 176 3181 78 57%
c
c seconds   switched    rate          size/glue  tier1    binary     remaining
c        MB   reductions  conflicts         size   tier2    irredundant
c         level    restarts      redundant     glue    trail     variables
c
c o  4.39 63 14 23 62 8076 1 325219 62849 1.4 16 11 9 15 91% 176 3181 78 57%
c ]  4.41 63 14 24 62 8076 1 326282 63448 1.4 16 11 9 15 91% 176 3181 78 57%
c {  4.41 63 13 24 62 8076 1 326282 63448 1.6 15 9 8 11 91% 176 3181 78 57%
c -  4.47 63 13 24 63 8219 1 330223 61934 1.6 14 9 8 11 91% 176 3181 78 57%
c u  4.54 63 13 24 63 8238 1 331757 62695 1.6 14 9 8 11 92% 176 3181 78 57%
c v  4.57 63 13 24 63 8238 1 331757 62561 1.6 14 9 8 11 92% 176 3181 78 57%
c w  4.59 63 13 24 63 8238 1 331757 62453 1.6 14 9 8 11 92% 176 3181 78 57%
c s  4.60 63 13 24 63 8263 1 331877 62521 1.6 14 9 8 11 92% 176 3089 78 57%
c e  4.60 63 13 24 63 8263 1 331877 62521 1.6 14 9 8 11 92% 175 3104 77 57%
c !  4.60 63 13 24 63 8263 1 331877 62521 1.6 14 9 8 11 92% 175 3104 77 57%
c -  4.67 63 13 24 64 8444 1 338160 49764 1.6 14 9 8 11 92% 175 3104 77 57%
c -  4.78 63 13 24 65 8641 1 346161 51219 1.6 14 9 8 11 92% 175 3104 77 57%
c -  4.89 63 12 24 66 8843 1 354223 53470 1.5 14 9 8 11 92% 175 3104 77 57%
c -  5.00 63 12 24 67 9063 1 362348 55566 1.5 14 9 8 11 92% 175 3104 77 57%
c }  5.01 63 12 25 67 9090 1 362959 55933 1.5 14 9 8 11 92% 175 3104 77 57%
c [  5.01 63 14 25 67 9090 1 362959 55933 1.4 16 11 9 15 91% 175 3104 77 57%
c B  5.02 63 14 25 67 9091 1 364659 56897 1.4 16 11 9 15 91% 175 3104 77 57%
c -  5.14 63 14 25 68 9095 1 370533 57473 1.4 16 12 9 15 91% 175 3104 77 57%
c -  5.27 63 14 25 69 9099 1 378779 59163 1.4 16 12 9 15 91% 175 3104 77 57%
c -  5.40 63 14 25 70 9103 1 387085 60114 1.4 16 12 9 15 91% 175 3104 77 57%
c
c seconds   switched    rate          size/glue  tier1    binary     remaining
c        MB   reductions  conflicts         size   tier2    irredundant
c         level    restarts      redundant     glue    trail     variables
c
c ]  5.47 63 14 26 70 9104 1 391637 63172 1.4 17 12 9 15 91% 175 3104 77 57%
c {  5.47 63 12 26 70 9104 1 391637 63172 1.5 14 9 8 11 92% 175 3104 77 57%
c u  5.52 63 12 26 70 9156 1 392415 63484 1.5 14 9 8 11 92% 175 3104 77 57%
c v  5.56 63 12 26 70 9156 1 392415 63471 1.5 14 9 8 11 92% 175 3104 77 57%
c w  5.57 63 12 26 70 9156 1 392415 63449 1.5 14 9 8 11 92% 175 3104 77 57%
c -  5.64 63 12 26 71 9204 1 395451 59553 1.5 13 9 8 11 92% 175 3104 77 57%
c -  5.77 63 12 26 72 9614 1 403878 58678 1.5 13 9 8 11 92% 175 3104 77 57%
c -  5.90 63 12 26 73 9814 1 412364 58481 1.5 13 9 8 11 92% 175 3104 77 57%
c o  5.97 63 12 26 73 9928 1 416105 60429 1.5 13 9 8 11 92% 175 3104 77 57%
c -  6.03 63 12 26 74 10293 1 420909 59313 1.5 13 9 8 11 92% 175 3104 77 57%
c -  6.15 63 12 26 75 10579 1 429513 60657 1.4 13 9 8 11 92% 175 3104 77 57%
c }  6.20 63 12 27 75 10691 1 433856 62979 1.4 13 9 8 11 92% 175 3104 77 57%
c [  6.20 63 14 27 75 10691 1 433856 62979 1.4 17 12 9 15 91% 175 3104 77 57%
c W  6.21 63 14 27 75 10691 1 433856 62979 1.4 17 12 9 15 91% 175 3104 77 57%
c -  6.29 63 15 27 76 10694 1 438173 61752 1.4 17 12 9 15 91% 175 3104 77 57%
c -  6.44 67 15 27 77 10698 1 446890 63092 1.4 17 12 9 15 91% 175 3104 77 57%
c -  6.61 67 15 27 78 10704 1 455664 64165 1.4 17 12 10 15 91% 175 3104 77 57%
c u  6.72 73 15 27 78 10705 1 458927 66302 1.4 17 12 10 15 91% 175 3104 77 57%
c v  6.76 73 15 27 78 10705 1 458927 66296 1.4 17 12 10 15 91% 175 3104 77 57%
c w  6.77 73 15 27 78 10705 1 458927 66248 1.4 17 12 10 15 91% 175 3104 77 57%
c
c seconds   switched     rate          size/glue  tier1    binary     remaining
c        MB   reductions   conflicts         size   tier2    irredundant
c         level    restarts       redundant     glue    trail     variables
c
c -  7.04 75 15 27 79 10705 1 464496 64212 1.4 17 12 9 15 91% 175 3104 77 57%
c ]  7.11 75 15 28 79 10707 1 467957 66711 1.4 17 12 9 15 91% 175 3104 77 57%
c {  7.11 75 12 28 79 10707 1 467957 66711 1.4 13 9 8 11 92% 175 3104 77 57%
c -  7.20 75 12 28 80 10983 1 473384 63369 1.4 13 9 8 11 92% 175 3104 77 57%
c s  7.24 75 12 28 80 11091 1 476660 65137 1.4 13 9 8 11 92% 175 2856 77 57%
c -  7.34 75 12 28 81 11286 1 482328 62995 1.4 13 9 8 11 92% 175 2856 77 57%
c -  7.47 75 12 28 82 11596 1 491328 63779 1.4 13 9 8 11 92% 175 2856 77 57%
c -  7.58 80 11 28 83 11984 1 500385 65310 1.4 13 9 8 11 92% 175 2856 77 57%
c -  7.70 80 11 28 84 12169 1 509495 67526 1.4 12 9 8 11 92% 175 2856 77 57%
c o  7.75 80 11 28 84 12240 1 513114 69523 1.4 12 9 8 11 92% 175 2856 77 57%
c }  7.78 80 11 29 84 12343 1 516096 71040 1.4 12 9 8 11 92% 175 2856 77 57%
c [  7.78 80 15 29 84 12343 1 516096 71040 1.4 17 12 9 15 91% 175 2856 77 57%
c O  7.78 80 15 29 84 12343 1 516096 71040 1.4 17 12 9 15 91% 175 2856 77 57%
c -  7.83 80 15 29 85 12345 1 518660 69575 1.4 17 12 9 15 91% 175 2856 77 57%
c -  7.95 80 15 29 86 12349 1 527879 72881 1.4 17 12 9 15 91% 175 2856 77 57%
c u  8.05 80 14 29 86 12352 1 531164 74582 1.4 17 12 9 15 91% 175 2856 77 57%
c v  8.07 80 14 29 86 12352 1 531164 74113 1.4 17 12 9 15 91% 175 2856 77 57%
c w  8.08 80 14 29 86 12352 1 531164 74022 1.4 17 12 9 15 91% 175 2856 77 57%
c x  8.09 80 14 29 86 12352 1 531164 74018 1.4 17 12 9 15 91% 175 2848 77 57%
c -  8.18 81 14 29 87 12356 1 537152 75451 1.4 17 12 9 15 92% 175 2848 77 57%
c
c seconds   switched     rate          size/glue  tier1    binary     remaining
c        MB   reductions   conflicts         size   tier2    irredundant
c         level    restarts       redundant     glue    trail     variables
c
c -  8.32 81 14 29 88 12357 1 546479 77542 1.4 16 12 9 15 92% 175 2848 77 57%
c -  8.46 81 14 29 89 12363 1 555861 78961 1.4 16 11 9 15 92% 175 2848 77 57%
c ]  8.51 81 14 30 89 12364 1 558805 80937 1.4 16 11 9 15 92% 175 2848 77 57%
c {  8.51 81 11 30 89 12364 1 558805 80937 1.4 12 9 8 11 92% 175 2848 77 57%
c -  8.62 81 11 30 90 12728 1 565297 80174 1.4 12 9 8 11 92% 175 2848 77 57%
c -  8.79 81 11 30 91 12941 1 574783 80271 1.4 12 9 8 11 92% 175 2848 77 57%
c -  8.94 81 11 30 92 13225 1 584322 80158 1.4 12 9 8 11 92% 175 2848 77 57%
c -  9.10 81 11 30 93 13423 1 593913 82169 1.4 12 9 8 11 92% 175 2848 77 57%
c -  9.26 81 11 30 94 13658 1 603556 84087 1.4 12 9 8 11 92% 175 2848 77 57%
c u  9.42 89 11 30 94 13999 1 610257 87892 1.4 12 9 8 11 92% 175 2848 77 57%
c v  9.46 89 11 30 94 13999 1 610257 87529 1.4 12 9 8 11 92% 175 2848 77 57%
c w  9.47 89 11 30 94 13999 1 610257 87389 1.4 12 9 8 11 92% 175 2848 77 57%
c }  9.52 96 11 31 94 14143 1 613241 89123 1.4 12 9 8 11 92% 175 2848 77 57%
c [  9.52 96 14 31 94 14143 1 613241 89123 1.4 16 11 9 15 92% 175 2848 77 57%
c B  9.52 96 14 31 94 14143 1 613241 89123 1.4 16 11 9 15 92% 175 2848 77 57%
c o  9.52 96 14 31 94 14143 1 613241 89123 1.4 16 11 9 15 92% 175 2848 77 57%
c -  9.53 96 14 31 95 14143 1 613252 85307 1.4 16 11 9 15 92% 175 2848 77 57%
c -  9.67 97 14 31 96 14149 1 622998 87272 1.4 16 12 9 15 92% 175 2848 77 57%
c -  9.82 97 14 31 97 14155 1 632796 88375 1.4 16 12 9 15 92% 175 2848 77 57%
c -  9.98 97 14 31 98 14157 1 642644 88763 1.4 16 12 9 15 91% 175 2848 77 57%
c
c seconds   switched     rate          size/glue  tier1    binary     remaining
c        MB   reductions   conflicts         size   tier2    irredundant
c         level    restarts       redundant     glue    trail     variables
c
c - 10.18 97 14 31 99 14163 1 652544 89519 1.4 16 11 9 14 92% 175 2848 77 57%
c s 10.24 97 14 31 99 14164 1 656054 91822 1.4 16 11 9 14 92% 175 2786 77 57%
c - 10.38 97 14 31 100 14167 1 662494 90789 1.4 16 11 9 14 92% 175 2786 77 57%
c ] 10.41 97 14 32 100 14169 1 664308 92023 1.4 16 11 9 14 92% 175 2786 77 57%
c { 10.41 97 11 32 100 14169 1 664308 92023 1.4 12 9 8 11 92% 175 2786 77 57%
c - 10.53 97 11 32 101 14436 1 672496 92063 1.4 12 9 8 11 92% 175 2786 77 57%
c - 10.71 103 11 32 102 14762 1 682547 92307 1.4 12 9 8 11 92% 175 2786 77 57%
c - 10.87 104 11 32 103 15268 1 692647 74378 1.3 12 9 7 11 92% 175 2786 77 57%
c u 10.97 105 11 32 103 15377 1 695328 75908 1.3 12 9 7 11 92% 175 2786 77 57%
c v 11.01 105 11 32 103 15377 1 695328 75130 1.3 12 9 7 11 92% 175 2786 77 57%
c w 11.03 105 11 32 103 15377 1 695328 74950 1.3 12 9 7 11 92% 175 2786 77 57%
c - 11.13 105 11 32 104 15551 1 702795 68338 1.3 12 9 7 11 92% 175 2786 77 57%
c - 11.27 105 11 32 105 15860 1 712994 67596 1.3 12 9 7 11 92% 175 2786 77 57%
c - 11.43 105 11 32 106 16102 1 723240 68324 1.3 12 9 7 11 92% 175 2786 77 57%
c } 11.46 105 11 33 106 16158 1 725414 69531 1.3 12 9 7 11 92% 175 2786 77 57%
c [ 11.46 105 14 33 106 16158 1 725414 69531 1.4 16 11 9 14 92% 175 2786 77 57%
c W 11.46 105 14 33 106 16158 1 725414 69531 1.4 16 11 9 14 92% 175 2786 77 57%
c o 11.46 105 14 33 106 16158 1 725414 69531 1.4 16 11 9 14 92% 175 2786 77 57%
c - 11.60 105 14 33 107 16163 1 733536 70015 1.4 16 11 9 14 92% 175 2786 77 57%
c - 11.76 105 14 33 108 16169 1 743881 72378 1.4 16 11 9 14 92% 176 2786 77 57%
c
c seconds    switched      rate          size/glue  tier1    binary     remaining
c         MB   reductions    conflicts         size   tier2    irredundant
c          level     restarts       redundant     glue    trail     variables
c
c - 11.92 105 13 33 109 16172 1 754274 73971 1.4 15 11 9 14 92% 176 2786 77 57%
c - 12.08 110 13 33 110 16178 1 764715 75402 1.4 15 11 9 14 91% 176 2786 77 57%
c - 12.26 110 13 33 111 16183 1 775203 76456 1.4 15 10 9 14 91% 177 2786 77 57%
c ] 12.34 110 13 34 111 16186 1 779683 79371 1.4 15 11 9 14 91% 177 2786 77 57%
c { 12.34 110 11 34 111 16186 1 779683 79371 1.3 12 9 7 11 92% 177 2786 77 57%
c - 12.43 110 11 34 112 16190 1 785738 76702 1.3 12 9 7 11 92% 177 2786 77 57%
c u 12.49 110 11 34 112 16190 1 786761 77011 1.3 12 9 7 11 92% 177 2786 77 57%
c v 12.53 110 11 34 112 16190 1 786761 76787 1.3 12 9 7 11 92% 177 2786 77 57%
c w 12.54 110 11 34 112 16190 1 786761 76634 1.3 12 9 7 11 92% 177 2786 77 57%
c x 12.56 110 11 34 112 16190 1 786761 76634 1.3 12 9 7 11 92% 177 2762 77 57%
c - 12.68 110 11 34 113 16190 1 796321 75684 1.3 12 9 7 11 92% 177 2762 77 57%
c - 12.82 110 10 34 114 16190 1 806954 76164 1.3 11 8 7 10 92% 177 2762 77 57%
c - 12.96 110 10 34 115 16190 1 817632 77384 1.3 11 8 7 10 92% 177 2762 77 57%
c - 13.11 110 10 34 116 16190 1 828355 78557 1.3 11 8 7 10 92% 177 2762 77 57%
c - 13.26 110 10 34 117 16190 1 839125 80226 1.3 11 8 7 10 92% 177 2762 77 57%
c } 13.39 110 10 35 117 16197 1 847829 84566 1.3 11 8 7 10 92% 178 2762 77 57%
c [ 13.39 110 13 35 117 16197 1 847829 84566 1.4 15 11 9 14 91% 178 2762 77 57%
c I 13.39 110 13 35 117 16197 1 847829 84566 1.4 15 11 9 14 91% 178 2762 77 57%
c o 13.39 110 13 35 117 16197 1 847829 84566 1.4 15 11 9 14 91% 178 2762 77 57%
c - 13.43 111 13 35 118 16199 1 849941 83117 1.4 15 11 9 14 91% 178 2762 77 57%
c
c seconds    switched      rate          size/glue  tier1    binary     remaining
c         MB   reductions    conflicts         size   tier2    irredundant
c          level     restarts       redundant     glue    trail     variables
c
c - 13.59 111 13 35 119 16204 1 860805 86970 1.4 15 11 9 14 91% 178 2762 77 57%
c s 13.76 111 13 35 119 16210 1 871007 93578 1.4 15 11 9 14 91% 178 2690 77 57%
c - 13.78 111 13 35 120 16210 1 871713 90203 1.4 15 11 9 14 91% 178 2690 77 57%
c - 13.97 111 13 35 121 16213 1 882667 91192 1.4 15 11 9 14 91% 178 2690 77 57%
c u 14.06 108 13 35 121 16214 1 884457 91119 1.4 15 11 9 14 91% 178 2690 77 57%
c v 14.11 109 13 35 121 16214 1 884457 90225 1.4 15 11 9 14 91% 178 2690 77 57%
c w 14.13 109 13 35 121 16214 1 884457 90083 1.4 15 11 9 14 91% 178 2690 77 57%
c - 14.29 112 13 35 122 16219 1 893667 88947 1.4 15 11 9 14 91% 178 2690 77 57%
c ] 14.43 112 13 36 122 16224 1 901179 94093 1.4 15 11 9 14 91% 178 2690 77 57%
c { 14.43 112 10 36 122 16224 1 901179 94093 1.3 11 8 7 10 92% 178 2690 77 57%
c - 14.50 112 10 36 123 16444 1 904712 89129 1.3 11 8 7 10 92% 179 2690 77 57%
c - 14.68 112 10 36 124 17089 1 915802 87405 1.3 11 8 7 10 92% 179 2690 77 57%
c - 14.85 118 10 36 125 17707 1 926937 87100 1.3 11 8 7 10 92% 179 2690 77 57%
c - 15.05 118 10 36 126 17910 1 938119 88017 1.3 11 8 7 10 92% 180 2690 77 57%
c - 15.25 118 10 36 127 18192 1 949344 90114 1.3 11 8 7 10 91% 181 2690 77 57%
c - 15.43 118 10 36 128 19241 1 960614 92764 1.3 11 8 7 10 91% 181 2690 77 57%
c - 15.62 118 10 36 129 20026 1 971927 96096 1.3 11 8 7 10 91% 181 2690 77 57%
c } 15.71 118 10 37 129 20451 1 976737 98652 1.3 11 8 7 10 91% 181 2690 77 57%
c [ 15.71 118 13 37 129 20451 1 976737 98652 1.4 15 11 9 14 91% 181 2690 77 57%
c B 15.71 118 13 37 129 20451 1 976737 98652 1.4 15 11 9 14 91% 181 2690 77 57%
c
c seconds    switched      rate          size/glue  tier1    binary     remaining
c         MB   reductions    conflicts         size   tier2    irredundant
c          level     restarts       redundant     glue    trail     variables
c
c - 15.83 118 13 37 130 20456 1 983284 97597 1.4 15 11 8 14 91% 181 2690 77 57%
c u 15.98 124 13 37 130 20457 1 988800 100150 1.4 15 10 8 14 91% 181 2690 77 57%
c v 16.02 124 13 37 130 20457 1 988800 99478 1.4 15 10 8 14 91% 181 2690 77 57%
c w 16.03 124 13 37 130 20457 1 988800 99269 1.4 15 10 8 14 91% 181 2690 77 57%
c x 16.06 125 13 37 130 20457 1 988800 99268 1.4 15 10 8 14 91% 181 2685 77 57%
c o 16.33 126 13 37 130 20457 1 988800 99268 1.4 15 10 8 14 91% 181 2685 77 57%
c - 16.42 126 13 37 131 20462 1 994685 98118 1.4 15 11 8 14 91% 181 2685 77 57%
c - 16.66 133 13 37 132 20465 1 1006130 99673 1.4 15 11 8 14 91% 181 2685 77 57%
c - 16.90 133 13 37 133 20471 1 1017622 99552 1.4 15 11 8 14 91% 181 2685 77 57%
c - 17.13 133 14 37 134 20478 1 1029154 99104 1.4 15 11 8 14 91% 181 2685 77 57%
c ] 17.33 133 14 38 134 20480 1 1039532 106919 1.4 16 11 8 14 91% 181 2685 77 57%
c { 17.33 133 10 38 134 20480 1 1039532 106919 1.3 11 8 7 10 91% 181 2685 77 57%
c - 17.38 133 10 38 135 20521 1 1040729 100068 1.3 11 8 7 10 91% 181 2685 77 57%
c - 17.91 134 11 38 136 21472 1 1052347 101371 1.4 12 8 7 10 91% 181 2685 77 57%
c - 18.59 141 12 38 137 23291 1 1064008 100813 1.5 13 9 7 10 91% 181 2685 77 57%
c - 19.23 141 12 38 138 24598 1 1075712 103487 1.5 13 9 7 10 91% 181 2685 77 57%
c - 19.89 143 13 38 139 26040 1 1087459 105573 1.6 14 9 7 10 90% 181 2685 77 57%
c - 20.59 143 13 38 140 27484 1 1099248 107598 1.6 14 9 7 10 90% 181 2685 77 57%
c u 20.78 151 13 38 140 27529 1 1099473 107671 1.6 14 9 7 10 90% 181 2685 77 57%
c v 20.94 152 13 38 140 27529 1 1099473 107638 1.6 14 9 7 10 90% 181 2685 77 57%
c
c seconds    switched      rate            size/glue tier1    binary     remaining
c         MB   reductions     conflicts          size  tier2    irredundant
c          level     restarts        redundant     glue    trail     variables
c
c w 20.99 152 13 38 140 27529 1 1099473 107628 1.6 14 9 7 10 90% 181 2685 77 57%
c - 21.64 167 13 38 141 28635 1 1111081 109416 1.6 15 9 7 10 90% 181 2685 77 57%
c } 22.35 168 14 39 141 30012 1 1122868 118483 1.6 15 10 7 10 90% 181 2685 77 57%
c [ 22.35 168 14 39 141 30012 1 1122868 118483 1.4 16 11 8 14 91% 181 2685 77 57%
c W 22.37 168 14 39 141 30012 1 1122868 118483 1.4 16 11 8 14 91% 181 2685 77 57%
c - 22.39 172 14 39 142 30012 1 1122958 111089 1.4 16 11 8 14 91% 181 2685 77 57%
c s 22.41 172 14 39 142 30013 1 1124012 111810 1.4 16 11 8 14 91% 181 2247 77 57%
c - 22.79 175 13 39 143 30018 1 1134875 111358 1.4 15 11 8 14 90% 182 2247 77 57%
c - 23.12 175 13 39 144 30025 1 1146833 111782 1.4 15 11 8 14 90% 183 2247 77 57%
c i 23.15 175 13 39 144 30026 1 1148142 112554 1.4 15 10 8 14 90% 188 2247 76 56%
c o 23.15 175 13 39 144 30026 1 1148142 112554 1.4 15 10 8 14 90% 188 2247 76 56%
c - 23.47 175 13 39 145 30029 1 1158833 80010 1.5 15 11 8 13 90% 176 2247 76 56%
c - 23.78 175 13 39 146 30036 1 1170874 86286 1.5 16 11 8 13 90% 176 2247 76 56%
c - 24.12 175 13 39 147 30041 1 1182959 89179 1.5 16 11 8 13 90% 176 2247 76 56%
c - 24.42 175 14 39 148 30042 1 1195084 89554 1.5 16 11 8 13 90% 176 2247 76 56%
c O 24.57 175 14 39 148 30042 1 1201297 93596 1.5 16 11 8 13 90% 176 2247 76 56%
c - 24.72 175 13 39 149 30045 1 1207249 90074 1.5 16 11 8 13 90% 176 2247 76 56%
c u 25.10 177 13 39 149 30049 1 1216535 95146 1.5 16 11 8 13 90% 175 2247 76 56%
c v 25.23 177 13 39 149 30049 1 1216535 94941 1.5 16 11 8 13 90% 175 2247 76 56%
c w 25.28 177 13 39 149 30049 1 1216535 94878 1.5 16 11 8 13 90% 175 2247 76 56%
c
c seconds    switched      rate           size/glue  tier1    binary     remaining
c         MB   reductions     conflicts         size   tier2    irredundant
c          level     restarts        redundant     glue    trail     variables
c
c - 25.37 178 13 39 150 30051 1 1219455 90532 1.5 15 11 8 13 90% 175 2247 76 56%
c - 25.68 178 13 39 151 30057 1 1231702 90715 1.5 15 10 7 13 89% 176 2247 76 56%
c - 26.03 178 13 39 152 30062 1 1243990 92919 1.5 15 11 7 13 89% 176 2247 76 56%
c - 26.39 178 13 39 153 30069 1 1256319 94660 1.5 15 11 7 13 89% 176 2247 76 56%
c - 26.74 178 13 39 154 30072 1 1268689 93304 1.5 15 10 7 13 89% 177 2247 76 56%
c i 27.05 178 12 39 154 30073 1 1278900 98547 1.5 15 10 7 13 89% 190 2247 71 52%
c - 27.11 178 13 39 155 30073 1 1281099 61691 1.5 15 10 7 13 89% 172 1424 71 52%
c B 27.20 178 13 39 155 30073 1 1285336 64766 1.5 15 10 7 13 89% 172 1424 71 52%
c - 27.38 178 13 39 156 30074 1 1293549 65950 1.5 15 10 7 13 89% 172 1424 71 52%
c ] 27.51 178 13 40 156 30074 1 1298694 69569 1.5 15 10 7 13 89% 172 1424 71 52%
c { 27.51 178 14 40 156 30074 1 1298694 69569 1.6 15 10 7 10 90% 172 1424 71 52%
c o 27.56 178 14 40 156 30104 1 1300546 70852 1.6 15 10 7 10 90% 172 1424 71 52%
c - 27.73 178 14 40 157 30133 1 1306038 69445 1.6 15 9 7 10 90% 173 1424 71 52%
c i 27.90 178 13 40 157 30138 1 1311343 72680 1.6 15 9 7 10 90% 179 1424 70 51%
c i 28.06 178 13 40 157 30144 1 1316885 75804 1.6 15 9 7 10 90% 188 1424 69 51%
c - 28.12 178 13 40 158 30145 1 1318568 56678 1.6 15 9 7 10 90% 165 1424 69 51%
c i 28.35 178 13 40 158 30169 1 1326584 61561 1.6 14 9 7 10 89% 180 1424 63 46%
c i 28.43 178 13 40 158 30178 1 1329789 63699 1.6 14 9 7 10 89% 188 1424 62 46%
c - 28.47 179 13 40 159 30181 1 1331137 32311 1.6 14 9 7 10 89% 152 943 62 46%
c i 28.49 179 13 40 159 30181 1 1332112 32845 1.6 14 9 7 10 89% 160 943 61 45%
c
c seconds    switched      rate           size/glue tier1    binary    remaining
c         MB   reductions     conflicts         size  tier2    irredundant
c          level     restarts        redundant    glue    trail    variables
c
c i 28.53 179 12 40 159 30182 1 1334108 33945 1.6 14 9 7 10 89% 166 943 55 40%
c i 28.54 179 12 40 159 30182 1 1334441 34152 1.6 14 9 7 10 89% 170 943 49 36%
c i 28.54 179 12 40 159 30182 1 1334521 34196 1.6 14 9 7 10 89% 173 943 42 31%
c i 28.54 179 12 40 159 30182 1 1334566 34212 1.6 14 9 7 10 89% 177 943 37 27%
c i 28.54 179 12 40 159 30182 1 1334567 34212 1.6 14 9 7 10 89% 177 943 36 26%
c } 28.55 179 12 40 159 30182 1 1334573 34212 1.6 14 9 7 10 89% 179 943 12 9%
c 0 28.55 179 12 40 159 30182 1 1334573 34212 1.6 14 9 7 10 89% 179 943 12 9%
c
c ---- [ result ] ------------------------------------------------------------
c
s UNSATISFIABLE
c
c ---- [ profiling ] ---------------------------------------------------------
c
c          25.90   90.75 %  search
c          13.48   47.23 %  focused
c          12.42   43.52 %  stable
c           2.63    9.20 %  simplify
c           2.53    8.85 %  probe
c           1.97    6.89 %  vivify
c           0.79    2.78 %  reduce
c           0.48    1.69 %  sweep
c           0.08    0.27 %  eliminate
c           0.07    0.24 %  substitute
c           0.04    0.16 %  subsume
c           0.03    0.12 %  walking
c           0.01    0.04 %  preprocess
c           0.00    0.02 %  factor
c           0.00    0.01 %  congruence
c           0.00    0.01 %  transitive
c           0.00    0.00 %  parse
c           0.00    0.00 %  lucky
c           0.00    0.00 %  backbone
c =============================================
c          28.55  100.00 %  total
c
c ---- [ statistics ] --------------------------------------------------------
c
c conflicts:                          1334573            46751.03 per second
c decisions:                          1552752                1.16 per conflict
c eliminated:                             108               79 %  variables
c factored:                                49               36 %  variables
c iterations:                              13               10 %  variables
c propagations:                      20160927           706251    per second
c reductions:                             159             8394    interval
c reordered:                               16            83411    interval
c rephased:                                25            53383    interval
c restarts:                             30182               44    interval
c subsumed:                               925                0 %  checks
c switched:                                40            33364    interval
c vivified:                             21764               80 %  checks
c walks:                                    8           166822    interval
c
c ---- [ glue usage ] --------------------------------------------------------
c
c focused glue 6  used 168770 clauses 11.56% accumulated 50.01% tier1
c focused glue 7  used 193895 clauses 13.29% accumulated 63.29%
c focused glue 8  used 184513 clauses 12.64% accumulated 75.93%
c focused glue 9  used 136101 clauses  9.33% accumulated 85.26%
c focused glue 10 used  83401 clauses  5.71% accumulated 90.97% tier2
c
c stable glue 7    used 141314 clauses  8.02% accumulated 53.40% tier1
c stable glue 8    used 136678 clauses  7.75% accumulated 61.16%
c stable glue 9-11 used 374610 clauses 21.25% accumulated 82.40%
c stable glue 12   used  92510 clauses  5.25% accumulated 87.65%
c stable glue 13   used  70203 clauses  3.98% accumulated 91.63% tier2
c
c ---- [ resources ] ---------------------------------------------------------
c
c maximum-resident-set-size:     191948128256 bytes     183056 MB
c process-time:                            29s              28.55 seconds
c
c ---- [ shutting down ] -----------------------------------------------------
c
c exit 20
