c ---- [ banner ] ------------------------------------------------------------
c
c Kissat SAT Solver
c 
c Copyright (c) 2021-2024 Armin Biere University of Freiburg
c Copyright (c) 2019-2021 Armin Biere Johannes Kepler University Linz
c 
c Version 4.0.4 8af8e56f174b778aef3aa45af9f739b2a5f492c2
c Apple clang version 17.0.0 (clang-1700.6.3.2) -W -Wall -O3 -DNDEBUG
c Mon Mar 30 18:25:47 CEST 2026 Darwin Mac 24.6.0 arm64
c
c ---- [ parsing ] -----------------------------------------------------------
c
c opened and reading DIMACS file:
c
c   tmp.cnf
c
c parsed 'p cnf 105 1820' header
c closing input after reading 41848 bytes (41 KB)
c finished parsing after 0.00 seconds
c
c ---- [ solving ] -----------------------------------------------------------
c
c seconds switched rate     size/glue tier1 binary      remaining
c        MB reductions conflicts size  tier2  irredundant
c         level restarts redundant glue  trail      variables
c
c *  0.00  2 0 0 0  0 0   0   0 0.0 0 0 0 0 0% 455 1365 105 100%
c (  0.00  2 0 0 0  0 0   0   0 0.0 0 0 0 0 0% 455 1365 105 100%
c .  0.00  2 0 0 0  0 0   0   0 0.0 0 0 0 0 0% 455 1365 105 100%
c f  0.01  3 0 0 0  0 0   0   0 0.0 0 0 0 0 0% 235 1365 140 133%
c )  0.01  3 0 0 0  0 0   0   0 0.0 0 0 0 0 0% 235 1365 140 133%
c {  0.01  3 0 0 0  0 0   0   0 0.0 0 0 2 6 0% 235 1365 140 133%
c -  0.02  3 11 0 1 132 2 1000 453 1.3 11 9 8 11 92% 235 1365 140 133%
c }  0.02  3 11 1 1 132 2 1000 453 1.3 11 9 8 11 92% 235 1365 140 133%
c [  0.02  3 0 1 1 132 0 1000 453 0.0 0 0 2 6 0% 235 1365 140 133%
c B  0.02  3 65 1 1 132 58 1001 454 1.2 10 8 2 6 99% 235 1365 140 133%
c ]  0.02  3 15 2 1 132 1 1985 1125 2.1 16 8 7 10 93% 235 1365 140 133%
c {  0.02  3 11 2 1 132 2 1985 1125 1.3 11 9 8 11 92% 235 1365 140 133%
c -  0.02  3 11 2 2 132 2 2001 1129 1.3 11 9 8 11 92% 235 1365 140 133%
c }  0.03  3 11 3 2 157 1 2986 1812 1.6 12 8 7 10 93% 235 1365 140 133%
c [  0.03  3 15 3 2 157 1 2986 1812 2.1 16 8 7 10 93% 235 1365 140 133%
c W  0.03  3 15 3 2 157 1 2986 1812 2.1 16 8 7 10 93% 235 1365 140 133%
c -  0.03  3 16 3 3 157 1 3417 1959 1.8 16 9 8 12 93% 235 1365 140 133%
c u  0.04  3 15 3 3 157 1 3949 2266 1.7 15 9 8 12 93% 235 1365 140 133%
c v  0.04  3 15 3 3 157 1 3949 2256 1.7 15 9 8 12 93% 235 1365 140 133%
c w  0.04  3 15 3 3 157 1 3949 2245 1.7 15 9 8 12 93% 235 1365 140 133%
c
c seconds  switched  rate       size/glue tier1    binary      remaining
c        MB reductions conflicts      size  tier2    irredundant
c         level restarts   redundant    glue    trail      variables
c
c ]  0.05  3 14 4 3 158 1 4288 2433 1.6 15 9 7 11 93% 235 1365 140 133%
c {  0.05  3 11 4 3 158 1 4288 2433 1.6 12 8 7 10 93% 235 1365 140 133%
c -  0.05  3 11 4 4 230 1 5150 2586 1.5 12 8 7 10 93% 235 1365 140 133%
c }  0.06  3 11 5 4 455 1 6641 3420 1.4 12 8 7 10 92% 235 1365 140 133%
c [  0.06  3 14 5 4 455 1 6641 3420 1.6 15 9 7 11 93% 235 1365 140 133%
c I  0.06  3 14 5 4 455 1 6641 3420 1.6 15 9 7 11 93% 235 1365 140 133%
c -  0.06  3 15 5 5 455 1 7152 3283 1.5 16 10 8 13 91% 235 1365 140 133%
c -  0.07  4 17 5 6 457 1 9390 3963 1.4 17 12 9 16 89% 235 1365 140 133%
c ]  0.07  4 17 6 6 457 1 9701 4141 1.4 17 12 9 16 89% 235 1365 140 133%
c {  0.07  4 11 6 6 457 1 9701 4141 1.4 12 8 7 10 92% 235 1365 140 133%
c o  0.08  4 11 6 6 579 2 10040 4387 1.4 12 9 7 10 91% 235 1365 140 133%
c -  0.09  5 12 6 7 865 2 11839 5291 1.4 12 9 8 11 89% 235 1365 140 133%
c u  0.10  5 12 6 7 896 2 12160 5459 1.4 12 9 8 11 88% 235 1365 140 133%
c v  0.10  5 12 6 7 896 2 12160 5450 1.4 12 9 8 11 88% 235 1365 140 133%
c w  0.10  5 12 6 7 896 2 12160 5447 1.4 12 9 8 11 88% 235 1365 140 133%
c }  0.13  5 12 7 7 1091 2 13770 6467 1.4 13 9 8 11 87% 235 1365 140 133%
c [  0.13  5 17 7 7 1091 1 13770 6467 1.4 17 12 9 16 89% 235 1365 140 133%
c B  0.13  5 17 7 7 1091 1 13770 6467 1.4 17 12 9 16 89% 235 1365 140 133%
c -  0.14  5 17 7 8 1091 1 14484 6295 1.4 16 12 9 16 89% 235 1365 140 133%
c -  0.15  5 15 7 9 1093 1 17312 7020 1.3 16 12 9 15 89% 235 1365 140 133%
c
c seconds  switched   rate        size/glue  tier1    binary      remaining
c        MB reductions  conflicts       size   tier2    irredundant
c         level  restarts    redundant     glue    trail      variables
c
c W  0.16  6 15 7 9 1095 1 19301 8197 1.4 15 11 9 15 89% 235 1365 140 133%
c e  0.17  6 15 7 9 1095 1 19735 8434 1.3 15 11 9 15 89%  96 652 67 64%
c ^  0.17  6 15 7 9 1095 1 19735 8434 1.3 15 11 9 15 89%  96 652 67 64%
c -  0.17  6 15 7 10 1096 1 20314 2342 1.3 15 11 9 14 89%  96 652 67 64%
c o  0.18  6 15 7 10 1097 1 22034 3467 1.4 15 11 9 14 89%  96 652 67 64%
c ]  0.18  6 15 8 10 1097 1 22943 4012 1.3 15 11 9 14 90%  96 652 67 64%
c {  0.18  6 12 8 10 1097 2 22943 4012 1.4 13 9 8 11 87%  96 652 67 64%
c -  0.19  6 12 8 11 1158 2 23476 4110 1.4 13 9 8 11 87%  96 652 67 64%
c u  0.19  7 12 8 11 1256 2 24909 4861 1.4 13 9 8 11 89%  96 652 67 64%
c v  0.20  7 12 8 11 1256 2 24909 4787 1.4 13 9 8 11 89%  96 652 67 64%
c w  0.20  7 12 8 11 1256 2 24909 4764 1.4 13 9 8 11 89%  96 652 67 64%
c -  0.21  7 11 8 12 1271 2 26792 5117 1.4 12 9 7 11 90%  96 652 67 64%
c }  0.22  7 11 9 12 1492 2 29102 6329 1.4 12 9 7 11 90%  96 652 67 64%
c [  0.22  7 15 9 12 1492 1 29102 6329 1.3 15 11 9 14 90%  96 652 67 64%
c O  0.22  7 15 9 12 1492 1 29102 6329 1.3 15 11 9 14 90%  96 652 67 64%
c -  0.22  7 14 9 13 1493 1 30257 5716 1.4 15 11 9 13 90%  96 652 67 64%
c ]  0.24  7 14 10 13 1495 1 33812 7742 1.4 15 11 9 13 90%  96 652 67 64%
c {  0.24  7 11 10 13 1495 2 33812 7742 1.4 12 9 7 11 90%  96 652 67 64%
c -  0.24  7 11 10 14 1499 2 33863 7379 1.4 12 9 8 11 90%  96 652 67 64%
c -  0.26  8 11 10 15 1710 2 37604 8721 1.4 12 9 8 11 91%  96 652 67 64%
c
c seconds   switched    rate        size/glue tier1    binary    remaining
c        MB   reductions  conflicts       size  tier2    irredundant
c         level    restarts    redundant    glue    trail    variables
c
c -  0.29  8 11 10 16 1864 1 41476 8385 1.4 12 9 7 10 92%  96 652 67 64%
c e  0.29  8 11 10 16 1864 1 42350 8824 1.4 12 9 7 10 92% 105 653 57 54%
c ^  0.29  8 11 10 16 1864 1 42350 8824 1.4 12 9 7 10 92% 105 653 57 54%
c o  0.29  8 11 10 16 1864 1 42350 962 1.4 12 9 7 10 92% 105 653 57 54%
c }  0.29  8 11 11 16 1879 1 42441 1001 1.4 12 9 7 10 92% 105 653 57 54%
c [  0.29  8 14 11 16 1879 1 42441 1001 1.4 15 11 9 13 90% 105 653 57 54%
c B  0.29  8 14 11 16 1879 1 42441 1001 1.4 15 11 9 13 90% 105 653 57 54%
c u  0.30  8 15 11 16 1881 1 45039 2387 1.4 15 11 9 13 91% 105 653 57 54%
c v  0.30  8 15 11 16 1881 1 45039 2355 1.4 15 11 9 13 91% 105 653 57 54%
c w  0.31  8 15 11 16 1881 1 45039 2199 1.4 15 11 9 13 91% 105 653 57 54%
c -  0.31  9 15 11 17 1881 1 45476 2018 1.4 16 11 9 14 91% 105 653 57 54%
c -  0.32  9 15 11 18 1884 1 49599 4150 1.3 16 12 9 14 92% 105 653 57 54%
c -  0.35  9 15 11 19 1885 1 53842 5949 1.3 16 12 9 14 93% 105 653 57 54%
c W  0.35  9 15 11 19 1885 1 54664 6469 1.3 16 12 9 14 93% 105 653 57 54%
c ]  0.35  9 15 12 19 1885 1 54704 6488 1.3 16 12 9 14 93% 105 653 57 54%
c {  0.35  9 11 12 19 1885 1 54704 6488 1.4 12 9 7 10 92% 105 653 57 54%
c -  0.37 10 11 12 20 2108 1 58200 6736 1.4 12 9 7 10 93% 105 653 57 54%
c -  0.39 10 11 12 21 2258 1 62672 7586 1.3 12 9 8 10 94% 105 653 57 54%
c }  0.40 10 11 13 21 2423 1 66184 9334 1.3 12 9 8 10 94% 105 653 57 54%
c [  0.40 10 15 13 21 2423 1 66184 9334 1.3 16 12 9 14 93% 105 653 57 54%
c
c seconds   switched    rate        size/glue  tier1    binary    remaining
c        MB   reductions  conflicts       size   tier2    irredundant
c         level    restarts    redundant     glue    trail    variables
c
c -  0.41 10 15 13 22 2424 1 67255 8580 1.3 16 12 9 14 93% 105 653 57 54%
c I  0.42 10 14 13 22 2425 1 69569 9700 1.3 15 11 9 14 93% 105 653 57 54%
c u  0.43 12 15 13 22 2426 1 70895 7868 1.3 16 12 9 14 93% 105 653 57 54%
c v  0.43 12 15 13 22 2426 1 70895 7711 1.3 16 12 9 14 93% 105 653 57 54%
c w  0.43 12 15 13 22 2426 1 70895 7236 1.3 16 12 9 14 93% 105 653 57 54%
c -  0.45 13 15 13 23 2427 1 71948 6714 1.3 16 12 9 14 93% 105 653 57 54%
c ]  0.47 14 16 14 23 2429 1 75606 8878 1.3 16 12 9 15 93% 105 653 57 54%
c {  0.47 14 11 14 23 2429 1 75606 8878 1.3 12 9 8 10 94% 105 653 57 54%
c o  0.47 14 11 14 23 2434 1 75628 8892 1.3 12 9 8 10 94% 105 653 57 54%
c -  0.47 14 11 14 24 2489 1 76743 8049 1.3 12 9 8 10 95% 105 653 57 54%
c -  0.49 14 11 14 25 2715 1 81641 9773 1.3 12 9 8 10 95% 105 653 57 54%
c -  0.52 14 11 14 26 2887 1 86642 11141 1.3 12 9 8 10 95% 105 653 57 54%
c }  0.53 14 11 15 26 3098 1 90322 13137 1.3 12 9 8 10 96% 105 653 57 54%
c [  0.53 14 16 15 26 3098 1 90322 13137 1.3 16 12 9 15 93% 105 653 57 54%
c B  0.53 14 16 15 26 3098 1 90322 13137 1.3 16 12 9 15 93% 105 653 57 54%
c ^  0.54 14 16 15 26 3098 1 91262 13640 1.3 16 12 9 15 93% 105 653 57 54%
c -  0.54 14 15 15 27 3099 1 91744 12753 1.3 16 12 9 15 94% 105 653 57 54%
c -  0.57 14 15 15 28 3103 1 96940 14576 1.3 16 12 9 15 94% 105 653 57 54%
c ]  0.59 14 15 16 28 3104 1 100843 16660 1.3 15 12 9 15 94% 105 653 57 54%
c {  0.59 14 11 16 28 3104 1 100843 16660 1.3 12 9 8 10 96% 105 653 57 54%
c
c seconds   switched    rate          size/glue tier1    binary    remaining
c        MB   reductions  conflicts         size  tier2    irredundant
c         level    restarts      redundant    glue    trail    variables
c
c -  0.60 14 11 16 29 3205 1 102232 16281 1.3 12 9 8 10 96% 105 653 57 54%
c u  0.61 15 11 16 29 3222 1 102708 14827 1.3 12 9 8 10 96% 105 653 57 54%
c v  0.61 15 11 16 29 3222 1 102708 13985 1.3 12 9 8 10 96% 105 653 57 54%
c w  0.61 15 11 16 29 3222 1 102708 13899 1.3 12 9 8 10 96% 105 653 57 54%
c -  0.64 15 11 16 30 3520 1 107617 15594 1.3 12 9 8 10 96% 105 653 57 54%
c -  0.66 15 11 16 31 3808 1 113094 17504 1.3 12 9 8 10 96% 105 653 57 54%
c o  0.68 15 11 16 31 3955 1 116499 19271 1.3 12 9 8 10 96% 105 653 57 54%
c -  0.70 15 11 16 32 4031 1 118661 16340 1.3 12 9 7 10 96% 105 653 57 54%
c }  0.70 15 11 17 32 4060 1 119180 16629 1.3 12 9 7 10 96% 105 653 57 54%
c [  0.70 15 15 17 32 4060 1 119180 16629 1.3 15 12 9 15 94% 105 653 57 54%
c W  0.70 16 15 17 32 4060 1 119180 16629 1.3 15 12 9 15 94% 105 653 57 54%
c -  0.73 16 14 17 33 4064 1 124317 17151 1.3 15 11 9 14 95% 105 653 57 54%
c -  0.77 16 14 17 34 4066 1 130063 18457 1.3 15 11 9 14 95% 105 653 57 54%
c ]  0.78 17 14 18 34 4067 1 131942 19527 1.3 15 11 9 14 95% 105 653 57 54%
c {  0.78 17 11 18 34 4067 1 131942 19527 1.3 12 9 7 10 96% 105 653 57 54%
c -  0.81 17 11 18 35 4075 1 135895 19003 1.3 11 9 7 10 96% 105 653 57 54%
c u  0.84 17 10 18 35 4075 1 140704 20264 1.3 11 8 7 10 96% 105 653 57 54%
c v  0.85 17 10 18 35 4075 1 140704 18782 1.3 11 8 7 10 96% 105 653 57 54%
c w  0.85 17 10 18 35 4075 1 140704 18479 1.3 11 8 7 10 96% 105 653 57 54%
c -  0.86 17 10 18 36 4075 1 141811 17757 1.3 11 8 7 10 96% 105 653 57 54%
c
c seconds   switched    rate          size/glue tier1    binary    remaining
c        MB   reductions  conflicts         size  tier2    irredundant
c         level    restarts      redundant    glue    trail    variables
c
c -  0.89 17 10 18 37 4075 1 147811 19413 1.3 11 8 7 10 97% 105 653 57 54%
c -  0.93 17 10 18 38 4075 1 153893 21369 1.3 11 8 7 10 97% 105 653 57 54%
c }  0.93 17 10 19 38 4075 1 154289 21518 1.3 11 8 7 10 97% 105 653 57 54%
c [  0.93 17 14 19 38 4075 1 154289 21518 1.3 15 11 9 14 95% 105 653 57 54%
c O  0.93 17 14 19 38 4075 1 154289 21518 1.3 15 11 9 14 95% 105 653 57 54%
c -  0.96 17 14 19 39 4079 1 160058 24174 1.3 15 11 9 14 95% 105 653 57 54%
c -  1.00 17 14 19 40 4081 1 166302 27050 1.3 14 11 9 14 95% 105 653 57 54%
c ^  1.03 17 13 19 40 4084 1 170047 29204 1.3 14 11 9 14 95% 105 653 57 54%
c o  1.03 17 13 19 40 4084 1 170047 29204 1.3 14 11 9 14 95% 105 653 57 54%
c ]  1.05 19 13 20 40 4086 1 172541 30578 1.3 14 11 9 14 95% 105 653 57 54%
c {  1.05 19 10 20 40 4086 1 172541 30578 1.3 11 8 7 10 97% 105 653 57 54%
c -  1.05 19 10 20 41 4104 1 172627 29029 1.3 11 8 7 10 97% 105 653 57 54%
c -  1.09 20 10 20 42 4491 1 179031 30385 1.3 11 8 7 10 97% 105 653 57 54%
c u  1.15 23 10 20 42 4981 1 185106 33221 1.3 11 8 7 10 97% 105 653 57 54%
c v  1.16 23 10 20 42 4981 1 185106 31116 1.3 11 8 7 10 97% 105 653 57 54%
c w  1.17 23 10 20 42 4981 1 185106 30755 1.3 11 8 7 10 97% 105 653 57 54%
c -  1.17 23 10 20 43 5017 1 185513 29347 1.3 11 8 7 10 97% 105 653 57 54%
c -  1.22 23 10 20 44 5524 1 192070 31607 1.3 11 8 7 10 97% 105 653 57 54%
c -  1.26 23 10 20 45 6000 1 198704 33594 1.3 11 8 7 10 97% 105 653 57 54%
c }  1.27 23 10 21 45 6020 1 199282 33861 1.3 11 8 7 10 97% 105 653 57 54%
c
c seconds   switched    rate          size/glue  tier1    binary    remaining
c        MB   reductions  conflicts         size   tier2    irredundant
c         level    restarts      redundant     glue    trail    variables
c
c [  1.27 23 13 21 45 6020 1 199282 33861 1.3 14 11 9 14 95% 105 653 57 54%
c B  1.27 23 13 21 45 6020 1 199282 33861 1.3 14 11 9 14 95% 105 653 57 54%
c -  1.32 23 13 21 46 6024 1 205412 36055 1.3 14 11 8 13 96% 105 653 57 54%
c -  1.38 23 13 21 47 6027 1 212194 38108 1.3 14 11 8 13 96% 105 653 57 54%
c ]  1.44 23 13 22 47 6032 1 218036 41533 1.4 14 11 8 13 95% 105 653 57 54%
c {  1.44 23 10 22 47 6032 1 218036 41533 1.3 11 8 7 10 97% 105 653 57 54%
c -  1.46 23 10 22 48 6184 1 219051 39298 1.3 11 8 7 10 97% 105 653 57 54%
c -  1.67 24 11 22 49 7532 1 225979 40610 1.4 11 9 7 10 97% 105 653 57 54%
c o  1.79 24 11 22 49 8356 1 230051 43582 1.4 12 9 7 10 97% 105 653 57 54%
c -  1.88 24 12 22 50 9012 1 232981 41274 1.4 12 9 7 10 96% 105 653 57 54%
c u  2.00 28 12 22 50 9447 1 236051 43451 1.4 12 9 7 10 96% 105 653 57 54%
c v  2.02 28 12 22 50 9447 1 236051 43076 1.4 12 9 7 10 96% 105 653 57 54%
c w  2.03 28 12 22 50 9447 1 236051 43071 1.4 12 9 7 10 96% 105 653 57 54%
c -  2.26 30 12 22 51 10125 2 240055 42908 1.4 13 9 7 11 96% 105 653 57 54%
c -  2.50 30 13 22 52 11455 2 247196 44483 1.4 13 9 7 11 96% 105 653 57 54%
c }  2.57 30 13 23 52 11848 2 249553 46034 1.4 13 9 7 11 95% 105 653 57 54%
c [  2.57 30 13 23 52 11848 1 249553 46034 1.4 14 11 8 13 95% 105 653 57 54%
c W  2.57 32 13 23 52 11848 1 249553 46034 1.4 14 11 8 13 95% 105 653 57 54%
c -  2.64 34 13 23 53 11851 1 254409 46156 1.4 15 11 8 13 95% 105 653 57 54%
c -  2.74 34 13 23 54 11854 1 261689 48199 1.4 15 11 8 13 95% 105 653 57 54%
c
c seconds   switched     rate          size/glue  tier1    binary    remaining
c        MB   reductions   conflicts         size   tier2    irredundant
c         level    restarts       redundant     glue    trail    variables
c
c -  2.84 34 13 23 55 11860 1 269038 49685 1.4 15 11 8 13 95% 105 653 57 54%
c -  2.96 38 13 23 56 11862 1 276454 50383 1.4 14 10 8 13 95% 106 653 57 54%
c s  3.04 38 13 23 56 11862 1 281997 53340 1.4 14 10 8 13 95% 107 600 57 54%
c e  3.04 38 13 23 56 11862 1 281997 53340 1.4 14 10 8 13 95% 103 612 56 53%
c ^  3.05 38 13 23 56 11862 1 281997 53340 1.4 14 10 8 13 95% 103 612 56 53%
c -  3.07 43 13 23 57 11864 1 283937 44393 1.4 14 10 8 13 95% 103 612 56 53%
c I  3.08 44 13 23 57 11865 1 284906 44946 1.4 14 10 8 13 95% 103 612 56 53%
c -  3.16 44 13 23 58 11869 1 291486 44910 1.4 14 11 8 13 95% 103 612 56 53%
c u  3.23 49 13 23 58 11869 1 293719 45487 1.4 15 11 8 13 95% 107 612 56 53%
c v  3.25 49 13 23 58 11869 1 293719 45185 1.4 15 11 8 13 95% 107 612 56 53%
c w  3.26 49 13 23 58 11869 1 293719 45158 1.4 15 11 8 13 95% 107 612 56 53%
c x  3.28 49 13 23 58 11869 1 293719 45157 1.4 15 11 8 13 95% 107 597 56 53%
c t  3.28 49 13 23 58 11869 1 293719 45157 1.4 15 11 8 13 95% 103 597 56 53%
c -  3.35 52 14 23 59 11872 1 299103 45182 1.4 15 11 8 13 95% 103 597 56 53%
c -  3.45 52 14 23 60 11876 1 306785 46776 1.4 15 11 8 13 95% 103 597 56 53%
c -  3.55 52 13 23 61 11877 1 314530 47940 1.4 15 11 8 13 96% 103 597 56 53%
c -  3.64 52 13 23 62 11878 1 322340 48294 1.4 15 11 8 13 95% 103 597 56 53%
c B  3.66 52 13 23 62 11878 1 324346 49535 1.4 15 11 8 13 95% 103 597 56 53%
c o  3.66 52 13 23 62 11878 1 324346 49535 1.4 15 11 8 13 95% 103 597 56 53%
c ]  3.72 52 13 24 62 11878 1 328548 52204 1.4 15 11 8 13 95% 103 597 56 53%
c
c seconds   switched     rate          size/glue tier1    binary    remaining
c        MB   reductions   conflicts         size  tier2    irredundant
c         level    restarts       redundant    glue    trail    variables
c
c {  3.72 52 13 24 62 11878 2 328548 52204 1.4 13 9 7 11 95% 103 597 56 53%
c -  3.75 52 13 24 63 11935 2 330214 48671 1.4 13 9 7 11 95% 103 597 56 53%
c -  3.84 52 13 24 64 12045 2 338152 49373 1.4 13 9 7 11 95% 103 597 56 53%
c -  3.93 52 13 24 65 12125 2 346155 49880 1.4 13 9 7 11 96% 104 597 56 53%
c -  4.03 52 12 24 66 12149 1 354218 50682 1.4 13 9 7 11 96% 106 597 56 53%
c u  4.13 57 12 24 66 12276 1 359227 51798 1.4 13 9 7 11 96% 109 597 56 53%
c v  4.15 57 12 24 66 12276 1 359227 48489 1.4 13 9 7 11 96% 109 597 56 53%
c w  4.16 57 12 24 66 12276 1 359227 48234 1.4 13 9 7 11 96% 109 597 56 53%
c t  4.16 57 12 24 66 12276 1 359227 48234 1.4 13 9 7 11 96% 108 597 56 53%
c -  4.20 57 12 24 67 12342 1 362342 48025 1.4 13 9 7 11 96% 108 597 56 53%
c }  4.23 57 12 25 67 12357 1 365226 49599 1.4 13 9 7 11 96% 108 597 56 53%
c [  4.23 57 13 25 67 12357 1 365226 49599 1.4 15 11 8 13 95% 108 597 56 53%
c W  4.26 57 13 25 67 12359 1 368057 51045 1.4 15 11 8 13 95% 108 597 56 53%
c -  4.30 60 13 25 68 12361 1 370527 50457 1.4 15 11 8 13 95% 108 597 56 53%
c -  4.42 61 13 25 69 12365 1 378773 52076 1.4 15 11 7 13 95% 108 597 56 53%
c -  4.52 61 13 25 70 12370 1 387080 53981 1.4 15 11 7 13 95% 108 597 56 53%
c i  4.64 61 13 25 70 12371 1 394929 58695 1.4 14 10 7 13 95% 114 597 55 52%
c ]  4.64 61 13 26 70 12371 1 394967 58731 1.4 14 10 7 13 95% 114 597 55 52%
c {  4.64 61 12 26 70 12371 1 394967 58731 1.4 13 9 7 11 96% 114 597 55 52%
c -  4.65 61 12 26 71 12375 1 395446 38504 1.4 13 9 7 11 96% 104 597 55 52%
c
c seconds   switched     rate          size/glue tier1    binary    remaining
c        MB   reductions   conflicts         size  tier2    irredundant
c         level    restarts       redundant    glue    trail    variables
c
c -  4.73 61 12 26 72 12574 1 403873 34298 1.4 12 9 6 10 96% 104 597 55 52%
c -  4.81 61 12 26 73 12632 1 412358 35059 1.4 12 9 6 10 96% 105 597 55 52%
c o  4.83 61 12 26 73 12643 1 414849 36471 1.4 12 9 6 10 96% 106 597 55 52%
c -  4.90 61 12 26 74 12738 1 420903 35626 1.4 12 9 6 10 96% 106 597 55 52%
c -  4.98 61 11 26 75 12901 1 429505 37159 1.4 12 9 6 10 96% 106 597 55 52%
c u  5.03 61 11 26 75 12945 1 431739 38196 1.4 12 9 6 10 96% 106 597 55 52%
c v  5.05 61 11 26 75 12945 1 431739 36770 1.4 12 9 6 10 96% 106 597 55 52%
c w  5.05 61 11 26 75 12945 1 431739 36700 1.4 12 9 6 10 96% 106 597 55 52%
c x  5.07 61 11 26 75 12945 1 431739 36698 1.4 12 9 6 10 96% 106 496 55 52%
c s  5.07 61 11 26 75 12947 1 431752 36707 1.4 12 9 6 10 96% 106 461 55 52%
c e  5.07 61 11 26 75 12947 1 431752 36707 1.4 12 9 6 10 96% 103 479 54 51%
c !  5.07 61 11 26 75 12947 1 431752 36707 1.4 12 9 6 10 96% 103 479 54 51%
c }  5.11 61 11 27 75 13062 1 437186 32188 1.4 12 9 6 10 96% 103 479 54 51%
c [  5.11 61 13 27 75 13062 1 437186 32188 1.4 14 10 7 13 95% 103 479 54 51%
c O  5.11 61 13 27 75 13062 1 437186 32188 1.4 14 10 7 13 95% 103 479 54 51%
c -  5.12 61 13 27 76 13062 1 438167 30637 1.4 14 10 7 13 95% 103 479 54 51%
c -  5.20 61 13 27 77 13068 1 446885 33611 1.4 14 10 7 13 95% 105 479 54 51%
c i  5.25 61 13 27 77 13071 1 452445 36903 1.4 14 10 7 13 95% 116 479 53 50%
c -  5.29 61 13 27 78 13073 1 455660 27218 1.4 14 10 7 12 95% 101 479 53 50%
c i  5.37 61 13 27 78 13076 1 462695 31429 1.4 14 10 7 12 95% 109 479 51 49%
c
c seconds   switched     rate          size/glue  tier1    binary    remaining
c        MB   reductions   conflicts         size   tier2    irredundant
c         level    restarts       redundant     glue    trail    variables
c
c -  5.38 61 13 27 79 13076 1 464491 22313 1.4 14 10 7 12 95%  95 479 51 49%
c -  5.45 61 12 27 80 13079 1 473381 27358 1.4 14 10 7 12 95%  97 479 51 49%
c i  5.47 61 12 27 80 13081 1 475377 28436 1.4 14 10 7 12 95% 108 479 50 48%
c ]  5.49 61 12 28 80 13082 1 477302 29741 1.4 14 10 7 12 95% 108 479 50 48%
c {  5.49 61 11 28 80 13082 1 477302 29741 1.4 12 9 6 10 96% 108 479 50 48%
c -  5.53 61 11 28 81 13139 1 482326 24184 1.4 12 9 6 10 96%  92 479 50 48%
c i  5.57 61 11 28 81 13152 1 487172 26898 1.4 12 8 6 10 96% 101 479 49 47%
c i  5.60 61 11 28 81 13179 1 490806 28811 1.4 12 8 6 10 96% 111 479 48 46%
c -  5.61 61 11 28 82 13179 1 491327 15406 1.4 12 8 6 10 96%  77 479 48 46%
c i  5.64 61 11 28 82 13202 1 494429 16930 1.4 11 8 6 10 96%  90 479 47 45%
c i  5.66 61 11 28 82 13218 1 497608 18774 1.4 11 8 6 10 96%  98 479 46 44%
c i  5.69 61 11 28 82 13228 1 499977 20125 1.4 11 8 6 10 96% 104 479 41 39%
c -  5.69 61 11 28 83 13228 1 500382 6642 1.4 11 8 6 10 96%  65 354 41 39%
c i  5.70 61 11 28 83 13228 1 501541 7268 1.4 11 8 6 10 96%  71 354 40 38%
c i  5.70 61 11 28 83 13233 1 502088 7596 1.4 11 8 6 10 96%  75 354 36 34%
c i  5.71 61 11 28 83 13233 1 502332 7705 1.4 11 8 6 10 96%  79 354 31 30%
c i  5.71 61 11 28 83 13233 1 502349 7708 1.4 11 8 6 10 96%  81 354 29 28%
c i  5.71 61 11 28 83 13233 1 502372 7709 1.4 11 8 6 10 96%  85 354 26 25%
c }  5.71 61 11 28 83 13233 1 502398 7719 1.4 11 8 6 10 96%  86 354  5 5%
c 0  5.71 61 11 28 83 13233 1 502398 7719 1.4 11 8 6 10 96%  86 354  5 5%
c
c ---- [ result ] ------------------------------------------------------------
c
s UNSATISFIABLE
c
c ---- [ profiling ] ---------------------------------------------------------
c
c           5.14   90.13 %  search
c           2.69   47.12 %  focused
c           2.45   43.01 %  stable
c           0.55    9.66 %  simplify
c           0.54    9.51 %  probe
c           0.38    6.69 %  vivify
c           0.17    3.04 %  reduce
c           0.14    2.47 %  sweep
c           0.02    0.29 %  substitute
c           0.01    0.19 %  eliminate
c           0.01    0.19 %  preprocess
c           0.01    0.16 %  walking
c           0.00    0.07 %  subsume
c           0.00    0.03 %  factor
c           0.00    0.01 %  congruence
c           0.00    0.01 %  transitive
c           0.00    0.01 %  parse
c           0.00    0.01 %  lucky
c           0.00    0.00 %  backbone
c =============================================
c           5.71  100.00 %  total
c
c ---- [ statistics ] --------------------------------------------------------
c
c conflicts:                           502398            88015.22 per second
c decisions:                           605624                1.21 per conflict
c eliminated:                              85               81 %  variables
c factored:                                35               33 %  variables
c iterations:                              15               14 %  variables
c propagations:                       6829515          1196464    per second
c reductions:                              83             6053    interval
c reordered:                                9            55822    interval
c rephased:                                18            27911    interval
c restarts:                             13233               38    interval
c subsumed:                                88                0 %  checks
c switched:                                28            17943    interval
c vivified:                             24356               89 %  checks
c walks:                                    6            83733    interval
c
c ---- [ glue usage ] --------------------------------------------------------
c
c focused glue 6  used 80888 clauses 13.22% accumulated 56.69% tier1
c focused glue 7  used 79807 clauses 13.05% accumulated 69.74%
c focused glue 8  used 64426 clauses 10.53% accumulated 80.27%
c focused glue 9  used 44049 clauses  7.20% accumulated 87.47%
c focused glue 10 used 28049 clauses  4.59% accumulated 92.05% tier2
c
c stable glue 7    used  65308 clauses 10.13% accumulated 55.25% tier1
c stable glue 8    used  62115 clauses  9.63% accumulated 64.88%
c stable glue 9-10 used 102969 clauses 15.97% accumulated 80.85%
c stable glue 11   used  36601 clauses  5.68% accumulated 86.52%
c stable glue 12   used  27356 clauses  4.24% accumulated 90.77% tier2
c
c ---- [ resources ] ---------------------------------------------------------
c
c maximum-resident-set-size:      66001567744 bytes      62944 MB
c process-time:                             6s               5.71 seconds
c
c ---- [ shutting down ] -----------------------------------------------------
c
c exit 20
