c ---- [ banner ] ------------------------------------------------------------
c
c Kissat SAT Solver
c 
c Copyright (c) 2021-2024 Armin Biere University of Freiburg
c Copyright (c) 2019-2021 Armin Biere Johannes Kepler University Linz
c 
c Version 4.0.4 8af8e56f174b778aef3aa45af9f739b2a5f492c2
c gcc (Ubuntu 13.3.0-6ubuntu2~24.04.1) 13.3.0 -W -Wall -O3 -DNDEBUG
c Wed Apr 15 16:07:08 EEST 2026 Linux cluster-4 6.17.0-14-generic x86_64
c
c ---- [ parsing ] -----------------------------------------------------------
c
c opened and reading DIMACS file:
c
c   tmp.cnf
c
c parsed 'p cnf 153 572832' header
c closing input after reading 16087615 bytes (15 MB)
c finished parsing after 0.13 seconds
c
c ---- [ solving ] -----------------------------------------------------------
c
c seconds switched rate     size/glue tier1 binary        remaining
c        MB reductions conflicts size  tier2   irredundant
c         level restarts redundant glue  trail        variables
c
c *  0.13 46 0 0 0  0 0   0   0 0.0 0 0 0 0 0%   0 572832 153 100%
c (  0.18 58 0 0 0  0 0   0   0 0.0 0 0 0 0 0%   0 572832 153 100%
c .  0.18 58 0 0 0  0 0   0   0 0.0 0 0 0 0 0%   0 572832 153 100%
c )  0.28 58 0 0 0  0 0   0   0 0.0 0 0 0 0 0%   0 572832 153 100%
c {  0.32 59 0 0 0  0 0   0   0 0.0 0 0 2 6 0%   0 572832 153 100%
c -  0.71 63 19 0 1 55 2 1000 664 1.7 20 12 10 15 48%   0 572832 153 100%
c }  0.71 63 19 1 1 55 2 1000 664 1.7 20 12 10 15 48%   0 572832 153 100%
c [  0.71 63 0 1 1 55 0 1000 664 0.0 0 0 2 6 0%   0 572832 153 100%
c B  0.71 63 24 1 1 55 4 1001 665 2.1 23 11 2 6 71%   0 572832 153 100%
c -  1.06 65 30 1 2 55 1 2000 1489 1.3 23 18 14 24 49%   0 572832 153 100%
c W  1.12 57 30 1 2 55 1 2002 1491 1.3 23 18 14 24 49%   0 572832 153 100%
c ]  1.18 59 29 2 2 56 1 2216 1659 1.3 23 17 14 24 48%   0 572832 153 100%
c {  1.18 59 19 2 2 56 2 2216 1659 1.7 20 12 10 15 48%   0 572832 153 100%
c u  1.45 61 18 2 2 91 2 2761 2134 1.7 19 11 10 15 46%   0 572832 153 100%
c v  1.50 61 18 2 2 91 2 2761 2130 1.7 19 11 10 15 46%   0 572832 153 100%
c w  1.53 61 18 2 2 91 2 2761 2126 1.7 19 11 10 15 46%   0 572832 153 100%
c x  1.57 64 18 2 2 91 2 2761 2126 1.7 19 11 10 15 46%   0 572435 153 100%
c }  1.80 66 18 3 2 176 2 3217 2522 1.6 19 12 10 15 45%   0 572435 153 100%
c [  1.80 66 29 3 2 176 1 3217 2522 1.3 23 17 14 24 48%   0 572435 153 100%
c -  1.85 66 27 3 3 176 1 3414 2473 1.3 22 16 12 23 46%   0 572435 153 100%
c
c seconds  switched  rate       size/glue  tier1     binary        remaining
c        MB reductions conflicts      size    tier2     irredundant
c         level restarts   redundant     glue     trail        variables
c
c I  2.03 66 23 3 3 177 1 4262 3117 1.4 20 15 12 23 45%   0 572435 153 100%
c ]  2.18 66 24 4 3 177 1 4680 3513 1.4 21 15 12 23 47%   0 572435 153 100%
c {  2.18 66 18 4 3 177 2 4680 3513 1.6 19 12 10 15 45%   0 572435 153 100%
c -  2.35 67 18 4 4 210 2 5148 3527 1.6 19 12 10 15 46%   0 572435 153 100%
c }  2.85 68 17 5 4 242 2 7034 5155 1.7 19 11 10 15 46%   0 572435 153 100%
c [  2.85 68 24 5 4 242 1 7034 5155 1.4 21 15 12 23 47%   0 572435 153 100%
c -  2.89 54 23 5 5 242 1 7149 4682 1.4 21 15 11 21 47%   0 572435 153 100%
c B  3.11 59 23 5 5 242 1 8034 5422 1.5 21 14 11 21 48%   0 572435 153 100%
c u  3.35 58 23 5 5 243 1 8499 5828 1.4 21 14 11 21 47%   0 572435 153 100%
c v  3.42 60 23 5 5 243 1 8499 5821 1.4 21 14 11 21 47%   0 572435 153 100%
c w  3.46 60 23 5 5 243 1 8499 5810 1.4 21 14 11 21 47%   0 572435 153 100%
c x  3.52 61 23 5 5 243 1 8499 5810 1.4 21 14 11 21 47%   0 571241 153 100%
c -  3.87 65 23 5 6 244 1 9386 5757 1.4 21 14 11 20 48%   0 571241 153 100%
c ]  3.89 65 23 6 6 244 1 9488 5849 1.4 21 14 11 20 48%   0 571241 153 100%
c {  3.89 65 17 6 6 244 2 9488 5849 1.7 19 11 10 15 46%   0 571241 153 100%
c o  4.53 67 18 6 6 273 1 11195 7446 1.8 20 11 10 15 48%   0 571241 153 100%
c -  4.76 69 17 6 7 286 1 11837 6955 1.8 20 11 9 14 48%   0 571241 153 100%
c }  5.21 70 17 7 7 287 1 13557 8366 1.9 19 10 9 14 50%   0 571241 153 100%
c [  5.21 70 23 7 7 287 1 13557 8366 1.4 21 14 11 20 48%   0 571241 153 100%
c W  5.28 57 23 7 7 287 1 13564 8373 1.4 21 14 11 20 48%   0 571241 153 100%
c
c seconds  switched  rate        size/glue  tier1     binary        remaining
c        MB reductions conflicts       size    tier2     irredundant
c         level restarts    redundant     glue     trail        variables
c
c ^  5.71 61 24 7 7 287 1 13793 8572 1.4 21 15 11 20 48%   0 571241 153 100%
c -  5.91 62 25 7 8 287 1 14482 7876 1.4 22 15 12 22 50%   0 571241 153 100%
c -  6.68 65 26 7 9 289 1 17310 8985 1.4 23 16 12 23 51%   0 571241 153 100%
c u  6.86 66 26 7 9 289 1 17408 9053 1.4 23 16 12 23 51%   0 571241 153 100%
c v  6.96 66 26 7 9 289 1 17408 9045 1.4 23 16 12 23 51%   0 571241 153 100%
c w  7.01 66 26 7 9 289 1 17408 9028 1.4 23 16 12 23 51%   0 571241 153 100%
c x  7.07 66 26 7 9 289 1 17408 9028 1.4 23 16 12 23 51%   0 570732 153 100%
c ]  7.32 66 26 8 9 290 1 17938 9470 1.4 23 16 12 23 51%   0 570732 153 100%
c {  7.32 66 17 8 9 290 1 17938 9470 1.9 19 10 9 14 50%   0 570732 153 100%
c -  8.51 66 17 8 10 702 2 20311 10021 1.8 19 10 8 14 50%   0 570732 153 100%
c o  8.76 66 17 8 10 709 2 21426 11020 1.9 19 10 8 14 50%   0 570732 153 100%
c -  9.55 66 17 8 11 945 2 23474 11161 1.8 19 10 8 14 50%   0 570732 153 100%
c }  9.74 68 17 9 11 1003 2 24098 11694 1.8 19 10 8 14 49%   0 570732 153 100%
c [  9.74 68 26 9 11 1003 1 24098 11694 1.4 23 16 12 23 51%   0 570732 153 100%
c O  9.74 68 26 9 11 1003 1 24098 11694 1.4 23 16 12 23 51%   0 570732 153 100%
c - 10.53 61 26 9 12 1005 1 26791 11857 1.4 23 17 12 23 52%   0 570732 153 100%
c ^ 11.18 66 26 9 12 1005 1 27581 12463 1.4 23 17 12 23 52%   0 570732 153 100%
c u 12.05 68 26 9 12 1007 1 29681 14236 1.4 23 17 12 23 52%   0 570732 153 100%
c v 12.22 68 26 9 12 1007 1 29681 14232 1.4 23 17 12 23 52%   0 570732 153 100%
c w 12.28 69 26 9 12 1007 1 29681 14114 1.4 23 17 12 23 52%   0 570732 153 100%
c
c seconds  switched    rate         size/glue  tier1     binary        remaining
c        MB  reductions  conflicts        size    tier2     irredundant
c         level   restarts     redundant     glue     trail        variables
c
c x 12.39 69 26 9 12 1007 1 29681 14114 1.4 23 17 12 23 52%   0 569142 153 100%
c - 12.59 69 26 9 13 1007 1 30256 12821 1.4 23 16 12 23 52%   0 569142 153 100%
c ] 13.03 69 26 10 13 1008 1 32307 14645 1.4 24 16 12 23 53%   0 569142 153 100%
c { 13.03 69 17 10 13 1008 2 32307 14645 1.8 19 10 8 14 49%   0 569142 153 100%
c - 13.94 66 18 10 14 1261 2 33862 14275 1.8 19 11 8 14 50%   0 569142 153 100%
c - 15.17 69 18 10 15 1499 2 37604 15546 1.9 19 10 8 14 49%   0 569142 153 100%
c } 16.96 69 18 11 15 1945 2 40934 18482 1.8 19 11 8 14 49%   0 569142 153 100%
c [ 16.96 69 26 11 15 1945 1 40934 18482 1.4 24 16 12 23 53%   0 569142 153 100%
c B 16.96 69 26 11 15 1945 1 40934 18482 1.4 24 16 12 23 53%   0 569142 153 100%
c - 17.15 57 26 11 16 1945 1 41478 16593 1.5 24 16 12 22 53%   0 569142 153 100%
c o 17.28 59 26 11 16 1946 1 41964 17032 1.5 24 16 12 22 53%   0 569142 153 100%
c - 17.78 62 29 11 17 1948 1 45478 17041 1.4 25 18 12 24 53%   0 569142 153 100%
c u 18.02 64 29 11 17 1948 1 45480 17029 1.4 25 18 12 24 53%   0 569142 153 100%
c v 18.19 66 29 11 17 1948 1 45480 17019 1.4 25 18 12 24 53%   0 569142 153 100%
c w 18.27 67 29 11 17 1948 1 45480 17017 1.4 25 18 12 24 53%   0 569142 153 100%
c x 18.38 68 29 11 17 1948 1 45480 17017 1.4 25 18 12 24 53%   0 567114 153 100%
c - 19.42 71 29 11 18 1951 1 49601 17615 1.4 25 18 12 24 54%   0 567114 153 100%
c W 20.27 59 29 11 18 1951 1 53160 20727 1.4 25 18 12 24 54%   0 567114 153 100%
c - 20.44 61 29 11 19 1952 1 53843 18776 1.4 25 18 12 24 54%   0 567114 153 100%
c ] 20.82 62 29 12 19 1953 1 55721 20367 1.4 25 18 12 24 54%   0 567114 153 100%
c
c seconds   switched    rate         size/glue  tier1    binary        remaining
c        MB   reductions  conflicts        size   tier2     irredundant
c         level    restarts     redundant     glue    trail        variables
c
c { 20.82 62 18 12 19 1953 2 55721 20367 1.8 19 11 8 14 49%   0 567114 153 100%
c ^ 22.30 68 18 12 19 2144 2 57473 21922 1.8 19 11 8 14 49%   0 567114 153 100%
c - 22.57 55 18 12 20 2169 2 58201 19970 1.8 19 11 8 14 49%   0 567114 153 100%
c - 24.24 59 18 12 21 2337 2 62675 21186 1.8 19 10 8 14 49%   0 567114 153 100%
c u 25.65 68 18 12 21 2635 2 64908 23151 1.8 19 11 8 14 49%   0 567114 153 100%
c v 25.95 70 18 12 21 2635 2 64908 23147 1.8 19 11 8 14 49%   0 567114 153 100%
c w 26.04 71 18 12 21 2635 2 64908 23147 1.8 19 11 8 14 49%   0 567114 153 100%
c x 26.16 71 18 12 21 2635 2 64908 23147 1.8 19 11 8 14 49%   0 564896 153 100%
c } 27.45 68 18 13 21 2915 2 67202 25212 1.8 19 11 8 14 49%   0 564896 153 100%
c [ 27.45 68 29 13 21 2915 1 67202 25212 1.4 25 18 12 24 54%   0 564896 153 100%
c - 27.49 68 29 13 22 2915 1 67257 22827 1.4 25 18 12 25 54%   0 564896 153 100%
c I 27.76 70 28 13 22 2915 1 68064 23509 1.4 25 18 12 25 54%   0 564896 153 100%
c - 28.67 62 27 13 23 2918 1 71947 24479 1.4 24 17 11 24 54%   0 564896 153 100%
c - 29.98 65 26 13 24 2921 1 76742 26000 1.5 24 16 11 23 54%   0 564896 153 100%
c - 31.11 67 25 13 25 2923 1 81641 28065 1.5 24 16 10 23 54%   0 564896 153 100%
c ] 31.92 67 25 14 25 2926 1 84940 30885 1.5 24 16 10 23 54%   0 564896 153 100%
c { 31.92 67 18 14 25 2926 2 84940 30885 1.8 19 11 8 14 49%   0 564896 153 100%
c o 31.96 67 18 14 25 2933 2 84966 30909 1.8 19 11 8 14 49%   0 564896 153 100%
c - 32.62 67 18 14 26 3010 2 86642 30383 1.8 19 11 8 14 49%   0 564896 153 100%
c u 33.62 72 18 14 26 3104 2 88102 31639 1.8 19 11 8 14 49%   0 564896 153 100%
c
c seconds   switched    rate         size/glue  tier1    binary        remaining
c        MB   reductions  conflicts        size   tier2     irredundant
c         level    restarts     redundant     glue    trail        variables
c
c v 33.87 73 18 14 26 3104 2 88102 31616 1.8 19 11 8 14 49%   0 564896 153 100%
c w 33.99 73 18 14 26 3104 2 88102 31601 1.8 19 11 8 14 49%   0 564896 153 100%
c x 34.12 73 18 14 26 3104 2 88102 31601 1.8 19 11 8 14 49%   0 563430 153 100%
c - 35.57 59 18 14 27 3281 2 91741 31983 1.8 20 11 8 14 49%   0 563430 153 100%
c - 37.98 65 18 14 28 3757 2 96937 33448 1.8 20 11 8 14 49%   0 563430 153 100%
c } 38.85 59 18 15 28 3823 2 99658 35827 1.9 20 11 8 14 49%   0 563430 153 100%
c [ 38.85 59 25 15 28 3823 1 99658 35827 1.5 24 16 10 23 54%   0 563430 153 100%
c B 38.85 59 25 15 28 3823 1 99658 35827 1.5 24 16 10 23 54%   0 563430 153 100%
c - 39.56 67 25 15 29 3825 1 102228 35192 1.5 24 16 10 22 54%   0 563430 153 100%
c s 40.87 70 24 15 29 3827 1 105588 37920 1.5 24 16 10 22 54%   0 563397 153 100%
c s 41.37 73 24 15 29 3827 1 105588 37920 1.5 24 16 10 22 54%   0 563395 153 100%
c ^ 41.39 73 24 15 29 3827 1 105588 37920 1.5 24 16 10 22 54%   0 563395 153 100%
c - 41.85 74 24 15 30 3828 1 107613 36753 1.5 23 16 10 22 54%   0 563395 153 100%
c - 43.39 74 23 15 31 3830 1 113090 38172 1.5 23 15 10 21 54%   0 563395 153 100%
c u 44.38 69 23 15 31 3832 1 115199 39789 1.5 23 15 10 21 54%   0 563395 153 100%
c v 44.69 71 23 15 31 3832 1 115199 39737 1.5 23 15 10 21 54%   0 563395 153 100%
c w 44.83 72 23 15 31 3832 1 115199 37883 1.5 23 15 10 21 54%   0 563395 153 100%
c x 44.96 72 23 15 31 3832 1 115199 37883 1.5 23 15 10 21 54%   0 561639 153 100%
c - 45.97 73 23 15 32 3835 1 118660 37882 1.5 23 15 10 21 54%   0 561639 153 100%
c W 46.47 61 23 15 32 3836 1 120569 39651 1.5 23 15 10 21 54%   0 561639 153 100%
c
c seconds   switched    rate          size/glue  tier1     binary        remaining
c        MB   reductions  conflicts         size    tier2     irredundant
c         level    restarts      redundant     glue     trail        variables
c
c ] 46.55 63 23 16 32 3836 1 120741 39806 1.5 23 15 10 21 54%   0 561639 153 100%
c { 46.55 63 18 16 32 3836 2 120741 39806 1.9 20 11 8 14 49%   0 561639 153 100%
c - 47.68 64 18 16 33 4078 2 124316 40069 1.8 20 11 8 14 49%   0 561639 153 100%
c o 48.44 66 18 16 33 4095 2 128377 43550 1.9 20 10 8 14 50%   0 561639 153 100%
c - 49.28 70 18 16 34 4279 2 130060 41615 1.9 20 10 8 14 50%   0 561639 153 100%
c - 51.94 57 18 16 35 4741 2 135890 43221 1.9 20 10 8 14 49%   0 561639 153 100%
c } 53.77 60 18 17 35 5275 2 139079 46021 1.8 20 11 8 14 49%   0 561639 153 100%
c [ 53.77 60 23 17 35 5275 1 139079 46021 1.5 23 15 10 21 54%   0 561639 153 100%
c - 54.41 65 23 17 36 5277 1 141807 45050 1.5 23 15 10 21 54%   0 561639 153 100%
c O 55.03 66 23 17 36 5279 1 144794 47492 1.5 23 15 10 21 53%   0 561639 153 100%
c u 55.90 69 23 17 36 5280 1 146278 48652 1.5 23 15 10 21 53%   0 561639 153 100%
c v 56.33 71 23 17 36 5280 1 146278 48645 1.5 23 15 10 21 53%   0 561639 153 100%
c w 56.47 72 23 17 36 5280 1 146278 48645 1.5 23 15 10 21 53%   0 561639 153 100%
c x 56.72 72 23 17 36 5280 1 146278 48645 1.5 23 15 10 21 53%   0 557765 153 100%
c - 57.21 73 23 17 37 5281 1 147808 46332 1.5 22 15 10 20 53%   0 557765 153 100%
c - 58.40 74 23 17 38 5284 1 153890 47125 1.5 22 15 10 20 53%   0 557765 153 100%
c - 59.49 75 23 17 39 5288 1 160057 46860 1.5 23 15 10 20 53%   0 557765 153 100%
c - 60.84 75 23 17 40 5289 1 166301 47466 1.5 23 15 10 20 53%   0 557765 153 100%
c ] 61.22 75 23 18 40 5289 1 168520 49348 1.5 23 15 10 20 53%   0 557765 153 100%
c { 61.22 75 18 18 40 5289 2 168520 49348 1.8 20 11 8 14 49%   0 557765 153 100%
c
c seconds   switched    rate          size/glue  tier1    binary        remaining
c        MB   reductions  conflicts         size   tier2     irredundant
c         level    restarts      redundant     glue    trail        variables
c
c - 63.67 74 18 18 41 5844 2 172630 48941 1.8 19 11 8 14 49%   0 557765 153 100%
c s 65.02 75 18 18 41 6095 2 173906 50031 1.8 19 11 8 14 49%   0 557714 153 100%
c ^ 65.73 76 18 18 41 6095 2 173906 50031 1.8 19 11 8 14 49%   0 557714 153 100%
c o 68.14 76 18 18 41 6659 2 178609 54032 1.8 19 11 8 14 48%   0 557714 153 100%
c - 68.44 70 18 18 42 6748 2 179033 49527 1.8 19 11 8 14 48%   0 557714 153 100%
c u 69.99 76 18 18 42 7050 2 181433 51511 1.8 19 11 8 14 48%   0 557714 153 100%
c v 70.47 76 18 18 42 7050 2 181433 51505 1.8 19 11 8 14 48%   0 557714 153 100%
c w 70.60 77 18 18 42 7050 2 181433 51502 1.8 19 11 8 14 48%   0 557714 153 100%
c x 70.82 77 18 18 42 7050 2 181433 51502 1.8 19 11 8 14 48%   0 554942 153 100%
c - 73.01 76 18 18 43 7629 2 185513 50381 1.7 19 11 8 14 48%   0 554942 153 100%
c } 75.87 75 18 19 43 8257 2 190865 54953 1.7 19 11 8 14 48%   0 554942 153 100%
c [ 75.87 75 23 19 43 8257 1 190865 54953 1.5 23 15 10 20 53%   0 554942 153 100%
c B 75.87 75 23 19 43 8257 1 190865 54953 1.5 23 15 10 20 53%   0 554942 153 100%
c - 76.32 77 23 19 44 8258 1 192070 51243 1.5 23 15 10 20 53%   0 554942 153 100%
c - 78.09 68 23 19 45 8262 1 198704 51417 1.5 23 15 10 20 53%   0 554942 153 100%
c - 79.90 72 24 19 46 8266 1 205412 50822 1.5 23 16 10 21 53%   0 554942 153 100%
c - 81.69 74 24 19 47 8270 1 212194 50788 1.5 23 16 10 21 53%   0 554942 153 100%
c - 83.38 76 24 19 48 8271 1 219049 51644 1.5 23 16 10 21 53%   0 554942 153 100%
c u 84.30 78 24 19 48 8271 1 220778 52954 1.5 23 16 10 21 53%   0 554942 153 100%
c v 84.75 78 24 19 48 8271 1 220778 52941 1.5 23 16 10 21 53%   0 554942 153 100%
c
c seconds   switched    rate          size/glue  tier1     binary        remaining
c        MB   reductions  conflicts         size    tier2     irredundant
c         level    restarts      redundant     glue     trail        variables
c
c w 84.89 78 24 19 48 8271 1 220778 52852 1.5 23 16 10 21 53%   0 554942 153 100%
c x 85.14 79 24 19 48 8271 1 220778 52852 1.5 23 16 10 21 53%   0 550778 153 100%
c W 85.81 60 24 19 48 8271 1 222315 54191 1.5 24 16 10 21 53%   0 550778 153 100%
c - 86.65 65 25 19 49 8273 1 225977 51478 1.5 24 16 10 21 54%   0 550778 153 100%
c ] 88.29 66 25 20 49 8277 1 231797 56706 1.4 24 17 10 21 54%   0 550778 153 100%
c { 88.29 66 18 20 49 8277 2 231797 56706 1.7 19 11 8 14 48%   0 550778 153 100%
c - 88.89 72 18 20 50 8418 2 232978 51152 1.7 19 11 8 15 48%   0 550778 153 100%
c o 90.96 64 18 20 50 8656 2 239077 56619 1.7 19 11 8 15 48%   0 550778 153 100%
c - 91.48 58 18 20 51 8760 2 240050 52460 1.7 19 11 8 14 48%   0 550778 153 100%
c - 94.91 71 18 20 52 9440 2 247192 53846 1.7 19 11 8 14 48%   0 550778 153 100%
c - 98.10 72 18 20 53 9991 2 254404 55165 1.7 19 11 8 15 48%   0 550778 153 100%
c } 100.24 57 18 21 53 10266 2 258536 58795 1.7 19 11 8 15 48%   0 550778 153 100%
c [ 100.24 57 25 21 53 10266 1 258536 58795 1.4 24 17 10 21 54%   0 550778 153 100%
c I 100.24 57 25 21 53 10266 1 258536 58795 1.4 24 17 10 21 54%   0 550778 153 100%
c - 101.12 66 25 21 54 10268 1 261684 56260 1.5 24 17 10 21 54%   0 550778 153 100%
c s 102.77 71 25 21 54 10270 1 264239 58504 1.5 24 16 10 21 53%   0 550718 153 100%
c ! 103.78 73 25 21 54 10270 1 264239 58504 1.5 24 16 10 21 53%   0 550718 153 100%
c u 104.52 74 25 21 54 10270 1 264350 58579 1.5 24 16 10 21 53%   0 550718 153 100%
c v 104.97 74 25 21 54 10270 1 264350 58545 1.5 24 16 10 21 53%   0 550718 153 100%
c w 105.14 74 25 21 54 10270 1 264350 58504 1.5 24 16 10 21 53%   0 550718 153 100%
c
c seconds    switched     rate          size/glue  tier1     binary        remaining
c         MB   reductions   conflicts         size    tier2     irredundant
c          level    restarts       redundant     glue     trail        variables
c
c x 105.47 76 25 21 54 10270 1 264350 58504 1.5 24 16 10 21 53%   0 546204 153 100%
c - 106.88 78 25 21 55 10272 1 269032 56812 1.5 24 16 10 21 53%   0 546204 153 100%
c - 109.41 78 25 21 56 10277 1 276448 57703 1.5 24 16 10 21 54%   0 546204 153 100%
c - 111.71 71 25 21 57 10280 1 283932 57910 1.5 24 16 10 21 54%   0 546204 153 100%
c - 113.89 73 25 21 58 10280 1 291483 58071 1.5 24 16 10 21 54%   0 546204 153 100%
c ] 115.00 76 25 22 58 10283 1 295275 61467 1.5 24 16 10 21 54%   0 546204 153 100%
c { 115.00 76 18 22 58 10283 2 295275 61467 1.7 19 11 8 15 48%   0 546204 153 100%
c - 116.06 72 18 22 59 10322 2 299102 58055 1.8 19 11 8 14 48%   0 546204 153 100%
c - 118.30 74 17 22 60 10333 2 306783 58059 1.8 19 11 8 14 48%   0 546204 153 100%
c caught signal 15 (SIGTERM)
c
c ---- [ profiling ] ---------------------------------------------------------
c
c         102.87   85.76 %  search
c          56.49   47.09 %  focused
c          46.39   38.67 %  stable
c          16.77   13.98 %  simplify
c          10.85    9.05 %  probe
c           9.67    8.06 %  vivify
c           5.69    4.75 %  eliminate
c           5.27    4.39 %  subsume
c           0.93    0.77 %  substitute
c           0.33    0.27 %  reduce
c           0.32    0.27 %  walking
c           0.13    0.11 %  parse
c           0.12    0.10 %  congruence
c           0.10    0.09 %  preprocess
c           0.10    0.08 %  sweep
c           0.08    0.07 %  lucky
c           0.03    0.02 %  transitive
c           0.01    0.01 %  factor
c           0.00    0.00 %  backbone
c =============================================
c         119.96  100.00 %  total
c
c ---- [ statistics ] --------------------------------------------------------
c
c conflicts:                           312164             2602.16 per second
c decisions:                           466463                1.49 per conflict
c propagations:                       6082048            50699    per second
c reductions:                              60             5203    interval
c reordered:                                7            44595    interval
c rephased:                                15            20811    interval
c restarts:                             10337               30    interval
c subsumed:                               146                0 %  checks
c switched:                                22            14189    interval
c vivified:                             31726               98 %  checks
c walks:                                    5            62433    interval
c
c ---- [ glue usage ] --------------------------------------------------------
c
c focused glue 8     used 19052 clauses  9.31% accumulated 55.48% tier1
c focused glue 9     used 16813 clauses  8.22% accumulated 63.70%
c focused glue 10-12 used 39421 clauses 19.27% accumulated 82.96%
c focused glue 13    used  9485 clauses  4.64% accumulated 87.60%
c focused glue 14    used  7573 clauses  3.70% accumulated 91.30% tier2
c
c stable glue 10    used  21411 clauses  4.84% accumulated 52.12% tier1
c stable glue 11    used  20697 clauses  4.68% accumulated 56.80%
c stable glue 12-19 used 129297 clauses 29.21% accumulated 86.01%
c stable glue 20    used  11748 clauses  2.65% accumulated 88.66%
c stable glue 21    used  10021 clauses  2.26% accumulated 90.93% tier2
c
c ---- [ resources ] ---------------------------------------------------------
c
c maximum-resident-set-size:         85815296 bytes         82 MB
c process-time:                             2m             119.96 seconds
c raising signal 15 (SIGTERM)
