c ---- [ banner ] ------------------------------------------------------------
c
c Kissat SAT Solver
c 
c Copyright (c) 2021-2024 Armin Biere University of Freiburg
c Copyright (c) 2019-2021 Armin Biere Johannes Kepler University Linz
c 
c Version 4.0.4 8af8e56f174b778aef3aa45af9f739b2a5f492c2
c gcc (Ubuntu 13.3.0-6ubuntu2~24.04.1) 13.3.0 -W -Wall -O3 -DNDEBUG
c Wed Apr 15 16:07:08 EEST 2026 Linux cluster-4 6.17.0-14-generic x86_64
c
c ---- [ parsing ] -----------------------------------------------------------
c
c opened and reading DIMACS file:
c
c   tmp.cnf
c
c parsed 'p cnf 153 14688' header
c closing input after reading 251750 bytes (246 KB)
c finished parsing after 0.00 seconds
c
c ---- [ solving ] -----------------------------------------------------------
c
c seconds switched rate     size/glue tier1 binary       remaining
c        MB reductions conflicts size  tier2   irredundant
c         level restarts redundant glue  trail       variables
c
c *  0.01  4 0 0 0  0 0   0   0 0.0 0 0 0 0 0%   0 14688 153 100%
c (  0.01  5 0 0 0  0 0   0   0 0.0 0 0 0 0 0%   0 14688 153 100%
c .  0.01  5 0 0 0  0 0   0   0 0.0 0 0 0 0 0%   0 14688 153 100%
c f  0.06  6 0 0 0  0 0   0   0 0.0 0 0 0 0 0% 469 3060 361 236%
c )  0.06  6 0 0 0  0 0   0   0 0.0 0 0 0 0 0% 469 3060 361 236%
c {  0.06  6 0 0 0  0 0   0   0 0.0 0 0 2 6 0% 469 3060 361 236%
c -  0.08  6 19 0 1 108 4 1000 648 1.9 17 9 6 12 56% 469 3060 361 236%
c }  0.08  6 19 1 1 108 4 1000 648 1.9 17 9 6 12 56% 469 3060 361 236%
c [  0.08  6 0 1 1 108 0 1000 648 0.0 0 0 2 6 0% 469 3060 361 236%
c B  0.08  6 19 1 1 108 1 1002 650 1.4 12 9 2 6 54% 469 3060 361 236%
c ]  0.09  6 22 2 1 108 1 1948 1537 2.0 24 12 6 16 61% 469 3060 361 236%
c {  0.09  6 19 2 1 108 4 1948 1537 1.9 17 9 6 12 56% 469 3060 361 236%
c -  0.09  6 19 2 2 108 4 2001 1511 2.0 17 9 6 12 56% 469 3060 361 236%
c }  0.11  6 16 3 2 127 3 2950 2432 2.1 18 9 6 11 59% 469 3060 361 236%
c [  0.11  6 22 3 2 127 1 2950 2432 2.0 24 12 6 16 61% 469 3060 361 236%
c W  0.11  6 22 3 2 127 1 2950 2432 2.0 24 12 6 16 61% 469 3060 361 236%
c -  0.12  6 22 3 3 127 1 3416 2598 1.9 25 13 6 16 61% 469 3060 361 236%
c u  0.12  6 23 3 3 127 1 3449 2617 1.9 25 13 6 16 61% 469 3060 361 236%
c v  0.13  6 23 3 3 127 1 3449 2616 1.9 25 13 6 16 61% 469 3060 361 236%
c w  0.13  6 23 3 3 127 1 3449 2616 1.9 25 13 6 16 61% 469 3060 361 236%
c
c seconds  switched  rate       size/glue  tier1    binary      remaining
c        MB reductions conflicts      size   tier2    irredundant
c         level restarts   redundant     glue    trail      variables
c
c x  0.13  6 23 3 3 127 1 3449 2616 1.9 25 13 6 16 61% 469 2918 361 236%
c ]  0.14  6 23 4 3 127 1 3845 2971 1.8 26 14 6 17 61% 469 2918 361 236%
c {  0.14  6 16 4 3 127 3 3845 2971 2.1 18 9 6 11 59% 469 2918 361 236%
c -  0.17  6 17 4 4 240 3 5151 3717 1.9 17 9 6 11 58% 469 2918 361 236%
c }  0.19  6 17 5 4 318 3 6197 4709 1.9 17 9 6 11 57% 469 2918 361 236%
c [  0.19  6 23 5 4 318 1 6197 4709 1.8 26 14 6 17 61% 469 2918 361 236%
c I  0.19  6 23 5 4 318 1 6197 4709 1.8 26 14 6 17 61% 469 2918 361 236%
c -  0.21  6 24 5 5 318 1 7153 4712 1.8 25 14 6 17 61% 469 2918 361 236%
c ]  0.24  7 25 6 5 320 1 8330 5787 1.6 25 15 6 17 60% 469 2918 361 236%
c {  0.24  7 17 6 5 320 3 8330 5787 1.9 17 9 6 11 57% 469 2918 361 236%
c -  0.27  7 17 6 6 365 3 9390 5331 2.0 17 9 5 10 58% 469 2918 361 236%
c o  0.29  8 16 6 6 390 3 10326 6186 2.0 17 8 5 10 57% 469 2918 361 236%
c u  0.31  7 16 6 6 410 2 10670 6441 2.0 17 8 5 10 57% 469 2918 361 236%
c v  0.31  7 16 6 6 410 2 10670 6434 2.0 17 8 5 10 57% 469 2918 361 236%
c w  0.31  7 16 6 6 410 2 10670 6434 2.0 17 8 5 10 57% 469 2918 361 236%
c x  0.32  7 16 6 6 410 2 10670 6431 2.0 17 8 5 10 57% 469 2783 361 236%
c -  0.36  8 16 6 7 439 2 11840 6249 2.1 17 8 5 10 58% 469 2783 361 236%
c }  0.38  8 16 7 7 478 2 12401 6789 2.1 17 8 5 10 58% 469 2783 361 236%
c [  0.38  8 25 7 7 478 1 12401 6789 1.6 25 15 6 17 60% 469 2783 361 236%
c B  0.38  8 25 7 7 478 1 12401 6789 1.6 25 15 6 17 60% 469 2783 361 236%
c
c seconds  switched  rate        size/glue  tier1    binary      remaining
c        MB reductions conflicts       size   tier2    irredundant
c         level restarts    redundant     glue    trail      variables
c
c -  0.44  8 23 7 8 480 1 14486 7341 1.6 23 15 6 17 59% 469 2783 361 236%
c ]  0.48  8 21 8 8 480 1 16249 8701 1.5 22 14 6 17 59% 469 2783 361 236%
c {  0.48  8 16 8 8 480 2 16249 8701 2.1 17 8 5 10 58% 469 2783 361 236%
c s  0.52  8 16 8 8 601 2 17239 9644 2.1 17 8 5 10 57% 469 1391 361 236%
c e  0.52  8 16 8 8 601 2 17239 9644 2.1 17 8 5 10 57% 375 1479 299 195%
c ^  0.52  8 16 8 8 601 2 17239 9644 2.1 17 8 5 10 57% 375 1479 299 195%
c -  0.52  7 16 8 9 620 2 17316 5535 2.1 17 8 4 9 57% 375 1479 299 195%
c -  0.60  7 16 8 10 1124 3 20316 7438 2.0 17 8 4 9 58% 375 1479 299 195%
c o  0.61  7 16 8 10 1125 3 20439 7552 2.0 17 8 4 9 58% 375 1479 299 195%
c u  0.66  7 17 8 10 1390 3 21957 8908 1.9 17 9 4 9 58% 375 1479 299 195%
c v  0.67  7 17 8 10 1390 3 21957 8863 1.9 17 9 4 9 58% 375 1479 299 195%
c w  0.67  7 17 8 10 1390 3 21957 8861 1.9 17 9 4 9 58% 375 1479 299 195%
c x  0.68  7 17 8 10 1390 3 21957 8856 1.9 17 9 4 9 58% 375 1437 299 195%
c f  0.68  6 17 8 10 1390 3 21957 8856 1.9 17 9 4 9 58% 392 1395 308 201%
c u  0.69  7 17 8 10 1390 3 21957 8807 1.9 17 9 4 9 58% 392 1395 308 201%
c v  0.70  7 17 8 10 1390 3 21957 8791 1.9 17 9 4 9 58% 392 1395 308 201%
c w  0.70  7 17 8 10 1390 3 21957 8782 1.9 17 9 4 9 58% 392 1395 308 201%
c x  0.71  7 17 8 10 1390 3 21957 8777 1.9 17 9 4 9 58% 392 1358 308 201%
c }  0.72  7 17 9 10 1435 3 22408 9216 1.9 17 9 4 9 58% 392 1358 308 201%
c [  0.72  7 21 9 10 1435 1 22408 9216 1.5 22 14 6 17 59% 392 1358 308 201%
c
c seconds  switched    rate        size/glue  tier1    binary      remaining
c        MB  reductions  conflicts       size   tier2    irredundant
c         level   restarts    redundant     glue    trail      variables
c
c W  0.72  6 21 9 10 1435 1 22408 9216 1.5 22 14 6 17 59% 392 1358 308 201%
c -  0.75  7 21 9 11 1436 1 23479 8785 1.5 22 14 6 15 59% 392 1358 308 201%
c -  0.83  8 20 9 12 1438 1 26797 9412 1.6 21 13 5 14 60% 392 1358 308 201%
c O  0.90  8 20 9 12 1440 1 29937 12096 1.5 21 14 5 14 60% 392 1358 308 201%
c -  0.91  8 19 9 13 1440 1 30261 9685 1.6 21 13 5 14 60% 392 1358 308 201%
c ]  0.92  8 19 10 13 1441 1 30706 10113 1.6 21 13 5 14 61% 392 1358 308 201%
c {  0.92  8 17 10 13 1441 3 30706 10113 1.9 17 9 4 9 58% 392 1358 308 201%
c -  1.03  8 17 10 14 1869 3 33866 10581 1.9 17 9 4 9 58% 392 1358 308 201%
c s  1.11  8 17 10 14 1981 3 36471 13068 2.0 17 9 4 9 59% 392 1344 308 201%
c e  1.11  8 17 10 14 1981 3 36471 13068 2.0 17 9 4 9 59% 346 1415 270 176%
c ^  1.11  8 17 10 14 1981 3 36471 13068 2.0 17 9 4 9 59% 346 1415 270 176%
c -  1.14  8 17 10 15 2122 3 37607 7293 1.9 17 9 4 9 59% 346 1415 270 176%
c u  1.20  7 17 10 15 2297 3 39247 8741 1.9 17 9 4 9 59% 346 1415 270 176%
c v  1.21  7 17 10 15 2297 3 39247 8721 1.9 17 9 4 9 59% 346 1415 270 176%
c w  1.21  7 17 10 15 2297 3 39247 8720 1.9 17 9 4 9 59% 346 1415 270 176%
c x  1.22  7 17 10 15 2297 3 39247 8713 1.9 17 9 4 9 59% 346 1371 270 176%
c f  1.29  7 17 10 15 2297 3 39247 8713 1.9 17 9 4 9 59% 370 1311 282 184%
c u  1.30  7 17 10 15 2297 3 39247 8636 1.9 17 9 4 9 59% 370 1311 282 184%
c v  1.31  7 17 10 15 2297 3 39247 8616 1.9 17 9 4 9 59% 370 1311 282 184%
c w  1.32  7 17 10 15 2297 3 39247 8612 1.9 17 9 4 9 59% 370 1311 282 184%
c
c seconds   switched    rate        size/glue tier1   binary      remaining
c        MB   reductions  conflicts       size  tier2   irredundant
c         level    restarts    redundant    glue   trail      variables
c
c x  1.33  8 17 10 15 2297 3 39247 8610 1.9 17 9 4 9 59% 370 1297 282 184%
c }  1.33  8 17 11 15 2317 3 39334 8695 1.9 17 9 4 9 59% 370 1297 282 184%
c [  1.33  8 19 11 15 2317 1 39334 8695 1.6 21 13 5 14 61% 370 1297 282 184%
c B  1.34  8 19 11 15 2317 1 39698 9044 1.6 21 13 5 14 61% 370 1297 282 184%
c -  1.38  8 20 11 16 2319 1 41479 8812 1.6 21 14 5 14 61% 370 1297 282 184%
c -  1.48  8 20 11 17 2321 1 45482 9559 1.6 22 14 5 15 62% 370 1297 282 184%
c -  1.60  8 20 11 18 2323 1 49605 9952 1.6 22 14 5 14 62% 370 1297 282 184%
c ]  1.60  8 20 12 18 2323 1 49670 10006 1.6 22 14 5 14 62% 370 1297 282 184%
c {  1.60  8 17 12 18 2323 3 49670 10006 1.9 17 9 4 9 59% 370 1297 282 184%
c o  1.60  8 17 12 18 2328 3 49687 10022 1.9 17 9 4 9 59% 370 1297 282 184%
c -  1.74  8 17 12 19 2780 3 53848 12034 1.9 17 9 4 9 59% 370 1297 282 184%
c -  1.88  8 16 12 20 3032 3 58207 13529 1.9 17 9 4 9 60% 370 1297 282 184%
c }  2.01  8 16 13 20 3426 3 61149 16308 1.8 17 9 4 9 60% 370 1297 282 184%
c [  2.01  8 20 13 20 3426 1 61149 16308 1.6 22 14 5 14 62% 370 1297 282 184%
c W  2.01  7 20 13 20 3426 1 61149 16308 1.6 22 14 5 14 62% 370 1297 282 184%
c u  2.05  9 19 13 20 3426 1 61701 16676 1.6 22 14 5 14 62% 370 1297 282 184%
c v  2.06  9 19 13 20 3426 1 61701 16641 1.6 22 14 5 14 62% 370 1297 282 184%
c w  2.07  9 19 13 20 3426 1 61701 16638 1.6 22 14 5 14 62% 370 1297 282 184%
c x  2.08  9 19 13 20 3426 1 61701 16637 1.6 22 14 5 14 62% 370 1291 282 184%
c -  2.11  8 19 13 21 3427 1 62681 14574 1.6 21 14 5 14 62% 370 1291 282 184%
c
c seconds   switched    rate         size/glue  tier1    binary      remaining
c        MB   reductions  conflicts        size   tier2    irredundant
c         level    restarts     redundant     glue    trail      variables
c
c -  2.23  9 18 13 22 3430 1 67264 15335 1.6 21 13 5 14 63% 370 1291 282 184%
c -  2.35  9 18 13 23 3432 1 71954 15510 1.6 21 13 5 13 63% 370 1291 282 184%
c I  2.47  9 17 13 23 3435 1 76053 19071 1.6 21 13 5 13 63% 370 1291 282 184%
c ]  2.48  9 17 14 23 3435 1 76384 19383 1.6 21 13 5 13 63% 370 1291 282 184%
c {  2.48  9 16 14 23 3435 3 76384 19383 1.8 17 9 4 9 60% 370 1291 282 184%
c -  2.51  9 16 14 24 3497 3 76749 15811 1.8 17 9 4 9 60% 370 1291 282 184%
c s  2.58  8 16 14 24 3651 3 78540 17472 1.8 16 9 4 9 60% 370 1289 282 184%
c e  2.58  8 16 14 24 3651 3 78540 17472 1.8 16 9 4 9 60% 335 1367 255 167%
c ^  2.58  8 16 14 24 3651 3 78540 17472 1.8 16 9 4 9 60% 335 1367 255 167%
c o  2.61  9 16 14 24 3692 3 79697 11334 1.8 16 9 4 9 60% 335 1367 255 167%
c -  2.68  9 16 14 25 3914 3 81648 10838 1.8 16 9 3 9 60% 335 1367 255 167%
c -  2.85  9 16 14 26 4350 3 86649 13096 1.8 16 9 3 9 60% 335 1367 255 167%
c u  2.95  9 16 14 26 4529 3 89347 15361 1.8 16 9 3 9 61% 335 1367 255 167%
c v  2.97 10 16 14 26 4529 3 89347 15302 1.8 16 9 3 9 61% 335 1367 255 167%
c w  2.98 10 16 14 26 4529 3 89347 15300 1.8 16 9 3 9 61% 335 1367 255 167%
c x  3.00 10 16 14 26 4529 3 89347 15299 1.8 16 9 3 9 61% 335 1359 255 167%
c f  3.00  8 16 14 26 4529 3 89347 15299 1.8 16 9 3 9 61% 340 1334 259 169%
c u  3.02  9 16 14 26 4529 3 89347 15084 1.8 16 9 3 9 61% 340 1334 259 169%
c v  3.04  9 16 14 26 4529 3 89347 15008 1.8 16 9 3 9 61% 340 1334 259 169%
c w  3.05  9 16 14 26 4529 3 89347 15002 1.8 16 9 3 9 61% 340 1334 259 169%
c
c seconds   switched    rate         size/glue tier1   binary      remaining
c        MB   reductions  conflicts        size  tier2   irredundant
c         level    restarts     redundant    glue   trail      variables
c
c x  3.06  9 16 14 26 4529 3 89347 15002 1.8 16 9 3 9 61% 340 1327 259 169%
c }  3.25  9 16 15 26 4608 3 91101 16622 1.8 16 9 3 9 61% 340 1327 259 169%
c [  3.25  9 17 15 26 4608 1 91101 16622 1.6 21 13 5 13 63% 340 1327 259 169%
c -  3.27  9 17 15 27 4608 1 91749 14278 1.6 21 13 5 13 63% 340 1327 259 169%
c B  3.33  9 17 15 27 4610 1 93855 16156 1.6 21 13 5 13 63% 340 1327 259 169%
c -  3.41  9 18 15 28 4612 1 96946 14206 1.6 21 13 5 13 63% 340 1327 259 169%
c -  3.57  9 17 15 29 4614 1 102239 13707 1.6 20 13 5 13 63% 340 1327 259 169%
c ]  3.73  9 17 16 29 4617 1 107257 17784 1.6 20 12 5 13 63% 340 1327 259 169%
c {  3.73  9 16 16 29 4617 3 107257 17784 1.8 16 9 3 9 61% 340 1327 259 169%
c -  3.75  9 16 16 30 4642 3 107624 14502 1.8 16 9 3 9 61% 340 1327 259 169%
c -  3.94  9 16 16 31 4869 3 113101 16405 1.8 16 9 3 9 61% 340 1327 259 169%
c -  4.17  9 16 16 32 5361 3 118669 17647 1.7 16 9 3 8 61% 340 1327 259 169%
c o  4.21  9 15 16 32 5401 3 120043 18840 1.7 16 9 3 8 61% 340 1327 259 169%
c u  4.33 10 15 16 32 5550 3 122342 20848 1.7 16 9 3 8 61% 340 1327 259 169%
c v  4.37 10 15 16 32 5550 3 122342 20796 1.7 16 9 3 8 61% 340 1327 259 169%
c w  4.38 10 15 16 32 5550 3 122342 20781 1.7 16 9 3 8 61% 340 1327 259 169%
c -  4.48  9 15 16 33 5611 3 124325 18420 1.7 16 9 3 8 61% 340 1327 259 169%
c }  4.52  9 15 17 33 5679 3 125595 19575 1.7 16 9 3 8 61% 340 1327 259 169%
c [  4.52  9 17 17 33 5679 1 125595 19575 1.6 20 12 5 13 63% 340 1327 259 169%
c W  4.54  8 17 17 33 5679 1 125595 19575 1.6 20 12 5 13 63% 340 1327 259 169%
c
c seconds   switched    rate          size/glue  tier1    binary      remaining
c        MB   reductions  conflicts         size   tier2    irredundant
c         level    restarts      redundant     glue    trail      variables
c
c -  4.67  8 17 17 34 5682 1 130071 18210 1.6 20 12 5 13 62% 340 1327 259 169%
c -  4.82  8 17 17 35 5685 1 135902 17228 1.6 19 12 5 13 62% 340 1327 259 169%
c -  4.98  8 17 17 36 5688 1 141819 17042 1.6 19 12 5 13 62% 340 1327 259 169%
c e  5.12  8 17 17 36 5692 1 146707 21113 1.6 19 12 5 13 62% 321 1395 243 159%
c ^  5.12  8 17 17 36 5692 1 146707 21113 1.6 19 12 5 13 62% 321 1395 243 159%
c -  5.16  8 17 17 37 5692 1 147820 13811 1.6 19 12 5 12 62% 321 1395 243 159%
c ]  5.20  8 16 18 37 5692 1 149288 14984 1.6 19 12 5 12 62% 321 1395 243 159%
c {  5.20  8 15 18 37 5692 3 149288 14984 1.7 16 9 3 8 61% 321 1395 243 159%
c -  5.38  8 15 18 38 6561 3 153902 16187 1.7 16 9 3 9 61% 321 1395 243 159%
c -  5.61  8 15 18 39 7414 3 160066 18644 1.7 16 9 3 9 61% 321 1395 243 159%
c u  5.69  8 15 18 39 7607 3 160902 19156 1.7 16 9 3 9 61% 321 1395 243 159%
c v  5.73  8 15 18 39 7607 3 160902 19014 1.7 16 9 3 9 61% 321 1395 243 159%
c w  5.75 10 15 18 39 7607 3 160902 18996 1.7 16 9 3 9 61% 321 1395 243 159%
c -  5.98 10 15 18 40 8314 3 166312 19920 1.7 16 9 3 9 61% 321 1395 243 159%
c o  6.11  9 14 18 40 8577 3 170047 23351 1.7 16 9 3 9 61% 321 1395 243 159%
c }  6.19  9 14 19 40 8860 3 171633 24841 1.7 16 9 3 9 61% 321 1395 243 159%
c [  6.19  9 16 19 40 8860 1 171633 24841 1.6 19 12 5 12 62% 321 1395 243 159%
c O  6.19  9 16 19 40 8860 1 171633 24841 1.6 19 12 5 12 62% 321 1395 243 159%
c -  6.22 10 16 19 41 8860 1 172637 21156 1.6 19 12 5 12 62% 321 1395 243 159%
c -  6.40 10 16 19 42 8865 1 179045 20770 1.6 19 12 5 12 63% 321 1395 243 159%
c
c seconds   switched    rate          size/glue  tier1    binary      remaining
c        MB   reductions  conflicts         size   tier2    irredundant
c         level    restarts      redundant     glue    trail      variables
c
c -  6.57 10 16 19 43 8868 1 185527 18750 1.6 19 12 5 12 63% 321 1395 243 159%
c -  6.75 10 16 19 44 8872 1 192084 18993 1.6 18 12 4 12 63% 321 1395 243 159%
c -  6.93 10 16 19 45 8874 1 198718 20095 1.6 18 11 4 12 63% 321 1395 243 159%
c B  6.95 10 15 19 45 8874 1 199374 20610 1.6 18 11 4 12 63% 321 1395 243 159%
c ]  7.09 10 16 20 45 8875 1 204665 25540 1.6 18 12 4 12 63% 321 1395 243 159%
c {  7.09 10 14 20 45 8875 3 204665 25540 1.7 16 9 3 9 61% 321 1395 243 159%
c u  7.14 11 14 20 45 8895 3 204919 25653 1.7 16 9 3 9 61% 321 1395 243 159%
c v  7.17 11 14 20 45 8895 3 204919 25581 1.7 16 9 3 9 61% 321 1395 243 159%
c w  7.19 12 14 20 45 8895 3 204919 25492 1.7 16 9 3 9 61% 321 1395 243 159%
c x  7.22 12 14 20 45 8895 3 204919 25489 1.7 16 9 3 9 61% 321 1393 243 159%
c -  7.24 10 14 20 46 8903 3 205427 19541 1.7 16 9 3 9 61% 321 1393 243 159%
c -  7.50 10 14 20 47 9122 2 212212 19753 1.7 16 9 3 9 61% 321 1393 243 159%
c -  7.77 10 14 20 48 9441 2 219069 21334 1.7 16 9 3 9 61% 321 1393 243 159%
c -  8.04 10 14 20 49 9764 2 225998 22083 1.7 15 9 3 9 61% 321 1393 243 159%
c o  8.24 10 14 20 49 9958 2 230650 26220 1.7 15 9 3 9 61% 321 1393 243 159%
c }  8.27 10 14 21 49 9999 2 231404 26859 1.7 15 9 3 9 61% 321 1393 243 159%
c [  8.27 10 16 21 49 9999 1 231404 26859 1.6 18 12 4 12 63% 321 1393 243 159%
c W  8.29  9 16 21 49 9999 1 231404 26859 1.6 18 12 4 12 63% 321 1393 243 159%
c -  8.35  9 16 21 50 10000 1 232999 22843 1.6 18 12 4 12 63% 321 1393 243 159%
c -  8.56  9 16 21 51 10005 1 240072 22083 1.6 19 12 4 12 63% 321 1393 243 159%
c
c seconds   switched     rate          size/glue  tier1    binary      remaining
c        MB   reductions   conflicts         size   tier2    irredundant
c         level    restarts       redundant     glue    trail      variables
c
c e  8.67  9 16 21 51 10005 1 243431 24955 1.6 19 12 4 12 63% 271 1612 217 142%
c ^  8.67  9 16 21 51 10005 1 243431 24955 1.6 19 12 4 12 63% 271 1612 217 142%
c -  8.74  8 16 21 52 10008 1 247213 9845 1.6 19 12 4 12 63% 271 1612 217 142%
c -  8.90  8 15 21 53 10012 1 254425 14636 1.6 18 11 4 12 63% 271 1612 217 142%
c u  8.96  8 15 21 53 10012 1 254754 14443 1.6 18 11 4 12 63% 271 1612 217 142%
c v  9.03  8 15 21 53 10012 1 254754 13575 1.6 18 11 4 12 63% 271 1612 217 142%
c w  9.05  8 15 21 53 10012 1 254754 13532 1.6 18 11 4 12 63% 271 1612 217 142%
c -  9.22  8 15 21 54 10013 1 261707 16978 1.6 18 11 4 12 64% 271 1612 217 142%
c I  9.34  8 15 21 54 10016 1 266755 21269 1.6 18 11 4 12 64% 271 1612 217 142%
c -  9.40  9 15 21 55 10017 1 269055 18966 1.6 18 11 4 12 64% 271 1612 217 142%
c ]  9.50  9 15 22 55 10020 1 272898 22296 1.6 18 11 4 12 64% 271 1612 217 142%
c {  9.50  9 14 22 55 10020 2 272898 22296 1.7 15 9 3 9 61% 271 1612 217 142%
c -  9.60  9 14 22 56 10022 2 276471 20160 1.7 15 9 3 9 61% 271 1612 217 142%
c -  9.83  9 13 22 57 10033 2 283955 21033 1.7 15 9 3 9 62% 271 1612 217 142%
c - 10.08  9 13 22 58 10072 2 291504 22491 1.7 15 9 3 9 62% 271 1612 217 142%
c - 10.34  9 13 22 59 10085 2 299119 23170 1.7 15 9 3 9 62% 271 1612 217 142%
c } 10.50  9 13 23 59 10085 2 304416 27617 1.7 14 9 3 9 63% 271 1612 217 142%
c [ 10.50  9 15 23 59 10085 1 304416 27617 1.6 18 11 4 12 64% 271 1612 217 142%
c B 10.55  9 15 23 59 10086 1 306195 29123 1.6 18 11 4 12 64% 272 1612 217 142%
c o 10.55  9 15 23 59 10086 1 306195 29123 1.6 18 11 4 12 64% 272 1612 217 142%
c
c seconds   switched     rate          size/glue  tier1    binary      remaining
c        MB   reductions   conflicts         size   tier2    irredundant
c         level    restarts       redundant     glue    trail      variables
c
c - 10.57  9 15 23 60 10087 1 306800 23441 1.6 18 11 4 12 64% 272 1612 217 142%
c u 10.70 11 15 23 60 10089 1 309643 25331 1.6 18 11 4 12 64% 272 1612 217 142%
c v 10.75 11 15 23 60 10089 1 309643 25068 1.6 18 11 4 12 64% 272 1612 217 142%
c w 10.78 11 15 23 60 10089 1 309643 24586 1.6 18 11 4 12 64% 272 1612 217 142%
c - 11.22 11 15 23 61 10091 1 314546 22043 1.6 18 11 4 12 64% 272 1612 217 142%
c - 11.43 11 14 23 62 10096 1 322358 21190 1.6 18 11 4 11 64% 272 1612 217 142%
c - 11.69 11 14 23 63 10099 1 330232 22383 1.6 17 11 4 11 64% 272 1612 217 142%
c - 11.93 10 14 23 64 10100 1 338169 22790 1.6 17 11 4 11 64% 272 1612 217 142%
c ] 12.01 10 14 24 64 10102 1 340682 24689 1.6 17 10 4 11 65% 272 1612 217 142%
c { 12.01 10 13 24 64 10102 2 340682 24689 1.7 14 9 3 9 63% 272 1612 217 142%
c - 12.22 11 13 24 65 10247 2 346169 23599 1.7 14 9 3 9 63% 272 1612 217 142%
c - 12.59 11 13 24 66 10818 2 354231 24539 1.7 14 9 3 8 63% 272 1612 217 142%
c - 12.95 11 13 24 67 11348 2 362355 25186 1.7 14 9 3 8 63% 272 1612 217 142%
c e 13.25  9 12 24 67 11702 2 369396 31172 1.7 14 9 3 8 63% 245 1779 205 134%
c ! 13.25  9 12 24 67 11702 2 369396 31172 1.7 14 9 3 8 63% 245 1779 205 134%
c u 13.33 10 12 24 67 11740 2 370472 17284 1.7 14 9 3 8 63% 245 1779 205 134%
c v 13.38 11 12 24 67 11740 2 370472 16917 1.7 14 9 3 8 63% 245 1779 205 134%
c w 13.40 11 12 24 67 11740 2 370472 16846 1.7 14 9 3 8 63% 245 1779 205 134%
c x 13.44 11 12 24 67 11740 2 370472 16844 1.7 14 9 3 8 63% 245 1775 205 134%
c f 13.44  9 12 24 67 11740 2 370472 16844 1.7 14 9 3 8 63% 258 1669 209 137%
c
c seconds   switched     rate          size/glue tier1   binary      remaining
c        MB   reductions   conflicts         size  tier2   irredundant
c         level    restarts       redundant    glue   trail      variables
c
c u 13.51 10 12 24 67 11740 2 370472 16315 1.7 14 9 3 8 63% 258 1669 209 137%
c v 13.58 11 12 24 67 11740 2 370472 16027 1.7 14 9 3 8 63% 258 1669 209 137%
c w 13.60 11 12 24 67 11740 2 370472 15984 1.7 14 9 3 8 63% 258 1669 209 137%
c - 13.61  9 12 24 68 11740 2 370541 13451 1.7 14 9 3 8 63% 258 1669 209 137%
c } 13.79  9 12 25 68 11880 2 377361 18977 1.6 14 9 3 8 63% 258 1669 209 137%
c [ 13.79  9 14 25 68 11880 1 377361 18977 1.6 17 10 4 11 65% 258 1669 209 137%
c W 13.79  8 14 25 68 11880 1 377361 18977 1.6 17 10 4 11 65% 258 1669 209 137%
c - 13.82  8 14 25 69 11881 1 378788 17446 1.6 17 10 4 11 65% 258 1669 209 137%
c - 14.02  8 14 25 70 11886 1 387094 19800 1.6 17 10 4 11 65% 259 1669 209 137%
c - 14.22  9 14 25 71 11891 1 395460 19497 1.6 17 10 4 11 65% 259 1669 209 137%
c - 14.43  9 14 25 72 11894 1 403886 18882 1.6 17 11 4 11 65% 259 1669 209 137%
c - 14.65  9 14 25 73 11897 1 412372 19784 1.6 17 11 4 11 65% 259 1669 209 137%
c - 14.89  9 14 25 74 11901 1 420917 19889 1.6 17 11 4 11 65% 259 1669 209 137%
c O 15.01  9 14 25 74 11904 1 425523 23353 1.6 17 11 4 11 65% 259 1669 209 137%
c o 15.01  9 14 25 74 11904 1 425523 23353 1.6 17 11 4 11 65% 259 1669 209 137%
c - 15.12  9 14 25 75 11907 1 429520 19512 1.6 17 11 4 11 65% 259 1669 209 137%
c ] 15.27  9 14 26 75 11909 1 435556 24592 1.6 17 11 4 11 65% 259 1669 209 137%
c { 15.27  9 12 26 75 11909 2 435556 24592 1.6 14 9 3 8 63% 259 1669 209 137%
c u 15.39  9 12 26 75 12018 2 437138 25712 1.6 14 9 3 8 63% 260 1669 209 137%
c v 15.45  9 12 26 75 12018 2 437138 25434 1.6 14 9 3 8 63% 260 1669 209 137%
c
c seconds   switched     rate          size/glue tier1   binary      remaining
c        MB   reductions   conflicts         size  tier2   irredundant
c         level    restarts       redundant    glue   trail      variables
c
c w 15.47 10 12 26 75 12018 2 437138 25048 1.6 14 9 3 8 63% 260 1669 209 137%
c t 15.48 10 12 26 75 12018 2 437138 25048 1.6 14 9 3 8 63% 259 1669 209 137%
c - 15.52 10 12 26 76 12044 2 438183 19064 1.6 14 9 3 8 63% 259 1669 209 137%
c - 15.84 10 12 26 77 12494 2 446900 21595 1.6 14 9 3 8 63% 259 1669 209 137%
c - 16.15 10 12 26 78 12864 2 455675 24254 1.6 14 9 3 8 63% 259 1669 209 137%
c - 16.45 10 12 26 79 13195 2 464506 25342 1.6 14 9 3 8 63% 260 1669 209 137%
c - 16.79 10 12 26 80 13700 2 473394 26229 1.6 14 9 3 8 63% 260 1669 209 137%
c } 16.93 10 12 27 80 13787 2 477775 29743 1.6 14 8 3 8 63% 260 1669 209 137%
c [ 16.93 10 14 27 80 13787 1 477775 29743 1.6 17 11 4 11 65% 260 1669 209 137%
c B 16.95 10 14 27 80 13787 1 478310 30243 1.6 17 11 4 11 65% 260 1669 209 137%
c - 17.07 10 14 27 81 13790 1 482339 26544 1.6 17 11 4 11 65% 260 1669 209 137%
c - 17.36 10 14 27 82 13795 1 491340 26196 1.6 17 11 4 11 65% 260 1669 209 137%
c - 17.67 11 14 27 83 13800 1 500395 26859 1.6 17 11 4 11 65% 260 1669 209 137%
c - 17.94 11 14 27 84 13801 1 509505 27596 1.6 17 11 4 11 65% 260 1669 209 137%
c u 18.04 11 14 27 84 13801 1 509947 27544 1.6 17 11 4 11 65% 260 1669 209 137%
c v 18.14 11 14 27 84 13801 1 509947 26548 1.6 17 11 4 11 65% 260 1669 209 137%
c w 18.18 11 14 27 84 13801 1 509947 26519 1.6 17 11 4 11 65% 260 1669 209 137%
c - 18.46 11 14 27 85 13807 1 518671 26516 1.6 17 10 4 11 64% 261 1669 209 137%
c ] 18.67 11 13 28 85 13811 1 525674 31937 1.6 17 10 4 11 64% 261 1669 209 137%
c { 18.67 11 12 28 85 13811 2 525674 31937 1.6 14 8 3 8 63% 261 1669 209 137%
c
c seconds   switched     rate          size/glue tier1   binary      remaining
c        MB   reductions   conflicts         size  tier2   irredundant
c         level    restarts       redundant    glue   trail      variables
c
c e 18.71 11 12 28 85 13817 2 526551 32535 1.6 14 8 3 8 63% 255 1714 206 135%
c o 18.71 11 12 28 85 13817 2 526551 30196 1.6 14 8 3 8 63% 255 1714 206 135%
c - 18.76 11 12 28 86 13888 2 527890 26106 1.6 14 8 3 8 63% 255 1714 206 135%
c - 19.06 11 12 28 87 14016 2 537163 27030 1.6 13 8 3 8 63% 258 1714 206 135%
c i 19.09 11 12 28 87 14016 2 537748 27400 1.6 13 8 3 8 63% 265 1714 198 129%
c - 19.37 11 12 28 88 14353 2 546490 20692 1.6 13 8 3 8 63% 247 1655 198 129%
c - 19.67 11 12 28 89 14644 2 555870 25122 1.6 13 8 3 8 63% 250 1655 198 129%
c - 19.97 11 11 28 90 14862 2 565303 27563 1.6 13 8 3 8 63% 251 1655 198 129%
c i 20.04 11 11 28 90 14862 2 567670 29205 1.6 13 8 3 8 63% 264 1655 197 129%
c } 20.27 11 11 29 90 15145 2 573812 34170 1.6 13 8 3 8 63% 264 1655 197 129%
c [ 20.27 11 13 29 90 15145 1 573812 34170 1.6 17 10 4 11 64% 264 1655 197 129%
c W 20.28 11 13 29 90 15145 1 573812 34170 1.6 17 10 4 11 64% 243 1655 197 129%
c - 20.31 11 13 29 91 15145 1 574789 24408 1.6 17 10 4 11 65% 243 1655 197 129%
c - 20.60 11 13 29 92 15151 1 584328 26179 1.6 17 10 4 11 64% 243 1655 197 129%
c u 20.80 11 13 29 92 15154 1 589014 29840 1.6 17 10 4 11 64% 249 1649 197 129%
c v 20.86 11 13 29 92 15154 1 589014 29617 1.6 17 10 4 11 64% 249 1649 197 129%
c w 20.89 11 13 29 92 15154 1 589014 29528 1.6 17 10 4 11 64% 249 1649 197 129%
c x 20.94 11 13 29 92 15154 1 589014 29486 1.6 17 10 4 11 64% 249 1502 197 129%
c f 20.94 11 13 29 92 15154 1 589014 29486 1.6 17 10 4 11 64% 251 1461 199 130%
c u 21.03 11 13 29 92 15154 1 589014 29155 1.6 17 10 4 11 64% 251 1461 199 130%
c
c seconds   switched     rate          size/glue  tier1    binary      remaining
c        MB   reductions   conflicts         size   tier2    irredundant
c         level    restarts       redundant     glue    trail      variables
c
c v 21.12 11 13 29 92 15154 1 589014 29009 1.6 17 10 4 11 64% 251 1461 199 130%
c w 21.16 11 13 29 92 15154 1 589014 28499 1.6 17 10 4 11 64% 251 1461 199 130%
c - 21.82 17 13 29 93 15157 1 593920 26234 1.6 16 10 4 11 64% 251 1461 199 130%
c - 22.16 17 13 29 94 15159 1 603563 28092 1.6 16 10 4 11 64% 252 1461 199 130%
c i 22.32 17 13 29 94 15161 1 608328 31290 1.6 16 10 4 11 64% 263 1461 192 125%
c - 22.48 17 13 29 95 15165 1 613259 19929 1.6 16 10 4 11 64% 243 1461 192 125%
c i 22.68 17 13 29 95 15167 1 619599 24316 1.6 16 10 4 11 64% 250 1461 188 123%
c - 22.78 15 13 29 96 15169 1 623005 16687 1.6 16 10 4 11 64% 232 1461 188 123%
c ] 22.78 15 13 30 96 15170 1 623118 16776 1.6 16 10 4 11 64% 232 1461 188 123%
c { 22.78 15 11 30 96 15170 2 623118 16776 1.6 13 8 3 8 63% 232 1461 188 123%
c i 22.83 15 11 30 96 15189 2 624823 18084 1.6 13 8 3 8 63% 242 1461 184 120%
c i 22.90 16 11 30 96 15205 2 627091 19786 1.6 13 8 3 8 63% 257 1461 183 120%
c o 22.90 16 11 30 96 15205 2 627091 19786 1.6 13 8 3 8 63% 257 1461 183 120%
c i 22.95 16 11 30 96 15211 2 628737 20989 1.6 13 8 3 8 63% 264 1461 172 112%
c i 22.97 16 11 30 96 15211 2 629730 21766 1.6 13 8 3 8 63% 277 1461 162 106%
c i 22.98 16 11 30 96 15211 2 629788 21800 1.6 13 8 3 8 63% 283 1461 161 105%
c i 22.98 16 11 30 96 15211 2 629893 21867 1.6 13 8 3 8 63% 289 1461 160 105%
c i 22.98 16 11 30 96 15211 2 629944 21905 1.6 13 8 3 8 63% 291 1461 154 101%
c i 22.98 16 11 30 96 15211 2 629948 21905 1.6 13 8 3 8 63% 293 1461 145 95%
c } 22.98 16 11 30 96 15211 2 629952 21905 1.6 13 8 3 8 63% 294 1461 99 65%
c
c seconds   switched     rate          size/glue tier1   binary     remaining
c        MB   reductions   conflicts         size  tier2   irredundant
c         level    restarts       redundant    glue   trail     variables
c
c 0 22.98 16 11 30 96 15211 2 629952 21905 1.6 13 8 3 8 63% 294 1461 99 65%
c
c ---- [ result ] ------------------------------------------------------------
c
s UNSATISFIABLE
c
c ---- [ profiling ] ---------------------------------------------------------
c
c          19.78   86.08 %  search
c           9.98   43.45 %  focused
c           9.80   42.63 %  stable
c           3.14   13.65 %  simplify
c           3.12   13.58 %  probe
c           1.97    8.58 %  vivify
c           1.04    4.52 %  sweep
c           0.20    0.87 %  reduce
c           0.06    0.28 %  substitute
c           0.05    0.24 %  preprocess
c           0.05    0.21 %  walking
c           0.04    0.17 %  factor
c           0.02    0.10 %  eliminate
c           0.00    0.02 %  parse
c           0.00    0.02 %  congruence
c           0.00    0.02 %  subsume
c           0.00    0.01 %  transitive
c           0.00    0.01 %  lucky
c           0.00    0.00 %  backbone
c =============================================
c          22.98  100.00 %  total
c
c ---- [ statistics ] --------------------------------------------------------
c
c conflicts:                           629952            27411.18 per second
c decisions:                           932783                1.48 per conflict
c eliminated:                             184              120 %  variables
c factored:                               239              156 %  variables
c iterations:                              13                8 %  variables
c propagations:                      27990413          1217950    per second
c reductions:                              96             6562    interval
c reordered:                               11            57268    interval
c rephased:                                20            31498    interval
c restarts:                             15211               41    interval
c subsumed:                              1408                1 %  checks
c switched:                                30            20998    interval
c vivified:                             22348               57 %  checks
c walks:                                    7            89993    interval
c
c ---- [ glue usage ] --------------------------------------------------------
c
c focused glue 3   used 273216 clauses 18.33% accumulated 60.98% tier1
c focused glue 4   used 152677 clauses 10.24% accumulated 71.22%
c focused glue 5-6 used 183844 clauses 12.33% accumulated 83.56%
c focused glue 7   used  70766 clauses  4.75% accumulated 88.31%
c focused glue 8   used  56699 clauses  3.80% accumulated 92.11% tier2
c
c stable glue 4   used 199914 clauses  9.87% accumulated 57.93% tier1
c stable glue 5   used 147440 clauses  7.28% accumulated 65.21%
c stable glue 6-9 used 424873 clauses 20.98% accumulated 86.19%
c stable glue 10  used  71351 clauses  3.52% accumulated 89.71%
c stable glue 11  used  57291 clauses  2.83% accumulated 92.54% tier2
c
c ---- [ resources ] ---------------------------------------------------------
c
c maximum-resident-set-size:         22433792 bytes         21 MB
c process-time:                            23s              22.98 seconds
c
c ---- [ shutting down ] -----------------------------------------------------
c
c exit 20
