c ---- [ banner ] ------------------------------------------------------------
c
c Kissat SAT Solver
c 
c Copyright (c) 2021-2024 Armin Biere University of Freiburg
c Copyright (c) 2019-2021 Armin Biere Johannes Kepler University Linz
c 
c Version 4.0.4 8af8e56f174b778aef3aa45af9f739b2a5f492c2
c gcc (Ubuntu 13.3.0-6ubuntu2~24.04.1) 13.3.0 -W -Wall -O3 -DNDEBUG
c Wed Apr 15 16:07:08 EEST 2026 Linux cluster-4 6.17.0-14-generic x86_64
c
c ---- [ parsing ] -----------------------------------------------------------
c
c opened and reading DIMACS file:
c
c   tmp.cnf
c
c parsed 'p cnf 120 151008' header
c closing input after reading 3559667 bytes (3 MB)
c finished parsing after 0.04 seconds
c
c ---- [ solving ] -----------------------------------------------------------
c
c seconds switched rate     size/glue tier1 binary        remaining
c        MB reductions conflicts size  tier2   irredundant
c         level restarts redundant glue  trail        variables
c
c *  0.04 14 0 0 0  0 0   0   0 0.0 0 0 0 0 0%   0 151008 120 100%
c (  0.05 16 0 0 0  0 0   0   0 0.0 0 0 0 0 0%   0 151008 120 100%
c .  0.05 16 0 0 0  0 0   0   0 0.0 0 0 0 0 0%   0 151008 120 100%
c f  3.39 18 0 0 0  0 0   0   0 0.0 0 0 0 0 0%  72 84978 137 114%
c )  3.39 18 0 0 0  0 0   0   0 0.0 0 0 0 0 0%  72 84978 137 114%
c {  3.39 18 0 0 0  0 0   0   0 0.0 0 0 2 6 0%  72 84978 137 114%
c -  3.44 18 18 0 1 33 2 1005 655 2.0 21 11 8 17 60%  72 84978 137 114%
c }  3.44 18 18 1 1 33 2 1005 655 2.0 21 11 8 17 60%  72 84978 137 114%
c [  3.44 18 0 1 1 33 0 1005 655 0.0 0 0 2 6 0%  72 84978 137 114%
c B  3.44 18 0 1 1 33 0 1005 655 0.0 0 0 2 6 0%  72 84978 137 114%
c -  3.49 18 20 1 2 33 1 2005 1491 1.6 18 12 9 16 49%  72 84978 137 114%
c W  3.49 23 20 1 2 33 1 2006 1492 1.6 18 12 9 16 49%  72 84978 137 114%
c ]  3.50 23 20 2 2 34 1 2099 1563 1.6 18 12 9 16 50%  72 84978 137 114%
c {  3.50 23 18 2 2 34 2 2099 1563 2.0 21 11 8 17 60%  72 84978 137 114%
c u  3.54 23 18 2 2 63 2 2504 1898 1.9 20 11 8 16 59%  72 84978 137 114%
c v  3.54 23 18 2 2 63 2 2504 1897 1.9 20 11 8 16 59%  72 84978 137 114%
c w  3.55 23 18 2 2 63 2 2504 1897 1.9 20 11 8 16 59%  72 84978 137 114%
c x  3.56 23 18 2 2 63 2 2504 1897 1.9 20 11 8 16 59%  72 84952 137 114%
c }  3.62 23 18 3 2 109 2 3100 2388 1.9 20 11 8 16 58%  72 84952 137 114%
c [  3.62 23 20 3 2 109 1 3100 2388 1.6 18 12 9 16 50%  72 84952 137 114%
c
c seconds  switched  rate       size/glue  tier1    binary       remaining
c        MB reductions conflicts      size   tier2     irredundant
c         level restarts   redundant     glue    trail       variables
c
c -  3.64 23 21 3 3 109 1 3420 2499 1.7 20 12 9 17 55%  72 84952 137 114%
c I  3.69 24 22 3 3 110 1 4266 3228 1.7 21 13 9 17 60%  72 84952 137 114%
c ]  3.70 24 22 4 3 110 1 4460 3397 1.7 21 12 9 17 61%  72 84952 137 114%
c {  3.70 24 18 4 3 110 2 4460 3397 1.9 20 11 8 16 58%  72 84952 137 114%
c -  3.76 24 18 4 4 149 2 5152 3557 2.0 21 10 8 15 62%  72 84952 137 114%
c }  3.87 24 18 5 4 225 2 6812 4964 1.9 20 10 8 15 61%  72 84952 137 114%
c [  3.87 24 22 5 4 225 1 6812 4964 1.7 21 12 9 17 61%  72 84952 137 114%
c -  3.89 24 21 5 5 225 1 7152 4703 1.7 21 12 10 18 61%  72 84952 137 114%
c u  3.94 24 20 5 5 225 1 7709 5144 1.7 20 12 10 18 60%  72 84952 137 114%
c v  3.96 24 20 5 5 225 1 7709 5143 1.7 20 12 10 18 60%  72 84952 137 114%
c w  3.96 24 20 5 5 225 1 7709 5094 1.7 20 12 10 18 60%  72 84952 137 114%
c x  3.97 24 20 5 5 225 1 7709 5094 1.7 20 12 10 18 60%  72 84895 137 114%
c B  4.03 24 21 5 5 226 1 8039 5396 1.7 21 12 10 18 61%  72 84895 137 114%
c -  4.10 24 20 5 6 227 1 9391 5794 1.7 20 12 9 17 63%  72 84895 137 114%
c ]  4.13 24 20 6 6 227 1 10025 6335 1.7 20 12 9 17 64%  72 84895 137 114%
c {  4.13 24 18 6 6 227 2 10025 6335 1.9 20 10 8 15 61%  72 84895 137 114%
c -  4.26 24 16 6 7 228 2 11840 6887 2.1 20 9 7 13 64%  72 84895 137 114%
c s  4.34 24 16 6 7 233 2 12512 7501 2.1 19 9 7 13 65%  72 71496 137 114%
c s  4.38 24 16 6 7 233 2 12512 7501 2.1 19 9 7 13 65%  72 67321 137 114%
c ^  4.38 24 16 6 7 233 2 12512 7501 2.1 19 9 7 13 65%  72 67321 137 114%
c
c seconds  switched  rate        size/glue tier1    binary       remaining
c        MB reductions conflicts       size  tier2     irredundant
c         level restarts    redundant    glue    trail       variables
c
c o  4.38 24 16 6 7 233 2 12512 7501 2.1 19 9 7 13 65%  72 67321 137 114%
c }  4.47 24 15 7 7 233 2 14094 8863 2.1 18 9 7 13 64%  72 67321 137 114%
c [  4.47 24 20 7 7 233 1 14094 8863 1.7 20 12 9 17 64%  72 67321 137 114%
c W  4.48 24 20 7 7 233 1 14094 8863 1.7 20 12 9 17 64%  72 67321 137 114%
c -  4.49 24 21 7 8 233 1 14485 7933 1.7 21 12 9 17 64%  72 67321 137 114%
c u  4.56 24 22 7 8 234 1 15793 9043 1.6 21 13 9 17 64%  72 67321 137 114%
c v  4.57 24 22 7 8 234 1 15793 9043 1.6 21 13 9 17 64%  72 67321 137 114%
c w  4.58 24 22 7 8 234 1 15793 9040 1.6 21 13 9 17 64%  72 67321 137 114%
c x  4.59 24 22 7 8 234 1 15793 9040 1.6 21 13 9 17 64%  72 67293 137 114%
c f  4.61 24 22 7 8 234 1 15793 9040 1.6 21 13 9 17 64%  78 66683 138 115%
c u  4.63 24 22 7 8 234 1 15793 9037 1.6 21 13 9 17 64%  78 66683 138 115%
c v  4.65 24 22 7 8 234 1 15793 9032 1.6 21 13 9 17 64%  78 66683 138 115%
c w  4.65 24 22 7 8 234 1 15793 9031 1.6 21 13 9 17 64%  78 66683 138 115%
c x  4.67 24 22 7 8 234 1 15793 9031 1.6 21 13 9 17 64%  78 66641 138 115%
c f  4.69 24 22 7 8 234 1 15793 9031 1.6 21 13 9 17 64%  81 65909 139 116%
c -  4.77 24 23 7 9 235 1 17314 8736 1.6 21 14 9 19 63%  81 65909 139 116%
c ]  4.88 24 23 8 9 237 1 19683 10739 1.6 22 14 9 19 64%  81 65909 139 116%
c {  4.88 24 15 8 9 237 2 19683 10739 2.1 18 9 7 13 64%  81 65909 139 116%
c -  4.93 24 15 8 10 346 2 20316 9964 2.1 18 9 7 12 64%  81 65909 139 116%
c o  5.12 24 15 8 10 547 2 23231 12384 2.0 18 9 7 12 62%  81 65909 139 116%
c
c seconds  switched   rate         size/glue tier1    binary       remaining
c        MB  reductions conflicts        size  tier2     irredundant
c         level  restarts     redundant    glue    trail       variables
c
c -  5.14 24 15 8 11 581 2 23482 11329 2.0 18 9 7 12 61%  81 65909 139 116%
c s  5.30 24 15 8 11 806 2 25080 12694 2.0 18 9 7 12 61%  81 65181 139 116%
c ^  5.34 24 15 8 11 806 2 25080 12694 2.0 18 9 7 12 61%  81 65181 139 116%
c }  5.42 24 15 9 11 920 2 25843 13375 2.0 18 9 7 12 62%  81 65181 139 116%
c [  5.42 24 23 9 11 920 1 25843 13375 1.6 22 14 9 19 64%  81 65181 139 116%
c O  5.42 24 23 9 11 920 1 25843 13375 1.6 22 14 9 19 64%  81 65181 139 116%
c -  5.47 24 23 9 12 920 1 26800 12392 1.5 22 14 9 19 63%  81 65181 139 116%
c u  5.50 24 23 9 12 920 1 26985 12539 1.5 22 14 9 19 63%  81 65181 139 116%
c v  5.52 24 23 9 12 920 1 26985 12529 1.5 22 14 9 19 63%  81 65181 139 116%
c w  5.53 24 23 9 12 920 1 26985 12528 1.5 22 14 9 19 63%  81 65181 139 116%
c x  5.55 24 23 9 12 920 1 26985 12528 1.5 22 14 9 19 63%  81 65117 139 116%
c f  5.68 24 23 9 12 920 1 26985 12528 1.5 22 14 9 19 63%  85 63835 141 118%
c u  5.71 24 23 9 12 920 1 26985 12516 1.5 22 14 9 19 63%  85 63835 141 118%
c v  5.73 24 23 9 12 920 1 26985 12516 1.5 22 14 9 19 63%  85 63835 141 118%
c w  5.74 24 23 9 12 920 1 26985 12516 1.5 22 14 9 19 63%  85 63835 141 118%
c f  5.79 24 23 9 12 920 1 26985 12516 1.5 22 14 9 19 63%  93 62211 144 120%
c -  5.98 24 23 9 13 923 1 30265 13486 1.5 22 14 9 19 61%  93 62211 144 120%
c ]  6.14 24 22 10 13 925 1 33204 15873 1.6 21 14 9 19 60%  93 62211 144 120%
c {  6.14 24 15 10 13 925 2 33204 15873 2.0 18 9 7 12 62%  93 62211 144 120%
c -  6.20 24 15 10 14 957 2 33870 14830 2.0 18 9 7 12 62%  93 62211 144 120%
c
c seconds   switched    rate         size/glue tier1    binary       remaining
c        MB   reductions  conflicts        size  tier2     irredundant
c         level    restarts     redundant    glue    trail       variables
c
c -  6.50 24 15 10 15 1297 2 37611 14651 2.0 18 9 6 12 61%  93 62211 144 120%
c u  6.80 24 15 10 15 1540 2 41419 17886 2.0 18 9 6 12 60%  93 62211 144 120%
c v  6.84 24 15 10 15 1540 2 41419 17865 2.0 18 9 6 12 60%  93 62211 144 120%
c w  6.85 24 15 10 15 1540 2 41419 17859 2.0 18 9 6 12 60%  93 62211 144 120%
c f  6.90 24 15 10 15 1540 2 41419 17859 2.0 18 9 6 12 60% 113 59757 150 125%
c u  6.93 24 15 10 15 1540 2 41419 17837 2.0 18 9 6 12 60% 113 59757 150 125%
c v  6.96 24 15 10 15 1540 2 41419 17820 2.0 18 9 6 12 60% 113 59757 150 125%
c w  6.97 24 15 10 15 1540 2 41419 17820 2.0 18 9 6 12 60% 113 59757 150 125%
c x  7.00 24 15 10 15 1540 2 41419 17820 2.0 18 9 6 12 60% 113 59703 150 125%
c f  7.05 24 15 10 15 1540 2 41419 17820 2.0 18 9 6 12 60% 148 56569 159 132%
c -  7.06 24 15 10 16 1554 2 41483 15292 2.0 18 9 6 12 60% 148 56569 159 132%
c }  7.10 24 15 11 16 1641 2 41831 15589 2.0 18 9 6 12 60% 148 56569 159 132%
c [  7.10 24 22 11 16 1641 1 41831 15589 1.6 21 14 9 19 60% 148 56569 159 132%
c B  7.10 24 22 11 16 1641 1 41831 15589 1.6 21 14 9 19 60% 148 56569 159 132%
c -  7.29 24 21 11 17 1643 1 45484 16303 1.6 21 13 9 18 60% 148 56569 159 132%
c -  7.50 24 21 11 18 1646 1 49609 17690 1.6 20 13 9 18 58% 148 56569 159 132%
c s  7.75 24 20 11 18 1647 1 52347 19991 1.6 20 13 9 18 57% 148 56555 159 132%
c ^  7.85 24 20 11 18 1647 1 52347 19991 1.6 20 13 9 18 57% 148 56555 159 132%
c o  7.85 24 20 11 18 1647 1 52347 19991 1.6 20 13 9 18 57% 148 56555 159 132%
c ]  7.90 24 21 12 18 1647 1 53369 20868 1.6 20 13 9 18 57% 148 56555 159 132%
c
c seconds   switched    rate         size/glue tier1    binary       remaining
c        MB   reductions  conflicts        size  tier2     irredundant
c         level    restarts     redundant    glue    trail       variables
c
c {  7.90 24 15 12 18 1647 2 53369 20868 2.0 18 9 6 12 60% 148 56555 159 132%
c -  7.94 24 15 12 19 1694 2 53851 18719 2.0 18 9 6 12 60% 148 56555 159 132%
c -  8.33 24 15 12 20 2166 2 58209 19804 1.9 18 9 6 12 60% 148 56555 159 132%
c u  8.44 24 15 12 20 2185 2 59239 20684 2.0 18 9 6 12 60% 148 56555 159 132%
c v  8.48 24 15 12 20 2185 2 59239 20671 2.0 18 9 6 12 60% 148 56555 159 132%
c w  8.49 24 15 12 20 2185 2 59239 20637 2.0 18 9 6 12 60% 148 56555 159 132%
c x  8.52 24 15 12 20 2185 2 59239 20637 2.0 18 9 6 12 60% 148 56421 159 132%
c f  8.78 24 15 12 20 2185 2 59239 20637 2.0 18 9 6 12 60% 340 50298 225 188%
c u  8.82 24 15 12 20 2185 2 59239 20617 2.0 18 9 6 12 60% 340 50298 225 188%
c v  8.85 24 15 12 20 2185 2 59239 20587 2.0 18 9 6 12 60% 340 50298 225 188%
c w  8.86 24 15 12 20 2185 2 59239 20520 2.0 18 9 6 12 60% 340 50298 225 188%
c x  8.89 24 15 12 20 2185 2 59239 20520 2.0 18 9 6 12 60% 340 50205 225 188%
c f  8.92 24 15 12 20 2185 2 59239 20520 2.0 18 9 6 12 60% 466 49253 279 232%
c -  9.20 24 15 12 21 2435 2 62681 20664 1.9 17 9 6 11 60% 470 49253 279 232%
c }  9.41 24 15 13 21 2639 2 64848 22483 1.9 17 9 6 11 59% 471 49253 279 232%
c [  9.41 24 21 13 21 2639 1 64848 22483 1.6 20 13 9 18 57% 471 49253 279 232%
c W  9.41 24 21 13 21 2639 1 64848 22483 1.6 20 13 9 18 57% 471 49253 279 232%
c -  9.56 24 21 13 22 2641 1 67264 21776 1.6 21 13 8 17 57% 471 49253 279 232%
c -  9.83 24 21 13 23 2644 1 71954 22964 1.6 21 13 8 18 59% 471 49253 279 232%
c - 10.13 24 22 13 24 2645 1 76749 24002 1.6 22 14 8 18 60% 471 49253 279 232%
c
c seconds   switched    rate         size/glue  tier1    binary       remaining
c        MB   reductions  conflicts        size   tier2     irredundant
c         level    restarts     redundant     glue    trail       variables
c
c I 10.31 24 22 13 24 2648 1 79752 26655 1.6 22 14 8 18 61% 471 49253 279 232%
c u 10.43 25 21 13 24 2648 1 80639 27300 1.6 22 14 8 18 61% 472 49253 279 232%
c v 10.47 26 21 13 24 2648 1 80639 27277 1.6 22 14 8 18 61% 472 49253 279 232%
c w 10.49 26 21 13 24 2648 1 80639 27246 1.6 22 14 8 18 61% 472 49253 279 232%
c x 10.53 26 21 13 24 2648 1 80639 27246 1.6 22 14 8 18 61% 472 49188 279 232%
c f 10.53 26 21 13 24 2648 1 80639 27246 1.6 22 14 8 18 61% 483 49162 282 235%
c u 10.59 26 21 13 24 2648 1 80639 27221 1.6 22 14 8 18 61% 483 49162 282 235%
c v 10.62 26 21 13 24 2648 1 80639 27178 1.6 22 14 8 18 61% 483 49162 282 235%
c w 10.64 26 21 13 24 2648 1 80639 27157 1.6 22 14 8 18 61% 483 49162 282 235%
c x 10.68 26 21 13 24 2648 1 80639 27157 1.6 22 14 8 18 61% 483 49059 282 235%
c ] 10.69 26 21 14 24 2648 1 80745 27254 1.6 22 14 8 18 61% 483 49059 282 235%
c { 10.69 26 15 14 24 2648 2 80745 27254 1.9 17 9 6 11 59% 483 49059 282 235%
c - 10.81 26 15 14 25 2747 2 81649 22475 1.9 17 9 5 11 59% 483 49059 282 235%
c i 11.08 26 14 14 25 2790 2 85864 25662 1.9 17 9 5 11 59% 496 49059 277 231%
c o 11.09 26 14 14 25 2790 2 85864 25662 1.9 17 9 5 11 59% 496 49059 277 231%
c - 11.18 26 14 14 26 2945 2 86650 18902 1.9 17 9 5 11 59% 459 49059 277 231%
c - 11.60 26 14 14 27 3186 2 91750 19466 1.9 16 9 5 11 58% 459 49059 277 231%
c } 11.90 26 14 15 27 3398 2 95461 22493 1.8 16 9 5 11 58% 463 49059 277 231%
c [ 11.90 26 21 15 27 3398 1 95461 22493 1.6 22 14 8 18 61% 463 49059 277 231%
c s 12.12 26 21 15 27 3398 1 96473 23440 1.6 22 14 8 18 61% 463 48993 277 231%
c
c seconds   switched    rate         size/glue  tier1    binary       remaining
c        MB   reductions  conflicts        size   tier2     irredundant
c         level    restarts     redundant     glue    trail       variables
c
c e 12.12 26 21 15 27 3398 1 96473 23440 1.6 22 14 8 18 61% 454 49035 263 219%
c s 12.28 26 21 15 27 3398 1 96473 23440 1.6 22 14 8 18 61% 454 49032 263 219%
c ^ 12.28 26 21 15 27 3398 1 96473 23440 1.6 22 14 8 18 61% 454 49032 263 219%
c - 12.32 26 21 15 28 3399 1 96947 19655 1.6 22 13 8 17 61% 454 49032 263 219%
c B 12.36 26 21 15 28 3400 1 97555 20182 1.6 22 13 8 17 61% 454 49032 263 219%
c - 12.63 26 22 15 29 3403 1 102239 21224 1.6 22 14 7 17 62% 454 49032 263 219%
c u 12.88 26 22 15 29 3404 1 105654 24227 1.6 22 14 7 17 63% 454 49032 263 219%
c v 12.93 26 22 15 29 3404 1 105654 24205 1.6 22 14 7 17 63% 454 49032 263 219%
c w 12.95 26 22 15 29 3404 1 105654 24176 1.6 22 14 7 17 63% 454 49032 263 219%
c x 13.00 27 22 15 29 3404 1 105654 24176 1.6 22 14 7 17 63% 454 48925 263 219%
c f 13.01 27 22 15 29 3404 1 105654 24176 1.6 22 14 7 17 63% 454 48916 264 220%
c u 13.07 27 22 15 29 3404 1 105654 24166 1.6 22 14 7 17 63% 455 48916 264 220%
c v 13.12 27 22 15 29 3404 1 105654 24157 1.6 22 14 7 17 63% 455 48916 264 220%
c w 13.15 27 22 15 29 3404 1 105654 24124 1.6 22 14 7 17 63% 455 48916 264 220%
c x 13.19 27 22 15 29 3404 1 105654 24124 1.6 22 14 7 17 63% 455 48843 264 220%
c t 13.31 27 22 15 29 3404 1 105654 24124 1.6 22 14 7 17 63% 454 48843 264 220%
c - 13.44 27 22 15 30 3404 1 107625 21879 1.6 22 14 7 17 63% 454 48843 264 220%
c - 13.78 27 22 15 31 3409 1 113104 22798 1.6 23 14 7 17 64% 454 48843 264 220%
c ] 13.90 27 23 16 31 3410 1 115295 24718 1.6 23 14 7 17 64% 454 48843 264 220%
c { 13.90 27 14 16 31 3410 2 115295 24718 1.8 16 9 5 11 58% 454 48843 264 220%
c
c seconds   switched    rate          size/glue tier1    binary       remaining
c        MB   reductions  conflicts         size  tier2     irredundant
c         level    restarts      redundant    glue    trail       variables
c
c - 14.27 27 14 16 32 3814 2 118671 21653 1.8 16 9 4 10 58% 454 48843 264 220%
c - 14.72 27 14 16 33 4048 2 124328 22176 1.8 16 9 4 10 59% 459 48842 264 220%
c o 14.90 27 14 16 33 4074 2 127267 24432 1.8 16 9 4 10 58% 463 48842 264 220%
c - 15.19 27 14 16 34 4381 2 130072 22759 1.8 16 9 4 10 58% 463 48842 264 220%
c i 15.40 27 13 16 34 4417 2 133197 25206 1.8 15 9 4 10 58% 475 48842 263 219%
c } 15.44 27 13 17 34 4432 2 133634 25560 1.8 15 8 4 10 58% 475 48842 263 219%
c [ 15.44 27 23 17 34 4432 1 133634 25560 1.6 23 14 7 17 64% 475 48842 263 219%
c W 15.46 27 23 17 34 4432 1 133634 25560 1.6 23 14 7 17 64% 454 48842 263 219%
c u 15.56 27 23 17 34 4432 1 134361 24274 1.6 23 14 7 17 65% 454 48842 263 219%
c v 15.61 27 23 17 34 4432 1 134361 24246 1.6 23 14 7 17 65% 454 48842 263 219%
c w 15.64 27 23 17 34 4432 1 134361 24169 1.6 23 14 7 17 65% 454 48842 263 219%
c x 15.69 27 23 17 34 4432 1 134361 24169 1.6 23 14 7 17 65% 454 48639 263 219%
c - 15.80 27 22 17 35 4434 1 135905 21492 1.6 23 14 6 17 65% 454 48639 263 219%
c - 16.18 27 22 17 36 4437 1 141823 22547 1.6 23 14 6 17 64% 455 48639 263 219%
c - 16.55 27 22 17 37 4440 1 147823 24713 1.6 22 14 6 17 64% 455 48639 263 219%
c - 16.97 27 21 17 38 4444 1 153907 25571 1.6 22 14 6 16 64% 456 48639 263 219%
c ] 17.11 27 21 18 38 4445 1 155664 27077 1.6 22 14 6 16 64% 456 48639 263 219%
c { 17.11 27 13 18 38 4445 2 155664 27077 1.8 15 8 4 10 58% 456 48639 263 219%
c s 17.86 27 14 18 38 5438 2 159540 30045 1.7 15 9 4 10 56% 456 48552 263 219%
c e 17.87 27 14 18 38 5438 2 159540 30045 1.7 15 9 4 10 56% 410 48747 238 198%
c
c seconds   switched    rate          size/glue tier1    binary       remaining
c        MB   reductions  conflicts         size  tier2     irredundant
c         level    restarts      redundant    glue    trail       variables
c
c s 18.12 27 14 18 38 5438 2 159540 30045 1.7 15 9 4 10 56% 410 48736 238 198%
c ^ 18.12 27 14 18 38 5438 2 159540 30045 1.7 15 9 4 10 56% 410 48736 238 198%
c - 18.18 27 14 18 39 5508 2 160072 19738 1.8 15 9 4 10 56% 410 48736 238 198%
c - 18.87 27 14 18 40 6681 2 166317 21770 1.7 15 9 4 10 55% 410 48736 238 198%
c u 18.99 27 14 18 40 6783 2 166861 22137 1.7 15 9 4 10 55% 410 48736 238 198%
c v 19.06 27 14 18 40 6783 2 166861 21923 1.7 15 9 4 10 55% 410 48736 238 198%
c w 19.09 27 14 18 40 6783 2 166861 21906 1.7 15 9 4 10 55% 410 48736 238 198%
c x 19.16 27 14 18 40 6783 2 166861 21904 1.7 15 9 4 10 55% 410 48501 238 198%
c f 19.17 27 14 18 40 6783 2 166861 21904 1.7 15 9 4 10 55% 413 48473 239 199%
c u 19.25 27 14 18 40 6783 2 166861 21856 1.7 15 9 4 10 55% 413 48473 239 199%
c v 19.32 27 14 18 40 6783 2 166861 21729 1.7 15 9 4 10 55% 413 48473 239 199%
c w 19.35 27 14 18 40 6783 2 166861 21727 1.7 15 9 4 10 55% 413 48473 239 199%
c x 19.42 27 14 18 40 6783 2 166861 21725 1.7 15 9 4 10 55% 413 47861 239 199%
c - 20.10 27 14 18 41 8073 2 172641 23350 1.7 16 9 4 11 54% 413 47861 239 199%
c o 20.64 27 14 18 41 8948 2 177283 26988 1.7 16 9 4 11 53% 413 47861 239 199%
c } 20.73 27 14 19 41 9140 2 178009 27520 1.7 16 9 4 11 53% 413 47861 239 199%
c [ 20.73 27 21 19 41 9140 1 178009 27520 1.6 22 14 6 16 64% 413 47861 239 199%
c O 20.73 27 21 19 41 9140 1 178009 27520 1.6 22 14 6 16 64% 413 47861 239 199%
c - 20.80 27 21 19 42 9140 1 179044 24510 1.6 22 14 6 16 64% 413 47861 239 199%
c - 21.31 27 21 19 43 9145 1 185525 25474 1.7 22 13 6 16 64% 413 47861 239 199%
c
c seconds   switched    rate          size/glue  tier1    binary       remaining
c        MB   reductions  conflicts         size   tier2     irredundant
c         level    restarts      redundant     glue    trail       variables
c
c - 21.76 27 21 19 44 9148 1 192082 26123 1.7 23 13 6 16 64% 413 47861 239 199%
c - 22.19 27 21 19 45 9153 1 198717 26456 1.7 23 13 6 16 65% 413 47861 239 199%
c u 22.62 27 21 19 45 9154 1 203281 30490 1.7 23 13 6 16 65% 413 47861 239 199%
c v 22.71 27 21 19 45 9154 1 203281 30324 1.7 23 13 6 16 65% 413 47861 239 199%
c w 22.74 27 21 19 45 9154 1 203281 30273 1.7 23 13 6 16 65% 413 47861 239 199%
c x 22.83 36 21 19 45 9154 1 203281 30269 1.7 23 13 6 16 65% 413 47418 239 199%
c - 23.03 31 21 19 46 9154 1 205429 26827 1.8 23 13 6 16 65% 414 47418 239 199%
c B 23.05 32 21 19 46 9154 1 205750 27097 1.8 23 13 6 16 65% 414 47418 239 199%
c - 23.53 32 21 19 47 9156 1 212214 27539 1.8 23 13 6 16 65% 414 47418 239 199%
c ] 23.64 31 21 20 47 9157 1 213937 29011 1.8 23 13 6 16 64% 414 47418 239 199%
c { 23.64 31 14 20 47 9157 2 213937 29011 1.7 16 9 4 11 53% 414 47418 239 199%
c i 23.69 32 14 20 47 9168 2 214490 29387 1.7 16 9 4 11 53% 419 47418 236 197%
c - 24.18 30 14 20 48 9502 2 219069 27687 1.7 16 9 4 11 53% 403 47418 236 197%
c i 24.41 31 14 20 48 9514 2 222353 30252 1.7 15 9 4 11 53% 406 47418 235 196%
c - 24.77 31 14 20 49 9677 2 225998 25894 1.7 15 9 4 11 53% 399 47418 235 196%
c - 25.46 32 14 20 50 9985 2 232998 27468 1.7 16 9 4 10 54% 400 47418 235 196%
c o 25.97 31 14 20 50 10167 2 238446 32089 1.7 16 9 4 10 54% 402 47418 235 196%
c i 26.09 31 14 20 50 10219 2 239693 33009 1.7 16 9 4 10 54% 408 47418 234 195%
c - 26.15 31 14 20 51 10254 2 240072 28234 1.7 16 9 4 10 54% 394 47418 234 195%
c } 26.22 31 14 21 51 10299 2 240676 28770 1.7 16 9 4 10 54% 394 47418 234 195%
c
c seconds   switched     rate          size/glue  tier1    binary       remaining
c        MB   reductions   conflicts         size   tier2     irredundant
c         level    restarts       redundant     glue    trail       variables
c
c [ 26.22 31 21 21 51 10299 1 240676 28770 1.8 23 13 6 16 64% 394 47418 234 195%
c W 26.25 27 21 21 51 10299 1 240676 28770 1.8 23 13 6 16 64% 394 47418 234 195%
c s 26.81 27 21 21 51 10301 1 243045 30821 1.7 23 13 6 16 64% 394 47254 234 195%
c e 26.81 27 21 21 51 10301 1 243045 30821 1.7 23 13 6 16 64% 362 47465 220 183%
c s 27.21 27 21 21 51 10301 1 243045 30821 1.7 23 13 6 16 64% 362 47331 220 183%
c e 27.21 27 21 21 51 10301 1 243045 30821 1.7 23 13 6 16 64% 357 47343 219 182%
c ! 27.21 27 21 21 51 10301 1 243045 30821 1.7 23 13 6 16 64% 357 47343 219 182%
c u 27.34 27 21 21 51 10301 1 243665 26868 1.7 23 13 6 16 64% 357 47343 219 182%
c v 27.43 27 21 21 51 10301 1 243665 26830 1.7 23 13 6 16 64% 357 47343 219 182%
c w 27.46 27 21 21 51 10301 1 243665 26758 1.7 23 13 6 16 64% 357 47343 219 182%
c x 27.54 28 21 21 51 10301 1 243665 26757 1.7 23 13 6 16 64% 357 47018 219 182%
c t 27.55 28 21 21 51 10301 1 243665 26757 1.7 23 13 6 16 64% 355 47018 219 182%
c f 27.55 28 21 21 51 10301 1 243665 26757 1.7 23 13 6 16 64% 360 46979 221 184%
c u 27.65 28 21 21 51 10301 1 243665 26694 1.7 23 13 6 16 64% 360 46979 221 184%
c v 27.75 28 21 21 51 10301 1 243665 26638 1.7 23 13 6 16 64% 360 46979 221 184%
c w 27.78 28 21 21 51 10301 1 243665 26623 1.7 23 13 6 16 64% 360 46979 221 184%
c x 27.86 28 21 21 51 10301 1 243665 26623 1.7 23 13 6 16 64% 360 46510 221 184%
c - 28.65 28 21 21 52 10304 1 247216 26178 1.7 22 13 6 16 64% 360 46510 221 184%
c - 29.13 28 20 21 53 10307 1 254427 28452 1.8 22 13 5 15 64% 360 46510 221 184%
c - 29.66 28 20 21 54 10312 1 261708 30469 1.8 22 12 5 15 65% 361 46510 221 184%
c
c seconds   switched     rate          size/glue  tier1    binary       remaining
c        MB   reductions   conflicts         size   tier2     irredundant
c         level    restarts       redundant     glue    trail       variables
c
c - 30.23 28 20 21 55 10313 1 269056 31699 1.8 22 12 5 15 65% 361 46510 221 184%
c ] 30.47 28 20 22 55 10313 1 272287 34597 1.8 22 12 5 15 65% 361 46510 221 184%
c { 30.47 28 14 22 55 10313 2 272287 34597 1.7 16 9 4 10 54% 361 46510 221 184%
c i 30.58 28 14 22 55 10320 2 273576 35688 1.8 16 9 4 10 55% 371 46510 220 183%
c - 30.85 28 14 22 56 10320 2 276472 32397 1.8 16 9 4 10 55% 356 46510 220 183%
c - 31.47 28 13 22 57 10325 2 283955 34408 1.8 16 9 4 10 56% 358 46510 220 183%
c u 31.93 28 13 22 57 10329 2 288141 37965 1.9 16 8 4 10 57% 360 46445 220 183%
c v 32.04 28 13 22 57 10329 2 288141 37754 1.9 16 8 4 10 57% 361 46445 220 183%
c w 32.08 28 13 22 57 10329 2 288141 37727 1.9 16 8 4 10 57% 362 46445 220 183%
c x 32.18 28 13 22 57 10329 2 288141 37725 1.9 16 8 4 10 57% 362 45574 220 183%
c t 32.19 28 13 22 57 10329 2 288141 37725 1.9 16 8 4 10 57% 359 45574 220 183%
c - 32.43 28 13 22 58 10329 2 291505 36120 1.9 16 8 4 10 57% 359 45574 220 183%
c i 33.05 28 13 22 58 10339 2 298775 42442 1.9 16 8 4 10 58% 371 45574 218 182%
c - 33.09 28 13 22 59 10339 2 299121 34090 1.9 16 8 3 9 58% 358 45574 218 182%
c i 33.30 28 13 22 59 10341 2 301717 36262 2.0 16 8 3 9 58% 365 45574 216 180%
c } 33.47 28 13 23 59 10345 2 303804 38208 2.0 16 8 3 9 58% 365 45574 216 180%
c [ 33.47 28 20 23 59 10345 1 303804 38208 1.8 22 12 5 15 65% 365 45574 216 180%
c I 33.47 28 20 23 59 10345 1 303804 38208 1.8 22 12 5 15 65% 365 45574 216 180%
c i 33.61 28 19 23 59 10346 1 305773 39687 1.8 22 12 5 15 65% 369 45574 215 179%
c - 33.71 28 19 23 60 10347 1 306802 31140 1.8 22 12 5 15 65% 350 45515 215 179%
c
c seconds   switched     rate          size/glue  tier1    binary       remaining
c        MB   reductions   conflicts         size   tier2     irredundant
c         level    restarts       redundant     glue    trail       variables
c
c i 33.94 28 19 23 60 10349 1 309640 33384 1.9 22 12 5 15 65% 355 45515 208 173%
c o 33.95 28 19 23 60 10349 1 309640 33384 1.9 22 12 5 15 65% 355 45515 208 173%
c - 34.27 28 19 23 61 10351 1 314547 26020 1.9 22 12 5 15 65% 318 45515 208 173%
c - 34.81 28 20 23 62 10356 1 322359 28381 1.9 23 12 5 15 66% 318 45515 208 173%
c - 35.39 28 19 23 63 10359 1 330234 31113 1.9 23 12 5 14 66% 318 45515 208 173%
c i 35.72 28 19 23 63 10359 1 334625 34880 1.9 22 12 5 14 66% 324 45515 196 163%
c i 35.73 28 19 23 63 10359 1 334892 35041 1.9 22 12 5 14 66% 327 45515 193 161%
c i 35.80 28 19 23 63 10359 1 335634 35602 1.9 22 12 5 14 66% 332 45515 191 159%
c i 35.83 28 19 23 63 10359 1 335965 35842 1.9 22 12 5 14 66% 337 45515 172 143%
c i 35.83 28 19 23 63 10359 1 335993 35857 1.9 22 12 5 14 66% 340 45515 168 140%
c i 35.83 28 19 23 63 10359 1 335997 35858 1.9 22 12 5 14 66% 342 45515 166 138%
c i 35.83 28 19 23 63 10359 1 336009 35858 1.9 22 12 5 14 66% 350 45515 158 132%
c i 35.83 28 19 23 63 10359 1 336010 35858 1.9 22 12 5 14 66% 350 45515 157 131%
c i 35.83 28 19 23 63 10359 1 336020 35862 1.9 22 12 5 14 66% 354 45515 156 130%
c i 35.83 28 19 23 63 10359 1 336021 35862 1.9 22 12 5 14 66% 354 45515 154 128%
c i 35.83 28 19 23 63 10359 1 336024 35862 1.9 22 12 5 14 66% 355 45515 148 123%
c ] 35.83 28 19 23 63 10359 1 336026 35862 1.9 22 12 5 14 66% 355 45515 97 81%
c 0 35.83 28 13 23 63 10359 2 336026 35862 2.0 16 8 3 9 58% 355 45515 97 81%
c
c ---- [ result ] ------------------------------------------------------------
c
s UNSATISFIABLE
c
c ---- [ profiling ] ---------------------------------------------------------
c
c          25.62   71.50 %  search
c          13.20   36.83 %  focused
c          12.42   34.67 %  stable
c           8.09   22.58 %  probe
c           6.82   19.03 %  simplify
c           3.59   10.01 %  factor
c           3.34    9.32 %  preprocess
c           3.25    9.07 %  vivify
c           2.01    5.61 %  eliminate
c           1.97    5.49 %  subsume
c           0.99    2.75 %  sweep
c           0.23    0.64 %  substitute
c           0.18    0.50 %  reduce
c           0.06    0.16 %  walking
c           0.04    0.11 %  parse
c           0.03    0.08 %  congruence
c           0.02    0.05 %  lucky
c           0.01    0.02 %  transitive
c           0.00    0.00 %  backbone
c =============================================
c          35.83  100.00 %  total
c
c ---- [ statistics ] --------------------------------------------------------
c
c conflicts:                           336026             9377.95 per second
c decisions:                           515425                1.53 per conflict
c eliminated:                              54               45 %  variables
c factored:                               166              138 %  variables
c iterations:                              22               18 %  variables
c propagations:                      12625297           352352    per second
c reductions:                              63             5334    interval
c reordered:                                8            42003    interval
c rephased:                                15            22402    interval
c restarts:                             10359               32    interval
c strengthened:                             4                0 %  checks
c subsumed:                             18781                0 %  checks
c switched:                                23            14610    interval
c vivified:                             10657               20 %  checks
c walks:                                    5            67205    interval
c
c ---- [ glue usage ] --------------------------------------------------------
c
c focused glue 3   used 63464 clauses 14.35% accumulated 51.46% tier1
c focused glue 4   used 46794 clauses 10.58% accumulated 62.04%
c focused glue 5-7 used 88975 clauses 20.12% accumulated 82.17%
c focused glue 8   used 20557 clauses  4.65% accumulated 86.82%
c focused glue 9   used 16128 clauses  3.65% accumulated 90.46% tier2
c
c stable glue 4    used  57357 clauses  8.01% accumulated 50.56% tier1
c stable glue 5    used  46105 clauses  6.44% accumulated 57.00%
c stable glue 6-12 used 207475 clauses 28.98% accumulated 85.98%
c stable glue 13   used  17304 clauses  2.42% accumulated 88.40%
c stable glue 14   used  15306 clauses  2.14% accumulated 90.53% tier2
c
c ---- [ resources ] ---------------------------------------------------------
c
c maximum-resident-set-size:         36745216 bytes         35 MB
c process-time:                            36s              35.83 seconds
c
c ---- [ shutting down ] -----------------------------------------------------
c
c exit 20
