c ---- [ banner ] ------------------------------------------------------------
c
c Kissat SAT Solver
c 
c Copyright (c) 2021-2024 Armin Biere University of Freiburg
c Copyright (c) 2019-2021 Armin Biere Johannes Kepler University Linz
c 
c Version 4.0.4 8af8e56f174b778aef3aa45af9f739b2a5f492c2
c gcc (Ubuntu 13.3.0-6ubuntu2~24.04.1) 13.3.0 -W -Wall -O3 -DNDEBUG
c Wed Apr 15 16:07:08 EEST 2026 Linux cluster-4 6.17.0-14-generic x86_64
c
c ---- [ parsing ] -----------------------------------------------------------
c
c opened and reading DIMACS file:
c
c   tmp.cnf
c
c parsed 'p cnf 136 413270' header
c closing input after reading 11326461 bytes (11 MB)
c finished parsing after 0.10 seconds
c
c ---- [ solving ] -----------------------------------------------------------
c
c seconds switched rate     size/glue tier1 binary        remaining
c        MB reductions conflicts size  tier2   irredundant
c         level restarts redundant glue  trail        variables
c
c *  0.10 28 0 0 0  0 0   0   0 0.0 0 0 0 0 0%   0 413270 136 100%
c (  0.14 40 0 0 0  0 0   0   0 0.0 0 0 0 0 0%   0 413270 136 100%
c .  0.14 40 0 0 0  0 0   0   0 0.0 0 0 0 0 0%   0 413270 136 100%
c f  3.20 28 0 0 0  0 0   0   0 0.0 0 0 0 0 0%   9 388388 138 101%
c )  3.21 35 0 0 0  0 0   0   0 0.0 0 0 0 0 0%   9 388388 138 101%
c {  3.23 39 0 0 0  0 0   0   0 0.0 0 0 2 6 0%   9 388388 138 101%
c -  3.50 43 16 0 1 14 1 1000 618 1.5 17 11 10 15 44%   9 388388 138 101%
c }  3.50 43 16 1 1 14 1 1000 618 1.5 17 11 10 15 44%   9 388388 138 101%
c [  3.50 43 0 1 1 14 0 1000 618 0.0 0 0 2 6 0%   9 388388 138 101%
c B  3.50 43 11 1 1 14 0 1002 620 3.2 18 6 2 6 53%   9 388388 138 101%
c -  3.64 44 21 1 2 14 1 2000 1414 1.4 19 14 13 19 45%   9 388388 138 101%
c W  3.68 40 21 1 2 14 1 2004 1417 1.4 19 14 13 19 45%   9 388388 138 101%
c u  3.79 41 21 1 2 15 1 2658 1916 1.3 20 15 13 19 44%   9 388388 138 101%
c v  3.81 41 21 1 2 15 1 2658 1893 1.3 20 15 13 19 44%   9 388388 138 101%
c w  3.83 41 21 1 2 15 1 2658 1889 1.3 20 15 13 19 44%   9 388388 138 101%
c x  3.86 42 21 1 2 15 1 2658 1889 1.3 20 15 13 19 44%   9 388292 138 101%
c ]  3.94 42 21 2 2 15 1 2812 2005 1.3 19 15 13 19 44%   9 388292 138 101%
c {  3.94 42 16 2 2 15 1 2812 2005 1.5 17 11 10 15 44%   9 388292 138 101%
c -  4.05 42 16 2 3 15 1 3414 2336 1.5 17 11 10 14 44%   9 388292 138 101%
c }  4.17 44 16 3 3 68 1 3812 2646 1.4 16 11 10 14 43%   9 388292 138 101%
c
c seconds  switched rate       size/glue  tier1     binary        remaining
c        MB reductions conflicts     size    tier2     irredundant
c         level restarts  redundant     glue     trail        variables
c
c [  4.17 44 21 3 3 68 1 3812 2646 1.3 19 15 13 19 44%   9 388292 138 101%
c I  4.24 44 20 3 3 68 1 4264 2999 1.3 19 14 13 19 42%   9 388292 138 101%
c ]  4.37 45 18 4 3 69 1 5075 3576 1.4 17 13 13 19 41%   9 388292 138 101%
c {  4.37 45 16 4 3 69 1 5075 3576 1.4 16 11 10 14 43%   9 388292 138 101%
c -  4.39 45 16 4 4 69 1 5146 3332 1.5 16 11 10 14 43%   9 388292 138 101%
c -  4.79 40 14 4 5 106 1 7146 4032 1.5 15 10 8 13 40%   9 388292 138 101%
c }  4.85 42 14 5 5 107 1 7429 4245 1.5 15 10 8 13 40%   9 388292 138 101%
c [  4.85 42 18 5 5 107 1 7429 4245 1.4 17 13 13 19 41%   9 388292 138 101%
c B  4.95 43 19 5 5 107 1 8038 4742 1.4 18 13 13 19 42%   9 388292 138 101%
c u  5.09 40 19 5 5 107 1 8183 4856 1.4 18 13 13 19 42%   9 388292 138 101%
c v  5.13 41 19 5 5 107 1 8183 4853 1.4 18 13 13 19 42%   9 388292 138 101%
c w  5.16 42 19 5 5 107 1 8183 4852 1.4 18 13 13 19 42%   9 388292 138 101%
c x  5.20 42 19 5 5 107 1 8183 4852 1.4 18 13 13 19 42%   9 388055 138 101%
c -  5.52 46 18 5 6 108 1 9383 4779 1.4 17 13 10 17 42%   9 388055 138 101%
c ]  5.58 46 18 6 6 109 1 9777 5046 1.4 17 13 10 17 41%   9 388055 138 101%
c {  5.58 46 14 6 6 109 1 9777 5046 1.5 15 10 8 13 40%   9 388055 138 101%
c -  6.00 46 13 6 7 109 1 11835 5882 1.5 14 9 8 12 40%   9 388055 138 101%
c ^  6.52 47 12 6 7 109 1 13281 6971 1.6 14 9 8 12 39%   9 388055 138 101%
c o  6.54 47 12 6 7 109 1 13281 6971 1.6 14 9 8 12 39%   9 388055 138 101%
c }  6.67 48 12 7 7 109 1 13847 7474 1.6 14 9 8 12 40%   9 388055 138 101%
c
c seconds  switched  rate        size/glue  tier1     binary        remaining
c        MB reductions conflicts       size    tier2     irredundant
c         level restarts    redundant     glue     trail        variables
c
c [  6.67 48 18 7 7 109 1 13847 7474 1.4 17 13 10 17 41%   9 388055 138 101%
c W  6.71 40 18 7 7 109 1 13847 7474 1.4 17 13 10 17 41%   9 388055 138 101%
c -  6.80 41 18 7 8 109 1 14480 7008 1.4 17 13 10 17 42%   9 388055 138 101%
c u  7.23 43 17 7 8 111 1 16764 8517 1.4 16 12 10 17 41%   9 388055 138 101%
c v  7.29 44 17 7 8 111 1 16764 8510 1.4 16 12 10 17 41%   9 388055 138 101%
c w  7.31 44 17 7 8 111 1 16764 8338 1.4 16 12 10 17 41%   9 388055 138 101%
c x  7.37 45 17 7 8 111 1 16764 8338 1.4 16 12 10 17 41%   9 387554 138 101%
c -  7.55 45 16 7 9 111 1 17308 7939 1.4 16 12 9 16 41%   9 387554 138 101%
c i  7.71 46 16 7 9 112 1 18024 8361 1.4 16 12 9 16 40%  12 387554 137 101%
c ]  7.82 46 16 8 9 112 1 18597 8835 1.4 16 12 9 16 41%  12 387554 137 101%
c {  7.82 46 12 8 9 112 1 18597 8835 1.6 14 9 8 12 40%  12 387554 137 101%
c -  8.29 45 12 8 10 345 1 20309 4634 1.6 14 9 7 12 40%   9 387554 137 101%
c o  9.06 45 12 8 10 494 1 23310 6841 1.6 14 9 7 12 40%   9 387554 137 101%
c -  9.12 46 12 8 11 523 1 23472 6570 1.6 14 9 7 12 40%   9 387554 137 101%
c }  9.56 44 12 9 11 624 1 24757 7563 1.6 14 9 7 12 41%   9 387554 137 101%
c [  9.56 44 16 9 11 624 1 24757 7563 1.4 16 12 9 16 41%   9 387554 137 101%
c O  9.56 44 16 9 11 624 1 24757 7563 1.4 16 12 9 16 41%   9 387554 137 101%
c ^ 10.22 47 16 9 11 625 1 26564 8877 1.4 16 12 9 16 41%   9 375695 137 101%
c - 10.27 47 16 9 12 625 1 26788 8209 1.4 16 12 9 16 42%   9 375695 137 101%
c u 10.68 44 16 9 12 626 1 28585 9716 1.5 17 12 9 16 43%   9 375695 137 101%
c
c seconds  switched   rate        size/glue  tier1    binary        remaining
c        MB  reductions conflicts       size   tier2     irredundant
c         level  restarts    redundant     glue    trail        variables
c
c v 10.78 45 16 9 12 626 1 28585 9659 1.5 17 12 9 16 43%   9 375695 137 101%
c w 10.81 45 16 9 12 626 1 28585 9633 1.5 17 12 9 16 43%   9 375695 137 101%
c x 10.87 45 16 9 12 626 1 28585 9633 1.5 17 12 9 16 43%   9 375126 137 101%
c - 11.23 46 17 9 13 628 1 30253 9668 1.4 17 12 9 16 44%   9 375126 137 101%
c ] 11.67 46 17 10 13 630 1 33251 12025 1.4 18 12 9 16 44%   9 375126 137 101%
c { 11.67 46 12 10 13 630 1 33251 12025 1.6 14 9 7 12 41%   9 375126 137 101%
c - 11.86 40 12 10 14 656 1 33858 10782 1.6 14 9 7 12 41%   9 375126 137 101%
c - 12.80 46 12 10 15 910 1 37599 11813 1.6 14 9 7 12 41%  10 375126 137 101%
c - 13.85 43 12 10 16 1242 1 41471 12548 1.6 14 9 7 12 41%  13 375125 137 101%
c } 13.92 43 12 11 16 1242 1 41878 12782 1.6 14 8 7 12 40%  14 375125 137 101%
c [ 13.92 43 17 11 16 1242 1 41878 12782 1.4 18 12 9 16 44%  14 375125 137 101%
c B 13.92 43 17 11 16 1242 1 41878 12782 1.4 18 12 9 16 44%  14 375125 137 101%
c u 14.43 44 17 11 16 1243 1 43761 14155 1.4 18 13 9 16 45%  14 375125 137 101%
c v 14.54 45 17 11 16 1243 1 43761 14125 1.4 18 13 9 16 45%  14 375125 137 101%
c w 14.58 45 17 11 16 1243 1 43761 14062 1.4 18 13 9 16 45%  14 375125 137 101%
c x 14.65 45 17 11 16 1243 1 43761 14062 1.4 18 13 9 16 45%  14 374436 137 101%
c o 14.80 46 17 11 16 1243 1 43761 14062 1.4 18 13 9 16 45%  14 374436 137 101%
c - 15.06 47 18 11 17 1244 1 45471 13679 1.4 19 13 10 18 46%  14 374436 137 101%
c - 15.52 47 21 11 18 1247 1 49594 14713 1.4 20 14 10 19 47%  14 374436 137 101%
c - 15.98 47 22 11 19 1248 1 53836 15240 1.4 21 15 11 21 48%  14 374436 137 101%
c
c seconds   switched    rate         size/glue  tier1     binary        remaining
c        MB   reductions  conflicts        size    tier2     irredundant
c         level    restarts     redundant     glue     trail        variables
c
c W 16.07 40 22 11 19 1248 1 54100 15476 1.4 21 15 11 21 48%  14 374436 137 101%
c s 16.43 44 23 11 19 1249 1 55276 16482 1.4 21 16 11 21 48%  14 372978 137 101%
c ^ 16.66 44 23 11 19 1249 1 55276 16482 1.4 21 16 11 21 48%  14 372978 137 101%
c ] 16.94 45 23 12 19 1251 1 57072 17914 1.3 21 16 11 21 48%  14 372978 137 101%
c { 16.94 45 12 12 19 1251 1 57072 17914 1.6 14 8 7 12 40%  14 372978 137 101%
c - 17.31 44 12 12 20 1458 1 58196 16239 1.6 14 9 7 12 41%  14 372978 137 101%
c u 18.64 48 12 12 20 1883 2 62433 19566 1.6 14 9 7 12 41%  14 372978 137 101%
c v 18.74 49 12 12 20 1883 2 62433 19522 1.6 14 9 7 12 41%  14 372978 137 101%
c w 18.78 49 12 12 20 1883 2 62433 19522 1.6 14 9 7 12 41%  14 372978 137 101%
c x 18.86 49 12 12 20 1883 2 62433 19522 1.6 14 9 7 12 41%  14 372229 137 101%
c - 19.02 41 12 12 21 1906 2 62668 17434 1.6 14 9 7 12 41%  14 372229 137 101%
c - 20.21 41 12 12 22 2243 2 67251 18474 1.6 14 9 7 12 41%  17 372229 137 101%
c } 20.52 47 12 13 22 2340 2 68551 19436 1.6 14 9 7 12 41%  17 372229 137 101%
c [ 20.52 47 23 13 22 2340 1 68551 19436 1.3 21 16 11 21 48%  17 372229 137 101%
c I 20.60 47 23 13 22 2340 1 69007 19759 1.4 21 16 11 21 48%  17 372229 137 101%
c - 21.13 48 22 13 23 2342 1 71941 19826 1.4 20 15 10 22 47%  17 372229 137 101%
c i 21.93 45 21 13 23 2345 1 76264 22903 1.4 20 14 10 22 46%  21 372229 136 100%
c o 21.94 45 21 13 23 2345 1 76264 22903 1.4 20 14 10 22 46%  21 372229 136 100%
c - 22.01 45 21 13 24 2345 1 76736 15129 1.4 20 14 10 21 46%  17 372229 136 100%
c - 22.81 47 20 13 25 2347 1 81634 18253 1.4 19 14 10 20 46%  17 372229 136 100%
c
c seconds   switched    rate         size/glue  tier1     binary        remaining
c        MB   reductions  conflicts        size    tier2     irredundant
c         level    restarts     redundant     glue     trail        variables
c
c u 23.50 45 20 13 25 2349 1 84718 20563 1.4 19 13 10 20 45%  16 361421 136 100%
c v 23.68 47 20 13 25 2349 1 84718 20046 1.4 19 13 10 20 45%  16 361421 136 100%
c w 23.73 47 20 13 25 2349 1 84718 19919 1.4 19 13 10 20 45%  16 361421 136 100%
c x 23.85 47 20 13 25 2349 1 84718 19919 1.4 19 13 10 20 45%  16 361195 136 100%
c ] 24.09 40 20 14 25 2349 1 85303 20351 1.4 19 13 10 20 45%  16 361195 136 100%
c { 24.09 40 12 14 25 2349 2 85303 20351 1.6 14 9 7 12 41%  16 361195 136 100%
c - 24.47 38 12 14 26 2422 2 86635 20849 1.6 14 9 7 12 41%  16 361195 136 100%
c i 25.45 46 12 14 26 2464 2 91504 24086 1.6 13 8 7 12 41%  23 361195 135 99%
c - 25.54 47 12 14 27 2488 2 91734 18681 1.6 13 8 7 12 41%  15 361194 135 99%
c - 26.90 45 12 14 28 3112 2 96930 20666 1.6 14 9 7 12 41%  16 361193 135 99%
c } 27.66 39 12 15 28 3357 2 100020 22943 1.6 14 9 7 12 41%  18 361193 135 99%
c [ 27.66 39 20 15 28 3357 1 100020 22943 1.4 19 13 10 20 45%  18 361193 135 99%
c B 27.66 39 20 15 28 3357 1 100020 22943 1.4 19 13 10 20 45%  18 361193 135 99%
c s 28.35 44 19 15 28 3358 1 101494 24129 1.4 19 13 10 20 45%  18 345751 135 99%
c s 28.68 46 19 15 28 3358 1 101494 24129 1.4 19 13 10 20 45%  18 345680 135 99%
c ^ 28.70 46 19 15 28 3358 1 101494 24129 1.4 19 13 10 20 45%  18 345680 135 99%
c - 28.82 47 19 15 29 3359 1 102221 23923 1.4 19 13 9 20 45%  18 345680 135 99%
c - 29.70 43 19 15 30 3362 1 107606 26145 1.4 19 13 9 19 46%  18 345680 135 99%
c u 30.43 45 19 15 30 3363 1 110697 28410 1.4 19 13 9 19 46%  18 345680 135 99%
c v 30.63 45 19 15 30 3363 1 110697 28294 1.4 19 13 9 19 46%  18 345680 135 99%
c
c seconds   switched    rate          size/glue  tier1    binary        remaining
c        MB   reductions  conflicts         size   tier2     irredundant
c         level    restarts      redundant     glue    trail        variables
c
c w 30.70 45 19 15 30 3363 1 110697 28047 1.4 19 13 9 19 46%  18 345680 135 99%
c x 30.84 46 19 15 30 3363 1 110697 28047 1.4 19 13 9 19 46%  18 345487 135 99%
c - 31.46 46 19 15 31 3364 1 113083 27554 1.4 19 13 9 19 46%  18 345487 135 99%
c - 32.30 46 19 15 32 3368 1 118650 28749 1.4 19 13 9 19 46%  18 345487 135 99%
c ] 32.46 46 19 16 32 3369 1 120067 29803 1.4 19 13 9 19 46%  18 345487 135 99%
c { 32.46 46 12 16 32 3369 2 120067 29803 1.6 14 9 7 12 41%  18 345487 135 99%
c o 32.54 47 12 16 32 3457 2 120435 30064 1.6 14 9 7 12 41%  18 345487 135 99%
c - 33.40 46 12 16 33 3590 2 124308 29526 1.6 13 9 7 12 41%  22 345487 135 99%
c i 33.50 46 12 16 33 3590 2 125007 29869 1.6 13 8 7 12 41%  33 345487 134 99%
c - 34.84 43 12 16 34 3958 2 130052 25011 1.6 13 8 7 12 41%  17 345487 134 99%
c i 35.54 45 12 16 34 4020 2 133639 27301 1.6 13 8 7 11 40%  27 345487 133 98%
c - 35.97 43 12 16 35 4145 2 135883 19917 1.6 13 8 6 11 40%  17 345487 133 98%
c i 36.20 44 12 16 35 4145 1 137358 20737 1.5 13 8 6 11 40%  33 345487 132 97%
c } 36.47 40 12 17 35 4219 2 138404 21630 1.6 13 8 6 11 40%  33 345487 132 97%
c [ 36.47 40 19 17 35 4219 1 138404 21630 1.4 19 13 9 19 46%  33 345487 132 97%
c W 36.53 40 19 17 35 4219 1 138404 21630 1.4 19 13 9 19 46%  16 316513 132 97%
c u 37.10 41 19 17 35 4220 1 140396 18941 1.4 18 13 9 19 46%  16 316513 132 97%
c v 37.32 59 19 17 35 4220 1 140396 18862 1.4 18 13 9 19 46%  16 316513 132 97%
c w 37.38 59 19 17 35 4220 1 140396 18751 1.4 18 13 9 19 46%  16 316513 132 97%
c x 37.54 60 19 17 35 4220 1 140396 18750 1.4 18 13 9 19 46%  16 316191 132 97%
c
c seconds   switched    rate          size/glue  tier1    binary        remaining
c        MB   reductions  conflicts         size   tier2     irredundant
c         level    restarts      redundant     glue    trail        variables
c
c - 37.94 60 19 17 36 4221 1 141800 17694 1.4 18 13 9 18 46%  16 316191 132 97%
c - 38.77 61 19 17 37 4225 1 147802 21154 1.4 18 13 9 18 46%  16 316191 132 97%
c - 39.73 62 18 17 38 4228 1 153884 23163 1.4 18 13 9 18 46%  16 316191 132 97%
c - 40.76 58 18 17 39 4232 1 160049 24275 1.4 18 13 9 18 46%  16 316191 132 97%
c O 41.08 58 18 17 39 4232 1 162629 26149 1.4 18 13 9 18 46%  16 316191 132 97%
c ] 41.22 58 18 18 39 4233 1 163598 26789 1.4 18 13 9 18 46%  16 316191 132 97%
c { 41.22 58 12 18 39 4233 2 163598 26789 1.6 13 8 6 11 40%  16 316191 132 97%
c - 41.84 60 12 18 40 4572 1 166296 24845 1.5 13 8 6 11 40%  16 316191 132 97%
c s 42.40 62 12 18 40 4670 2 166760 25183 1.5 13 8 6 11 40%  16 276522 132 97%
c s 42.84 62 12 18 40 4670 2 166760 25183 1.5 13 8 6 11 40%  16 263891 132 97%
c ^ 42.86 62 12 18 40 4670 2 166760 25183 1.5 13 8 6 11 40%  16 263891 132 97%
c o 43.68 56 12 18 40 5286 2 170471 27898 1.5 13 8 6 11 40%  16 263891 132 97%
c - 44.23 57 12 18 41 5742 2 172622 26097 1.5 13 9 7 11 40%  16 263891 132 97%
c u 44.70 60 12 18 41 5932 2 173784 26877 1.5 13 9 7 11 40%  16 263891 132 97%
c v 44.86 61 12 18 41 5932 2 173784 26547 1.5 13 9 7 11 40%  16 263891 132 97%
c w 44.92 61 12 18 41 5932 2 173784 25546 1.5 13 9 7 11 40%  16 263891 132 97%
c x 45.06 61 12 18 41 5932 2 173784 25546 1.5 13 9 7 11 40%  16 263388 132 97%
c f 45.22 43 12 18 41 5932 2 173784 25546 1.5 13 9 7 11 40%  20 260814 133 98%
c u 45.43 56 12 18 41 5932 2 173784 25502 1.5 13 9 7 11 40%  20 260814 133 98%
c v 45.60 57 12 18 41 5932 2 173784 25432 1.5 13 9 7 11 40%  20 260814 133 98%
c
c seconds   switched    rate          size/glue tier1    binary        remaining
c        MB   reductions  conflicts         size  tier2     irredundant
c         level    restarts      redundant    glue    trail        variables
c
c w 45.66 57 12 18 41 5932 2 173784 25423 1.5 13 9 7 11 40%  20 260814 133 98%
c x 45.82 57 12 18 41 5932 2 173784 25423 1.5 13 9 7 11 40%  20 260573 133 98%
c f 45.98 43 12 18 41 5932 2 173784 25423 1.5 13 9 7 11 40%  22 258489 134 99%
c - 47.16 53 12 18 42 6818 2 179025 26294 1.5 13 9 7 12 40%  22 258489 134 99%
c - 48.67 53 12 18 43 7728 2 185506 27595 1.5 13 9 7 12 40%  22 258489 134 99%
c } 48.80 57 12 19 43 7832 2 185944 27922 1.5 13 9 7 12 40%  22 258489 134 99%
c [ 48.80 57 18 19 43 7832 1 185944 27922 1.4 18 13 9 18 46%  22 258489 134 99%
c B 49.56 57 18 19 43 7835 1 190369 31239 1.4 18 13 9 18 46%  22 258489 134 99%
c - 49.82 58 18 19 44 7836 1 192064 29090 1.4 18 13 9 17 46%  22 258489 134 99%
c - 50.66 54 17 19 45 7839 1 198698 30325 1.4 18 13 9 17 46%  22 258489 134 99%
c - 51.61 58 17 19 46 7844 1 205406 31083 1.4 17 12 9 17 45%  24 258489 134 99%
c i 51.71 58 17 19 46 7844 1 206300 31621 1.4 17 12 9 17 45%  26 258489 133 98%
c u 52.51 58 16 19 46 7845 1 210656 24924 1.4 17 12 9 17 45%  27 245618 133 98%
c v 52.69 58 16 19 46 7845 1 210656 24891 1.4 17 12 9 17 45%  27 245618 133 98%
c w 52.75 58 16 19 46 7845 1 210656 24852 1.4 17 12 9 17 45%  27 245618 133 98%
c x 52.89 59 16 19 46 7845 1 210656 24849 1.4 17 12 9 17 45%  27 245425 133 98%
c f 53.05 43 16 19 46 7845 1 210656 24849 1.4 17 12 9 17 45%  30 242629 134 99%
c u 53.27 56 16 19 46 7845 1 210656 24798 1.4 17 12 9 17 45%  30 242629 134 99%
c v 53.45 57 16 19 46 7845 1 210656 24694 1.4 17 12 9 17 45%  30 242629 134 99%
c w 53.51 57 16 19 46 7845 1 210656 24603 1.4 17 12 9 17 45%  30 242629 134 99%
c
c seconds   switched    rate          size/glue  tier1    binary        remaining
c        MB   reductions  conflicts         size   tier2     irredundant
c         level    restarts      redundant     glue    trail        variables
c
c x 53.66 58 16 19 46 7845 1 210656 24600 1.4 17 12 9 17 45%  30 241524 134 99%
c f 53.84 43 16 19 46 7845 1 210656 24600 1.4 17 12 9 17 45%  37 237769 136 100%
c - 54.07 55 16 19 47 7846 1 212188 23793 1.4 17 12 8 16 45%  33 237769 136 100%
c i 54.53 56 16 19 47 7846 1 216204 26511 1.4 17 12 8 16 45%  39 237769 135 99%
c - 54.95 54 16 19 48 7846 1 219043 21864 1.4 16 12 8 16 45%  34 237769 135 99%
c ] 55.17 54 16 20 48 7848 1 221197 23534 1.4 16 12 8 16 45%  34 237769 135 99%
c { 55.17 54 12 20 48 7848 2 221197 23534 1.5 13 9 7 12 40%  34 237769 135 99%
c i 55.48 56 12 20 48 7858 2 223658 25203 1.5 13 9 7 12 40%  36 237769 134 99%
c - 55.77 57 12 20 49 7863 2 225972 21742 1.5 13 9 6 11 40%  42 237769 134 99%
c i 55.91 52 12 20 49 7865 2 227227 22545 1.5 13 9 6 11 40%  46 237769 132 97%
c i 55.93 53 12 20 49 7865 2 227299 22595 1.5 13 9 6 11 40%  48 237769 130 96%
c i 56.08 54 12 20 49 7865 2 228580 23465 1.5 13 9 6 11 40%  63 237769 129 95%
c i 56.15 55 12 20 49 7866 2 229155 23881 1.5 13 9 6 11 40%  74 237769 125 92%
c i 56.16 55 12 20 49 7866 2 229243 23929 1.5 13 9 6 11 40%  77 237769 116 85%
c i 56.16 55 12 20 49 7866 2 229260 23933 1.5 13 9 6 11 40%  81 237769 108 79%
c i 56.16 55 12 20 49 7866 2 229261 23933 1.5 13 9 6 11 40%  81 237769 106 78%
c i 56.16 55 12 20 49 7866 2 229263 23933 1.5 13 9 6 11 40%  82 237769 103 76%
c } 56.16 55 12 20 49 7866 2 229270 23937 1.5 13 9 6 11 40%  83 237769 69 51%
c 0 56.16 55 12 20 49 7866 2 229270 23937 1.5 13 9 6 11 40%  83 237769 69 51%
c
c ---- [ result ] ------------------------------------------------------------
c
s UNSATISFIABLE
c
c ---- [ profiling ] ---------------------------------------------------------
c
c          42.77   76.16 %  search
c          22.71   40.44 %  focused
c          20.06   35.73 %  stable
c          10.58   18.84 %  probe
c          10.15   18.08 %  simplify
c           5.45    9.71 %  vivify
c           4.35    7.74 %  factor
c           3.07    5.47 %  preprocess
c           2.48    4.42 %  eliminate
c           2.27    4.04 %  subsume
c           0.57    1.02 %  substitute
c           0.16    0.29 %  walking
c           0.13    0.23 %  reduce
c           0.11    0.19 %  congruence
c           0.10    0.17 %  parse
c           0.08    0.15 %  sweep
c           0.06    0.11 %  lucky
c           0.02    0.03 %  transitive
c           0.00    0.00 %  backbone
c =============================================
c          56.16  100.00 %  total
c
c ---- [ statistics ] --------------------------------------------------------
c
c conflicts:                           229270             4082.53 per second
c decisions:                           299258                1.31 per conflict
c factored:                                 7                5 %  variables
c iterations:                              18               13 %  variables
c propagations:                       4125899            73468    per second
c reductions:                              49             4679    interval
c reordered:                                6            38212    interval
c rephased:                                13            17636    interval
c restarts:                              7866               29    interval
c subsumed:                             59075                0 %  checks
c switched:                                20            11464    interval
c vivified:                             13379               71 %  checks
c walks:                                    4            57318    interval
c
c ---- [ glue usage ] --------------------------------------------------------
c
c focused glue 6   used 18429 clauses 11.63% accumulated 52.35% tier1
c focused glue 7   used 16714 clauses 10.55% accumulated 62.89%
c focused glue 8-9 used 26991 clauses 17.03% accumulated 79.93%
c focused glue 10  used  9657 clauses  6.09% accumulated 86.02%
c focused glue 11  used  7226 clauses  4.56% accumulated 90.58% tier2
c
c stable glue 8     used 22721 clauses  7.71% accumulated 53.41% tier1
c stable glue 9     used 19927 clauses  6.76% accumulated 60.18%
c stable glue 10-14 used 73575 clauses 24.97% accumulated 85.14%
c stable glue 15    used  9292 clauses  3.15% accumulated 88.29%
c stable glue 16    used  7563 clauses  2.57% accumulated 90.86% tier2
c
c ---- [ resources ] ---------------------------------------------------------
c
c maximum-resident-set-size:         65122304 bytes         62 MB
c process-time:                            56s              56.16 seconds
c
c ---- [ shutting down ] -----------------------------------------------------
c
c exit 20
