c ---- [ banner ] ------------------------------------------------------------
c
c Kissat SAT Solver
c 
c Copyright (c) 2021-2024 Armin Biere University of Freiburg
c Copyright (c) 2019-2021 Armin Biere Johannes Kepler University Linz
c 
c Version 4.0.4 8af8e56f174b778aef3aa45af9f739b2a5f492c2
c gcc (Ubuntu 13.3.0-6ubuntu2~24.04.1) 13.3.0 -W -Wall -O3 -DNDEBUG
c Wed Apr 15 16:07:08 EEST 2026 Linux cluster-4 6.17.0-14-generic x86_64
c
c ---- [ parsing ] -----------------------------------------------------------
c
c opened and reading DIMACS file:
c
c   tmp.cnf
c
c parsed 'p cnf 153 875160' header
c closing input after reading 25902111 bytes (25 MB)
c finished parsing after 0.20 seconds
c
c ---- [ solving ] -----------------------------------------------------------
c
c seconds switched rate     size/glue tier1 binary        remaining
c        MB reductions conflicts size  tier2   irredundant
c         level restarts redundant glue  trail        variables
c
c *  0.20 53 0 0 0  0 0   0   0 0.0 0 0 0 0 0%   0 875160 153 100%
c (  0.30 79 0 0 0  0 0   0   0 0.0 0 0 0 0 0%   0 875160 153 100%
c .  0.30 79 0 0 0  0 0   0   0 0.0 0 0 0 0 0%   0 875160 153 100%
c f  3.33 55 0 0 0  0 0   0   0 0.0 0 0 0 0 0%   2 862290 154 101%
c )  3.34 68 0 0 0  0 0   0   0 0.0 0 0 0 0 0%   2 862290 154 101%
c {  3.41 77 0 0 0  0 0   0   0 0.0 0 0 2 6 0%   2 862290 154 101%
c -  3.92 87 19 0 1 12 1 1000 650 1.7 19 11 10 16 41%   2 862290 154 101%
c }  3.92 87 19 1 1 12 1 1000 650 1.7 19 11 10 16 41%   2 862290 154 101%
c [  3.92 87 0 1 1 12 0 1000 650 0.0 0 0 2 6 0%   2 862290 154 101%
c B  3.92 87 16 1 1 12 2 1004 653 1.2 12 10 2 6 45%   2 862290 154 101%
c -  4.30 89 17 1 2 12 1 2000 1442 1.8 20 11 10 15 44%   2 862290 154 101%
c W  4.39 82 17 1 2 12 1 2005 1447 1.8 20 11 10 15 44%   2 862290 154 101%
c ]  4.51 84 17 2 2 13 1 2267 1651 1.7 20 11 10 15 43%   2 862290 154 101%
c {  4.51 84 19 2 2 13 1 2267 1651 1.7 19 11 10 16 41%   2 862290 154 101%
c u  5.06 89 19 2 2 136 2 2895 2146 1.5 19 12 10 16 42%   2 862290 154 101%
c v  5.14 89 19 2 2 136 2 2895 2141 1.5 19 12 10 16 42%   2 862290 154 101%
c w  5.18 89 19 2 2 136 2 2895 2136 1.5 19 12 10 16 42%   2 862290 154 101%
c x  5.25 91 19 2 2 136 2 2895 2136 1.5 19 12 10 16 42%   2 862009 154 101%
c }  5.58 92 19 3 2 175 2 3268 2447 1.5 19 12 10 18 41%   2 862009 154 101%
c [  5.58 92 17 3 2 175 1 3268 2447 1.7 20 11 10 15 43%   2 862009 154 101%
c
c seconds  switched  rate       size/glue  tier1     binary        remaining
c        MB reductions conflicts      size    tier2     irredundant
c         level restarts   redundant     glue     trail        variables
c
c -  5.64 92 17 3 3 175 1 3414 2314 1.7 19 12 10 15 42%   2 862009 154 101%
c I  5.90 93 18 3 3 175 1 4265 3031 1.6 20 12 10 15 42%   2 862009 154 101%
c ]  6.22 71 17 4 3 176 1 4962 3557 1.6 19 12 10 15 42%   2 862009 154 101%
c {  6.22 71 19 4 3 176 2 4962 3557 1.5 19 12 10 18 41%   2 862009 154 101%
c -  6.36 77 19 4 4 176 2 5146 3291 1.5 18 12 10 17 43%   2 862009 154 101%
c -  7.30 84 16 4 5 190 2 7147 4164 1.7 18 10 8 15 45%   2 862009 154 101%
c }  7.36 85 16 5 5 190 1 7314 4311 1.7 18 10 8 15 45%   2 862009 154 101%
c [  7.36 85 17 5 5 190 1 7314 4311 1.6 19 12 10 15 42%   2 862009 154 101%
c B  7.69 86 16 5 5 190 1 8038 4891 1.7 19 11 10 15 43%   2 862009 154 101%
c u  8.19 81 17 5 5 191 1 8915 5515 1.6 19 11 10 15 43%   2 862009 154 101%
c v  8.30 83 17 5 5 191 1 8915 5514 1.6 19 11 10 15 43%   2 862009 154 101%
c w  8.35 83 17 5 5 191 1 8915 5488 1.6 19 11 10 15 43%   2 862009 154 101%
c x  8.45 86 17 5 5 191 1 8915 5488 1.6 19 11 10 15 43%   2 861449 154 101%
c -  8.82 92 17 5 6 191 1 9383 4977 1.6 19 12 9 16 43%   2 861449 154 101%
c ]  9.08 92 18 6 6 192 1 10360 5723 1.6 19 12 9 16 44%   2 861449 154 101%
c {  9.08 92 16 6 6 192 1 10360 5723 1.7 18 10 8 15 45%   2 861449 154 101%
c -  9.70 93 15 6 7 200 1 11833 6041 1.7 17 10 8 14 45%   2 861449 154 101%
c o 10.06 93 15 6 7 210 1 12962 7003 1.8 18 10 8 14 46%   2 861449 154 101%
c } 10.71 78 15 7 7 211 1 14430 8324 1.9 18 10 8 14 46%   2 861449 154 101%
c [ 10.71 78 18 7 7 211 1 14430 8324 1.6 19 12 9 16 44%   2 861449 154 101%
c
c seconds  switched  rate        size/glue  tier1    binary        remaining
c        MB reductions conflicts       size   tier2     irredundant
c         level restarts    redundant     glue    trail        variables
c
c W 10.83 82 18 7 7 211 1 14430 8324 1.6 19 12 9 16 44%   2 861449 154 101%
c s 11.03 89 18 7 7 211 1 14470 8362 1.6 20 12 9 16 44%   2 861425 154 101%
c ^ 11.30 89 18 7 7 211 1 14470 8362 1.6 20 12 9 16 44%   2 861425 154 101%
c - 11.32 89 18 7 8 211 1 14482 7545 1.6 20 13 10 17 44%   2 861425 154 101%
c - 12.13 94 20 7 9 213 1 17313 8626 1.5 21 14 11 19 46%   2 861425 154 101%
c u 12.61 95 20 7 9 213 1 18265 9318 1.5 21 14 11 19 46%   2 861425 154 101%
c v 12.74 96 20 7 9 213 1 18265 9318 1.5 21 14 11 19 46%   2 861425 154 101%
c w 12.80 96 20 7 9 213 1 18265 9308 1.5 21 14 11 19 46%   2 861425 154 101%
c x 12.93 96 20 7 9 213 1 18265 9308 1.5 21 14 11 19 46%   2 860915 154 101%
c ] 13.51 96 20 8 9 214 1 19489 10197 1.5 21 14 11 19 46%   2 860915 154 101%
c { 13.51 96 15 8 9 214 1 19489 10197 1.9 18 10 8 14 46%   2 860915 154 101%
c - 13.99 98 15 8 10 325 1 20313 9648 1.9 18 10 8 13 45%   2 860915 154 101%
c o 15.79 96 15 8 10 590 2 23029 11864 1.8 18 10 8 13 45%   2 860915 154 101%
c - 16.08 83 15 8 11 602 2 23476 10939 1.8 18 10 8 13 45%   2 860915 154 101%
c } 17.23 88 15 9 11 892 2 25648 12708 1.8 18 10 8 13 45%   2 860915 154 101%
c [ 17.23 88 20 9 11 892 1 25648 12708 1.5 21 14 11 19 46%   2 860915 154 101%
c O 17.23 88 20 9 11 892 1 25648 12708 1.5 21 14 11 19 46%   2 860915 154 101%
c - 17.65 92 20 9 12 893 1 26792 12003 1.5 21 14 11 20 46%   2 860915 154 101%
c s 18.44 94 21 9 12 894 1 28938 13664 1.4 22 15 11 20 46%   2 860913 154 101%
c ^ 18.72 99 21 9 12 894 1 28938 13664 1.4 22 15 11 20 46%   2 860913 154 101%
c
c seconds  switched   rate         size/glue  tier1     binary        remaining
c        MB  reductions conflicts        size    tier2     irredundant
c         level  restarts     redundant     glue     trail        variables
c
c - 19.27 82 21 9 13 895 1 30258 12974 1.4 22 15 12 21 46%   2 860913 154 101%
c u 19.85 90 22 9 13 896 1 31142 13657 1.4 22 16 12 21 46%   2 860913 154 101%
c v 20.03 91 22 9 13 896 1 31142 13646 1.4 22 16 12 21 46%   2 860913 154 101%
c w 20.12 92 22 9 13 896 1 31142 13639 1.4 22 16 12 21 46%   2 860913 154 101%
c x 20.27 93 22 9 13 896 1 31142 13639 1.4 22 16 12 21 46%   2 860163 154 101%
c - 21.50 95 22 9 14 897 1 33865 13867 1.4 22 16 12 21 47%   2 860163 154 101%
c B 21.89 96 22 9 14 898 1 35410 15100 1.4 22 16 12 21 47%   2 860163 154 101%
c ] 22.05 96 22 10 14 898 1 35856 15479 1.4 22 16 12 21 47%   2 860163 154 101%
c { 22.05 96 15 10 14 898 2 35856 15479 1.8 18 10 8 13 45%   2 860163 154 101%
c - 23.29 93 15 10 15 1150 2 37609 15027 1.8 18 10 8 13 45%   2 860163 154 101%
c - 25.09 94 15 10 16 1328 2 41483 16132 1.8 18 10 8 13 45%   2 860163 154 101%
c o 26.29 90 15 10 16 1490 2 43846 17906 1.8 18 10 8 13 44%   2 860163 154 101%
c } 26.72 97 15 11 16 1592 2 44485 18445 1.8 18 10 8 13 44%   2 860163 154 101%
c [ 26.72 97 22 11 16 1592 1 44485 18445 1.4 22 16 12 21 47%   2 860163 154 101%
c - 27.19 81 22 11 17 1592 1 45485 17228 1.4 22 16 12 21 47%   2 860163 154 101%
c W 27.91 82 22 11 17 1594 1 47633 19097 1.4 22 16 12 21 47%   2 860163 154 101%
c u 28.32 87 22 11 17 1594 1 47720 19169 1.4 22 16 12 21 47%   2 860163 154 101%
c v 28.55 90 22 11 17 1594 1 47720 19155 1.4 22 16 12 21 47%   2 860163 154 101%
c w 28.68 91 22 11 17 1594 1 47720 19154 1.4 22 16 12 21 47%   2 860163 154 101%
c x 28.86 93 22 11 17 1594 1 47720 19154 1.4 22 16 12 21 47%   2 858599 154 101%
c
c seconds   switched    rate         size/glue  tier1     binary        remaining
c        MB   reductions  conflicts        size    tier2     irredundant
c         level    restarts     redundant     glue     trail        variables
c
c - 29.87 96 22 11 18 1595 1 49609 18566 1.4 22 16 11 21 47%   2 858599 154 101%
c - 31.32 97 23 11 19 1598 1 53852 19655 1.4 23 16 12 22 48%   2 858599 154 101%
c ] 32.35 98 23 12 19 1598 1 56592 21865 1.4 23 17 12 22 48%   2 858599 154 101%
c { 32.35 98 15 12 19 1598 2 56592 21865 1.8 18 10 8 13 44%   2 858599 154 101%
c - 33.22 94 15 12 20 1692 2 58211 20747 1.8 18 10 8 13 45%   2 858599 154 101%
c s 34.30 97 15 12 20 1694 2 60303 22564 1.9 18 10 8 13 45%   2 858584 154 101%
c ^ 34.78 99 15 12 20 1694 2 60303 22564 1.9 18 10 8 13 45%   2 858584 154 101%
c - 36.26 90 15 12 21 1908 2 62683 22295 1.9 18 10 8 13 46%   2 858584 154 101%
c - 39.18 93 15 12 22 2349 2 67265 23762 1.9 18 10 8 13 46%   2 858584 154 101%
c } 39.57 98 15 13 22 2380 2 68071 24428 1.9 18 10 8 13 46%   2 858584 154 101%
c [ 39.57 98 23 13 22 2380 1 68071 24428 1.4 23 17 12 22 48%   2 858584 154 101%
c I 39.57 98 23 13 22 2380 1 68071 24428 1.4 23 17 12 22 48%   2 858584 154 101%
c u 40.01 100 23 13 22 2380 1 68112 24451 1.4 23 17 12 22 48%   2 858584 154 101%
c v 40.34 105 23 13 22 2380 1 68112 24436 1.4 23 17 12 22 48%   2 858584 154 101%
c w 40.47 105 23 13 22 2380 1 68112 24430 1.4 23 17 12 22 48%   2 858584 154 101%
c x 40.67 105 23 13 22 2380 1 68112 24430 1.4 23 17 12 22 48%   2 856287 154 101%
c - 42.50 94 23 13 23 2382 1 71957 25837 1.4 23 16 11 22 48%   2 856287 154 101%
c o 43.41 96 22 13 23 2385 1 74312 27877 1.5 23 16 11 22 48%   2 856287 154 101%
c - 44.41 99 22 13 24 2386 1 76752 27626 1.5 23 16 11 21 48%   2 856287 154 101%
c ] 46.35 93 21 14 24 2387 1 81193 30911 1.5 22 15 11 21 47%   3 856287 154 101%
c
c seconds   switched    rate         size/glue  tier1    binary        remaining
c        MB   reductions  conflicts        size   tier2     irredundant
c         level    restarts     redundant     glue    trail        variables
c
c { 46.35 93 15 14 24 2387 2 81193 30911 1.9 18 10 8 13 46%   3 856287 154 101%
c - 46.61 98 15 14 25 2414 2 81650 28953 1.9 18 10 8 13 45%   3 856287 154 101%
c - 48.36 89 15 14 26 2432 2 86650 27513 2.0 19 9 7 13 46%   3 856287 154 101%
c - 51.66 95 15 14 27 3043 2 91750 27922 1.9 18 10 7 13 45%   3 856287 154 101%
c u 52.67 96 15 14 27 3173 2 92458 28504 1.9 18 10 7 13 45%   3 856287 154 101%
c v 53.13 99 15 14 27 3173 2 92458 28481 1.9 18 10 7 13 45%   3 856287 154 101%
c w 53.27 99 15 14 27 3173 2 92458 28478 1.9 18 10 7 13 45%   3 856287 154 101%
c x 53.64 102 15 14 27 3173 2 92458 28478 1.9 18 10 7 13 45%   3 855861 154 101%
c } 56.26 88 15 15 27 3562 2 95908 31411 1.9 19 10 7 13 45%   3 855861 154 101%
c [ 56.26 88 21 15 27 3562 1 95908 31411 1.5 22 15 11 21 47%   3 855861 154 101%
c B 56.26 88 21 15 27 3562 1 95908 31411 1.5 22 15 11 21 47%   3 855861 154 101%
c - 56.69 94 21 15 28 3562 1 96946 29739 1.5 22 15 11 21 47%   3 855861 154 101%
c - 58.27 85 21 15 29 3567 1 102241 31496 1.5 23 15 10 21 48%   3 855861 154 101%
c - 59.77 90 22 15 30 3568 1 107627 32805 1.6 23 15 10 21 49%   3 855861 154 101%
c s 61.06 91 22 15 30 3571 1 110804 35387 1.6 24 15 10 21 49%   3 855648 154 101%
c ^ 61.73 100 22 15 30 3571 1 110804 35387 1.6 24 15 10 21 49%   3 855648 154 101%
c - 62.38 100 22 15 31 3572 1 113106 33173 1.6 24 15 10 21 49%   3 855648 154 101%
c W 63.52 84 23 15 31 3575 1 116819 36117 1.5 24 16 10 21 49%   3 855648 154 101%
c o 63.54 84 23 15 31 3575 1 116819 36117 1.5 24 16 10 21 49%   3 855648 154 101%
c - 63.97 88 23 15 32 3575 1 118673 32899 1.5 24 16 11 22 50%   3 855648 154 101%
c
c seconds   switched    rate          size/glue  tier1     binary        remaining
c        MB   reductions  conflicts         size    tier2     irredundant
c         level    restarts      redundant     glue     trail        variables
c
c u 64.87 90 24 15 32 3575 1 120910 34871 1.5 25 16 11 22 50%   3 855648 154 101%
c v 65.21 91 24 15 32 3575 1 120910 34861 1.5 25 16 11 22 50%   3 855648 154 101%
c w 65.35 92 24 15 32 3575 1 120910 34845 1.5 25 16 11 22 50%   3 855648 154 101%
c x 65.64 96 24 15 32 3575 1 120910 34845 1.5 25 16 11 22 50%   3 855437 154 101%
c ] 66.27 96 24 16 32 3576 1 122123 35831 1.5 25 17 11 22 50%   3 855437 154 101%
c { 66.27 96 15 16 32 3576 2 122123 35831 1.9 19 10 7 13 45%   3 855437 154 101%
c - 67.51 94 15 16 33 3788 2 124331 32854 1.9 18 10 7 13 45%   3 855437 154 101%
c - 70.42 96 15 16 34 4116 2 130075 34108 1.9 18 10 7 13 45%   3 855437 154 101%
c - 73.54 83 15 16 35 4514 2 135905 36076 1.9 18 10 7 13 46%   3 855437 154 101%
c } 75.89 93 15 17 35 4695 2 140461 39814 1.9 18 10 7 13 46%   3 855437 154 101%
c [ 75.89 93 24 17 35 4695 1 140461 39814 1.5 25 17 11 22 50%   3 855437 154 101%
c O 76.14 94 24 17 35 4695 1 141045 40300 1.5 25 16 11 22 50%   3 855437 154 101%
c - 76.51 97 24 17 36 4696 1 141821 37491 1.5 25 16 11 22 50%   3 855437 154 101%
c - 78.79 85 24 17 37 4700 1 147822 38855 1.5 24 16 11 22 49%   3 855437 154 101%
c u 81.39 93 24 17 37 4702 1 153550 43434 1.5 24 16 11 22 49%   3 855437 154 101%
c v 81.89 94 24 17 37 4702 1 153550 43241 1.5 24 16 11 22 49%   3 855437 154 101%
c w 82.08 94 24 17 37 4702 1 153550 43142 1.5 24 16 11 22 49%   3 855437 154 101%
c x 82.52 97 24 17 37 4702 1 153550 43142 1.5 24 16 11 22 49%   3 855150 154 101%
c - 83.06 100 24 17 38 4702 1 153907 39694 1.5 24 16 11 22 49%   3 855150 154 101%
c - 85.11 101 24 17 39 4707 1 160073 39871 1.5 24 16 11 22 49%   3 855150 154 101%
c
c seconds   switched    rate          size/glue  tier1     binary        remaining
c        MB   reductions  conflicts         size    tier2     irredundant
c         level    restarts      redundant     glue     trail        variables
c
c ] 86.86 85 24 18 39 4709 1 165832 44610 1.5 24 17 11 22 49%   3 855150 154 101%
c { 86.86 85 15 18 39 4709 2 165832 44610 1.9 18 10 7 13 46%   3 855150 154 101%
c - 87.32 93 15 18 40 4826 2 166318 40075 1.9 18 10 7 13 46%   3 855150 154 101%
c o 87.77 101 15 18 40 4994 2 167056 40624 1.9 18 10 7 13 46%   3 855150 154 101%
c - 92.53 86 15 18 41 6227 2 172642 40525 1.8 18 10 8 13 45%   3 855150 154 101%
c - 97.26 77 16 18 42 7229 2 179046 41046 1.7 18 10 8 14 44%   3 855150 154 101%
c s 101.24 102 16 18 42 8053 2 182534 43697 1.7 18 11 8 14 44%   3 854963 154 101%
c ^ 102.28 104 16 18 42 8053 2 182534 43697 1.7 18 11 8 14 44%   3 854963 154 101%
c - 104.75 95 16 18 43 8670 2 185526 41505 1.7 18 11 8 14 44%   3 854963 154 101%
c } 106.76 95 16 19 43 9055 2 188177 43619 1.7 18 11 8 14 44%   3 854963 154 101%
c [ 106.76 95 24 19 43 9055 1 188177 43619 1.5 24 17 11 22 49%   3 854963 154 101%
c B 106.76 95 24 19 43 9055 1 188177 43619 1.5 24 17 11 22 49%   3 854963 154 101%
c u 108.39 104 24 19 43 9057 1 190496 45508 1.5 25 17 11 22 49%   3 854963 154 101%
c v 109.06 105 24 19 43 9057 1 190496 45476 1.5 25 17 11 22 49%   3 854963 154 101%
c w 109.33 105 24 19 43 9057 1 190496 45444 1.5 25 17 11 22 49%   3 854963 154 101%
c x 109.92 106 24 19 43 9057 1 190496 45444 1.5 25 17 11 22 49%   3 854565 154 101%
c - 110.84 90 25 19 44 9057 1 192083 41789 1.5 25 17 11 23 49%   3 854565 154 101%
c - 112.90 95 25 19 45 9061 1 198717 41007 1.4 25 18 11 23 50%   3 854565 154 101%
c - 115.03 98 26 19 46 9065 1 205425 40780 1.4 25 18 12 24 50%   3 854565 154 101%
c - 117.24 100 26 19 47 9068 1 212207 41976 1.4 25 18 12 24 50%   3 854565 154 101%
c
c seconds     switched    rate          size/glue  tier1     binary        remaining
c          MB   reductions  conflicts         size    tier2     irredundant
c           level    restarts      redundant     glue     trail        variables
c
c - 119.57 101 25 19 48 9069 1 219062 42325 1.4 25 18 12 23 50%   3 854565 154 101%
c W 119.91 86 25 19 48 9069 1 219627 42756 1.4 25 18 12 23 50%   3 854565 154 101%
c caught signal 15 (SIGTERM)
c
c ---- [ profiling ] ---------------------------------------------------------
c
c          97.90   81.62 %  search
c          54.39   45.34 %  focused
c          43.51   36.28 %  stable
c          18.64   15.54 %  simplify
c          16.11   13.43 %  probe
c           9.81    8.18 %  vivify
c           5.10    4.25 %  eliminate
c           4.69    3.91 %  factor
c           4.55    3.79 %  subsume
c           3.05    2.54 %  preprocess
c           1.15    0.96 %  substitute
c           0.47    0.39 %  walking
c           0.26    0.22 %  congruence
c           0.24    0.20 %  reduce
c           0.20    0.17 %  parse
c           0.16    0.14 %  lucky
c           0.16    0.14 %  sweep
c           0.03    0.03 %  transitive
c           0.00    0.00 %  backbone
c =============================================
c         119.95  100.00 %  total
c
c ---- [ statistics ] --------------------------------------------------------
c
c conflicts:                           219741             1831.91 per second
c decisions:                           320295                1.46 per conflict
c factored:                                 1                1 %  variables
c propagations:                       4254556            35469    per second
c reductions:                              48             4578    interval
c reordered:                                6            36624    interval
c rephased:                                14            15696    interval
c restarts:                              9069               24    interval
c subsumed:                               441                0 %  checks
c switched:                                19            11565    interval
c vivified:                              9949               92 %  checks
c walks:                                    5            43948    interval
c
c ---- [ glue usage ] --------------------------------------------------------
c
c focused glue 8     used 12996 clauses  9.87% accumulated 55.23% tier1
c focused glue 9     used 12039 clauses  9.14% accumulated 64.37%
c focused glue 10-12 used 24873 clauses 18.89% accumulated 83.27%
c focused glue 13    used  5390 clauses  4.09% accumulated 87.36%
c focused glue 14    used  4303 clauses  3.27% accumulated 90.63% tier2
c
c stable glue 12    used 12498 clauses  4.07% accumulated 53.87% tier1
c stable glue 13    used 12194 clauses  3.97% accumulated 57.85%
c stable glue 14-21 used 84381 clauses 27.49% accumulated 85.33%
c stable glue 22    used  7829 clauses  2.55% accumulated 87.88%
c stable glue 23    used  6912 clauses  2.25% accumulated 90.13% tier2
c
c ---- [ resources ] ---------------------------------------------------------
c
c maximum-resident-set-size:        111226880 bytes        106 MB
c process-time:                             2m             119.95 seconds
c raising signal 15 (SIGTERM)
