c ---- [ banner ] ------------------------------------------------------------
c
c Kissat SAT Solver
c 
c Copyright (c) 2021-2024 Armin Biere University of Freiburg
c Copyright (c) 2019-2021 Armin Biere Johannes Kepler University Linz
c 
c Version 4.0.4 8af8e56f174b778aef3aa45af9f739b2a5f492c2
c gcc (Ubuntu 13.3.0-6ubuntu2~24.04.1) 13.3.0 -W -Wall -O3 -DNDEBUG
c Wed Apr 15 16:07:08 EEST 2026 Linux cluster-4 6.17.0-14-generic x86_64
c
c ---- [ parsing ] -----------------------------------------------------------
c
c opened and reading DIMACS file:
c
c   tmp.cnf
c
c parsed 'p cnf 136 40460' header
c closing input after reading 816184 bytes (797 KB)
c finished parsing after 0.01 seconds
c
c ---- [ solving ] -----------------------------------------------------------
c
c seconds switched rate     size/glue tier1 binary       remaining
c        MB reductions conflicts size  tier2   irredundant
c         level restarts redundant glue  trail       variables
c
c *  0.01  6 0 0 0  0 0   0   0 0.0 0 0 0 0 0%   0 40460 136 100%
c (  0.01  7 0 0 0  0 0   0   0 0.0 0 0 0 0 0%   0 40460 136 100%
c .  0.01  7 0 0 0  0 0   0   0 0.0 0 0 0 0 0%   0 40460 136 100%
c f  0.43  7 0 0 0  0 0   0   0 0.0 0 0 0 0 0% 687 12516 476 350%
c )  0.43  8 0 0 0  0 0   0   0 0.0 0 0 0 0 0% 687 12516 476 350%
c {  0.43  8 0 0 0  0 0   0   0 0.0 0 0 2 6 0% 687 12516 476 350%
c -  0.46  8 16 0 1 117 3 1002 678 1.8 16 9 7 11 45% 687 12516 476 350%
c }  0.46  8 16 1 1 117 3 1002 678 1.8 16 9 7 11 45% 687 12516 476 350%
c [  0.46  8 0 1 1 117 0 1002 678 0.0 0 0 2 6 0% 687 12516 476 350%
c B  0.46  8 0 1 1 117 0 1002 678 0.0 0 0 2 6 0% 687 12516 476 350%
c -  0.48  8 18 1 2 117 1 2003 1534 1.7 17 10 7 14 43% 687 12516 476 350%
c W  0.48  8 18 1 2 117 1 2003 1534 1.7 17 10 7 14 43% 687 12516 476 350%
c ]  0.49  8 19 2 2 118 1 2101 1621 1.7 17 10 7 14 43% 687 12516 476 350%
c {  0.49  8 16 2 2 118 3 2101 1621 1.8 16 9 7 11 45% 687 12516 476 350%
c u  0.51  8 14 2 2 122 2 2849 2291 1.8 15 9 7 11 45% 687 12516 476 350%
c v  0.51  8 14 2 2 122 2 2849 2286 1.8 15 9 7 11 45% 687 12516 476 350%
c w  0.51  8 14 2 2 122 2 2849 2285 1.8 15 9 7 11 45% 687 12516 476 350%
c x  0.52  8 14 2 2 122 2 2849 2285 1.8 15 9 7 11 45% 687 12249 476 350%
c }  0.52  8 14 3 2 130 2 3101 2529 1.8 16 8 7 11 45% 687 12249 476 350%
c [  0.52  8 19 3 2 130 1 3101 2529 1.7 17 10 7 14 43% 687 12249 476 350%
c
c seconds  switched  rate       size/glue  tier1    binary       remaining
c        MB reductions conflicts      size   tier2     irredundant
c         level restarts   redundant     glue    trail       variables
c
c -  0.53  8 17 3 3 130 1 3418 2622 1.7 17 10 7 13 43% 687 12249 476 350%
c ]  0.55  9 17 4 3 130 1 4069 3231 1.8 18 10 7 13 45% 687 12249 476 350%
c {  0.55  9 14 4 3 130 2 4069 3231 1.8 16 8 7 11 45% 687 12249 476 350%
c -  0.58  9 16 4 4 311 3 5151 3808 1.8 15 9 7 11 44% 687 12249 476 350%
c }  0.63  9 16 5 4 453 3 6421 4991 1.7 15 9 7 11 43% 687 12249 476 350%
c [  0.63  9 17 5 4 453 1 6421 4991 1.8 18 10 7 13 45% 687 12249 476 350%
c I  0.63  9 17 5 4 453 1 6421 4991 1.8 18 10 7 13 45% 687 12249 476 350%
c -  0.65  9 17 5 5 453 1 7151 4945 1.7 17 10 7 14 43% 687 12249 476 350%
c u  0.70  9 17 5 5 455 1 8787 6418 1.7 17 10 7 14 43% 687 12249 476 350%
c v  0.71  9 17 5 5 455 1 8787 6413 1.7 17 10 7 14 43% 687 12249 476 350%
c w  0.71  9 17 5 5 455 1 8787 6404 1.7 17 10 7 14 43% 687 12249 476 350%
c x  0.72  9 17 5 5 455 1 8787 6402 1.7 17 10 7 14 43% 687 11854 476 350%
c ]  0.73  9 17 6 5 455 1 9029 6589 1.7 17 10 7 14 43% 687 11854 476 350%
c {  0.73  9 16 6 5 455 3 9029 6589 1.7 15 9 7 11 43% 687 11854 476 350%
c -  0.74  9 16 6 6 466 3 9387 6063 1.8 16 9 7 11 43% 687 11854 476 350%
c o  0.78  9 16 6 6 469 3 10488 7027 1.8 15 9 7 11 43% 687 11854 476 350%
c -  0.83  9 15 6 7 477 2 11836 6833 1.8 15 8 6 11 42% 687 11854 476 350%
c }  0.87  9 15 7 7 510 2 13098 8029 1.9 16 8 6 11 42% 687 11854 476 350%
c [  0.87  9 17 7 7 510 1 13098 8029 1.7 17 10 7 14 43% 687 11854 476 350%
c B  0.87  9 17 7 7 510 1 13098 8029 1.7 17 10 7 14 43% 687 11854 476 350%
c
c seconds  switched  rate        size/glue  tier1    binary      remaining
c        MB reductions conflicts       size   tier2    irredundant
c         level restarts    redundant     glue    trail      variables
c
c s  0.92  9 18 7 7 511 1 14241 9088 1.6 18 11 7 14 43% 687 7649 476 350%
c e  0.92  8 18 7 7 511 1 14241 9088 1.6 18 11 7 14 43% 685 7651 475 349%
c ^  0.92  8 18 7 7 511 1 14241 9088 1.6 18 11 7 14 43% 685 7651 475 349%
c -  0.93  8 18 7 8 511 1 14481 7680 1.6 18 11 7 15 43% 685 7651 475 349%
c -  1.00  8 18 7 9 513 1 17310 8471 1.6 18 12 7 15 43% 685 7651 475 349%
c u  1.04  8 18 7 9 513 1 18044 9011 1.6 18 12 7 15 43% 685 7651 475 349%
c v  1.04  8 18 7 9 513 1 18044 8992 1.6 18 12 7 15 43% 685 7651 475 349%
c w  1.05  8 18 7 9 513 1 18044 8984 1.6 18 12 7 15 43% 685 7651 475 349%
c x  1.06  8 18 7 9 513 1 18044 8984 1.6 18 12 7 15 43% 685 7583 475 349%
c f  1.07  8 18 7 9 513 1 18044 8984 1.6 18 12 7 15 43% 1029 6352 635 467%
c u  1.08  8 18 7 9 513 1 18044 8933 1.6 18 12 7 15 43% 1029 6352 635 467%
c v  1.09  8 18 7 9 513 1 18044 8876 1.6 18 12 7 15 43% 1029 6352 635 467%
c w  1.09  8 18 7 9 513 1 18044 8870 1.6 18 12 7 15 43% 1029 6352 635 467%
c x  1.10  8 18 7 9 513 1 18044 8870 1.6 18 12 7 15 43% 1029 6235 635 467%
c W  1.12  8 18 7 9 514 1 18628 9310 1.6 18 12 7 15 44% 1029 6235 635 467%
c ]  1.12  8 18 8 9 514 1 18705 9361 1.5 18 12 7 15 44% 1029 6235 635 467%
c {  1.12  8 15 8 9 514 2 18705 9361 1.9 16 8 6 11 42% 1029 6235 635 467%
c -  1.18  8 15 8 10 768 3 20310 9383 1.8 15 8 6 11 43% 1029 6235 635 467%
c o  1.21  8 15 8 10 802 2 21403 10300 1.8 15 8 6 11 43% 1029 6235 635 467%
c -  1.28  8 15 8 11 1019 3 23472 10835 1.8 15 8 6 11 43% 1029 6235 635 467%
c
c seconds  switched    rate         size/glue tier1     binary      remaining
c        MB  reductions  conflicts        size  tier2     irredundant
c         level   restarts     redundant    glue    trail       variables
c
c }  1.33  8 15 9 11 1178 3 24864 12051 1.8 15 8 6 11 43% 1029 6235 635 467%
c [  1.33  8 18 9 11 1178 1 24864 12051 1.5 18 12 7 15 44% 1029 6235 635 467%
c O  1.35  8 20 9 11 1179 1 26156 13282 1.5 18 12 7 15 44% 1029 6235 635 467%
c -  1.37  8 20 9 12 1179 1 26788 11891 1.5 18 12 7 15 44% 1029 6235 635 467%
c s  1.45  8 19 9 12 1181 1 29360 13993 1.5 18 11 7 15 45% 1029 6029 635 467%
c e  1.45  8 19 9 12 1181 1 29360 13993 1.5 18 11 7 15 45% 956 6057 507 373%
c ^  1.46  8 19 9 12 1181 1 29360 13993 1.5 18 11 7 15 45% 956 6057 507 373%
c -  1.48  8 18 9 13 1182 1 30252 11013 1.5 18 11 6 14 45% 956 6057 507 373%
c u  1.53  8 18 9 13 1183 1 31764 12201 1.6 17 11 6 14 46% 956 6057 507 373%
c v  1.54  8 18 9 13 1183 1 31764 11954 1.6 17 11 6 14 46% 956 6057 507 373%
c w  1.55  8 18 9 13 1183 1 31764 11941 1.6 17 11 6 14 46% 956 6057 507 373%
c x  1.55  8 18 9 13 1183 1 31764 11939 1.6 17 11 6 14 46% 956 5954 507 373%
c f  1.62  8 18 9 13 1183 1 31764 11939 1.6 17 11 6 14 46% 972 5905 517 380%
c u  1.63  8 18 9 13 1183 1 31764 11857 1.6 17 11 6 14 46% 972 5905 517 380%
c v  1.64  8 18 9 13 1183 1 31764 11647 1.6 17 11 6 14 46% 972 5905 517 380%
c w  1.65  8 18 9 13 1183 1 31764 11637 1.6 17 11 6 14 46% 972 5905 517 380%
c x  1.66  8 18 9 13 1183 1 31764 11637 1.6 17 11 6 14 46% 972 5754 517 380%
c ]  1.69  8 17 10 13 1183 1 32811 12481 1.6 17 11 6 14 46% 972 5754 517 380%
c {  1.69  8 15 10 13 1183 3 32811 12481 1.8 15 8 6 11 43% 972 5754 517 380%
c -  1.72  9 16 10 14 1327 3 33858 11904 1.8 15 8 6 10 44% 972 5754 517 380%
c
c seconds   switched    rate         size/glue tier1    binary      remaining
c        MB   reductions  conflicts        size  tier2    irredundant
c         level    restarts     redundant    glue    trail      variables
c
c -  1.85  9 16 10 15 1728 3 37602 12656 1.8 15 8 5 10 45% 972 5754 517 380%
c }  1.99  9 16 11 15 2094 3 41438 16176 1.8 15 8 5 10 45% 972 5754 517 380%
c [  1.99  9 17 11 15 2094 1 41438 16176 1.6 17 11 6 14 46% 972 5754 517 380%
c B  1.99  9 17 11 15 2094 1 41438 16176 1.6 17 11 6 14 46% 972 5754 517 380%
c o  1.99  9 17 11 15 2094 1 41438 16176 1.6 17 11 6 14 46% 972 5754 517 380%
c -  2.00  9 17 11 16 2094 1 41477 13672 1.6 17 11 6 14 46% 972 5754 517 380%
c -  2.09  9 17 11 17 2096 1 45477 14268 1.5 17 11 6 14 47% 972 5754 517 380%
c -  2.21  9 17 11 18 2099 1 49601 14933 1.5 17 11 6 13 47% 972 5754 517 380%
c u  2.23  9 17 11 18 2099 1 49629 14908 1.5 17 11 6 13 47% 972 5754 517 380%
c v  2.25 11 17 11 18 2099 1 49629 14727 1.5 17 11 6 13 47% 972 5754 517 380%
c w  2.25 11 17 11 18 2099 1 49629 14660 1.5 17 11 6 13 47% 972 5754 517 380%
c x  2.26 11 17 11 18 2099 1 49629 14654 1.5 17 11 6 13 47% 972 5576 517 380%
c ]  2.36 11 16 12 18 2100 1 52585 17124 1.6 17 11 6 13 48% 972 5576 517 380%
c {  2.36 11 16 12 18 2100 3 52585 17124 1.8 15 8 5 10 45% 972 5576 517 380%
c -  2.42 11 16 12 19 2250 3 53844 16067 1.8 15 8 5 10 45% 972 5576 517 380%
c -  2.61 11 16 12 20 2712 3 58202 17425 1.8 15 9 5 10 46% 972 5576 517 380%
c -  2.81 11 16 12 21 3178 3 62675 18549 1.8 15 9 5 10 46% 972 5576 517 380%
c s  2.83 11 16 12 21 3178 3 62951 18756 1.8 15 9 5 10 47% 972 5275 517 380%
c e  2.83 10 16 12 21 3178 3 62951 18756 1.8 15 9 5 10 47% 954 5310 501 368%
c ^  2.83 10 16 12 21 3178 3 62951 18756 1.8 15 9 5 10 47% 954 5310 501 368%
c
c seconds   switched    rate         size/glue tier1    binary      remaining
c        MB   reductions  conflicts        size  tier2    irredundant
c         level    restarts     redundant    glue    trail      variables
c
c }  2.88 11 16 13 21 3289 3 64064 19147 1.8 15 9 5 10 47% 954 5310 501 368%
c [  2.88 11 16 13 21 3289 1 64064 19147 1.6 17 11 6 13 48% 954 5310 501 368%
c W  2.88 10 16 13 21 3289 1 64064 19147 1.6 17 11 6 13 48% 954 5310 501 368%
c -  2.99 10 16 13 22 3291 1 67258 18996 1.6 17 11 6 13 48% 954 5310 501 368%
c u  3.16 12 16 13 22 3294 1 71696 22526 1.6 17 11 6 13 48% 954 5310 501 368%
c v  3.19 13 16 13 22 3294 1 71696 21700 1.6 17 11 6 13 48% 954 5310 501 368%
c w  3.20 13 16 13 22 3294 1 71696 21277 1.6 17 11 6 13 48% 954 5310 501 368%
c x  3.22 13 16 13 22 3294 1 71696 21274 1.6 17 11 6 13 48% 954 5173 501 368%
c f  3.22 10 16 13 22 3294 1 71696 21274 1.6 17 11 6 13 48% 975 5117 508 374%
c u  3.25 12 16 13 22 3294 1 71696 21236 1.6 17 11 6 13 48% 975 5117 508 374%
c v  3.27 12 16 13 22 3294 1 71696 21217 1.6 17 11 6 13 48% 975 5117 508 374%
c w  3.28 12 16 13 22 3294 1 71696 20964 1.6 17 11 6 13 48% 975 5117 508 374%
c x  3.30 12 16 13 22 3294 1 71696 20960 1.6 17 11 6 13 48% 975 4963 508 374%
c o  3.43 12 16 13 22 3294 1 71696 20960 1.6 17 11 6 13 48% 975 4963 508 374%
c -  3.44 11 16 13 23 3294 1 71948 18377 1.6 17 11 6 13 48% 975 4963 508 374%
c -  3.59 11 16 13 24 3296 1 76743 19420 1.5 17 11 6 13 49% 975 4963 508 374%
c ]  3.65 11 16 14 24 3297 1 78322 20745 1.5 17 11 6 13 49% 975 4963 508 374%
c {  3.65 11 16 14 24 3297 3 78322 20745 1.8 15 9 5 10 47% 975 4963 508 374%
c -  3.79 11 16 14 25 3524 3 81641 18900 1.8 15 9 4 10 47% 975 4963 508 374%
c -  4.04 11 16 14 26 4133 3 86641 19913 1.8 15 9 4 10 47% 975 4963 508 374%
c
c seconds   switched    rate         size/glue tier1    binary      remaining
c        MB   reductions  conflicts        size  tier2    irredundant
c         level    restarts     redundant    glue    trail      variables
c
c -  4.28 11 16 14 27 4513 3 91742 20951 1.8 15 9 4 10 48% 975 4963 508 374%
c }  4.34 11 16 15 27 4637 3 93038 22162 1.8 15 9 4 10 48% 975 4963 508 374%
c [  4.34 11 16 15 27 4637 1 93038 22162 1.5 17 11 6 13 49% 975 4963 508 374%
c I  4.34 11 16 15 27 4637 1 93038 22162 1.5 17 11 6 13 49% 975 4963 508 374%
c -  4.50 12 16 15 28 4639 1 96938 21632 1.6 17 11 5 13 49% 975 4963 508 374%
c u  4.58 13 16 15 28 4641 1 98438 22803 1.6 17 11 5 13 49% 975 4963 508 374%
c v  4.61 13 16 15 28 4641 1 98438 22438 1.6 17 11 5 13 49% 975 4963 508 374%
c w  4.62 13 16 15 28 4641 1 98438 22056 1.6 17 11 5 13 49% 975 4963 508 374%
c x  4.65 13 16 15 28 4641 1 98438 22050 1.6 17 11 5 13 49% 975 4746 508 374%
c -  4.80 12 15 15 29 4643 1 102229 21260 1.6 17 11 5 12 49% 975 4746 508 374%
c -  5.01 12 15 15 30 4646 1 107615 22642 1.6 16 10 5 12 50% 975 4746 508 374%
c ]  5.10 12 15 16 30 4647 1 110084 24794 1.6 17 10 5 12 50% 975 4746 508 374%
c {  5.10 12 16 16 30 4647 3 110084 24794 1.8 15 9 4 10 48% 975 4746 508 374%
c -  5.25 12 16 16 31 4850 3 113092 23758 1.8 15 9 4 10 48% 975 4746 508 374%
c o  5.28 12 16 16 31 4851 3 113892 24414 1.8 15 9 4 10 48% 975 4746 508 374%
c s  5.48 12 15 16 31 5048 3 117962 27904 1.8 15 9 4 10 48% 975 4595 508 374%
c e  5.49 10 15 16 31 5048 3 117962 27904 1.8 15 9 4 10 48% 970 4659 491 361%
c s  5.49 10 15 16 31 5048 3 117962 27904 1.8 15 9 4 10 48% 970 4656 491 361%
c ^  5.49 10 15 16 31 5048 3 117962 27904 1.8 15 9 4 10 48% 970 4656 491 361%
c -  5.53 11 15 16 32 5097 3 118660 23837 1.8 15 9 4 10 48% 970 4656 491 361%
c
c seconds   switched    rate          size/glue tier1   binary      remaining
c        MB   reductions  conflicts         size  tier2   irredundant
c         level    restarts      redundant    glue   trail      variables
c
c -  5.82 12 15 16 33 5505 3 124316 25138 1.8 15 8 4 9 49% 970 4656 491 361%
c }  6.04 12 15 17 33 5882 3 128422 28879 1.8 15 8 4 9 49% 970 4656 491 361%
c [  6.04 12 15 17 33 5882 1 128422 28879 1.6 17 10 5 12 50% 970 4656 491 361%
c B  6.04 12 15 17 33 5882 1 128422 28879 1.6 17 10 5 12 50% 970 4656 491 361%
c u  6.13 13 15 17 33 5883 1 129868 29982 1.6 17 10 5 12 50% 970 4656 491 361%
c v  6.16 13 15 17 33 5883 1 129868 29849 1.6 17 10 5 12 50% 970 4656 491 361%
c w  6.18 14 15 17 33 5883 1 129868 29835 1.6 17 10 5 12 50% 970 4656 491 361%
c x  6.21 14 15 17 33 5883 1 129868 29833 1.6 17 10 5 12 50% 970 4526 491 361%
c -  6.23 12 15 17 34 5883 1 130060 25693 1.6 17 10 5 12 50% 970 4526 491 361%
c -  6.44 12 16 17 35 5887 1 135890 25650 1.6 17 11 5 12 51% 970 4526 491 361%
c -  6.66 12 16 17 36 5889 1 141806 26137 1.6 17 11 5 12 51% 970 4526 491 361%
c -  6.89 13 15 17 37 5894 1 147806 27000 1.6 17 11 5 12 51% 970 4526 491 361%
c W  6.95 10 15 17 37 5895 1 149333 28247 1.6 17 11 5 12 51% 970 4526 491 361%
c ]  7.09 13 16 18 37 5896 1 153330 31878 1.6 17 11 5 12 52% 970 4526 491 361%
c {  7.09 13 15 18 37 5896 3 153330 31878 1.8 15 8 4 9 49% 970 4526 491 361%
c -  7.12 13 15 18 38 5921 3 153889 27186 1.8 15 9 4 9 49% 970 4526 491 361%
c -  7.42 12 15 18 39 6121 3 160053 28341 1.8 15 8 4 9 49% 970 4526 491 361%
c u  7.72 14 14 18 39 6188 2 166149 33448 1.8 15 8 4 9 50% 970 4526 491 361%
c v  7.76 14 14 18 39 6188 2 166149 33158 1.8 15 8 4 9 50% 970 4526 491 361%
c w  7.77 14 14 18 39 6188 2 166149 33149 1.8 15 8 4 9 50% 970 4526 491 361%
c
c seconds   switched    rate          size/glue tier1   binary      remaining
c        MB   reductions  conflicts         size  tier2   irredundant
c         level    restarts      redundant    glue   trail      variables
c
c x  7.81 14 14 18 39 6188 2 166149 33146 1.8 15 8 4 9 50% 970 4515 491 361%
c o  7.81 14 14 18 39 6188 2 166149 33146 1.8 15 8 4 9 50% 970 4515 491 361%
c -  7.83 12 14 18 40 6195 2 166297 26842 1.8 15 8 3 9 50% 970 4515 491 361%
c -  8.11 13 14 18 41 6399 2 172621 26907 1.8 15 8 3 9 50% 970 4515 491 361%
c }  8.25 12 14 19 41 6499 2 175675 29617 1.8 15 8 3 9 50% 970 4515 491 361%
c [  8.25 12 16 19 41 6499 1 175675 29617 1.6 17 11 5 12 52% 970 4515 491 361%
c O  8.25 12 16 19 41 6499 1 175675 29617 1.6 17 11 5 12 52% 970 4515 491 361%
c -  8.38 12 16 19 42 6501 1 179024 26794 1.6 17 11 5 12 52% 970 4515 491 361%
c -  8.60 12 16 19 43 6505 1 185504 25440 1.6 17 11 5 12 53% 970 4515 491 361%
c -  8.84 12 16 19 44 6508 1 192062 24748 1.6 17 11 5 12 53% 970 4515 491 361%
c s  9.04 13 15 19 44 6512 1 197406 29192 1.6 17 11 5 12 54% 970 4413 491 361%
c e  9.04 11 15 19 44 6512 1 197406 29192 1.6 17 11 5 12 54% 675 5387 384 282%
c s  9.05 11 15 19 44 6512 1 197406 29192 1.6 17 11 5 12 54% 675 5366 384 282%
c ^  9.05 11 15 19 44 6512 1 197406 29192 1.6 17 11 5 12 54% 675 5366 384 282%
c -  9.09 12 15 19 45 6512 1 198695 15943 1.6 17 11 5 12 54% 675 5366 384 282%
c B  9.24 12 15 19 45 6513 1 203418 19987 1.6 17 11 5 12 54% 675 5366 384 282%
c -  9.29 12 15 19 46 6513 1 205405 18682 1.6 17 11 5 12 54% 675 5366 384 282%
c ]  9.33 12 15 20 46 6513 1 207117 20050 1.6 17 11 5 12 54% 675 5366 384 282%
c {  9.33 12 14 20 46 6513 2 207117 20050 1.8 15 8 3 9 50% 675 5366 384 282%
c u  9.37 13 14 20 46 6513 2 207230 19856 1.8 15 8 3 9 50% 675 5366 384 282%
c
c seconds   switched    rate          size/glue tier1   binary      remaining
c        MB   reductions  conflicts         size  tier2   irredundant
c         level    restarts      redundant    glue   trail      variables
c
c v  9.41 13 14 20 46 6513 2 207230 18664 1.8 15 8 3 9 50% 675 5366 384 282%
c w  9.42 13 14 20 46 6513 2 207230 17060 1.8 15 8 3 9 50% 675 5366 384 282%
c x  9.46 13 14 20 46 6513 2 207230 17052 1.8 15 8 3 9 50% 675 5314 384 282%
c f  9.47 11 14 20 46 6513 2 207230 17052 1.8 15 8 3 9 50% 692 5195 390 287%
c u  9.50 11 14 20 46 6513 2 207230 16603 1.8 15 8 3 9 50% 692 5195 390 287%
c v  9.54 11 14 20 46 6513 2 207230 16569 1.8 15 8 3 9 50% 692 5195 390 287%
c w  9.55 11 14 20 46 6513 2 207230 16565 1.8 15 8 3 9 50% 692 5195 390 287%
c x  9.59 11 14 20 46 6513 2 207230 16562 1.8 15 8 3 9 50% 692 5182 390 287%
c -  9.92 11 14 20 47 6993 2 212187 18304 1.8 15 8 3 9 50% 692 5182 390 287%
c - 10.17 11 14 20 48 7381 2 219044 20997 1.8 15 8 3 9 50% 692 5182 390 287%
c - 10.46 11 14 20 49 8068 2 225977 22701 1.8 15 8 3 9 50% 692 5182 390 287%
c o 10.50 11 14 20 49 8073 2 227406 23906 1.8 15 8 3 9 50% 692 5182 390 287%
c - 10.78 13 14 20 50 8817 2 232977 23721 1.8 15 8 3 9 50% 692 5182 390 287%
c } 10.81 13 14 21 50 8828 2 233858 24456 1.8 15 8 3 9 50% 692 5182 390 287%
c [ 10.81 13 15 21 50 8828 1 233858 24456 1.6 17 11 5 12 54% 692 5182 390 287%
c W 10.85 11 15 21 50 8828 1 234869 25436 1.6 17 11 5 12 54% 692 5182 390 287%
c - 11.02 13 16 21 51 8833 1 240054 23621 1.6 17 11 5 12 54% 692 5182 390 287%
c - 11.27 13 16 21 52 8835 1 247197 23252 1.6 17 11 5 12 53% 692 5182 390 287%
c u 11.49 14 16 21 52 8840 1 252755 27915 1.6 17 11 5 12 53% 692 5182 390 287%
c v 11.53 14 16 21 52 8840 1 252755 27761 1.6 17 11 5 12 53% 692 5182 390 287%
c
c seconds   switched    rate          size/glue  tier1    binary      remaining
c        MB   reductions  conflicts         size   tier2    irredundant
c         level    restarts      redundant     glue    trail      variables
c
c w 11.56 14 16 21 52 8840 1 252755 27679 1.6 17 11 5 12 53% 692 5182 390 287%
c x 11.59 14 16 21 52 8840 1 252755 27663 1.6 17 11 5 12 53% 692 5089 390 287%
c - 11.67 13 16 21 53 8840 1 254412 23468 1.6 17 11 5 12 53% 692 5089 390 287%
c - 11.93 13 16 21 54 8842 1 261692 24506 1.6 17 11 5 12 53% 692 5089 390 287%
c ] 12.07 13 15 22 54 8842 1 265742 27757 1.6 17 11 5 12 53% 692 5089 390 287%
c { 12.07 13 14 22 54 8842 2 265742 27757 1.8 15 8 3 9 50% 692 5089 390 287%
c - 12.23 13 14 22 55 8865 2 269040 25682 1.8 15 8 3 9 50% 692 5089 390 287%
c - 12.58 13 14 22 56 8941 2 276456 27569 1.8 15 8 3 9 50% 692 5089 390 287%
c - 12.98 13 14 22 57 9009 2 283940 28753 1.8 15 8 3 9 50% 692 5089 390 287%
c - 13.41 13 14 22 58 9143 2 291489 29754 1.8 15 8 3 9 50% 692 5089 390 287%
c } 13.71 13 13 23 58 9231 2 297258 34789 1.8 15 8 3 9 50% 692 5089 390 287%
c [ 13.71 13 15 23 58 9231 1 297258 34789 1.6 17 11 5 12 53% 692 5089 390 287%
c I 13.71 13 15 23 58 9231 1 297258 34789 1.6 17 11 5 12 53% 692 5089 390 287%
c o 13.76 13 15 23 58 9232 1 298290 35716 1.6 17 11 5 12 53% 692 5089 390 287%
c - 13.79 13 16 23 59 9232 1 299104 30259 1.6 17 11 4 12 53% 692 5089 390 287%
c s 13.87 13 16 23 59 9234 1 301435 32418 1.6 17 11 4 12 53% 692 4949 390 287%
c e 13.88 11 16 23 59 9234 1 301435 32418 1.6 17 11 4 12 53% 511 6092 316 232%
c ! 13.89 11 16 23 59 9234 1 301435 32418 1.6 17 11 4 12 53% 511 6092 316 232%
c u 14.00 13 16 23 59 9235 1 303331 20417 1.6 17 11 4 12 53% 511 6092 316 232%
c v 14.06 14 16 23 59 9235 1 303331 20008 1.6 17 11 4 12 53% 511 6092 316 232%
c
c seconds   switched    rate          size/glue  tier1    binary      remaining
c        MB   reductions  conflicts         size   tier2    irredundant
c         level    restarts      redundant     glue    trail      variables
c
c w 14.08 14 16 23 59 9235 1 303331 19762 1.6 17 11 4 12 53% 511 6092 316 232%
c x 14.14 14 16 23 59 9235 1 303331 19738 1.6 17 11 4 12 53% 511 5925 316 232%
c f 14.15 11 16 23 59 9235 1 303331 19738 1.6 17 11 4 12 53% 593 5096 352 259%
c u 14.21 13 16 23 59 9235 1 303331 18688 1.6 17 11 4 12 53% 593 5096 352 259%
c v 14.27 13 16 23 59 9235 1 303331 18473 1.6 17 11 4 12 53% 593 5096 352 259%
c w 14.29 13 16 23 59 9235 1 303331 18346 1.6 17 11 4 12 53% 593 5096 352 259%
c x 14.34 13 16 23 59 9235 1 303331 18341 1.6 17 11 4 12 53% 593 5079 352 259%
c - 14.46 13 16 23 60 9237 1 306787 16817 1.6 17 11 4 12 53% 593 5079 352 259%
c - 14.71 13 16 23 61 9241 1 314534 19614 1.6 17 11 4 12 53% 593 5079 352 259%
c - 14.98 13 16 23 62 9245 1 322344 22502 1.6 17 11 4 12 53% 593 5079 352 259%
c - 15.23 13 16 23 63 9246 1 330219 24224 1.6 17 11 4 12 53% 593 5079 352 259%
c B 15.42 13 16 23 63 9251 1 336698 30073 1.6 17 11 4 12 53% 593 5079 352 259%
c - 15.47 13 16 23 64 9251 1 338156 23658 1.6 17 11 4 12 53% 593 5079 352 259%
c - 15.74 13 16 23 65 9255 1 346156 23914 1.6 17 11 4 12 53% 593 5079 352 259%
c ] 15.88 13 16 24 65 9258 1 350211 27373 1.6 17 11 4 12 53% 593 5079 352 259%
c { 15.88 13 13 24 65 9258 2 350211 27373 1.8 15 8 3 9 50% 593 5079 352 259%
c - 16.12 13 14 24 66 10036 2 354218 26021 1.8 15 8 3 9 50% 593 5079 352 259%
c u 16.44 14 14 24 66 10599 2 359141 30118 1.8 15 8 3 9 50% 593 5079 352 259%
c v 16.49 14 14 24 66 10599 2 359141 29852 1.8 15 8 3 9 50% 593 5079 352 259%
c w 16.51 15 14 24 66 10599 2 359141 29539 1.8 15 8 3 9 50% 593 5079 352 259%
c
c seconds   switched     rate          size/glue tier1   binary      remaining
c        MB   reductions   conflicts         size  tier2   irredundant
c         level    restarts       redundant    glue   trail      variables
c
c x 16.56 15 14 24 66 10599 2 359141 29522 1.8 15 8 3 9 50% 593 5009 352 259%
c - 16.74 14 14 24 67 10939 2 362343 27069 1.8 15 8 3 9 50% 593 5009 352 259%
c - 17.21 13 14 24 68 11960 2 370528 27924 1.8 15 8 3 9 50% 593 5009 352 259%
c - 17.62 14 14 24 69 12495 2 378774 28953 1.7 15 8 3 9 50% 593 5009 352 259%
c o 17.65 13 14 24 69 12501 2 379455 29482 1.7 15 8 3 9 50% 593 5009 352 259%
c } 18.01 14 14 25 69 12945 2 386888 35927 1.7 14 8 3 9 50% 593 5009 352 259%
c [ 18.01 14 16 25 69 12945 1 386888 35927 1.6 17 11 4 12 53% 593 5009 352 259%
c W 18.03 11 16 25 69 12945 1 386888 35927 1.6 17 11 4 12 53% 593 5009 352 259%
c - 18.04 11 16 25 70 12945 1 387082 29920 1.6 17 11 4 12 53% 593 5009 352 259%
c - 18.37 12 16 25 71 12951 1 395449 30374 1.6 17 11 4 12 53% 593 5009 352 259%
c - 18.75 12 16 25 72 12955 1 403876 30289 1.6 17 10 4 12 53% 594 5009 352 259%
c - 19.07 12 16 25 73 12959 1 412361 31133 1.6 17 10 4 12 53% 594 5009 352 259%
c u 19.44 13 15 25 73 12960 1 420212 37914 1.6 17 10 4 12 53% 594 5009 352 259%
c v 19.51 17 15 25 73 12960 1 420212 36580 1.6 17 10 4 12 53% 594 5009 352 259%
c w 19.54 18 15 25 73 12960 1 420212 35538 1.6 17 10 4 12 53% 594 5009 352 259%
c x 19.60 18 15 25 73 12960 1 420212 35523 1.6 17 10 4 12 53% 594 4926 352 259%
c - 19.64 16 15 25 74 12961 1 420905 29801 1.6 17 10 4 12 53% 594 4926 352 259%
c - 19.99 15 15 25 75 12966 1 429507 31444 1.6 17 10 4 12 54% 594 4926 352 259%
c s 20.07 15 15 25 75 12966 1 431140 32641 1.6 16 10 4 12 54% 594 4838 352 259%
c e 20.08 13 15 25 75 12966 1 431140 32641 1.6 16 10 4 12 54% 544 5252 324 238%
c
c seconds   switched     rate          size/glue  tier1    binary      remaining
c        MB   reductions   conflicts         size   tier2    irredundant
c         level    restarts       redundant     glue    trail      variables
c
c s 20.08 13 15 25 75 12966 1 431140 32641 1.6 16 10 4 12 54% 544 5251 324 238%
c O 20.24 15 15 25 75 12969 1 435049 31008 1.6 16 10 4 12 54% 545 5251 324 238%
c ] 20.26 15 15 26 75 12969 1 435805 31582 1.6 16 10 4 12 54% 545 5251 324 238%
c { 20.26 15 14 26 75 12969 2 435805 31582 1.7 14 8 3 9 50% 545 5251 324 238%
c - 20.36 16 14 26 76 13048 2 438168 28839 1.7 14 8 3 9 50% 545 5251 324 238%
c - 20.75 16 14 26 77 13440 2 446886 28479 1.7 14 8 2 8 50% 545 5251 324 238%
c - 21.14 16 13 26 78 13854 2 455662 29028 1.7 14 8 2 8 50% 547 5251 324 238%
c - 21.56 16 13 26 79 14434 2 464496 29784 1.7 14 8 2 8 50% 547 5251 324 238%
c o 21.80 16 13 26 79 14761 2 469462 34052 1.7 14 8 2 8 50% 547 5251 324 238%
c - 21.97 16 13 26 80 14852 2 473385 30136 1.7 14 8 2 8 50% 548 5251 324 238%
c } 22.20 15 13 27 80 15176 2 478023 34230 1.7 14 8 2 8 50% 548 5251 324 238%
c [ 22.20 15 15 27 80 15176 1 478023 34230 1.6 16 10 4 12 54% 548 5251 324 238%
c - 22.37 15 15 27 81 15179 1 482330 30086 1.6 16 10 4 11 54% 548 5251 324 238%
c u 22.59 13 15 27 81 15182 1 486689 33358 1.6 16 10 4 11 54% 548 5251 324 238%
c v 22.67 13 15 27 81 15182 1 486689 33238 1.6 16 10 4 11 54% 548 5251 324 238%
c w 22.70 13 15 27 81 15182 1 486689 33206 1.6 16 10 4 11 54% 548 5251 324 238%
c x 22.75 13 15 27 81 15182 1 486689 33201 1.6 16 10 4 11 54% 548 5234 324 238%
c f 23.21 13 15 27 81 15182 1 486689 33201 1.6 16 10 4 11 54% 568 4987 336 247%
c u 23.28 13 15 27 81 15182 1 486689 32470 1.6 16 10 4 11 54% 568 4987 336 247%
c v 23.36 13 15 27 81 15182 1 486689 32323 1.6 16 10 4 11 54% 568 4987 336 247%
c
c seconds   switched     rate          size/glue  tier1    binary      remaining
c        MB   reductions   conflicts         size   tier2    irredundant
c         level    restarts       redundant     glue    trail      variables
c
c w 23.39 13 15 27 81 15182 1 486689 32274 1.6 16 10 4 11 54% 568 4987 336 247%
c x 23.45 13 15 27 81 15182 1 486689 32233 1.6 16 10 4 11 54% 568 4907 336 247%
c B 23.50 13 15 27 81 15182 1 487836 33169 1.6 16 10 4 11 54% 568 4907 336 247%
c - 23.62 13 15 27 82 15183 1 491332 27258 1.6 16 10 4 11 54% 568 4907 336 247%
c - 23.93 13 15 27 83 15189 1 500389 25624 1.6 17 10 4 11 54% 568 4907 336 247%
c - 24.26 13 15 27 84 15190 1 509499 25544 1.6 17 10 4 11 54% 568 4907 336 247%
c - 24.60 13 15 27 85 15196 1 518664 27262 1.6 17 10 4 11 55% 568 4907 336 247%
c - 24.93 13 15 27 86 15201 1 527883 28062 1.6 16 10 4 11 55% 568 4907 336 247%
c ] 25.10 13 15 28 86 15204 1 532352 31799 1.6 16 10 4 11 54% 568 4907 336 247%
c { 25.10 13 13 28 86 15204 2 532352 31799 1.7 14 8 2 8 50% 568 4907 336 247%
c - 25.32 13 13 28 87 15448 2 537156 28637 1.7 14 8 2 8 50% 569 4907 336 247%
c - 25.71 13 13 28 88 15704 2 546484 29999 1.7 14 8 2 8 50% 569 4907 336 247%
c - 26.11 13 13 28 89 16000 2 555864 30969 1.7 14 8 2 8 50% 570 4907 336 247%
c u 26.29 13 13 28 89 16002 2 558585 32193 1.7 14 8 2 8 51% 571 4907 336 247%
c v 26.36 13 13 28 89 16002 2 558585 31543 1.7 14 8 2 8 51% 572 4907 336 247%
c w 26.38 13 13 28 89 16002 2 558585 31460 1.7 14 8 2 8 51% 572 4907 336 247%
c x 26.44 13 13 28 89 16002 2 558585 31442 1.7 14 8 2 8 51% 572 4690 336 247%
c t 26.45 13 13 28 89 16002 2 558585 31442 1.7 14 8 2 8 51% 571 4690 336 247%
c - 26.76 13 13 28 90 16235 2 565298 30470 1.7 14 8 2 8 50% 571 4690 336 247%
c o 26.95 13 13 28 90 16352 2 569580 34118 1.7 14 8 2 8 51% 571 4690 336 247%
c
c seconds   switched     rate          size/glue tier1   binary      remaining
c        MB   reductions   conflicts         size  tier2   irredundant
c         level    restarts       redundant    glue   trail      variables
c
c - 27.23 13 13 28 91 16765 2 574785 31312 1.7 13 8 2 8 51% 571 4690 336 247%
c i 27.28 13 13 28 91 16765 2 576221 32268 1.7 13 8 2 8 51% 583 4690 335 246%
c } 27.46 13 12 29 91 16888 2 580491 35699 1.7 13 8 2 8 51% 584 4690 335 246%
c [ 27.46 13 15 29 91 16888 1 580491 35699 1.6 16 10 4 11 54% 584 4690 335 246%
c W 27.51 13 15 29 91 16888 1 580491 35699 1.6 16 10 4 11 54% 565 4630 335 246%
c - 27.66 13 15 29 92 16890 1 584324 29176 1.6 16 10 4 11 54% 565 4630 335 246%
c s 27.99 13 15 29 92 16895 1 592887 35749 1.6 16 10 4 11 54% 566 4503 335 246%
c e 27.99 13 15 29 92 16895 1 592887 35749 1.6 16 10 4 11 54% 552 4633 324 238%
c s 27.99 13 15 29 92 16895 1 592887 35749 1.6 16 10 4 11 54% 552 4618 324 238%
c - 28.04 13 15 29 93 16896 1 593915 21992 1.6 16 10 4 11 54% 552 4618 324 238%
c i 28.39 13 14 29 93 16901 1 603276 28819 1.6 16 10 4 11 54% 558 4618 308 226%
c - 28.41 12 14 29 94 16901 1 603561 15964 1.6 16 10 3 11 54% 509 4618 308 226%
c i 28.52 12 14 29 94 16902 1 607010 18586 1.6 16 10 3 11 54% 519 4618 307 226%
c - 28.71 12 14 29 95 16902 1 613258 18610 1.6 15 10 3 11 54% 509 4618 307 226%
c i 28.73 12 14 29 95 16903 1 613956 19099 1.6 15 10 3 11 54% 515 4618 299 220%
c i 28.80 12 14 29 95 16905 1 616203 20752 1.6 15 10 3 11 54% 525 4618 292 215%
c i 28.82 12 14 29 95 16905 1 616733 21103 1.6 15 10 3 11 54% 532 4618 257 189%
c i 28.82 12 14 29 95 16905 1 616753 21111 1.6 15 10 3 11 54% 536 4618 253 186%
c i 28.82 12 14 29 95 16905 1 616763 21112 1.6 15 10 3 11 54% 539 4618 252 185%
c i 28.82 12 14 29 95 16905 1 616765 21112 1.6 15 10 3 11 54% 540 4618 244 179%
c
c seconds   switched     rate          size/glue  tier1    binary      remaining
c        MB   reductions   conflicts         size   tier2    irredundant
c         level    restarts       redundant     glue    trail      variables
c
c i 28.82 12 14 29 95 16905 1 616767 21112 1.6 15 10 3 11 54% 541 4618 197 145%
c ] 28.82 12 14 29 95 16905 1 616769 21112 1.6 15 10 3 11 54% 541 4618 176 129%
c 0 28.82 12 12 29 95 16905 2 616769 21112 1.7 13 8 2 8 51% 541 4618 176 129%
c
c ---- [ result ] ------------------------------------------------------------
c
s UNSATISFIABLE
c
c ---- [ profiling ] ---------------------------------------------------------
c
c          24.73   85.79 %  search
c          12.70   44.08 %  focused
c          12.02   41.71 %  stable
c           3.91   13.58 %  probe
c           3.67   12.72 %  simplify
c           2.56    8.89 %  vivify
c           0.79    2.75 %  sweep
c           0.45    1.57 %  factor
c           0.42    1.44 %  preprocess
c           0.22    0.77 %  reduce
c           0.09    0.32 %  eliminate
c           0.09    0.32 %  substitute
c           0.08    0.27 %  walking
c           0.04    0.14 %  subsume
c           0.01    0.03 %  congruence
c           0.01    0.03 %  parse
c           0.00    0.02 %  transitive
c           0.00    0.01 %  lucky
c           0.00    0.00 %  backbone
c =============================================
c          28.82  100.00 %  total
c
c ---- [ statistics ] --------------------------------------------------------
c
c conflicts:                           616769            21399.47 per second
c decisions:                           985309                1.60 per conflict
c eliminated:                             382              281 %  variables
c factored:                               571              420 %  variables
c iterations:                              11                8 %  variables
c propagations:                      39338912          1364906    per second
c reductions:                              95             6492    interval
c reordered:                               11            56070    interval
c rephased:                                20            30838    interval
c restarts:                             16905               36    interval
c strengthened:                            16                0 %  checks
c subsumed:                              5360                0 %  checks
c switched:                                29            21268    interval
c vivified:                             35422               60 %  checks
c walks:                                    7            88110    interval
c
c ---- [ glue usage ] --------------------------------------------------------
c
c focused glue 2   used 210416 clauses 19.56% accumulated 55.24% tier1
c focused glue 3   used 112165 clauses 10.43% accumulated 65.66%
c focused glue 4-6 used 191628 clauses 17.81% accumulated 83.48%
c focused glue 7   used  47566 clauses  4.42% accumulated 87.90%
c focused glue 8   used  39338 clauses  3.66% accumulated 91.56% tier2
c
c stable glue 3   used 155589 clauses  9.95% accumulated 51.15% tier1
c stable glue 4   used 124295 clauses  7.95% accumulated 59.09%
c stable glue 5-9 used 405107 clauses 25.90% accumulated 84.99%
c stable glue 10  used  54107 clauses  3.46% accumulated 88.45%
c stable glue 11  used  46714 clauses  2.99% accumulated 91.43% tier2
c
c ---- [ resources ] ---------------------------------------------------------
c
c maximum-resident-set-size:         17952768 bytes         17 MB
c process-time:                            29s              28.82 seconds
c
c ---- [ shutting down ] -----------------------------------------------------
c
c exit 20
