c ---- [ banner ] ------------------------------------------------------------
c
c Kissat SAT Solver
c 
c Copyright (c) 2021-2024 Armin Biere University of Freiburg
c Copyright (c) 2019-2021 Armin Biere Johannes Kepler University Linz
c 
c Version 4.0.4 8af8e56f174b778aef3aa45af9f739b2a5f492c2
c gcc (Ubuntu 13.3.0-6ubuntu2~24.04.1) 13.3.0 -W -Wall -O3 -DNDEBUG
c Wed Apr 15 16:07:08 EEST 2026 Linux cluster-4 6.17.0-14-generic x86_64
c
c ---- [ parsing ] -----------------------------------------------------------
c
c opened and reading DIMACS file:
c
c   tmp.cnf
c
c parsed 'p cnf 153 461448' header
c closing input after reading 11301875 bytes (11 MB)
c finished parsing after 0.09 seconds
c
c ---- [ solving ] -----------------------------------------------------------
c
c seconds switched rate     size/glue tier1 binary        remaining
c        MB reductions conflicts size  tier2   irredundant
c         level restarts redundant glue  trail        variables
c
c *  0.09 29 0 0 0  0 0   0   0 0.0 0 0 0 0 0%   0 461448 153 100%
c (  0.14 41 0 0 0  0 0   0   0 0.0 0 0 0 0 0%   0 461448 153 100%
c .  0.14 41 0 0 0  0 0   0   0 0.0 0 0 0 0 0%   0 461448 153 100%
c f  3.12 44 0 0 0  0 0   0   0 0.0 0 0 0 0 0%   6 431418 154 101%
c )  3.12 44 0 0 0  0 0   0   0 0.0 0 0 0 0 0%   6 431418 154 101%
c {  3.15 45 0 0 0  0 0   0   0 0.0 0 0 2 6 0%   6 431418 154 101%
c -  3.37 47 20 0 1  7 1 1001 561 1.4 17 12 11 17 40%   6 431418 154 101%
c }  3.37 47 20 1 1  7 1 1001 561 1.4 17 12 11 17 40%   6 431418 154 101%
c [  3.37 47 0 1 1  7 0 1001 561 0.0 0 0 2 6 0%   6 431418 154 101%
c B  3.37 47 0 1 1  7 0 1001 561 0.0 0 0 2 6 0%   6 431418 154 101%
c -  3.51 48 29 1 2  7 1 2001 1250 1.5 22 15 14 20 44%   6 431418 154 101%
c W  3.55 46 29 1 2  7 1 2006 1252 1.5 22 15 14 20 44%   6 431418 154 101%
c ]  3.64 47 33 2 2  8 1 2606 1748 1.5 26 17 14 21 52%   6 431418 154 101%
c {  3.64 47 20 2 2  8 1 2606 1748 1.4 17 12 11 17 40%   6 431418 154 101%
c u  3.70 48 21 2 2 31 1 2682 1803 1.4 18 13 11 17 41%   6 431418 154 101%
c v  3.73 48 21 2 2 31 1 2682 1802 1.4 18 13 11 17 41%   6 431418 154 101%
c w  3.75 48 21 2 2 31 1 2682 1801 1.4 18 13 11 17 41%   6 431418 154 101%
c x  3.78 49 21 2 2 31 1 2682 1801 1.4 18 13 11 17 41%   6 431261 154 101%
c -  4.00 50 19 2 3 116 1 3415 2123 1.3 18 13 12 18 38%   6 431261 154 101%
c }  4.05 51 19 3 3 116 1 3608 2245 1.3 18 13 12 18 39%   6 431261 154 101%
c
c seconds  switched  rate       size/glue  tier1     binary        remaining
c        MB reductions conflicts      size    tier2     irredundant
c         level restarts   redundant     glue     trail        variables
c
c [  4.05 51 33 3 3 116 1 3608 2245 1.5 26 17 14 21 52%   6 431261 154 101%
c I  4.24 51 29 3 3 116 1 4265 2767 1.7 25 15 14 21 53%   6 431261 154 101%
c ]  4.32 52 27 4 3 116 1 4520 2960 1.8 24 14 13 22 53%   6 431261 154 101%
c {  4.32 52 19 4 3 116 1 4520 2960 1.3 18 13 12 18 39%   6 431261 154 101%
c -  4.46 53 19 4 4 128 1 5148 3206 1.4 18 13 12 18 43%   6 431261 154 101%
c }  4.78 54 18 5 4 151 1 6873 4589 1.6 19 12 12 18 48%   6 431261 154 101%
c [  4.78 54 27 5 4 151 1 6873 4589 1.8 24 14 13 22 53%   6 431261 154 101%
c -  4.83 54 26 5 5 151 1 7148 4429 1.7 23 13 12 21 54%   6 431261 154 101%
c B  5.01 54 22 5 5 152 1 8036 5093 1.8 21 12 12 21 55%   6 431261 154 101%
c u  5.18 58 23 5 5 152 1 8261 5285 1.9 23 12 12 21 57%   6 431261 154 101%
c v  5.23 60 23 5 5 152 1 8261 5281 1.9 23 12 12 21 57%   6 431261 154 101%
c w  5.26 61 23 5 5 152 1 8261 5277 1.9 23 12 12 21 57%   6 431261 154 101%
c x  5.30 62 23 5 5 152 1 8261 5277 1.9 23 12 12 21 57%   6 430656 154 101%
c -  5.57 65 28 5 6 153 1 9384 5698 1.7 26 15 11 25 60%   6 430656 154 101%
c ]  5.58 65 28 6 6 153 1 9515 5815 1.7 26 15 11 25 60%   6 430656 154 101%
c {  5.58 65 18 6 6 153 1 9515 5815 1.6 19 12 12 18 48%   6 430656 154 101%
c -  6.07 67 16 6 7 157 1 11836 6708 1.9 21 11 9 15 57%   6 430656 154 101%
c ^  6.65 67 16 6 7 158 1 13408 8125 2.1 21 10 9 15 60%   6 430656 154 101%
c o  6.66 67 16 6 7 158 1 13408 8125 2.1 21 10 9 15 60%   6 430656 154 101%
c }  6.71 67 16 7 7 158 1 13584 8284 2.1 21 10 9 15 59%   6 430656 154 101%
c
c seconds  switched  rate        size/glue  tier1     binary        remaining
c        MB reductions conflicts       size    tier2     irredundant
c         level restarts    redundant     glue     trail        variables
c
c [  6.71 67 28 7 7 158 1 13584 8284 1.7 26 15 11 25 60%   6 430656 154 101%
c W  6.75 64 28 7 7 158 1 13584 8284 1.7 26 15 11 25 60%   6 430656 154 101%
c -  6.88 65 29 7 8 158 1 14483 8037 1.7 27 16 12 26 61%   6 430656 154 101%
c u  7.31 68 29 7 8 160 1 16922 10092 1.8 28 16 11 25 62%   6 430656 154 101%
c v  7.37 68 29 7 8 160 1 16922 10087 1.8 28 16 11 25 62%   6 430656 154 101%
c w  7.40 69 29 7 8 160 1 16922 10081 1.8 28 16 11 25 62%   6 430656 154 101%
c x  7.45 69 29 7 8 160 1 16922 10081 1.8 28 16 11 25 62%   6 429872 154 101%
c -  7.61 70 29 7 9 160 1 17311 9364 1.8 29 16 11 25 62%   6 429872 154 101%
c ]  7.92 70 29 8 9 162 1 19436 11185 1.8 29 16 11 25 63%   6 429872 154 101%
c {  7.92 70 16 8 9 162 1 19436 11185 2.1 21 10 9 15 59%   6 429872 154 101%
c -  8.07 70 15 8 10 181 1 20311 10385 2.1 21 10 8 14 59%   6 429872 154 101%
c -  8.86 69 16 8 11 440 2 23473 11464 2.1 21 10 8 14 61%   6 429872 154 101%
c o  8.94 69 16 8 11 459 2 23833 11765 2.1 21 10 8 14 61%   6 429872 154 101%
c }  9.40 60 16 9 11 547 2 25595 13291 2.2 22 10 8 14 61%   6 429872 154 101%
c [  9.40 60 29 9 11 547 1 25595 13291 1.8 29 16 11 25 63%   6 429872 154 101%
c O  9.40 60 29 9 11 547 1 25595 13291 1.8 29 16 11 25 63%   6 429872 154 101%
c -  9.60 65 29 9 12 548 1 26789 12534 1.8 29 16 11 25 62%   6 429872 154 101%
c s  9.69 65 29 9 12 548 1 26814 12556 1.8 29 16 11 25 62%   6 429868 154 101%
c ^  9.81 68 29 9 12 548 1 26814 12556 1.8 29 16 11 25 62%   6 429868 154 101%
c u 10.29 70 28 9 12 549 1 28852 14071 1.8 29 16 11 25 60%   6 429868 154 101%
c
c seconds  switched   rate         size/glue  tier1     binary        remaining
c        MB  reductions conflicts        size    tier2     irredundant
c         level  restarts     redundant     glue     trail        variables
c
c v 10.37 71 28 9 12 549 1 28852 14066 1.8 29 16 11 25 60%   6 429868 154 101%
c w 10.41 71 28 9 12 549 1 28852 14066 1.8 29 16 11 25 60%   6 429868 154 101%
c x 10.47 72 28 9 12 549 1 28852 14066 1.8 29 16 11 25 60%   6 428623 154 101%
c - 10.80 67 29 9 13 550 1 30253 13591 1.7 29 17 12 24 61%   6 428623 154 101%
c - 11.13 68 34 9 14 552 1 33861 14227 1.6 31 20 12 29 62%   6 428623 154 101%
c B 11.28 68 35 9 14 553 1 35356 15459 1.5 32 21 12 29 63%   6 428623 154 101%
c ] 11.40 68 36 10 14 553 1 36787 16523 1.5 33 22 12 29 62%   6 428623 154 101%
c { 11.40 68 16 10 14 553 2 36787 16523 2.2 22 10 8 14 61%   6 428623 154 101%
c - 11.55 69 16 10 15 639 2 37602 14488 2.3 22 10 8 14 62%   6 428623 154 101%
c - 12.56 71 16 10 16 977 2 41475 14736 2.3 22 10 7 14 61%   6 428623 154 101%
c u 13.17 65 16 10 16 1086 2 44212 16888 2.3 22 10 7 14 60%   6 428623 154 101%
c v 13.26 67 16 10 16 1086 2 44212 16877 2.3 22 10 7 14 60%   6 428623 154 101%
c w 13.30 67 16 10 16 1086 2 44212 16876 2.3 22 10 7 14 60%   6 428623 154 101%
c x 13.38 69 16 10 16 1086 2 44212 16876 2.3 22 10 7 14 60%   6 428438 154 101%
c o 13.52 69 16 10 16 1086 2 44212 16876 2.3 22 10 7 14 60%   6 428438 154 101%
c } 13.79 70 15 11 16 1104 2 45417 17913 2.3 22 10 7 14 60%   6 428438 154 101%
c [ 13.80 70 36 11 16 1104 1 45417 17913 1.5 33 22 12 29 62%   6 428438 154 101%
c - 13.81 70 36 11 17 1104 1 45476 15656 1.5 33 22 13 33 62%   6 428438 154 101%
c W 14.32 64 34 11 17 1106 1 47579 17423 1.5 32 20 13 33 62%   6 428438 154 101%
c - 14.56 66 35 11 18 1106 1 49600 17149 1.6 33 20 12 31 64%   6 428438 154 101%
c
c seconds   switched    rate         size/glue  tier1     binary        remaining
c        MB   reductions  conflicts        size    tier2     irredundant
c         level    restarts     redundant     glue     trail        variables
c
c - 15.00 68 35 11 19 1109 1 53842 18672 1.6 33 20 12 30 65%   6 428438 154 101%
c s 15.40 69 35 11 19 1110 1 55871 20427 1.6 33 20 12 30 65%   6 428425 154 101%
c ^ 15.60 69 35 11 19 1110 1 55871 20427 1.6 33 20 12 30 65%   6 428425 154 101%
c ] 15.88 69 35 12 19 1111 1 58106 22347 1.6 33 20 12 30 66%   6 428425 154 101%
c { 15.88 69 15 12 19 1111 2 58106 22347 2.3 22 10 7 14 60%   6 428425 154 101%
c - 15.90 69 15 12 20 1135 2 58200 19894 2.3 22 10 7 13 61%   6 428425 154 101%
c - 17.13 72 15 12 21 1482 2 62680 20727 2.3 22 10 7 14 60%   7 428425 154 101%
c u 17.42 69 16 12 21 1552 2 63104 21027 2.2 22 10 7 14 60%   7 428425 154 101%
c v 17.55 69 16 12 21 1552 2 63104 20974 2.2 22 10 7 14 60%   7 428425 154 101%
c w 17.60 70 16 12 21 1552 2 63104 20974 2.2 22 10 7 14 60%   7 428425 154 101%
c x 17.69 70 16 12 21 1552 2 63104 20974 2.2 22 10 7 14 60%   7 428279 154 101%
c - 18.82 71 15 12 22 1697 2 67263 21386 2.2 21 9 7 13 60%   8 428278 154 101%
c } 19.43 70 15 13 22 1837 2 69585 23329 2.3 21 9 7 13 60%   8 428278 154 101%
c [ 19.44 70 35 13 22 1837 1 69585 23329 1.6 33 20 12 30 66%   8 428278 154 101%
c I 19.44 70 35 13 22 1837 1 69585 23329 1.6 33 20 12 30 66%   8 428278 154 101%
c - 19.87 72 33 13 23 1839 1 71953 22923 1.6 32 20 12 29 65%   8 428278 154 101%
c - 20.61 73 32 13 24 1842 1 76750 25151 1.7 32 19 11 28 66%   8 428278 154 101%
c - 21.49 74 31 13 25 1843 1 81650 27207 1.7 31 18 11 27 66%   8 428278 154 101%
c ] 22.04 66 31 14 25 1846 1 85283 30467 1.8 31 18 11 27 66%   8 428278 154 101%
c { 22.04 66 15 14 25 1846 2 85283 30467 2.3 21 9 7 13 60%   8 428278 154 101%
c
c seconds   switched    rate         size/glue tier1    binary        remaining
c        MB   reductions  conflicts        size  tier2     irredundant
c         level    restarts     redundant    glue    trail        variables
c
c o 22.05 66 15 14 25 1850 2 85309 30491 2.3 21 9 7 13 60%   8 428278 154 101%
c u 22.35 71 15 14 25 1864 2 85668 30783 2.3 21 9 7 13 60%   8 428278 154 101%
c v 22.50 73 15 14 25 1864 2 85668 30652 2.3 21 9 7 13 60%   8 428278 154 101%
c w 22.57 73 15 14 25 1864 2 85668 30651 2.3 21 9 7 13 60%   8 428278 154 101%
c x 22.69 73 15 14 25 1864 2 85668 30651 2.3 21 9 7 13 60%   8 428105 154 101%
c - 23.17 69 15 14 26 1934 2 86651 28728 2.3 21 9 7 13 60%   8 428105 154 101%
c - 24.39 71 15 14 27 2222 2 91752 29760 2.3 21 9 7 13 61%   9 428104 154 101%
c - 25.87 74 15 14 28 2751 2 96949 30804 2.3 22 9 7 13 61%   9 428104 154 101%
c } 26.62 70 15 15 28 2885 2 99998 33448 2.3 22 9 7 13 61%   9 428104 154 101%
c [ 26.62 70 31 15 28 2885 1 99998 33448 1.8 31 18 11 27 66%   9 428104 154 101%
c B 26.62 70 31 15 28 2885 1 99998 33448 1.8 31 18 11 27 66%   9 428104 154 101%
c - 26.89 72 32 15 29 2887 1 102240 32386 1.8 32 18 11 27 67%   9 428104 154 101%
c s 27.28 73 32 15 29 2887 1 102660 32708 1.8 32 18 11 27 67%   9 427627 154 101%
c ^ 27.65 73 32 15 29 2887 1 102660 32708 1.8 32 18 11 27 67%   9 427627 154 101%
c - 28.27 74 32 15 30 2890 1 107625 33683 1.8 32 18 11 27 68%   9 427627 154 101%
c u 29.30 72 31 15 30 2891 1 112036 37474 1.8 32 18 11 27 68%   9 427627 154 101%
c v 29.49 74 31 15 30 2891 1 112036 37316 1.8 32 18 11 27 68%   9 427627 154 101%
c w 29.58 75 31 15 30 2891 1 112036 37311 1.8 32 18 11 27 68%   9 427627 154 101%
c x 29.70 75 31 15 30 2891 1 112036 37311 1.8 32 18 11 27 68%   9 427523 154 101%
c - 30.09 67 32 15 31 2892 1 113103 35223 1.8 32 18 11 26 68%   9 427523 154 101%
c
c seconds   switched    rate          size/glue  tier1     binary        remaining
c        MB   reductions  conflicts         size    tier2     irredundant
c         level    restarts      redundant     glue     trail        variables
c
c - 30.92 70 32 15 32 2896 1 118670 36612 1.8 32 18 11 26 68%   9 427523 154 101%
c W 31.31 68 32 15 32 2897 1 120909 38554 1.8 32 18 11 26 68%   9 427523 154 101%
c ] 31.74 70 32 16 32 2898 1 124027 41230 1.8 32 18 11 26 68%   9 427523 154 101%
c { 31.74 70 15 16 32 2898 2 124027 41230 2.3 22 9 7 13 61%   9 427523 154 101%
c - 31.85 72 15 16 33 2927 2 124326 37507 2.3 22 9 7 13 61%   9 427523 154 101%
c - 33.03 73 15 16 34 3072 2 130071 38707 2.3 22 9 7 13 61%   9 427523 154 101%
c o 33.60 74 15 16 34 3148 2 132918 40719 2.3 21 9 7 13 60%   9 427523 154 101%
c - 34.63 74 15 16 35 3527 2 135903 38735 2.3 21 9 7 13 59%   9 427523 154 101%
c - 36.44 74 15 16 36 4063 2 141819 40243 2.2 21 9 7 13 59%   9 427523 154 101%
c u 36.88 71 15 16 36 4109 2 142286 40540 2.2 21 9 7 13 59%   9 427523 154 101%
c v 37.16 73 15 16 36 4109 2 142286 40401 2.2 21 9 7 13 59%   9 427523 154 101%
c w 37.24 73 15 16 36 4109 2 142286 40373 2.2 21 9 7 13 59%   9 427523 154 101%
c x 37.40 74 15 16 36 4109 2 142286 40373 2.2 21 9 7 13 59%   9 427245 154 101%
c } 37.66 74 15 17 36 4127 2 142364 40437 2.2 21 9 7 13 59%   9 427245 154 101%
c [ 37.66 74 32 17 36 4127 1 142364 40437 1.8 32 18 11 26 68%   9 427245 154 101%
c O 38.29 75 31 17 36 4129 1 145137 42439 1.8 32 18 11 26 67%  10 427245 154 101%
c - 38.93 70 31 17 37 4131 1 147820 41827 1.8 32 18 11 25 67%  10 427245 154 101%
c - 40.29 74 30 17 38 4133 1 153903 43855 1.8 32 17 10 25 68%  10 427245 154 101%
c - 41.57 76 29 17 39 4138 1 160068 45483 1.9 32 17 10 25 68%  10 427245 154 101%
c ] 42.10 77 29 18 39 4139 1 162761 47854 1.9 31 16 10 25 68%  10 427245 154 101%
c
c seconds   switched    rate          size/glue tier1    binary        remaining
c        MB   reductions  conflicts         size  tier2     irredundant
c         level    restarts      redundant    glue    trail        variables
c
c { 42.10 77 15 18 39 4139 2 162761 47854 2.2 21 9 7 13 59%  10 427245 154 101%
c - 43.41 77 15 18 40 4978 2 166314 46168 2.1 21 10 7 13 58%  10 427245 154 101%
c s 45.00 73 16 18 40 5575 2 169132 48187 2.1 21 10 7 13 57%  10 427048 154 101%
c s 45.49 74 16 18 40 5575 2 169132 48187 2.1 21 10 7 13 57%  10 427046 154 101%
c ^ 45.50 74 16 18 40 5575 2 169132 48187 2.1 21 10 7 13 57%  10 427046 154 101%
c - 46.77 75 16 18 41 6431 2 172641 46204 2.0 21 10 7 14 56%  10 427046 154 101%
c u 48.79 79 16 18 41 7339 2 176524 48739 1.9 21 11 7 14 56%  10 427046 154 101%
c v 49.15 80 16 18 41 7339 2 176524 48721 1.9 21 11 7 14 56%  10 427046 154 101%
c w 49.26 80 16 18 41 7339 2 176524 48715 1.9 21 11 7 14 56%  10 427046 154 101%
c x 49.45 80 16 18 41 7339 2 176524 48715 1.9 21 11 7 14 56%  10 422730 154 101%
c - 50.48 76 16 18 42 7926 2 179044 45832 1.9 21 11 8 15 55%  10 422730 154 101%
c o 51.81 74 17 18 42 8849 2 182924 48399 1.8 20 11 8 15 54%  10 422730 154 101%
c } 52.68 74 17 19 42 9308 2 185106 49948 1.8 20 11 8 15 54%  10 422730 154 101%
c [ 52.68 74 29 19 42 9308 1 185106 49948 1.9 31 16 10 25 68%  10 422730 154 101%
c B 52.68 74 29 19 42 9308 1 185106 49948 1.9 31 16 10 25 68%  10 422730 154 101%
c - 52.75 75 29 19 43 9308 1 185525 45754 1.9 31 17 10 24 68%  10 422730 154 101%
c - 53.60 77 30 19 44 9313 1 192083 46395 1.9 32 17 10 25 69%  10 422730 154 101%
c - 54.45 69 31 19 45 9315 1 198716 46162 1.9 33 18 10 25 69%  10 422730 154 101%
c - 55.32 72 32 19 46 9320 1 205424 46478 1.8 33 18 10 25 69%  10 422730 154 101%
c - 56.35 73 32 19 47 9322 1 212208 47050 1.8 33 18 10 25 69%  10 422730 154 101%
c
c seconds   switched    rate          size/glue  tier1     binary        remaining
c        MB   reductions  conflicts         size    tier2     irredundant
c         level    restarts      redundant     glue     trail        variables
c
c u 56.96 75 32 19 47 9322 1 214825 49368 1.8 33 18 10 25 69%  10 422730 154 101%
c v 57.19 75 32 19 47 9322 1 214825 49341 1.8 33 18 10 25 69%  10 422730 154 101%
c w 57.28 76 32 19 47 9322 1 214825 49277 1.8 33 18 10 25 69%  10 422730 154 101%
c x 57.43 77 32 19 47 9322 1 214825 49277 1.8 33 18 10 25 69%  10 422633 154 101%
c W 57.99 68 32 19 47 9322 1 216558 50731 1.8 34 19 10 25 69%  10 422633 154 101%
c - 58.39 72 32 19 48 9323 1 219064 47346 1.8 34 19 10 26 70%  10 422633 154 101%
c - 59.52 73 32 19 49 9328 1 225992 47941 1.8 34 18 10 25 70%  10 422633 154 101%
c - 60.73 75 31 19 50 9331 1 232992 49590 1.9 33 18 10 25 70%  10 422633 154 101%
c ] 60.83 75 31 20 50 9332 1 233491 49976 1.9 33 18 10 25 70%  10 422633 154 101%
c { 60.83 75 17 20 50 9332 2 233491 49976 1.8 20 11 8 15 54%  10 422633 154 101%
c - 62.20 76 17 20 51 9395 2 240063 50870 1.9 21 11 8 15 55%  11 422632 154 101%
c o 63.09 77 17 20 51 9451 2 243054 53283 1.9 21 11 8 15 55%  11 422632 154 101%
c - 64.23 72 17 20 52 9584 2 247207 51917 1.9 21 11 8 15 55%  11 422632 154 101%
c - 66.16 77 16 20 53 9706 2 254421 51705 2.0 21 11 7 15 56%  12 422631 154 101%
c s 67.29 72 16 20 53 9731 2 257106 54141 2.0 21 11 7 15 57%  12 421721 154 101%
c ! 67.88 74 16 20 53 9731 2 257106 54141 2.0 21 11 7 15 57%  12 421721 154 101%
c u 68.27 78 16 20 53 9758 2 257272 54255 2.0 21 11 7 15 57%  12 421721 154 101%
c v 68.65 79 16 20 53 9758 2 257272 54209 2.0 21 11 7 15 57%  12 421721 154 101%
c w 68.78 79 16 20 53 9758 2 257272 54187 2.0 21 11 7 15 57%  12 421721 154 101%
c x 68.97 79 16 20 53 9758 2 257272 54187 2.0 21 11 7 15 57%  12 417106 154 101%
c
c seconds   switched    rate          size/glue  tier1    binary        remaining
c        MB   reductions  conflicts         size   tier2     irredundant
c         level    restarts      redundant     glue    trail        variables
c
c } 69.88 76 16 21 53 9806 2 260230 56492 2.0 21 11 7 15 57%  12 417106 154 101%
c [ 69.88 76 31 21 53 9806 1 260230 56492 1.9 33 18 10 25 70%  12 417106 154 101%
c I 69.88 76 31 21 53 9806 1 260230 56492 1.9 33 18 10 25 70%  12 417106 154 101%
c - 70.31 70 30 21 54 9807 1 261702 52377 1.9 33 18 10 25 69%  12 417106 154 101%
c - 71.81 74 30 21 55 9812 1 269050 54543 1.9 33 17 10 24 69%  12 417106 154 101%
c - 73.25 76 29 21 56 9815 1 276466 56641 1.9 33 17 9 24 69%  12 417106 154 101%
c - 74.67 77 29 21 57 9819 1 283951 57702 1.9 32 17 9 24 69%  12 417106 154 101%
c ] 75.95 77 29 22 57 9820 1 290616 63549 1.9 32 17 9 24 69%  12 417106 154 101%
c { 75.95 77 16 22 57 9820 2 290616 63549 2.0 21 11 7 15 57%  12 417106 154 101%
c - 76.22 78 16 22 58 9831 2 291501 58291 2.0 21 11 7 15 57%  12 417106 154 101%
c - 77.97 77 16 22 59 9845 2 299116 58636 2.1 21 10 7 14 58%  12 417106 154 101%
c u 79.46 77 16 22 59 9851 2 303920 62968 2.1 22 10 7 14 59%  12 417106 154 101%
c v 79.86 78 16 22 59 9851 2 303920 62947 2.1 22 10 7 14 59%  12 417106 154 101%
c w 79.99 78 16 22 59 9851 2 303920 62926 2.1 22 10 7 14 59%  12 417106 154 101%
c x 80.20 78 16 22 59 9851 2 303920 62926 2.1 22 10 7 14 59%  12 414219 154 101%
c - 81.20 75 16 22 60 9852 2 306797 59028 2.1 21 10 7 14 58%  12 414219 154 101%
c - 82.80 75 15 22 61 9873 2 314542 61690 2.2 21 10 7 14 59%  12 414219 154 101%
c } 84.20 77 15 23 61 9888 2 322135 67909 2.2 21 10 7 14 58%  12 414219 154 101%
c [ 84.20 77 29 23 61 9888 1 322135 67909 1.9 32 17 9 24 69%  12 414219 154 101%
c B 84.20 77 29 23 61 9888 1 322135 67909 1.9 32 17 9 24 69%  12 414219 154 101%
c
c seconds   switched    rate          size/glue  tier1    binary        remaining
c        MB   reductions  conflicts         size   tier2     irredundant
c         level    restarts      redundant     glue    trail        variables
c
c o 84.21 77 29 23 61 9888 1 322135 67909 1.9 32 17 9 24 69%  12 414219 154 101%
c - 84.26 78 29 23 62 9888 1 322354 64501 1.9 33 17 9 24 70%  12 414219 154 101%
c - 85.46 72 30 23 63 9893 1 330228 65579 1.9 33 18 9 24 69%  12 414219 154 101%
c - 86.82 76 30 23 64 9897 1 338165 67393 1.9 33 18 10 24 69%  12 414219 154 101%
c - 87.85 77 32 23 65 9901 1 346166 67309 1.8 33 18 10 25 69%  12 414219 154 101%
c - 88.91 78 33 23 66 9902 1 354228 64875 1.7 33 19 10 25 68%  12 414219 154 101%
c u 89.48 77 33 23 66 9902 1 354838 65393 1.7 33 19 10 25 68%  12 414219 154 101%
c v 89.73 78 33 23 66 9902 1 354838 65363 1.7 33 19 10 25 68%  12 414219 154 101%
c w 89.85 78 33 23 66 9902 1 354838 65331 1.7 33 19 10 25 68%  12 414219 154 101%
c x 90.05 79 33 23 66 9902 1 354838 65331 1.7 33 19 10 25 68%  12 413936 154 101%
c - 91.98 74 33 23 67 9908 1 362355 64126 1.7 34 20 10 25 69%  12 413936 154 101%
c W 92.56 71 33 23 67 9909 1 365846 67024 1.7 34 20 10 25 68%  12 413936 154 101%
c ] 92.75 73 33 24 67 9909 1 367316 68236 1.7 34 20 10 25 68%  12 413936 154 101%
c { 92.75 73 15 24 67 9909 2 367316 68236 2.2 21 10 7 14 58%  12 413936 154 101%
c s 93.60 76 15 24 67 9992 2 368125 68964 2.2 21 10 7 14 59%  12 413623 154 101%
c s 94.25 76 15 24 67 9992 2 368125 68964 2.2 21 10 7 14 59%  12 413622 154 101%
c - 94.94 74 15 24 68 10123 2 370541 64817 2.2 21 10 7 14 59%  12 413622 154 101%
c - 97.66 75 15 24 69 10761 2 378787 66386 2.2 21 10 7 13 59%  12 413622 154 101%
c - 100.19 75 15 24 70 11217 2 387093 67670 2.2 21 10 7 13 59%  12 413622 154 101%
c - 102.90 71 15 24 71 11692 2 395460 69809 2.2 21 10 7 13 59%  12 413622 154 101%
c
c seconds    switched     rate          size/glue  tier1    binary        remaining
c         MB   reductions   conflicts         size   tier2     irredundant
c          level    restarts       redundant     glue    trail        variables
c
c o 104.92 72 15 24 71 12090 2 402711 75619 2.2 21 10 7 13 59%  12 413622 154 101%
c - 105.46 80 15 24 72 12275 2 403886 72180 2.2 21 10 7 13 59%  12 413622 154 101%
c } 105.52 71 15 25 72 12297 2 403995 72285 2.2 21 10 7 13 59%  12 413622 154 101%
c [ 105.52 71 33 25 72 12297 1 403995 72285 1.7 34 20 10 25 68%  12 413622 154 101%
c u 107.26 80 33 25 72 12301 1 410134 77589 1.7 34 20 10 25 68%  12 413622 154 101%
c v 107.75 81 33 25 72 12301 1 410134 77584 1.7 34 20 10 25 68%  12 413622 154 101%
c w 107.97 81 33 25 72 12301 1 410134 77579 1.7 34 20 10 25 68%  12 413622 154 101%
c x 108.24 82 33 25 72 12301 1 410134 77575 1.7 34 20 10 25 68%  12 413484 154 101%
c - 108.99 74 32 25 73 12303 1 412371 75000 1.7 34 19 9 25 69%  12 413484 154 101%
c O 109.32 75 32 25 73 12303 1 414008 76336 1.7 34 19 9 25 69%  12 413484 154 101%
c - 110.68 80 32 25 74 12307 1 420919 77023 1.8 33 19 9 25 69%  12 413484 154 101%
c - 112.36 74 32 25 75 12311 1 429524 78753 1.8 34 19 9 25 69%  12 413484 154 101%
c - 113.93 78 31 25 76 12312 1 438187 80466 1.8 34 18 9 24 69%  12 413484 154 101%
c - 115.68 80 30 25 77 12318 1 446908 81977 1.9 33 18 9 24 69%  12 413484 154 101%
c - 117.38 77 30 25 78 12323 1 455682 83550 1.9 33 18 9 24 69%  12 413484 154 101%
c ] 117.68 78 30 26 78 12324 1 457640 85209 1.9 33 18 9 24 69%  12 413484 154 101%
c { 117.68 78 15 26 78 12324 2 457640 85209 2.2 21 10 7 13 59%  12 413484 154 101%
c - 119.59 75 15 26 79 12534 2 464515 84308 2.2 21 10 7 13 58%  13 413484 154 101%
c caught signal 15 (SIGTERM)
c
c ---- [ profiling ] ---------------------------------------------------------
c
c          97.94   81.64 %  search
c          52.41   43.69 %  focused
c          45.53   37.95 %  stable
c          18.87   15.73 %  simplify
c          16.57   13.81 %  probe
c           9.91    8.26 %  vivify
c           4.98    4.15 %  factor
c           4.97    4.15 %  eliminate
c           4.65    3.88 %  subsume
c           2.99    2.49 %  preprocess
c           0.84    0.70 %  substitute
c           0.66    0.55 %  sweep
c           0.59    0.49 %  reduce
c           0.31    0.26 %  walking
c           0.16    0.13 %  congruence
c           0.09    0.08 %  parse
c           0.07    0.06 %  lucky
c           0.03    0.02 %  transitive
c           0.00    0.00 %  backbone
c =============================================
c         119.97  100.00 %  total
c
c ---- [ statistics ] --------------------------------------------------------
c
c conflicts:                           465984             3884.16 per second
c decisions:                           665920                1.43 per conflict
c factored:                                 1                1 %  variables
c propagations:                       8646532            72072    per second
c reductions:                              79             5899    interval
c reordered:                                9            51776    interval
c rephased:                                18            25888    interval
c restarts:                             12596               37    interval
c subsumed:                              1917                0 %  checks
c switched:                                26            17922    interval
c vivified:                             20745               60 %  checks
c walks:                                    6            77664    interval
c
c ---- [ glue usage ] --------------------------------------------------------
c
c focused glue 6    used 32611 clauses  9.81% accumulated 50.04% tier1
c focused glue 7    used 30153 clauses  9.07% accumulated 59.11%
c focused glue 8-11 used 83365 clauses 25.07% accumulated 84.17%
c focused glue 12   used 12332 clauses  3.71% accumulated 87.88%
c focused glue 13   used  9683 clauses  2.91% accumulated 90.79% tier2
c
c stable glue 9     used  36239 clauses  4.63% accumulated 53.30% tier1
c stable glue 10    used  34272 clauses  4.38% accumulated 57.67%
c stable glue 11-22 used 240288 clauses 30.69% accumulated 88.37%
c stable glue 23    used   9987 clauses  1.28% accumulated 89.64%
c stable glue 24    used   8814 clauses  1.13% accumulated 90.77% tier2
c
c ---- [ resources ] ---------------------------------------------------------
c
c maximum-resident-set-size:         85196800 bytes         81 MB
c process-time:                             2m             119.97 seconds
c raising signal 15 (SIGTERM)
