c ---- [ banner ] ------------------------------------------------------------
c
c Kissat SAT Solver
c 
c Copyright (c) 2021-2024 Armin Biere University of Freiburg
c Copyright (c) 2019-2021 Armin Biere Johannes Kepler University Linz
c 
c Version 4.0.4 8af8e56f174b778aef3aa45af9f739b2a5f492c2
c gcc (Ubuntu 13.3.0-6ubuntu2~24.04.1) 13.3.0 -W -Wall -O3 -DNDEBUG
c Wed Apr 15 16:07:08 EEST 2026 Linux cluster-4 6.17.0-14-generic x86_64
c
c ---- [ parsing ] -----------------------------------------------------------
c
c opened and reading DIMACS file:
c
c   tmp.cnf
c
c parsed 'p cnf 91 42042' header
c closing input after reading 925515 bytes (904 KB)
c finished parsing after 0.01 seconds
c
c ---- [ solving ] -----------------------------------------------------------
c
c seconds switched rate     size/glue tier1 binary      remaining
c        MB reductions conflicts size  tier2   irredundant
c         level restarts redundant glue  trail      variables
c
c *  0.01  6 0 0 0  0 0   0   0 0.0 0 0 0 0 0%   0 42042 91 100%
c (  0.01  7 0 0 0  0 0   0   0 0.0 0 0 0 0 0%   0 42042 91 100%
c .  0.01  7 0 0 0  0 0   0   0 0.0 0 0 0 0 0%   0 42042 91 100%
c f  0.40  8 0 0 0  0 0   0   0 0.0 0 0 0 0 0% 439 19766 279 307%
c )  0.40  9 0 0 0  0 0   0   0 0.0 0 0 0 0 0% 439 19766 279 307%
c {  0.40 12 0 0 0  0 0   0   0 0.0 0 0 2 6 0% 439 19766 279 307%
c -  0.43 10 14 0 1  7 1 1001 616 1.5 14 10 8 13 53% 439 19766 279 307%
c }  0.43 10 14 1 1  7 1 1001 616 1.5 14 10 8 13 53% 439 19766 279 307%
c [  0.43 10 0 1 1  7 0 1001 616 0.0 0 0 2 6 0% 439 19766 279 307%
c B  0.43 10 0 1 1  7 0 1001 616 0.0 0 0 2 6 0% 439 19766 279 307%
c -  0.45 11 21 1 2  7 1 2001 1406 1.4 18 13 9 18 53% 439 19766 279 307%
c W  0.45 10 21 1 2  7 1 2002 1407 1.4 18 13 9 18 53% 439 19766 279 307%
c ]  0.46 10 22 2 2  8 1 2318 1670 1.4 19 14 9 18 54% 439 19766 279 307%
c {  0.46 10 14 2 2  8 1 2318 1670 1.5 14 10 8 13 53% 439 19766 279 307%
c u  0.48 10 15 2 2 24 1 2717 2017 1.6 15 10 8 13 53% 439 19766 279 307%
c v  0.48 10 15 2 2 24 1 2717 2010 1.6 15 10 8 13 53% 439 19766 279 307%
c w  0.48 10 15 2 2 24 1 2717 2001 1.6 15 10 8 13 53% 439 19766 279 307%
c }  0.50 10 14 3 2 27 1 3318 2454 1.6 15 9 8 13 52% 439 19766 279 307%
c [  0.50 10 22 3 2 27 1 3318 2454 1.4 19 14 9 18 54% 439 19766 279 307%
c -  0.51 10 22 3 3 27 1 3415 2345 1.4 18 13 9 18 54% 439 19766 279 307%
c
c seconds  switched rate       size/glue  tier1    binary       remaining
c        MB reductions conflicts     size   tier2     irredundant
c         level restarts  redundant     glue    trail       variables
c
c I  0.53 10 20 3 3 27 1 4263 3071 1.4 17 12 9 18 55% 439 19766 279 307%
c ]  0.53 10 19 4 3 28 1 4412 3197 1.5 17 12 9 18 54% 439 19766 279 307%
c {  0.53 10 14 4 3 28 1 4412 3197 1.6 15 9 8 13 52% 439 19766 279 307%
c -  0.55 10 14 4 4 51 1 5147 3452 1.6 14 9 8 12 52% 439 19766 279 307%
c }  0.61 10 14 5 4 242 2 6766 4811 1.6 14 9 7 12 53% 439 19766 279 307%
c [  0.61 10 19 5 4 242 1 6766 4811 1.5 17 12 9 18 54% 439 19766 279 307%
c -  0.62 10 18 5 5 242 1 7147 4458 1.5 16 11 8 16 54% 439 19766 279 307%
c B  0.65 10 18 5 5 243 1 8034 5233 1.5 17 11 8 16 56% 440 19766 279 307%
c u  0.66 10 18 5 5 243 1 8369 5499 1.5 17 11 8 16 57% 440 19766 279 307%
c v  0.67 10 18 5 5 243 1 8369 5496 1.5 17 11 8 16 57% 440 19766 279 307%
c w  0.68 10 18 5 5 243 1 8369 5495 1.5 17 11 8 16 57% 440 19766 279 307%
c f  0.71 10 18 5 5 243 1 8369 5495 1.5 17 11 8 16 57% 560 19438 330 363%
c u  0.72 10 18 5 5 243 1 8369 5493 1.5 17 11 8 16 57% 560 19438 330 363%
c v  0.73 10 18 5 5 243 1 8369 5485 1.5 17 11 8 16 57% 560 19438 330 363%
c w  0.73 10 18 5 5 243 1 8369 5482 1.5 17 11 8 16 57% 560 19438 330 363%
c x  0.73 10 18 5 5 243 1 8369 5482 1.5 17 11 8 16 57% 560 19430 330 363%
c -  0.76 10 19 5 6 244 1 9384 5431 1.5 17 12 7 17 57% 560 19430 330 363%
c ]  0.77 10 19 6 6 244 1 9769 5777 1.4 17 12 7 17 57% 560 19430 330 363%
c {  0.77 10 14 6 6 244 2 9769 5777 1.6 14 9 7 12 53% 560 19430 330 363%
c -  0.84 10 13 6 7 245 2 11833 6173 1.7 14 8 5 11 54% 561 19430 330 363%
c
c seconds  switched  rate        size/glue tier1    binary       remaining
c        MB reductions conflicts       size  tier2     irredundant
c         level restarts    redundant    glue    trail       variables
c
c s  0.93 10 12 6 7 245 2 13584 7665 1.8 14 8 5 11 56% 562 18720 330 363%
c e  0.94 10 12 6 7 245 2 13584 7665 1.8 14 8 5 11 56% 397 18849 257 282%
c ^  0.96 10 12 6 7 245 2 13584 7665 1.8 14 8 5 11 56% 397 18849 257 282%
c o  0.96 10 12 6 7 245 2 13584 5839 1.8 14 8 5 11 56% 397 18849 257 282%
c }  0.97 10 12 7 7 245 2 13839 6033 1.8 13 8 5 11 56% 397 18849 257 282%
c [  0.97 10 19 7 7 245 1 13839 6033 1.4 17 12 7 17 57% 397 18849 257 282%
c W  0.98 10 19 7 7 245 1 13839 6033 1.4 17 12 7 17 57% 397 18849 257 282%
c -  1.00 10 18 7 8 245 1 14483 5669 1.4 17 12 7 16 58% 397 18849 257 282%
c u  1.08 10 17 7 8 247 1 17156 7793 1.4 17 11 7 16 57% 397 18849 257 282%
c v  1.09 12 17 7 8 247 1 17156 7757 1.4 17 11 7 16 57% 397 18849 257 282%
c w  1.09 13 17 7 8 247 1 17156 7306 1.4 17 11 7 16 57% 397 18849 257 282%
c x  1.10 13 17 7 8 247 1 17156 7306 1.4 17 11 7 16 57% 397 18808 257 282%
c f  1.10 10 17 7 8 247 1 17156 7306 1.4 17 11 7 16 57% 406 18787 262 288%
c u  1.11 10 17 7 8 247 1 17156 7291 1.4 17 11 7 16 57% 406 18787 262 288%
c v  1.12 10 17 7 8 247 1 17156 7030 1.4 17 11 7 16 57% 406 18787 262 288%
c w  1.12 10 17 7 8 247 1 17156 7027 1.4 17 11 7 16 57% 406 18787 262 288%
c x  1.13 12 17 7 8 247 1 17156 7026 1.4 17 11 7 16 57% 406 18686 262 288%
c -  1.19 11 17 7 9 247 1 17311 6285 1.4 16 11 7 15 57% 406 18686 262 288%
c ]  1.24 12 17 8 9 249 1 19005 7679 1.5 16 11 7 15 56% 406 18686 262 288%
c {  1.24 12 12 8 9 249 2 19005 7679 1.8 13 8 5 11 56% 406 18686 262 288%
c
c seconds  switched   rate        size/glue tier1    binary       remaining
c        MB  reductions conflicts       size  tier2     irredundant
c         level  restarts    redundant    glue    trail       variables
c
c -  1.31 12 12 8 10 586 2 20311 7967 1.7 13 8 5 10 55% 408 18686 262 288%
c -  1.41 12 11 8 11 603 2 23473 8481 1.7 13 7 4 9 54% 414 18686 262 288%
c i  1.42 12 11 8 11 603 2 23722 8619 1.7 12 7 4 9 54% 421 18686 260 286%
c o  1.42 12 11 8 11 603 2 23722 8619 1.7 12 7 4 9 54% 421 18686 260 286%
c i  1.45 12 11 8 11 690 2 24562 9251 1.7 12 7 4 9 54% 426 18686 258 284%
c }  1.48 12 11 9 11 811 2 25166 9763 1.7 12 7 4 9 54% 426 18686 258 284%
c [  1.48 12 17 9 11 811 1 25166 9763 1.5 16 11 7 15 56% 426 18686 258 284%
c O  1.48 12 17 9 11 811 1 25166 9763 1.5 16 11 7 15 56% 426 18686 258 284%
c -  1.53 12 16 9 12 812 1 26789 7764 1.5 16 11 6 14 55% 400 18686 258 284%
c s  1.57 12 16 9 12 813 1 27236 8111 1.5 16 11 6 14 55% 400 18626 258 284%
c e  1.58 12 16 9 12 813 1 27236 8111 1.5 16 11 6 14 55% 329 18725 222 244%
c s  1.61 12 16 9 12 813 1 27236 8111 1.5 16 11 6 14 55% 329 18715 222 244%
c e  1.61 12 16 9 12 813 1 27236 8111 1.5 16 11 6 14 55% 328 18717 221 243%
c ^  1.61 12 16 9 12 813 1 27236 8111 1.5 16 11 6 14 55% 328 18717 221 243%
c u  1.68 13 16 9 12 814 1 29316 9192 1.5 16 11 6 14 55% 328 18717 221 243%
c v  1.69 13 16 9 12 814 1 29316 9080 1.5 16 11 6 14 55% 328 18717 221 243%
c w  1.70 13 16 9 12 814 1 29316 9061 1.5 16 11 6 14 55% 328 18717 221 243%
c x  1.71 13 16 9 12 814 1 29316 9061 1.5 16 11 6 14 55% 328 18578 221 243%
c f  1.71 10 16 9 12 814 1 29316 9061 1.5 16 11 6 14 55% 350 18528 229 252%
c u  1.73 12 16 9 12 814 1 29316 9051 1.5 16 11 6 14 55% 350 18528 229 252%
c
c seconds  switched   rate        size/glue  tier1    binary       remaining
c        MB  reductions conflicts       size   tier2     irredundant
c         level  restarts    redundant     glue    trail       variables
c
c v  1.74 12 16 9 12 814 1 29316 9025 1.5 16 11 6 14 55% 350 18528 229 252%
c w  1.74 12 16 9 12 814 1 29316 8944 1.5 16 11 6 14 55% 350 18528 229 252%
c x  1.75 12 16 9 12 814 1 29316 8944 1.5 16 11 6 14 55% 350 18439 229 252%
c -  1.79 12 16 9 13 814 1 30253 8151 1.5 16 11 6 13 56% 350 18439 229 252%
c ]  1.87 12 17 10 13 816 1 32953 10628 1.5 17 11 6 13 57% 350 18439 229 252%
c {  1.87 12 11 10 13 816 2 32953 10628 1.7 12 7 4 9 54% 350 18439 229 252%
c -  1.91 12 11 10 14 970 2 33858 9358 1.7 12 7 4 9 54% 350 18439 229 252%
c -  2.10 12 12 10 15 1364 2 37599 10472 1.7 12 8 4 9 55% 350 18439 229 252%
c -  2.25 12 12 10 16 1625 2 41472 11597 1.6 12 7 4 9 55% 353 18439 229 252%
c }  2.26 12 12 11 16 1625 2 41581 11689 1.6 12 7 4 9 55% 353 18439 229 252%
c [  2.26 12 17 11 16 1625 1 41581 11689 1.5 17 11 6 13 57% 353 18439 229 252%
c B  2.26 12 17 11 16 1625 1 41581 11689 1.5 17 11 6 13 57% 353 18439 229 252%
c u  2.38 13 17 11 16 1627 1 45000 14580 1.5 17 11 6 13 57% 353 18439 229 252%
c v  2.39 13 17 11 16 1627 1 45000 14548 1.5 17 11 6 13 57% 353 18439 229 252%
c w  2.40 13 17 11 16 1627 1 45000 14453 1.5 17 11 6 13 57% 353 18439 229 252%
c x  2.41 13 17 11 16 1627 1 45000 14453 1.5 17 11 6 13 57% 353 18349 229 252%
c o  2.41 13 17 11 16 1627 1 45000 14453 1.5 17 11 6 13 57% 353 18349 229 252%
c -  2.43 12 18 11 17 1627 1 45472 12124 1.5 17 12 6 14 57% 353 18349 229 252%
c -  2.56 12 19 11 18 1630 1 49596 12401 1.5 18 12 6 15 58% 354 18349 229 252%
c ]  2.67 12 19 12 18 1631 1 53117 15568 1.5 18 13 6 15 59% 354 18349 229 252%
c
c seconds   switched    rate         size/glue tier1   binary       remaining
c        MB   reductions  conflicts        size  tier2    irredundant
c         level    restarts     redundant    glue   trail       variables
c
c {  2.67 12 12 12 18 1631 2 53117 15568 1.6 12 7 4 9 55% 354 18349 229 252%
c -  2.71 12 12 12 19 1709 2 53838 13217 1.6 12 8 4 9 55% 354 18349 229 252%
c s  2.91 12 12 12 19 1946 2 56866 15668 1.6 12 8 4 9 56% 357 18319 229 252%
c e  2.92 12 12 12 19 1946 2 56866 15668 1.6 12 8 4 9 56% 317 18388 208 229%
c s  2.98 12 12 12 19 1946 2 56866 15668 1.6 12 8 4 9 56% 317 18374 208 229%
c ^  2.98 12 12 12 19 1946 2 56866 15668 1.6 12 8 4 9 56% 317 18374 208 229%
c -  3.03 12 12 12 20 1946 2 58197 13038 1.6 12 7 4 8 55% 321 18374 208 229%
c i  3.04 12 11 12 20 1946 2 58369 13109 1.6 12 7 4 8 55% 328 18374 205 225%
c i  3.15 12 11 12 20 2059 2 60988 15029 1.6 12 7 4 8 55% 337 18374 204 224%
c i  3.19 12 11 12 20 2147 2 62025 15829 1.6 12 7 4 8 55% 340 18374 203 223%
c -  3.22 12 11 12 21 2229 2 62671 10691 1.6 12 7 3 8 55% 301 18374 203 223%
c u  3.30 10 11 12 21 2290 2 64306 11949 1.6 12 7 3 8 55% 306 18374 203 223%
c v  3.32 12 11 12 21 2290 2 64306 11902 1.6 12 7 3 8 55% 306 18374 203 223%
c w  3.32 13 11 12 21 2290 2 64306 11888 1.6 12 7 3 8 55% 306 18374 203 223%
c x  3.34 13 11 12 21 2290 2 64306 11888 1.6 12 7 3 8 55% 306 18198 203 223%
c t  3.40 13 11 12 21 2290 2 64306 11888 1.6 12 7 3 8 55% 305 18198 203 223%
c f  3.40 10 11 12 21 2290 2 64306 11888 1.6 12 7 3 8 55% 307 18191 204 224%
c u  3.42 12 11 12 21 2290 2 64306 11816 1.6 12 7 3 8 55% 310 18191 204 224%
c v  3.44 12 11 12 21 2290 2 64306 11738 1.6 12 7 3 8 55% 311 18191 204 224%
c w  3.45 13 11 12 21 2290 2 64306 11736 1.6 12 7 3 8 55% 311 18191 204 224%
c
c seconds   switched    rate         size/glue tier1   binary       remaining
c        MB   reductions  conflicts        size  tier2    irredundant
c         level    restarts     redundant    glue   trail       variables
c
c x  3.47 13 11 12 21 2290 2 64306 11735 1.6 12 7 3 8 55% 311 18060 204 224%
c t  3.47 13 11 12 21 2290 2 64306 11735 1.6 12 7 3 8 55% 307 18060 204 224%
c }  3.49 12 11 13 21 2348 2 64597 11998 1.6 12 7 3 8 55% 307 18060 204 224%
c [  3.49 12 19 13 21 2348 1 64597 11998 1.5 18 13 6 15 59% 307 18060 204 224%
c W  3.49 10 19 13 21 2348 1 64597 11998 1.5 18 13 6 15 59% 307 18060 204 224%
c -  3.57 10 19 13 22 2350 1 67254 11676 1.5 19 13 6 15 60% 307 18060 204 224%
c -  3.74 12 19 13 23 2353 1 71944 13565 1.5 18 12 6 15 60% 307 18060 204 224%
c -  3.90 12 18 13 24 2354 1 76741 14676 1.5 18 12 5 14 60% 307 18060 204 224%
c o  3.91 12 18 13 24 2355 1 76972 14870 1.5 18 12 5 14 60% 307 18060 204 224%
c ]  3.98 12 19 14 24 2357 1 79197 16793 1.5 18 12 5 14 60% 307 18060 204 224%
c {  3.98 12 11 14 24 2357 2 79197 16793 1.6 12 7 3 8 55% 307 18060 204 224%
c -  4.11 13 11 14 25 2552 2 81639 15199 1.6 12 7 3 8 55% 312 18060 204 224%
c i  4.11 12 11 14 25 2552 2 81648 15200 1.6 12 7 3 8 55% 313 18060 202 222%
c i  4.15 12 11 14 25 2608 2 82851 16149 1.6 12 7 3 8 55% 320 18060 198 218%
c i  4.28 12 11 14 25 2917 2 85374 18175 1.6 12 7 3 8 55% 324 18060 197 216%
c -  4.36 12 11 14 26 3107 2 86639 12499 1.6 12 7 3 8 55% 283 18059 197 216%
c u  4.42 12 12 14 26 3155 2 87408 13122 1.6 12 7 3 8 56% 288 18056 197 216%
c v  4.44 12 12 14 26 3155 2 87408 12889 1.6 12 7 3 8 56% 290 18056 197 216%
c w  4.45 13 12 14 26 3155 2 87408 12834 1.6 12 7 3 8 56% 290 18056 197 216%
c x  4.47 13 12 14 26 3155 2 87408 12834 1.6 12 7 3 8 56% 290 17891 197 216%
c
c seconds   switched    rate         size/glue tier1   binary       remaining
c        MB   reductions  conflicts        size  tier2    irredundant
c         level    restarts     redundant    glue   trail       variables
c
c t  4.48 13 12 14 26 3155 2 87408 12834 1.6 12 7 3 8 56% 287 17891 197 216%
c f  4.48 10 12 14 26 3155 2 87408 12834 1.6 12 7 3 8 56% 291 17879 198 218%
c u  4.50 12 12 14 26 3155 2 87408 12776 1.6 12 7 3 8 56% 291 17879 198 218%
c v  4.52 13 12 14 26 3155 2 87408 12709 1.6 12 7 3 8 56% 291 17879 198 218%
c w  4.53 13 12 14 26 3155 2 87408 12704 1.6 12 7 3 8 56% 291 17879 198 218%
c x  4.55 13 12 14 26 3155 2 87408 12704 1.6 12 7 3 8 56% 291 17720 198 218%
c t  4.55 13 12 14 26 3155 2 87408 12704 1.6 12 7 3 8 56% 290 17720 198 218%
c -  4.76 12 12 14 27 3518 2 91738 14306 1.7 12 7 3 8 56% 293 17720 198 218%
c }  4.87 12 12 15 27 3774 2 93915 16076 1.7 12 7 3 8 56% 294 17720 198 218%
c [  4.87 12 19 15 27 3774 1 93915 16076 1.5 18 12 5 14 60% 294 17720 198 218%
c I  4.87 12 19 15 27 3774 1 93915 16076 1.5 18 12 5 14 60% 294 17720 198 218%
c -  4.98 12 18 15 28 3776 1 96936 16289 1.5 18 12 5 14 60% 295 17720 198 218%
c -  5.18 13 18 15 29 3780 1 102227 17663 1.5 18 12 5 14 61% 298 17720 198 218%
c i  5.18 12 18 15 29 3780 1 102269 17687 1.5 18 11 5 14 61% 300 17720 197 216%
c i  5.27 12 17 15 29 3780 1 104522 19481 1.6 18 11 5 14 61% 311 17720 187 205%
c s  5.33 12 17 15 29 3780 1 104683 19620 1.6 18 11 5 14 61% 311 13777 187 205%
c e  5.34 11 17 15 29 3780 1 104683 19620 1.6 18 11 5 14 61% 196 13907 152 167%
c s  5.37 11 17 15 29 3780 1 104683 19620 1.6 18 11 5 14 61% 196 13691 152 167%
c e  5.38 11 17 15 29 3780 1 104683 19620 1.6 18 11 5 14 61% 191 13702 149 164%
c ^  5.38 11 17 15 29 3780 1 104683 19620 1.6 18 11 5 14 61% 191 13702 149 164%
c
c seconds   switched    rate          size/glue  tier1    binary       remaining
c        MB   reductions  conflicts         size   tier2     irredundant
c         level    restarts      redundant     glue    trail       variables
c
c i  5.40 11 17 15 29 3780 1 105554 10675 1.6 17 11 5 14 61% 196 13702 147 162%
c i  5.41 12 17 15 29 3780 1 105758 10812 1.6 17 11 5 14 61% 201 13702 144 158%
c i  5.43 12 17 15 29 3780 1 106136 11077 1.6 17 11 5 14 61% 205 13702 134 147%
c i  5.43 12 17 15 29 3780 1 106245 11145 1.6 17 11 5 14 61% 213 13702 128 141%
c i  5.43 12 17 15 29 3780 1 106261 11154 1.6 17 11 5 14 61% 214 13702 122 134%
c ]  5.43 12 17 15 29 3780 1 106270 11153 1.6 17 11 5 14 61% 219 13702 87 96%
c 0  5.43 12 12 15 29 3780 2 106270 11153 1.7 12 7 3 8 56% 219 13702 87 96%
c
c ---- [ result ] ------------------------------------------------------------
c
s UNSATISFIABLE
c
c ---- [ profiling ] ---------------------------------------------------------
c
c           3.98   73.24 %  search
c           2.13   39.31 %  focused
c           1.84   33.93 %  stable
c           1.08   19.87 %  probe
c           1.05   19.39 %  simplify
c           0.49    9.05 %  vivify
c           0.39    7.24 %  factor
c           0.38    7.08 %  preprocess
c           0.35    6.50 %  eliminate
c           0.28    5.09 %  subsume
c           0.14    2.57 %  sweep
c           0.05    0.83 %  substitute
c           0.04    0.69 %  reduce
c           0.01    0.17 %  parse
c           0.01    0.13 %  congruence
c           0.01    0.12 %  lucky
c           0.00    0.09 %  walking
c           0.00    0.03 %  transitive
c           0.00    0.01 %  backbone
c =============================================
c           5.43  100.00 %  total
c
c ---- [ statistics ] --------------------------------------------------------
c
c conflicts:                           106270            19564.07 per second
c decisions:                           167404                1.58 per conflict
c eliminated:                             169              186 %  variables
c factored:                               254              279 %  variables
c iterations:                              16               18 %  variables
c propagations:                       4729601           870709    per second
c reductions:                              29             3664    interval
c reordered:                                4            26568    interval
c rephased:                                 9            11808    interval
c restarts:                              3780               28    interval
c strengthened:                           279                0 %  checks
c subsumed:                              3379                0 %  checks
c switched:                                15             7085    interval
c vivified:                              4894               32 %  checks
c walks:                                    3            35423    interval
c
c ---- [ glue usage ] --------------------------------------------------------
c
c focused glue 3   used 22686 clauses 15.40% accumulated 55.36% tier1
c focused glue 4   used 16504 clauses 11.20% accumulated 66.57%
c focused glue 5-6 used 22962 clauses 15.59% accumulated 82.15%
c focused glue 7   used  7956 clauses  5.40% accumulated 87.55%
c focused glue 8   used  5831 clauses  3.96% accumulated 91.51% tier2
c
c stable glue 4    used 18396 clauses  8.95% accumulated 50.43% tier1
c stable glue 5    used 14430 clauses  7.02% accumulated 57.46%
c stable glue 6-11 used 57082 clauses 27.78% accumulated 85.23%
c stable glue 12   used  5765 clauses  2.81% accumulated 88.04%
c stable glue 13   used  4920 clauses  2.39% accumulated 90.43% tier2
c
c ---- [ resources ] ---------------------------------------------------------
c
c maximum-resident-set-size:         13635584 bytes         13 MB
c process-time:                             5s               5.43 seconds
c
c ---- [ shutting down ] -----------------------------------------------------
c
c exit 20
