c ---- [ banner ] ------------------------------------------------------------
c
c Kissat SAT Solver
c 
c Copyright (c) 2021-2024 Armin Biere University of Freiburg
c Copyright (c) 2019-2021 Armin Biere Johannes Kepler University Linz
c 
c Version 4.0.4 8af8e56f174b778aef3aa45af9f739b2a5f492c2
c gcc (Ubuntu 13.3.0-6ubuntu2~24.04.1) 13.3.0 -W -Wall -O3 -DNDEBUG
c Wed Apr 15 16:07:08 EEST 2026 Linux cluster-4 6.17.0-14-generic x86_64
c
c ---- [ parsing ] -----------------------------------------------------------
c
c opened and reading DIMACS file:
c
c   tmp.cnf
c
c parsed 'p cnf 190 310080' header
c closing input after reading 7908561 bytes (8 MB)
c finished parsing after 0.06 seconds
c
c ---- [ solving ] -----------------------------------------------------------
c
c seconds switched rate     size/glue tier1 binary        remaining
c        MB reductions conflicts size  tier2   irredundant
c         level restarts redundant glue  trail        variables
c
c *  0.06 22 0 0 0  0 0   0   0 0.0 0 0 0 0 0%   0 310080 190 100%
c (  0.08 27 0 0 0  0 0   0   0 0.0 0 0 0 0 0%   0 310080 190 100%
c .  0.08 28 0 0 0  0 0   0   0 0.0 0 0 0 0 0%   0 310080 190 100%
c f  3.61 29 0 0 0  0 0   0   0 0.0 0 0 0 0 0%  28 275132 195 103%
c )  3.62 29 0 0 0  0 0   0   0 0.0 0 0 0 0 0%  28 275132 195 103%
c {  3.63 30 0 0 0  0 0   0   0 0.0 0 0 2 6 0%  28 275132 195 103%
c -  3.74 31 17 0 1 106 2 1000 601 1.6 19 12 10 15 56%  28 275132 195 103%
c }  3.74 31 17 1 1 106 2 1000 601 1.6 19 12 10 15 56%  28 275132 195 103%
c [  3.74 31 0 1 1 106 0 1000 601 0.0 0 0 2 6 0%  28 275132 195 103%
c B  3.74 31 25 1 1 106 10 1001 602 1.1 11 10 2 6 43%  28 275132 195 103%
c -  3.81 32 46 1 2 106 1 2002 1457 1.5 27 18 11 23 66%  28 275132 195 103%
c W  3.83 32 46 1 2 106 1 2002 1457 1.5 27 18 11 23 66%  28 275132 195 103%
c ]  3.86 32 43 2 2 107 1 2239 1677 1.5 26 17 11 23 64%  28 275132 195 103%
c {  3.86 32 17 2 2 107 2 2239 1677 1.6 19 12 10 15 56%  28 275132 195 103%
c u  3.94 33 18 2 2 171 2 2588 1992 1.6 20 12 10 15 56%  28 275132 195 103%
c v  3.95 33 18 2 2 171 2 2588 1988 1.6 20 12 10 15 56%  28 275132 195 103%
c w  3.96 33 18 2 2 171 2 2588 1988 1.6 20 12 10 15 56%  28 275132 195 103%
c x  3.98 33 18 2 2 171 2 2588 1988 1.6 20 12 10 15 56%  28 274930 195 103%
c }  4.09 34 18 3 2 238 2 3239 2583 1.5 19 13 10 16 56%  28 274930 195 103%
c [  4.09 34 43 3 2 238 1 3239 2583 1.5 26 17 11 23 64%  28 274930 195 103%
c
c seconds  switched  rate       size/glue  tier1     binary        remaining
c        MB reductions conflicts      size    tier2     irredundant
c         level restarts   redundant     glue     trail        variables
c
c -  4.11 34 40 3 3 238 1 3416 2542 1.5 25 17 11 23 63%  28 274930 195 103%
c I  4.19 34 32 3 3 238 1 4261 3213 1.5 24 16 11 23 64%  28 274930 195 103%
c ]  4.22 34 34 4 3 239 1 4442 3390 1.5 24 16 11 23 65%  28 274930 195 103%
c {  4.22 34 18 4 3 239 2 4442 3390 1.5 19 13 10 16 56%  28 274930 195 103%
c -  4.35 51 19 4 4 318 2 5148 3596 1.6 20 13 10 17 57%  28 274930 195 103%
c }  4.59 49 20 5 4 418 2 6796 5118 1.6 21 13 11 17 58%  28 274930 195 103%
c [  4.59 49 34 5 4 418 1 6796 5118 1.5 24 16 11 23 65%  28 274930 195 103%
c -  4.62 49 31 5 5 418 1 7149 4840 1.5 24 16 10 21 63%  28 274930 195 103%
c u  4.76 35 28 5 5 419 1 7972 5569 1.6 23 15 10 19 63%  28 274930 195 103%
c v  4.79 35 28 5 5 419 1 7972 5565 1.6 23 15 10 19 63%  28 274930 195 103%
c w  4.80 35 28 5 5 419 1 7972 5565 1.6 23 15 10 19 63%  28 274930 195 103%
c x  4.83 35 28 5 5 419 1 7972 5565 1.6 23 15 10 19 63%  28 274381 195 103%
c B  4.90 35 29 5 5 419 1 8032 5622 1.5 23 15 10 19 63%  28 274381 195 103%
c -  5.00 35 30 5 6 420 1 9385 5950 1.6 24 16 10 21 64%  28 274381 195 103%
c ]  5.09 35 31 6 6 420 1 10702 7172 1.6 25 16 10 21 64%  28 274381 195 103%
c {  5.09 35 20 6 6 420 2 10702 7172 1.6 21 13 11 17 58%  28 274381 195 103%
c o  5.10 35 20 6 6 422 2 10717 7187 1.6 21 13 11 17 58%  28 274381 195 103%
c -  5.25 52 21 6 7 424 2 11834 6942 1.8 22 12 10 16 60%  28 274381 195 103%
c ^  5.52 52 22 6 7 425 2 12935 7981 1.9 22 12 10 16 61%  28 274381 195 103%
c -  5.75 50 23 6 8 440 2 14479 7883 1.9 22 12 9 16 62%  28 274381 195 103%
c
c seconds  switched  rate        size/glue  tier1    binary        remaining
c        MB reductions conflicts       size   tier2     irredundant
c         level restarts    redundant     glue    trail        variables
c
c }  5.78 50 23 7 8 440 2 14771 8157 1.9 22 12 9 16 62%  28 274381 195 103%
c [  5.78 50 31 7 8 440 1 14771 8157 1.6 25 16 10 21 64%  28 274381 195 103%
c W  5.80 35 31 7 8 440 1 14771 8157 1.6 25 16 10 21 64%  28 274381 195 103%
c u  5.96 35 31 7 8 441 1 16327 9515 1.5 25 17 10 21 62%  28 274381 195 103%
c v  5.99 35 31 7 8 441 1 16327 9509 1.5 25 17 10 21 62%  28 274381 195 103%
c w  6.01 35 31 7 8 441 1 16327 9507 1.5 25 17 10 21 62%  28 274381 195 103%
c x  6.04 35 31 7 8 441 1 16327 9507 1.5 25 17 10 21 62%  28 273767 195 103%
c -  6.17 35 30 7 9 442 1 17307 8465 1.5 25 17 11 22 62%  28 273767 195 103%
c -  6.36 35 29 7 10 444 1 20308 9335 1.5 26 17 11 22 62%  28 273767 195 103%
c ]  6.50 35 29 8 10 445 1 22023 10793 1.5 26 17 11 22 62%  28 273767 195 103%
c {  6.50 35 23 8 10 445 2 22023 10793 1.9 22 12 9 16 62%  28 273767 195 103%
c o  6.51 35 23 8 10 456 2 22083 10845 1.9 22 12 9 16 62%  28 273767 195 103%
c -  6.70 53 22 8 11 549 2 23471 10554 1.9 22 12 9 15 61%  28 273767 195 103%
c ^  7.20 50 22 8 11 802 2 25867 12805 1.9 22 12 9 15 60%  28 273767 195 103%
c -  7.38 53 22 8 12 914 2 26787 12162 1.9 22 12 9 16 60%  28 273767 195 103%
c u  7.63 53 22 8 12 1063 2 27836 13125 1.9 22 12 9 16 60%  28 273767 195 103%
c v  7.68 53 22 8 12 1063 2 27836 13076 1.9 22 12 9 16 60%  28 273767 195 103%
c w  7.70 53 22 8 12 1063 2 27836 13075 1.9 22 12 9 16 60%  28 273767 195 103%
c }  7.90 52 22 9 12 1141 2 28184 13406 1.9 22 12 9 16 60%  28 273767 195 103%
c [  7.90 52 29 9 12 1141 1 28184 13406 1.5 26 17 11 22 62%  28 273767 195 103%
c
c seconds  switched    rate         size/glue  tier1     binary        remaining
c        MB  reductions  conflicts        size    tier2     irredundant
c         level   restarts     redundant     glue     trail        variables
c
c O  7.90 52 29 9 12 1141 1 28184 13406 1.5 26 17 11 22 62%  28 273767 195 103%
c -  8.05 52 29 9 13 1143 1 30252 13165 1.5 26 18 11 23 62%  28 273767 195 103%
c -  8.32 53 28 9 14 1145 1 33857 13750 1.5 26 18 11 22 61%  28 273767 195 103%
c -  8.59 53 28 9 15 1147 1 37598 14647 1.4 26 18 11 22 61%  28 273767 195 103%
c B  8.61 53 28 9 15 1147 1 37945 14947 1.4 26 18 11 22 61%  28 273767 195 103%
c ]  8.78 53 28 10 15 1147 1 40100 16786 1.4 26 18 11 22 60%  28 273767 195 103%
c {  8.78 53 22 10 15 1147 2 40100 16786 1.9 22 12 9 16 60%  28 273767 195 103%
c -  8.99 52 22 10 16 1228 2 41475 15740 1.8 22 12 9 16 60%  28 273767 195 103%
c o  9.14 53 22 10 16 1364 2 42120 16351 1.8 22 12 9 16 59%  28 273767 195 103%
c u  9.36 36 22 10 16 1406 2 42655 16824 1.8 22 12 9 16 60%  28 273767 195 103%
c v  9.43 36 22 10 16 1406 2 42655 16803 1.8 22 12 9 16 60%  28 273767 195 103%
c w  9.47 36 22 10 16 1406 2 42655 16765 1.8 22 12 9 16 60%  28 273767 195 103%
c -  9.81 52 21 10 17 1406 2 45475 16776 1.9 22 12 9 15 59%  28 273767 195 103%
c } 10.32 50 21 11 17 1675 2 48727 19826 1.9 22 11 9 15 59%  28 273767 195 103%
c [ 10.32 50 28 11 17 1675 1 48727 19826 1.4 26 18 11 22 60%  28 273767 195 103%
c - 10.43 52 27 11 18 1675 1 49599 18173 1.4 26 18 11 22 60%  28 273767 195 103%
c W 10.52 36 28 11 18 1676 1 50168 18720 1.5 26 18 11 22 60%  28 273767 195 103%
c - 10.83 36 29 11 19 1678 1 53842 19026 1.4 26 18 11 23 62%  28 273767 195 103%
c s 10.97 36 29 11 19 1679 1 53900 19079 1.4 26 18 11 23 62%  28 273666 195 103%
c ^ 11.11 36 29 11 19 1679 1 53900 19079 1.4 26 18 11 23 62%  28 273666 195 103%
c
c seconds   switched    rate         size/glue  tier1     binary        remaining
c        MB   reductions  conflicts        size    tier2     irredundant
c         level    restarts     redundant     glue     trail        variables
c
c - 11.40 36 29 11 20 1681 1 58200 19486 1.4 27 19 11 23 63%  28 273666 195 103%
c u 11.71 36 29 11 20 1681 1 60888 21798 1.4 27 19 11 23 63%  28 273666 195 103%
c v 11.78 36 29 11 20 1681 1 60888 21775 1.4 27 19 11 23 63%  28 273666 195 103%
c w 11.81 36 29 11 20 1681 1 60888 21769 1.4 27 19 11 23 63%  28 273666 195 103%
c ] 12.05 52 29 12 20 1683 1 62261 22887 1.4 27 19 11 23 63%  28 273666 195 103%
c { 12.05 52 21 12 20 1683 2 62261 22887 1.9 22 11 9 15 59%  28 273666 195 103%
c - 12.16 53 21 12 21 1788 2 62672 20271 1.9 22 12 9 15 59%  28 273666 195 103%
c - 12.75 50 21 12 22 1922 2 67254 20609 2.0 22 11 8 15 59%  28 273666 195 103%
c - 13.70 53 21 12 23 2538 2 71944 21686 1.9 22 11 8 15 59%  28 273666 195 103%
c o 13.76 54 21 12 23 2586 2 72152 21879 1.9 22 11 8 15 59%  28 273666 195 103%
c } 13.91 51 21 13 23 2600 2 73742 23332 1.9 22 11 8 15 59%  28 273666 195 103%
c [ 13.91 51 29 13 23 2600 1 73742 23332 1.4 27 19 11 23 63%  28 273666 195 103%
c I 13.91 51 29 13 23 2600 1 73742 23332 1.4 27 19 11 23 63%  28 273666 195 103%
c - 14.22 53 31 13 24 2602 1 76741 22840 1.4 28 20 11 24 63%  28 273666 195 103%
c - 14.73 54 33 13 25 2605 1 81639 22499 1.4 28 21 12 25 62%  28 273666 195 103%
c u 15.03 55 33 13 25 2606 1 82663 23413 1.4 29 21 12 25 62%  28 273666 195 103%
c v 15.16 55 33 13 25 2606 1 82663 23392 1.4 29 21 12 25 62%  28 273666 195 103%
c w 15.21 55 33 13 25 2606 1 82663 23392 1.4 29 21 12 25 62%  28 273666 195 103%
c - 15.66 50 34 13 26 2607 1 86643 22752 1.4 29 21 12 26 62%  28 273666 195 103%
c ] 15.88 52 34 14 26 2609 1 88919 24869 1.4 29 21 12 26 62%  28 273666 195 103%
c
c seconds   switched    rate         size/glue  tier1    binary        remaining
c        MB   reductions  conflicts        size   tier2     irredundant
c         level    restarts     redundant     glue    trail        variables
c
c { 15.88 52 21 14 26 2609 2 88919 24869 1.9 22 11 8 15 59%  28 273666 195 103%
c - 16.45 53 21 14 27 3043 2 91746 24641 1.9 22 11 8 15 59%  28 273666 195 103%
c - 17.27 54 21 14 28 3526 2 96942 28093 1.9 22 12 9 15 58%  28 273666 195 103%
c s 17.90 55 21 14 28 3734 2 99053 30043 1.8 21 12 9 15 58%  28 273048 195 103%
c s 18.17 55 21 14 28 3734 2 99053 30043 1.8 21 12 9 15 58%  28 273028 195 103%
c ^ 18.18 55 21 14 28 3734 2 99053 30043 1.8 21 12 9 15 58%  28 273028 195 103%
c - 18.86 49 21 14 29 4171 2 102234 30297 1.8 21 12 9 15 58%  28 273028 195 103%
c } 19.17 52 21 15 29 4346 2 103636 31619 1.8 21 12 9 15 58%  28 273028 195 103%
c [ 19.17 52 34 15 29 4346 1 103636 31619 1.4 29 21 12 26 62%  28 273028 195 103%
c B 19.17 52 34 15 29 4346 1 103636 31619 1.4 29 21 12 26 62%  28 273028 195 103%
c - 19.66 55 34 15 30 4348 1 107621 31509 1.4 29 21 12 26 63%  28 273028 195 103%
c u 19.93 56 34 15 30 4349 1 108110 31916 1.4 29 21 12 26 63%  28 273028 195 103%
c v 20.16 56 34 15 30 4349 1 108110 31901 1.4 29 21 12 26 63%  28 273028 195 103%
c w 20.22 57 34 15 30 4349 1 108110 31899 1.4 29 21 12 26 63%  28 273028 195 103%
c - 20.95 51 34 15 31 4352 1 113098 32127 1.4 29 21 12 26 62%  28 273028 195 103%
c - 21.57 53 33 15 32 4355 1 118665 33343 1.4 29 21 11 25 62%  28 273028 195 103%
c o 21.95 53 33 15 32 4358 1 122166 36487 1.4 29 21 11 25 62%  28 273028 195 103%
c ] 21.98 54 33 16 32 4358 1 122521 36821 1.4 29 21 11 25 62%  28 273028 195 103%
c { 21.98 54 21 16 32 4358 2 122521 36821 1.8 21 12 9 15 58%  28 273028 195 103%
c - 22.27 53 21 16 33 4457 2 124324 34891 1.8 21 12 9 15 58%  28 273028 195 103%
c
c seconds   switched    rate          size/glue  tier1    binary        remaining
c        MB   reductions  conflicts         size   tier2     irredundant
c         level    restarts      redundant     glue    trail        variables
c
c - 23.01 52 21 16 34 4653 2 130068 36096 1.9 22 12 9 15 59%  28 273028 195 103%
c - 23.82 51 21 16 35 5005 2 135900 35387 1.9 22 12 8 15 59%  28 273028 195 103%
c u 24.37 37 21 16 35 5258 2 137302 36707 1.9 22 12 8 15 59%  28 273028 195 103%
c v 24.55 54 21 16 35 5258 2 137302 36657 1.9 22 12 8 15 59%  28 273028 195 103%
c w 24.61 54 21 16 35 5258 2 137302 36657 1.9 22 12 8 15 59%  28 273028 195 103%
c x 24.72 54 21 16 35 5258 2 137302 36657 1.9 22 12 8 15 59%  28 269913 195 103%
c } 25.78 50 21 17 35 5518 2 140858 39984 1.9 22 12 8 15 59%  28 269913 195 103%
c [ 25.78 50 33 17 35 5518 1 140858 39984 1.4 29 21 11 25 62%  28 269913 195 103%
c W 25.83 37 33 17 35 5518 1 140858 39984 1.4 29 21 11 25 62%  28 269913 195 103%
c - 25.92 37 33 17 36 5518 1 141816 36232 1.4 29 21 11 25 62%  28 269913 195 103%
c - 26.51 37 33 17 37 5523 1 147816 37132 1.4 29 20 11 25 62%  28 269913 195 103%
c - 27.08 54 32 17 38 5525 1 153898 37782 1.4 28 20 11 25 63%  28 269913 195 103%
c - 27.64 54 31 17 39 5530 1 160062 38047 1.4 28 20 11 25 62%  28 269913 195 103%
c s 28.30 54 31 17 39 5531 1 163203 40755 1.4 28 20 11 25 62%  28 267860 195 103%
c s 28.65 54 31 17 39 5531 1 163203 40755 1.4 28 20 11 25 62%  28 267825 195 103%
c ^ 28.66 54 31 17 39 5531 1 163203 40755 1.4 28 20 11 25 62%  28 267825 195 103%
c ] 28.84 54 31 18 39 5531 1 164625 41942 1.4 28 20 11 25 62%  28 267825 195 103%
c { 28.84 54 21 18 39 5531 2 164625 41942 1.9 22 12 8 15 59%  28 267825 195 103%
c - 29.20 56 21 18 40 5761 2 166307 39105 1.9 22 12 9 15 59%  28 267825 195 103%
c u 30.23 57 21 18 40 6179 2 170325 42738 1.8 22 12 9 15 58%  28 267825 195 103%
c
c seconds   switched    rate          size/glue  tier1    binary        remaining
c        MB   reductions  conflicts         size   tier2     irredundant
c         level    restarts      redundant     glue    trail        variables
c
c v 30.43 58 21 18 40 6179 2 170325 42726 1.8 22 12 9 15 58%  28 267825 195 103%
c w 30.51 58 21 18 40 6179 2 170325 42682 1.8 22 12 9 15 58%  28 267825 195 103%
c o 31.03 52 21 18 40 6388 2 172308 44501 1.8 22 12 9 15 58%  28 267825 195 103%
c - 31.09 54 21 18 41 6426 2 172631 40232 1.8 22 12 9 15 58%  28 267825 195 103%
c - 31.89 49 20 18 42 6696 2 179034 41179 1.8 22 12 9 15 58%  28 267825 195 103%
c - 33.01 54 20 18 43 7254 2 185514 42240 1.8 22 12 9 15 58%  28 267825 195 103%
c } 33.24 56 20 19 43 7430 2 186971 43504 1.8 22 12 9 15 58%  28 267825 195 103%
c [ 33.24 56 31 19 43 7430 1 186971 43504 1.4 28 20 11 25 62%  28 267825 195 103%
c O 33.24 56 31 19 43 7430 1 186971 43504 1.4 28 20 11 25 62%  28 267825 195 103%
c - 33.64 51 30 19 44 7433 1 192072 42809 1.4 28 20 11 24 63%  28 267825 195 103%
c - 34.16 53 30 19 45 7436 1 198705 43349 1.4 28 20 11 24 63%  28 267825 195 103%
c - 34.78 54 29 19 46 7441 1 205415 44366 1.4 27 19 11 24 63%  28 267825 195 103%
c u 35.15 57 29 19 46 7442 1 207280 45959 1.4 27 19 11 24 63%  28 267825 195 103%
c v 35.31 57 29 19 46 7442 1 207280 45925 1.4 27 19 11 24 63%  28 267825 195 103%
c w 35.37 57 29 19 46 7442 1 207280 45874 1.4 27 19 11 24 63%  28 267825 195 103%
c x 35.48 58 29 19 46 7442 1 207280 45874 1.4 27 19 11 24 63%  28 266034 195 103%
c - 36.13 53 29 19 47 7444 1 212197 45046 1.4 27 19 11 24 63%  28 266034 195 103%
c B 36.36 53 29 19 47 7444 1 214711 47281 1.4 27 19 11 24 63%  28 266034 195 103%
c - 36.79 54 29 19 48 7444 1 219054 44176 1.4 28 19 11 23 63%  28 266034 195 103%
c ] 37.13 55 29 20 48 7447 1 222989 47709 1.4 28 19 11 23 63%  28 266034 195 103%
c
c seconds   switched    rate          size/glue  tier1    binary        remaining
c        MB   reductions  conflicts         size   tier2     irredundant
c         level    restarts      redundant     glue    trail        variables
c
c { 37.13 55 20 20 48 7447 2 222989 47709 1.8 22 12 9 15 58%  28 266034 195 103%
c - 37.66 53 20 20 49 7680 2 225982 43302 1.8 22 12 9 15 58%  28 266034 195 103%
c o 38.99 53 20 20 49 8273 2 232438 49313 1.8 22 12 9 15 58%  28 266034 195 103%
c - 39.10 56 20 20 50 8307 2 232983 44739 1.8 22 12 9 15 58%  28 266034 195 103%
c - 40.51 55 21 20 51 9004 2 240054 46811 1.8 22 12 9 15 57%  28 266034 195 103%
c - 41.71 53 21 20 52 9421 2 247195 48754 1.8 22 12 9 15 58%  28 266034 195 103%
c s 42.26 55 21 20 52 9450 2 248012 49505 1.8 22 12 9 15 57%  28 263408 195 103%
c s 42.71 56 21 20 52 9450 2 248012 49505 1.8 22 12 9 15 57%  28 263053 195 103%
c ! 42.72 56 21 20 52 9450 2 248012 49505 1.8 22 12 9 15 57%  28 263053 195 103%
c u 42.98 57 21 20 52 9458 2 248221 49616 1.8 22 12 9 15 57%  28 263053 195 103%
c v 43.18 58 21 20 52 9458 2 248221 49607 1.8 22 12 9 15 57%  28 263053 195 103%
c w 43.26 59 21 20 52 9458 2 248221 49606 1.8 22 12 9 15 57%  28 263053 195 103%
c x 43.43 59 21 20 52 9458 2 248221 49606 1.8 22 12 9 15 57%  28 259773 195 103%
c } 43.83 55 21 21 52 9474 2 249728 51008 1.8 22 12 9 15 58%  28 259773 195 103%
c [ 43.83 55 29 21 52 9474 1 249728 51008 1.4 28 19 11 23 63%  28 259773 195 103%
c W 43.85 38 29 21 52 9474 1 249728 51008 1.4 28 19 11 23 63%  28 259773 195 103%
c - 44.25 38 29 21 53 9477 1 254406 48677 1.4 28 20 10 24 63%  28 259773 195 103%
c - 44.82 38 29 21 54 9480 1 261688 48421 1.4 28 20 10 23 62%  28 259773 195 103%
c - 45.51 38 29 21 55 9486 1 269037 49154 1.4 27 20 10 23 62%  28 259773 195 103%
c - 46.17 38 29 21 56 9488 1 276453 49966 1.4 27 20 10 23 62%  28 259773 195 103%
c
c seconds   switched    rate          size/glue  tier1     binary        remaining
c        MB   reductions  conflicts         size    tier2     irredundant
c         level    restarts      redundant     glue     trail        variables
c
c - 46.77 38 28 21 57 9490 1 283937 50278 1.4 27 20 10 23 62%  28 259773 195 103%
c I 46.88 38 28 21 57 9491 1 285079 51189 1.4 27 20 10 23 62%  28 259773 195 103%
c - 47.56 57 29 21 58 9495 1 291488 50074 1.4 28 20 10 23 62%  28 259773 195 103%
c u 47.90 58 29 21 58 9495 1 293199 51614 1.4 28 20 10 23 62%  28 259773 195 103%
c v 48.05 58 29 21 58 9495 1 293199 51561 1.4 28 20 10 23 62%  28 259773 195 103%
c w 48.11 58 29 21 58 9495 1 293199 51558 1.4 28 20 10 23 62%  28 259773 195 103%
c x 48.23 58 29 21 58 9495 1 293199 51558 1.4 28 20 10 23 62%  28 257958 195 103%
c ] 48.68 53 29 22 58 9497 1 296460 54576 1.4 28 20 10 23 62%  28 257958 195 103%
c { 48.68 53 21 22 58 9497 2 296460 54576 1.8 22 12 9 15 58%  28 257958 195 103%
c - 49.03 57 21 22 59 9512 2 299103 49890 1.8 22 12 9 15 58%  28 257958 195 103%
c o 49.51 55 21 22 59 9524 2 302801 53385 1.9 22 12 9 15 58%  28 257958 195 103%
c - 50.19 57 21 22 60 9608 2 306784 51586 1.9 22 12 9 15 58%  28 257958 195 103%
c - 51.26 58 21 22 61 9642 2 314529 50107 1.9 22 12 8 15 59%  28 257958 195 103%
c - 52.06 56 21 22 62 9647 2 322339 51928 2.0 23 11 8 15 60%  28 257958 195 103%
c } 52.84 54 21 23 62 9686 2 327976 57141 2.0 23 11 8 15 60%  28 257958 195 103%
c [ 52.84 54 29 23 62 9686 1 327976 57141 1.4 28 20 10 23 62%  28 257958 195 103%
c B 52.84 54 29 23 62 9686 1 327976 57141 1.4 28 20 10 23 62%  28 257958 195 103%
c - 53.07 56 29 23 63 9688 1 330213 54579 1.4 28 19 10 23 62%  28 257958 195 103%
c - 53.92 57 29 23 64 9692 1 338151 57401 1.4 27 19 10 23 63%  28 257958 195 103%
c u 54.66 56 29 23 64 9694 1 342303 60931 1.4 27 19 10 23 62%  28 257958 195 103%
c
c seconds   switched    rate          size/glue  tier1     binary        remaining
c        MB   reductions  conflicts         size    tier2     irredundant
c         level    restarts      redundant     glue     trail        variables
c
c v 54.96 58 29 23 64 9694 1 342303 60923 1.4 27 19 10 23 62%  28 257958 195 103%
c w 55.06 58 29 23 64 9694 1 342303 60922 1.4 27 19 10 23 62%  28 257958 195 103%
c x 55.27 58 29 23 64 9694 1 342303 60922 1.4 27 19 10 23 62%  28 255478 195 103%
c f 56.10 45 29 23 64 9694 1 342303 60922 1.4 27 19 10 23 62%  30 254082 196 103%
c u 56.41 55 29 23 64 9694 1 342303 60825 1.4 27 19 10 23 62%  30 254082 196 103%
c v 56.66 56 29 23 64 9694 1 342303 60807 1.4 27 19 10 23 62%  30 254082 196 103%
c w 56.75 57 29 23 64 9694 1 342303 60766 1.4 27 19 10 23 62%  30 254082 196 103%
c x 56.91 57 29 23 64 9694 1 342303 60766 1.4 27 19 10 23 62%  30 251416 196 103%
c f 57.19 46 29 23 64 9694 1 342303 60766 1.4 27 19 10 23 62%  32 248744 197 104%
c - 57.64 55 28 23 65 9697 1 346153 58966 1.4 27 19 10 23 63%  32 248744 197 104%
c - 58.51 56 28 23 66 9700 1 354215 58997 1.5 27 19 10 23 63%  32 248744 197 104%
c s 59.05 56 28 23 66 9700 1 355035 59757 1.5 27 19 10 23 63%  32 245381 197 104%
c s 59.50 56 28 23 66 9700 1 355035 59757 1.5 27 19 10 23 63%  32 244657 197 104%
c - 60.20 56 28 23 67 9702 1 362340 58037 1.5 27 19 10 23 63%  32 244657 197 104%
c ] 60.48 57 29 24 67 9704 1 365282 60701 1.5 28 19 10 23 63%  32 244657 197 104%
c { 60.48 57 21 24 67 9704 2 365282 60701 2.0 23 11 8 15 60%  32 244657 197 104%
c - 61.57 58 21 24 68 10291 2 370525 58410 2.0 23 11 8 15 60%  32 244657 197 104%
c - 63.31 56 21 24 69 11308 2 378772 60498 2.0 23 11 8 15 60%  32 244657 197 104%
c o 64.19 58 21 24 69 11692 2 382997 64451 2.0 22 11 8 15 59%  32 244657 197 104%
c - 64.84 57 21 24 70 11863 2 387079 62460 2.0 22 11 8 15 59%  32 244657 197 104%
c
c seconds   switched     rate          size/glue  tier1    binary        remaining
c        MB   reductions   conflicts         size   tier2     irredundant
c         level    restarts       redundant     glue    trail        variables
c
c - 66.59 55 21 24 71 12646 2 395445 64041 2.0 22 11 8 15 59%  32 244657 197 104%
c u 66.90 58 21 24 71 12655 2 395516 63967 2.0 22 11 8 15 59%  32 244657 197 104%
c v 67.19 59 21 24 71 12655 2 395516 63952 2.0 22 11 8 15 59%  32 244657 197 104%
c w 67.32 59 21 24 71 12655 2 395516 63945 2.0 22 11 8 15 59%  32 244657 197 104%
c x 67.55 60 21 24 71 12655 2 395516 63945 2.0 22 11 8 15 59%  32 241573 197 104%
c f 67.87 44 21 24 71 12655 2 395516 63945 2.0 22 11 8 15 59%  34 241321 198 104%
c u 68.26 56 21 24 71 12655 2 395516 63826 2.0 22 11 8 15 59%  34 241321 198 104%
c v 68.60 58 21 24 71 12655 2 395516 63809 2.0 22 11 8 15 59%  34 241321 198 104%
c w 68.70 58 21 24 71 12655 2 395516 63805 2.0 22 11 8 15 59%  34 241321 198 104%
c x 68.91 58 21 24 71 12655 2 395516 63805 2.0 22 11 8 15 59%  34 238544 198 104%
c f 69.15 46 21 24 71 12655 2 395516 63805 2.0 22 11 8 15 59%  36 234998 199 105%
c } 70.52 57 21 25 71 13222 2 401959 69938 2.0 22 11 8 15 59%  36 234998 199 105%
c [ 70.52 57 29 25 71 13222 1 401959 69938 1.5 28 19 10 23 63%  36 234998 199 105%
c W 70.56 40 29 25 71 13222 1 401959 69938 1.5 28 19 10 23 63%  36 234998 199 105%
c - 70.77 44 29 25 72 13223 1 403872 64846 1.5 28 19 10 23 63%  36 234998 199 105%
c - 71.45 44 28 25 73 13228 1 412360 65355 1.5 27 19 10 23 63%  36 234998 199 105%
c - 72.14 61 29 25 74 13234 1 420906 65042 1.5 28 19 10 23 63%  36 234998 199 105%
c - 72.88 61 29 25 75 13236 1 429508 64984 1.5 28 19 10 23 63%  36 234998 199 105%
c - 73.58 61 29 25 76 13239 1 438168 65725 1.5 28 19 10 23 63%  36 234998 199 105%
c - 74.35 62 29 25 77 13243 1 446885 67096 1.5 28 19 10 23 63%  36 234998 199 105%
c
c seconds   switched     rate          size/glue  tier1     binary        remaining
c        MB   reductions   conflicts         size    tier2     irredundant
c         level    restarts       redundant     glue     trail        variables
c
c O 74.66 62 29 25 77 13246 1 450120 70064 1.5 28 19 10 23 63%  36 234998 199 105%
c u 75.12 64 29 25 77 13248 1 452803 72246 1.5 28 19 10 23 63%  36 234998 199 105%
c v 75.35 64 29 25 77 13248 1 452803 72221 1.5 28 19 10 23 63%  36 234998 199 105%
c w 75.43 65 29 25 77 13248 1 452803 72190 1.5 28 19 10 23 63%  36 234998 199 105%
c x 75.58 65 29 25 77 13248 1 452803 72190 1.5 28 19 10 23 63%  36 231970 199 105%
c f 75.85 51 29 25 77 13248 1 452803 72190 1.5 28 19 10 23 63%  38 228499 200 105%
c u 76.09 60 29 25 77 13248 1 452803 72074 1.5 28 19 10 23 63%  38 228499 200 105%
c v 76.31 61 29 25 77 13248 1 452803 72048 1.5 28 19 10 23 63%  38 228499 200 105%
c w 76.39 62 29 25 77 13248 1 452803 71978 1.5 28 19 10 23 63%  38 228499 200 105%
c x 76.54 62 29 25 77 13248 1 452803 71978 1.5 28 19 10 23 63%  38 226283 200 105%
c f 76.77 52 29 25 77 13248 1 452803 71978 1.5 28 19 10 23 63%  40 222812 201 106%
c - 77.07 60 29 25 78 13250 1 455660 68024 1.5 28 19 10 23 62%  40 222812 201 106%
c - 77.78 61 28 25 79 13251 1 464491 68596 1.5 28 19 10 23 62%  40 222812 201 106%
c ] 78.23 61 28 26 79 13252 1 470221 73183 1.5 28 19 10 23 62%  40 222812 201 106%
c { 78.23 61 21 26 79 13252 2 470221 73183 2.0 22 11 8 15 59%  40 222812 201 106%
c o 78.74 60 21 26 79 13477 2 473246 75987 1.9 22 11 8 15 59%  40 222812 201 106%
c - 78.78 61 21 26 80 13486 2 473380 68723 1.9 22 12 8 15 59%  40 222812 201 106%
c - 80.69 63 21 26 81 14468 2 482327 70066 1.9 22 12 8 15 59%  40 222812 201 106%
c s 82.01 61 21 26 81 14879 2 485333 72894 1.9 22 12 8 15 59%  40 194446 201 106%
c e 82.02 61 21 26 81 14879 2 485333 72894 1.9 22 12 8 15 59%  39 194446 200 105%
c
c seconds   switched     rate          size/glue  tier1    binary        remaining
c        MB   reductions   conflicts         size   tier2     irredundant
c         level    restarts       redundant     glue    trail        variables
c
c s 82.65 61 21 26 81 14879 2 485333 72894 1.9 22 12 8 15 59%  39 169849 200 105%
c - 83.75 54 21 26 82 15553 2 491329 70449 1.9 22 12 8 15 59%  39 169849 200 105%
c - 85.38 54 21 26 83 16411 2 500387 70607 1.9 22 12 8 15 58%  39 169849 200 105%
c - 86.69 57 21 26 84 16852 2 509497 71379 1.9 22 12 8 15 58%  39 169849 200 105%
c } 87.07 59 21 27 84 16941 2 512439 74086 1.9 22 12 8 15 58%  39 169849 200 105%
c [ 87.07 59 28 27 84 16941 1 512439 74086 1.5 28 19 10 23 62%  39 169849 200 105%
c B 87.07 59 28 27 84 16941 1 512439 74086 1.5 28 19 10 23 62%  39 169849 200 105%
c u 87.65 45 28 27 84 16942 1 514239 75564 1.5 28 19 10 23 62%  39 169849 200 105%
c v 87.96 61 28 27 84 16942 1 514239 75549 1.5 28 19 10 23 62%  39 169849 200 105%
c w 88.06 61 28 27 84 16942 1 514239 75532 1.5 28 19 10 23 62%  39 169849 200 105%
c x 88.27 61 28 27 84 16942 1 514239 75532 1.5 28 19 10 23 62%  39 166676 200 105%
c f 89.54 49 28 27 84 16942 1 514239 75532 1.5 28 19 10 23 62%  43 162581 201 106%
c u 89.93 59 28 27 84 16942 1 514239 75511 1.5 28 19 10 23 62%  43 162581 201 106%
c v 90.23 61 28 27 84 16942 1 514239 75490 1.5 28 19 10 23 62%  43 162581 201 106%
c w 90.34 61 28 27 84 16942 1 514239 75410 1.5 28 19 10 23 62%  43 162581 201 106%
c x 90.56 61 28 27 84 16942 1 514239 75407 1.5 28 19 10 23 62%  43 159201 201 106%
c f 90.77 49 28 27 84 16942 1 514239 75407 1.5 28 19 10 23 62%  44 155913 202 106%
c - 91.15 57 28 27 85 16946 1 518662 71320 1.5 28 19 10 23 62%  44 155913 202 106%
c - 91.95 58 28 27 86 16950 1 527881 71365 1.4 27 19 10 23 62%  44 155913 202 106%
c - 92.81 58 28 27 87 16955 1 537156 72923 1.4 27 19 10 23 62%  44 155913 202 106%
c
c seconds   switched     rate          size/glue  tier1     binary        remaining
c        MB   reductions   conflicts         size    tier2     irredundant
c         level    restarts       redundant     glue     trail        variables
c
c - 93.71 56 28 27 88 16957 1 546483 73792 1.4 27 19 10 22 62%  44 155913 202 106%
c - 94.52 58 28 27 89 16962 1 555864 73720 1.5 27 19 10 22 62%  44 155913 202 106%
c - 95.33 58 28 27 90 16968 1 565297 73248 1.5 27 19 10 22 63%  44 155913 202 106%
c W 95.76 45 28 27 90 16969 1 570024 77356 1.5 27 19 10 22 63%  44 155913 202 106%
c - 96.12 45 28 27 91 16970 1 574783 70195 1.5 28 19 10 23 63%  44 155913 202 106%
c ] 96.37 45 28 28 91 16971 1 578634 73761 1.5 28 19 10 23 63%  44 155913 202 106%
c { 96.37 45 21 28 91 16971 2 578634 73761 1.9 22 12 8 15 58%  44 155913 202 106%
c o 96.38 45 21 28 91 16980 2 578674 73801 1.9 22 12 8 15 58%  44 155913 202 106%
c u 96.71 45 21 28 91 16992 2 579071 74019 1.9 22 12 8 15 58%  44 155913 202 106%
c v 96.94 45 21 28 91 16992 2 579071 73993 1.9 22 12 8 15 58%  44 155913 202 106%
c w 97.02 45 21 28 91 16992 2 579071 73979 1.9 22 12 8 15 58%  44 155913 202 106%
c x 97.20 61 21 28 91 16992 2 579071 73979 1.9 22 12 8 15 58%  44 155532 202 106%
c f 97.37 48 21 28 91 16992 2 579071 73979 1.9 22 12 8 15 58%  47 151736 203 107%
c u 97.69 58 21 28 91 16992 2 579071 73904 1.9 22 12 8 15 58%  47 151736 203 107%
c v 97.96 59 21 28 91 16992 2 579071 73872 1.9 22 12 8 15 58%  47 151736 203 107%
c w 98.04 59 21 28 91 16992 2 579071 73858 1.9 22 12 8 15 58%  47 151736 203 107%
c x 98.22 60 21 28 91 16992 2 579071 73858 1.9 22 12 8 15 58%  47 151354 203 107%
c f 98.37 48 21 28 91 16992 2 579071 73858 1.9 22 12 8 15 58%  51 149869 204 107%
c - 99.29 58 21 28 92 17431 2 584323 68030 1.8 22 12 8 15 58%  51 149869 204 107%
c - 100.82 58 21 28 93 18170 2 593914 67734 1.8 22 12 8 15 58%  51 149869 204 107%
c
c seconds    switched     rate          size/glue  tier1    binary        remaining
c         MB   reductions   conflicts         size   tier2     irredundant
c          level    restarts       redundant     glue    trail        variables
c
c - 102.51 58 21 28 94 19007 2 603557 67421 1.8 22 12 8 15 58%  51 149869 204 107%
c - 103.81 56 21 28 95 19587 2 613253 68083 1.8 22 12 8 15 58%  51 149869 204 107%
c - 105.28 58 22 28 96 20349 2 622999 69557 1.8 22 12 8 15 58%  51 149869 204 107%
c } 105.83 57 22 29 96 20645 2 626772 72907 1.8 22 12 8 15 58%  51 149869 204 107%
c [ 105.83 57 28 29 96 20645 1 626772 72907 1.5 28 19 10 23 63%  51 149869 204 107%
c I 106.28 58 28 29 96 20649 1 632574 77615 1.5 27 19 10 23 62%  51 149869 204 107%
c - 106.32 58 28 29 97 20649 1 632797 70201 1.5 27 19 10 22 62%  51 149869 204 107%
c s 107.40 54 28 29 97 20651 1 638176 75287 1.4 27 19 10 22 62%  51 137917 204 107%
c s 108.13 55 28 29 97 20651 1 638176 75287 1.4 27 19 10 22 62%  51 137815 204 107%
c - 108.45 56 29 29 98 20654 1 642646 68722 1.4 28 19 10 23 62%  51 137815 204 107%
c u 109.23 59 29 29 98 20658 1 648180 73686 1.5 28 19 10 23 63%  51 137815 204 107%
c v 109.53 59 29 29 98 20658 1 648180 73657 1.5 28 19 10 23 63%  51 137815 204 107%
c w 109.62 59 29 29 98 20658 1 648180 73605 1.5 28 19 10 23 63%  51 137815 204 107%
c x 109.83 60 29 29 98 20658 1 648180 73605 1.5 28 19 10 23 63%  51 135245 204 107%
c f 110.05 48 29 29 98 20658 1 648180 73605 1.5 28 19 10 23 63%  55 131288 205 108%
c u 110.40 58 29 29 98 20658 1 648180 73476 1.5 28 19 10 23 63%  55 131288 205 108%
c v 110.73 59 29 29 98 20658 1 648180 73320 1.5 28 19 10 23 63%  55 131288 205 108%
c w 110.83 60 29 29 98 20658 1 648180 73279 1.5 28 19 10 23 63%  55 131288 205 108%
c x 111.05 60 29 29 98 20658 1 648180 73279 1.5 28 19 10 23 63%  55 129390 205 108%
c f 111.27 48 29 29 98 20658 1 648180 73279 1.5 28 19 10 23 63%  61 123401 207 109%
c
c seconds    switched     rate          size/glue  tier1     binary        remaining
c         MB   reductions   conflicts         size    tier2     irredundant
c          level    restarts       redundant     glue     trail        variables
c
c - 111.64 55 29 29 99 20659 1 652545 65904 1.4 28 19 10 23 62%  61 123401 207 109%
c - 112.42 57 29 29 100 20662 1 662495 65362 1.5 28 19 10 23 62%  61 123401 207 109%
c - 113.27 55 29 29 101 20667 1 672499 65174 1.4 28 19 10 23 62%  61 123401 207 109%
c - 114.07 57 29 29 102 20673 1 682549 64904 1.4 28 19 10 23 62%  61 123401 207 109%
c - 114.86 55 28 29 103 20674 1 692649 66758 1.5 28 19 10 23 62%  61 123401 207 109%
c ] 115.27 55 28 30 103 20675 1 697664 71327 1.5 28 19 10 23 62%  61 123401 207 109%
c { 115.27 55 22 30 103 20675 2 697664 71327 1.8 22 12 8 15 58%  61 123401 207 109%
c o 115.28 55 22 30 103 20685 2 697712 71373 1.8 22 12 8 15 58%  61 123401 207 109%
c - 116.07 56 21 30 104 21103 2 702797 68349 1.8 22 12 8 15 58%  61 123401 207 109%
c - 117.45 54 22 30 105 21685 2 712996 70568 1.8 22 12 8 15 58%  61 123401 207 109%
c u 118.96 59 22 30 105 22332 2 721392 78330 1.8 22 12 8 15 58%  61 123401 207 109%
c v 119.21 60 22 30 105 22332 2 721392 78302 1.8 22 12 8 15 58%  61 123401 207 109%
c w 119.30 60 22 30 105 22332 2 721392 78300 1.8 22 12 8 15 58%  61 123401 207 109%
c x 119.50 60 22 30 105 22332 2 721392 78300 1.8 22 12 8 15 58%  61 121053 207 109%
c f 119.73 48 22 30 105 22332 2 721392 78300 1.8 22 12 8 15 58%  69 115263 209 110%
c caught signal 15 (SIGTERM)
c
c ---- [ profiling ] ---------------------------------------------------------
c
c          86.79   72.34 %  search
c          49.51   41.27 %  focused
c          37.28   31.07 %  stable
c          29.55   24.63 %  simplify
c          26.53   22.12 %  probe
c          15.94   13.29 %  vivify
c           7.53    6.27 %  factor
c           6.37    5.31 %  eliminate
c           6.13    5.11 %  subsume
c           3.54    2.95 %  preprocess
c           1.96    1.63 %  sweep
c           0.96    0.80 %  substitute
c           0.73    0.61 %  reduce
c           0.19    0.16 %  walking
c           0.12    0.10 %  congruence
c           0.06    0.05 %  parse
c           0.03    0.02 %  transitive
c           0.03    0.02 %  lucky
c           0.00    0.00 %  backbone
c =============================================
c         119.97  100.00 %  total
c
c ---- [ statistics ] --------------------------------------------------------
c
c conflicts:                           721392             6013.26 per second
c decisions:                          1196458                1.66 per conflict
c eliminated:                               1                1 %  variables
c factored:                                20               11 %  variables
c propagations:                      21434410           178670    per second
c reductions:                             105             6870    interval
c reordered:                               12            60116    interval
c rephased:                                21            34352    interval
c restarts:                             22332               32    interval
c subsumed:                             74912                0 %  checks
c switched:                                30            24046    interval
c vivified:                             59209               70 %  checks
c walks:                                    7           103056    interval
c
c ---- [ glue usage ] --------------------------------------------------------
c
c focused glue 8     used  45281 clauses  9.31% accumulated 52.53% tier1
c focused glue 9     used  37455 clauses  7.70% accumulated 60.23%
c focused glue 10-13 used 111891 clauses 23.02% accumulated 83.25%
c focused glue 14    used  20731 clauses  4.26% accumulated 87.51%
c focused glue 15    used  16918 clauses  3.48% accumulated 90.99% tier2
c
c stable glue 10    used  85026 clauses  5.53% accumulated 54.61% tier1
c stable glue 11    used  71862 clauses  4.67% accumulated 59.28%
c stable glue 12-21 used 435633 clauses 28.31% accumulated 87.59%
c stable glue 22    used  32922 clauses  2.14% accumulated 89.73%
c stable glue 23    used  29587 clauses  1.92% accumulated 91.65% tier2
c
c ---- [ resources ] ---------------------------------------------------------
c
c maximum-resident-set-size:         66945024 bytes         64 MB
c process-time:                             2m             119.97 seconds
c raising signal 15 (SIGTERM)
