c ---- [ banner ] ------------------------------------------------------------
c
c Kissat SAT Solver
c 
c Copyright (c) 2021-2024 Armin Biere University of Freiburg
c Copyright (c) 2019-2021 Armin Biere Johannes Kepler University Linz
c 
c Version 4.0.4 8af8e56f174b778aef3aa45af9f739b2a5f492c2
c gcc (Ubuntu 13.3.0-6ubuntu2~24.04.1) 13.3.0 -W -Wall -O3 -DNDEBUG
c Wed Apr 15 20:10:47 EEST 2026 Linux cluster-4 6.17.0-14-generic x86_64
c
c ---- [ parsing ] -----------------------------------------------------------
c
c opened and reading DIMACS file:
c
c   tmp.cnf
c
c parsed 'p cnf 190 1085280' header
c closing input after reading 19517378 bytes (19 MB)
c finished parsing after 0.18 seconds
c
c ---- [ solving ] -----------------------------------------------------------
c
c seconds switched rate     size/glue tier1 binary         remaining
c        MB reductions conflicts size  tier2    irredundant
c         level restarts redundant glue  trail         variables
c
c *  0.18 69 0 0 0  0 0   0   0 0.0 0 0 0 0 0%   0 1085280 190 100%
c (  0.22 75 0 0 0  0 0   0   0 0.0 0 0 0 0 0%   0 1085280 190 100%
c .  0.22 75 0 0 0  0 0   0   0 0.0 0 0 0 0 0%   0 1085280 190 100%
c )  3.66 81 0 0 0  0 0   0   0 0.0 0 0 0 0 0%   0 1085280 190 100%
c {  3.69 82 0 0 0  0 0   0   0 0.0 0 0 2 6 0%   0 1085280 190 100%
c -  4.02 87 22 0 1  8 2 1000 652 1.6 16 10 7 17 49%   0 1085280 190 100%
c }  4.02 87 22 1 1  8 2 1000 652 1.6 16 10 7 17 49%   0 1085280 190 100%
c [  4.02 87 0 1 1  8 0 1000 652 0.0 0 0 2 6 0%   0 1085280 190 100%
c B  4.02 87 23 1 1  8 10 1001 653 2.2 11 5 2 6 37%   0 1085280 190 100%
c -  4.26 87 18 1 2  8 2 2001 1446 1.5 17 11 8 14 52%   0 1085280 190 100%
c W  4.33 84 18 1 2  8 2 2002 1447 1.5 17 11 8 14 52%   0 1085280 190 100%
c ]  4.42 86 18 2 2  9 2 2356 1737 1.6 17 11 8 14 52%   0 1085280 190 100%
c {  4.42 86 22 2 2  9 2 2356 1737 1.6 16 10 7 17 49%   0 1085280 190 100%
c u  4.70 88 24 2 2 54 2 2983 2253 1.5 15 10 7 17 44%   0 1085280 190 100%
c v  4.75 88 24 2 2 54 2 2983 2247 1.5 15 10 7 17 44%   0 1085280 190 100%
c w  4.79 88 24 2 2 54 2 2983 2241 1.5 15 10 7 17 44%   0 1085280 190 100%
c x  4.84 89 24 2 2 54 2 2983 2241 1.5 15 10 7 17 44%   0 1084953 190 100%
c }  5.04 89 25 3 2 62 3 3356 2541 1.5 14 10 7 17 43%   0 1084953 190 100%
c [  5.04 89 18 3 2 62 2 3356 2541 1.6 17 11 8 14 52%   0 1084953 190 100%
c -  5.05 89 18 3 3 62 2 3418 2374 1.5 16 11 8 14 51%   0 1084953 190 100%
c
c seconds  switched rate       size/glue  tier1    binary         remaining
c        MB reductions conflicts     size   tier2      irredundant
c         level restarts  redundant     glue    trail         variables
c
c I  5.23 89 20 3 3 62 2 4261 3068 1.5 17 11 8 14 47%   0 1084953 190 100%
c ]  5.32 90 19 4 3 63 2 4621 3369 1.5 16 11 8 16 47%   0 1084953 190 100%
c {  5.32 90 25 4 3 63 3 4621 3369 1.5 14 10 7 17 43%   0 1084953 190 100%
c -  5.54 90 23 4 4 111 3 5150 3388 1.5 15 10 7 15 44%   0 1084953 190 100%
c }  6.12 90 19 5 4 185 3 6973 4941 1.7 15 9 7 15 47%   2 1084951 190 100%
c [  6.12 90 19 5 4 185 2 6973 4941 1.5 16 11 8 16 47%   2 1084951 190 100%
c -  6.18 90 19 5 5 185 2 7150 4560 1.5 16 11 8 16 48%   2 1084951 190 100%
c B  6.37 90 18 5 5 186 2 8033 5272 1.5 16 11 8 16 51%   2 1084951 190 100%
c u  6.87 92 20 5 5 187 2 9188 6245 1.5 17 11 8 16 50%   2 1084951 190 100%
c v  6.95 93 20 5 5 187 2 9188 6242 1.5 17 11 8 16 50%   2 1084951 190 100%
c w  7.00 94 20 5 5 187 2 9188 6238 1.5 17 11 8 16 50%   2 1084951 190 100%
c x  7.06 94 20 5 5 187 2 9188 6238 1.5 17 11 8 16 50%   2 1084067 190 100%
c -  7.29 96 20 5 6 187 2 9389 5604 1.4 17 11 8 16 49%   2 1084067 190 100%
c ]  7.51 96 20 6 6 187 2 10402 6414 1.4 17 12 8 16 49%   2 1084067 190 100%
c {  7.51 96 19 6 6 187 3 10402 6414 1.7 15 9 7 15 47%   2 1084067 190 100%
c o  7.55 97 19 6 6 188 3 10466 6469 1.7 15 9 7 15 47%   2 1084067 190 100%
c -  7.88 98 17 6 7 188 2 11838 6894 1.7 15 9 7 12 50%   2 1084067 190 100%
c }  8.57 99 15 7 7 188 2 14471 9055 1.8 14 8 7 12 53%   2 1084067 190 100%
c [  8.57 99 20 7 7 188 2 14471 9055 1.4 17 12 8 16 49%   2 1084067 190 100%
c W  8.66 82 20 7 7 188 2 14471 9055 1.4 17 12 8 16 49%   2 1084067 190 100%
c
c seconds  switched  rate        size/glue  tier1    binary         remaining
c        MB reductions conflicts       size   tier2      irredundant
c         level restarts    redundant     glue    trail         variables
c
c -  8.67 83 20 7 8 188 2 14484 8240 1.4 17 12 8 17 49%   2 1084067 190 100%
c s  8.91 92 20 7 8 188 2 14912 8580 1.4 17 12 8 17 50%   2 1083939 190 100%
c ^  9.12 92 20 7 8 188 2 14912 8580 1.4 17 12 8 17 50%   2 1083939 190 100%
c -  9.65 95 20 7 9 190 2 17312 9481 1.5 17 12 8 16 50%   2 1083939 190 100%
c u 10.11 95 20 7 9 191 2 18822 10746 1.5 17 12 8 16 50%   2 1083939 190 100%
c v 10.21 96 20 7 9 191 2 18822 10732 1.5 17 12 8 16 50%   2 1083939 190 100%
c w 10.26 96 20 7 9 191 2 18822 10702 1.5 17 12 8 16 50%   2 1083939 190 100%
c x 10.34 96 20 7 9 191 2 18822 10702 1.5 17 12 8 16 50%   2 1082976 190 100%
c ] 10.56 96 20 8 9 191 2 19032 10882 1.5 17 12 8 16 50%   2 1082976 190 100%
c { 10.56 96 15 8 9 191 2 19032 10882 1.8 14 8 7 12 53%   2 1082976 190 100%
c - 10.99 98 14 8 10 274 2 20312 10308 1.8 14 8 6 11 53%   2 1082976 190 100%
c o 11.36 98 14 8 10 335 2 21413 11185 1.8 14 8 6 11 54%   2 1082976 190 100%
c - 12.20 99 14 8 11 571 2 23475 11336 1.8 14 8 6 11 53%   6 1082973 190 100%
c } 12.79 99 14 9 11 711 2 25191 12715 1.8 14 8 6 11 53%   7 1082972 190 100%
c [ 12.79 99 20 9 11 711 2 25191 12715 1.5 17 12 8 16 50%   7 1082972 190 100%
c O 12.79 99 20 9 11 711 2 25191 12715 1.5 17 12 8 16 50%   7 1082972 190 100%
c - 13.02 99 21 9 12 712 2 26791 12332 1.4 17 12 8 16 48%   7 1082972 190 100%
c s 13.66 100 23 9 12 714 2 29822 14929 1.4 18 13 8 16 47%   7 1082809 190 100%
c ^ 13.87 100 23 9 12 714 2 29822 14929 1.4 18 13 8 16 47%   7 1082809 190 100%
c - 13.98 100 23 9 13 714 2 30255 13387 1.4 18 13 8 18 47%   7 1082809 190 100%
c
c seconds   switched   rate         size/glue  tier1    binary         remaining
c         MB  reductions conflicts        size   tier2      irredundant
c          level  restarts     redundant     glue    trail         variables
c
c u 14.53 101 22 9 13 716 2 32092 14926 1.4 18 12 8 18 47%   7 1082809 190 100%
c v 14.67 101 22 9 13 716 2 32092 14902 1.4 18 12 8 18 47%   7 1082809 190 100%
c w 14.73 101 22 9 13 716 2 32092 14896 1.4 18 12 8 18 47%   7 1082809 190 100%
c x 14.83 101 22 9 13 716 2 32092 14896 1.4 18 12 8 18 47%   7 1081452 190 100%
c - 15.44 101 22 9 14 717 2 33860 14733 1.4 18 12 7 17 47%   7 1081452 190 100%
c B 15.73 101 22 9 14 717 2 34954 15611 1.4 18 12 7 17 47%   7 1081452 190 100%
c ] 15.83 101 22 10 14 717 2 35385 15968 1.4 18 12 7 17 47%   7 1081452 190 100%
c { 15.83 101 14 10 14 717 2 35385 15968 1.8 14 8 6 11 53%   7 1081452 190 100%
c i 16.02 101 14 10 14 744 2 36483 16823 1.7 14 8 6 11 51%  12 1081452 189 99%
c - 16.47 102 14 10 15 830 2 37601 15153 1.7 13 8 6 10 50%  11 1081448 189 99%
c - 17.95 102 14 10 16 1224 2 41474 16498 1.7 13 8 6 10 50%  14 1081445 189 99%
c o 18.03 102 14 10 16 1226 2 41716 16676 1.7 13 8 6 10 50%  15 1081444 189 99%
c } 18.91 102 14 11 16 1446 2 44013 18609 1.7 13 8 6 10 50%  16 1081444 189 99%
c [ 18.91 102 22 11 16 1446 2 44013 18609 1.4 18 12 7 17 47%  16 1081444 189 99%
c i 19.02 102 21 11 16 1447 2 45137 19496 1.4 17 12 7 17 46%  20 1081443 188 99%
c - 19.11 102 22 11 17 1447 2 45477 17038 1.4 17 12 7 17 46%  15 1081443 188 99%
c W 19.57 78 22 11 17 1448 2 47176 18508 1.4 17 12 7 17 46%  15 1044424 188 99%
c u 20.34 94 22 11 17 1449 2 49178 20159 1.4 17 12 7 17 46%  15 1044424 188 99%
c v 20.54 95 22 11 17 1449 2 49178 19958 1.4 17 12 7 17 46%  15 1044424 188 99%
c w 20.62 95 22 11 17 1449 2 49178 19906 1.4 17 12 7 17 46%  15 1044424 188 99%
c
c seconds   switched    rate         size/glue  tier1    binary         remaining
c        MB   reductions  conflicts        size   tier2      irredundant
c         level    restarts     redundant     glue    trail         variables
c
c x 20.75 96 22 11 17 1449 2 49178 19906 1.4 17 12 7 17 46%  15 1042197 188 99%
c - 21.14 97 22 11 18 1450 2 49603 18668 1.4 17 12 7 17 46%  15 1042197 188 99%
c - 22.06 98 21 11 19 1452 2 53846 20540 1.4 17 12 7 16 47%  15 1042197 188 99%
c - 23.03 99 21 11 20 1454 2 58206 21945 1.4 17 12 7 16 47%  15 1042197 188 99%
c ] 23.08 99 20 12 20 1454 2 58421 22102 1.4 17 12 7 16 47%  15 1042197 188 99%
c { 23.08 99 14 12 20 1454 2 58421 22102 1.7 13 8 6 10 50%  15 1042197 188 99%
c i 23.69 100 14 12 20 1525 2 61074 24118 1.7 13 8 6 10 48%  25 1042197 187 98%
c s 24.28 100 14 12 20 1563 2 62143 25012 1.7 13 8 6 10 48%  26 1022820 187 98%
c s 24.57 100 14 12 20 1563 2 62143 25012 1.7 13 8 6 10 48%  16 1022805 187 98%
c ^ 24.60 100 14 12 20 1563 2 62143 25012 1.7 13 8 6 10 48%  16 1022805 187 98%
c - 24.87 101 14 12 21 1624 2 62678 19275 1.7 13 8 5 10 48%  16 1022805 187 98%
c i 25.90 102 14 12 21 1868 2 65759 21778 1.7 13 8 5 10 48%  24 1022803 186 98%
c - 26.45 102 14 12 22 2000 2 67260 18668 1.7 13 8 5 10 48%  16 1022801 186 98%
c } 27.57 103 14 13 22 2240 2 69901 20815 1.7 13 8 5 10 48%  18 1022799 186 98%
c [ 27.58 103 20 13 22 2240 2 69901 20815 1.4 17 12 7 16 47%  18 1022799 186 98%
c I 27.58 103 20 13 22 2240 2 69901 20815 1.4 17 12 7 16 47%  18 1022799 186 98%
c u 27.94 103 20 13 22 2240 2 70093 20941 1.4 17 12 7 16 47%  18 1005691 186 98%
c v 28.20 103 20 13 22 2240 2 70093 20858 1.4 17 12 7 16 47%  18 1005691 186 98%
c w 28.30 103 20 13 22 2240 2 70093 20815 1.4 17 12 7 16 47%  18 1005691 186 98%
c x 28.42 103 20 13 22 2240 2 70093 20815 1.4 17 12 7 16 47%  18 1003277 186 98%
c
c seconds    switched    rate         size/glue  tier1    binary         remaining
c         MB   reductions  conflicts        size   tier2      irredundant
c          level    restarts     redundant     glue    trail         variables
c
c - 29.22 103 20 13 23 2241 2 71950 20126 1.4 17 12 7 16 47%  18 1003277 186 98%
c - 30.43 103 20 13 24 2245 2 76746 21978 1.4 16 11 7 15 47%  19 1003277 186 98%
c - 31.58 103 19 13 25 2246 2 81647 23512 1.4 16 11 6 15 46%  20 1003277 186 98%
c i 31.98 103 19 13 25 2248 2 83647 25029 1.4 16 11 6 15 46%  25 1003277 185 97%
c o 31.99 103 19 13 25 2248 2 83647 25029 1.4 16 11 6 15 46%  25 1003277 185 97%
c - 32.56 104 18 13 26 2249 2 86647 16339 1.4 15 11 6 15 46%  18 1003277 185 97%
c ] 32.60 104 18 14 26 2250 2 86828 16487 1.4 15 11 6 15 46%  18 1003277 185 97%
c { 32.60 104 14 14 26 2250 2 86828 16487 1.7 13 8 5 10 48%  18 1003277 185 97%
c - 34.38 104 14 14 27 2620 2 91746 19467 1.7 13 8 5 10 48%  22 1003275 185 97%
c u 35.79 104 14 14 27 2771 2 94944 21960 1.7 13 8 5 10 48%  23 968425 185 97%
c v 36.01 104 14 14 27 2771 2 94944 21742 1.7 13 8 5 10 48%  23 968425 185 97%
c w 36.10 104 14 14 27 2771 2 94944 21606 1.7 13 8 5 10 48%  23 968425 185 97%
c x 36.25 104 14 14 27 2771 2 94944 21606 1.7 13 8 5 10 48%  23 965311 185 97%
c - 37.11 104 13 14 28 2865 2 96942 21915 1.7 13 8 5 10 47%  28 965307 185 97%
c } 38.73 104 13 15 28 3082 2 101544 25838 1.7 13 8 5 10 47%  30 965305 185 97%
c [ 38.73 104 18 15 28 3082 2 101544 25838 1.4 15 11 6 15 46%  30 965305 185 97%
c B 38.73 104 18 15 28 3082 2 101544 25838 1.4 15 11 6 15 46%  30 965305 185 97%
c - 38.87 104 18 15 29 3082 2 102233 24527 1.4 15 11 6 15 46%  30 965305 185 97%
c - 40.43 105 18 15 30 3086 2 107618 26632 1.4 15 10 6 14 45%  31 965305 185 97%
c i 40.55 105 18 15 30 3087 2 108034 26902 1.4 15 10 6 14 45%  34 965305 184 97%
c
c seconds    switched    rate          size/glue  tier1    binary        remaining
c         MB   reductions  conflicts         size   tier2     irredundant
c          level    restarts      redundant     glue    trail        variables
c
c - 41.58 105 18 15 31 3088 2 113095 22572 1.4 15 10 6 14 44%  36 965305 184 97%
c s 42.11 105 18 15 31 3088 2 113804 23167 1.4 15 10 6 14 44%  30 927167 184 97%
c s 42.57 105 18 15 31 3088 2 113804 23167 1.4 15 10 6 14 44%  30 927146 184 97%
c ^ 42.59 105 18 15 31 3088 2 113804 23167 1.4 15 10 6 14 44%  30 927146 184 97%
c - 43.35 105 18 15 32 3091 2 118662 26009 1.4 15 10 6 14 43%  30 927146 184 97%
c W 44.18 75 18 15 32 3094 2 122455 29235 1.5 15 10 6 14 43%  30 927146 184 97%
c u 44.80 82 18 15 32 3095 2 123838 30222 1.5 15 10 6 14 43%  30 927146 184 97%
c v 45.04 82 18 15 32 3095 2 123838 29892 1.5 15 10 6 14 43%  30 927146 184 97%
c w 45.13 82 18 15 32 3095 2 123838 29841 1.5 15 10 6 14 43%  30 927146 184 97%
c x 45.27 86 18 15 32 3095 2 123838 29841 1.5 15 10 6 14 43%  30 923880 184 97%
c o 45.55 86 18 15 32 3095 2 123838 29841 1.5 15 10 6 14 43%  30 923880 184 97%
c - 45.63 86 18 15 33 3095 2 124318 28388 1.5 15 10 6 14 43%  30 923880 184 97%
c ] 46.00 86 18 16 33 3095 2 126223 29906 1.5 15 10 6 14 43%  30 923880 184 97%
c { 46.00 86 13 16 33 3095 2 126223 29906 1.7 13 8 5 10 47%  30 923880 184 97%
c - 47.22 89 13 16 34 3222 2 130062 30389 1.7 13 7 5 10 47%  33 923878 184 97%
c i 47.26 89 13 16 34 3222 2 130228 30508 1.7 13 7 5 10 47%  40 923878 183 96%
c i 47.52 89 13 16 34 3237 2 131367 31392 1.7 13 7 5 10 47%  46 923878 182 96%
c - 48.95 90 13 16 35 3381 2 135892 29619 1.7 12 7 5 10 46%  37 923877 182 96%
c - 51.07 90 13 16 36 3679 2 141808 31511 1.7 12 7 5 9 45%  51 923874 182 96%
c i 51.10 90 13 16 36 3679 2 142121 31724 1.7 12 7 5 9 45%  54 923874 181 95%
c
c seconds   switched    rate          size/glue tier1   binary        remaining
c        MB   reductions  conflicts         size  tier2    irredundant
c         level    restarts      redundant    glue   trail        variables
c
c i 51.79 90 13 16 36 3696 2 144513 33534 1.6 12 7 5 9 45%  67 923874 180 95%
c } 51.81 90 13 17 36 3700 2 144560 33566 1.6 12 7 5 9 45%  68 923874 180 95%
c [ 51.81 90 18 17 36 3700 2 144560 33566 1.5 15 10 6 14 43%  68 923874 180 95%
c O 52.33 90 17 17 36 3701 2 146681 35294 1.5 14 10 6 14 43%  69 923874 180 95%
c - 52.58 90 17 17 37 3702 2 147808 27324 1.5 14 10 6 13 43%  47 923873 180 95%
c i 52.93 90 17 17 37 3704 2 150006 28998 1.5 14 10 6 13 42%  51 923873 179 94%
c i 52.95 90 17 17 37 3704 2 150218 29132 1.5 14 10 6 13 42%  55 923872 176 93%
c i 52.95 90 17 17 37 3704 2 150225 29133 1.5 14 10 6 13 42%  56 923872 175 92%
c i 52.96 90 17 17 37 3704 2 150248 29145 1.5 14 10 6 13 42%  58 923872 162 85%
c i 52.96 90 17 17 37 3704 2 150251 29145 1.5 14 10 6 13 42%  59 923872 161 85%
c ] 52.96 90 17 17 37 3704 2 150255 29145 1.5 14 10 6 13 42%  60 923872 125 66%
c 0 52.96 90 13 17 37 3704 2 150255 29145 1.6 12 7 5 9 45%  60 923872 125 66%
c
c ---- [ result ] ------------------------------------------------------------
c
s UNSATISFIABLE
c
c ---- [ profiling ] ---------------------------------------------------------
c
c          40.37   76.23 %  search
c          22.58   42.65 %  focused
c          17.78   33.58 %  stable
c           9.82   18.54 %  probe
c           8.90   16.81 %  simplify
c           4.46    8.42 %  factor
c           4.07    7.69 %  vivify
c           3.44    6.49 %  preprocess
c           2.21    4.17 %  eliminate
c           1.83    3.46 %  subsume
c           0.87    1.64 %  substitute
c           0.31    0.59 %  walking
c           0.29    0.55 %  congruence
c           0.18    0.34 %  parse
c           0.16    0.30 %  reduce
c           0.10    0.19 %  sweep
c           0.07    0.13 %  lucky
c           0.03    0.06 %  transitive
c           0.00    0.00 %  backbone
c =============================================
c          52.96  100.00 %  total
c
c ---- [ statistics ] --------------------------------------------------------
c
c conflicts:                           150255             2837.24 per second
c decisions:                           286008                1.90 per conflict
c iterations:                              16                8 %  variables
c propagations:                       3076073            58085    per second
c reductions:                              37             4061    interval
c reordered:                                5            30051    interval
c rephased:                                12            12521    interval
c restarts:                              3704               41    interval
c strengthened:                             3                0 %  checks
c subsumed:                              3319                0 %  checks
c switched:                                17             8839    interval
c vivified:                             18069               99 %  checks
c walks:                                    4            37564    interval
c
c ---- [ glue usage ] --------------------------------------------------------
c
c focused glue 5 used 15470 clauses 13.71% accumulated 62.38% tier1
c focused glue 6 used 12011 clauses 10.65% accumulated 73.02%
c focused glue 7 used  8656 clauses  7.67% accumulated 80.69%
c focused glue 8 used  6579 clauses  5.83% accumulated 86.53%
c focused glue 9 used  4644 clauses  4.12% accumulated 90.64% tier2
c
c stable glue 6    used 21603 clauses 10.66% accumulated 56.80% tier1
c stable glue 7    used 17446 clauses  8.61% accumulated 65.41%
c stable glue 8-11 used 39527 clauses 19.50% accumulated 84.91%
c stable glue 12   used  6207 clauses  3.06% accumulated 87.97%
c stable glue 13   used  5129 clauses  2.53% accumulated 90.50% tier2
c
c ---- [ resources ] ---------------------------------------------------------
c
c maximum-resident-set-size:        109768704 bytes        105 MB
c process-time:                            53s              52.96 seconds
c
c ---- [ shutting down ] -----------------------------------------------------
c
c exit 20
