c ---- [ banner ] ------------------------------------------------------------
c
c Kissat SAT Solver
c 
c Copyright (c) 2021-2024 Armin Biere University of Freiburg
c Copyright (c) 2019-2021 Armin Biere Johannes Kepler University Linz
c 
c Version 4.0.4 8af8e56f174b778aef3aa45af9f739b2a5f492c2
c Apple clang version 17.0.0 (clang-1700.6.3.2) -W -Wall -O3 -DNDEBUG
c Mon Mar 30 18:25:47 CEST 2026 Darwin Mac 24.6.0 arm64
c
c ---- [ parsing ] -----------------------------------------------------------
c
c opened and reading DIMACS file:
c
c   tmp.cnf
c
c parsed 'p cnf 190 80940' header
c closing input after reading 1567915 bytes (1 MB)
c finished parsing after 0.01 seconds
c
c ---- [ solving ] -----------------------------------------------------------
c
c seconds switched rate     size/glue tier1 binary       remaining
c        MB reductions conflicts size  tier2   irredundant
c         level restarts redundant glue  trail       variables
c
c *  0.01 13 0 0 0  0 0   0   0 0.0 0 0 0 0 0%  66 80874 190 100%
c (  0.01 14 0 0 0  0 0   0   0 0.0 0 0 0 0 0%  66 80874 190 100%
c .  0.01 14 0 0 0  0 0   0   0 0.0 0 0 0 0 0%  66 80874 190 100%
c f  1.51 16 0 0 0  0 0   0   0 0.0 0 0 0 0 0% 522 40627 339 178%
c )  1.52 16 0 0 0  0 0   0   0 0.0 0 0 0 0 0% 522 40627 339 178%
c {  1.52 16 0 0 0  0 0   0   0 0.0 0 0 2 6 0% 522 40627 339 178%
c -  1.52 16 38 0 1  1 1 1000 637 1.7 28 16 12 21 67% 522 40627 339 178%
c }  1.52 16 38 1 1  1 1 1000 637 1.7 28 16 12 21 67% 522 40627 339 178%
c [  1.52 16 0 1 1  1 0 1000 637 0.0 0 0 2 6 0% 522 40627 339 178%
c B  1.52 16 32 1 1  1 1 1003 640 2.4 35 15 2 6 76% 522 40627 339 178%
c -  1.53 16 52 1 2  1 1 2000 1491 1.9 32 17 10 21 75% 522 40627 339 178%
c W  1.53 18 52 1 2  1 1 2004 1494 1.9 32 17 10 21 75% 522 40627 339 178%
c ]  1.53 18 50 2 2  2 1 2165 1643 1.9 31 17 10 21 73% 522 40627 339 178%
c {  1.53 18 38 2 2  2 1 2165 1643 1.7 28 16 12 21 67% 522 40627 339 178%
c u  1.54 18 36 2 2  2 1 2567 1954 1.7 28 16 12 21 68% 522 40627 339 178%
c v  1.54 18 36 2 2  2 1 2567 1939 1.7 28 16 12 21 68% 522 40627 339 178%
c w  1.54 18 36 2 2  2 1 2567 1920 1.7 28 16 12 21 68% 522 40627 339 178%
c x  1.54 20 36 2 2  2 1 2567 1920 1.7 28 16 12 21 68% 525 40615 339 178%
c t  1.54 20 36 2 2  2 1 2567 1920 1.7 28 16 12 21 68% 524 40615 339 178%
c }  1.56 21 35 3 2 80 2 3165 2486 1.7 28 16 12 21 62% 524 40615 339 178%
c
c seconds  switched rate       size/glue  tier1     binary       remaining
c        MB reductions conflicts     size    tier2     irredundant
c         level restarts  redundant     glue     trail       variables
c
c [  1.56 21 50 3 2 80 1 3165 2486 1.9 31 17 10 21 73% 524 40615 339 178%
c -  1.56 21 46 3 3 80 1 3414 2399 1.8 31 17 11 21 69% 524 40615 339 178%
c I  1.57 21 40 3 3 81 1 4263 3136 1.7 31 18 11 21 62% 524 40615 339 178%
c ]  1.57 21 37 4 3 81 1 4551 3381 1.7 29 17 11 21 60% 524 40615 339 178%
c {  1.57 21 35 4 3 81 2 4551 3381 1.7 28 16 12 21 62% 524 40615 339 178%
c -  1.57 21 31 4 4 81 2 5146 3318 1.7 27 15 11 20 61% 524 40615 339 178%
c }  1.59 21 26 5 4 113 2 6903 4808 1.9 27 14 10 20 60% 524 40615 339 178%
c [  1.59 21 37 5 4 113 1 6903 4808 1.7 29 17 11 21 60% 524 40615 339 178%
c -  1.59 21 35 5 5 113 1 7146 4241 1.7 29 17 11 23 59% 524 40615 339 178%
c u  1.61 23 34 5 5 113 1 7908 4865 1.7 29 17 11 23 56% 524 40615 339 178%
c v  1.61 23 34 5 5 113 1 7908 4856 1.7 29 17 11 23 56% 524 40615 339 178%
c w  1.61 24 34 5 5 113 1 7908 4852 1.7 29 17 11 23 56% 524 40615 339 178%
c x  1.61 25 34 5 5 113 1 7908 4850 1.7 29 17 11 23 56% 524 40459 339 178%
c f  1.63 25 34 5 5 113 1 7908 4850 1.7 29 17 11 23 56% 526 40387 340 179%
c u  1.64 25 34 5 5 113 1 7908 4783 1.7 29 17 11 23 56% 526 40387 340 179%
c v  1.64 25 34 5 5 113 1 7908 4753 1.7 29 17 11 23 56% 526 40387 340 179%
c w  1.64 26 34 5 5 113 1 7908 4752 1.7 29 17 11 23 56% 526 40387 340 179%
c x  1.64 26 34 5 5 113 1 7908 4752 1.7 29 17 11 23 56% 530 40356 340 179%
c t  1.65 26 34 5 5 113 1 7908 4752 1.7 29 17 11 23 56% 526 40356 340 179%
c B  1.65 26 33 5 5 114 1 8034 4864 1.7 29 17 11 23 56% 526 40356 340 179%
c
c seconds  switched  rate       size/glue  tier1     binary       remaining
c        MB reductions conflicts      size    tier2     irredundant
c         level restarts   redundant     glue     trail       variables
c
c ]  1.66 26 36 6 5 115 1 9124 5854 1.7 28 17 11 23 59% 526 40356 340 179%
c {  1.66 26 26 6 5 115 2 9124 5854 1.9 27 14 10 20 60% 526 40356 340 179%
c -  1.66 27 26 6 6 116 2 9382 5284 1.9 27 14 10 18 60% 526 40356 340 179%
c -  1.69 27 24 6 7 118 2 11831 6584 2.0 26 13 9 18 58% 526 40356 340 179%
c s  1.70 27 24 6 7 118 2 12834 7560 2.0 25 13 9 18 57% 526 39873 340 179%
c ^  1.72 27 24 6 7 118 2 12834 7560 2.0 25 13 9 18 57% 526 39873 340 179%
c o  1.72 27 24 6 7 118 2 12834 7560 2.0 25 13 9 18 57% 526 39873 340 179%
c }  1.72 27 23 7 7 118 2 13196 7916 2.0 25 13 9 18 57% 526 39873 340 179%
c [  1.72 27 36 7 7 118 1 13196 7916 1.7 28 17 11 23 59% 526 39873 340 179%
c W  1.73 29 34 7 7 118 1 13564 8211 1.7 28 16 11 23 58% 526 39873 340 179%
c -  1.74 29 36 7 8 119 1 14477 7701 1.6 28 17 11 22 59% 526 39873 340 179%
c u  1.75 30 35 7 8 120 1 16204 9133 1.7 29 17 11 22 61% 526 39873 340 179%
c v  1.76 30 35 7 8 120 1 16204 9092 1.7 29 17 11 22 61% 526 39873 340 179%
c w  1.76 30 35 7 8 120 1 16204 9091 1.7 29 17 11 22 61% 526 39873 340 179%
c x  1.76 31 35 7 8 120 1 16204 9091 1.7 29 17 11 22 61% 530 39857 340 179%
c t  1.76 31 35 7 8 120 1 16204 9091 1.7 29 17 11 22 61% 526 39857 340 179%
c -  1.78 31 34 7 9 120 1 17305 8471 1.7 29 17 11 22 60% 526 39857 340 179%
c ]  1.79 31 34 8 9 122 1 18521 9561 1.7 30 17 11 23 59% 526 39857 340 179%
c {  1.79 31 23 8 9 122 2 18521 9561 2.0 25 13 9 18 57% 526 39857 340 179%
c -  1.81 31 22 8 10 138 2 20305 9401 2.0 25 12 9 17 56% 526 39857 340 179%
c
c seconds  switched   rate         size/glue  tier1    binary       remaining
c        MB  reductions conflicts        size   tier2     irredundant
c         level  restarts     redundant     glue    trail       variables
c
c -  1.84 31 21 8 11 249 2 23470 10324 1.9 24 12 9 16 54% 526 39857 340 179%
c }  1.85 31 20 9 11 253 2 24680 11263 1.9 23 12 9 16 54% 526 39857 340 179%
c [  1.85 31 34 9 11 253 1 24680 11263 1.7 30 17 11 23 59% 526 39857 340 179%
c O  1.85 31 34 9 11 253 1 24680 11263 1.7 30 17 11 23 59% 526 39857 340 179%
c o  1.85 31 34 9 11 253 1 24680 11263 1.7 30 17 11 23 59% 526 39857 340 179%
c e  1.87 31 36 9 11 253 1 25683 12164 1.6 31 19 11 23 57% 521 39865 337 177%
c ^  1.88 31 36 9 11 253 1 25683 12164 1.6 31 19 11 23 57% 521 39865 337 177%
c -  1.89 31 36 9 12 255 1 26787 11036 1.7 32 19 12 25 58% 521 39865 337 177%
c u  1.91 31 36 9 12 255 1 27640 11763 1.6 32 19 12 25 57% 521 39865 337 177%
c v  1.91 31 36 9 12 255 1 27640 11567 1.6 32 19 12 25 57% 521 39865 337 177%
c w  1.91 31 36 9 12 255 1 27640 11539 1.6 32 19 12 25 57% 521 39865 337 177%
c x  1.92 32 36 9 12 255 1 27640 11539 1.6 32 19 12 25 57% 521 39728 337 177%
c f  1.94 33 36 9 12 255 1 27640 11539 1.6 32 19 12 25 57% 523 39686 338 178%
c u  1.94 33 36 9 12 255 1 27640 11521 1.6 32 19 12 25 57% 523 39686 338 178%
c v  1.95 33 36 9 12 255 1 27640 11407 1.6 32 19 12 25 57% 523 39686 338 178%
c w  1.95 33 36 9 12 255 1 27640 11403 1.6 32 19 12 25 57% 523 39686 338 178%
c x  1.95 34 36 9 12 255 1 27640 11403 1.6 32 19 12 25 57% 523 39427 338 178%
c t  1.95 34 36 9 12 255 1 27640 11403 1.6 32 19 12 25 57% 522 39427 338 178%
c f  1.96 34 36 9 12 255 1 27640 11403 1.6 32 19 12 25 57% 524 39403 339 178%
c -  1.98 35 37 9 13 257 1 30251 11574 1.7 33 20 12 26 58% 524 39403 339 178%
c
c seconds   switched   rate         size/glue  tier1     binary       remaining
c        MB   reductions conflicts        size    tier2     irredundant
c         level   restarts     redundant     glue     trail       variables
c
c ]  1.99 35 37 10 13 257 1 30803 12061 1.7 33 20 12 26 58% 524 39403 339 178%
c {  1.99 35 20 10 13 257 2 30803 12061 1.9 23 12 9 16 54% 524 39403 339 178%
c -  2.02 35 20 10 14 334 2 33856 13057 2.0 23 12 9 15 54% 524 39403 339 178%
c -  2.06 35 19 10 15 407 2 37598 13667 2.0 23 11 8 15 55% 524 39403 339 178%
c }  2.08 35 19 11 15 480 2 39430 15197 2.0 23 11 8 15 55% 524 39403 339 178%
c [  2.08 35 37 11 15 480 1 39430 15197 1.7 33 20 12 26 58% 524 39403 339 178%
c B  2.08 35 37 11 15 480 1 39430 15197 1.7 33 20 12 26 58% 524 39403 339 178%
c -  2.10 35 39 11 16 481 1 41470 14624 1.7 33 20 12 26 59% 524 39403 339 178%
c u  2.12 35 40 11 16 482 1 42376 15446 1.7 33 20 12 26 58% 524 39403 339 178%
c v  2.12 35 40 11 16 482 1 42376 15439 1.7 33 20 12 26 58% 524 39403 339 178%
c w  2.13 35 40 11 16 482 1 42376 15439 1.7 33 20 12 26 58% 524 39403 339 178%
c x  2.13 35 40 11 16 482 1 42376 15439 1.7 33 20 12 26 58% 524 39268 339 178%
c t  2.13 35 40 11 16 482 1 42376 15439 1.7 33 20 12 26 58% 523 39268 339 178%
c f  2.13 35 40 11 16 482 1 42376 15439 1.7 33 20 12 26 58% 525 39254 340 179%
c u  2.14 35 40 11 16 482 1 42376 15424 1.7 33 20 12 26 58% 525 39254 340 179%
c v  2.15 35 40 11 16 482 1 42376 15418 1.7 33 20 12 26 58% 525 39254 340 179%
c w  2.15 35 40 11 16 482 1 42376 15418 1.7 33 20 12 26 58% 525 39254 340 179%
c x  2.15 35 40 11 16 482 1 42376 15418 1.7 33 20 12 26 58% 531 39019 340 179%
c t  2.15 35 40 11 16 482 1 42376 15418 1.7 33 20 12 26 58% 525 39019 340 179%
c f  2.16 35 40 11 16 482 1 42376 15418 1.7 33 20 12 26 58% 527 39008 341 179%
c
c seconds   switched   rate         size/glue  tier1     binary       remaining
c        MB   reductions conflicts        size    tier2     irredundant
c         level   restarts     redundant     glue     trail       variables
c
c -  2.19 35 39 11 17 484 1 45470 15478 1.6 33 20 12 27 59% 527 39008 341 179%
c -  2.22 35 38 11 18 486 1 49595 16464 1.7 33 20 12 26 61% 527 39008 341 179%
c ]  2.23 35 37 12 18 486 1 50115 16923 1.7 33 20 12 26 61% 527 39008 341 179%
c {  2.23 35 19 12 18 486 2 50115 16923 2.0 23 11 8 15 55% 527 39008 341 179%
c o  2.23 35 19 12 18 487 2 50129 16937 2.0 23 11 8 15 55% 527 39008 341 179%
c s  2.27 35 19 12 18 595 2 53539 19897 2.1 23 11 8 15 55% 527 38965 341 179%
c e  2.29 35 19 12 18 595 2 53539 19897 2.1 23 11 8 15 55% 522 38974 336 177%
c s  2.29 35 19 12 18 595 2 53539 19897 2.1 23 11 8 15 55% 522 38954 336 177%
c ^  2.29 35 19 12 18 595 2 53539 19897 2.1 23 11 8 15 55% 522 38954 336 177%
c -  2.30 35 19 12 19 597 2 53838 17974 2.1 23 11 8 14 55% 522 38954 336 177%
c -  2.36 35 19 12 20 785 2 58197 19427 2.1 24 11 8 14 55% 522 38954 336 177%
c u  2.38 39 19 12 20 788 2 60519 21562 2.2 24 11 8 14 57% 522 38954 336 177%
c v  2.39 39 19 12 20 788 2 60519 21525 2.2 24 11 8 14 57% 522 38954 336 177%
c w  2.39 39 19 12 20 788 2 60519 21525 2.2 24 11 8 14 57% 522 38954 336 177%
c x  2.40 39 19 12 20 788 2 60519 21525 2.2 24 11 8 14 57% 522 38743 336 177%
c t  2.42 39 19 12 20 788 2 60519 21525 2.2 24 11 8 14 57% 521 38743 336 177%
c f  2.43 39 19 12 20 788 2 60519 21525 2.2 24 11 8 14 57% 523 38695 337 177%
c u  2.44 39 19 12 20 788 2 60519 21454 2.2 24 11 8 14 57% 523 38695 337 177%
c v  2.44 39 19 12 20 788 2 60519 21444 2.2 24 11 8 14 57% 523 38695 337 177%
c w  2.44 39 19 12 20 788 2 60519 21442 2.2 24 11 8 14 57% 523 38695 337 177%
c
c seconds   switched   rate         size/glue  tier1    binary       remaining
c        MB   reductions conflicts        size   tier2     irredundant
c         level   restarts     redundant     glue    trail       variables
c
c x  2.45 39 19 12 20 788 2 60519 21442 2.2 24 11 8 14 57% 525 38659 337 177%
c t  2.45 39 19 12 20 788 2 60519 21442 2.2 24 11 8 14 57% 522 38659 337 177%
c f  2.45 39 19 12 20 788 2 60519 21442 2.2 24 11 8 14 57% 524 38599 338 178%
c }  2.47 39 19 13 20 824 2 61595 22287 2.2 24 11 8 14 56% 524 38599 338 178%
c [  2.47 39 37 13 20 824 1 61595 22287 1.7 33 20 12 26 61% 524 38599 338 178%
c W  2.47 41 37 13 20 824 1 61595 22287 1.7 33 20 12 26 61% 524 38599 338 178%
c -  2.48 42 38 13 21 825 1 62669 20621 1.7 33 20 12 26 61% 524 38599 338 178%
c -  2.53 42 39 13 22 828 1 67252 21366 1.7 34 21 12 27 62% 524 38599 338 178%
c -  2.58 43 39 13 23 830 1 71942 22036 1.6 35 21 12 27 63% 524 38599 338 178%
c ]  2.62 43 38 14 23 832 1 75978 25444 1.6 35 22 12 27 64% 524 38599 338 178%
c {  2.62 43 19 14 23 832 2 75978 25444 2.2 24 11 8 14 56% 524 38599 338 178%
c -  2.63 43 19 14 24 898 2 76739 22836 2.2 24 11 8 14 56% 524 38599 338 178%
c -  2.69 43 18 14 25 1025 2 81638 24813 2.3 24 11 8 13 56% 524 38599 338 178%
c o  2.69 43 18 14 25 1026 2 81679 24854 2.3 24 11 8 13 56% 524 38599 338 178%
c u  2.71 45 18 14 25 1090 2 82199 25314 2.3 24 11 8 13 56% 524 38599 338 178%
c v  2.72 45 18 14 25 1090 2 82199 25290 2.3 24 11 8 13 56% 524 38599 338 178%
c w  2.72 45 18 14 25 1090 2 82199 25290 2.3 24 11 8 13 56% 524 38599 338 178%
c x  2.73 45 18 14 25 1090 2 82199 25290 2.3 24 11 8 13 56% 528 38579 338 178%
c t  2.73 45 18 14 25 1090 2 82199 25290 2.3 24 11 8 13 56% 523 38579 338 178%
c f  2.73 45 18 14 25 1090 2 82199 25290 2.3 24 11 8 13 56% 525 38550 339 178%
c
c seconds   switched    rate         size/glue  tier1    binary       remaining
c        MB   reductions  conflicts        size   tier2     irredundant
c         level    restarts     redundant     glue    trail       variables
c
c u  2.75 45 18 14 25 1090 2 82199 25279 2.3 24 11 8 13 56% 525 38550 339 178%
c v  2.75 45 18 14 25 1090 2 82199 25251 2.3 24 11 8 13 56% 525 38550 339 178%
c w  2.76 45 18 14 25 1090 2 82199 25251 2.3 24 11 8 13 56% 525 38550 339 178%
c x  2.76 45 18 14 25 1090 2 82199 25251 2.3 24 11 8 13 56% 525 38535 339 178%
c f  2.77 45 18 14 25 1090 2 82199 25251 2.3 24 11 8 13 56% 529 38478 341 179%
c -  2.82 45 18 14 26 1187 2 86639 25823 2.2 24 11 8 13 56% 529 38478 341 179%
c }  2.88 45 18 15 26 1390 2 90694 29048 2.2 23 11 8 13 55% 529 38478 341 179%
c [  2.88 45 38 15 26 1390 1 90694 29048 1.6 35 22 12 27 64% 529 38478 341 179%
c I  2.88 45 38 15 26 1390 1 90694 29048 1.6 35 22 12 27 64% 529 38478 341 179%
c -  2.89 45 38 15 27 1391 1 91739 27567 1.6 35 21 12 27 64% 529 38478 341 179%
c -  2.94 45 38 15 28 1395 1 96935 29622 1.7 35 21 12 26 65% 529 38478 341 179%
c s  2.97 45 38 15 28 1395 1 98468 30972 1.7 34 21 12 26 65% 529 37002 341 179%
c e  2.98 45 38 15 28 1395 1 98468 30972 1.7 34 21 12 26 65% 518 37028 333 175%
c s  2.99 45 38 15 28 1395 1 98468 30972 1.7 34 21 12 26 65% 518 37027 333 175%
c ^  2.99 45 38 15 28 1395 1 98468 30972 1.7 34 21 12 26 65% 518 37027 333 175%
c -  3.03 46 37 15 29 1396 1 102226 31490 1.7 34 20 11 26 65% 518 37027 333 175%
c u  3.10 46 35 15 29 1400 1 107540 35848 1.7 33 20 11 26 66% 518 37027 333 175%
c v  3.10 46 35 15 29 1400 1 107540 35825 1.7 33 20 11 26 66% 518 37027 333 175%
c w  3.11 47 35 15 29 1400 1 107540 35825 1.7 33 20 11 26 66% 518 37027 333 175%
c x  3.12 47 35 15 29 1400 1 107540 35825 1.7 33 20 11 26 66% 524 36648 333 175%
c
c seconds   switched    rate          size/glue  tier1     binary       remaining
c        MB   reductions  conflicts         size    tier2     irredundant
c         level    restarts      redundant     glue     trail       variables
c
c t  3.12 47 35 15 29 1400 1 107540 35825 1.7 33 20 11 26 66% 516 36648 333 175%
c f  3.13 47 35 15 29 1400 1 107540 35825 1.7 33 20 11 26 66% 518 36126 334 176%
c u  3.14 52 35 15 29 1400 1 107540 35809 1.7 33 20 11 26 66% 518 36126 334 176%
c v  3.15 53 35 15 29 1400 1 107540 35747 1.7 33 20 11 26 66% 518 36126 334 176%
c w  3.16 54 35 15 29 1400 1 107540 35746 1.7 33 20 11 26 66% 518 36126 334 176%
c x  3.16 54 35 15 29 1400 1 107540 35746 1.7 33 20 11 26 66% 520 36078 334 176%
c t  3.19 54 35 15 29 1400 1 107540 35746 1.7 33 20 11 26 66% 518 36078 334 176%
c f  3.19 54 35 15 29 1400 1 107540 35746 1.7 33 20 11 26 66% 519 35784 335 176%
c -  3.20 54 35 15 30 1400 1 107612 32699 1.7 33 20 11 25 66% 519 35784 335 176%
c B  3.21 54 35 15 30 1401 1 108498 33420 1.7 33 20 11 25 66% 519 35784 335 176%
c ]  3.24 54 36 16 30 1402 1 110632 35384 1.7 33 20 11 25 66% 519 35784 335 176%
c {  3.24 54 18 16 30 1402 2 110632 35384 2.2 23 11 8 13 55% 519 35784 335 176%
c -  3.27 55 18 16 31 1526 2 113092 29904 2.2 23 11 7 13 55% 519 35784 335 176%
c -  3.36 55 17 16 32 1807 2 118659 29050 2.2 23 11 7 13 54% 519 35784 335 176%
c o  3.40 55 17 16 32 1982 2 121890 31652 2.2 23 10 7 13 54% 519 35784 335 176%
c -  3.44 55 17 16 33 2191 2 124315 29515 2.1 23 10 7 13 54% 519 35784 335 176%
c }  3.50 55 17 17 33 2321 2 128970 33634 2.2 23 10 7 13 53% 519 35784 335 176%
c [  3.50 55 36 17 33 2321 1 128970 33634 1.7 33 20 11 25 66% 519 35784 335 176%
c W  3.51 55 36 17 33 2321 1 129410 33998 1.7 33 20 11 25 65% 519 35784 335 176%
c -  3.52 55 37 17 34 2322 1 130060 31217 1.7 33 20 11 25 66% 519 35784 335 176%
c
c seconds   switched    rate          size/glue  tier1     binary       remaining
c        MB   reductions  conflicts         size    tier2     irredundant
c         level    restarts      redundant     glue     trail       variables
c
c -  3.58 55 37 17 35 2326 1 135890 31678 1.6 33 20 11 25 64% 519 35784 335 176%
c u  3.61 55 37 17 35 2326 1 136749 32327 1.6 33 21 11 25 64% 519 35784 335 176%
c v  3.62 55 37 17 35 2326 1 136749 32294 1.6 33 21 11 25 64% 519 35784 335 176%
c w  3.62 55 37 17 35 2326 1 136749 32293 1.6 33 21 11 25 64% 519 35784 335 176%
c x  3.63 55 37 17 35 2326 1 136749 32293 1.6 33 21 11 25 64% 523 35722 335 176%
c t  3.63 55 37 17 35 2326 1 136749 32293 1.6 33 21 11 25 64% 519 35722 335 176%
c f  3.64 55 37 17 35 2326 1 136749 32293 1.6 33 21 11 25 64% 525 35403 338 178%
c u  3.65 55 37 17 35 2326 1 136749 32262 1.6 33 21 11 25 64% 525 35403 338 178%
c v  3.66 55 37 17 35 2326 1 136749 32167 1.6 33 21 11 25 64% 525 35403 338 178%
c w  3.67 55 37 17 35 2326 1 136749 32163 1.6 33 21 11 25 64% 525 35403 338 178%
c t  3.68 56 37 17 35 2326 1 136749 32163 1.6 33 21 11 25 64% 524 35403 338 178%
c f  3.68 56 37 17 35 2326 1 136749 32163 1.6 33 21 11 25 64% 528 34797 339 178%
c -  3.74 56 38 17 36 2328 1 141806 31182 1.6 33 21 11 26 62% 528 34797 339 178%
c -  3.82 56 36 17 37 2333 1 147807 32907 1.6 33 21 11 25 62% 528 34797 339 178%
c O  3.89 56 36 17 37 2334 1 153637 38070 1.6 33 20 11 25 62% 528 34797 339 178%
c ]  3.89 56 36 18 37 2335 1 153721 38147 1.6 33 20 11 25 62% 528 34797 339 178%
c {  3.89 56 17 18 37 2335 2 153721 38147 2.2 23 10 7 13 53% 528 34797 339 178%
c -  3.90 56 17 18 38 2375 2 153890 34881 2.2 23 10 7 13 53% 528 34797 339 178%
c -  4.11 57 18 18 39 3988 2 160055 35619 2.0 23 11 7 13 52% 528 34797 339 178%
c s  4.23 57 19 18 39 4612 2 162512 37768 2.0 23 12 7 13 51% 528 32340 339 178%
c
c seconds   switched    rate          size/glue  tier1    binary       remaining
c        MB   reductions  conflicts         size   tier2     irredundant
c         level    restarts      redundant     glue    trail       variables
c
c e  4.24 57 19 18 39 4612 2 162512 37768 2.0 23 12 7 13 51% 483 32459 320 168%
c s  4.26 57 19 18 39 4612 2 162512 37768 2.0 23 12 7 13 51% 483 32297 320 168%
c e  4.27 57 19 18 39 4612 2 162512 37768 2.0 23 12 7 13 51% 479 32315 318 167%
c ^  4.27 57 19 18 39 4612 2 162512 37768 2.0 23 12 7 13 51% 479 32315 318 167%
c -  4.42 60 20 18 40 5532 3 166299 35020 2.0 23 12 7 14 51% 479 32315 318 167%
c u  4.61 60 20 18 40 6468 3 169875 38043 1.9 24 12 7 14 51% 479 32315 318 167%
c v  4.64 60 20 18 40 6468 3 169875 37546 1.9 24 12 7 14 51% 479 32315 318 167%
c w  4.65 60 20 18 40 6468 3 169875 37063 1.9 24 12 7 14 51% 479 32315 318 167%
c f  4.67 60 20 18 40 6468 3 169875 37063 1.9 24 12 7 14 51% 493 29950 321 169%
c u  4.70 61 20 18 40 6468 3 169875 36991 1.9 24 12 7 14 51% 493 29950 321 169%
c v  4.72 61 20 18 40 6468 3 169875 36691 1.9 24 12 7 14 51% 493 29950 321 169%
c w  4.73 61 20 18 40 6468 3 169875 36601 1.9 24 12 7 14 51% 493 29950 321 169%
c x  4.74 62 20 18 40 6468 3 169875 36601 1.9 24 12 7 14 51% 500 29905 321 169%
c t  4.74 62 20 18 40 6468 3 169875 36601 1.9 24 12 7 14 51% 493 29905 321 169%
c f  4.76 62 20 18 40 6468 3 169875 36601 1.9 24 12 7 14 51% 506 28422 325 171%
c o  4.85 62 21 18 40 7010 3 172098 38530 1.9 24 13 7 14 50% 506 28422 325 171%
c -  4.88 65 21 18 41 7143 3 172623 34949 1.9 24 13 7 14 50% 506 28422 325 171%
c }  5.00 65 21 19 41 7990 3 176067 37705 1.8 24 13 7 14 50% 506 28422 325 171%
c [  5.00 65 36 19 41 7990 1 176067 37705 1.6 33 20 11 25 62% 506 28422 325 171%
c -  5.04 65 35 19 42 7992 1 179027 36148 1.6 33 20 11 25 61% 506 28422 325 171%
c
c seconds   switched    rate          size/glue  tier1     binary       remaining
c        MB   reductions  conflicts         size    tier2     irredundant
c         level    restarts      redundant     glue     trail       variables
c
c B  5.07 65 35 19 42 7994 1 181378 38251 1.6 33 20 11 25 61% 506 28422 325 171%
c -  5.12 66 37 19 43 7996 1 185507 35911 1.6 34 21 11 25 62% 506 28422 325 171%
c -  5.20 66 39 19 44 7999 1 192064 33569 1.6 35 22 11 26 64% 506 28422 325 171%
c -  5.30 66 40 19 45 8003 1 198697 32088 1.6 37 23 11 27 65% 506 28422 325 171%
c -  5.40 66 40 19 46 8004 1 205407 31907 1.6 38 24 11 27 66% 506 28422 325 171%
c u  5.45 67 41 19 46 8004 1 207520 33573 1.6 38 25 11 27 66% 506 28422 325 171%
c v  5.47 67 41 19 46 8004 1 207520 33476 1.6 38 25 11 27 66% 506 28422 325 171%
c w  5.48 67 41 19 46 8004 1 207520 33470 1.6 38 25 11 27 66% 506 28422 325 171%
c x  5.49 67 41 19 46 8004 1 207520 33470 1.6 38 25 11 27 66% 516 28212 325 171%
c t  5.49 67 41 19 46 8004 1 207520 33470 1.6 38 25 11 27 66% 506 28212 325 171%
c f  5.50 67 41 19 46 8004 1 207520 33470 1.6 38 25 11 27 66% 521 27406 328 173%
c u  5.52 72 41 19 46 8004 1 207520 33368 1.6 38 25 11 27 66% 521 27406 328 173%
c v  5.54 72 41 19 46 8004 1 207520 33307 1.6 38 25 11 27 66% 521 27406 328 173%
c w  5.55 73 41 19 46 8004 1 207520 33294 1.6 38 25 11 27 66% 521 27406 328 173%
c x  5.55 73 41 19 46 8004 1 207520 33294 1.6 38 25 11 27 66% 522 27378 328 173%
c t  5.64 74 41 19 46 8004 1 207520 33294 1.6 38 25 11 27 66% 519 27378 328 173%
c f  5.65 74 41 19 46 8004 1 207520 33294 1.6 38 25 11 27 66% 529 26612 332 175%
c -  5.72 75 41 19 47 8007 1 212189 32704 1.6 38 24 11 27 66% 529 26612 332 175%
c W  5.74 77 41 19 47 8007 1 212830 33269 1.6 38 24 11 27 66% 529 26612 332 175%
c -  5.81 78 40 19 48 8011 1 219045 34966 1.6 38 24 11 27 66% 529 26612 332 175%
c
c seconds   switched    rate          size/glue  tier1     binary       remaining
c        MB   reductions  conflicts         size    tier2     irredundant
c         level    restarts      redundant     glue     trail       variables
c
c -  5.91 78 39 19 49 8015 1 225974 36393 1.6 37 24 11 27 66% 529 26612 332 175%
c -  6.01 79 38 19 50 8018 1 232975 37498 1.6 37 23 11 27 66% 529 26612 332 175%
c -  6.10 79 38 19 51 8019 1 240047 38004 1.6 36 23 11 26 66% 529 26612 332 175%
c -  6.21 79 37 19 52 8020 1 247188 37966 1.6 36 22 11 26 66% 529 26612 332 175%
c s  6.24 79 37 19 52 8020 1 248075 38743 1.6 36 22 11 26 66% 529 26482 332 175%
c e  6.25 79 37 19 52 8020 1 248075 38743 1.6 36 22 11 26 66% 474 26670 317 167%
c s  6.25 79 37 19 52 8020 1 248075 38743 1.6 36 22 11 26 66% 474 26482 317 167%
c !  6.26 79 37 19 52 8020 1 248075 38743 1.6 36 22 11 26 66% 474 26482 317 167%
c o  6.26 79 37 19 52 8020 1 248075 38690 1.6 36 22 11 26 66% 474 26482 317 167%
c I  6.26 79 37 19 52 8020 1 248182 38791 1.6 36 22 11 26 66% 474 26482 317 167%
c u  6.30 84 37 19 52 8020 1 249464 39689 1.6 36 22 11 26 66% 474 26482 317 167%
c v  6.31 85 37 19 52 8020 1 249464 39675 1.6 36 22 11 26 66% 474 26482 317 167%
c w  6.32 86 37 19 52 8020 1 249464 39670 1.6 36 22 11 26 66% 474 26482 317 167%
c x  6.33 86 37 19 52 8020 1 249464 39670 1.6 36 22 11 26 66% 483 26440 317 167%
c t  6.33 86 37 19 52 8020 1 249464 39670 1.6 36 22 11 26 66% 473 26440 317 167%
c f  6.34 86 37 19 52 8020 1 249464 39670 1.6 36 22 11 26 66% 486 25977 320 168%
c u  6.36 87 37 19 52 8020 1 249464 39602 1.6 36 22 11 26 66% 486 25977 320 168%
c v  6.38 87 37 19 52 8020 1 249464 39594 1.6 36 22 11 26 66% 486 25977 320 168%
c w  6.39 87 37 19 52 8020 1 249464 39591 1.6 36 22 11 26 66% 486 25977 320 168%
c x  6.39 87 37 19 52 8020 1 249464 39591 1.6 36 22 11 26 66% 493 25949 320 168%
c
c seconds   switched    rate          size/glue  tier1     binary       remaining
c        MB   reductions  conflicts         size    tier2     irredundant
c         level    restarts      redundant     glue     trail       variables
c
c t  6.39 87 37 19 52 8020 1 249464 39591 1.6 36 22 11 26 66% 486 25949 320 168%
c f  6.40 87 37 19 52 8020 1 249464 39591 1.6 36 22 11 26 66% 485 25346 322 169%
c -  6.48 90 35 19 53 8020 1 254400 37298 1.6 35 22 11 26 65% 486 25346 322 169%
c ]  6.50 90 35 20 53 8020 1 256188 38788 1.6 35 22 11 26 65% 486 25346 322 169%
c {  6.50 90 21 20 53 8020 3 256188 38788 1.8 24 13 7 14 50% 486 25346 322 169%
c -  6.58 90 21 20 54 8125 3 261680 37401 1.9 24 13 7 15 51% 486 25346 322 169%
c -  6.68 90 20 20 55 8165 3 269028 38196 1.9 24 12 7 14 52% 487 25346 322 169%
c -  6.79 90 20 20 56 8423 3 276445 38857 1.9 24 12 7 14 53% 487 25346 322 169%
c }  6.87 90 21 21 56 8568 3 282928 44750 2.0 24 12 7 14 54% 487 25346 322 169%
c [  6.87 90 35 21 56 8568 1 282928 44750 1.6 35 22 11 26 65% 487 25346 322 169%
c -  6.89 90 35 21 57 8568 1 283929 40577 1.6 34 21 11 26 65% 487 25346 322 169%
c B  6.94 90 36 21 57 8571 1 287622 43957 1.6 34 22 11 26 65% 487 25346 322 169%
c -  6.99 90 37 21 58 8574 1 291478 39958 1.6 35 22 11 26 65% 487 25346 322 169%
c u  7.07 90 37 21 58 8575 1 295803 43877 1.6 36 22 11 26 66% 487 25346 322 169%
c v  7.08 90 37 21 58 8575 1 295803 43843 1.6 36 22 11 26 66% 487 25346 322 169%
c w  7.10 90 37 21 58 8575 1 295803 43836 1.6 36 22 11 26 66% 487 25346 322 169%
c x  7.10 91 37 21 58 8575 1 295803 43836 1.6 36 22 11 26 66% 500 25267 322 169%
c t  7.11 91 37 21 58 8575 1 295803 43836 1.6 36 22 11 26 66% 486 25267 322 169%
c f  7.12 91 37 21 58 8575 1 295803 43836 1.6 36 22 11 26 66% 501 24846 325 171%
c u  7.14 91 37 21 58 8575 1 295803 43787 1.6 36 22 11 26 66% 501 24846 325 171%
c
c seconds   switched    rate          size/glue  tier1     binary       remaining
c        MB   reductions  conflicts         size    tier2     irredundant
c         level    restarts      redundant     glue     trail       variables
c
c v  7.15 91 37 21 58 8575 1 295803 43761 1.6 36 22 11 26 66% 501 24846 325 171%
c w  7.16 91 37 21 58 8575 1 295803 43753 1.6 36 22 11 26 66% 501 24846 325 171%
c x  7.17 91 37 21 58 8575 1 295803 43753 1.6 36 22 11 26 66% 512 24725 325 171%
c t  7.17 91 37 21 58 8575 1 295803 43753 1.6 36 22 11 26 66% 500 24725 325 171%
c f  7.18 91 37 21 58 8575 1 295803 43753 1.6 36 22 11 26 66% 510 23689 327 172%
c -  7.23 91 37 21 59 8577 1 299094 37926 1.6 37 22 11 26 66% 510 23689 327 172%
c -  7.34 91 39 21 60 8581 1 306775 37234 1.6 38 23 11 26 67% 510 23689 327 172%
c ]  7.40 91 39 22 60 8582 1 311595 41625 1.6 38 23 11 26 67% 510 23689 327 172%
c {  7.40 91 21 22 60 8582 3 311595 41625 2.0 24 12 7 14 54% 510 23689 327 172%
c -  7.45 91 20 22 61 8596 3 314520 38815 2.0 24 12 7 14 55% 510 23689 327 172%
c -  7.54 91 19 22 62 8598 2 322330 41374 2.1 24 12 7 13 56% 510 23689 327 172%
c -  7.65 91 19 22 63 8599 2 330204 43794 2.1 24 11 7 13 57% 510 23689 327 172%
c -  7.76 91 18 22 64 8604 2 338141 45000 2.1 24 11 7 13 58% 510 23689 327 172%
c }  7.83 91 18 23 64 8612 2 343111 49054 2.1 24 11 7 13 59% 510 23689 327 172%
c [  7.83 91 39 23 64 8612 1 343111 49054 1.6 38 23 11 26 67% 510 23689 327 172%
c W  7.83 94 39 23 64 8612 1 343111 49054 1.6 38 23 11 26 67% 510 23689 327 172%
c o  7.83 94 39 23 64 8612 1 343111 49054 1.6 38 23 11 26 67% 510 23689 327 172%
c -  7.88 95 40 23 65 8614 1 346141 44900 1.6 38 24 11 27 67% 510 23689 327 172%
c u  7.92 97 41 23 65 8614 1 346708 45324 1.6 38 24 11 27 67% 510 23689 327 172%
c v  7.93 98 41 23 65 8614 1 346708 45299 1.6 38 24 11 27 67% 510 23689 327 172%
c
c seconds   switched    rate          size/glue  tier1     binary       remaining
c        MB   reductions  conflicts         size    tier2     irredundant
c         level    restarts      redundant     glue     trail       variables
c
c w  7.94 98 41 23 65 8614 1 346708 45295 1.6 38 24 11 27 67% 510 23689 327 172%
c x  7.95 98 41 23 65 8614 1 346708 45294 1.6 38 24 11 27 67% 520 23567 327 172%
c t  7.95 98 41 23 65 8614 1 346708 45294 1.6 38 24 11 27 67% 510 23567 327 172%
c f  7.96 98 41 23 65 8614 1 346708 45294 1.6 38 24 11 27 67% 523 22692 332 175%
c u  7.99 98 41 23 65 8614 1 346708 45197 1.6 38 24 11 27 67% 523 22692 332 175%
c v  8.01 98 41 23 65 8614 1 346708 45162 1.6 38 24 11 27 67% 523 22692 332 175%
c w  8.01 98 41 23 65 8614 1 346708 45145 1.6 38 24 11 27 67% 523 22692 332 175%
c x  8.02 98 41 23 65 8614 1 346708 45145 1.6 38 24 11 27 67% 533 22648 332 175%
c t  8.02 98 41 23 65 8614 1 346708 45145 1.6 38 24 11 27 67% 523 22648 332 175%
c f  8.04 98 41 23 65 8614 1 346708 45145 1.6 38 24 11 27 67% 529 22001 335 176%
c -  8.15 98 40 23 66 8618 1 354205 45455 1.6 38 23 11 27 68% 529 22001 335 176%
c s  8.23 98 39 23 66 8621 1 357848 48584 1.6 38 23 11 27 68% 529 21869 335 176%
c e  8.23 98 39 23 66 8621 1 357848 48584 1.6 38 23 11 27 68% 520 21932 329 173%
c s  8.24 98 39 23 66 8621 1 357848 48584 1.6 38 23 11 27 68% 520 21897 329 173%
c -  8.31 102 39 23 67 8624 1 362329 45331 1.6 38 23 11 26 69% 520 21897 329 173%
c -  8.43 103 39 23 68 8626 1 370514 44963 1.7 38 23 10 26 69% 520 21897 329 173%
c ]  8.45 103 39 24 68 8626 1 372094 46390 1.7 39 23 10 26 70% 520 21897 329 173%
c {  8.45 103 18 24 68 8626 2 372094 46390 2.1 24 11 7 13 59% 520 21897 329 173%
c -  8.57 103 18 24 69 8917 2 378762 46027 2.1 24 11 7 13 59% 520 21897 329 173%
c -  8.72 103 18 24 70 9304 2 387068 42844 2.2 24 11 6 13 59% 520 21897 329 173%
c
c seconds    switched    rate          size/glue  tier1    binary       remaining
c         MB   reductions  conflicts         size   tier2     irredundant
c          level    restarts      redundant     glue    trail       variables
c
c -  8.83 103 17 24 71 9452 2 395434 41630 2.1 23 11 6 12 58% 521 21897 329 173%
c u  8.97 108 17 24 71 9859 2 402358 47205 2.1 23 11 6 12 58% 521 21897 329 173%
c v  8.99 108 17 24 71 9859 2 402358 47193 2.1 23 11 6 12 58% 521 21897 329 173%
c w  9.00 108 17 24 71 9859 2 402358 47189 2.1 23 11 6 12 58% 521 21897 329 173%
c x  9.01 109 17 24 71 9859 2 402358 47189 2.1 23 11 6 12 58% 535 21611 329 173%
c t  9.11 110 17 24 71 9859 2 402358 47189 2.1 23 11 6 12 58% 522 21611 329 173%
c f  9.12 110 17 24 71 9859 2 402358 47189 2.1 23 11 6 12 58% 540 19412 341 179%
c u  9.15 110 17 24 71 9859 2 402358 47132 2.1 23 11 6 12 58% 540 19412 341 179%
c v  9.17 110 17 24 71 9859 2 402358 47125 2.1 23 11 6 12 58% 540 19412 341 179%
c w  9.18 110 17 24 71 9859 2 402358 47122 2.1 23 11 6 12 58% 540 19412 341 179%
c x  9.19 110 17 24 71 9859 2 402358 47121 2.1 23 11 6 12 58% 547 19394 341 179%
c t  9.19 110 17 24 71 9859 2 402358 47121 2.1 23 11 6 12 58% 537 19394 341 179%
c f  9.21 110 17 24 71 9859 2 402358 47121 2.1 23 11 6 12 58% 572 17873 355 187%
c -  9.25 110 17 24 72 10068 2 403861 41951 2.1 23 11 6 12 58% 572 17873 355 187%
c }  9.31 110 17 25 72 10143 2 408771 45931 2.1 23 11 6 12 57% 572 17873 355 187%
c [  9.31 110 39 25 72 10143 1 408771 45931 1.7 39 23 10 26 70% 572 17873 355 187%
c O  9.31 110 39 25 72 10143 1 408771 45931 1.7 39 23 10 26 70% 572 17873 355 187%
c -  9.36 110 40 25 73 10145 1 412347 43255 1.7 39 23 10 26 70% 572 17873 355 187%
c ]  9.42 110 40 25 73 10148 1 416473 47088 1.7 39 23 10 26 70% 572 17873 355 187%
c 1  9.42 110 17 25 73 10148 2 416473 47088 2.1 23 11 6 12 57% 572 17873 355 187%
c
c ---- [ result ] ------------------------------------------------------------
c
s SATISFIABLE
v -1 -2 3 4 -5 6 7 8 9 -10 -11 12 -13 14 15 16 17 18 19 20 -21 22 23 24 25 26
v 27 28 29 30 31 32 33 34 35 36 37 -38 -39 40 41 42 43 44 45 46 47 48 -49 50
v -51 52 53 -54 -55 56 57 58 -59 60 -61 62 63 64 65 66 67 68 69 -70 71 -72 73
v 74 75 76 -77 78 79 80 -81 82 83 84 85 86 87 88 89 90 91 -92 93 94 95 96 97
v 98 99 -100 101 102 103 -104 105 -106 107 108 109 110 -111 112 113 114 115
v 116 117 118 119 120 121 122 123 124 125 126 127 -128 129 130 -131 132 133
v 134 -135 136 137 138 139 140 141 142 -143 144 145 146 147 -148 149 150 151
v 152 153 154 155 156 -157 158 -159 -160 161 162 163 164 165 166 167 168 -169
v 170 171 172 173 174 175 176 177 178 179 -180 181 182 183 184 185 186 187
v -188 189 190 0
c
c ---- [ profiling ] ---------------------------------------------------------
c
c           6.01   63.80 %  search
c           3.14   33.34 %  probe
c           3.06   32.51 %  focused
c           2.95   31.29 %  stable
c           1.89   20.10 %  simplify
c           1.73   18.33 %  factor
c           1.51   16.00 %  preprocess
c           1.04   11.02 %  vivify
c           0.27    2.82 %  sweep
c           0.25    2.63 %  eliminate
c           0.23    2.43 %  reduce
c           0.15    1.57 %  subsume
c           0.09    0.95 %  substitute
c           0.02    0.18 %  congruence
c           0.01    0.13 %  walking
c           0.01    0.08 %  parse
c           0.00    0.04 %  transitive
c           0.00    0.01 %  lucky
c           0.00    0.01 %  backbone
c =============================================
c           9.42  100.00 %  total
c
c ---- [ statistics ] --------------------------------------------------------
c
c conflicts:                           416473            44206.75 per second
c decisions:                           696236                1.67 per conflict
c eliminated:                              58               31 %  variables
c factored:                               223              117 %  variables
c propagations:                      11372200          1207108    per second
c reductions:                              73             5705    interval
c reordered:                                8            52059    interval
c rephased:                                18            23137    interval
c restarts:                             10148               41    interval
c subsumed:                              5127                0 %  checks
c switched:                                25            16659    interval
c vivified:                             11941               49 %  checks
c walks:                                    6            69412    interval
c
c ---- [ glue usage ] --------------------------------------------------------
c
c focused glue 6    used  63699 clauses 11.06% accumulated 52.19% tier1
c focused glue 7    used  57610 clauses 10.01% accumulated 62.19%
c focused glue 8-10 used 118678 clauses 20.61% accumulated 82.81%
c focused glue 11   used  25157 clauses  4.37% accumulated 87.18%
c focused glue 12   used  18590 clauses  3.23% accumulated 90.41% tier2
c
c stable glue 10    used  52125 clauses  5.02% accumulated 50.80% tier1
c stable glue 11    used  47777 clauses  4.60% accumulated 55.40%
c stable glue 12-24 used 333077 clauses 32.07% accumulated 87.47%
c stable glue 25    used  14065 clauses  1.35% accumulated 88.82%
c stable glue 26    used  13655 clauses  1.31% accumulated 90.14% tier2
c
c ---- [ resources ] ---------------------------------------------------------
c
c maximum-resident-set-size:     117708947456 bytes     112256 MB
c process-time:                             9s               9.42 seconds
c
c ---- [ shutting down ] -----------------------------------------------------
c
c exit 10
