c ---- [ banner ] ------------------------------------------------------------
c
c Kissat SAT Solver
c 
c Copyright (c) 2021-2024 Armin Biere University of Freiburg
c Copyright (c) 2019-2021 Armin Biere Johannes Kepler University Linz
c 
c Version 4.0.4 8af8e56f174b778aef3aa45af9f739b2a5f492c2
c Apple clang version 17.0.0 (clang-1700.6.3.2) -W -Wall -O3 -DNDEBUG
c Mon Mar 30 18:25:47 CEST 2026 Darwin Mac 24.6.0 arm64
c
c ---- [ parsing ] -----------------------------------------------------------
c
c opened and reading DIMACS file:
c
c   tmp.cnf
c
c parsed 'p cnf 120 101920' header
c closing input after reading 2849500 bytes (3 MB)
c finished parsing after 0.01 seconds
c
c ---- [ solving ] -----------------------------------------------------------
c
c seconds switched rate     size/glue tier1 binary        remaining
c        MB reductions conflicts size  tier2   irredundant
c         level restarts redundant glue  trail        variables
c
c *  0.01 18 0 0 0  0 0   0   0 0.0 0 0 0 0 0%   5 101915 120 100%
c (  0.01 23 0 0 0  0 0   0   0 0.0 0 0 0 0 0%   5 101915 120 100%
c .  0.01 23 0 0 0  0 0   0   0 0.0 0 0 0 0 0%   5 101915 120 100%
c f  0.64 24 0 0 0  0 0   0   0 0.0 0 0 0 0 0% 650 88584 437 364%
c )  0.64 24 0 0 0  0 0   0   0 0.0 0 0 0 0 0% 650 88584 437 364%
c {  0.64 24 0 0 0  0 0   0   0 0.0 0 0 2 6 0% 650 88584 437 364%
c -  0.66 24 15 0 1 184 2 1000 621 1.9 16 9 7 11 50% 650 88584 437 364%
c }  0.66 24 15 1 1 184 2 1000 621 1.9 16 9 7 11 50% 650 88584 437 364%
c [  0.66 24 0 1 1 184 0 1000 621 0.0 0 0 2 6 0% 650 88584 437 364%
c B  0.66 24 25 1 1 184 5 1001 622 1.4 15 11 2 6 47% 650 88584 437 364%
c -  0.68 24 25 1 2 184 1 2001 1465 1.4 22 17 13 20 50% 650 88584 437 364%
c W  0.68 30 25 1 2 184 1 2005 1469 1.4 22 17 13 20 50% 650 88584 437 364%
c b  0.69 30 25 1 2 185 1 2502 1898 1.3 23 17 14 20 51% 650 88584 434 362%
c u  0.69 30 25 1 2 185 1 2502 1888 1.3 23 17 14 20 51% 650 88584 434 362%
c v  0.69 30 25 1 2 185 1 2502 1840 1.3 23 17 14 20 51% 650 88584 434 362%
c w  0.70 30 25 1 2 185 1 2502 1840 1.3 23 17 14 20 51% 650 88584 434 362%
c x  0.70 30 25 1 2 185 1 2502 1840 1.3 23 17 14 20 51% 654 88564 434 362%
c t  0.70 30 25 1 2 185 1 2502 1840 1.3 23 17 14 20 51% 634 88564 434 362%
c b  0.70 30 25 1 2 185 1 2502 1840 1.3 23 17 14 20 51% 634 88564 432 360%
c f  0.70 30 25 1 2 185 1 2502 1840 1.3 23 17 14 20 51% 640 88547 435 362%
c
c seconds  switched  rate       size/glue  tier1     binary       remaining
c        MB reductions conflicts      size    tier2     irredundant
c         level restarts   redundant     glue     trail       variables
c
c u  0.71 33 25 1 2 185 1 2502 1837 1.3 23 17 14 20 51% 629 88547 435 362%
c v  0.72 33 25 1 2 185 1 2502 1834 1.3 23 17 14 20 51% 629 88547 435 362%
c w  0.72 33 25 1 2 185 1 2502 1834 1.3 23 17 14 20 51% 629 88547 435 362%
c x  0.72 33 25 1 2 185 1 2502 1834 1.3 23 17 14 20 51% 630 88540 435 362%
c t  0.74 39 25 1 2 185 1 2502 1834 1.3 23 17 14 20 51% 627 88540 435 362%
c b  0.74 39 25 1 2 185 1 2502 1834 1.3 23 17 14 20 51% 627 88540 434 362%
c f  0.74 39 25 1 2 185 1 2502 1834 1.3 23 17 14 20 51% 633 88531 437 364%
c ]  0.74 40 25 2 2 185 1 2599 1919 1.3 23 17 14 20 52% 633 88531 437 364%
c {  0.74 40 15 2 2 185 2 2599 1919 1.9 16 9 7 11 50% 633 88531 437 364%
c -  0.77 40 16 2 3 355 3 3415 2451 1.7 16 10 8 13 51% 632 88530 437 364%
c }  0.77 40 16 3 3 379 3 3600 2623 1.7 17 10 8 13 51% 632 88530 437 364%
c [  0.77 40 25 3 3 379 1 3600 2623 1.3 23 17 14 20 52% 632 88530 437 364%
c I  0.78 40 22 3 3 379 1 4265 3196 1.4 22 15 14 20 52% 632 88530 437 364%
c -  0.80 41 19 3 4 380 1 5147 3355 1.5 20 13 10 19 53% 632 88530 437 364%
c ]  0.81 41 17 4 4 381 1 6187 4129 1.5 18 12 9 19 54% 632 88530 437 364%
c {  0.81 41 16 4 4 381 3 6187 4129 1.7 17 10 8 13 51% 632 88530 437 364%
c -  0.83 41 15 4 5 391 2 7148 4104 1.7 16 9 7 12 53% 632 88530 437 364%
c d  0.84 41 14 4 5 391 2 7706 4437 1.6 15 9 7 12 54% 629 84609 435 362%
c b  0.84 41 14 4 5 391 2 7706 4437 1.6 15 9 7 12 54% 629 84609 432 360%
c u  0.84 41 14 4 5 391 2 7706 4427 1.6 15 9 7 12 54% 631 84609 432 360%
c
c seconds  switched  rate       size/glue tier1    binary       remaining
c        MB reductions conflicts      size  tier2     irredundant
c         level restarts   redundant    glue    trail       variables
c
c v  0.85 41 14 4 5 391 2 7706 4423 1.6 15 9 7 12 54% 631 84609 432 360%
c w  0.85 41 14 4 5 391 2 7706 4423 1.6 15 9 7 12 54% 631 84609 432 360%
c x  0.85 41 14 4 5 391 2 7706 4423 1.6 15 9 7 12 54% 633 84595 432 360%
c t  0.85 41 14 4 5 391 2 7706 4423 1.6 15 9 7 12 54% 626 84595 432 360%
c b  0.85 41 14 4 5 391 2 7706 4423 1.6 15 9 7 12 54% 626 84595 431 359%
c f  0.86 41 14 4 5 391 2 7706 4423 1.6 15 9 7 12 54% 637 84559 437 364%
c }  0.88 41 15 5 5 678 2 8539 5089 1.5 15 10 7 12 53% 637 84559 437 364%
c [  0.88 41 17 5 5 678 1 8539 5089 1.5 18 12 9 19 54% 637 84559 437 364%
c B  0.88 41 17 5 5 678 1 8539 5089 1.5 18 12 9 19 54% 637 84559 437 364%
c -  0.89 41 18 5 6 678 1 9384 4883 1.5 19 13 9 19 53% 628 84559 437 364%
c ]  0.92 41 19 6 6 680 1 10980 6312 1.5 20 13 9 18 56% 628 84559 437 364%
c {  0.92 41 15 6 6 680 2 10980 6312 1.5 15 10 7 12 53% 628 84559 437 364%
c o  0.92 41 15 6 6 690 2 11004 6335 1.5 15 10 7 12 53% 628 84559 437 364%
c -  0.93 41 14 6 7 692 2 11833 6089 1.6 16 10 7 12 54% 628 84559 437 364%
c s  0.95 42 14 6 7 693 2 12505 6696 1.7 16 10 7 12 54% 628 83741 437 364%
c e  0.95 42 14 6 7 693 2 12505 6696 1.7 16 10 7 12 54% 369 83841 291 242%
c s  0.96 42 14 6 7 693 2 12505 6696 1.7 16 10 7 12 54% 369 83561 291 242%
c e  0.96 42 14 6 7 693 2 12505 6696 1.7 16 10 7 12 54% 340 83584 278 232%
c ^  0.96 42 14 6 7 693 2 12505 6696 1.7 16 10 7 12 54% 340 83584 278 232%
c -  1.00 42 13 6 8 693 2 14479 6810 1.7 16 9 7 11 55% 341 83584 278 232%
c
c seconds  switched  rate        size/glue tier1    binary       remaining
c        MB reductions conflicts       size  tier2     irredundant
c         level restarts    redundant    glue    trail       variables
c
c }  1.01 42 13 7 8 693 2 15049 7175 1.7 15 9 7 11 54% 342 83584 278 232%
c [  1.01 42 19 7 8 693 1 15049 7175 1.5 20 13 9 18 56% 342 83584 278 232%
c W  1.01 47 19 7 8 693 1 15049 7175 1.5 20 13 9 18 56% 342 83584 278 232%
c u  1.03 48 19 7 8 693 1 15789 7757 1.5 19 13 9 18 57% 342 83584 278 232%
c v  1.03 48 19 7 8 693 1 15789 7750 1.5 19 13 9 18 57% 342 83584 278 232%
c w  1.04 48 19 7 8 693 1 15789 7748 1.5 19 13 9 18 57% 342 83584 278 232%
c x  1.04 48 19 7 8 693 1 15789 7748 1.5 19 13 9 18 57% 346 83578 278 232%
c t  1.04 48 19 7 8 693 1 15789 7748 1.5 19 13 9 18 57% 342 83578 278 232%
c f  1.04 48 19 7 8 693 1 15789 7748 1.5 19 13 9 18 57% 375 83421 294 245%
c u  1.05 52 19 7 8 693 1 15789 7722 1.5 19 13 9 18 57% 376 83421 294 245%
c v  1.06 52 19 7 8 693 1 15789 7716 1.5 19 13 9 18 57% 376 83421 294 245%
c w  1.06 52 19 7 8 693 1 15789 7716 1.5 19 13 9 18 57% 376 83421 294 245%
c x  1.06 52 19 7 8 693 1 15789 7716 1.5 19 13 9 18 57% 377 83417 294 245%
c t  1.09 54 19 7 8 693 1 15789 7716 1.5 19 13 9 18 57% 375 83417 294 245%
c f  1.09 54 19 7 8 693 1 15789 7716 1.5 19 13 9 18 57% 377 83413 295 246%
c -  1.12 54 19 7 9 695 1 17308 7852 1.5 20 13 9 18 58% 377 83413 295 246%
c ]  1.15 58 19 8 9 695 1 19026 9257 1.5 20 13 9 18 58% 377 83413 295 246%
c {  1.15 58 13 8 9 695 2 19026 9257 1.7 15 9 7 11 54% 377 83413 295 246%
c -  1.18 59 13 8 10 915 2 20310 9176 1.7 15 9 7 11 55% 377 83413 295 246%
c o  1.21 59 13 8 10 1032 2 21869 10292 1.7 15 9 7 11 55% 377 83413 295 246%
c
c seconds  switched    rate        size/glue tier1    binary       remaining
c        MB  reductions  conflicts       size  tier2     irredundant
c         level   restarts    redundant    glue    trail       variables
c
c -  1.23 60 12 8 11 1060 2 23473 9987 1.7 15 9 7 11 54% 378 83413 295 246%
c s  1.27 60 12 8 11 1179 2 25020 11086 1.6 14 9 7 11 53% 380 83230 295 246%
c e  1.27 60 12 8 11 1179 2 25020 11086 1.6 14 9 7 11 53% 283 83345 238 198%
c 2  1.27 60 12 8 11 1179 2 25020 11086 1.6 14 9 7 11 53% 282 83345 238 198%
c s  1.28 60 12 8 11 1179 2 25020 11086 1.6 14 9 7 11 53% 282 83245 238 198%
c e  1.28 60 12 8 11 1179 2 25020 11086 1.6 14 9 7 11 53% 280 83248 237 198%
c ^  1.28 60 12 8 11 1179 2 25020 11086 1.6 14 9 7 11 53% 280 83248 237 198%
c }  1.29 60 13 9 11 1223 2 25186 10936 1.6 14 9 7 11 53% 280 83248 237 198%
c [  1.29 60 19 9 11 1223 1 25186 10936 1.5 20 13 9 18 58% 280 83248 237 198%
c O  1.29 60 19 9 11 1223 1 25186 10936 1.5 20 13 9 18 58% 280 83248 237 198%
c -  1.32 61 19 9 12 1224 1 26789 10562 1.5 20 13 10 18 58% 280 83248 237 198%
c d  1.32 61 19 9 12 1224 1 26927 9978 1.5 20 13 10 18 58% 279 81799 236 197%
c b  1.32 61 19 9 12 1224 1 26927 9978 1.5 20 13 10 18 58% 279 81799 234 195%
c u  1.33 61 19 9 12 1224 1 26927 8447 1.5 20 13 10 18 58% 282 81799 234 195%
c v  1.34 61 19 9 12 1224 1 26927 8116 1.5 20 13 10 18 58% 281 81799 234 195%
c w  1.34 61 19 9 12 1224 1 26927 8113 1.5 20 13 10 18 58% 281 81799 234 195%
c x  1.35 61 19 9 12 1224 1 26927 8111 1.5 20 13 10 18 58% 284 75751 234 195%
c t  1.35 61 19 9 12 1224 1 26927 8111 1.5 20 13 10 18 58% 275 75751 234 195%
c f  1.35 61 19 9 12 1224 1 26927 8111 1.5 20 13 10 18 58% 321 75565 255 212%
c b  1.35 61 19 9 12 1224 1 26927 8111 1.5 20 13 10 18 58% 321 75565 254 212%
c
c seconds  switched    rate        size/glue  tier1     binary       remaining
c        MB  reductions  conflicts       size    tier2     irredundant
c         level   restarts    redundant     glue     trail       variables
c
c u  1.36 61 19 9 12 1224 1 26927 8052 1.5 20 13 10 18 58% 322 75565 254 212%
c v  1.37 61 19 9 12 1224 1 26927 8027 1.5 20 13 10 18 58% 322 75565 254 212%
c w  1.37 61 19 9 12 1224 1 26927 8024 1.5 20 13 10 18 58% 322 75565 254 212%
c x  1.38 62 19 9 12 1224 1 26927 8024 1.5 20 13 10 18 58% 323 75314 254 212%
c t  1.38 62 19 9 12 1224 1 26927 8024 1.5 20 13 10 18 58% 321 75314 254 212%
c -  1.43 67 22 9 13 1226 1 30253 9421 1.5 21 14 10 19 58% 304 75314 254 212%
c -  1.46 67 23 9 14 1229 1 33859 10158 1.4 21 15 10 19 59% 304 75314 254 212%
c B  1.47 67 23 9 14 1229 1 34949 10943 1.4 21 15 10 19 59% 304 75314 254 212%
c ]  1.49 67 23 10 14 1229 1 36196 11964 1.4 21 15 11 20 59% 304 75314 254 212%
c {  1.49 67 13 10 14 1229 2 36196 11964 1.6 14 9 7 11 53% 304 75314 254 212%
c -  1.52 68 13 10 15 1547 2 37603 10771 1.6 15 9 7 11 53% 304 75314 254 212%
c u  1.60 68 13 10 15 2040 2 41290 13648 1.6 15 9 7 11 54% 304 75314 254 212%
c v  1.60 68 13 10 15 2040 2 41290 13629 1.6 15 9 7 11 54% 304 75314 254 212%
c w  1.61 68 13 10 15 2040 2 41290 13621 1.6 15 9 7 11 54% 304 75314 254 212%
c x  1.62 68 13 10 15 2040 2 41290 13621 1.6 15 9 7 11 54% 304 75134 254 212%
c f  1.62 68 13 10 15 2040 2 41290 13621 1.6 15 9 7 11 54% 318 75057 262 218%
c u  1.63 68 13 10 15 2040 2 41290 13537 1.6 15 9 7 11 54% 327 75057 262 218%
c v  1.64 68 13 10 15 2040 2 41290 13521 1.6 15 9 7 11 54% 327 75057 262 218%
c w  1.64 68 13 10 15 2040 2 41290 13509 1.6 15 9 7 11 54% 327 75057 262 218%
c x  1.65 68 13 10 15 2040 2 41290 13507 1.6 15 9 7 11 54% 330 73949 262 218%
c
c seconds   switched    rate         size/glue tier1    binary       remaining
c        MB   reductions  conflicts        size  tier2     irredundant
c         level    restarts     redundant    glue    trail       variables
c
c =  1.68 70 13 10 15 2040 2 41290 13507 1.6 15 9 7 11 54% 335 71439 255 212%
c d  1.68 70 13 10 15 2040 2 41290 13484 1.6 15 9 7 11 54% 329 71438 255 212%
c t  1.68 70 13 10 15 2040 2 41290 13484 1.6 15 9 7 11 54% 318 71438 255 212%
c f  1.69 70 13 10 15 2040 2 41290 13484 1.6 15 9 7 11 54% 363 71229 277 231%
c -  1.70 70 13 10 16 2040 2 41475 11766 1.6 15 9 7 12 54% 352 71229 277 231%
c o  1.70 70 13 10 16 2052 2 41995 12100 1.6 15 9 7 12 54% 353 71229 277 231%
c }  1.75 70 13 11 16 2360 2 44825 14229 1.5 15 9 7 12 53% 353 71229 277 231%
c [  1.75 70 23 11 16 2360 1 44825 14229 1.4 21 15 11 20 59% 353 71229 277 231%
c -  1.76 70 23 11 17 2360 1 45476 12460 1.4 21 15 11 20 59% 353 71229 277 231%
c W  1.79 74 22 11 17 2362 1 47171 13791 1.4 21 15 11 20 59% 353 71229 277 231%
c -  1.84 74 21 11 18 2363 1 49599 13422 1.4 20 14 10 19 58% 353 71229 277 231%
c s  1.89 75 21 11 18 2365 1 52149 15436 1.4 20 14 10 19 58% 359 70610 277 231%
c e  1.90 75 21 11 18 2365 1 52149 15436 1.4 20 14 10 19 58% 257 70701 214 178%
c s  1.91 75 21 11 18 2365 1 52149 15436 1.4 20 14 10 19 58% 260 70511 214 178%
c e  1.91 75 21 11 18 2365 1 52149 15436 1.4 20 14 10 19 58% 257 70515 213 178%
c ^  1.91 75 21 11 18 2365 1 52149 15436 1.4 20 14 10 19 58% 257 70515 213 178%
c -  1.95 76 21 11 19 2366 1 53841 14320 1.4 20 14 10 19 58% 257 70515 213 178%
c ]  1.96 76 21 12 19 2366 1 54544 14931 1.4 20 14 10 19 58% 257 70515 213 178%
c {  1.96 76 13 12 19 2366 2 54544 14931 1.5 15 9 7 12 53% 257 70515 213 178%
c -  2.03 77 13 12 20 2741 2 58199 15693 1.5 15 10 7 12 54% 257 70515 213 178%
c
c seconds   switched    rate         size/glue  tier1    binary       remaining
c        MB   reductions  conflicts        size   tier2     irredundant
c         level    restarts     redundant     glue    trail       variables
c
c u  2.06 77 13 12 20 2896 2 58983 16274 1.5 15 10 7 12 54% 257 70515 213 178%
c v  2.07 77 13 12 20 2896 2 58983 16247 1.5 15 10 7 12 54% 257 70515 213 178%
c w  2.08 77 13 12 20 2896 2 58983 16245 1.5 15 10 7 12 54% 257 70515 213 178%
c x  2.09 79 13 12 20 2896 2 58983 16244 1.5 15 10 7 12 54% 258 70115 213 178%
c t  2.09 79 13 12 20 2896 2 58983 16244 1.5 15 10 7 12 54% 251 70115 213 178%
c f  2.09 79 13 12 20 2896 2 58983 16244 1.5 15 10 7 12 54% 263 70041 223 186%
c u  2.10 83 13 12 20 2896 2 58983 16127 1.5 15 10 7 12 54% 263 70041 223 186%
c v  2.11 86 13 12 20 2896 2 58983 16026 1.5 15 10 7 12 54% 263 70041 223 186%
c w  2.12 87 13 12 20 2896 2 58983 16020 1.5 15 10 7 12 54% 263 70041 223 186%
c x  2.13 87 13 12 20 2896 2 58983 16019 1.5 15 10 7 12 54% 265 69785 223 186%
c t  2.16 90 13 12 20 2896 2 58983 16019 1.5 15 10 7 12 54% 263 69785 223 186%
c f  2.16 90 13 12 20 2896 2 58983 16019 1.5 15 10 7 12 54% 264 69776 224 187%
c -  2.24 95 14 12 21 3473 2 62671 16436 1.5 15 10 7 12 53% 264 69774 224 187%
c }  2.30 95 14 13 21 3545 2 66023 18870 1.5 15 10 7 12 53% 264 69774 224 187%
c [  2.30 95 21 13 21 3545 1 66023 18870 1.4 20 14 10 19 58% 264 69774 224 187%
c I  2.30 95 21 13 21 3545 1 66023 18870 1.4 20 14 10 19 58% 264 69774 224 187%
c -  2.32 95 21 13 22 3546 1 67253 17330 1.4 20 14 10 19 58% 264 69774 224 187%
c -  2.38 95 20 13 23 3549 1 71943 18560 1.5 20 14 10 18 60% 264 69774 224 187%
c -  2.46 96 20 13 24 3551 1 76738 20123 1.5 20 13 10 18 60% 264 69774 224 187%
c u  2.51 96 21 13 24 3553 1 80124 23200 1.5 20 13 10 18 62% 265 69774 224 187%
c
c seconds   switched    rate         size/glue  tier1     binary       remaining
c        MB   reductions  conflicts        size    tier2     irredundant
c         level    restarts     redundant     glue     trail       variables
c
c v  2.52 96 21 13 24 3553 1 80124 23098 1.5 20 13 10 18 62% 265 69774 224 187%
c w  2.52 96 21 13 24 3553 1 80124 22660 1.5 20 13 10 18 62% 265 69774 224 187%
c x  2.53 97 21 13 24 3553 1 80124 22659 1.5 20 13 10 18 62% 267 69599 224 187%
c t  2.53 97 21 13 24 3553 1 80124 22659 1.5 20 13 10 18 62% 264 69599 224 187%
c f  2.54 97 21 13 24 3553 1 80124 22659 1.5 20 13 10 18 62% 264 69590 225 188%
c u  2.55 101 21 13 24 3553 1 80124 22605 1.5 20 13 10 18 62% 264 69590 225 188%
c v  2.56 101 21 13 24 3553 1 80124 22527 1.5 20 13 10 18 62% 264 69590 225 188%
c w  2.56 101 21 13 24 3553 1 80124 22308 1.5 20 13 10 18 62% 264 69590 225 188%
c x  2.57 102 21 13 24 3553 1 80124 22307 1.5 20 13 10 18 62% 264 69474 225 188%
c o  2.58 102 21 13 24 3553 1 80124 22307 1.5 20 13 10 18 62% 264 69474 225 188%
c -  2.60 102 21 13 25 3554 1 81638 20479 1.5 21 14 9 18 62% 264 69474 225 188%
c ]  2.63 102 21 14 25 3555 1 83446 22093 1.5 21 14 9 18 62% 264 69474 225 188%
c {  2.63 102 14 14 25 3555 2 83446 22093 1.5 15 10 7 12 53% 264 69474 225 188%
c -  2.69 103 14 14 26 3844 2 86639 20861 1.5 15 10 7 12 54% 264 69474 225 188%
c -  2.79 103 14 14 27 4100 2 91739 21720 1.5 15 10 7 12 53% 264 69474 225 188%
c s  2.89 103 13 14 27 4215 2 95975 24743 1.5 14 10 7 12 53% 265 69102 225 188%
c e  2.89 103 13 14 27 4215 2 95975 24743 1.5 14 10 7 12 53% 202 69255 188 157%
c s  2.91 103 13 14 27 4215 2 95975 24743 1.5 14 10 7 12 53% 202 69047 188 157%
c e  2.92 103 13 14 27 4215 2 95975 24743 1.5 14 10 7 12 53% 200 69052 187 156%
c ^  2.92 103 13 14 27 4215 2 95975 24743 1.5 14 10 7 12 53% 200 69052 187 156%
c
c seconds    switched    rate         size/glue  tier1    binary       remaining
c         MB   reductions  conflicts        size   tier2     irredundant
c          level    restarts     redundant     glue    trail       variables
c
c -  2.94 103 13 14 28 4338 2 96936 21904 1.5 15 10 7 11 53% 200 69052 187 156%
c }  2.96 103 13 15 28 4403 2 98162 22916 1.5 15 10 7 11 53% 200 69052 187 156%
c [  2.96 103 21 15 28 4403 1 98162 22916 1.5 21 14 9 18 62% 200 69052 187 156%
c B  2.96 103 21 15 28 4403 1 98162 22916 1.5 21 14 9 18 62% 200 69052 187 156%
c -  3.02 103 21 15 29 4405 1 102227 23340 1.5 21 14 9 18 62% 200 69052 187 156%
c u  3.07 103 21 15 29 4408 1 104834 25452 1.5 21 14 9 18 62% 201 69052 187 156%
c v  3.08 103 21 15 29 4408 1 104834 25154 1.5 21 14 9 18 62% 201 69052 187 156%
c w  3.09 103 21 15 29 4408 1 104834 25145 1.5 21 14 9 18 62% 201 69052 187 156%
c x  3.10 106 21 15 29 4408 1 104834 25143 1.5 21 14 9 18 62% 202 68273 187 156%
c t  3.17 106 21 15 29 4408 1 104834 25143 1.5 21 14 9 18 62% 195 68273 187 156%
c f  3.17 106 21 15 29 4408 1 104834 25143 1.5 21 14 9 18 62% 201 68221 191 159%
c u  3.19 111 21 15 29 4408 1 104834 25061 1.5 21 14 9 18 62% 201 68221 191 159%
c v  3.20 111 21 15 29 4408 1 104834 24983 1.5 21 14 9 18 62% 201 68221 191 159%
c w  3.20 111 21 15 29 4408 1 104834 24976 1.5 21 14 9 18 62% 201 68221 191 159%
c x  3.21 113 21 15 29 4408 1 104834 24973 1.5 21 14 9 18 62% 204 67811 191 159%
c t  3.22 113 21 15 29 4408 1 104834 24973 1.5 21 14 9 18 62% 201 67811 191 159%
c -  3.27 114 21 15 30 4409 1 107612 24794 1.5 21 14 9 18 63% 201 67811 191 159%
c -  3.36 114 21 15 31 4412 1 113092 26300 1.5 21 14 9 18 63% 201 67811 191 159%
c ]  3.42 114 21 16 31 4415 1 116757 29334 1.5 21 14 9 18 63% 201 67811 191 159%
c {  3.42 114 13 16 31 4415 2 116757 29334 1.5 15 10 7 11 53% 201 67811 191 159%
c
c seconds    switched    rate          size/glue  tier1    binary       remaining
c         MB   reductions  conflicts         size   tier2     irredundant
c          level    restarts      redundant     glue    trail       variables
c
c -  3.46 115 13 16 32 4501 2 118659 27245 1.5 15 10 7 11 53% 201 67811 191 159%
c o  3.50 115 13 16 32 4600 2 120908 28787 1.5 14 10 7 11 53% 201 67811 191 159%
c -  3.57 115 13 16 33 4976 2 124315 27531 1.5 14 10 7 11 52% 201 67811 191 159%
c -  3.67 115 13 16 34 5014 2 130060 23810 1.5 14 10 6 11 52% 201 67811 191 159%
c u  3.74 115 13 16 34 5097 2 133202 25493 1.5 14 9 6 11 52% 203 67811 191 159%
c v  3.75 115 13 16 34 5097 2 133202 25282 1.5 14 9 6 11 52% 203 67811 191 159%
c w  3.76 115 13 16 34 5097 2 133202 24951 1.5 14 9 6 11 52% 203 67811 191 159%
c x  3.77 115 13 16 34 5097 2 133202 24946 1.5 14 9 6 11 52% 203 67211 191 159%
c t  3.77 115 13 16 34 5097 2 133202 24946 1.5 14 9 6 11 52% 202 67211 190 158%
c f  3.78 115 13 16 34 5097 2 133202 24946 1.5 14 9 6 11 52% 203 67199 191 159%
c }  3.81 119 13 17 34 5170 2 135094 26294 1.5 14 9 6 11 52% 203 67199 191 159%
c [  3.81 119 21 17 34 5170 1 135094 26294 1.5 21 14 9 18 63% 203 67199 191 159%
c W  3.81 119 21 17 34 5170 1 135094 26294 1.5 21 14 9 18 63% 196 64177 191 159%
c -  3.82 120 21 17 35 5170 1 135891 21222 1.5 21 14 9 18 63% 196 64177 191 159%
c -  3.91 120 21 17 36 5175 1 141810 22335 1.5 21 14 9 17 63% 196 64177 191 159%
c -  4.02 120 20 17 37 5177 1 147810 23811 1.5 21 14 9 17 63% 196 64177 191 159%
c -  4.13 120 20 17 38 5182 1 153892 25276 1.5 21 13 9 17 63% 196 64177 191 159%
c ]  4.14 120 20 18 38 5182 1 154784 26019 1.5 21 13 9 17 63% 196 64177 191 159%
c {  4.14 120 13 18 38 5182 2 154784 26019 1.5 14 9 6 11 52% 196 64177 191 159%
c s  4.24 120 13 18 38 5467 2 158285 28452 1.5 14 9 6 11 51% 197 63612 191 159%
c
c seconds    switched    rate          size/glue tier1    binary       remaining
c         MB   reductions  conflicts         size  tier2     irredundant
c          level    restarts      redundant    glue    trail       variables
c
c e  4.24 121 13 18 38 5467 2 158285 28452 1.5 14 9 6 11 51% 145 63779 166 138%
c s  4.28 121 13 18 38 5467 2 158285 28452 1.5 14 9 6 11 51% 151 63202 166 138%
c e  4.28 121 13 18 38 5467 2 158285 28452 1.5 14 9 6 11 51% 149 63211 165 138%
c ^  4.28 121 13 18 38 5467 2 158285 28452 1.5 14 9 6 11 51% 149 63211 165 138%
c -  4.33 121 13 18 39 5514 2 160057 24836 1.5 14 9 6 11 52% 149 63211 165 138%
c i  4.39 121 13 18 39 5603 2 163817 27411 1.5 14 9 6 11 52% 155 63211 159 132%
c u  4.44 121 13 18 39 5789 2 165321 14380 1.5 14 9 6 11 51% 167 54896 159 132%
c v  4.45 121 13 18 39 5789 2 165321 14182 1.5 14 9 6 11 51% 167 54896 159 132%
c w  4.46 121 13 18 39 5789 2 165321 13921 1.5 14 9 6 11 51% 167 54896 159 132%
c x  4.47 121 13 18 39 5789 2 165321 13921 1.5 14 9 6 11 51% 170 53701 159 132%
c t  4.47 121 13 18 39 5789 2 165321 13921 1.5 14 9 6 11 51% 163 53701 159 132%
c f  4.49 121 13 18 39 5789 2 165321 13921 1.5 14 9 6 11 51% 186 52855 170 142%
c u  4.50 121 13 18 39 5789 2 165321 13849 1.5 14 9 6 11 51% 186 52855 170 142%
c v  4.52 121 13 18 39 5789 2 165321 13740 1.5 14 9 6 11 51% 186 52855 170 142%
c w  4.52 121 13 18 39 5789 2 165321 13613 1.5 14 9 6 11 51% 186 52855 170 142%
c x  4.53 121 13 18 39 5789 2 165321 13612 1.5 14 9 6 11 51% 193 52522 170 142%
c t  4.56 122 13 18 39 5789 2 165321 13612 1.5 14 9 6 11 51% 186 52522 170 142%
c f  4.58 122 13 18 39 5789 2 165321 13612 1.5 14 9 6 11 51% 195 52233 176 147%
c -  4.61 122 13 18 40 5914 2 166303 11548 1.5 14 9 6 11 51% 172 52233 176 147%
c o  4.71 122 13 18 40 6603 2 171140 15226 1.5 14 10 6 11 51% 173 52233 176 147%
c
c seconds    switched    rate          size/glue  tier1    binary       remaining
c         MB   reductions  conflicts         size   tier2     irredundant
c          level    restarts      redundant     glue    trail       variables
c
c -  4.75 122 13 18 41 6899 2 172628 14775 1.5 14 10 6 11 51% 173 52233 176 147%
c }  4.84 122 13 19 41 7180 2 177129 18232 1.5 14 10 6 11 51% 173 52233 176 147%
c [  4.84 122 20 19 41 7180 1 177129 18232 1.5 21 13 9 17 63% 173 52233 176 147%
c O  4.84 122 20 19 41 7180 1 177129 18232 1.5 21 13 9 17 63% 173 52233 176 147%
c -  4.87 122 20 19 42 7181 1 179031 18219 1.6 21 13 9 17 63% 173 52233 176 147%
c -  4.94 122 20 19 43 7186 1 185511 20197 1.6 21 13 9 17 64% 173 52233 176 147%
c -  5.01 122 21 19 44 7189 1 192068 19389 1.5 22 14 9 18 64% 173 52233 176 147%
c -  5.09 122 22 19 45 7193 1 198702 18765 1.5 22 15 9 18 64% 173 52233 176 147%
c u  5.14 122 22 19 45 7193 1 201603 20862 1.5 22 15 9 18 64% 173 52233 176 147%
c v  5.15 122 22 19 45 7193 1 201603 20588 1.5 22 15 9 18 64% 173 52233 176 147%
c w  5.16 122 22 19 45 7193 1 201603 20577 1.5 22 15 9 18 64% 173 52233 176 147%
c x  5.17 122 22 19 45 7193 1 201603 20577 1.5 22 15 9 18 64% 173 51769 176 147%
c t  5.17 122 22 19 45 7193 1 201603 20577 1.5 22 15 9 18 64% 171 51769 176 147%
c f  5.18 122 22 19 45 7193 1 201603 20577 1.5 22 15 9 18 64% 184 51444 182 152%
c u  5.20 126 22 19 45 7193 1 201603 20488 1.5 22 15 9 18 64% 187 51444 182 152%
c v  5.21 127 22 19 45 7193 1 201603 20380 1.5 22 15 9 18 64% 187 51444 182 152%
c w  5.22 127 22 19 45 7193 1 201603 20373 1.5 22 15 9 18 64% 187 51444 182 152%
c x  5.23 128 22 19 45 7193 1 201603 20349 1.5 22 15 9 18 64% 187 51033 182 152%
c t  5.23 128 22 19 45 7193 1 201603 20349 1.5 22 15 9 18 64% 183 51033 182 152%
c f  5.25 128 22 19 45 7193 1 201603 20349 1.5 22 15 9 18 64% 195 50816 188 157%
c
c seconds    switched    rate          size/glue  tier1    binary       remaining
c         MB   reductions  conflicts         size   tier2     irredundant
c          level    restarts      redundant     glue    trail       variables
c
c B  5.30 128 23 19 45 7194 1 204869 23204 1.5 22 15 9 18 64% 195 50816 188 157%
c -  5.31 128 23 19 46 7194 1 205411 18848 1.5 22 15 9 19 64% 195 50816 188 157%
c -  5.42 128 23 19 47 7196 1 212195 19703 1.5 23 16 9 19 65% 195 50816 188 157%
c -  5.53 128 24 19 48 7201 1 219051 20405 1.4 23 16 9 19 65% 195 50816 188 157%
c ]  5.54 128 24 20 48 7201 1 220144 21343 1.4 23 16 9 19 65% 195 50816 188 157%
c {  5.54 128 13 20 48 7201 2 220144 21343 1.5 14 10 6 11 51% 195 50816 188 157%
c -  5.66 128 13 20 49 7545 2 225980 21412 1.5 14 10 6 11 51% 195 50816 188 157%
c o  5.75 128 13 20 49 7591 2 231795 25551 1.5 14 9 6 11 52% 196 50816 188 157%
c -  5.78 128 13 20 50 7662 2 232981 22621 1.5 14 9 6 11 52% 196 50816 188 157%
c -  5.93 128 13 20 51 8572 2 240052 24080 1.5 14 9 6 11 53% 196 50816 188 157%
c s  6.00 128 13 20 51 8627 2 240967 24811 1.5 14 9 6 11 53% 196 46021 188 157%
c e  6.00 128 13 20 51 8627 2 240967 24811 1.5 14 9 6 11 53% 147 46239 156 130%
c s  6.05 128 13 20 51 8627 2 240967 24811 1.5 14 9 6 11 53% 147 45069 156 130%
c e  6.05 128 13 20 51 8627 2 240967 24811 1.5 14 9 6 11 53% 135 45111 153 128%
c !  6.05 128 13 20 51 8627 2 240967 24811 1.5 14 9 6 11 53% 135 45111 153 128%
c u  6.09 128 13 20 51 8732 2 241863 23528 1.5 14 9 6 11 53% 136 45111 153 128%
c v  6.11 128 13 20 51 8732 2 241863 23487 1.5 14 9 6 11 53% 136 45111 153 128%
c w  6.12 128 13 20 51 8732 2 241863 23476 1.5 14 9 6 11 53% 136 45111 153 128%
c x  6.13 128 13 20 51 8732 2 241863 23473 1.5 14 9 6 11 53% 136 43521 153 128%
c t  6.13 128 13 20 51 8732 2 241863 23473 1.5 14 9 6 11 53% 134 43521 153 128%
c
c seconds    switched    rate          size/glue tier1    binary       remaining
c         MB   reductions  conflicts         size  tier2     irredundant
c          level    restarts      redundant    glue    trail       variables
c
c f  6.15 128 13 20 51 8732 2 241863 23473 1.5 14 9 6 11 53% 149 43158 164 137%
c u  6.17 128 13 20 51 8732 2 241863 23377 1.5 14 9 6 11 53% 149 43158 164 137%
c v  6.19 128 13 20 51 8732 2 241863 23165 1.5 14 9 6 11 53% 149 43158 164 137%
c w  6.20 128 13 20 51 8732 2 241863 23160 1.5 14 9 6 11 53% 149 43158 164 137%
c x  6.21 128 13 20 51 8732 2 241863 23151 1.5 14 9 6 11 53% 150 42649 164 137%
c t  6.22 128 13 20 51 8732 2 241863 23151 1.5 14 9 6 11 53% 149 42649 164 137%
c f  6.22 128 13 20 51 8732 2 241863 23151 1.5 14 9 6 11 53% 156 42625 165 138%
c }  6.31 128 13 21 51 9196 2 246883 27064 1.5 14 10 6 11 53% 156 42625 165 138%
c [  6.31 128 24 21 51 9196 1 246883 27064 1.4 23 16 9 19 65% 156 42625 165 138%
c W  6.32 128 24 21 51 9196 1 246883 27064 1.4 23 16 9 19 65% 156 42625 165 138%
c -  6.33 128 24 21 52 9196 1 247194 24341 1.4 23 16 9 19 65% 156 42625 165 138%
c -  6.44 128 25 21 53 9201 1 254408 25702 1.4 23 16 10 20 65% 156 42625 165 138%
c -  6.53 128 25 21 54 9205 1 261689 26074 1.4 23 16 10 20 66% 156 42625 165 138%
c -  6.63 128 25 21 55 9209 1 269038 27271 1.4 23 16 9 19 66% 156 42625 165 138%
c -  6.72 128 25 21 56 9210 1 276455 28361 1.4 24 16 9 19 66% 156 42625 165 138%
c I  6.79 128 25 21 56 9212 1 282235 33218 1.4 24 16 9 19 67% 156 42625 165 138%
c -  6.82 128 25 21 57 9213 1 283939 29001 1.4 23 16 9 19 67% 156 42625 165 138%
c u  6.87 128 25 21 57 9216 1 286558 30985 1.4 23 16 9 19 67% 156 42625 165 138%
c v  6.89 128 25 21 57 9216 1 286558 30611 1.4 23 16 9 19 67% 156 42625 165 138%
c w  6.90 128 25 21 57 9216 1 286558 30430 1.4 23 16 9 19 67% 156 42625 165 138%
c
c seconds    switched    rate          size/glue  tier1    binary       remaining
c         MB   reductions  conflicts         size   tier2     irredundant
c          level    restarts      redundant     glue    trail       variables
c
c x  6.91 128 25 21 57 9216 1 286558 30430 1.4 23 16 9 19 67% 157 42548 165 138%
c t  7.00 130 25 21 57 9216 1 286558 30430 1.4 23 16 9 19 67% 154 42548 165 138%
c f  7.00 130 25 21 57 9216 1 286558 30430 1.4 23 16 9 19 67% 161 42423 171 142%
c u  7.02 130 25 21 57 9216 1 286558 30358 1.4 23 16 9 19 67% 161 42423 171 142%
c v  7.04 130 25 21 57 9216 1 286558 30132 1.4 23 16 9 19 67% 161 42423 171 142%
c w  7.05 130 25 21 57 9216 1 286558 30100 1.4 23 16 9 19 67% 161 42423 171 142%
c x  7.06 130 25 21 57 9216 1 286558 30096 1.4 23 16 9 19 67% 164 42378 171 142%
c t  7.06 130 25 21 57 9216 1 286558 30096 1.4 23 16 9 19 67% 160 42378 171 142%
c ]  7.12 130 24 22 57 9217 1 290348 32984 1.4 23 16 9 19 67% 160 42378 171 142%
c {  7.12 130 13 22 57 9217 2 290348 32984 1.5 14 10 6 11 53% 160 42378 171 142%
c -  7.14 130 13 22 58 9227 2 291488 29020 1.5 14 9 6 11 53% 160 42378 171 142%
c -  7.27 130 13 22 59 9295 2 299104 29780 1.6 15 9 6 11 55% 161 42378 171 142%
c o  7.34 130 13 22 59 9305 2 302816 33129 1.6 15 9 6 11 56% 161 42378 171 142%
c -  7.42 130 13 22 60 9319 2 306785 31273 1.6 15 9 6 11 56% 161 42378 171 142%
c -  7.54 130 13 22 61 9395 1 314530 32365 1.7 15 9 6 11 57% 161 42378 171 142%
c }  7.67 130 13 23 61 9464 1 321865 38659 1.7 16 9 6 11 58% 162 42378 171 142%
c [  7.67 130 24 23 61 9464 1 321865 38659 1.4 23 16 9 19 67% 162 42378 171 142%
c B  7.67 130 24 23 61 9464 1 321865 38659 1.4 23 16 9 19 67% 162 42378 171 142%
c -  7.67 130 24 23 62 9464 1 322341 33738 1.4 23 16 9 19 67% 162 42378 171 142%
c -  7.76 130 25 23 63 9470 1 330216 33953 1.4 23 16 9 19 67% 162 42378 171 142%
c
c seconds    switched    rate          size/glue  tier1    binary       remaining
c         MB   reductions  conflicts         size   tier2     irredundant
c          level    restarts      redundant     glue    trail       variables
c
c u  7.84 130 25 23 63 9471 1 335394 38457 1.4 23 16 9 19 68% 162 42378 171 142%
c v  7.86 130 25 23 63 9471 1 335394 38375 1.4 23 16 9 19 68% 162 42378 171 142%
c w  7.87 130 25 23 63 9471 1 335394 38261 1.4 23 16 9 19 68% 162 42378 171 142%
c x  7.89 130 25 23 63 9471 1 335394 38261 1.4 23 16 9 19 68% 162 42002 171 142%
c -  7.93 130 25 23 64 9473 1 338153 33647 1.4 23 16 9 19 68% 162 42002 171 142%
c -  8.04 130 25 23 65 9477 1 346155 33709 1.4 23 16 9 19 67% 162 42002 171 142%
c s  8.10 130 25 23 65 9478 1 346905 34243 1.4 23 17 9 19 67% 162 41689 171 142%
c e  8.11 130 25 23 65 9478 1 346905 34243 1.4 23 17 9 19 67% 145 41804 161 134%
c s  8.16 130 25 23 65 9478 1 346905 34243 1.4 23 17 9 19 67% 145 41721 161 134%
c e  8.16 130 25 23 65 9478 1 346905 34243 1.4 23 17 9 19 67% 143 41739 160 133%
c -  8.26 130 25 23 66 9478 1 354220 32823 1.4 23 17 10 19 66% 143 41739 160 133%
c -  8.36 130 24 23 67 9484 1 362344 34380 1.4 23 16 10 19 66% 143 41739 160 133%
c W  8.40 130 24 23 67 9485 1 365577 37106 1.4 23 16 10 19 66% 143 41739 160 133%
c ]  8.46 130 24 24 67 9487 1 368867 40070 1.4 23 16 10 19 66% 143 41739 160 133%
c {  8.46 130 13 24 67 9487 1 368867 40070 1.7 16 9 6 11 58% 143 41739 160 133%
c -  8.50 130 13 24 68 9702 1 370529 35423 1.7 16 9 6 11 58% 143 41739 160 133%
c -  8.67 130 13 24 69 10334 2 378776 35710 1.7 16 9 6 11 58% 143 41739 160 133%
c o  8.74 130 13 24 69 10521 2 383031 39190 1.7 16 9 6 11 59% 143 41739 160 133%
c -  8.85 130 13 24 70 10924 2 387082 36555 1.7 16 9 6 11 59% 143 41739 160 133%
c u  8.91 130 13 24 70 11070 2 388455 37583 1.7 16 9 6 11 59% 143 41739 160 133%
c
c seconds    switched     rate          size/glue tier1    binary       remaining
c         MB   reductions   conflicts         size  tier2     irredundant
c          level    restarts       redundant    glue    trail       variables
c
c v  8.93 130 13 24 70 11070 2 388455 37512 1.7 16 9 6 11 59% 143 41739 160 133%
c w  8.94 130 13 24 70 11070 2 388455 37498 1.7 16 9 6 11 59% 143 41739 160 133%
c x  8.96 131 13 24 70 11070 2 388455 37489 1.7 16 9 6 11 59% 143 41622 160 133%
c t  8.96 131 13 24 70 11070 2 388455 37489 1.7 16 9 6 11 59% 142 41622 160 133%
c f  8.96 131 13 24 70 11070 2 388455 37489 1.7 16 9 6 11 59% 150 41510 165 138%
c u  8.99 133 13 24 70 11070 2 388455 37428 1.7 16 9 6 11 59% 150 41510 165 138%
c v  9.02 134 13 24 70 11070 2 388455 37369 1.7 16 9 6 11 59% 150 41510 165 138%
c w  9.03 134 13 24 70 11070 2 388455 37366 1.7 16 9 6 11 59% 150 41510 165 138%
c x  9.04 134 13 24 70 11070 2 388455 37364 1.7 16 9 6 11 59% 150 41055 165 138%
c t  9.04 134 13 24 70 11070 2 388455 37364 1.7 16 9 6 11 59% 149 41055 165 138%
c -  9.22 134 13 24 71 11790 2 395448 37928 1.7 16 9 6 11 59% 149 41055 165 138%
c -  9.43 134 14 24 72 12669 2 403874 39550 1.7 16 9 6 11 59% 149 41055 165 138%
c }  9.47 134 14 25 72 12751 2 405544 40893 1.7 16 9 6 11 59% 149 41055 165 138%
c [  9.47 134 24 25 72 12751 1 405544 40893 1.4 23 16 10 19 66% 149 41055 165 138%
c -  9.59 134 24 25 73 12756 1 412360 40490 1.4 23 16 9 19 66% 149 41055 165 138%
c O  9.61 134 24 25 73 12756 1 413739 41745 1.4 23 16 9 19 66% 149 41055 165 138%
c -  9.74 134 23 25 74 12760 1 420904 41488 1.4 22 15 9 19 65% 149 41055 165 138%
c -  9.87 134 23 25 75 12764 1 429506 42366 1.5 22 15 9 19 66% 149 41055 165 138%
c - 10.07 134 24 25 76 12765 1 438166 42751 1.5 23 16 9 19 67% 149 41055 165 138%
c u 10.22 134 24 25 76 12771 1 445847 49286 1.5 23 16 9 19 67% 149 41055 165 138%
c
c seconds    switched     rate          size/glue  tier1    binary       remaining
c         MB   reductions   conflicts         size   tier2     irredundant
c          level    restarts       redundant     glue    trail       variables
c
c v 10.25 134 24 25 76 12771 1 445847 49267 1.5 23 16 9 19 67% 149 41055 165 138%
c w 10.27 139 24 25 76 12771 1 445847 49052 1.5 23 16 9 19 67% 149 41055 165 138%
c x 10.28 141 24 25 76 12771 1 445847 49050 1.5 23 16 9 19 67% 149 40894 165 138%
c f 10.29 141 24 25 76 12771 1 445847 49050 1.5 23 16 9 19 67% 158 40809 169 141%
c u 10.33 147 24 25 76 12771 1 445847 48959 1.5 23 16 9 19 67% 158 40809 169 141%
c v 10.36 147 24 25 76 12771 1 445847 48941 1.5 23 16 9 19 67% 158 40809 169 141%
c w 10.37 148 24 25 76 12771 1 445847 48527 1.5 23 16 9 19 67% 158 40809 169 141%
c x 10.39 148 24 25 76 12771 1 445847 48527 1.5 23 16 9 19 67% 158 40483 169 141%
c t 10.47 149 24 25 76 12771 1 445847 48527 1.5 23 16 9 19 67% 157 40483 169 141%
c f 10.47 149 24 25 76 12771 1 445847 48527 1.5 23 16 9 19 67% 160 40463 170 142%
c - 10.50 149 24 25 77 12772 1 446885 41905 1.5 23 16 9 19 67% 160 40463 170 142%
c - 10.61 149 25 25 78 12776 1 455661 41738 1.5 23 16 9 19 68% 160 40463 170 142%
c ] 10.64 149 25 26 78 12778 1 457486 43353 1.5 23 16 9 19 68% 160 40463 170 142%
c { 10.64 149 14 26 78 12778 2 457486 43353 1.7 16 9 6 11 59% 160 40463 170 142%
c - 10.80 149 14 26 79 13218 2 464492 42823 1.6 16 9 6 11 59% 160 40463 170 142%
c - 11.01 149 14 26 80 13934 2 473380 43999 1.6 16 10 6 11 59% 160 40463 170 142%
c o 11.06 149 14 26 80 13953 2 476378 46392 1.7 16 10 6 11 59% 160 40463 170 142%
c s 11.15 149 14 26 80 13968 2 477016 46944 1.7 16 10 6 11 59% 160 35713 170 142%
c e 11.16 149 14 26 80 13968 2 477016 46944 1.7 16 10 6 11 59% 154 35727 165 138%
c s 11.23 149 14 26 80 13968 2 477016 46944 1.7 16 10 6 11 59% 154 35715 165 138%
c
c seconds    switched     rate          size/glue tier1    binary       remaining
c         MB   reductions   conflicts         size  tier2     irredundant
c          level    restarts       redundant    glue    trail       variables
c
c - 11.36 149 14 26 81 14220 2 482324 43881 1.7 16 9 6 11 59% 154 35715 165 138%
c - 11.58 149 14 26 82 15232 2 491324 44614 1.6 16 10 6 11 59% 155 35715 165 138%
c } 11.77 149 14 27 82 15881 2 499704 51262 1.6 16 10 6 11 59% 155 35715 165 138%
c [ 11.77 149 25 27 82 15881 1 499704 51262 1.5 23 16 9 19 68% 155 35715 165 138%
c B 11.77 149 25 27 82 15881 1 499704 51262 1.5 23 16 9 19 68% 155 35715 165 138%
c - 11.79 149 25 27 83 15881 1 500379 46015 1.5 23 16 9 19 68% 155 35715 165 138%
c u 11.93 149 24 27 83 15886 1 507628 52370 1.5 23 16 9 19 68% 155 35715 165 138%
c v 11.96 149 24 27 83 15886 1 507628 52303 1.5 23 16 9 19 68% 155 35715 165 138%
c w 11.98 149 24 27 83 15886 1 507628 52270 1.5 23 16 9 19 68% 155 35715 165 138%
c x 12.00 149 24 27 83 15886 1 507628 52266 1.5 23 16 9 19 68% 158 35342 165 138%
c t 12.00 149 24 27 83 15886 1 507628 52266 1.5 23 16 9 19 68% 154 35342 165 138%
c f 12.01 149 24 27 83 15886 1 507628 52266 1.5 23 16 9 19 68% 162 35254 169 141%
c u 12.05 149 24 27 83 15886 1 507628 52187 1.5 23 16 9 19 68% 162 35254 169 141%
c v 12.08 149 24 27 83 15886 1 507628 52079 1.5 23 16 9 19 68% 162 35254 169 141%
c w 12.09 149 24 27 83 15886 1 507628 52073 1.5 23 16 9 19 68% 162 35254 169 141%
c x 12.11 149 24 27 83 15886 1 507628 52072 1.5 23 16 9 19 68% 162 35233 169 141%
c t 12.12 149 24 27 83 15886 1 507628 52072 1.5 23 16 9 19 68% 160 35233 169 141%
c - 12.16 149 24 27 84 15887 1 509489 47610 1.5 23 16 9 19 69% 160 35233 169 141%
c - 12.30 149 24 27 85 15893 1 518655 49575 1.5 23 15 9 19 69% 160 35233 169 141%
c - 12.48 149 23 27 86 15895 1 527876 50802 1.5 23 15 9 19 69% 160 35233 169 141%
c
c seconds    switched     rate          size/glue  tier1    binary       remaining
c         MB   reductions   conflicts         size   tier2     irredundant
c          level    restarts       redundant     glue    trail       variables
c
c - 12.64 150 23 27 87 15899 1 537151 52332 1.5 23 15 9 19 69% 160 35233 169 141%
c - 12.85 150 22 27 88 15904 1 546480 52379 1.6 23 15 9 18 68% 160 35233 169 141%
c ] 12.99 150 22 28 88 15909 1 554653 59650 1.6 23 14 9 18 69% 160 35233 169 141%
c { 12.99 150 14 28 88 15909 2 554653 59650 1.6 16 10 6 11 59% 160 35233 169 141%
c - 13.02 150 14 28 89 15935 2 555864 53347 1.6 16 10 6 11 59% 160 35233 169 141%
c - 13.23 150 14 28 90 16164 2 565297 53548 1.6 16 10 6 11 60% 161 35233 169 141%
c u 13.48 150 14 28 90 16651 2 574387 60642 1.7 16 10 6 11 60% 161 35233 169 141%
c v 13.52 149 14 28 90 16651 2 574387 60599 1.7 16 10 6 11 60% 161 35233 169 141%
c w 13.53 149 14 28 90 16651 2 574387 60560 1.7 16 10 6 11 60% 161 35233 169 141%
c x 13.56 150 14 28 90 16651 2 574387 60557 1.7 16 10 6 11 60% 163 34809 169 141%
c t 13.56 150 14 28 90 16651 2 574387 60557 1.7 16 10 6 11 60% 162 34809 169 141%
c f 13.57 150 14 28 90 16651 2 574387 60557 1.7 16 10 6 11 60% 162 34787 170 142%
c u 13.61 150 14 28 90 16651 2 574387 60314 1.7 16 10 6 11 60% 162 34787 170 142%
c v 13.64 150 14 28 90 16651 2 574387 60228 1.7 16 10 6 11 60% 162 34787 170 142%
c w 13.66 150 14 28 90 16651 2 574387 60193 1.7 16 10 6 11 60% 162 34787 170 142%
c x 13.68 150 14 28 90 16651 2 574387 60192 1.7 16 10 6 11 60% 166 34676 170 142%
c t 13.68 150 14 28 90 16651 2 574387 60192 1.7 16 10 6 11 60% 162 34676 170 142%
c - 13.70 150 14 28 91 16679 2 574783 45703 1.7 16 10 5 11 60% 162 34676 170 142%
c o 13.75 150 14 28 91 16910 2 576393 47048 1.7 16 10 5 11 60% 162 34676 170 142%
c - 13.92 150 14 28 92 17343 2 584322 44377 1.7 16 10 5 11 60% 162 34676 170 142%
c
c seconds    switched     rate          size/glue  tier1    binary       remaining
c         MB   reductions   conflicts         size   tier2     irredundant
c          level    restarts       redundant     glue    trail       variables
c
c - 14.11 150 14 28 93 17663 2 593914 44568 1.7 16 10 5 11 61% 162 34676 170 142%
c } 14.31 150 14 29 93 18224 2 602792 51812 1.7 16 10 5 11 61% 162 34676 170 142%
c [ 14.31 150 22 29 93 18224 1 602792 51812 1.6 23 14 9 18 69% 162 34676 170 142%
c W 14.32 150 22 29 93 18224 1 602792 51812 1.6 23 14 9 18 69% 162 34676 170 142%
c - 14.34 150 22 29 94 18224 1 603559 45432 1.6 23 14 8 18 69% 162 34676 170 142%
c - 14.49 150 22 29 95 18230 1 613255 45926 1.6 23 15 8 18 69% 162 34676 170 142%
c - 14.62 150 22 29 96 18236 1 623001 45491 1.5 23 15 9 18 69% 162 34676 170 142%
c - 14.79 150 22 29 97 18238 1 632799 46675 1.5 22 15 9 18 69% 162 34676 170 142%
c s 14.91 150 22 29 97 18238 1 633816 47588 1.5 22 14 9 18 69% 162 34293 170 142%
c e 14.91 150 22 29 97 18238 1 633816 47588 1.5 22 14 9 18 69% 155 34323 165 138%
c s 15.01 150 22 29 97 18238 1 633816 47588 1.5 22 14 9 18 69% 155 34273 165 138%
c - 15.17 150 21 29 98 18244 1 642647 48274 1.6 22 14 8 18 69% 155 34273 165 138%
c u 15.25 150 21 29 98 18245 1 645707 50442 1.6 22 14 8 18 69% 155 34273 165 138%
c v 15.29 150 21 29 98 18245 1 645707 48940 1.6 22 14 8 18 69% 155 34273 165 138%
c w 15.31 150 21 29 98 18245 1 645707 44099 1.6 22 14 8 18 69% 155 34273 165 138%
c x 15.33 150 21 29 98 18245 1 645707 44094 1.6 22 14 8 18 69% 158 34241 165 138%
c t 15.33 150 21 29 98 18245 1 645707 44094 1.6 22 14 8 18 69% 155 34241 165 138%
c f 15.34 150 21 29 98 18245 1 645707 44094 1.6 22 14 8 18 69% 162 34145 170 142%
c u 15.38 155 21 29 98 18245 1 645707 43797 1.6 22 14 8 18 69% 162 34145 170 142%
c v 15.41 156 21 29 98 18245 1 645707 42970 1.6 22 14 8 18 69% 162 34145 170 142%
c
c seconds    switched     rate          size/glue  tier1    binary       remaining
c         MB   reductions   conflicts         size   tier2     irredundant
c          level    restarts       redundant     glue    trail       variables
c
c w 15.43 156 21 29 98 18245 1 645707 42858 1.6 22 14 8 18 69% 162 34145 170 142%
c x 15.45 156 21 29 98 18245 1 645707 42855 1.6 22 14 8 18 69% 165 34036 170 142%
c t 15.45 156 21 29 98 18245 1 645707 42855 1.6 22 14 8 18 69% 161 34036 170 142%
c f 15.46 156 21 29 98 18245 1 645707 42855 1.6 22 14 8 18 69% 166 33933 174 145%
c - 15.56 156 22 29 99 18248 1 652546 44209 1.6 22 14 8 18 69% 166 33933 174 145%
c - 15.69 156 22 29 100 18253 1 662496 43665 1.5 22 15 8 18 69% 166 33933 174 145%
c I 15.73 156 22 29 100 18253 1 665342 46219 1.5 22 15 8 18 69% 166 33933 174 145%
c - 15.86 156 22 29 101 18254 1 672496 44287 1.5 22 15 8 18 69% 166 33933 174 145%
c ] 15.88 156 22 30 101 18254 1 673747 45312 1.5 22 15 8 18 69% 166 33933 174 145%
c { 15.88 156 14 30 101 18254 2 673747 45312 1.7 16 10 5 11 61% 166 33933 174 145%
c - 16.09 156 14 30 102 18852 2 682545 46331 1.7 16 10 5 11 61% 166 33933 174 145%
c o 16.18 156 14 30 102 19108 2 686431 49570 1.7 16 10 5 11 61% 166 33933 174 145%
c - 16.34 156 14 30 103 19565 2 692644 46881 1.7 16 10 5 11 61% 166 33933 174 145%
c - 16.58 156 14 30 104 20220 2 702792 48189 1.7 17 10 5 11 62% 167 33933 174 145%
c - 16.80 156 15 30 105 20775 2 712990 48963 1.7 17 10 5 11 62% 167 33933 174 145%
c u 17.02 158 14 30 105 21005 2 721680 55662 1.7 17 10 5 11 63% 168 33933 174 145%
c v 17.06 158 14 30 105 21005 2 721680 55581 1.7 17 10 5 11 63% 168 33933 174 145%
c w 17.08 158 14 30 105 21005 2 721680 55576 1.7 17 10 5 11 63% 168 33933 174 145%
c x 17.10 158 14 30 105 21005 2 721680 55571 1.7 17 10 5 11 63% 169 33745 174 145%
c t 17.32 159 14 30 105 21005 2 721680 55571 1.7 17 10 5 11 63% 168 33745 174 145%
c
c seconds    switched      rate          size/glue  tier1    binary       remaining
c         MB   reductions    conflicts         size   tier2     irredundant
c          level     restarts       redundant     glue    trail       variables
c
c f 17.34 159 14 30 105 21005 2 721680 55571 1.7 17 10 5 11 63% 178 33592 181 151%
c u 17.38 159 14 30 105 21005 2 721680 55403 1.7 17 10 5 11 63% 178 33592 181 151%
c v 17.41 159 14 30 105 21005 2 721680 55043 1.7 17 10 5 11 63% 178 33592 181 151%
c w 17.43 159 14 30 105 21005 2 721680 55030 1.7 17 10 5 11 63% 178 33592 181 151%
c x 17.45 159 14 30 105 21005 2 721680 55028 1.7 17 10 5 11 63% 180 33543 181 151%
c t 17.45 159 14 30 105 21005 2 721680 55028 1.7 17 10 5 11 63% 178 33543 181 151%
c f 17.46 159 14 30 105 21005 2 721680 55028 1.7 17 10 5 11 63% 185 33482 184 153%
c - 17.50 159 14 30 106 21085 2 723236 48597 1.7 17 10 5 11 63% 186 33482 184 153%
c } 17.64 159 14 31 106 21481 2 728181 52615 1.7 17 10 5 11 63% 186 33482 184 153%
c [ 17.64 159 22 31 106 21481 1 728181 52615 1.5 22 15 8 18 69% 186 33482 184 153%
c B 17.73 159 22 31 106 21484 1 733026 56524 1.5 22 14 8 18 69% 186 33482 184 153%
c - 17.74 159 22 31 107 21485 1 733532 48975 1.5 22 14 8 18 69% 186 33482 184 153%
c - 17.89 159 22 31 108 21490 1 743880 50105 1.5 22 14 8 18 69% 186 33482 184 153%
c - 18.05 159 22 31 109 21495 1 754276 51913 1.5 22 14 8 18 70% 186 33482 184 153%
c - 18.23 159 22 31 110 21498 1 764716 52230 1.5 22 14 8 18 70% 186 33482 184 153%
c - 18.39 159 22 31 111 21504 1 775205 51419 1.5 22 14 8 18 69% 186 33482 184 153%
c - 18.58 159 22 31 112 21509 1 785741 50160 1.5 22 15 8 18 69% 186 33482 184 153%
c - 18.75 159 22 31 113 21511 1 796326 50588 1.5 22 15 8 18 69% 186 33482 184 153%
c u 18.89 159 22 31 113 21511 1 802324 54873 1.5 22 15 8 18 68% 186 33482 184 153%
c v 18.92 159 22 31 113 21511 1 802324 54427 1.5 22 15 8 18 68% 186 33482 184 153%
c
c seconds    switched      rate          size/glue  tier1    binary       remaining
c         MB   reductions    conflicts         size   tier2     irredundant
c          level     restarts       redundant     glue    trail       variables
c
c w 18.94 158 22 31 113 21511 1 802324 46392 1.5 22 15 8 18 68% 186 33482 184 153%
c x 18.96 159 22 31 113 21511 1 802324 46391 1.5 22 15 8 18 68% 187 33418 184 153%
c t 18.96 159 22 31 113 21511 1 802324 46391 1.5 22 15 8 18 68% 184 33418 184 153%
c W 19.03 159 22 31 113 21511 1 806001 49324 1.5 22 15 8 18 68% 184 33418 184 153%
c - 19.05 159 22 31 114 21511 1 806957 43493 1.5 22 15 8 18 68% 184 33418 184 153%
c ] 19.10 159 22 32 114 21511 1 809788 45742 1.5 22 15 8 18 68% 184 33418 184 153%
c { 19.10 159 14 32 114 21511 2 809788 45742 1.7 17 10 5 11 63% 184 33418 184 153%
c o 19.10 159 14 32 114 21537 2 809938 45864 1.7 17 10 5 11 63% 184 33418 184 153%
c - 19.27 161 14 32 115 22038 2 817639 48089 1.7 17 10 5 11 63% 184 33418 184 153%
c s 19.39 161 14 32 115 22077 2 817905 48322 1.7 17 10 5 11 63% 184 32877 184 153%
c e 19.39 161 14 32 115 22077 2 817905 48322 1.7 17 10 5 11 63% 168 32909 170 142%
c s 19.44 161 14 32 115 22077 2 817905 48322 1.7 17 10 5 11 63% 168 32866 170 142%
c - 19.67 161 14 32 116 22539 2 828362 49472 1.7 17 10 5 10 63% 168 32866 170 142%
c - 19.92 161 14 32 117 23369 2 839132 50594 1.7 17 10 5 11 63% 168 32866 170 142%
c - 20.20 161 14 32 118 24003 2 849949 52161 1.7 17 10 5 10 63% 168 32866 170 142%
c - 20.45 161 14 32 119 24555 2 860812 53612 1.8 17 10 5 10 64% 169 32866 170 142%
c } 20.68 161 14 33 119 25136 2 870892 61148 1.7 17 10 5 10 64% 169 32866 170 142%
c [ 20.68 161 22 33 119 25136 1 870892 61148 1.5 22 15 8 18 68% 169 32866 170 142%
c - 20.70 161 22 33 120 25136 1 871721 53988 1.5 22 15 8 18 68% 169 32866 170 142%
c - 20.88 161 21 33 121 25142 1 882675 54624 1.5 22 14 8 17 69% 170 32866 170 142%
c
c seconds    switched      rate          size/glue  tier1    binary       remaining
c         MB   reductions    conflicts         size   tier2     irredundant
c          level     restarts       redundant     glue    trail       variables
c
c O 20.90 161 21 33 121 25144 1 884429 56190 1.5 22 14 8 17 69% 170 32866 170 142%
c u 21.01 161 21 33 121 25146 1 887636 58354 1.5 22 14 8 17 69% 171 32866 170 142%
c v 21.05 161 21 33 121 25146 1 887636 58259 1.5 22 14 8 17 69% 171 32866 170 142%
c w 21.07 161 21 33 121 25146 1 887636 58094 1.5 22 14 8 17 69% 171 32866 170 142%
c x 21.10 161 21 33 121 25146 1 887636 58092 1.5 22 14 8 17 69% 172 32826 170 142%
c t 21.10 161 21 33 121 25146 1 887636 58092 1.5 22 14 8 17 69% 171 32826 170 142%
c f 21.11 161 21 33 121 25146 1 887636 58092 1.5 22 14 8 17 69% 176 32758 173 144%
c u 21.16 161 21 33 121 25146 1 887636 57886 1.5 22 14 8 17 69% 180 32758 173 144%
c v 21.20 161 21 33 121 25146 1 887636 57748 1.5 22 14 8 17 69% 180 32758 173 144%
c w 21.22 161 21 33 121 25146 1 887636 57586 1.5 22 14 8 17 69% 180 32758 173 144%
c x 21.25 161 21 33 121 25146 1 887636 57586 1.5 22 14 8 17 69% 182 32693 172 143%
c f 21.26 161 21 33 121 25146 1 887636 57531 1.5 22 14 8 17 69% 183 32359 173 144%
c i 21.26 161 21 33 121 25146 1 887636 57531 1.5 22 14 8 17 69% 183 32359 173 144%
c - 21.34 161 22 33 122 25149 1 893676 52580 1.5 22 15 8 18 69% 173 32359 173 144%
c ] 21.50 161 22 33 122 25151 1 904698 62260 1.5 22 15 8 18 69% 173 32359 173 144%
c 1 21.50 161 14 33 122 25151 2 904698 62260 1.7 17 10 5 10 64% 173 32359 173 144%
c
c ---- [ result ] ------------------------------------------------------------
c
s SATISFIABLE
v 1 -2 3 4 5 6 7 -8 -9 10 11 12 13 14 15 -16 -17 18 19 -20 -21 22 -23 24 -25
v -26 27 -28 29 30 -31 32 33 34 35 -36 37 -38 -39 40 -41 -42 -43 -44 45 -46 47
v 48 -49 50 51 -52 -53 54 55 56 -57 -58 59 60 61 62 63 64 65 66 67 -68 69 -70
v -71 72 73 74 -75 76 77 78 79 80 -81 -82 83 84 85 -86 87 88 89 -90 91 -92 93
v 94 -95 96 97 -98 -99 100 101 102 103 -104 105 -106 107 108 109 -110 111 -112
v 113 114 115 116 117 -118 119 120 0
c
c ---- [ profiling ] ---------------------------------------------------------
c
c          16.39   76.23 %  search
c           8.42   39.15 %  focused
c           7.98   37.09 %  stable
c           4.47   20.78 %  simplify
c           4.11   19.10 %  probe
c           2.46   11.45 %  vivify
c           0.96    4.46 %  eliminate
c           0.89    4.14 %  subsume
c           0.89    4.14 %  factor
c           0.63    2.91 %  preprocess
c           0.57    2.66 %  sweep
c           0.42    1.97 %  reduce
c           0.16    0.73 %  substitute
c           0.03    0.14 %  walking
c           0.02    0.09 %  congruence
c           0.01    0.05 %  parse
c           0.01    0.03 %  transitive
c           0.00    0.02 %  lucky
c           0.00    0.00 %  backbone
c           0.00    0.00 %  extend
c =============================================
c          21.50  100.00 %  total
c
c ---- [ statistics ] --------------------------------------------------------
c
c conflicts:                           904698            42067.71 per second
c decisions:                          1226593                1.36 per conflict
c eliminated:                             415              346 %  variables
c factored:                               499              416 %  variables
c iterations:                               1                1 %  variables
c propagations:                      17272909           803176    per second
c reductions:                             122             7416    interval
c reordered:                               13            69592    interval
c rephased:                                24            37696    interval
c restarts:                             25151               36    interval
c strengthened:                          1054                0 %  checks
c substituted:                              5                4 %  variables
c subsumed:                             16033                0 %  checks
c switched:                                33            27415    interval
c vivified:                             61966               71 %  checks
c walks:                                    8           113087    interval
c
c ---- [ glue usage ] --------------------------------------------------------
c
c focused glue 5   used 141286 clauses 11.43% accumulated 56.76% tier1
c focused glue 6   used 106051 clauses  8.58% accumulated 65.33%
c focused glue 7-8 used 177699 clauses 14.37% accumulated 79.71%
c focused glue 9   used  72853 clauses  5.89% accumulated 85.60%
c focused glue 10  used  56692 clauses  4.59% accumulated 90.18% tier2
c
c stable glue 8     used 125276 clauses  6.09% accumulated 52.70% tier1
c stable glue 9     used 118887 clauses  5.78% accumulated 58.49%
c stable glue 10-16 used 597818 clauses 29.08% accumulated 87.56%
c stable glue 17    used  49243 clauses  2.40% accumulated 89.96%
c stable glue 18    used  42181 clauses  2.05% accumulated 92.01% tier2
c
c ---- [ resources ] ---------------------------------------------------------
c
c maximum-resident-set-size:     173040205824 bytes     165024 MB
c process-time:                            22s              21.50 seconds
c
c ---- [ shutting down ] -----------------------------------------------------
c
c exit 10
