c ---- [ banner ] ------------------------------------------------------------
c
c Kissat SAT Solver
c 
c Copyright (c) 2021-2024 Armin Biere University of Freiburg
c Copyright (c) 2019-2021 Armin Biere Johannes Kepler University Linz
c 
c Version 4.0.4 8af8e56f174b778aef3aa45af9f739b2a5f492c2
c Apple clang version 17.0.0 (clang-1700.6.3.2) -W -Wall -O3 -DNDEBUG
c Mon Mar 30 18:25:47 CEST 2026 Darwin Mac 24.6.0 arm64
c
c ---- [ parsing ] -----------------------------------------------------------
c
c opened and reading DIMACS file:
c
c   tmp.cnf
c
c parsed 'p cnf 210 24360' header
c closing input after reading 352356 bytes (344 KB)
c finished parsing after 0.00 seconds
c
c ---- [ solving ] -----------------------------------------------------------
c
c seconds switched rate     size/glue tier1 binary       remaining
c        MB reductions conflicts size  tier2   irredundant
c         level restarts redundant glue  trail       variables
c
c *  0.00  5 0 0 0  0 0   0   0 0.0 0 0 0 0 0% 361 23999 210 100%
c (  0.00  5 0 0 0  0 0   0   0 0.0 0 0 0 0 0% 361 23999 210 100%
c .  0.00  5 0 0 0  0 0   0   0 0.0 0 0 0 0 0% 361 23999 210 100%
c f  0.10  5 0 0 0  0 0   0   0 0.0 0 0 0 0 0% 1162 2114 693 330%
c )  0.10  5 0 0 0  0 0   0   0 0.0 0 0 0 0 0% 1162 2114 693 330%
c {  0.10  5 0 0 0  0 0   0   0 0.0 0 0 2 6 0% 1162 2114 693 330%
c -  0.10  5 30 0 1 36 3 1002 631 2.1 30 14 10 19 48% 1162 2114 693 330%
c }  0.10  5 30 1 1 36 3 1002 631 2.1 30 14 10 19 48% 1162 2114 693 330%
c [  0.10  5 0 1 1 36 0 1002 631 0.0 0 0 2 6 0% 1162 2114 693 330%
c B  0.10  5 0 1 1 36 0 1002 631 0.0 0 0 2 6 0% 1162 2114 693 330%
c ]  0.11  5 25 2 1 36 1 1885 1430 2.0 28 14 8 18 51% 1162 2114 693 330%
c {  0.11  5 30 2 1 36 3 1885 1430 2.1 30 14 10 19 48% 1162 2114 693 330%
c -  0.11  5 31 2 2 48 3 2002 1454 2.0 30 14 10 19 48% 1162 2114 693 330%
c }  0.12  5 27 3 2 79 3 2885 2233 2.1 29 14 9 18 46% 1162 2114 693 330%
c [  0.12  5 25 3 2 79 1 2885 2233 2.0 28 14 8 18 51% 1162 2114 693 330%
c W  0.12  6 25 3 2 79 1 2885 2233 2.0 28 14 8 18 51% 1162 2114 693 330%
c -  0.12  6 31 3 3 79 2 3416 2414 1.7 29 17 8 21 51% 1162 2114 693 330%
c u  0.13  6 31 3 3 79 2 3493 2436 1.7 30 18 8 21 51% 1162 2114 693 330%
c v  0.13  6 31 3 3 79 2 3493 2425 1.7 30 18 8 21 51% 1162 2114 693 330%
c w  0.13  6 31 3 3 79 2 3493 2423 1.7 30 18 8 21 51% 1162 2114 693 330%
c
c seconds  switched rate       size/glue  tier1     binary      remaining
c        MB reductions conflicts     size   tier2     irredundant
c         level restarts  redundant     glue    trail       variables
c
c x  0.13  6 31 3 3 79 2 3493 2423 1.7 30 18 8 21 51% 1198 1946 693 330%
c t  0.13  6 31 3 3 79 2 3493 2423 1.7 30 18 8 21 51% 1157 1946 693 330%
c f  0.13  6 31 3 3 79 2 3493 2423 1.7 30 18 8 21 51% 1312 1622 780 371%
c u  0.14  6 31 3 3 79 2 3493 2386 1.7 30 18 8 21 51% 1312 1622 780 371%
c v  0.14  6 31 3 3 79 2 3493 2338 1.7 30 18 8 21 51% 1312 1622 780 371%
c w  0.14  6 31 3 3 79 2 3493 2338 1.7 30 18 8 21 51% 1312 1622 780 371%
c x  0.14  6 31 3 3 79 2 3493 2338 1.7 30 18 8 21 51% 1401 1327 780 371%
c t  0.15  7 31 3 3 79 2 3493 2338 1.7 30 18 8 21 51% 1311 1327 780 371%
c f  0.16  7 31 3 3 79 2 3493 2338 1.7 30 18 8 21 51% 1319 1313 785 374%
c ]  0.16  7 34 4 3 80 2 4056 2862 1.6 30 18 8 22 51% 1319 1313 785 374%
c {  0.16  7 27 4 3 80 3 4056 2862 2.1 29 14 9 18 46% 1319 1313 785 374%
c -  0.17  7 27 4 4 202 4 5148 3251 2.1 27 13 8 16 47% 1319 1313 785 374%
c }  0.18  7 25 5 4 248 3 6411 4356 2.1 27 12 8 16 50% 1319 1313 785 374%
c [  0.18  7 34 5 4 248 2 6411 4356 1.6 30 18 8 22 51% 1319 1313 785 374%
c I  0.18  7 34 5 4 248 2 6411 4356 1.6 30 18 8 22 51% 1319 1313 785 374%
c -  0.19  7 31 5 5 248 2 7148 4386 1.8 29 16 8 20 54% 1319 1313 785 374%
c ]  0.20  7 26 6 5 250 2 8882 5961 2.0 29 14 8 17 54% 1319 1313 785 374%
c {  0.20  7 25 6 5 250 3 8882 5961 2.1 27 12 8 16 50% 1319 1313 785 374%
c -  0.21  7 24 6 6 250 3 9386 5513 2.2 27 12 7 14 50% 1319 1313 785 374%
c u  0.23  7 21 6 6 251 3 11026 7046 2.4 26 11 7 14 50% 1319 1313 785 374%
c
c seconds  switched  rate        size/glue  tier1     binary      remaining
c        MB reductions conflicts       size   tier2     irredundant
c         level restarts    redundant     glue    trail       variables
c
c v  0.23  8 21 6 6 251 3 11026 7032 2.4 26 11 7 14 50% 1319 1313 785 374%
c w  0.23  8 21 6 6 251 3 11026 7031 2.4 26 11 7 14 50% 1319 1313 785 374%
c x  0.24  8 21 6 6 251 3 11026 7031 2.4 26 11 7 14 50% 1320 1304 785 374%
c t  0.24  8 21 6 6 251 3 11026 7031 2.4 26 11 7 14 50% 1319 1304 785 374%
c o  0.24  8 21 6 6 251 3 11026 7031 2.4 26 11 7 14 50% 1319 1304 785 374%
c -  0.25  8 21 6 7 251 2 11835 6610 2.3 25 11 6 12 50% 1319 1304 785 374%
c }  0.26  8 20 7 7 251 2 12951 7694 2.4 25 11 6 12 50% 1319 1304 785 374%
c [  0.26  8 26 7 7 251 2 12951 7694 2.0 29 14 8 17 54% 1319 1304 785 374%
c B  0.26  8 26 7 7 251 2 12951 7694 2.0 29 14 8 17 54% 1319 1304 785 374%
c -  0.27 10 27 7 8 252 2 14481 7312 1.9 30 15 8 19 56% 1319 1304 785 374%
c ]  0.30 11 27 8 8 253 1 16973 9438 1.9 31 16 8 19 57% 1319 1304 785 374%
c {  0.30 11 20 8 8 253 2 16973 9438 2.4 25 11 6 12 50% 1319 1304 785 374%
c -  0.31 11 20 8 9 306 2 17309 7529 2.3 25 11 6 12 50% 1319 1304 785 374%
c s  0.31 11 20 8 9 337 3 17450 7665 2.3 25 11 6 12 50% 1319 1291 785 374%
c e  0.31 11 20 8 9 337 3 17450 7665 2.3 25 11 6 12 50% 1080 1444 619 295%
c s  0.31 11 20 8 9 337 3 17450 7665 2.3 25 11 6 12 50% 1080 1429 619 295%
c e  0.31 11 20 8 9 337 3 17450 7665 2.3 25 11 6 12 50% 1078 1431 618 294%
c ^  0.31 11 20 8 9 337 3 17450 7665 2.3 25 11 6 12 50% 1078 1431 618 294%
c -  0.34 11 21 8 10 761 3 20310 6180 2.2 24 11 6 12 50% 1078 1431 618 294%
c o  0.35 11 22 8 10 871 3 21026 6848 2.2 24 11 6 12 50% 1078 1431 618 294%
c
c seconds  switched    rate        size/glue  tier1     binary      remaining
c        MB  reductions  conflicts       size   tier2     irredundant
c         level   restarts    redundant     glue    trail       variables
c
c u  0.37 11 22 8 10 1069 3 22728 8308 2.1 23 11 6 12 51% 1078 1431 618 294%
c v  0.37 11 22 8 10 1069 3 22728 8295 2.1 23 11 6 12 51% 1078 1431 618 294%
c w  0.37 11 22 8 10 1069 3 22728 8295 2.1 23 11 6 12 51% 1078 1431 618 294%
c x  0.38 11 22 8 10 1069 3 22728 8295 2.1 23 11 6 12 51% 1083 1421 618 294%
c t  0.38 11 22 8 10 1069 3 22728 8295 2.1 23 11 6 12 51% 1077 1421 618 294%
c f  0.38 11 22 8 10 1069 3 22728 8295 2.1 23 11 6 12 51% 1104 1358 633 301%
c u  0.38 12 22 8 10 1069 3 22728 8274 2.1 23 11 6 12 51% 1104 1358 633 301%
c v  0.39 12 22 8 10 1069 3 22728 8267 2.1 23 11 6 12 51% 1104 1358 633 301%
c w  0.39 12 22 8 10 1069 3 22728 8266 2.1 23 11 6 12 51% 1104 1358 633 301%
c x  0.39 12 22 8 10 1069 3 22728 8266 2.1 23 11 6 12 51% 1116 1338 633 301%
c t  0.41 12 22 8 10 1069 3 22728 8266 2.1 23 11 6 12 51% 1104 1338 633 301%
c }  0.41 13 22 9 10 1083 3 23133 8605 2.1 23 11 6 12 51% 1104 1338 633 301%
c [  0.41 13 27 9 10 1083 1 23133 8605 1.9 31 16 8 19 57% 1104 1338 633 301%
c W  0.41 13 27 9 10 1083 1 23133 8605 1.9 31 16 8 19 57% 1104 1338 633 301%
c -  0.42 14 27 9 11 1083 1 23478 7817 1.8 31 17 8 20 58% 1104 1338 633 301%
c -  0.45 14 26 9 12 1085 1 26794 8517 1.8 30 17 8 19 61% 1104 1338 633 301%
c -  0.48 15 26 9 13 1088 1 30261 9153 1.7 28 16 8 18 62% 1104 1338 633 301%
c O  0.48 15 26 9 13 1088 1 30665 9466 1.7 28 16 8 18 63% 1104 1338 633 301%
c ]  0.49 15 27 10 13 1088 1 31227 9982 1.7 28 17 8 18 63% 1104 1338 633 301%
c {  0.49 15 22 10 13 1088 3 31227 9982 2.1 23 11 6 12 51% 1104 1338 633 301%
c
c seconds   switched    rate         size/glue  tier1     binary      remaining
c        MB   reductions  conflicts        size   tier2     irredundant
c         level    restarts     redundant     glue    trail       variables
c
c -  0.52 15 22 10 14 1421 4 33869 10253 2.0 23 11 6 12 51% 1104 1338 633 301%
c s  0.54 15 21 10 14 1519 4 35703 11711 2.0 22 11 6 12 51% 1104 1336 633 301%
c e  0.54 15 21 10 14 1519 4 35703 11711 2.0 22 11 6 12 51% 947 1588 514 245%
c s  0.54 15 21 10 14 1519 4 35703 11711 2.0 22 11 6 12 51% 947 1555 514 245%
c e  0.54 15 21 10 14 1519 4 35703 11711 2.0 22 11 6 12 51% 946 1559 511 243%
c ^  0.54 15 21 10 14 1519 4 35703 11711 2.0 22 11 6 12 51% 946 1559 511 243%
c -  0.56 15 20 10 15 1579 3 37610 7914 2.0 22 11 6 11 51% 946 1559 511 243%
c u  0.58 15 20 10 15 1679 3 39053 9200 2.0 22 11 6 11 51% 946 1559 511 243%
c v  0.58 15 20 10 15 1679 3 39053 9176 2.0 22 11 6 11 51% 946 1559 511 243%
c w  0.59 15 20 10 15 1679 3 39053 9171 2.0 22 11 6 11 51% 946 1559 511 243%
c x  0.59 15 20 10 15 1679 3 39053 9171 2.0 22 11 6 11 51% 955 1536 511 243%
c t  0.59 15 20 10 15 1679 3 39053 9171 2.0 22 11 6 11 51% 940 1536 511 243%
c f  0.59 15 20 10 15 1679 3 39053 9171 2.0 22 11 6 11 51% 973 1412 539 257%
c u  0.59 15 20 10 15 1679 3 39053 9129 2.0 22 11 6 11 51% 973 1412 539 257%
c v  0.60 15 20 10 15 1679 3 39053 9114 2.0 22 11 6 11 51% 973 1412 539 257%
c w  0.60 15 20 10 15 1679 3 39053 9108 2.0 22 11 6 11 51% 973 1412 539 257%
c x  0.60 15 20 10 15 1679 3 39053 9108 2.0 22 11 6 11 51% 982 1398 539 257%
c t  0.60 15 20 10 15 1679 3 39053 9108 2.0 22 11 6 11 51% 972 1398 539 257%
c }  0.61 15 21 11 15 1795 3 39857 9863 2.0 22 11 6 11 52% 972 1398 539 257%
c [  0.61 15 27 11 15 1795 1 39857 9863 1.7 28 17 8 18 63% 972 1398 539 257%
c
c seconds   switched    rate         size/glue  tier1    binary      remaining
c        MB   reductions  conflicts        size   tier2    irredundant
c         level    restarts     redundant     glue    trail      variables
c
c B  0.62 15 27 11 15 1795 1 40428 10390 1.7 28 16 8 18 63% 972 1398 539 257%
c -  0.63 16 29 11 16 1796 1 41483 9853 1.7 29 17 8 19 64% 972 1398 539 257%
c -  0.67 16 32 11 17 1799 1 45484 10769 1.6 29 18 8 20 63% 972 1398 539 257%
c -  0.71 16 31 11 18 1801 1 49607 11286 1.6 29 18 8 20 61% 972 1398 539 257%
c ]  0.71 16 31 12 18 1801 1 49865 11486 1.6 29 18 8 20 61% 972 1398 539 257%
c {  0.71 16 21 12 18 1801 3 49865 11486 2.0 22 11 6 11 52% 972 1398 539 257%
c o  0.71 16 21 12 18 1807 3 49902 11522 2.0 22 11 6 11 52% 972 1398 539 257%
c -  0.76 16 20 12 19 2160 3 53850 11839 2.0 21 11 5 11 52% 972 1398 539 257%
c -  0.82 16 20 12 20 2618 4 58210 12869 1.9 21 11 5 11 52% 973 1398 539 257%
c u  0.85 17 20 12 20 2650 3 60174 14566 1.9 21 11 5 11 53% 973 1398 539 257%
c v  0.85 17 20 12 20 2650 3 60174 14541 1.9 21 11 5 11 53% 973 1398 539 257%
c w  0.86 17 20 12 20 2650 3 60174 14540 1.9 21 11 5 11 53% 973 1398 539 257%
c x  0.86 17 20 12 20 2650 3 60174 14540 1.9 21 11 5 11 53% 985 1380 539 257%
c t  0.86 17 20 12 20 2650 3 60174 14540 1.9 21 11 5 11 53% 973 1380 539 257%
c }  0.88 17 20 13 20 2755 3 61345 15515 1.9 21 11 5 11 53% 973 1380 539 257%
c [  0.88 17 31 13 20 2755 1 61345 15515 1.6 29 18 8 20 61% 973 1380 539 257%
c W  0.88 18 31 13 20 2755 1 61345 15515 1.6 29 18 8 20 61% 973 1380 539 257%
c -  0.90 18 30 13 21 2756 1 62683 13708 1.6 28 18 8 20 61% 973 1380 539 257%
c -  0.96 19 29 13 22 2759 1 67267 14080 1.6 28 17 7 19 61% 973 1380 539 257%
c -  1.02 19 29 13 23 2761 1 71957 14240 1.7 28 17 7 19 62% 973 1380 539 257%
c
c seconds   switched    rate         size/glue  tier1    binary      remaining
c        MB   reductions  conflicts        size   tier2    irredundant
c         level    restarts     redundant     glue    trail      variables
c
c ]  1.03 19 28 14 23 2761 1 73073 15113 1.7 28 17 7 19 62% 973 1380 539 257%
c {  1.03 19 20 14 23 2761 3 73073 15113 1.9 21 11 5 11 53% 973 1380 539 257%
c e  1.07 19 20 14 23 2882 3 75282 16991 1.9 21 11 5 11 53% 897 1541 480 229%
c s  1.07 19 20 14 23 2882 3 75282 16991 1.9 21 11 5 11 53% 897 1535 480 229%
c ^  1.07 19 20 14 23 2882 3 75282 16991 1.9 21 11 5 11 53% 897 1535 480 229%
c -  1.09 20 20 14 24 2939 3 76752 11910 1.9 21 11 5 11 53% 897 1535 480 229%
c -  1.14 20 19 14 25 3004 3 81650 13521 1.9 20 11 5 11 53% 897 1535 480 229%
c o  1.17 20 19 14 25 3028 3 84550 15858 1.9 20 11 5 11 54% 897 1535 480 229%
c u  1.20 22 18 14 25 3048 3 86193 17135 1.9 20 10 5 11 54% 897 1535 480 229%
c v  1.21 22 18 14 25 3048 3 86193 17087 1.9 20 10 5 11 54% 897 1535 480 229%
c w  1.21 22 18 14 25 3048 3 86193 17034 1.9 20 10 5 11 54% 897 1535 480 229%
c x  1.21 22 18 14 25 3048 3 86193 17034 1.9 20 10 5 11 54% 909 1517 480 229%
c t  1.26 22 18 14 25 3048 3 86193 17034 1.9 20 10 5 11 54% 893 1517 480 229%
c f  1.26 22 18 14 25 3048 3 86193 17034 1.9 20 10 5 11 54% 902 1464 488 232%
c u  1.27 24 18 14 25 3048 3 86193 16915 1.9 20 10 5 11 54% 902 1464 488 232%
c v  1.28 24 18 14 25 3048 3 86193 16848 1.9 20 10 5 11 54% 902 1464 488 232%
c w  1.28 24 18 14 25 3048 3 86193 16815 1.9 20 10 5 11 54% 902 1464 488 232%
c x  1.28 24 18 14 25 3048 3 86193 16815 1.9 20 10 5 11 54% 905 1457 488 232%
c t  1.28 24 18 14 25 3048 3 86193 16815 1.9 20 10 5 11 54% 902 1457 488 232%
c -  1.29 25 18 14 26 3151 3 86650 14777 1.9 20 11 5 11 54% 902 1457 488 232%
c
c seconds   switched    rate         size/glue  tier1    binary      remaining
c        MB   reductions  conflicts        size   tier2    irredundant
c         level    restarts     redundant     glue    trail      variables
c
c }  1.31 25 18 15 26 3212 3 87788 15679 1.9 20 11 5 11 55% 902 1457 488 232%
c [  1.31 25 28 15 26 3212 1 87788 15679 1.7 28 17 7 19 62% 902 1457 488 232%
c I  1.31 25 28 15 26 3212 1 87788 15679 1.7 28 17 7 19 62% 902 1457 488 232%
c -  1.35 25 28 15 27 3214 1 91750 16245 1.7 28 17 7 18 63% 903 1457 488 232%
c -  1.42 28 28 15 28 3218 1 96946 16358 1.7 28 17 7 18 64% 903 1457 488 232%
c ]  1.47 28 28 16 28 3219 1 100438 19079 1.7 28 17 7 18 64% 903 1457 488 232%
c {  1.47 28 18 16 28 3219 3 100438 19079 1.9 20 11 5 11 55% 903 1457 488 232%
c -  1.50 28 18 16 29 3463 3 102238 16573 1.9 20 11 5 11 55% 903 1457 488 232%
c -  1.58 28 18 16 30 3885 3 107623 18382 1.9 20 11 5 10 55% 903 1457 488 232%
c -  1.66 28 18 16 31 4218 3 113100 19384 1.9 20 10 5 10 55% 903 1457 488 232%
c u  1.73 28 18 16 31 4501 3 117254 22814 1.9 20 10 5 10 56% 903 1457 488 232%
c v  1.74 28 18 16 31 4501 3 117254 22639 1.9 20 10 5 10 56% 903 1457 488 232%
c w  1.75 28 18 16 31 4501 3 117254 22622 1.9 20 10 5 10 56% 903 1457 488 232%
c -  1.77 28 18 16 32 4567 3 118667 20267 1.9 19 10 5 10 56% 903 1457 488 232%
c }  1.77 28 18 17 32 4567 3 118775 20359 1.9 19 10 5 10 56% 903 1457 488 232%
c [  1.77 28 28 17 32 4567 1 118775 20359 1.7 28 17 7 18 64% 903 1457 488 232%
c B  1.77 28 28 17 32 4567 1 118775 20359 1.7 28 17 7 18 64% 903 1457 488 232%
c -  1.83 28 28 17 33 4571 1 124323 19676 1.6 28 17 6 19 63% 903 1457 488 232%
c -  1.89 28 28 17 34 4573 1 130067 18072 1.6 28 18 7 20 62% 903 1457 488 232%
c -  1.98 28 27 17 35 4577 1 135897 19042 1.6 28 18 7 19 62% 903 1457 488 232%
c
c seconds   switched    rate          size/glue  tier1    binary      remaining
c        MB   reductions  conflicts         size   tier2    irredundant
c         level    restarts      redundant     glue    trail      variables
c
c s  2.03 28 27 17 35 4579 1 139355 21982 1.6 28 18 7 19 62% 903 1456 488 232%
c e  2.04 28 27 17 35 4579 1 139355 21982 1.6 28 18 7 19 62% 832 1683 437 208%
c s  2.04 28 27 17 35 4579 1 139355 21982 1.6 28 18 7 19 62% 832 1653 437 208%
c e  2.04 28 27 17 35 4579 1 139355 21982 1.6 28 18 7 19 62% 834 1657 435 207%
c ^  2.04 28 27 17 35 4579 1 139355 21982 1.6 28 18 7 19 62% 834 1657 435 207%
c o  2.04 28 27 17 35 4579 1 139355 13635 1.6 28 18 7 19 62% 834 1657 435 207%
c W  2.04 28 28 17 35 4580 1 139687 13946 1.6 28 18 7 19 62% 834 1657 435 207%
c ]  2.04 28 28 18 35 4580 1 139858 14098 1.6 28 18 7 19 62% 834 1657 435 207%
c {  2.04 28 18 18 35 4580 3 139858 14098 1.9 19 10 5 10 56% 834 1657 435 207%
c -  2.08 29 19 18 36 5093 3 141813 13526 1.8 20 11 5 10 55% 834 1657 435 207%
c -  2.24 29 20 18 37 6646 3 147813 15231 1.7 20 12 5 11 54% 834 1657 435 207%
c u  2.43 29 21 18 37 8082 4 153553 19966 1.7 21 12 5 11 53% 834 1657 435 207%
c v  2.44 29 21 18 37 8082 4 153553 19786 1.7 21 12 5 11 53% 834 1657 435 207%
c w  2.45 33 21 18 37 8082 4 153553 19782 1.7 21 12 5 11 53% 834 1657 435 207%
c x  2.46 33 21 18 37 8082 4 153553 19779 1.7 21 12 5 11 53% 852 1619 435 207%
c t  2.46 33 21 18 37 8082 4 153553 19779 1.7 21 12 5 11 53% 832 1619 435 207%
c f  2.46 33 21 18 37 8082 4 153553 19779 1.7 21 12 5 11 53% 839 1583 438 209%
c u  2.48 33 21 18 37 8082 4 153553 19693 1.7 21 12 5 11 53% 839 1583 438 209%
c v  2.49 33 21 18 37 8082 4 153553 19661 1.7 21 12 5 11 53% 839 1583 438 209%
c w  2.50 35 21 18 37 8082 4 153553 19648 1.7 21 12 5 11 53% 839 1583 438 209%
c
c seconds   switched    rate          size/glue  tier1    binary      remaining
c        MB   reductions  conflicts         size   tier2    irredundant
c         level    restarts      redundant     glue    trail      variables
c
c x  2.51 35 21 18 37 8082 4 153553 19648 1.7 21 12 5 11 53% 843 1578 438 209%
c t  2.51 35 21 18 37 8082 4 153553 19648 1.7 21 12 5 11 53% 839 1578 438 209%
c -  2.53 36 21 18 38 8167 4 153896 16219 1.7 21 12 5 12 53% 839 1578 438 209%
c -  2.73 36 21 18 39 9603 4 160060 17659 1.6 21 13 5 12 53% 839 1578 438 209%
c }  2.78 36 22 19 39 10005 4 162204 19488 1.6 21 13 5 12 53% 839 1578 438 209%
c [  2.78 36 28 19 39 10005 1 162204 19488 1.6 28 18 7 19 62% 839 1578 438 209%
c O  2.80 36 27 19 39 10006 1 163913 20977 1.6 28 18 7 19 62% 839 1578 438 209%
c -  2.84 36 28 19 40 10007 1 166305 18761 1.6 28 18 7 19 62% 839 1578 438 209%
c -  2.96 36 28 19 41 10011 1 172631 18485 1.5 29 19 6 20 62% 839 1578 438 209%
c -  3.07 36 28 19 42 10015 1 179034 18152 1.5 29 19 6 20 62% 839 1578 438 209%
c -  3.18 36 28 19 43 10018 1 185516 18770 1.5 29 19 6 20 62% 839 1578 438 209%
c B  3.30 36 28 19 43 10019 1 191653 23913 1.5 29 19 6 20 62% 839 1578 438 209%
c o  3.30 36 28 19 43 10019 1 191653 23913 1.5 29 19 6 20 62% 839 1578 438 209%
c -  3.31 36 28 19 44 10019 1 192076 19502 1.5 29 19 6 19 62% 839 1578 438 209%
c u  3.39 38 28 19 44 10019 1 195028 21637 1.5 29 19 6 19 62% 839 1578 438 209%
c v  3.42 39 28 19 44 10019 1 195028 21546 1.5 29 19 6 19 62% 839 1578 438 209%
c w  3.43 39 28 19 44 10019 1 195028 21530 1.5 29 19 6 19 62% 839 1578 438 209%
c -  3.63 40 28 19 45 10022 1 198710 19667 1.5 29 19 6 20 62% 839 1578 438 209%
c ]  3.67 40 28 20 45 10024 1 201144 21631 1.5 29 19 6 20 62% 839 1578 438 209%
c {  3.67 40 22 20 45 10024 4 201144 21631 1.6 21 13 5 12 53% 839 1578 438 209%
c
c seconds   switched     rate          size/glue  tier1    binary      remaining
c        MB   reductions   conflicts         size   tier2    irredundant
c         level    restarts       redundant     glue    trail      variables
c
c -  3.75 40 21 20 46 10116 4 205418 20378 1.6 21 13 5 12 53% 839 1578 438 209%
c -  3.83 40 21 20 47 10197 3 212200 22294 1.7 21 13 5 12 54% 839 1578 438 209%
c -  3.91 40 20 20 48 10231 3 219056 23050 1.7 22 12 5 12 56% 839 1578 438 209%
c -  3.99 40 20 20 49 10349 3 225985 23922 1.8 22 12 5 12 57% 839 1578 438 209%
c }  4.01 40 20 21 49 10405 3 227883 25560 1.8 22 12 5 12 57% 839 1578 438 209%
c [  4.01 40 28 21 49 10405 1 227883 25560 1.5 29 19 6 20 62% 839 1578 438 209%
c W  4.02 40 28 21 49 10405 1 227883 25560 1.5 29 19 6 20 62% 839 1578 438 209%
c s  4.05 40 28 21 49 10407 1 230028 27372 1.5 29 19 6 20 62% 839 1577 438 209%
c e  4.05 40 28 21 49 10407 1 230028 27372 1.5 29 19 6 20 62% 712 2161 366 174%
c s  4.05 40 28 21 49 10407 1 230028 27372 1.5 29 19 6 20 62% 712 2101 366 174%
c e  4.05 40 28 21 49 10407 1 230028 27372 1.5 29 19 6 20 62% 706 2121 364 173%
c ^  4.05 40 28 21 49 10407 1 230028 27372 1.5 29 19 6 20 62% 706 2121 364 173%
c -  4.08 40 28 21 50 10408 1 232985 13226 1.5 29 19 6 19 62% 706 2121 364 173%
c -  4.16 40 27 21 51 10411 1 240057 16344 1.6 28 18 6 19 63% 706 2121 364 173%
c u  4.19 40 27 21 51 10413 1 241978 17441 1.6 28 18 6 19 63% 706 2121 364 173%
c v  4.21 40 27 21 51 10413 1 241978 15151 1.6 28 18 6 19 63% 706 2121 364 173%
c w  4.21 40 27 21 51 10413 1 241978 12660 1.6 28 18 6 19 63% 706 2121 364 173%
c x  4.22 40 27 21 51 10413 1 241978 12656 1.6 28 18 6 19 63% 734 2046 364 173%
c t  4.22 40 27 21 51 10413 1 241978 12656 1.6 28 18 6 19 63% 704 2046 364 173%
c f  4.22 40 27 21 51 10413 1 241978 12656 1.6 28 18 6 19 63% 721 1939 369 176%
c
c seconds   switched     rate          size/glue  tier1    binary      remaining
c        MB   reductions   conflicts         size   tier2    irredundant
c         level    restarts       redundant     glue    trail      variables
c
c u  4.24 40 27 21 51 10413 1 241978 12429 1.6 28 18 6 19 63% 721 1939 369 176%
c v  4.25 40 27 21 51 10413 1 241978 12159 1.6 28 18 6 19 63% 721 1939 369 176%
c w  4.26 40 27 21 51 10413 1 241978 12130 1.6 28 18 6 19 63% 721 1939 369 176%
c x  4.26 40 27 21 51 10413 1 241978 12130 1.6 28 18 6 19 63% 730 1925 369 176%
c t  4.27 40 27 21 51 10413 1 241978 12130 1.6 28 18 6 19 63% 721 1925 369 176%
c -  4.32 40 27 21 52 10417 1 247198 14620 1.6 28 18 6 19 64% 721 1925 369 176%
c ]  4.42 40 26 22 52 10419 1 254216 20424 1.6 28 17 6 19 64% 721 1925 369 176%
c {  4.42 40 20 22 52 10419 3 254216 20424 1.8 22 12 5 12 57% 721 1925 369 176%
c -  4.42 40 20 22 53 10419 3 254409 18675 1.8 22 12 5 12 57% 721 1925 369 176%
c -  4.53 40 19 22 54 10419 3 261690 21853 1.8 21 12 5 12 58% 722 1925 369 176%
c -  4.62 40 18 22 55 10419 3 269038 22785 1.8 20 11 5 11 59% 724 1925 369 176%
c -  4.72 40 17 22 56 10419 3 276455 23582 1.9 20 11 5 11 59% 725 1925 369 176%
c -  4.82 40 16 22 57 10419 2 283938 25693 1.9 19 10 5 11 61% 726 1925 369 176%
c }  4.85 40 16 23 57 10419 2 285732 27004 1.9 19 10 5 11 61% 727 1925 369 176%
c [  4.85 40 26 23 57 10419 1 285732 27004 1.6 28 17 6 19 64% 727 1925 369 176%
c I  4.85 40 26 23 57 10419 1 285732 27004 1.6 28 17 6 19 64% 727 1925 369 176%
c o  4.85 40 26 23 57 10419 1 285732 27004 1.6 28 17 6 19 64% 727 1925 369 176%
c -  4.91 40 26 23 58 10423 1 291487 27464 1.6 28 17 6 19 64% 728 1925 369 176%
c b  4.94 40 26 23 58 10424 1 293743 29452 1.6 28 17 6 19 64% 728 1925 368 175%
c u  4.96 40 26 23 58 10424 1 293743 24591 1.6 28 17 6 19 64% 737 1925 368 175%
c
c seconds   switched     rate          size/glue  tier1    binary      remaining
c        MB   reductions   conflicts         size   tier2    irredundant
c         level    restarts       redundant     glue    trail      variables
c
c v  4.98 40 26 23 58 10424 1 293743 20811 1.6 28 17 6 19 64% 736 1925 368 175%
c w  4.99 40 26 23 58 10424 1 293743 20633 1.6 28 17 6 19 64% 736 1925 368 175%
c t  4.99 40 26 23 58 10424 1 293743 20633 1.6 28 17 6 19 64% 725 1909 368 175%
c u  5.01 41 26 23 58 10424 1 293743 20313 1.6 28 17 6 19 64% 726 1909 368 175%
c v  5.02 41 26 23 58 10424 1 293743 20240 1.6 28 17 6 19 64% 726 1909 368 175%
c w  5.03 41 26 23 58 10424 1 293743 20226 1.6 28 17 6 19 64% 726 1909 368 175%
c x  5.04 41 26 23 58 10424 1 293743 20226 1.6 28 17 6 19 64% 732 1888 368 175%
c t  5.04 41 26 23 58 10424 1 293743 20226 1.6 28 17 6 19 64% 725 1888 368 175%
c -  5.11 41 26 23 59 10427 1 299104 22679 1.6 28 17 6 18 65% 714 1888 368 175%
c -  5.23 41 27 23 60 10432 1 306786 24898 1.6 28 17 6 19 65% 714 1888 368 175%
c -  5.35 41 26 23 61 10433 1 314531 24764 1.6 28 17 6 18 65% 714 1888 368 175%
c ]  5.39 41 26 24 61 10433 1 316732 26586 1.6 28 17 6 18 65% 714 1888 368 175%
c {  5.39 41 16 24 61 10433 2 316732 26586 1.9 19 10 5 11 61% 714 1888 368 175%
c -  5.48 41 16 24 62 10747 2 322342 26715 1.9 19 10 5 11 61% 714 1888 368 175%
c -  5.60 41 16 24 63 11099 2 330216 28569 1.9 19 10 5 10 61% 716 1888 368 175%
c -  5.71 41 16 24 64 11356 2 338156 30236 1.9 19 10 5 10 62% 717 1888 368 175%
c -  5.85 41 16 24 65 11586 2 346157 28614 1.9 19 10 4 10 62% 720 1888 368 175%
c s  5.87 41 16 24 65 11691 2 347501 29668 1.9 19 10 4 10 62% 720 1874 368 175%
c e  5.87 42 16 24 65 11691 2 347501 29668 1.9 19 10 4 10 62% 633 2502 321 153%
c s  5.87 42 16 24 65 11691 2 347501 29668 1.9 19 10 4 10 62% 633 2447 321 153%
c
c seconds   switched     rate          size/glue  tier1    binary      remaining
c        MB   reductions   conflicts         size   tier2    irredundant
c         level    restarts       redundant     glue    trail      variables
c
c e  5.87 42 16 24 65 11691 2 347501 29668 1.9 19 10 4 10 62% 642 2447 320 152%
c !  5.87 42 16 24 65 11691 2 347501 29668 1.9 19 10 4 10 62% 642 2447 320 152%
c u  5.92 42 16 24 65 11908 2 351239 16934 1.9 19 10 4 10 62% 642 2447 320 152%
c v  5.94 42 16 24 65 11908 2 351239 16125 1.9 19 10 4 10 62% 642 2447 320 152%
c w  5.95 42 16 24 65 11908 2 351239 15694 1.9 19 10 4 10 62% 642 2447 320 152%
c x  5.96 42 16 24 65 11908 2 351239 15692 1.9 19 10 4 10 62% 660 2388 320 152%
c t  5.96 42 16 24 65 11908 2 351239 15692 1.9 19 10 4 10 62% 643 2388 320 152%
c f  5.96 42 16 24 65 11908 2 351239 15692 1.9 19 10 4 10 62% 657 2218 328 156%
c u  5.98 43 16 24 65 11908 2 351239 15019 1.9 19 10 4 10 62% 657 2218 328 156%
c v  6.00 43 16 24 65 11908 2 351239 13527 1.9 19 10 4 10 62% 657 2218 328 156%
c w  6.01 43 16 24 65 11908 2 351239 13482 1.9 19 10 4 10 62% 657 2218 328 156%
c x  6.02 43 16 24 65 11908 2 351239 13482 1.9 19 10 4 10 62% 657 2215 328 156%
c }  6.17 45 16 25 65 12049 2 353410 15416 1.9 19 10 4 10 62% 657 2215 328 156%
c [  6.17 45 26 25 65 12049 1 353410 15416 1.6 28 17 6 18 65% 657 2215 328 156%
c B  6.17 45 26 25 65 12049 1 353410 15416 1.6 28 17 6 18 65% 657 2215 328 156%
c -  6.17 45 27 25 66 12049 1 354221 13562 1.6 28 17 6 19 65% 657 2215 328 156%
c -  6.26 45 27 25 67 12055 1 362348 17813 1.6 28 17 6 19 66% 657 2215 328 156%
c -  6.38 45 27 25 68 12059 1 370534 18321 1.6 29 17 6 18 67% 657 2215 328 156%
c -  6.49 45 27 25 69 12063 1 378780 19210 1.6 29 17 6 19 68% 657 2215 328 156%
c -  6.59 45 27 25 70 12064 1 387089 20235 1.6 29 18 6 19 69% 657 2215 328 156%
c
c seconds   switched     rate          size/glue  tier1    binary      remaining
c        MB   reductions   conflicts         size   tier2    irredundant
c         level    restarts       redundant     glue    trail      variables
c
c -  6.71 45 27 25 71 12070 1 395455 20698 1.6 29 18 6 18 69% 657 2215 328 156%
c ]  6.72 45 27 26 71 12070 1 396223 21288 1.6 29 18 6 18 69% 657 2215 328 156%
c {  6.72 45 16 26 71 12070 2 396223 21288 1.9 19 10 4 10 62% 657 2215 328 156%
c o  6.72 45 16 26 71 12073 2 396253 21314 1.9 19 10 4 10 62% 657 2215 328 156%
c -  6.81 45 16 26 72 12425 2 403881 22822 1.9 19 10 4 10 63% 657 2215 328 156%
c -  6.92 46 16 26 73 12807 2 412366 24676 1.9 19 10 4 10 63% 658 2215 328 156%
c u  6.96 46 16 26 73 12883 2 413496 25232 1.9 19 10 4 10 63% 658 2215 328 156%
c v  6.98 46 16 26 73 12883 2 413496 25039 1.9 19 10 4 10 63% 658 2215 328 156%
c w  6.99 46 16 26 73 12883 2 413496 24936 1.9 19 10 4 10 63% 658 2215 328 156%
c -  7.09 46 16 26 74 13257 2 420910 25268 1.9 19 10 4 10 64% 659 2215 328 156%
c -  7.21 46 16 26 75 13753 2 429512 25940 1.9 19 10 4 10 64% 659 2215 328 156%
c -  7.33 46 16 26 76 13926 2 438172 26770 1.9 19 10 4 10 64% 663 2215 328 156%
c }  7.33 46 16 27 76 13932 2 438441 26994 1.9 19 10 4 10 64% 663 2215 328 156%
c [  7.33 46 27 27 76 13932 1 438441 26994 1.6 29 18 6 18 69% 663 2215 328 156%
c W  7.33 46 27 27 76 13932 1 438441 26994 1.6 29 18 6 18 69% 663 2215 328 156%
c -  7.43 49 27 27 77 13938 1 446889 26721 1.6 28 17 6 18 69% 663 2215 328 156%
c -  7.52 49 27 27 78 13942 1 455664 27196 1.7 29 17 6 18 70% 663 2215 328 156%
c -  7.62 50 27 27 79 13946 1 464495 26381 1.7 29 17 6 19 70% 663 2215 328 156%
c -  7.75 50 27 27 80 13949 1 473385 27019 1.7 29 17 6 18 72% 663 2215 328 156%
c ]  7.88 50 27 28 80 13953 1 481264 33826 1.8 30 17 6 18 72% 663 2215 328 156%
c
c seconds   switched     rate          size/glue  tier1    binary      remaining
c        MB   reductions   conflicts         size   tier2    irredundant
c         level    restarts       redundant     glue    trail      variables
c
c {  7.88 50 16 28 80 13953 2 481264 33826 1.9 19 10 4 10 64% 663 2215 328 156%
c o  7.88 50 16 28 80 13963 2 481326 33880 1.9 19 10 4 10 64% 663 2215 328 156%
c u  7.90 50 16 28 80 13995 2 481492 33920 1.9 19 10 4 10 64% 663 2215 328 156%
c v  7.92 50 16 28 80 13995 2 481492 33856 1.9 19 10 4 10 64% 663 2215 328 156%
c w  7.94 52 16 28 80 13995 2 481492 33834 1.9 19 10 4 10 64% 663 2215 328 156%
c x  7.95 52 16 28 80 13995 2 481492 33834 1.9 19 10 4 10 64% 665 2202 328 156%
c t  7.95 52 16 28 80 13995 2 481492 33834 1.9 19 10 4 10 64% 661 2202 328 156%
c -  7.96 52 16 28 81 14008 2 482329 28997 1.9 19 10 4 10 64% 661 2202 328 156%
c -  8.08 52 16 28 82 14286 2 491329 29608 1.9 18 10 4 10 64% 663 2202 328 156%
c s  8.11 52 16 28 82 14383 2 493729 31466 1.9 18 10 4 10 64% 664 2201 328 156%
c e  8.11 52 16 28 82 14383 2 493729 31466 1.9 18 10 4 10 64% 654 2326 320 152%
c s  8.11 52 16 28 82 14383 2 493729 31466 1.9 18 10 4 10 64% 654 2311 320 152%
c -  8.20 52 16 28 83 14824 2 500387 26863 1.9 18 10 4 10 64% 654 2311 320 152%
c -  8.32 52 16 28 84 15147 2 509497 29406 1.9 18 10 4 10 65% 655 2311 320 152%
c i  8.36 52 16 28 84 15168 2 512634 31738 1.9 18 10 4 10 65% 665 2311 319 152%
c -  8.44 52 16 28 85 15585 2 518663 21490 1.9 18 10 4 10 65% 631 2311 319 152%
c -  8.57 52 16 28 86 16342 2 527883 25866 1.9 18 10 4 10 65% 631 2311 319 152%
c }  8.59 52 16 29 86 16458 2 529403 27103 1.9 18 10 4 10 65% 631 2311 319 152%
c [  8.59 52 27 29 86 16458 1 529403 27103 1.8 30 17 6 18 72% 631 2311 319 152%
c O  8.59 52 27 29 86 16458 1 529403 27103 1.8 30 17 6 18 72% 631 2311 319 152%
c
c seconds   switched     rate          size/glue  tier1    binary      remaining
c        MB   reductions   conflicts         size   tier2    irredundant
c         level    restarts       redundant     glue    trail      variables
c
c -  8.70 52 27 29 87 16463 1 537156 27385 1.7 30 17 6 18 72% 631 2311 319 152%
c -  8.82 52 28 29 88 16468 1 546485 25258 1.7 30 18 6 19 73% 631 2311 319 152%
c u  8.96 52 29 29 88 16472 1 555382 32213 1.7 31 18 6 19 73% 631 2301 319 152%
c v  8.98 52 29 29 88 16472 1 555382 32125 1.7 31 18 6 19 73% 631 2301 319 152%
c w  9.00 52 29 29 88 16472 1 555382 31535 1.7 31 18 6 19 73% 631 2301 319 152%
c x  9.01 52 29 29 88 16472 1 555382 31534 1.7 31 18 6 19 73% 631 2297 319 152%
c f  9.01 52 29 29 88 16472 1 555382 31534 1.7 31 18 6 19 73% 639 2192 324 154%
c u  9.04 55 29 29 88 16472 1 555382 31388 1.7 31 18 6 19 73% 639 2192 324 154%
c v  9.07 56 29 29 88 16472 1 555382 31271 1.7 31 18 6 19 73% 639 2192 324 154%
c w  9.08 57 29 29 88 16472 1 555382 31146 1.7 31 18 6 19 73% 639 2192 324 154%
c -  9.10 59 29 29 89 16472 1 555866 23392 1.7 31 18 6 19 73% 639 2192 324 154%
c -  9.24 59 28 29 90 16475 1 565301 25772 1.7 32 18 6 19 73% 639 2192 324 154%
c -  9.40 64 29 29 91 16480 1 574788 27140 1.8 33 18 6 19 74% 639 2192 324 154%
c ]  9.40 64 29 30 91 16480 1 574827 27172 1.8 33 18 6 19 74% 639 2192 324 154%
c {  9.40 64 16 30 91 16480 2 574827 27172 1.9 18 10 4 10 65% 639 2192 324 154%
c o  9.40 64 16 30 91 16488 2 574867 27210 1.9 18 10 4 10 65% 639 2192 324 154%
c -  9.56 64 16 30 92 17164 2 584328 29655 1.9 18 10 4 10 65% 639 2192 324 154%
c -  9.72 64 16 30 93 17874 2 593920 32092 1.9 18 10 4 10 66% 639 2192 324 154%
c -  9.90 64 16 30 94 18607 2 603563 33602 1.9 19 10 4 10 66% 639 2192 324 154%
c - 10.06 64 16 30 95 19280 2 613258 34460 1.9 19 10 4 10 66% 639 2192 324 154%
c
c seconds   switched     rate          size/glue  tier1    binary      remaining
c        MB   reductions   conflicts         size   tier2    irredundant
c         level    restarts       redundant     glue    trail      variables
c
c - 10.22 64 16 30 96 19695 2 623004 34717 1.9 18 10 4 10 66% 640 2192 324 154%
c } 10.32 64 16 31 96 19945 2 629261 40014 1.9 18 10 4 10 67% 640 2192 324 154%
c [ 10.32 64 29 31 96 19945 1 629261 40014 1.8 33 18 6 19 74% 640 2192 324 154%
c B 10.32 64 29 31 96 19945 1 629261 40014 1.8 33 18 6 19 74% 640 2192 324 154%
c - 10.37 64 29 31 97 19947 1 632802 34698 1.8 32 18 6 19 74% 640 2192 324 154%
c u 10.43 64 29 31 97 19949 1 635348 36570 1.8 32 18 6 19 74% 640 2192 324 154%
c v 10.47 64 29 31 97 19949 1 635348 36440 1.8 32 18 6 19 74% 640 2192 324 154%
c w 10.48 64 29 31 97 19949 1 635348 36373 1.8 32 18 6 19 74% 640 2192 324 154%
c x 10.49 64 29 31 97 19949 1 635348 36372 1.8 32 18 6 19 74% 640 2186 324 154%
c - 10.63 64 28 31 98 19953 1 642652 34575 1.8 32 18 6 19 74% 640 2186 324 154%
c - 10.83 64 27 31 99 19958 1 652551 34866 1.8 31 18 6 18 74% 640 2186 324 154%
c - 11.02 64 27 31 100 19960 1 662500 36205 1.8 31 17 6 18 74% 640 2186 324 154%
c - 11.21 64 27 31 101 19966 1 672500 35511 1.8 30 17 6 18 74% 640 2186 324 154%
c s 11.23 64 27 31 101 19966 1 673786 36671 1.8 30 17 6 18 73% 640 2185 324 154%
c e 11.23 64 27 31 101 19966 1 673786 36671 1.8 30 17 6 18 73% 639 2200 323 154%
c ] 11.28 64 27 32 101 19968 1 676194 34957 1.8 30 17 6 18 73% 639 2200 323 154%
c { 11.28 64 16 32 101 19968 2 676194 34957 1.9 18 10 4 10 67% 639 2200 323 154%
c o 11.28 64 16 32 101 19979 2 676256 35011 1.9 18 10 4 10 67% 639 2200 323 154%
c - 11.38 64 16 32 102 20328 2 682549 32610 1.9 18 10 4 10 66% 642 2200 323 154%
c i 11.41 64 16 32 102 20342 2 684443 33999 1.9 18 10 4 10 66% 645 2200 322 153%
c
c seconds   switched      rate          size/glue  tier1    binary      remaining
c        MB   reductions    conflicts         size   tier2    irredundant
c         level     restarts       redundant     glue    trail      variables
c
c - 11.54 64 16 32 103 20650 2 692649 30125 1.9 18 10 4 10 66% 623 2200 322 153%
c - 11.71 64 16 32 104 21290 2 702797 33048 1.9 18 10 4 10 67% 624 2200 322 153%
c - 11.88 64 16 32 105 21791 2 712995 35797 1.9 18 10 4 9 67% 624 2200 322 153%
c u 12.08 64 16 32 105 22423 2 721385 42260 1.9 18 10 4 9 67% 626 2185 322 153%
c v 12.13 64 16 32 105 22423 2 721385 42032 1.9 18 10 4 9 67% 626 2185 322 153%
c w 12.15 64 16 32 105 22423 2 721385 42002 1.9 18 10 4 9 67% 626 2185 322 153%
c f 12.15 64 16 32 105 22423 2 721385 42002 1.9 18 10 4 9 67% 627 2161 323 154%
c u 12.20 67 16 32 105 22423 2 721385 41456 1.9 18 10 4 9 67% 627 2161 323 154%
c v 12.25 68 16 32 105 22423 2 721385 41325 1.9 18 10 4 9 67% 627 2161 323 154%
c w 12.27 68 16 32 105 22423 2 721385 41304 1.9 18 10 4 9 67% 627 2161 323 154%
c - 12.39 69 16 32 106 22586 2 723241 36204 1.9 19 10 4 9 67% 627 2161 323 154%
c - 12.56 69 16 32 107 23284 2 733537 37176 1.9 18 10 4 9 67% 629 2161 323 154%
c } 12.63 69 16 33 107 23502 2 737299 40264 1.9 18 10 4 9 67% 629 2161 323 154%
c [ 12.63 69 27 33 107 23502 1 737299 40264 1.8 30 17 6 18 73% 629 2161 323 154%
c W 12.63 70 27 33 107 23502 1 737299 40264 1.8 30 17 6 18 73% 629 2161 323 154%
c - 12.74 71 26 33 108 23507 1 743881 37722 1.8 30 17 6 18 73% 629 2161 323 154%
c - 12.91 71 26 33 109 23512 1 754274 37940 1.8 30 17 6 18 73% 629 2161 323 154%
c - 13.14 71 26 33 110 23516 1 764716 37661 1.8 29 17 6 18 73% 629 2161 323 154%
c - 13.39 71 25 33 111 23520 1 775205 38337 1.8 29 17 6 18 73% 629 2161 323 154%
c - 13.60 71 25 33 112 23526 1 785743 39336 1.8 29 16 6 18 73% 629 2161 323 154%
c
c seconds   switched      rate          size/glue  tier1    binary      remaining
c        MB   reductions    conflicts         size   tier2    irredundant
c         level     restarts       redundant     glue    trail      variables
c
c ] 13.63 71 25 34 112 23527 1 787125 40376 1.7 29 16 6 18 73% 629 2161 323 154%
c { 13.63 71 16 34 112 23527 2 787125 40376 1.9 18 10 4 9 67% 629 2161 323 154%
c o 13.66 71 16 34 112 23765 2 788364 41304 1.9 19 10 4 9 67% 629 2161 323 154%
c - 13.98 72 17 34 113 25380 2 796326 39007 1.8 19 10 4 10 66% 629 2161 323 154%
c - 14.42 72 18 34 114 27422 3 806956 37933 1.8 20 11 4 10 65% 629 2161 323 154%
c u 14.72 72 19 34 114 28444 3 813751 43256 1.8 20 11 4 10 65% 629 2161 323 154%
c v 14.77 73 19 34 114 28444 3 813751 42293 1.8 20 11 4 10 65% 629 2161 323 154%
c w 14.80 74 19 34 114 28444 3 813751 42092 1.8 20 11 4 10 65% 629 2161 323 154%
c x 14.82 74 19 34 114 28444 3 813751 42089 1.8 20 11 4 10 65% 631 2149 323 154%
c t 14.83 74 19 34 114 28444 3 813751 42089 1.8 20 11 4 10 65% 630 2149 323 154%
c - 14.98 74 19 34 115 28954 3 817635 38791 1.8 20 11 4 10 65% 630 2149 323 154%
c - 15.44 74 20 34 116 30691 3 828358 41050 1.8 21 12 4 10 64% 630 2149 323 154%
c - 15.92 75 20 34 117 32412 3 839129 42292 1.8 22 12 4 10 64% 630 2149 323 154%
c - 16.16 75 20 34 118 32918 3 849945 44031 1.8 22 12 4 10 65% 631 2149 323 154%
c i 16.19 75 20 34 118 32920 3 851643 45345 1.8 22 12 4 10 65% 636 2149 321 153%
c } 16.35 75 20 35 118 33536 3 855271 48515 1.8 22 12 4 10 65% 636 2149 321 153%
c [ 16.35 75 25 35 118 33536 1 855271 48515 1.7 29 16 6 18 73% 636 2149 321 153%
c I 16.35 75 25 35 118 33536 1 855271 48515 1.7 29 16 6 18 73% 636 2149 321 153%
c - 16.44 75 25 35 119 33540 1 860808 36158 1.8 29 16 6 18 73% 624 2149 321 153%
c - 16.66 75 25 35 120 33546 1 871717 39576 1.8 29 16 6 18 73% 625 2149 321 153%
c
c seconds   switched      rate          size/glue  tier1    binary      remaining
c        MB   reductions    conflicts         size   tier2    irredundant
c         level     restarts       redundant     glue    trail      variables
c
c - 16.84 75 25 35 121 33550 1 882672 41603 1.8 29 16 6 18 73% 625 2149 321 153%
c s 16.97 75 25 35 121 33553 1 890263 48362 1.8 30 16 6 18 74% 625 2128 321 153%
c e 16.97 75 25 35 121 33553 1 890263 48362 1.8 30 16 6 18 74% 612 2179 317 151%
c - 17.04 76 25 35 122 33555 1 893673 39942 1.8 30 16 6 18 74% 612 2179 317 151%
c - 17.20 76 25 35 123 33561 1 904720 40011 1.9 30 16 6 17 75% 612 2179 317 151%
c u 17.40 76 25 35 123 33564 1 912372 45654 1.9 31 16 6 17 75% 612 2179 317 151%
c v 17.48 76 25 35 123 33564 1 912372 45024 1.9 31 16 6 17 75% 612 2179 317 151%
c w 17.52 76 25 35 123 33564 1 912372 44512 1.9 31 16 6 17 75% 612 2179 317 151%
c f 17.52 76 25 35 123 33564 1 912372 44512 1.9 31 16 6 17 75% 616 2152 318 151%
c u 17.59 77 25 35 123 33564 1 912372 43780 1.9 31 16 6 17 75% 616 2152 318 151%
c v 17.66 77 25 35 123 33564 1 912372 43297 1.9 31 16 6 17 75% 616 2152 318 151%
c w 17.70 77 25 35 123 33564 1 912372 42930 1.9 31 16 6 17 75% 616 2152 318 151%
c o 17.70 77 25 35 123 33564 1 912372 42930 1.9 31 16 6 17 75% 616 2152 318 151%
c - 17.77 80 25 35 124 33565 1 915811 36863 1.9 31 16 6 17 75% 616 2152 318 151%
c B 17.87 80 26 35 124 33566 1 922956 43085 1.9 31 16 6 17 75% 616 2152 318 151%
c - 17.94 80 26 35 125 33566 1 926947 36125 1.9 32 17 6 18 76% 616 2152 318 151%
c - 18.15 80 27 35 126 33567 1 938127 34144 1.8 32 17 6 18 76% 616 2152 318 151%
c - 18.36 80 28 35 127 33573 1 949351 34789 1.8 33 18 6 18 76% 616 2152 318 151%
c - 18.57 80 27 35 128 33580 1 960622 37487 1.8 32 17 5 18 76% 616 2152 318 151%
c - 18.80 80 27 35 129 33583 1 971935 38232 1.8 32 18 5 18 76% 616 2152 318 151%
c
c seconds   switched      rate          size/glue  tier1    binary      remaining
c        MB   reductions    conflicts         size   tier2    irredundant
c         level     restarts       redundant     glue    trail      variables
c
c - 19.04 80 27 35 130 33589 1 983294 36880 1.8 32 18 5 18 76% 616 2152 318 151%
c - 19.33 80 27 35 131 33595 1 994697 39561 1.8 32 18 5 18 75% 616 2152 318 151%
c W 19.36 80 27 35 131 33596 1 995931 40615 1.8 32 18 5 18 75% 616 2152 318 151%
c - 19.55 80 27 35 132 33597 1 1006142 40221 1.8 32 18 5 18 75% 616 2152 318 151%
c ] 19.65 80 27 36 132 33597 1 1011626 45071 1.8 32 18 5 18 75% 616 2152 318 151%
c { 19.65 80 20 36 132 33597 3 1011626 45071 1.8 22 12 4 10 65% 616 2152 318 151%
c u 19.83 80 20 36 132 33643 3 1017341 48998 1.8 22 12 4 10 66% 616 2152 318 151%
c v 19.90 80 20 36 132 33643 3 1017341 48622 1.8 22 12 4 10 66% 616 2152 318 151%
c w 19.93 80 20 36 132 33643 3 1017341 48469 1.8 22 12 4 10 66% 616 2152 318 151%
c - 19.94 80 20 36 133 33644 3 1017631 38488 1.8 22 12 4 10 66% 616 2152 318 151%
c - 20.17 80 20 36 134 33944 3 1029166 42154 1.8 22 12 4 10 67% 617 2152 318 151%
c - 20.37 80 19 36 135 34102 3 1040743 44133 1.8 22 12 4 10 67% 618 2152 318 151%
c o 20.45 80 19 36 135 34181 3 1045764 48126 1.8 22 12 4 10 67% 619 2152 318 151%
c - 20.57 81 19 36 136 34242 3 1052361 44881 1.9 22 12 4 10 67% 619 2152 318 151%
c - 20.80 81 19 36 137 34546 2 1064022 45244 1.9 22 11 4 10 68% 620 2152 318 151%
c - 21.03 81 18 36 138 34715 2 1075726 46529 1.9 21 11 4 10 68% 620 2152 318 151%
c } 21.24 81 18 37 138 35046 2 1087183 56237 1.9 21 11 4 10 69% 624 2152 318 151%
c [ 21.24 81 27 37 138 35046 1 1087183 56237 1.8 32 18 5 18 75% 624 2152 318 151%
c O 21.24 81 27 37 138 35046 1 1087183 56237 1.8 32 18 5 18 75% 624 2152 318 151%
c - 21.25 81 27 37 139 35046 1 1087475 47359 1.8 32 18 5 18 75% 624 2152 318 151%
c
c seconds   switched      rate           size/glue  tier1    binary      remaining
c        MB   reductions     conflicts         size   tier2    irredundant
c         level     restarts        redundant     glue    trail      variables
c
c - 21.48 81 28 37 140 35052 1 1099266 44834 1.8 33 18 5 18 75% 624 2152 318 151%
c - 21.75 81 28 37 141 35059 1 1111100 41431 1.8 33 18 5 18 76% 624 2152 318 151%
c - 22.04 81 29 37 142 35063 1 1122978 41873 1.8 34 19 5 18 76% 624 2152 318 151%
c u 22.22 81 29 37 142 35067 1 1128664 46734 1.8 34 19 5 18 76% 624 2152 318 151%
c v 22.27 81 29 37 142 35067 1 1128664 46596 1.8 34 19 5 18 76% 624 2152 318 151%
c w 22.29 81 29 37 142 35067 1 1128664 46528 1.8 34 19 5 18 76% 624 2152 318 151%
c x 22.32 81 29 37 142 35067 1 1128664 46528 1.8 34 19 5 18 76% 625 2146 318 151%
c - 22.46 81 28 37 143 35070 1 1134896 43255 1.8 33 18 5 18 76% 625 2146 318 151%
c s 22.67 81 28 37 143 35074 1 1144432 50994 1.8 33 18 5 18 76% 626 2144 318 151%
c - 22.74 81 27 37 144 35075 1 1146855 45559 1.8 33 18 5 18 76% 626 2144 318 151%
c ] 22.75 81 27 38 144 35075 1 1147343 45976 1.8 33 18 5 18 76% 626 2144 318 151%
c { 22.75 81 18 38 144 35075 2 1147343 45976 1.9 21 11 4 10 69% 626 2144 318 151%
c - 22.99 81 17 38 145 35089 2 1158855 49328 2.0 22 11 4 10 70% 626 2144 318 151%
c - 23.26 81 16 38 146 35090 2 1170897 52794 2.2 23 10 4 10 71% 626 2144 318 151%
c - 23.54 81 16 38 147 35090 2 1182981 54435 2.3 23 10 4 10 71% 627 2144 318 151%
c - 23.82 81 15 38 148 35093 2 1195105 54703 2.3 23 10 4 10 72% 628 2144 318 151%
c o 23.84 81 15 38 148 35101 2 1196004 55511 2.3 23 10 4 10 72% 628 2144 318 151%
c - 24.11 81 14 38 149 35116 2 1207270 56419 2.4 23 9 4 10 72% 629 2144 318 151%
c - 24.40 81 14 38 150 35144 2 1219476 58405 2.5 23 9 4 10 72% 629 2144 318 151%
c } 24.66 82 14 39 150 35176 2 1230677 68133 2.5 23 9 4 10 73% 629 2144 318 151%
c
c seconds   switched      rate           size/glue  tier1    binary      remaining
c        MB   reductions     conflicts         size   tier2    irredundant
c         level     restarts        redundant     glue    trail      variables
c
c [ 24.66 82 27 39 150 35176 1 1230677 68133 1.8 33 18 5 18 76% 629 2144 318 151%
c B 24.66 82 27 39 150 35176 1 1230677 68133 1.8 33 18 5 18 76% 629 2144 318 151%
c - 24.70 82 27 39 151 35177 1 1231724 58722 1.8 33 18 5 18 76% 629 2144 318 151%
c - 24.99 82 28 39 152 35183 1 1244012 56230 1.8 33 18 5 18 76% 629 2144 318 151%
c u 25.13 88 28 39 152 35185 1 1246392 57889 1.8 33 18 5 18 76% 639 2144 318 151%
c v 25.22 88 28 39 152 35185 1 1246392 57814 1.8 33 18 5 18 76% 632 2144 318 151%
c w 25.25 88 28 39 152 35185 1 1246392 57785 1.8 33 18 5 18 76% 632 2144 318 151%
c t 25.25 88 28 39 152 35185 1 1246392 57785 1.8 33 18 5 18 76% 629 2144 318 151%
c - 25.48 88 28 39 153 35190 1 1256340 53464 1.8 33 18 5 18 76% 629 2144 318 151%
c - 25.77 88 27 39 154 35195 1 1268709 56565 1.8 32 17 5 18 76% 630 2144 318 151%
c - 26.08 88 27 39 155 35202 1 1281119 57507 1.8 32 17 5 18 76% 630 2144 318 151%
c - 26.38 88 26 39 156 35205 1 1293568 56710 1.8 31 17 5 18 76% 630 2144 318 151%
c - 26.71 88 26 39 157 35206 1 1306059 58502 1.8 31 17 5 18 77% 630 2144 318 151%
c ] 26.73 88 26 40 157 35206 1 1306740 59086 1.8 31 17 5 18 77% 630 2144 318 151%
c { 26.73 88 14 40 157 35206 2 1306740 59086 2.5 23 9 4 10 73% 630 2144 318 151%
c - 27.10 88 14 40 158 36720 2 1318589 60006 2.4 23 9 4 10 72% 630 2144 318 151%
c - 27.47 88 14 40 159 37943 2 1331158 60695 2.3 22 9 4 9 72% 631 2144 318 151%
c i 27.62 88 15 40 159 38404 2 1337198 65591 2.3 22 10 4 9 72% 637 2144 317 151%
c - 27.80 88 15 40 160 39023 2 1343771 59867 2.3 22 10 4 9 72% 617 2144 317 151%
c o 27.87 88 15 40 160 39236 2 1346177 61908 2.3 22 10 4 9 72% 617 2144 317 151%
c
c seconds   switched      rate           size/glue  tier1   binary      remaining
c        MB   reductions     conflicts         size   tier2   irredundant
c         level     restarts        redundant     glue   trail      variables
c
c - 28.18 88 15 40 161 40350 2 1356423 61377 2.2 22 10 4 9 72% 617 2144 317 151%
c - 28.56 88 15 40 162 41370 2 1369111 63049 2.2 22 10 4 9 72% 620 2144 317 151%
c u 28.72 89 15 40 162 41523 2 1370602 64117 2.2 22 10 4 9 72% 620 2112 317 151%
c v 28.82 89 15 40 162 41523 2 1370602 63829 2.2 22 10 4 9 72% 620 2112 317 151%
c w 28.86 89 15 40 162 41523 2 1370602 63816 2.2 22 10 4 9 72% 620 2112 317 151%
c - 29.19 89 15 40 163 42455 2 1381838 63260 2.1 21 10 4 9 71% 622 2112 317 151%
c - 29.54 89 16 40 164 43381 2 1394608 64271 2.1 21 10 4 9 71% 622 2112 317 151%
c } 29.63 89 16 41 164 43516 2 1398212 67015 2.1 21 10 4 9 71% 622 2112 317 151%
c [ 29.63 89 26 41 164 43516 1 1398212 67015 1.8 31 17 5 18 77% 622 2112 317 151%
c W 29.65 89 26 41 164 43516 1 1398212 67015 1.8 31 17 5 18 77% 622 2112 317 151%
c - 29.85 89 26 41 165 43522 1 1407414 62564 1.8 31 17 5 18 77% 622 2112 317 151%
c - 30.16 89 26 41 166 43529 1 1420259 59894 1.8 30 17 5 17 77% 622 2112 317 151%
c - 30.47 89 26 41 167 43533 1 1433143 60892 1.8 30 17 5 17 77% 622 2112 317 151%
c s 30.60 89 25 41 167 43536 1 1437905 64811 1.8 30 17 5 17 77% 622 2106 317 151%
c e 30.60 89 25 41 167 43536 1 1437905 64811 1.8 30 17 5 17 77% 618 2124 316 150%
c i 30.72 89 25 41 167 43537 1 1441955 67709 1.8 29 16 5 17 76% 621 2124 315 150%
c - 30.82 89 25 41 168 43540 1 1446066 44536 1.8 29 16 5 17 76% 606 2124 315 150%
c - 31.11 89 25 41 169 43545 1 1459028 50287 1.8 30 16 5 17 77% 607 2124 315 150%
c - 31.48 89 25 41 170 43546 1 1472029 54341 1.9 30 16 5 17 77% 607 2124 315 150%
c - 31.82 89 25 41 171 43550 1 1485071 57429 1.9 30 16 5 17 77% 607 2124 315 150%
c
c seconds   switched      rate           size/glue  tier1    binary      remaining
c        MB   reductions     conflicts         size   tier2    irredundant
c         level     restarts        redundant     glue    trail      variables
c
c I 32.08 89 25 41 171 43555 1 1493927 65089 1.9 30 16 5 17 76% 607 2124 315 150%
c - 32.18 89 24 41 172 43558 1 1498148 59947 1.9 30 16 5 17 77% 607 2124 315 150%
c ] 32.20 89 24 42 172 43558 1 1498729 60447 1.9 30 16 5 17 77% 607 2124 315 150%
c { 32.20 89 16 42 172 43558 2 1498729 60447 2.1 21 10 4 9 71% 607 2124 315 150%
c u 32.39 95 15 42 172 43688 2 1501709 61657 2.1 21 10 4 9 71% 614 2106 315 150%
c v 32.49 95 15 42 172 43688 2 1501709 60011 2.1 21 10 4 9 71% 614 2106 315 150%
c w 32.54 95 15 42 172 43688 2 1501709 58629 2.1 21 10 4 9 71% 614 2106 315 150%
c t 33.12 120 15 42 172 43688 2 1501709 58629 2.1 21 10 4 9 71% 606 2106 315 150%
c f 33.12 120 15 42 172 43688 2 1501709 58629 2.1 21 10 4 9 71% 606 2088 316 150%
c u 33.23 125 15 42 172 43688 2 1501709 57870 2.1 21 10 4 9 71% 610 2088 316 150%
c v 33.34 125 15 42 172 43688 2 1501709 57531 2.1 21 10 4 9 71% 610 2088 316 150%
c w 33.39 125 15 42 172 43688 2 1501709 57250 2.1 21 10 4 9 71% 610 2088 316 150%
c t 33.39 125 15 42 172 43688 2 1501709 57250 2.1 21 10 4 9 71% 605 2088 316 150%
c o 33.54 125 16 42 172 44094 2 1506971 61766 2.1 21 10 4 9 71% 605 2088 316 150%
c - 33.67 126 16 42 173 44494 2 1511264 58180 2.1 21 10 4 9 71% 605 2088 316 150%
c - 34.03 126 16 42 174 45206 2 1524418 54312 2.1 21 10 3 9 71% 606 2088 316 150%
c - 34.38 126 16 42 175 46060 2 1537610 53584 2.1 21 10 3 9 72% 607 2088 316 150%
c - 34.72 126 16 42 176 46606 2 1550838 53099 2.1 21 10 3 9 72% 609 2088 316 150%
c - 35.01 126 16 42 177 47037 2 1564109 53138 2.1 21 10 3 9 72% 610 2088 316 150%
c i 35.34 126 15 42 177 47676 2 1577258 63684 2.0 20 10 3 9 72% 619 2087 315 150%
c
c seconds    switched      rate           size/glue  tier1   binary      remaining
c         MB   reductions     conflicts         size   tier2   irredundant
c          level     restarts        redundant     glue   trail      variables
c
c - 35.35 126 15 42 178 47704 2 1577413 50718 2.0 20 10 3 9 72% 606 2087 315 150%
c - 35.65 126 15 42 179 48287 2 1590755 50039 2.0 20 10 3 9 72% 608 2087 315 150%
c } 35.83 126 15 43 179 48499 2 1598703 55947 2.0 20 10 3 9 73% 611 2087 315 150%
c [ 35.83 126 24 43 179 48499 1 1598703 55947 1.9 30 16 5 17 77% 611 2087 315 150%
c B 35.83 126 24 43 179 48499 1 1598703 55947 1.9 30 16 5 17 77% 611 2087 315 150%
c - 35.94 126 25 43 180 48503 1 1604137 49989 1.9 30 16 5 17 77% 611 2087 315 150%
c - 36.24 126 26 43 181 48511 1 1617554 46366 1.8 31 17 5 17 76% 611 2087 315 150%
c - 36.58 126 26 43 182 48513 1 1631007 43955 1.8 30 17 5 17 76% 611 2087 315 150%
c u 36.83 126 26 43 182 48520 1 1639774 49998 1.8 30 17 5 17 76% 615 2082 315 150%
c v 36.89 126 26 43 182 48520 1 1639774 48980 1.8 30 17 5 17 76% 620 2082 315 150%
c w 36.92 127 26 43 182 48520 1 1639774 47302 1.8 30 17 5 17 76% 620 2082 315 150%
c x 36.95 127 26 43 182 48520 1 1639774 47300 1.8 30 17 5 17 76% 635 2034 315 150%
c t 36.95 127 26 43 182 48520 1 1639774 47300 1.8 30 17 5 17 76% 621 2034 315 150%
c - 37.08 127 25 43 183 48521 1 1644499 42404 1.8 30 17 5 17 76% 621 2034 315 150%
c - 37.41 127 25 43 184 48528 1 1658026 46096 1.7 29 17 5 17 76% 621 2034 315 150%
c - 37.75 127 24 43 185 48529 1 1671592 50777 1.7 29 16 5 17 76% 621 2034 315 150%
c - 38.05 127 25 43 186 48533 1 1685194 49775 1.7 29 17 5 17 75% 621 2034 315 150%
c - 38.41 127 25 43 187 48541 1 1698834 46566 1.7 29 17 5 17 75% 621 2034 315 150%
c ] 38.49 127 25 44 187 48543 1 1701825 48999 1.7 29 17 5 17 75% 621 2034 315 150%
c { 38.49 127 15 44 187 48543 2 1701825 48999 2.0 20 10 3 9 73% 621 2034 315 150%
c
c seconds    switched      rate           size/glue  tier1   binary      remaining
c         MB   reductions     conflicts         size   tier2   irredundant
c          level     restarts        redundant     glue   trail      variables
c
c o 38.50 127 15 44 187 48562 2 1701919 49088 2.0 20 10 3 9 73% 621 2034 315 150%
c - 38.78 127 15 44 188 49283 2 1712508 49584 2.0 20 10 3 9 73% 623 2034 315 150%
c - 39.11 127 15 44 189 50003 2 1726223 52963 2.0 20 10 3 9 73% 624 2034 315 150%
c - 39.41 127 15 44 190 50369 2 1739975 52569 2.0 19 10 3 9 73% 628 2034 315 150%
c - 39.75 127 15 44 191 51183 2 1753759 53564 1.9 19 10 3 9 73% 630 2034 315 150%
c - 40.08 127 15 44 192 51867 2 1767580 53932 1.9 19 10 3 9 74% 633 2034 315 150%
c s 40.22 127 15 44 192 52449 2 1772620 58158 1.9 19 10 3 9 74% 634 2032 315 150%
c e 40.22 127 15 44 192 52449 2 1772620 58158 1.9 19 10 3 9 74% 634 2076 311 148%
c s 40.22 127 15 44 192 52449 2 1772620 58158 1.9 19 10 3 9 74% 634 2075 311 148%
c - 40.45 127 15 44 193 52917 2 1781439 52876 1.9 19 10 3 9 74% 636 2075 311 148%
c u 40.63 127 15 44 193 53138 2 1784892 54168 1.9 19 10 3 9 74% 657 2075 311 148%
c v 40.75 127 15 44 193 53138 2 1784892 52418 1.9 19 10 3 9 74% 655 2075 311 148%
c w 40.80 127 15 44 193 53138 2 1784892 52102 1.9 19 10 3 9 74% 655 2075 311 148%
c t 40.80 127 15 44 193 53138 2 1784892 52102 1.9 19 10 3 9 74% 634 2075 311 148%
c f 40.80 127 15 44 193 53138 2 1784892 52102 1.9 19 10 3 9 74% 628 2047 313 149%
c u 40.90 128 15 44 193 53138 2 1784892 50669 1.9 19 10 3 9 74% 647 2047 313 149%
c v 41.01 128 15 44 193 53138 2 1784892 49872 1.9 19 10 3 9 74% 643 2047 313 149%
c w 41.06 128 15 44 193 53138 2 1784892 49455 1.9 19 10 3 9 74% 643 2047 313 149%
c t 41.06 128 15 44 193 53138 2 1784892 49455 1.9 19 10 3 9 74% 630 2047 313 149%
c - 41.28 128 15 44 194 53376 2 1795331 48815 1.9 18 10 3 9 74% 635 2047 313 149%
c
c seconds    switched      rate           size/glue  tier1   binary      remaining
c         MB   reductions     conflicts         size   tier2   irredundant
c          level     restarts        redundant     glue   trail      variables
c
c i 41.29 128 15 44 194 53376 2 1796203 49446 1.9 18 10 3 9 74% 640 2047 312 149%
c - 41.57 128 15 44 195 54035 2 1809259 39550 1.9 18 10 3 9 74% 617 2047 312 149%
c } 41.59 128 15 45 195 54084 2 1810657 40645 1.9 18 10 3 9 74% 617 2047 312 149%
c [ 41.59 128 25 45 195 54084 1 1810657 40645 1.7 29 17 5 17 75% 617 2047 312 149%
c W 41.60 128 25 45 195 54084 1 1810657 40645 1.7 29 17 5 17 75% 616 2035 312 149%
c - 41.84 129 25 45 196 54091 1 1823223 44748 1.7 29 17 5 17 75% 616 2035 312 149%
c - 42.12 129 25 45 197 54098 1 1837223 43426 1.7 28 17 5 17 75% 616 2035 312 149%
c - 42.46 129 25 45 198 54104 1 1851258 41943 1.6 29 17 5 17 75% 616 2035 312 149%
c - 42.78 129 25 45 199 54112 1 1865330 41129 1.6 29 18 5 17 75% 616 2035 312 149%
c - 43.15 129 25 45 200 54114 1 1879436 41330 1.6 29 18 5 17 75% 616 2035 312 149%
c - 43.56 129 25 45 201 54115 1 1893578 44618 1.6 28 18 5 17 75% 616 2035 312 149%
c - 43.91 129 24 45 202 54124 1 1907756 46753 1.6 28 17 5 17 75% 616 2035 312 149%
c ] 44.11 129 24 46 202 54128 1 1915985 53322 1.6 28 17 5 17 75% 616 2035 312 149%
c { 44.11 129 15 46 202 54128 2 1915985 53322 1.9 18 10 3 9 74% 616 2035 312 149%
c o 44.11 129 15 46 202 54148 2 1916088 53407 1.9 18 10 3 9 74% 616 2035 312 149%
c - 44.27 129 15 46 203 54526 2 1921970 47257 1.9 18 10 3 9 74% 617 2034 312 149%
c i 44.50 129 15 46 203 54839 2 1931927 54759 1.9 18 9 3 9 74% 626 2034 311 148%
c - 44.61 129 15 46 204 55148 2 1936220 39725 1.9 18 10 3 9 74% 599 2034 311 148%
c u 44.69 129 15 46 204 55148 2 1936596 38860 1.9 18 9 3 9 74% 615 2013 311 148%
c v 44.77 129 15 46 204 55148 2 1936596 38032 1.9 18 9 3 9 74% 615 2013 311 148%
c
c seconds    switched      rate           size/glue tier1   binary      remaining
c         MB   reductions     conflicts         size  tier2   irredundant
c          level     restarts        redundant    glue   trail      variables
c
c w 44.80 129 15 46 204 55148 2 1936596 37805 1.9 18 9 3 9 74% 615 2013 311 148%
c x 44.82 129 15 46 204 55148 2 1936596 37805 1.9 18 9 3 9 74% 622 1992 311 148%
c t 44.82 129 15 46 204 55148 2 1936596 37805 1.9 18 9 3 9 74% 607 1992 311 148%
c - 45.11 129 15 46 205 55999 2 1950502 40548 1.9 18 9 3 9 74% 610 1992 311 148%
c i 45.19 129 14 46 205 56075 2 1954498 43429 1.9 17 9 3 9 74% 620 1992 310 148%
c - 45.45 129 15 46 206 57113 2 1964820 36077 1.8 18 10 3 9 74% 597 1992 310 148%
c - 45.74 129 15 46 207 57731 2 1979172 42680 1.8 17 9 3 9 73% 602 1992 310 148%
c i 45.99 129 14 46 207 58135 2 1990249 51208 1.8 17 9 3 9 73% 610 1992 309 147%
c - 46.07 129 14 46 208 58410 2 1993559 28501 1.8 17 9 3 9 73% 593 1992 309 147%
c - 46.39 129 15 46 209 59595 2 2007981 36075 1.8 17 9 3 9 73% 594 1992 309 147%
c i 46.54 129 15 46 209 59878 2 2015903 42389 1.8 17 9 3 9 73% 609 1992 308 147%
c - 46.71 129 15 46 210 60585 2 2022437 38063 1.8 17 10 3 9 73% 576 1992 308 147%
c } 46.97 129 15 47 210 61302 2 2034030 47130 1.8 17 10 3 9 73% 579 1992 308 147%
c [ 46.97 129 24 47 210 61302 1 2034030 47130 1.6 28 17 5 17 75% 579 1992 308 147%
c O 46.97 129 24 47 210 61302 1 2034030 47130 1.6 28 17 5 17 75% 579 1992 308 147%
c - 47.05 129 25 47 211 61304 1 2036930 40026 1.6 28 18 5 17 75% 579 1992 308 147%
c - 47.34 129 25 47 212 61312 1 2051455 40453 1.6 29 18 5 17 75% 579 1992 308 147%
c - 47.69 129 26 47 213 61316 1 2066018 37236 1.6 29 18 5 17 75% 579 1992 308 147%
c - 48.05 129 25 47 214 61325 1 2080614 40418 1.6 29 18 5 17 76% 579 1992 308 147%
c i 48.21 129 25 47 214 61330 1 2087997 46194 1.7 29 17 5 17 76% 583 1992 307 146%
c
c seconds    switched      rate           size/glue  tier1    binary      remaining
c         MB   reductions     conflicts         size   tier2    irredundant
c          level     restarts        redundant     glue    trail      variables
c
c - 48.38 129 25 47 215 61331 1 2095242 26599 1.7 29 18 5 17 76% 566 1992 307 146%
c u 48.48 129 25 47 215 61331 1 2095885 25162 1.7 29 18 5 17 76% 615 1954 307 146%
c v 48.57 129 25 47 215 61331 1 2095885 23713 1.7 29 18 5 17 76% 609 1954 307 146%
c w 48.62 129 25 47 215 61331 1 2095885 23576 1.7 29 18 5 17 76% 609 1954 307 146%
c t 48.62 129 25 47 215 61331 1 2095885 23576 1.7 29 18 5 17 76% 578 1954 307 146%
c - 48.91 129 25 47 216 61332 1 2109905 30525 1.7 30 17 5 17 76% 578 1954 307 146%
c - 49.25 129 24 47 217 61339 1 2124603 37485 1.8 31 17 5 17 76% 578 1954 307 146%
c - 49.65 129 24 47 218 61346 1 2139336 41603 1.8 31 17 5 17 76% 578 1954 307 146%
c ] 49.85 129 23 48 218 61347 1 2148605 49540 1.9 30 16 5 17 77% 578 1954 307 146%
c { 49.85 129 15 48 218 61347 2 2148605 49540 1.8 17 10 3 9 73% 578 1954 307 146%
c o 49.86 129 15 48 218 61361 2 2148982 49811 1.8 17 10 3 9 73% 578 1954 307 146%
c s 49.92 129 15 48 218 61507 2 2150538 51089 1.8 17 10 3 9 73% 582 1916 307 146%
c e 49.92 129 15 48 218 61507 2 2150538 51089 1.8 17 10 3 9 73% 568 1987 297 141%
c 2 49.92 129 15 48 218 61507 2 2150538 51089 1.8 17 10 3 9 73% 567 1987 297 141%
c s 49.92 129 15 48 218 61507 2 2150538 51089 1.8 17 10 3 9 73% 575 1944 297 141%
c e 49.92 129 15 48 218 61507 2 2150538 51089 1.8 17 10 3 9 73% 571 1962 296 141%
c - 50.03 129 15 48 219 61901 2 2154100 35240 1.8 17 10 3 9 73% 571 1962 296 141%
c - 50.43 129 15 48 220 63201 2 2168899 40253 1.8 17 10 3 9 73% 574 1962 296 141%
c i 50.49 129 15 48 220 63420 2 2171122 42086 1.8 17 10 3 9 73% 575 1962 295 140%
c - 50.82 129 15 48 221 63939 2 2183731 42701 1.8 18 10 3 9 73% 571 1962 295 140%
c
c seconds    switched      rate           size/glue  tier1   binary      remaining
c         MB   reductions     conflicts         size   tier2   irredundant
c          level     restarts        redundant     glue   trail      variables
c
c i 51.00 129 15 48 221 64169 2 2191474 48172 1.8 17 10 3 9 73% 583 1962 294 140%
c - 51.19 129 15 48 222 64679 2 2198597 29526 1.8 17 10 3 9 73% 558 1962 294 140%
c i 51.55 129 15 48 222 65757 2 2212574 40866 1.8 17 10 3 9 73% 569 1962 283 135%
c - 51.58 129 15 48 223 65849 2 2213498 31529 1.8 17 10 3 9 73% 495 1962 283 135%
c - 51.96 129 15 48 224 66816 2 2228431 38746 1.8 18 10 3 9 73% 496 1962 283 135%
c i 52.26 129 15 48 224 67149 2 2241302 48473 1.8 17 10 3 9 73% 509 1962 282 134%
c - 52.32 129 15 48 225 67335 2 2243397 41931 1.8 17 10 3 9 73% 499 1962 282 134%
c - 52.60 129 14 48 226 67736 2 2258399 43743 1.8 17 9 3 9 73% 507 1962 282 134%
c u 52.76 129 14 48 226 67839 2 2262848 45397 1.8 17 9 3 9 73% 572 1712 282 134%
c v 52.85 130 14 48 226 67839 2 2262848 43279 1.8 17 9 3 9 73% 572 1712 282 134%
c w 52.88 130 14 48 226 67839 2 2262848 42857 1.8 17 9 3 9 73% 572 1712 282 134%
c x 52.90 130 14 48 226 67839 2 2262848 42848 1.8 17 9 3 9 73% 598 1501 281 134%
c t 52.91 130 14 48 226 67839 2 2262848 42609 1.8 17 9 3 9 73% 568 1501 281 134%
c u 52.99 130 14 48 226 67839 2 2262848 41858 1.8 17 9 3 9 73% 571 1501 281 134%
c v 53.08 130 14 48 226 67839 2 2262848 40664 1.8 17 9 3 9 73% 573 1501 281 134%
c w 53.11 130 14 48 226 67839 2 2262848 39866 1.8 17 9 3 9 73% 573 1501 281 134%
c x 53.13 130 14 48 226 67839 2 2262848 39862 1.8 17 9 3 9 73% 573 1490 281 134%
c t 53.13 130 14 48 226 67839 2 2262848 39862 1.8 17 9 3 9 73% 569 1490 281 134%
c i 53.13 130 14 48 226 67839 2 2262848 39862 1.8 17 9 3 9 73% 569 1490 281 134%
c i 53.23 130 14 48 226 67896 2 2268342 43884 1.8 16 9 3 9 74% 583 1490 280 133%
c
c seconds    switched      rate           size/glue tier1   binary      remaining
c         MB   reductions     conflicts         size  tier2   irredundant
c          level     restarts        redundant    glue   trail      variables
c
c - 53.35 130 14 48 227 68326 2 2273433 25843 1.8 16 9 3 9 74% 538 1490 280 133%
c } 53.40 130 14 49 227 68393 2 2276215 27948 1.8 16 9 3 9 74% 539 1490 280 133%
c [ 53.40 130 23 49 227 68393 1 2276215 27948 1.9 30 16 5 17 77% 539 1490 280 133%
c B 53.40 130 23 49 227 68393 1 2276215 27948 1.9 30 16 5 17 77% 539 1490 280 133%
c - 53.66 130 23 49 228 68399 1 2288499 32160 1.8 30 16 5 17 76% 539 1490 280 133%
c - 54.02 130 23 49 229 68407 1 2303598 37818 1.8 29 16 5 17 76% 539 1490 280 133%
c - 54.43 130 22 49 230 68414 1 2318730 40607 1.8 28 16 4 17 76% 539 1490 280 133%
c - 54.87 130 22 49 231 68422 1 2333895 43195 1.8 27 16 4 17 76% 539 1490 280 133%
c i 55.28 130 21 49 231 68423 1 2347645 53669 1.8 26 15 4 17 76% 545 1490 279 133%
c - 55.31 130 21 49 232 68423 1 2349093 18191 1.8 26 15 4 17 76% 527 1490 279 133%
c - 55.61 130 20 49 233 68428 1 2364324 28901 1.8 26 14 4 17 76% 529 1490 279 133%
c i 55.62 130 20 49 233 68428 1 2364486 29003 1.8 26 14 4 17 76% 533 1490 270 129%
c o 55.62 130 20 49 233 68428 1 2364486 29003 1.8 26 14 4 17 76% 533 1490 270 129%
c i 55.64 130 20 49 233 68429 1 2365513 29770 1.8 26 14 4 17 75% 537 1490 255 121%
c i 55.64 130 20 49 233 68429 1 2365557 29783 1.8 26 14 4 17 75% 543 1490 223 106%
c ] 55.64 130 20 49 233 68429 1 2365559 29783 1.8 26 14 4 17 75% 543 1490 193 92%
c 0 55.64 130 14 49 233 68429 2 2365559 29783 1.8 16 9 3 9 74% 543 1490 193 92%
c
c ---- [ result ] ------------------------------------------------------------
c
s UNSATISFIABLE
c
c ---- [ profiling ] ---------------------------------------------------------
c
c          49.76   89.43 %  search
c          25.32   45.50 %  focused
c          24.44   43.93 %  stable
c           5.80   10.42 %  probe
c           5.79   10.40 %  simplify
c           4.56    8.19 %  vivify
c           1.02    1.82 %  sweep
c           0.75    1.35 %  reduce
c           0.11    0.19 %  factor
c           0.10    0.18 %  substitute
c           0.09    0.17 %  preprocess
c           0.04    0.08 %  walking
c           0.04    0.07 %  eliminate
c           0.01    0.01 %  transitive
c           0.01    0.01 %  congruence
c           0.01    0.01 %  subsume
c           0.00    0.00 %  backbone
c           0.00    0.00 %  parse
c           0.00    0.00 %  lucky
c =============================================
c          55.64  100.00 %  total
c
c ---- [ statistics ] --------------------------------------------------------
c
c conflicts:                          2365559            42510.40 per second
c decisions:                          4138581                1.75 per conflict
c eliminated:                             552              263 %  variables
c factored:                               652              310 %  variables
c iterations:                              22               10 %  variables
c propagations:                     104534147          1878536    per second
c reductions:                             233            10153    interval
c reordered:                               21           112646    interval
c rephased:                                31            76308    interval
c restarts:                             68429               35    interval
c strengthened:                            80                0 %  checks
c subsumed:                               329                0 %  checks
c switched:                                49            48277    interval
c vivified:                            108428               58 %  checks
c walks:                                   10           236556    interval
c
c ---- [ glue usage ] --------------------------------------------------------
c
c focused glue 3   used 1588747 clauses 23.12% accumulated 56.92% tier1
c focused glue 4   used  830762 clauses 12.09% accumulated 69.01%
c focused glue 5-7 used 1161541 clauses 16.90% accumulated 85.91%
c focused glue 8   used  237369 clauses  3.45% accumulated 89.37%
c focused glue 9   used  184362 clauses  2.68% accumulated 92.05% tier2
c
c stable glue 4    used  700731 clauses  8.84% accumulated 50.85% tier1
c stable glue 5    used  471394 clauses  5.95% accumulated 56.80%
c stable glue 6-14 used 2380745 clauses 30.03% accumulated 86.83%
c stable glue 15   used  133214 clauses  1.68% accumulated 88.51%
c stable glue 16   used  118961 clauses  1.50% accumulated 90.01% tier2
c
c ---- [ resources ] ---------------------------------------------------------
c
c maximum-resident-set-size:     139167006720 bytes     132720 MB
c process-time:                            56s              55.64 seconds
c
c ---- [ shutting down ] -----------------------------------------------------
c
c exit 20
