c ---- [ banner ] ------------------------------------------------------------
c
c Kissat SAT Solver
c 
c Copyright (c) 2021-2024 Armin Biere University of Freiburg
c Copyright (c) 2019-2021 Armin Biere Johannes Kepler University Linz
c 
c Version 4.0.4 8af8e56f174b778aef3aa45af9f739b2a5f492c2
c Apple clang version 17.0.0 (clang-1700.6.3.2) -W -Wall -O3 -DNDEBUG
c Mon Mar 30 18:25:47 CEST 2026 Darwin Mac 24.6.0 arm64
c
c ---- [ parsing ] -----------------------------------------------------------
c
c opened and reading DIMACS file:
c
c   tmp.cnf
c
c parsed 'p cnf 136 83776' header
c closing input after reading 2007588 bytes (2 MB)
c finished parsing after 0.01 seconds
c
c ---- [ solving ] -----------------------------------------------------------
c
c seconds switched rate     size/glue tier1 binary       remaining
c        MB reductions conflicts size  tier2   irredundant
c         level restarts redundant glue  trail       variables
c
c *  0.01 13 0 0 0  0 0   0   0 0.0 0 0 0 0 0%  12 83764 136 100%
c (  0.01 14 0 0 0  0 0   0   0 0.0 0 0 0 0 0%  12 83764 136 100%
c .  0.01 14 0 0 0  0 0   0   0 0.0 0 0 0 0 0%  12 83764 136 100%
c f  1.47 16 0 0 0  0 0   0   0 0.0 0 0 0 0 0% 102 60671 170 125%
c )  1.47 16 0 0 0  0 0   0   0 0.0 0 0 0 0 0% 102 60671 170 125%
c {  1.47 16 0 0 0  0 0   0   0 0.0 0 0 2 6 0% 102 60671 170 125%
c -  1.49 16 15 0 1 221 3 1001 641 1.7 16 9 8 13 50% 102 60671 170 125%
c }  1.49 16 15 1 1 221 3 1001 641 1.7 16 9 8 13 50% 102 60671 170 125%
c [  1.49 16 0 1 1 221 0 1001 641 0.0 0 0 2 6 0% 102 60671 170 125%
c B  1.49 16 0 1 1 221 0 1001 641 0.0 0 0 2 6 0% 102 60671 170 125%
c -  1.50 16 18 1 2 221 1 2003 1469 2.4 20 8 7 12 59% 102 60671 170 125%
c W  1.50 16 18 1 2 221 1 2003 1469 2.4 20 8 7 12 59% 102 60671 170 125%
c ]  1.51 16 18 2 2 222 1 2096 1536 2.2 20 9 7 12 59% 102 60671 170 125%
c {  1.51 16 15 2 2 222 3 2096 1536 1.7 16 9 8 13 50% 102 60671 170 125%
c u  1.52 16 15 2 2 245 2 2522 1896 1.8 17 9 8 13 53% 102 60671 170 125%
c v  1.52 16 15 2 2 245 2 2522 1846 1.8 17 9 8 13 53% 102 60671 170 125%
c w  1.52 16 15 2 2 245 2 2522 1815 1.8 17 9 8 13 53% 102 60671 170 125%
c x  1.52 16 15 2 2 245 2 2522 1815 1.8 17 9 8 13 53% 102 60623 170 125%
c }  1.54 16 15 3 2 245 2 3096 2313 1.9 17 9 8 12 52% 102 60623 170 125%
c [  1.54 16 18 3 2 245 1 3096 2313 2.2 20 9 7 12 59% 102 60623 170 125%
c
c seconds  switched  rate       size/glue tier1    binary       remaining
c        MB reductions conflicts      size  tier2     irredundant
c         level restarts   redundant    glue    trail       variables
c
c -  1.54 16 17 3 3 245 1 3417 2430 2.1 20 9 8 14 57% 102 60623 170 125%
c I  1.55 16 22 3 3 246 1 4263 3136 1.9 22 12 8 14 63% 102 60623 170 125%
c ]  1.55 16 20 4 3 246 1 4761 3499 1.8 21 12 8 14 63% 102 60623 170 125%
c {  1.55 16 15 4 3 246 2 4761 3499 1.9 17 9 8 12 52% 102 60623 170 125%
c -  1.56 16 15 4 4 289 2 5149 3415 1.9 18 9 8 12 55% 102 60623 170 125%
c }  1.58 16 14 5 4 500 2 7114 4961 1.8 17 9 8 12 54% 102 60623 170 125%
c [  1.58 16 20 5 4 500 1 7114 4961 1.8 21 12 8 14 63% 102 60623 170 125%
c -  1.58 16 20 5 5 500 1 7149 4502 1.8 21 12 9 16 63% 102 60623 170 125%
c u  1.60 19 19 5 5 500 1 7767 4964 1.8 20 11 9 16 60% 102 60623 170 125%
c v  1.60 19 19 5 5 500 1 7767 4948 1.8 20 11 9 16 60% 102 60623 170 125%
c w  1.60 19 19 5 5 500 1 7767 4948 1.8 20 11 9 16 60% 102 60623 170 125%
c x  1.60 20 19 5 5 500 1 7767 4948 1.8 20 11 9 16 60% 102 60611 170 125%
c B  1.62 21 19 5 5 500 1 8035 5190 1.8 21 11 9 16 61% 102 60611 170 125%
c -  1.64 21 19 5 6 502 1 9386 5688 1.8 21 12 9 16 64% 102 60611 170 125%
c ]  1.64 21 19 6 6 502 1 10247 6372 1.8 21 12 9 16 67% 102 60611 170 125%
c {  1.64 21 14 6 6 502 2 10247 6372 1.8 17 9 8 12 54% 102 60611 170 125%
c o  1.65 21 14 6 6 506 2 10278 6400 1.8 17 9 8 12 54% 102 60611 170 125%
c -  1.67 22 14 6 7 516 2 11837 7055 1.9 17 9 8 12 57% 103 60611 170 125%
c s  1.68 22 13 6 7 518 2 12605 7726 1.9 17 9 8 12 57% 104 58157 170 125%
c ^  1.70 23 13 6 7 518 2 12605 7726 1.9 17 9 8 12 57% 104 58157 170 125%
c
c seconds  switched  rate        size/glue tier1    binary       remaining
c        MB reductions conflicts       size  tier2     irredundant
c         level restarts    redundant    glue    trail       variables
c
c }  1.72 23 13 7 7 519 2 14316 9161 2.0 17 8 8 12 57% 104 58157 170 125%
c [  1.72 23 19 7 7 519 1 14316 9161 1.8 21 12 9 16 67% 104 58157 170 125%
c W  1.72 24 19 7 7 519 1 14316 9161 1.8 21 12 9 16 67% 104 58157 170 125%
c -  1.73 24 20 7 8 519 1 14482 8366 1.8 21 12 9 16 67% 104 58157 170 125%
c u  1.75 24 22 7 8 520 1 15914 9658 1.7 22 13 9 16 65% 104 58157 170 125%
c v  1.76 24 22 7 8 520 1 15914 9645 1.7 22 13 9 16 65% 104 58157 170 125%
c w  1.76 24 22 7 8 520 1 15914 9645 1.7 22 13 9 16 65% 104 58157 170 125%
c x  1.76 24 22 7 8 520 1 15914 9645 1.7 22 13 9 16 65% 104 58157 170 125%
c -  1.79 24 23 7 9 521 1 17311 9245 1.6 23 14 10 20 63% 104 58157 170 125%
c ]  1.81 24 23 8 9 522 1 19310 10926 1.5 23 15 10 20 61% 104 58157 170 125%
c {  1.81 24 13 8 9 522 2 19310 10926 2.0 17 8 8 12 57% 104 58157 170 125%
c -  1.82 24 13 8 10 726 2 20311 9589 1.9 17 9 7 11 57% 104 58157 170 125%
c o  1.83 24 13 8 10 763 2 21547 10617 1.9 16 9 7 11 56% 104 58157 170 125%
c -  1.86 24 13 8 11 1005 2 23474 10439 1.8 16 9 7 11 55% 104 58157 170 125%
c s  1.88 25 12 8 11 1138 2 25229 11594 1.8 15 9 7 11 55% 104 58120 170 125%
c ^  1.90 25 12 8 11 1138 2 25229 11594 1.8 15 9 7 11 55% 104 58120 170 125%
c }  1.90 25 13 9 11 1183 2 25469 11773 1.8 15 9 7 11 55% 104 58120 170 125%
c [  1.90 25 23 9 11 1183 1 25469 11773 1.5 23 15 10 20 61% 104 58120 170 125%
c O  1.90 25 23 9 11 1183 1 25469 11773 1.5 23 15 10 20 61% 104 58120 170 125%
c -  1.92 29 23 9 12 1184 1 26790 11081 1.5 23 15 11 20 59% 104 58120 170 125%
c
c seconds  switched    rate         size/glue  tier1     binary       remaining
c        MB  reductions  conflicts        size    tier2     irredundant
c         level   restarts     redundant     glue     trail       variables
c
c u  1.93 29 23 9 12 1184 1 27150 11374 1.5 23 15 11 20 59% 104 58120 170 125%
c v  1.93 29 23 9 12 1184 1 27150 11351 1.5 23 15 11 20 59% 104 58120 170 125%
c w  1.94 29 23 9 12 1184 1 27150 11326 1.5 23 15 11 20 59% 104 58120 170 125%
c x  1.94 30 23 9 12 1184 1 27150 11326 1.5 23 15 11 20 59% 104 58091 170 125%
c -  1.98 31 22 9 13 1186 1 30254 12414 1.5 22 15 11 20 57% 104 58091 170 125%
c ]  1.99 31 22 10 13 1187 1 31596 13480 1.5 22 15 11 20 56% 104 58091 170 125%
c {  1.99 31 13 10 13 1187 2 31596 13480 1.8 15 9 7 11 55% 104 58091 170 125%
c -  2.03 31 12 10 14 1318 2 33860 13654 1.8 15 9 7 11 54% 105 58091 170 125%
c -  2.09 31 13 10 15 1695 2 37602 14475 1.8 15 9 7 11 54% 105 58091 170 125%
c }  2.13 31 13 11 15 1922 2 40225 16548 1.8 15 9 7 11 55% 105 58091 170 125%
c [  2.13 31 22 11 15 1922 1 40225 16548 1.5 22 15 11 20 56% 105 58091 170 125%
c B  2.13 31 22 11 15 1922 1 40225 16548 1.5 22 15 11 20 56% 105 58091 170 125%
c -  2.14 31 22 11 16 1923 1 41477 15369 1.5 22 15 11 19 57% 105 58091 170 125%
c u  2.16 31 22 11 16 1923 1 41620 15455 1.5 22 15 11 19 57% 105 58091 170 125%
c v  2.16 31 22 11 16 1923 1 41620 15402 1.5 22 15 11 19 57% 105 58091 170 125%
c w  2.17 31 22 11 16 1923 1 41620 15399 1.5 22 15 11 19 57% 105 58091 170 125%
c x  2.17 32 22 11 16 1923 1 41620 15398 1.5 22 15 11 19 57% 105 57887 170 125%
c o  2.20 33 22 11 16 1923 1 41620 15398 1.5 22 15 11 19 57% 105 57887 170 125%
c -  2.24 34 23 11 17 1926 1 45478 15887 1.4 23 16 12 22 58% 105 57887 170 125%
c -  2.29 38 23 11 18 1928 1 49602 17077 1.5 23 16 12 21 58% 105 57887 170 125%
c
c seconds   switched    rate         size/glue  tier1     binary       remaining
c        MB   reductions  conflicts        size    tier2     irredundant
c         level    restarts     redundant     glue     trail       variables
c
c W  2.32 41 22 11 18 1928 1 52448 19524 1.5 23 16 12 21 58% 105 57887 170 125%
c s  2.33 41 22 11 18 1929 1 52600 19612 1.5 23 16 12 21 58% 105 57770 170 125%
c ^  2.35 41 22 11 18 1929 1 52600 19612 1.5 23 16 12 21 58% 105 57770 170 125%
c ]  2.36 42 22 12 18 1929 1 52899 19782 1.5 23 16 12 21 58% 105 57770 170 125%
c {  2.36 42 13 12 18 1929 2 52899 19782 1.8 15 9 7 11 55% 105 57770 170 125%
c -  2.38 42 13 12 19 2039 2 53846 18699 1.8 15 9 7 11 55% 105 57770 170 125%
c -  2.43 43 13 12 20 2355 2 58204 19600 1.8 16 9 7 11 55% 105 57770 170 125%
c u  2.46 43 13 12 20 2538 2 59423 20537 1.7 16 9 7 11 55% 105 57770 170 125%
c v  2.47 43 13 12 20 2538 2 59423 20514 1.7 16 9 7 11 55% 105 57770 170 125%
c w  2.47 43 13 12 20 2538 2 59423 20513 1.7 16 9 7 11 55% 105 57770 170 125%
c x  2.48 43 13 12 20 2538 2 59423 20513 1.7 16 9 7 11 55% 105 57613 170 125%
c -  2.53 43 13 12 21 2967 2 62676 19737 1.7 16 9 7 11 55% 105 57613 170 125%
c }  2.56 43 13 13 21 3104 2 64379 20927 1.7 15 9 7 11 54% 105 57613 170 125%
c [  2.56 43 22 13 21 3104 1 64379 20927 1.5 23 16 12 21 58% 105 57613 170 125%
c -  2.59 43 22 13 22 3106 1 67259 20620 1.5 22 15 11 20 56% 105 57613 170 125%
c I  2.59 43 22 13 22 3106 1 67354 20697 1.5 22 15 11 20 56% 105 57613 170 125%
c -  2.65 43 21 13 23 3109 1 71950 21593 1.5 22 15 10 20 57% 105 57613 170 125%
c -  2.70 44 22 13 24 3110 1 76745 22420 1.5 23 15 10 20 60% 105 57613 170 125%
c ]  2.72 44 22 14 24 3113 1 78823 24268 1.5 23 15 10 20 61% 105 57613 170 125%
c {  2.72 44 13 14 24 3113 2 78823 24268 1.7 15 9 7 11 54% 105 57613 170 125%
c
c seconds   switched    rate         size/glue tier1    binary       remaining
c        MB   reductions  conflicts        size  tier2     irredundant
c         level    restarts     redundant    glue    trail       variables
c
c o  2.73 44 13 14 24 3147 2 78968 24390 1.7 15 9 7 11 54% 105 57613 170 125%
c u  2.77 44 13 14 24 3275 2 80689 25725 1.7 15 9 7 11 54% 105 57613 170 125%
c v  2.78 44 13 14 24 3275 2 80689 25678 1.7 15 9 7 11 54% 105 57613 170 125%
c w  2.78 44 13 14 24 3275 2 80689 25611 1.7 15 9 7 11 54% 105 57613 170 125%
c x  2.79 44 13 14 24 3275 2 80689 25610 1.7 15 9 7 11 54% 105 57500 170 125%
c -  2.82 44 13 14 25 3371 2 81644 23543 1.7 15 9 7 11 54% 105 57500 170 125%
c -  2.90 44 13 14 26 3830 2 86644 25070 1.7 16 9 7 11 55% 105 57500 170 125%
c -  2.99 44 13 14 27 4290 2 91744 26229 1.7 16 9 7 11 56% 105 57500 170 125%
c }  3.01 44 13 15 27 4314 2 93539 27586 1.7 16 9 7 11 56% 105 57500 170 125%
c [  3.01 44 22 15 27 4314 1 93539 27586 1.5 23 15 10 20 61% 105 57500 170 125%
c B  3.01 44 22 15 27 4314 1 93539 27586 1.5 23 15 10 20 61% 105 57500 170 125%
c s  3.07 44 22 15 27 4316 1 96694 30305 1.5 23 15 10 20 61% 105 57374 170 125%
c ^  3.09 44 22 15 27 4316 1 96694 30305 1.5 23 15 10 20 61% 105 57374 170 125%
c -  3.10 44 22 15 28 4316 1 96941 27524 1.5 23 15 10 19 61% 105 57374 170 125%
c -  3.17 45 22 15 29 4320 1 102232 29011 1.6 23 15 9 19 62% 105 57374 170 125%
c u  3.22 45 22 15 29 4320 1 105544 31690 1.6 23 15 9 19 63% 105 57374 170 125%
c v  3.23 45 22 15 29 4320 1 105544 31543 1.6 23 15 9 19 63% 105 57374 170 125%
c w  3.24 45 22 15 29 4320 1 105544 31245 1.6 23 15 9 19 63% 105 57374 170 125%
c x  3.25 45 22 15 29 4320 1 105544 31245 1.6 23 15 9 19 63% 105 57159 170 125%
c -  3.29 45 22 15 30 4322 1 107617 30250 1.6 23 15 9 19 63% 105 57159 170 125%
c
c seconds   switched    rate          size/glue  tier1    binary       remaining
c        MB   reductions  conflicts         size   tier2     irredundant
c         level    restarts      redundant     glue    trail       variables
c
c -  3.37 45 22 15 31 4326 1 113097 31674 1.6 23 15 9 18 62% 105 57159 170 125%
c ]  3.37 45 22 16 31 4326 1 113314 31862 1.6 23 15 9 18 62% 105 57159 170 125%
c {  3.37 45 13 16 31 4326 2 113314 31862 1.7 16 9 7 11 56% 105 57159 170 125%
c -  3.44 45 13 16 32 4565 2 118666 32124 1.7 15 9 7 11 55% 105 57159 170 125%
c o  3.45 45 13 16 32 4608 2 119022 32412 1.7 15 9 7 11 55% 105 57159 170 125%
c -  3.53 45 13 16 33 5049 2 124323 32430 1.7 15 9 7 11 55% 105 57159 170 125%
c -  3.64 45 13 16 34 5758 2 130067 33762 1.7 16 9 7 11 55% 105 57159 170 125%
c }  3.66 45 13 17 34 5985 2 131651 34972 1.6 16 9 7 11 55% 105 57159 170 125%
c [  3.66 45 22 17 34 5985 1 131651 34972 1.6 23 15 9 18 62% 105 57159 170 125%
c W  3.67 46 22 17 34 5985 1 131651 34972 1.6 23 15 9 18 62% 105 57159 170 125%
c u  3.72 53 22 17 34 5987 1 134071 36875 1.6 23 15 9 18 62% 105 57159 170 125%
c v  3.73 53 22 17 34 5987 1 134071 36561 1.6 23 15 9 18 62% 105 57159 170 125%
c w  3.74 53 22 17 34 5987 1 134071 36529 1.6 23 15 9 18 62% 105 57159 170 125%
c x  3.75 54 22 17 34 5987 1 134071 36528 1.6 23 15 9 18 62% 105 56608 170 125%
c -  3.86 56 22 17 35 5988 1 135897 35007 1.6 23 15 9 18 62% 105 56608 170 125%
c -  3.93 56 22 17 36 5991 1 141814 36272 1.6 23 14 9 18 63% 105 56608 170 125%
c -  4.02 56 22 17 37 5994 1 147815 37193 1.6 23 14 8 18 63% 105 56608 170 125%
c ]  4.09 57 21 18 37 5998 1 153793 42175 1.6 23 14 8 18 63% 105 56608 170 125%
c {  4.09 57 13 18 37 5998 2 153793 42175 1.6 16 9 7 11 55% 105 56608 170 125%
c -  4.10 57 13 18 38 6024 2 153897 37503 1.6 16 9 7 11 55% 105 56608 170 125%
c
c seconds   switched    rate          size/glue tier1    binary       remaining
c        MB   reductions  conflicts         size  tier2     irredundant
c         level    restarts      redundant    glue    trail       variables
c
c s  4.24 58 14 18 38 6329 2 159364 42051 1.7 16 9 7 11 56% 106 56312 170 125%
c ^  4.28 58 14 18 38 6329 2 159364 42051 1.7 16 9 7 11 56% 106 56312 170 125%
c -  4.30 58 14 18 39 6395 2 160064 37813 1.7 16 9 7 11 56% 106 56312 170 125%
c -  4.50 58 14 18 40 7583 2 166310 37881 1.7 16 10 7 11 56% 106 56312 170 125%
c u  4.52 58 14 18 40 7590 2 166370 37875 1.7 16 10 7 11 56% 106 56312 170 125%
c v  4.54 58 14 18 40 7590 2 166370 37797 1.7 16 10 7 11 56% 106 56312 170 125%
c w  4.55 58 14 18 40 7590 2 166370 37785 1.7 16 10 7 11 56% 106 56312 170 125%
c x  4.56 60 14 18 40 7590 2 166370 37775 1.7 16 10 7 11 56% 106 55326 170 125%
c f  4.58 60 14 18 40 7590 2 166370 37775 1.7 16 10 7 11 56% 108 54366 171 126%
c u  4.61 60 14 18 40 7590 2 166370 37707 1.7 16 10 7 11 56% 111 54366 171 126%
c v  4.62 60 14 18 40 7590 2 166370 37387 1.7 16 10 7 11 56% 111 54366 171 126%
c w  4.63 60 14 18 40 7590 2 166370 37385 1.7 16 10 7 11 56% 111 54366 171 126%
c x  4.64 62 14 18 40 7590 2 166370 37382 1.7 16 10 7 11 56% 111 54016 171 126%
c f  4.66 62 14 18 40 7590 2 166370 37382 1.7 16 10 7 11 56% 113 53521 172 126%
c o  4.73 62 14 18 40 8179 2 169526 39804 1.7 16 10 7 11 56% 113 53521 172 126%
c -  4.79 65 14 18 41 8411 2 172634 38841 1.7 17 10 7 11 57% 113 53521 172 126%
c }  4.89 65 15 19 41 8958 2 176139 41717 1.7 17 10 7 11 57% 113 53521 172 126%
c [  4.89 65 21 19 41 8958 1 176139 41717 1.6 23 14 8 18 63% 113 53521 172 126%
c O  4.89 65 21 19 41 8958 1 176139 41717 1.6 23 14 8 18 63% 113 53521 172 126%
c -  4.94 65 22 19 42 8960 1 179037 39864 1.6 23 15 8 18 63% 113 53521 172 126%
c
c seconds   switched    rate          size/glue  tier1    binary       remaining
c        MB   reductions  conflicts         size   tier2     irredundant
c         level    restarts      redundant     glue    trail       variables
c
c -  5.02 65 23 19 43 8964 1 185517 39867 1.6 23 15 8 18 63% 113 53521 172 126%
c -  5.10 66 24 19 44 8967 1 192075 39335 1.6 24 16 9 19 63% 113 53521 172 126%
c -  5.20 66 25 19 45 8971 1 198708 38789 1.6 25 16 9 19 63% 113 53521 172 126%
c u  5.28 67 25 19 45 8972 1 202617 42108 1.6 25 16 9 19 64% 113 53521 172 126%
c v  5.29 67 25 19 45 8972 1 202617 42074 1.6 25 16 9 19 64% 113 53521 172 126%
c w  5.30 67 25 19 45 8972 1 202617 42072 1.6 25 16 9 19 64% 113 53521 172 126%
c x  5.31 68 25 19 45 8972 1 202617 42071 1.6 25 16 9 19 64% 113 53251 172 126%
c f  5.34 68 25 19 45 8972 1 202617 42071 1.6 25 16 9 19 64% 115 52976 173 127%
c u  5.36 68 25 19 45 8972 1 202617 42040 1.6 25 16 9 19 64% 115 52976 173 127%
c v  5.37 68 25 19 45 8972 1 202617 41957 1.6 25 16 9 19 64% 115 52976 173 127%
c w  5.38 68 25 19 45 8972 1 202617 41952 1.6 25 16 9 19 64% 115 52976 173 127%
c x  5.39 68 25 19 45 8972 1 202617 41946 1.6 25 16 9 19 64% 115 52804 173 127%
c f  5.42 68 25 19 45 8972 1 202617 41946 1.6 25 16 9 19 64% 117 52332 174 128%
c B  5.44 68 25 19 45 8972 1 203879 43026 1.6 25 16 9 19 64% 117 52332 174 128%
c -  5.46 68 25 19 46 8972 1 205416 39156 1.6 25 16 9 19 64% 117 52332 174 128%
c -  5.53 68 27 19 47 8975 1 212198 40093 1.6 26 16 9 20 66% 117 52332 174 128%
c -  5.61 69 28 19 48 8979 1 219055 39737 1.6 26 17 9 20 67% 117 52332 174 128%
c -  5.70 69 28 19 49 8983 1 225983 39327 1.5 27 17 9 20 68% 117 52332 174 128%
c ]  5.71 69 28 20 49 8984 1 226809 40068 1.5 27 17 9 20 68% 117 52332 174 128%
c {  5.71 69 15 20 49 8984 2 226809 40068 1.7 17 10 7 11 57% 117 52332 174 128%
c
c seconds   switched    rate          size/glue  tier1    binary       remaining
c        MB   reductions  conflicts         size   tier2     irredundant
c         level    restarts      redundant     glue    trail       variables
c
c o  5.78 69 15 20 49 9380 2 230836 43282 1.7 17 10 7 11 57% 117 52332 174 128%
c -  5.83 69 15 20 50 9551 2 232983 34987 1.7 17 10 6 12 57% 118 52332 174 128%
c -  5.95 69 15 20 51 10044 2 240054 34350 1.7 17 10 6 12 57% 118 52332 174 128%
c s  6.03 69 15 20 51 10286 2 242376 36171 1.7 17 10 6 12 57% 118 47871 174 128%
c e  6.03 69 15 20 51 10286 2 242376 36171 1.7 17 10 6 12 57% 117 47875 173 127%
c 2  6.03 69 15 20 51 10286 2 242376 36171 1.7 17 10 6 12 57% 116 47875 173 127%
c s  6.07 69 15 20 51 10286 2 242376 36171 1.7 17 10 6 12 57% 116 47289 173 127%
c !  6.08 69 15 20 51 10286 2 242376 36171 1.7 17 10 6 12 57% 116 47289 173 127%
c u  6.11 74 15 20 51 10297 2 242828 35781 1.7 17 10 6 12 57% 116 47289 173 127%
c v  6.13 74 15 20 51 10297 2 242828 35732 1.7 17 10 6 12 57% 116 47289 173 127%
c w  6.13 74 15 20 51 10297 2 242828 35716 1.7 17 10 6 12 57% 116 47289 173 127%
c x  6.14 75 15 20 51 10297 2 242828 35715 1.7 17 10 6 12 57% 120 47142 173 127%
c =  6.22 76 15 20 51 10297 2 242828 35715 1.7 17 10 6 12 57% 120 46134 172 126%
c f  6.24 76 15 20 51 10297 2 242828 35152 1.7 17 10 6 12 57% 122 45183 173 127%
c -  6.31 79 15 20 52 10398 2 247195 33204 1.7 17 10 6 12 57% 110 45183 173 127%
c }  6.41 79 14 21 52 10498 2 253549 37742 1.7 16 10 6 12 56% 110 45183 173 127%
c [  6.41 79 28 21 52 10498 1 253549 37742 1.5 27 17 9 20 68% 110 45183 173 127%
c W  6.41 82 28 21 52 10498 1 253549 37742 1.5 27 17 9 20 68% 110 45183 173 127%
c -  6.42 82 28 21 53 10498 1 254407 33266 1.5 27 17 9 20 68% 110 45183 173 127%
c -  6.49 83 29 21 54 10503 1 261689 32284 1.5 27 18 10 21 68% 110 45183 173 127%
c
c seconds   switched     rate          size/glue  tier1     binary       remaining
c        MB   reductions   conflicts         size    tier2     irredundant
c         level    restarts       redundant     glue     trail       variables
c
c -  6.58 83 29 21 55 10507 1 269037 32106 1.5 27 18 10 21 69% 110 45183 173 127%
c -  6.67 84 29 21 56 10511 1 276453 33965 1.5 27 18 10 21 69% 110 45183 173 127%
c -  6.77 84 29 21 57 10512 1 283937 34722 1.5 28 18 10 21 69% 110 45183 173 127%
c u  6.85 85 29 21 57 10513 1 287381 37454 1.5 27 18 10 21 69% 110 45183 173 127%
c v  6.86 85 29 21 57 10513 1 287381 37429 1.5 27 18 10 21 69% 110 45183 173 127%
c w  6.87 86 29 21 57 10513 1 287381 37407 1.5 27 18 10 21 69% 110 45183 173 127%
c x  6.88 87 29 21 57 10513 1 287381 37406 1.5 27 18 10 21 69% 111 45054 173 127%
c f  6.90 87 29 21 57 10513 1 287381 37406 1.5 27 18 10 21 69% 112 44839 174 128%
c u  6.92 87 29 21 57 10513 1 287381 37353 1.5 27 18 10 21 69% 112 44839 174 128%
c v  6.94 87 29 21 57 10513 1 287381 37346 1.5 27 18 10 21 69% 112 44839 174 128%
c w  6.95 87 29 21 57 10513 1 287381 37306 1.5 27 18 10 21 69% 112 44839 174 128%
c x  6.96 87 29 21 57 10513 1 287381 37305 1.5 27 18 10 21 69% 114 44767 174 128%
c f  6.97 87 29 21 57 10513 1 287381 37305 1.5 27 18 10 21 69% 116 44449 175 129%
c I  7.00 87 29 21 57 10515 1 288905 38487 1.5 27 18 10 21 69% 116 44449 175 129%
c -  7.03 87 29 21 58 10516 1 291486 34257 1.5 28 18 10 21 70% 116 44449 175 129%
c ]  7.05 87 29 22 58 10518 1 293285 35904 1.5 28 18 10 21 70% 116 44449 175 129%
c {  7.05 87 14 22 58 10518 2 293285 35904 1.7 16 10 6 12 56% 116 44449 175 129%
c -  7.14 87 14 22 59 10530 2 299101 36000 1.7 17 10 6 11 57% 116 44449 175 129%
c -  7.25 87 14 22 60 10530 2 306783 36619 1.8 17 10 6 11 58% 116 44449 175 129%
c o  7.35 87 13 22 60 10538 2 313280 42271 1.8 17 10 6 11 58% 116 44449 175 129%
c
c seconds   switched     rate          size/glue tier1    binary       remaining
c        MB   reductions   conflicts         size  tier2     irredundant
c         level    restarts       redundant    glue    trail       variables
c
c -  7.37 87 13 22 61 10541 2 314528 37629 1.8 17 9 6 11 58% 116 44449 175 129%
c i  7.41 87 13 22 61 10541 2 317415 39849 1.8 17 9 6 11 58% 125 44449 174 128%
c -  7.51 87 13 22 62 10554 2 322338 37882 1.9 17 9 6 11 58% 112 44449 174 128%
c }  7.54 87 13 23 62 10556 2 324801 40114 1.9 17 9 6 11 58% 112 44449 174 128%
c [  7.54 87 29 23 62 10556 1 324801 40114 1.5 28 18 10 21 70% 112 44449 174 128%
c B  7.59 87 28 23 62 10558 1 328348 43142 1.5 27 18 10 21 70% 112 44449 174 128%
c -  7.61 87 29 23 63 10560 1 330213 39181 1.5 27 18 10 21 70% 112 44449 174 128%
c u  7.70 87 29 23 63 10562 1 336088 44247 1.5 28 18 10 21 70% 113 43054 174 128%
c v  7.72 87 29 23 63 10562 1 336088 44238 1.5 28 18 10 21 70% 113 43054 174 128%
c w  7.73 87 29 23 63 10562 1 336088 44231 1.5 28 18 10 21 70% 113 43054 174 128%
c x  7.75 87 29 23 63 10562 1 336088 44231 1.5 28 18 10 21 70% 113 42281 174 128%
c f  7.84 88 29 23 63 10562 1 336088 44231 1.5 28 18 10 21 70% 115 41540 175 129%
c u  7.87 88 29 23 63 10562 1 336088 44157 1.5 28 18 10 21 70% 115 41540 175 129%
c v  7.89 88 29 23 63 10562 1 336088 44094 1.5 28 18 10 21 70% 115 41540 175 129%
c w  7.90 88 29 23 63 10562 1 336088 44093 1.5 28 18 10 21 70% 115 41540 175 129%
c x  7.91 88 29 23 63 10562 1 336088 44093 1.5 28 18 10 21 70% 115 41439 175 129%
c f  7.93 88 29 23 63 10562 1 336088 44093 1.5 28 18 10 21 70% 118 40329 176 129%
c -  7.98 91 29 23 64 10563 1 338151 39340 1.5 27 18 10 21 70% 118 40329 176 129%
c -  8.11 91 29 23 65 10569 1 346151 39071 1.5 27 18 10 21 70% 118 40329 176 129%
c s  8.18 91 29 23 65 10569 1 348062 40632 1.5 27 18 10 21 70% 118 37772 176 129%
c
c seconds   switched     rate          size/glue  tier1     binary       remaining
c        MB   reductions   conflicts         size    tier2     irredundant
c         level    restarts       redundant     glue     trail       variables
c
c e  8.19 91 29 23 65 10569 1 348062 40632 1.5 27 18 10 21 70% 108 37822 168 124%
c s  8.23 91 29 23 65 10569 1 348062 40632 1.5 27 18 10 21 70% 108 36888 168 124%
c -  8.32 94 29 23 66 10570 1 354214 37360 1.5 27 18 10 21 70% 108 36888 168 124%
c -  8.41 94 29 23 67 10574 1 362339 38455 1.5 27 18 10 21 71% 108 36888 168 124%
c ]  8.43 94 29 24 67 10575 1 363489 39395 1.5 27 18 10 21 71% 108 36888 168 124%
c {  8.43 94 13 24 67 10575 2 363489 39395 1.9 17 9 6 11 58% 108 36888 168 124%
c -  8.56 94 13 24 68 11350 2 370525 40720 1.8 17 9 6 11 58% 108 36888 168 124%
c -  8.72 94 14 24 69 12339 2 378771 41372 1.8 17 10 6 11 58% 108 36888 168 124%
c -  8.86 94 13 24 70 12585 2 387077 41035 1.8 17 9 6 11 58% 109 36888 168 124%
c u  8.93 94 13 24 70 12766 2 389279 42514 1.8 17 9 6 11 58% 110 36888 168 124%
c v  8.95 94 13 24 70 12766 2 389279 42277 1.8 17 9 6 11 58% 110 36888 168 124%
c w  8.96 94 13 24 70 12766 2 389279 42186 1.8 17 9 6 11 58% 110 36888 168 124%
c x  8.97 94 13 24 70 12766 2 389279 42184 1.8 17 9 6 11 58% 111 36683 168 124%
c f  8.99 94 13 24 70 12766 2 389279 42184 1.8 17 9 6 11 58% 114 35883 169 124%
c u  9.02 98 13 24 70 12766 2 389279 41909 1.8 17 9 6 11 58% 114 35883 169 124%
c v  9.04 99 13 24 70 12766 2 389279 41862 1.8 17 9 6 11 58% 114 35883 169 124%
c w  9.05 99 13 24 70 12766 2 389279 41814 1.8 17 9 6 11 58% 114 35883 169 124%
c x  9.07 99 13 24 70 12766 2 389279 41812 1.8 17 9 6 11 58% 114 35757 169 124%
c f  9.09 99 13 24 70 12766 2 389279 41812 1.8 17 9 6 11 58% 117 35071 170 125%
c o  9.16 100 14 24 70 13187 2 393770 45343 1.8 17 9 6 11 59% 117 35071 170 125%
c
c seconds    switched     rate          size/glue  tier1    binary       remaining
c         MB   reductions   conflicts         size   tier2     irredundant
c          level    restarts       redundant     glue    trail       variables
c
c -  9.19 100 14 24 71 13304 2 395444 40404 1.8 17 10 6 11 59% 117 35071 170 125%
c }  9.27 100 14 25 71 13718 2 400166 44059 1.8 17 10 6 11 59% 117 35071 170 125%
c [  9.27 100 29 25 71 13718 1 400166 44059 1.5 27 18 10 21 71% 117 35071 170 125%
c W  9.27 102 29 25 71 13718 1 400166 44059 1.5 27 18 10 21 71% 117 35071 170 125%
c -  9.31 103 29 25 72 13720 1 403872 41552 1.5 27 18 10 21 71% 117 35071 170 125%
c -  9.40 104 28 25 73 13724 1 412358 41587 1.5 26 18 10 21 70% 117 35071 170 125%
c -  9.52 104 27 25 74 13730 1 420903 42409 1.5 26 18 10 21 70% 117 35071 170 125%
c -  9.62 105 26 25 75 13732 1 429505 43971 1.5 25 17 10 20 70% 117 35071 170 125%
c -  9.73 105 26 25 76 13736 1 438165 44625 1.5 25 17 10 20 70% 117 35071 170 125%
c -  9.84 105 25 25 77 13740 1 446885 45385 1.5 25 17 10 20 71% 117 35071 170 125%
c u  9.87 105 25 25 77 13741 1 447249 45514 1.5 25 17 10 20 71% 117 35071 170 125%
c v  9.88 106 25 25 77 13741 1 447249 42962 1.5 25 17 10 20 71% 117 35071 170 125%
c w  9.90 106 25 25 77 13741 1 447249 42898 1.5 25 17 10 20 71% 117 35071 170 125%
c x  9.91 106 25 25 77 13741 1 447249 42897 1.5 25 17 10 20 71% 119 34780 170 125%
c f 10.02 107 25 25 77 13741 1 447249 42897 1.5 25 17 10 20 71% 122 34258 171 126%
c u 10.04 107 25 25 77 13741 1 447249 42758 1.5 25 17 10 20 71% 122 34258 171 126%
c v 10.06 107 25 25 77 13741 1 447249 42579 1.5 25 17 10 20 71% 122 34258 171 126%
c w 10.07 107 25 25 77 13741 1 447249 42536 1.5 25 17 10 20 71% 122 34258 171 126%
c x 10.08 107 25 25 77 13741 1 447249 42535 1.5 25 17 10 20 71% 122 33869 171 126%
c f 10.10 107 25 25 77 13741 1 447249 42535 1.5 25 17 10 20 71% 126 33371 172 126%
c
c seconds    switched     rate          size/glue  tier1     binary       remaining
c         MB   reductions   conflicts         size    tier2     irredundant
c          level    restarts       redundant     glue     trail       variables
c
c O 10.12 107 25 25 77 13742 1 448328 43419 1.5 25 17 10 20 71% 126 33371 172 126%
c - 10.23 107 25 25 78 13746 1 455659 43727 1.5 25 17 10 20 70% 126 33371 172 126%
c ] 10.24 107 25 26 78 13746 1 456091 44059 1.5 25 17 10 20 70% 126 33371 172 126%
c { 10.24 107 14 26 78 13746 2 456091 44059 1.8 17 10 6 11 59% 126 33371 172 126%
c - 10.39 107 14 26 79 14496 2 464492 44437 1.8 17 10 6 11 59% 126 33371 172 126%
c - 10.55 107 14 26 80 15105 2 473380 45272 1.7 17 10 6 11 59% 126 33371 172 126%
c s 10.72 108 14 26 80 15454 2 479167 49993 1.8 17 10 6 11 59% 126 31946 172 126%
c e 10.73 108 14 26 80 15454 2 479167 49993 1.8 17 10 6 11 59% 124 31962 171 126%
c s 10.76 108 14 26 80 15454 2 479167 49993 1.8 17 10 6 11 59% 124 31920 171 126%
c - 10.82 108 14 26 81 15647 2 482324 46275 1.7 17 10 6 11 59% 125 31920 171 126%
c o 10.87 108 14 26 81 15811 2 484855 48254 1.7 17 10 6 11 59% 125 31920 171 126%
c - 10.99 108 14 26 82 16104 2 491325 47032 1.7 17 10 6 11 59% 125 31920 171 126%
c } 11.12 108 14 27 82 16506 2 498309 52355 1.8 17 10 6 11 59% 126 31919 171 126%
c [ 11.12 108 25 27 82 16506 1 498309 52355 1.5 25 17 10 20 70% 126 31919 171 126%
c - 11.15 108 25 27 83 16508 1 500382 47523 1.5 24 16 9 20 70% 126 31919 171 126%
c B 11.16 108 25 27 83 16508 1 501116 48130 1.5 24 16 9 20 70% 126 31919 171 126%
c - 11.26 108 25 27 84 16512 1 509492 48395 1.5 24 16 9 20 70% 126 31919 171 126%
c u 11.30 108 25 27 84 16512 1 509816 48482 1.5 24 16 9 20 70% 126 31919 171 126%
c v 11.32 108 25 27 84 16512 1 509816 48399 1.5 24 16 9 20 70% 126 31919 171 126%
c w 11.33 108 25 27 84 16512 1 509816 48386 1.5 24 16 9 20 70% 126 31919 171 126%
c
c seconds    switched     rate          size/glue  tier1    binary       remaining
c         MB   reductions   conflicts         size   tier2     irredundant
c          level    restarts       redundant     glue    trail       variables
c
c x 11.35 108 25 27 84 16512 1 509816 48386 1.5 24 16 9 20 70% 126 31798 171 126%
c f 11.38 108 25 27 84 16512 1 509816 48386 1.5 24 16 9 20 70% 131 30714 173 127%
c u 11.41 108 25 27 84 16512 1 509816 48216 1.5 24 16 9 20 70% 131 30714 173 127%
c v 11.43 108 25 27 84 16512 1 509816 48102 1.5 24 16 9 20 70% 131 30714 173 127%
c w 11.45 108 25 27 84 16512 1 509816 48068 1.5 24 16 9 20 70% 131 30714 173 127%
c x 11.46 108 25 27 84 16512 1 509816 48068 1.5 24 16 9 20 70% 138 30547 173 127%
c t 11.47 108 25 27 84 16512 1 509816 48068 1.5 24 16 9 20 70% 137 30547 173 127%
c f 11.49 108 25 27 84 16512 1 509816 48068 1.5 24 16 9 20 70% 144 29591 175 129%
c - 11.60 108 25 27 85 16518 1 518658 49082 1.5 24 16 9 20 69% 144 29591 175 129%
c - 11.73 108 24 27 86 16520 1 527878 50933 1.5 24 16 9 19 70% 144 29591 175 129%
c - 11.87 108 24 27 87 16525 1 537152 52217 1.5 24 16 9 19 70% 144 29591 175 129%
c - 11.99 108 23 27 88 16530 1 546480 53250 1.5 24 16 9 19 71% 144 29591 175 129%
c - 12.14 108 23 27 89 16534 1 555861 53679 1.5 23 16 9 19 71% 144 29591 175 129%
c ] 12.16 108 23 28 89 16535 1 557705 54920 1.5 23 16 9 19 71% 144 29591 175 129%
c { 12.16 108 14 28 89 16535 2 557705 54920 1.8 17 10 6 11 59% 144 29591 175 129%
c - 12.31 108 14 28 90 17170 2 565295 54129 1.7 17 10 6 11 60% 144 29591 175 129%
c - 12.50 108 14 28 91 18060 2 574781 53536 1.7 17 10 6 11 61% 144 29591 175 129%
c u 12.59 108 14 28 91 18271 2 577431 55376 1.7 17 10 6 11 60% 144 29591 175 129%
c v 12.61 108 14 28 91 18271 2 577431 55322 1.7 17 10 6 11 60% 144 29591 175 129%
c w 12.63 108 14 28 91 18271 2 577431 55303 1.7 17 10 6 11 60% 144 29591 175 129%
c
c seconds    switched     rate          size/glue  tier1    binary       remaining
c         MB   reductions   conflicts         size   tier2     irredundant
c          level    restarts       redundant     glue    trail       variables
c
c x 12.64 108 14 28 91 18271 2 577431 55302 1.7 17 10 6 11 60% 148 29501 175 129%
c t 12.64 108 14 28 91 18271 2 577431 55302 1.7 17 10 6 11 60% 147 29501 175 129%
c f 12.67 108 14 28 91 18271 2 577431 55302 1.7 17 10 6 11 60% 150 28870 178 131%
c u 12.70 108 14 28 91 18271 2 577431 54894 1.7 17 10 6 11 60% 150 28870 178 131%
c v 12.72 108 14 28 91 18271 2 577431 54821 1.7 17 10 6 11 60% 150 28870 178 131%
c w 12.73 108 14 28 91 18271 2 577431 54810 1.7 17 10 6 11 60% 150 28870 178 131%
c x 12.75 108 14 28 91 18271 2 577431 54810 1.7 17 10 6 11 60% 150 28702 178 131%
c f 12.91 109 14 28 91 18271 2 577431 54810 1.7 17 10 6 11 60% 156 27679 180 132%
c - 13.03 109 14 28 92 18598 2 584321 52763 1.7 17 10 6 11 60% 156 27679 180 132%
c o 13.06 109 14 28 92 18785 2 585514 53709 1.7 17 10 6 11 60% 156 27679 180 132%
c - 13.20 109 14 28 93 19221 2 593916 52909 1.7 17 10 6 11 61% 156 27679 180 132%
c - 13.37 109 14 28 94 19919 2 603559 53630 1.7 17 10 6 11 61% 156 27679 180 132%
c } 13.41 109 14 29 94 19973 2 605844 55241 1.7 17 10 6 11 61% 156 27679 180 132%
c [ 13.41 109 23 29 94 19973 1 605844 55241 1.5 23 16 9 19 71% 156 27679 180 132%
c W 13.41 109 23 29 94 19973 1 605844 55241 1.5 23 16 9 19 71% 156 27679 180 132%
c - 13.53 109 22 29 95 19978 1 613254 54264 1.5 23 15 9 19 71% 156 27679 180 132%
c - 13.67 109 22 29 96 19983 1 623001 54917 1.5 23 15 9 18 71% 156 27679 180 132%
c - 13.79 110 23 29 97 19987 1 632798 55370 1.5 23 15 9 19 71% 157 27679 180 132%
c s 13.87 110 23 29 97 19987 1 637221 59092 1.5 23 15 9 19 71% 157 26778 180 132%
c e 13.88 110 23 29 97 19987 1 637221 59092 1.5 23 15 9 19 71% 155 26780 178 131%
c
c seconds    switched     rate          size/glue  tier1    binary       remaining
c         MB   reductions   conflicts         size   tier2     irredundant
c          level    restarts       redundant     glue    trail       variables
c
c s 13.88 110 23 29 97 19987 1 637221 59092 1.5 23 15 9 19 71% 155 26778 178 131%
c - 13.96 110 23 29 98 19990 1 642646 54390 1.5 23 15 9 18 70% 155 26778 178 131%
c u 14.08 110 23 29 98 19994 1 649971 60035 1.5 23 16 9 18 69% 155 26778 178 131%
c v 14.11 110 23 29 98 19994 1 649971 60009 1.5 23 16 9 18 69% 155 26778 178 131%
c w 14.12 116 23 29 98 19994 1 649971 59946 1.5 23 16 9 18 69% 155 26778 178 131%
c x 14.14 117 23 29 98 19994 1 649971 59946 1.5 23 16 9 18 69% 157 26703 178 131%
c f 14.16 117 23 29 98 19994 1 649971 59946 1.5 23 16 9 18 69% 165 24835 181 133%
c u 14.19 117 23 29 98 19994 1 649971 59868 1.5 23 16 9 18 69% 165 24835 181 133%
c v 14.22 117 23 29 98 19994 1 649971 59834 1.5 23 16 9 18 69% 165 24835 181 133%
c w 14.23 117 23 29 98 19994 1 649971 59832 1.5 23 16 9 18 69% 165 24835 181 133%
c x 14.25 117 23 29 98 19994 1 649971 59831 1.5 23 16 9 18 69% 166 24770 181 133%
c f 14.27 117 23 29 98 19994 1 649971 59831 1.5 23 16 9 18 69% 191 23328 186 137%
c - 14.31 117 23 29 99 19996 1 652545 54266 1.5 23 16 9 18 69% 191 23328 186 137%
c - 14.45 117 23 29 100 20001 1 662494 54796 1.5 23 16 9 18 69% 191 23328 186 137%
c I 14.53 117 24 29 100 20002 1 668394 59837 1.5 24 16 9 18 69% 191 23328 186 137%
c - 14.60 117 23 29 101 20003 1 672494 54571 1.5 23 15 9 18 69% 191 23328 186 137%
c ] 14.62 117 23 30 101 20003 1 674041 55730 1.5 23 15 9 18 69% 192 23328 186 137%
c { 14.62 117 14 30 101 20003 2 674041 55730 1.7 17 10 6 11 61% 192 23328 186 137%
c i 14.66 117 14 30 101 20009 2 676270 57323 1.7 17 10 6 11 61% 200 23328 185 136%
c - 14.79 117 14 30 102 20459 2 682544 49187 1.7 17 10 6 11 61% 187 23328 185 136%
c
c seconds    switched      rate          size/glue  tier1    binary       remaining
c         MB   reductions    conflicts         size   tier2     irredundant
c          level     restarts       redundant     glue    trail       variables
c
c - 14.98 117 14 30 103 21000 2 692644 43830 1.7 17 10 5 11 61% 187 23328 185 136%
c o 15.03 117 14 30 103 21350 2 695969 46526 1.7 17 10 5 11 61% 187 23328 185 136%
c - 15.15 117 14 30 104 21805 2 702792 44806 1.7 17 10 5 11 61% 187 23328 185 136%
c - 15.33 117 14 30 105 22303 2 712990 45800 1.7 17 10 5 11 62% 187 23328 185 136%
c - 15.50 117 14 30 106 22693 2 723237 47185 1.7 17 10 5 11 62% 188 23328 185 136%
c u 15.60 117 14 30 106 22956 2 728267 51205 1.7 17 10 5 11 63% 193 22561 185 136%
c v 15.63 117 14 30 106 22956 2 728267 46587 1.7 17 10 5 11 63% 193 22561 185 136%
c w 15.65 117 14 30 106 22956 2 728267 46581 1.7 17 10 5 11 63% 193 22561 185 136%
c x 15.67 117 14 30 106 22956 2 728267 46581 1.7 17 10 5 11 63% 214 22254 185 136%
c t 15.67 117 14 30 106 22956 2 728267 46581 1.7 17 10 5 11 63% 191 22254 185 136%
c f 15.69 117 14 30 106 22956 2 728267 46581 1.7 17 10 5 11 63% 208 21589 189 139%
c u 15.73 117 14 30 106 22956 2 728267 46089 1.7 17 10 5 11 63% 211 21589 189 139%
c v 15.76 117 14 30 106 22956 2 728267 45996 1.7 17 10 5 11 63% 211 21589 189 139%
c w 15.77 117 14 30 106 22956 2 728267 45982 1.7 17 10 5 11 63% 211 21589 189 139%
c x 15.79 117 14 30 106 22956 2 728267 45982 1.7 17 10 5 11 63% 212 21408 189 139%
c t 15.79 117 14 30 106 22956 2 728267 45982 1.7 17 10 5 11 63% 210 21408 189 139%
c f 15.81 117 14 30 106 22956 2 728267 45982 1.7 17 10 5 11 63% 219 20165 194 143%
c } 15.82 117 14 31 106 22959 2 728476 46154 1.7 17 10 5 11 63% 219 20165 194 143%
c [ 15.82 117 23 31 106 22959 1 728476 46154 1.5 23 15 9 18 69% 219 20165 194 143%
c - 15.89 117 23 31 107 22962 1 733534 46290 1.5 23 15 9 18 69% 219 20165 194 143%
c
c seconds    switched      rate          size/glue  tier1    binary       remaining
c         MB   reductions    conflicts         size   tier2     irredundant
c          level     restarts       redundant     glue    trail       variables
c
c B 15.92 117 23 31 107 22964 1 736076 48457 1.5 23 15 9 18 69% 219 20165 194 143%
c - 16.00 117 22 31 108 22968 1 743880 48649 1.5 23 15 9 18 70% 219 20165 194 143%
c - 16.15 117 22 31 109 22973 1 754272 49586 1.6 23 15 9 18 71% 219 20165 194 143%
c - 16.31 117 21 31 110 22976 1 764714 49974 1.6 22 14 8 18 70% 219 20165 194 143%
c - 16.50 117 21 31 111 22982 1 775204 48869 1.6 22 14 8 18 70% 219 20165 194 143%
c - 16.69 117 20 31 112 22987 1 785742 48756 1.6 22 14 8 18 69% 219 20165 194 143%
c ] 16.76 117 20 32 112 22988 1 789988 51915 1.6 22 14 8 18 69% 219 20165 194 143%
c { 16.76 117 14 32 112 22988 2 789988 51915 1.7 17 10 5 11 63% 219 20165 194 143%
c - 16.88 117 14 32 113 23312 2 796326 49372 1.7 17 10 5 11 62% 219 20165 194 143%
c - 17.04 117 14 32 114 23633 2 806958 48132 1.7 17 10 5 11 63% 219 20165 194 143%
c u 17.18 117 14 32 114 23849 2 812446 52767 1.7 17 10 5 11 63% 224 20165 194 143%
c v 17.21 117 14 32 114 23849 2 812446 52413 1.7 17 10 5 11 63% 224 20165 194 143%
c w 17.23 117 14 32 114 23849 2 812446 52336 1.7 17 10 5 11 63% 224 20165 194 143%
c x 17.24 117 14 32 114 23849 2 812446 52336 1.7 17 10 5 11 63% 229 19669 194 143%
c t 17.25 117 14 32 114 23849 2 812446 52336 1.7 17 10 5 11 63% 226 19669 194 143%
c f 17.27 117 14 32 114 23849 2 812446 52336 1.7 17 10 5 11 63% 269 17229 212 156%
c u 17.31 117 14 32 114 23849 2 812446 51963 1.7 17 10 5 11 63% 276 17229 212 156%
c v 17.34 117 14 32 114 23849 2 812446 51307 1.7 17 10 5 11 63% 277 17229 212 156%
c w 17.36 117 14 32 114 23849 2 812446 51062 1.7 17 10 5 11 63% 277 17229 212 156%
c x 17.38 117 14 32 114 23849 2 812446 51044 1.7 17 10 5 11 63% 284 16602 212 156%
c
c seconds    switched      rate          size/glue  tier1    binary       remaining
c         MB   reductions    conflicts         size   tier2     irredundant
c          level     restarts       redundant     glue    trail       variables
c
c t 17.59 119 14 32 114 23849 2 812446 51044 1.7 17 10 5 11 63% 277 16602 212 156%
c f 17.62 119 14 32 114 23849 2 812446 51044 1.7 17 10 5 11 63% 325 14631 231 170%
c o 17.69 119 14 32 114 24127 2 816306 54133 1.7 17 10 5 11 63% 325 14631 231 170%
c - 17.72 119 14 32 115 24250 2 817635 47391 1.7 17 10 5 10 63% 325 14631 231 170%
c s 17.84 119 14 32 115 24473 2 824820 52713 1.7 17 10 5 10 64% 327 13757 231 170%
c e 17.84 119 14 32 115 24473 2 824820 52713 1.7 17 10 5 10 64% 308 13806 225 165%
c s 17.85 119 14 32 115 24473 2 824820 52713 1.7 17 10 5 10 64% 308 13798 225 165%
c - 17.92 119 14 32 116 24843 2 828358 49297 1.7 17 10 5 10 64% 308 13798 225 165%
c - 18.09 119 14 32 117 25250 2 839129 50798 1.7 16 10 5 10 64% 310 13798 225 165%
c - 18.28 119 14 32 118 26065 2 849947 52195 1.7 16 10 5 10 64% 311 13798 225 165%
c } 18.29 119 14 33 118 26065 2 851092 53108 1.7 16 10 5 10 64% 311 13798 225 165%
c [ 18.29 119 20 33 118 26065 1 851092 53108 1.6 22 14 8 18 69% 311 13798 225 165%
c W 18.30 119 20 33 118 26065 1 851092 53108 1.6 22 14 8 18 69% 311 13798 225 165%
c - 18.47 119 21 33 119 26071 1 860810 53357 1.6 22 14 8 18 70% 311 13798 225 165%
c - 18.65 119 21 33 120 26078 1 871719 53794 1.6 23 14 8 18 70% 311 13798 225 165%
c - 18.85 119 21 33 121 26079 1 882673 55693 1.6 23 14 8 17 70% 311 13798 225 165%
c - 19.06 119 21 33 122 26086 1 893673 57110 1.6 23 14 8 17 69% 311 13798 225 165%
c ] 19.29 119 21 34 122 26092 1 904444 66115 1.7 23 14 8 17 69% 311 13798 225 165%
c { 19.29 119 14 34 122 26092 2 904444 66115 1.7 16 10 5 10 64% 311 13798 225 165%
c u 19.33 119 14 34 122 26097 2 904490 65685 1.7 16 10 5 10 64% 319 13798 225 165%
c
c seconds    switched      rate          size/glue  tier1    binary       remaining
c         MB   reductions    conflicts         size   tier2     irredundant
c          level     restarts       redundant     glue    trail       variables
c
c v 19.37 119 14 34 122 26097 2 904490 65621 1.7 16 10 5 10 64% 316 13798 225 165%
c w 19.40 119 14 34 122 26097 2 904490 65604 1.7 16 10 5 10 64% 316 13798 225 165%
c x 19.42 119 14 34 122 26097 2 904490 65592 1.7 16 10 5 10 64% 318 13688 225 165%
c t 19.42 119 14 34 122 26097 2 904490 65592 1.7 16 10 5 10 64% 313 13688 225 165%
c f 19.46 119 14 34 122 26097 2 904490 65592 1.7 16 10 5 10 64% 355 11941 248 182%
c u 19.50 119 14 34 122 26097 2 904490 65310 1.7 16 10 5 10 64% 362 11941 248 182%
c v 19.54 119 14 34 122 26097 2 904490 65229 1.7 16 10 5 10 64% 362 11941 248 182%
c w 19.56 119 14 34 122 26097 2 904490 65163 1.7 16 10 5 10 64% 362 11941 248 182%
c x 19.59 119 14 34 122 26097 2 904490 65151 1.7 16 10 5 10 64% 370 11693 248 182%
c t 19.59 119 14 34 122 26097 2 904490 65151 1.7 16 10 5 10 64% 360 11693 248 182%
c f 19.63 119 14 34 122 26097 2 904490 65151 1.7 16 10 5 10 64% 404 10440 271 199%
c - 19.65 119 14 34 123 26107 2 904720 56687 1.7 16 10 5 10 64% 404 10440 271 199%
c - 19.88 119 14 34 124 26777 2 915810 57939 1.7 17 10 5 10 65% 405 10440 271 199%
c - 20.16 119 14 34 125 27582 2 926945 56556 1.7 17 10 5 10 65% 409 10440 271 199%
c - 20.40 119 14 34 126 28188 2 938127 57319 1.7 17 10 5 10 66% 410 10440 271 199%
c - 20.58 119 14 34 127 28406 2 949352 57336 1.7 17 10 5 10 68% 412 10440 271 199%
c o 20.58 119 15 34 127 28413 2 949446 57421 1.7 17 10 5 10 68% 412 10440 271 199%
c i 20.75 119 15 34 127 28943 2 957096 63921 1.7 17 10 5 10 68% 413 10440 270 199%
c - 20.84 119 15 34 128 29173 2 960622 59080 1.7 17 10 5 10 68% 411 10440 270 199%
c - 21.10 119 15 34 129 29860 2 971935 61295 1.8 17 10 5 10 69% 411 10440 270 199%
c
c seconds    switched      rate          size/glue  tier1    binary       remaining
c         MB   reductions    conflicts         size   tier2     irredundant
c          level     restarts       redundant     glue    trail       variables
c
c } 21.11 119 15 35 129 29863 2 972590 61882 1.8 17 10 5 10 69% 411 10440 270 199%
c [ 21.11 119 21 35 129 29863 1 972590 61882 1.7 23 14 8 17 69% 411 10440 270 199%
c O 21.11 119 21 35 129 29863 1 972590 61882 1.7 23 14 8 17 69% 411 10440 270 199%
c - 21.29 119 21 35 130 29869 1 983292 62960 1.6 23 14 8 17 70% 411 10440 270 199%
c - 21.52 119 21 35 131 29876 1 994693 63310 1.6 23 14 8 17 70% 411 10440 270 199%
c c 21.69 119 22 35 131 29877 1 1005502 71678 1.6 23 14 8 17 71% 415 10404 269 198%
c d 21.70 119 22 35 131 29877 1 1005502 69373 1.6 23 14 8 17 71% 417 10166 267 196%
c b 21.70 119 22 35 131 29877 1 1005502 69373 1.6 23 14 8 17 71% 417 10166 263 193%
c u 21.74 119 22 35 131 29877 1 1005502 68015 1.6 23 14 8 17 71% 420 10166 261 192%
c v 21.79 119 22 35 131 29877 1 1005502 67723 1.6 23 14 8 17 71% 417 10166 261 192%
c w 21.81 119 22 35 131 29877 1 1005502 67413 1.6 23 14 8 17 71% 417 10166 261 192%
c x 21.84 119 22 35 131 29877 1 1005502 67410 1.6 23 14 8 17 71% 456 9611 261 192%
c d 21.85 119 22 35 131 29877 1 1005502 64600 1.6 23 14 8 17 71% 478 9610 260 191%
c t 21.85 119 22 35 131 29877 1 1005502 64600 1.6 23 14 8 17 71% 414 9610 258 190%
c f 21.89 119 22 35 131 29877 1 1005502 64600 1.6 23 14 8 17 71% 453 8403 290 213%
c u 21.95 119 22 35 131 29877 1 1005502 63921 1.6 23 14 8 17 71% 460 8345 290 213%
c v 21.99 119 22 35 131 29877 1 1005502 63834 1.6 23 14 8 17 71% 460 8345 290 213%
c w 22.02 119 22 35 131 29877 1 1005502 62522 1.6 23 14 8 17 71% 460 8345 290 213%
c x 22.04 119 22 35 131 29877 1 1005502 62516 1.6 23 14 8 17 71% 468 8063 290 213%
c t 22.05 119 22 35 131 29877 1 1005502 62516 1.6 23 14 8 17 71% 456 8063 290 213%
c
c seconds    switched      rate           size/glue  tier1    binary      remaining
c         MB   reductions     conflicts         size   tier2    irredundant
c          level     restarts        redundant     glue    trail      variables
c
c b 22.05 119 22 35 131 29877 1 1005502 62516 1.6 23 14 8 17 71% 456 8063 287 211%
c i 22.05 119 22 35 131 29877 1 1005502 62516 1.6 23 14 8 17 71% 456 8063 287 211%
c - 22.07 119 22 35 132 29878 1 1006138 55810 1.6 23 14 8 17 71% 389 8063 287 211%
c - 22.31 119 21 35 133 29884 1 1017628 58675 1.6 23 14 8 17 71% 389 8063 287 211%
c - 22.50 119 21 35 134 29891 1 1029160 61357 1.6 22 14 8 17 71% 389 8063 287 211%
c - 22.70 119 21 35 135 29893 1 1040735 62625 1.6 22 14 8 17 72% 390 8063 287 211%
c - 22.91 119 21 35 136 29893 1 1052353 62563 1.6 22 14 8 17 72% 391 8063 287 211%
c s 22.97 119 21 35 136 29894 1 1055822 65535 1.6 22 14 8 17 73% 392 7410 287 211%
c e 22.97 120 21 35 136 29894 1 1055822 65535 1.6 22 14 8 17 73% 333 7742 249 183%
c s 22.98 120 21 35 136 29894 1 1055822 65535 1.6 22 14 8 17 73% 333 7628 249 183%
c B 22.99 120 21 35 136 29895 1 1056630 57705 1.6 22 14 8 17 73% 333 7628 249 183%
c ] 23.02 120 21 36 136 29896 1 1059058 59574 1.6 22 14 7 17 73% 333 7628 249 183%
c { 23.02 120 15 36 136 29896 2 1059058 59574 1.8 17 10 5 10 69% 333 7628 249 183%
c - 23.12 120 15 36 137 30120 2 1064016 53631 1.8 17 10 5 10 69% 333 7628 249 183%
c - 23.32 120 15 36 138 30604 2 1075723 54830 1.8 17 10 5 10 70% 336 7628 249 183%
c - 23.52 120 15 36 139 30777 2 1087470 57552 1.8 17 10 5 10 71% 337 7628 249 183%
c - 23.77 120 15 36 140 31445 2 1099260 59327 1.8 17 9 5 10 71% 337 7628 249 183%
c - 23.99 120 15 36 141 31806 2 1111092 61207 1.8 17 9 5 10 71% 337 7628 249 183%
c b 24.08 120 15 36 141 31851 2 1115346 64777 1.8 17 9 5 10 71% 337 7628 248 182%
c u 24.13 120 15 36 141 31851 2 1115346 64307 1.8 17 9 5 10 71% 337 7628 248 182%
c
c seconds    switched      rate           size/glue tier1    binary      remaining
c         MB   reductions     conflicts         size  tier2    irredundant
c          level     restarts        redundant    glue    trail      variables
c
c v 24.17 120 15 36 141 31851 2 1115346 64191 1.8 17 9 5 10 71% 337 7628 248 182%
c w 24.19 120 15 36 141 31851 2 1115346 64153 1.8 17 9 5 10 71% 337 7628 248 182%
c x 24.22 120 15 36 141 31851 2 1115346 64142 1.8 17 9 5 10 71% 346 7380 248 182%
c t 24.22 120 15 36 141 31851 2 1115346 64142 1.8 17 9 5 10 71% 341 7380 248 182%
c f 24.23 120 15 36 141 31851 2 1115346 64142 1.8 17 9 5 10 71% 356 7224 255 188%
c u 24.28 120 15 36 141 31851 2 1115346 63780 1.8 17 9 5 10 71% 358 7224 255 188%
c v 24.33 120 15 36 141 31851 2 1115346 63712 1.8 17 9 5 10 71% 358 7224 255 188%
c w 24.34 120 15 36 141 31851 2 1115346 63683 1.8 17 9 5 10 71% 358 7224 255 188%
c x 24.37 120 15 36 141 31851 2 1115346 63683 1.8 17 9 5 10 71% 358 7058 255 188%
c t 24.38 120 15 36 141 31851 2 1115346 63683 1.8 17 9 5 10 71% 355 7058 255 188%
c o 24.38 120 15 36 141 31851 2 1115346 63683 1.8 17 9 5 10 71% 355 7058 255 188%
c - 24.50 120 15 36 142 32171 2 1122971 62436 1.8 17 9 5 10 71% 348 7058 255 188%
c i 24.53 120 15 36 142 32208 2 1125068 63813 1.8 17 9 5 10 71% 353 7058 251 185%
c } 24.70 120 15 37 142 32583 2 1134614 71797 1.8 17 9 5 10 70% 355 7058 251 185%
c [ 24.70 120 21 37 142 32583 1 1134614 71797 1.6 22 14 7 17 73% 355 7058 251 185%
c - 24.71 120 21 37 143 32583 1 1134890 60994 1.6 22 14 7 17 73% 337 7058 251 185%
c W 24.93 120 21 37 143 32589 1 1146430 69900 1.6 22 14 7 17 73% 335 7024 251 185%
c - 24.95 120 21 37 144 32589 1 1146850 62222 1.6 22 14 7 17 73% 335 7024 251 185%
c - 25.19 120 20 37 145 32596 1 1158850 62782 1.6 21 13 7 17 72% 335 7024 251 185%
c - 25.46 120 20 37 146 32600 1 1170893 63871 1.6 21 13 7 16 72% 336 7024 251 185%
c
c seconds    switched      rate           size/glue  tier1    binary      remaining
c         MB   reductions     conflicts         size   tier2    irredundant
c          level     restarts        redundant     glue    trail      variables
c
c - 25.70 120 19 37 147 32607 1 1182976 65306 1.6 20 13 7 16 72% 337 7024 251 185%
c i 25.75 120 19 37 147 32609 1 1185612 67039 1.6 20 13 7 16 72% 346 7024 246 181%
c - 25.89 120 19 37 148 32612 1 1195101 24311 1.6 20 13 7 16 72% 327 7024 246 181%
c ] 26.01 120 19 38 148 32613 1 1205168 32266 1.6 20 13 7 16 71% 327 7024 246 181%
c { 26.01 120 15 38 148 32613 2 1205168 32266 1.8 17 9 5 10 70% 327 7024 246 181%
c - 26.05 120 15 38 149 32629 2 1207270 32225 1.8 17 9 5 10 70% 327 7024 246 181%
c - 26.22 120 15 38 150 32662 2 1219476 38208 1.8 16 9 5 10 70% 330 7024 246 181%
c - 26.45 120 14 38 151 32845 2 1231725 38117 1.9 17 9 4 10 71% 331 7024 246 181%
c u 26.52 120 14 38 151 32847 2 1233021 38418 1.9 17 9 4 10 71% 341 6919 246 181%
c v 26.56 120 14 38 151 32847 2 1233021 37777 1.9 17 9 4 10 71% 356 6919 240 176%
c w 26.58 120 14 38 151 32847 2 1233021 36124 1.9 17 9 4 10 71% 353 6919 240 176%
c x 26.61 120 14 38 151 32847 2 1233021 36112 1.9 17 9 4 10 71% 385 6362 239 176%
c t 26.95 122 14 38 151 32847 2 1233021 34552 1.9 17 9 4 10 71% 356 6358 239 176%
c f 26.95 122 14 38 151 32847 2 1233021 34552 1.9 17 9 4 10 71% 363 6256 244 179%
c u 27.00 122 14 38 151 32847 2 1233021 33907 1.9 17 9 4 10 71% 371 6256 244 179%
c v 27.04 122 14 38 151 32847 2 1233021 27837 1.9 17 9 4 10 71% 373 6256 244 179%
c w 27.06 122 14 38 151 32847 2 1233021 27761 1.9 17 9 4 10 71% 373 6256 244 179%
c x 27.09 122 14 38 151 32847 2 1233021 27756 1.9 17 9 4 10 71% 390 5826 244 179%
c t 27.10 122 14 38 151 32847 2 1233021 27756 1.9 17 9 4 10 71% 369 5826 244 179%
c i 27.10 122 14 38 151 32847 2 1233021 27756 1.9 17 9 4 10 71% 369 5826 244 179%
c
c seconds    switched      rate           size/glue tier1    binary      remaining
c         MB   reductions     conflicts         size  tier2    irredundant
c          level     restarts        redundant    glue    trail      variables
c
c - 27.30 122 14 38 152 32862 1 1244013 31464 1.9 17 9 4 10 71% 334 5826 244 179%
c i 27.42 122 14 38 152 32871 1 1250738 37307 1.9 17 9 4 10 71% 339 5826 240 176%
c - 27.50 122 13 38 153 32880 1 1256342 22059 1.9 17 9 4 10 71% 327 5826 240 176%
c i 27.58 122 13 38 153 32911 1 1262450 27502 1.9 17 9 4 10 71% 340 5826 239 176%
c i 27.61 122 13 38 153 32912 1 1264170 29085 2.0 17 9 4 10 71% 341 5826 237 174%
c o 27.64 122 13 38 153 32913 1 1266178 30820 2.0 17 8 4 10 71% 341 5826 237 174%
c - 27.68 122 13 38 154 32929 1 1268711 31046 2.0 17 8 4 10 71% 325 5826 237 174%
c i 27.71 122 13 38 154 32933 1 1270632 32739 2.0 17 8 4 10 70% 331 5826 236 174%
c i 27.77 122 13 38 154 32937 1 1274676 36444 2.0 17 8 4 10 71% 336 5826 231 170%
c - 27.88 122 13 38 155 32968 1 1281121 38423 2.0 16 8 4 10 70% 315 5736 231 170%
c i 27.94 122 13 38 155 32974 1 1285024 41483 2.0 16 8 4 10 70% 327 5736 228 168%
c } 28.01 122 13 39 155 32979 1 1288501 44670 2.0 16 8 4 10 70% 327 5736 228 168%
c [ 28.01 122 19 39 155 32979 1 1288501 44670 1.6 20 13 7 16 71% 327 5736 228 168%
c I 28.01 122 19 39 155 32979 1 1288501 44670 1.6 20 13 7 16 71% 327 5736 228 168%
c - 28.07 122 19 39 156 32982 1 1293570 39284 1.6 20 13 7 16 72% 309 5736 228 168%
c - 28.28 122 18 39 157 32990 1 1306060 41164 1.6 20 12 7 16 72% 310 5735 228 168%
c i 28.36 122 18 39 157 32992 1 1310657 44824 1.6 20 12 7 16 72% 316 5735 224 165%
c - 28.48 122 18 39 158 32993 1 1318589 30782 1.7 20 12 7 16 73% 325 5735 224 165%
c - 28.68 122 18 39 159 33000 1 1331159 36963 1.7 21 12 7 16 73% 325 5735 224 165%
c s 28.82 122 18 39 159 33005 1 1339095 43775 1.7 21 12 7 16 73% 300 5126 224 165%
c
c seconds    switched      rate           size/glue  tier1    binary      remaining
c         MB   reductions     conflicts         size   tier2    irredundant
c          level     restarts        redundant     glue    trail      variables
c
c e 28.83 122 18 39 159 33005 1 1339095 43775 1.7 21 12 7 16 73% 272 5302 200 147%
c 2 28.83 122 18 39 159 33005 1 1339095 43775 1.7 21 12 7 16 73% 271 5302 200 147%
c s 28.83 122 18 39 159 33005 1 1339095 43775 1.7 21 12 7 16 73% 272 5224 200 147%
c e 28.83 122 18 39 159 33005 1 1339095 43775 1.7 21 12 7 16 73% 272 5229 199 146%
c i 28.89 122 18 39 159 33007 1 1343269 30549 1.7 21 12 7 16 73% 280 5229 193 142%
c - 28.90 122 18 39 160 33007 1 1343768 19010 1.7 21 12 7 16 73% 250 5076 193 142%
c i 28.99 122 18 39 160 33008 1 1352953 27011 1.8 21 12 7 16 74% 255 5076 189 139%
c i 29.01 122 18 39 160 33008 1 1353833 27693 1.8 20 12 7 16 74% 258 5076 162 119%
c i 29.01 122 18 39 160 33008 1 1353907 27735 1.8 20 12 7 16 74% 260 5076 161 118%
c i 29.01 122 18 39 160 33008 1 1353911 27735 1.8 20 12 7 16 74% 262 5076 158 116%
c ] 29.01 122 18 39 160 33008 1 1354309 28004 1.8 20 12 7 16 74% 263 5076 106 78%
c 0 29.01 122 13 39 160 33008 1 1354309 28004 2.0 16 8 4 10 70% 263 5076 106 78%
c
c ---- [ result ] ------------------------------------------------------------
c
s UNSATISFIABLE
c
c ---- [ profiling ] ---------------------------------------------------------
c
c          22.03   75.94 %  search
c          11.05   38.09 %  focused
c          10.98   37.84 %  stable
c           6.37   21.95 %  probe
c           5.51   18.98 %  simplify
c           3.00   10.33 %  vivify
c           2.16    7.44 %  factor
c           1.46    5.04 %  preprocess
c           1.02    3.52 %  sweep
c           0.62    2.13 %  reduce
c           0.58    1.99 %  eliminate
c           0.45    1.55 %  subsume
c           0.16    0.55 %  substitute
c           0.03    0.09 %  walking
c           0.02    0.08 %  congruence
c           0.01    0.03 %  parse
c           0.01    0.02 %  transitive
c           0.00    0.01 %  lucky
c           0.00    0.00 %  backbone
c =============================================
c          29.01  100.00 %  total
c
c ---- [ statistics ] --------------------------------------------------------
c
c conflicts:                          1354309            46674.73 per second
c congruent:                                1                1 %  variables
c decisions:                          1851195                1.37 per conflict
c eliminated:                              81               60 %  variables
c factored:                               200              147 %  variables
c iterations:                              18               13 %  variables
c propagations:                      29356213          1011729    per second
c reductions:                             160             8464    interval
c reordered:                               16            84644    interval
c rephased:                                27            50160    interval
c restarts:                             33008               41    interval
c strengthened:                           427                0 %  checks
c substituted:                              3                2 %  variables
c subsumed:                             15965                0 %  checks
c switched:                                39            34726    interval
c vivified:                             67213               61 %  checks
c walks:                                    9           150479    interval
c
c ---- [ glue usage ] --------------------------------------------------------
c
c focused glue 4   used 394870 clauses 15.68% accumulated 51.81% tier1
c focused glue 5   used 289833 clauses 11.51% accumulated 63.31%
c focused glue 6-8 used 532813 clauses 21.16% accumulated 84.47%
c focused glue 9   used 119281 clauses  4.74% accumulated 89.21%
c focused glue 10  used  89120 clauses  3.54% accumulated 92.75% tier2
c
c stable glue 7    used 240767 clauses  6.51% accumulated 56.46% tier1
c stable glue 8    used 224723 clauses  6.07% accumulated 62.53%
c stable glue 9-14 used 914016 clauses 24.71% accumulated 87.24%
c stable glue 15   used  85064 clauses  2.30% accumulated 89.54%
c stable glue 16   used  71785 clauses  1.94% accumulated 91.48% tier2
c
c ---- [ resources ] ---------------------------------------------------------
c
c maximum-resident-set-size:     131214606336 bytes     125136 MB
c process-time:                            29s              29.01 seconds
c
c ---- [ shutting down ] -----------------------------------------------------
c
c exit 20
