c ---- [ banner ] ------------------------------------------------------------
c
c Kissat SAT Solver
c 
c Copyright (c) 2021-2024 Armin Biere University of Freiburg
c Copyright (c) 2019-2021 Armin Biere Johannes Kepler University Linz
c 
c Version 4.0.4 8af8e56f174b778aef3aa45af9f739b2a5f492c2
c Apple clang version 17.0.0 (clang-1700.6.3.2) -W -Wall -O3 -DNDEBUG
c Mon Mar 30 18:25:47 CEST 2026 Darwin Mac 24.6.0 arm64
c
c ---- [ parsing ] -----------------------------------------------------------
c
c opened and reading DIMACS file:
c
c   tmp.cnf
c
c parsed 'p cnf 55 2805' header
c closing input after reading 47024 bytes (46 KB)
c finished parsing after 0.00 seconds
c
c ---- [ solving ] -----------------------------------------------------------
c
c seconds switched rate     size/glue tier1 binary     remaining
c        MB reductions conflicts size  tier2  irredundant
c         level restarts redundant glue  trail     variables
c
c *  0.00  2 0 0 0  0 0   0   0 0.0 0 0 0 0 0%   0 2805 55 100%
c (  0.00  2 0 0 0  0 0   0   0 0.0 0 0 0 0 0%   0 2805 55 100%
c .  0.00  2 0 0 0  0 0   0   0 0.0 0 0 0 0 0%   0 2805 55 100%
c f  0.02  2 0 0 0  0 0   0   0 0.0 0 0 0 0 0% 197 949 153 278%
c )  0.02  2 0 0 0  0 0   0   0 0.0 0 0 0 0 0% 197 949 153 278%
c {  0.02  2 0 0 0  0 0   0   0 0.0 0 0 2 6 0% 197 949 153 278%
c -  0.02  2 18 0 1 20 2 1001 673 1.7 17 10 8 14 68% 197 949 153 278%
c }  0.02  2 18 1 1 20 2 1001 673 1.7 17 10 8 14 68% 197 949 153 278%
c [  0.02  2 0 1 1 20 0 1001 673 0.0 0 0 2 6 0% 197 949 153 278%
c B  0.02  2 0 1 1 20 0 1001 673 0.0 0 0 2 6 0% 197 949 153 278%
c ]  0.03  3 19 2 1 20 1 1855 1445 1.5 18 12 8 17 70% 197 949 153 278%
c {  0.03  3 18 2 1 20 2 1855 1445 1.7 17 10 8 14 68% 197 949 153 278%
c -  0.03  3 18 2 2 23 2 2001 1543 1.7 17 10 7 14 68% 197 949 153 278%
c }  0.04  3 19 3 2 123 2 2855 2339 1.7 17 10 8 14 69% 197 949 153 278%
c [  0.04  3 19 3 2 123 1 2855 2339 1.5 18 12 8 17 70% 197 949 153 278%
c W  0.04  3 19 3 2 123 1 2855 2339 1.5 18 12 8 17 70% 197 949 153 278%
c -  0.04  3 21 3 3 123 1 3416 2614 1.4 19 13 9 17 71% 197 949 153 278%
c u  0.05  3 20 3 3 124 1 4190 3283 1.4 19 13 9 17 72% 197 949 153 278%
c v  0.05  3 20 3 3 124 1 4190 3237 1.4 19 13 9 17 72% 197 949 153 278%
c w  0.05  3 20 3 3 124 1 4190 3231 1.4 19 13 9 17 72% 197 949 153 278%
c
c seconds  switched  rate       size/glue  tier1    binary     remaining
c        MB reductions conflicts      size   tier2    irredundant
c         level restarts   redundant     glue    trail     variables
c
c ]  0.05  3 20 4 3 124 1 4204 3245 1.4 19 13 9 17 72% 197 949 153 278%
c {  0.05  3 19 4 3 124 2 4204 3245 1.7 17 10 8 14 69% 197 949 153 278%
c -  0.06  4 18 4 4 158 2 5148 3597 1.7 17 10 7 13 69% 197 949 153 278%
c }  0.07  4 17 5 4 308 2 6556 4910 1.7 16 10 7 13 70% 197 949 153 278%
c [  0.07  4 20 5 4 308 1 6556 4910 1.4 19 13 9 17 72% 197 949 153 278%
c I  0.07  4 20 5 4 308 1 6556 4910 1.4 19 13 9 17 72% 197 949 153 278%
c -  0.08  4 18 5 5 308 1 7148 4735 1.5 18 12 8 16 72% 197 949 153 278%
c ]  0.09  4 16 6 5 310 1 9071 6241 1.5 16 11 8 16 71% 197 949 153 278%
c {  0.09  4 17 6 5 310 2 9071 6241 1.7 16 10 7 13 70% 197 949 153 278%
c -  0.09  4 17 6 6 311 2 9384 5644 1.7 16 10 7 13 71% 197 949 153 278%
c -  0.11  4 14 6 7 311 2 11835 6503 1.7 15 9 6 11 71% 197 949 153 278%
c u  0.13  4 14 6 7 311 2 12902 7349 1.7 15 9 6 10 71% 197 949 153 278%
c v  0.13  4 14 6 7 311 2 12902 7334 1.7 15 9 6 10 71% 197 949 153 278%
c w  0.13  4 14 6 7 311 2 12902 7014 1.7 15 9 6 10 71% 197 949 153 278%
c o  0.15  5 14 6 7 311 2 12902 7014 1.7 15 9 6 10 71% 197 949 153 278%
c }  0.15  5 14 7 7 311 2 13140 7230 1.7 15 9 6 10 71% 197 949 153 278%
c [  0.15  5 16 7 7 311 1 13140 7230 1.5 16 11 8 16 71% 197 949 153 278%
c B  0.15  5 16 7 7 311 1 13140 7230 1.5 16 11 8 16 71% 197 949 153 278%
c -  0.16  5 16 7 8 312 1 14482 7200 1.5 16 11 6 13 70% 197 949 153 278%
c ]  0.18  5 15 8 8 313 1 17055 9243 1.5 15 10 6 13 69% 197 949 153 278%
c
c seconds  switched  rate        size/glue tier1    binary     remaining
c        MB reductions conflicts       size  tier2    irredundant
c         level restarts    redundant    glue    trail     variables
c
c {  0.18  5 14 8 8 313 2 17055 9243 1.7 15 9 6 10 71% 197 949 153 278%
c -  0.18  6 14 8 9 382 2 17311 7654 1.7 15 9 5 10 71% 197 949 153 278%
c -  0.23  6 14 8 10 810 2 20312 8702 1.7 15 9 5 10 70% 197 949 153 278%
c e  0.24  6 15 8 10 976 2 20943 9310 1.7 15 9 5 10 70% 189 957 149 271%
c ^  0.24  6 15 8 10 976 2 20943 9310 1.7 15 9 5 10 70% 189 957 149 271%
c o  0.27  6 15 8 10 1254 2 22904 11068 1.7 15 9 5 10 70% 189 957 149 271%
c }  0.28  6 15 9 10 1296 3 23216 11363 1.7 15 9 5 10 70% 189 957 149 271%
c [  0.28  6 15 9 10 1296 1 23216 11363 1.5 15 10 6 13 69% 189 957 149 271%
c W  0.28  7 15 9 10 1296 1 23216 11363 1.5 15 10 6 13 69% 189 957 149 271%
c -  0.28  8 15 9 11 1296 1 23474 9602 1.5 15 10 6 13 70% 189 957 149 271%
c u  0.31  9 15 9 11 1298 1 26431 11896 1.5 15 11 6 13 70% 189 957 149 271%
c v  0.32 10 15 9 11 1298 1 26431 11873 1.5 15 11 6 13 70% 189 957 149 271%
c w  0.32 10 15 9 11 1298 1 26431 11861 1.5 15 11 6 13 70% 189 957 149 271%
c f  0.32 10 15 9 11 1298 1 26431 11861 1.5 15 11 6 13 70% 201 921 155 282%
c u  0.33 11 15 9 11 1298 1 26431 11782 1.5 15 11 6 13 70% 201 921 155 282%
c v  0.33 11 15 9 11 1298 1 26431 11742 1.5 15 11 6 13 70% 201 921 155 282%
c w  0.33 11 15 9 11 1298 1 26431 11647 1.5 15 11 6 13 70% 201 921 155 282%
c -  0.34 12 15 9 12 1298 1 26792 9730 1.5 15 11 6 12 70% 201 921 155 282%
c -  0.38 12 15 9 13 1301 1 30256 10013 1.4 16 11 5 12 70% 201 921 155 282%
c O  0.38 12 15 9 13 1301 1 30744 10375 1.4 16 11 5 12 70% 201 921 155 282%
c
c seconds  switched    rate         size/glue  tier1    binary     remaining
c        MB  reductions  conflicts        size   tier2    irredundant
c         level   restarts     redundant     glue    trail     variables
c
c -  0.40 12 17 9 14 1302 1 33861 10110 1.4 17 12 6 13 70% 201 921 155 282%
c ]  0.41 12 17 10 14 1302 1 33916 10152 1.4 17 12 6 13 70% 201 921 155 282%
c {  0.41 12 15 10 14 1302 3 33916 10152 1.7 15 9 5 10 70% 201 921 155 282%
c -  0.46 12 15 10 15 1622 3 37603 11186 1.7 15 9 5 10 71% 201 921 155 282%
c -  0.54 12 15 10 16 2145 3 41476 12081 1.6 15 9 4 10 71% 201 921 155 282%
c e  0.55 12 15 10 16 2177 3 41885 12461 1.7 15 9 4 10 71% 183 945 143 260%
c ^  0.55 12 15 10 16 2177 3 41885 12461 1.7 15 9 4 10 71% 183 945 143 260%
c }  0.56 12 15 11 16 2201 3 42545 12168 1.7 15 9 4 10 71% 183 945 143 260%
c [  0.56 12 17 11 16 2201 1 42545 12168 1.4 17 12 6 13 70% 183 945 143 260%
c B  0.56 12 17 11 16 2201 1 42545 12168 1.4 17 12 6 13 70% 183 945 143 260%
c u  0.59 14 17 11 16 2203 1 45141 14138 1.4 17 12 6 13 70% 183 945 143 260%
c v  0.60 14 17 11 16 2203 1 45141 14052 1.4 17 12 6 13 70% 183 945 143 260%
c w  0.61 14 17 11 16 2203 1 45141 13908 1.4 17 12 6 13 70% 183 945 143 260%
c f  0.64 16 17 11 16 2203 1 45141 13908 1.4 17 12 6 13 70% 200 909 149 271%
c u  0.65 16 17 11 16 2203 1 45141 13810 1.4 17 12 6 13 70% 200 909 149 271%
c v  0.66 16 17 11 16 2203 1 45141 13800 1.4 17 12 6 13 70% 200 909 149 271%
c w  0.66 16 17 11 16 2203 1 45141 13791 1.4 17 12 6 13 70% 200 909 149 271%
c o  0.66 16 17 11 16 2203 1 45141 13791 1.4 17 12 6 13 70% 200 909 149 271%
c -  0.67 16 17 11 17 2203 1 45476 11355 1.4 17 12 5 13 70% 200 909 149 271%
c -  0.71 16 17 11 18 2206 1 49600 11276 1.4 17 12 5 13 69% 200 909 149 271%
c
c seconds   switched    rate         size/glue  tier1    binary     remaining
c        MB   reductions  conflicts        size   tier2    irredundant
c         level    restarts     redundant     glue    trail     variables
c
c -  0.76 17 17 11 19 2207 1 53842 11405 1.4 17 12 5 13 69% 200 909 149 271%
c W  0.77 17 17 11 19 2207 1 54767 12102 1.4 17 12 5 13 69% 200 909 149 271%
c ]  0.79 17 17 12 19 2209 1 56664 13650 1.4 16 12 5 13 69% 200 909 149 271%
c {  0.79 17 15 12 19 2209 3 56664 13650 1.7 15 9 4 10 71% 200 909 149 271%
c -  0.82 18 16 12 20 2453 3 58201 12691 1.6 15 9 4 10 71% 200 909 149 271%
c -  0.90 18 16 12 21 2714 3 62675 14364 1.7 15 9 4 10 71% 200 909 149 271%
c -  0.99 18 16 12 22 3117 3 67257 15602 1.7 15 9 4 10 72% 200 909 149 271%
c }  1.01 18 16 13 22 3209 3 68145 16416 1.7 15 9 4 10 72% 200 909 149 271%
c [  1.01 18 17 13 22 3209 1 68145 16416 1.4 16 12 5 13 69% 200 909 149 271%
c u  1.03 18 17 13 22 3210 1 69284 17194 1.4 16 12 5 13 69% 200 909 149 271%
c v  1.04 18 17 13 22 3210 1 69284 17111 1.4 16 12 5 13 69% 200 909 149 271%
c w  1.05 18 17 13 22 3210 1 69284 17105 1.4 16 12 5 13 69% 200 909 149 271%
c I  1.06 18 17 13 22 3210 1 69672 17422 1.4 16 12 5 13 69% 200 909 149 271%
c -  1.09 19 16 13 23 3211 1 71947 16046 1.4 16 12 5 13 69% 200 909 149 271%
c -  1.15 19 16 13 24 3215 1 76743 16298 1.4 16 11 5 12 70% 200 909 149 271%
c -  1.22 19 15 13 25 3217 1 81641 16515 1.4 16 11 5 12 70% 200 909 149 271%
c ]  1.25 19 15 14 25 3218 1 83949 18276 1.4 16 11 5 12 70% 200 909 149 271%
c {  1.25 19 16 14 25 3218 3 83949 18276 1.7 15 9 4 10 72% 200 909 149 271%
c o  1.25 19 16 14 25 3228 3 83998 18320 1.7 15 9 4 10 72% 200 909 149 271%
c -  1.30 19 15 14 26 3367 3 86643 16003 1.7 15 9 3 9 72% 200 909 149 271%
c
c seconds   switched    rate         size/glue tier1   binary     remaining
c        MB   reductions  conflicts        size  tier2   irredundant
c         level    restarts     redundant    glue   trail     variables
c
c e  1.32 19 15 14 26 3480 3 87416 16692 1.7 15 9 3 9 72% 176 957 137 249%
c ^  1.32 19 15 14 26 3480 3 87416 16692 1.7 15 9 3 9 72% 176 957 137 249%
c -  1.39 19 15 14 27 3741 2 91743 14437 1.7 15 9 3 9 72% 176 957 137 249%
c -  1.49 20 15 14 28 4394 3 96939 15657 1.6 15 9 3 9 72% 176 957 137 249%
c }  1.53 20 15 15 28 4578 3 98665 17249 1.6 15 9 3 9 72% 176 957 137 249%
c [  1.53 20 15 15 28 4578 1 98665 17249 1.4 16 11 5 12 70% 176 957 137 249%
c B  1.53 20 15 15 28 4578 1 98665 17249 1.4 16 11 5 12 70% 176 957 137 249%
c u  1.54 20 15 15 28 4578 1 98987 17230 1.4 16 11 5 12 70% 176 957 137 249%
c v  1.55 20 15 15 28 4578 1 98987 17123 1.4 16 11 5 12 70% 176 957 137 249%
c w  1.56 20 15 15 28 4578 1 98987 17107 1.4 16 11 5 12 70% 176 957 137 249%
c -  1.60 20 15 15 29 4580 1 102230 15485 1.4 16 11 4 12 70% 176 957 137 249%
c -  1.67 21 15 15 30 4584 1 107616 15345 1.4 15 11 4 12 70% 176 957 137 249%
c -  1.74 21 15 15 31 4587 1 113096 15469 1.4 15 11 4 12 70% 176 957 137 249%
c -  1.80 21 15 15 32 4590 1 118664 15174 1.4 15 11 4 12 69% 176 957 137 249%
c W  1.81 21 15 15 32 4591 1 119576 15863 1.4 15 11 4 12 69% 176 957 137 249%
c ]  1.83 22 15 16 32 4591 1 120563 16542 1.4 15 11 4 12 69% 176 957 137 249%
c {  1.83 22 15 16 32 4591 3 120563 16542 1.6 15 9 3 9 72% 176 957 137 249%
c o  1.88 22 15 16 32 4766 2 124061 19483 1.6 15 9 3 9 72% 176 957 137 249%
c -  1.89 22 15 16 33 4829 2 124322 16654 1.6 15 9 3 9 72% 176 957 137 249%
c -  2.00 22 15 16 34 5282 2 130067 18512 1.6 15 9 3 9 72% 176 957 137 249%
c
c seconds   switched    rate          size/glue tier1   binary     remaining
c        MB   reductions  conflicts         size  tier2   irredundant
c         level    restarts      redundant    glue   trail     variables
c
c u  2.12 22 15 16 34 5763 2 134329 22190 1.6 15 9 3 9 72% 176 957 137 249%
c v  2.13 25 15 16 34 5763 2 134329 22075 1.6 15 9 3 9 72% 176 957 137 249%
c w  2.14 25 15 16 34 5763 2 134329 21788 1.6 15 9 3 9 72% 176 957 137 249%
c -  2.26 26 15 16 35 5842 2 135897 19058 1.6 15 9 3 9 72% 176 957 137 249%
c }  2.31 26 15 17 35 5853 2 138900 21586 1.6 15 9 3 9 72% 176 957 137 249%
c [  2.31 26 15 17 35 5853 1 138900 21586 1.4 15 11 4 12 69% 176 957 137 249%
c -  2.35 26 15 17 36 5855 1 141814 19175 1.4 15 11 4 11 70% 176 957 137 249%
c O  2.37 26 15 17 36 5856 1 143801 20740 1.4 15 11 4 11 70% 176 957 137 249%
c -  2.43 26 15 17 37 5859 1 147815 18150 1.4 16 11 4 12 70% 176 957 137 249%
c -  2.51 26 16 17 38 5862 1 153897 16950 1.4 16 11 4 12 69% 176 957 137 249%
c -  2.59 27 16 17 39 5866 1 160061 17380 1.4 16 11 4 12 69% 176 957 137 249%
c e  2.60 27 16 17 39 5866 1 160696 17864 1.4 16 11 4 12 69% 150 1038 120 218%
c ^  2.60 27 16 17 39 5866 1 160696 17864 1.4 16 11 4 12 69% 150 1038 120 218%
c ]  2.66 27 16 18 39 5867 1 165697 19085 1.4 16 12 4 12 69% 150 1038 120 218%
c {  2.66 27 15 18 39 5867 2 165697 19085 1.6 15 9 3 9 72% 150 1038 120 218%
c -  2.67 28 15 18 40 6012 2 166305 15412 1.6 15 9 3 9 72% 150 1038 120 218%
c -  2.84 28 16 18 41 7547 2 172629 16191 1.6 16 10 3 9 72% 150 1038 120 218%
c o  2.87 28 16 18 41 7955 2 174237 17471 1.6 16 10 3 9 72% 150 1038 120 218%
c u  2.92 28 16 18 41 8292 2 175630 18322 1.6 16 10 3 9 72% 150 1038 120 218%
c v  2.94 28 16 18 41 8292 2 175630 18189 1.6 16 10 3 9 72% 150 1038 120 218%
c
c seconds   switched    rate          size/glue  tier1   binary      remaining
c        MB   reductions  conflicts         size   tier2   irredundant
c         level    restarts      redundant     glue   trail      variables
c
c w  2.94 28 16 18 41 8292 2 175630 18129 1.6 16 10 3 9 72% 150 1038 120 218%
c x  2.95 28 16 18 41 8292 2 175630 18128 1.6 16 10 3 9 72% 150 1037 120 218%
c -  3.05 30 16 18 42 9097 3 179032 16232 1.5 16 10 3 10 72% 150 1037 120 218%
c -  3.21 30 16 18 43 10308 3 185515 16935 1.5 16 11 3 10 73% 150 1037 120 218%
c }  3.27 30 17 19 43 10782 3 188042 18824 1.5 16 11 3 10 73% 150 1037 120 218%
c [  3.27 30 16 19 43 10782 1 188042 18824 1.4 16 12 4 12 69% 150 1037 120 218%
c B  3.27 30 16 19 43 10782 1 188042 18824 1.4 16 12 4 12 69% 150 1037 120 218%
c -  3.32 30 16 19 44 10784 1 192073 17807 1.4 16 12 4 12 69% 150 1037 120 218%
c -  3.41 30 16 19 45 10788 1 198707 18311 1.4 16 12 4 12 69% 150 1037 120 218%
c -  3.50 30 16 19 46 10792 1 205415 18945 1.4 16 12 4 12 69% 150 1037 120 218%
c -  3.60 30 16 19 47 10795 1 212202 19470 1.4 16 12 4 12 69% 150 1037 120 218%
c -  3.69 31 16 19 48 10796 1 219059 19275 1.4 16 12 4 12 69% 150 1037 120 218%
c W  3.70 31 16 19 48 10796 1 219492 19590 1.4 16 12 4 12 69% 150 1037 120 218%
c u  3.77 32 16 19 48 10798 1 222625 21482 1.4 16 12 4 12 69% 150 1037 120 218%
c v  3.79 35 16 19 48 10798 1 222625 20385 1.4 16 12 4 12 69% 150 1037 120 218%
c w  3.80 35 16 19 48 10798 1 222625 19943 1.4 16 12 4 12 69% 150 1037 120 218%
c -  3.85 35 16 19 49 10800 1 225988 18499 1.4 16 12 4 12 69% 150 1037 120 218%
c ]  3.91 35 16 20 49 10803 1 229858 21271 1.4 16 12 4 12 69% 150 1037 120 218%
c {  3.91 35 17 20 49 10803 3 229858 21271 1.5 16 11 3 10 73% 150 1037 120 218%
c -  3.96 35 17 20 50 10893 2 232989 20292 1.5 16 11 3 10 73% 150 1037 120 218%
c
c seconds   switched     rate          size/glue  tier1    binary      remaining
c        MB   reductions   conflicts         size   tier2    irredundant
c         level    restarts       redundant     glue    trail      variables
c
c -  4.06 35 16 20 51 10899 2 240061 22377 1.5 16 11 3 10 72% 150 1037 120 218%
c -  4.15 35 16 20 52 10901 2 247203 23455 1.5 16 10 3 10 72% 150 1037 120 218%
c o  4.22 35 15 20 52 10906 2 251764 26866 1.5 15 10 3 10 72% 150 1037 120 218%
c -  4.27 35 15 20 53 11066 2 254415 24430 1.5 15 10 3 9 72% 150 1037 120 218%
c }  4.31 35 15 21 53 11102 2 256598 26216 1.5 15 10 3 9 72% 150 1037 120 218%
c [  4.31 35 16 21 53 11102 1 256598 26216 1.4 16 12 4 12 69% 150 1037 120 218%
c I  4.31 35 16 21 53 11102 1 256598 26216 1.4 16 12 4 12 69% 150 1037 120 218%
c -  4.39 35 15 21 54 11105 1 261698 24484 1.4 16 12 4 11 69% 150 1037 120 218%
c e  4.43 35 15 21 54 11107 1 263943 26164 1.4 16 11 4 11 69% 111 1191 101 184%
c s  4.43 35 15 21 54 11107 1 263943 26164 1.4 16 11 4 11 69% 111 1190 101 184%
c ^  4.43 35 15 21 54 11107 1 263943 26164 1.4 16 11 4 11 69% 111 1190 101 184%
c -  4.49 37 15 21 55 11109 1 269046 18474 1.4 16 11 4 11 69% 111 1190 101 184%
c u  4.61 40 15 21 55 11114 1 275819 22826 1.4 15 11 4 11 69% 111 1190 101 184%
c v  4.63 40 15 21 55 11114 1 275819 18794 1.4 15 11 4 11 69% 111 1190 101 184%
c w  4.64 40 15 21 55 11114 1 275819 16236 1.4 15 11 4 11 69% 111 1190 101 184%
c -  4.65 40 15 21 56 11114 1 276462 14151 1.4 15 11 4 11 69% 112 1190 101 184%
c -  4.74 40 15 21 57 11116 1 283946 17111 1.4 15 11 4 11 69% 112 1190 101 184%
c ]  4.76 40 15 22 57 11116 1 286175 18780 1.4 15 11 4 11 69% 112 1190 101 184%
c {  4.76 40 15 22 57 11116 2 286175 18780 1.5 15 10 3 9 72% 112 1190 101 184%
c -  4.83 40 15 22 58 11116 2 291496 19918 1.5 15 10 3 9 72% 112 1190 101 184%
c
c seconds   switched     rate          size/glue  tier1   binary      remaining
c        MB   reductions   conflicts         size   tier2   irredundant
c         level    restarts       redundant     glue   trail      variables
c
c -  4.93 40 15 22 59 11116 2 299111 22620 1.5 15 10 3 9 72% 112 1190 101 184%
c -  5.04 40 14 22 60 11116 2 306792 24717 1.6 15 10 3 9 72% 112 1190 101 184%
c -  5.14 40 14 22 61 11116 2 314538 25880 1.6 15 9 3 9 72% 112 1190 101 184%
c }  5.18 40 13 23 61 11116 2 317691 28290 1.6 14 9 3 9 72% 112 1190 101 184%
c [  5.18 40 15 23 61 11116 1 317691 28290 1.4 15 11 4 11 69% 112 1190 101 184%
c B  5.18 40 15 23 61 11116 1 317691 28290 1.4 15 11 4 11 69% 112 1190 101 184%
c -  5.25 41 15 23 62 11119 1 322349 25521 1.4 15 11 4 11 69% 112 1190 101 184%
c -  5.37 41 15 23 63 11123 1 330223 24672 1.4 15 11 4 11 69% 112 1190 101 184%
c u  5.46 41 15 23 63 11126 1 334413 27354 1.4 15 11 4 11 69% 112 1190 101 184%
c v  5.48 41 15 23 63 11126 1 334413 25497 1.4 15 11 4 11 69% 112 1190 101 184%
c w  5.49 41 15 23 63 11126 1 334413 23678 1.4 15 11 4 11 69% 112 1190 101 184%
c o  5.50 41 15 23 63 11126 1 334413 23678 1.4 15 11 4 11 69% 112 1190 101 184%
c -  5.54 41 14 23 64 11128 1 338161 21781 1.4 15 11 3 11 69% 112 1190 101 184%
c ]  5.64 41 15 24 64 11130 1 345879 27908 1.4 15 11 3 11 69% 112 1190 101 184%
c {  5.64 41 13 24 64 11130 2 345879 27908 1.6 14 9 3 9 72% 112 1190 101 184%
c -  5.65 41 13 24 65 11161 2 346162 22727 1.6 14 9 3 9 72% 112 1190 101 184%
c -  5.78 41 13 24 66 11522 2 354227 23776 1.5 14 9 3 9 72% 112 1190 101 184%
c -  5.94 41 13 24 67 12031 2 362352 26238 1.5 14 9 3 9 72% 112 1190 101 184%
c -  6.07 41 13 24 68 12049 2 370540 27172 1.5 14 9 3 9 72% 112 1190 101 184%
c -  6.22 41 13 24 69 12294 2 378786 28126 1.6 14 9 3 9 72% 112 1190 101 184%
c
c seconds   switched     rate          size/glue tier1   binary      remaining
c        MB   reductions   conflicts         size  tier2   irredundant
c         level    restarts       redundant    glue   trail      variables
c
c }  6.27 41 13 25 69 12332 2 382556 30701 1.5 14 9 3 9 72% 112 1190 101 184%
c [  6.27 41 15 25 69 12332 1 382556 30701 1.4 15 11 3 11 69% 112 1190 101 184%
c W  6.28 42 15 25 69 12332 1 382556 30701 1.4 15 11 3 11 69% 112 1190 101 184%
c -  6.34 43 15 25 70 12335 1 387093 27442 1.4 15 11 3 11 69% 112 1190 101 184%
c -  6.46 43 15 25 71 12339 1 395459 26886 1.4 15 11 3 11 69% 112 1190 101 184%
c e  6.50 43 14 25 71 12341 1 398407 28988 1.4 15 11 3 11 69%  73 1490 79 144%
c !  6.50 43 14 25 71 12341 1 398407 28988 1.4 15 11 3 11 69%  73 1490 79 144%
c u  6.54 46 14 25 71 12342 1 399344 18228 1.4 15 11 3 11 69%  73 1490 79 144%
c v  6.56 46 14 25 71 12342 1 399344 17740 1.4 15 11 3 11 69%  73 1490 79 144%
c w  6.58 46 14 25 71 12342 1 399344 16081 1.4 15 11 3 11 69%  73 1490 79 144%
c -  6.78 51 14 25 72 12345 1 403888 16713 1.4 15 11 3 11 69%  73 1490 79 144%
c -  6.85 51 14 25 73 12346 1 412375 19526 1.4 15 11 3 11 70%  73 1490 79 144%
c -  6.93 51 14 25 74 12351 1 420922 20369 1.4 15 11 3 11 70%  73 1490 79 144%
c -  7.02 51 14 25 75 12355 1 429524 21689 1.4 15 11 3 11 70%  73 1490 79 144%
c O  7.03 51 14 25 75 12356 1 430719 22481 1.4 15 11 3 11 70%  73 1490 79 144%
c o  7.03 51 14 25 75 12356 1 430719 22481 1.4 15 11 3 11 70%  73 1490 79 144%
c -  7.09 51 15 25 76 12360 1 438184 21264 1.4 15 11 3 11 71%  73 1490 79 144%
c ]  7.15 51 15 26 76 12361 1 444593 26430 1.4 15 11 3 11 71%  73 1490 79 144%
c {  7.15 51 13 26 76 12361 2 444593 26430 1.5 14 9 3 9 72%  73 1490 79 144%
c -  7.19 51 13 26 77 12568 2 446904 19832 1.5 14 9 3 9 72%  73 1490 79 144%
c
c seconds   switched     rate          size/glue tier1   binary     remaining
c        MB   reductions   conflicts         size  tier2   irredundant
c         level    restarts       redundant    glue   trail     variables
c
c -  7.31 51 13 26 78 12866 2 455679 22399 1.5 14 9 3 9 73%  73 1490 79 144%
c -  7.44 51 13 26 79 13089 2 464510 25427 1.6 14 9 3 9 73%  73 1490 79 144%
c u  7.52 52 13 26 79 13265 2 468504 28448 1.6 14 9 3 9 73%  73 1490 79 144%
c v  7.54 52 13 26 79 13265 2 468504 28284 1.6 14 9 3 9 73%  73 1490 79 144%
c w  7.54 52 13 26 79 13265 2 468504 28261 1.6 14 9 3 9 73%  73 1490 79 144%
c x  7.55 52 13 26 79 13265 2 468504 28258 1.6 14 9 3 9 73%  73 1484 79 144%
c -  7.64 52 13 26 80 13405 2 473398 27016 1.6 14 9 3 9 73%  73 1484 79 144%
c -  7.77 52 12 26 81 13646 2 482342 28125 1.5 14 9 3 8 73%  74 1484 79 144%
c }  7.84 52 12 27 81 13691 2 486811 31434 1.6 13 9 3 8 74%  74 1484 79 144%
c [  7.84 52 15 27 81 13691 1 486811 31434 1.4 15 11 3 11 71%  74 1484 79 144%
c B  7.84 52 15 27 81 13691 1 486811 31434 1.4 15 11 3 11 71%  74 1484 79 144%
c -  7.89 52 15 27 82 13694 1 491343 28225 1.4 15 11 3 11 71%  74 1484 79 144%
c -  7.99 52 15 27 83 13699 1 500398 26747 1.4 15 11 3 11 71%  74 1484 79 144%
c -  8.10 52 15 27 84 13704 1 509511 25708 1.4 15 11 3 11 72%  74 1484 79 144%
c -  8.20 52 15 27 85 13705 1 518678 25894 1.4 15 11 3 11 72%  74 1484 79 144%
c -  8.32 52 15 27 86 13711 1 527897 26498 1.4 15 11 3 11 72%  74 1484 79 144%
c -  8.44 52 15 27 87 13716 1 537172 26842 1.4 15 11 3 11 72%  74 1484 79 144%
c ]  8.45 52 15 28 87 13716 1 537282 26915 1.4 15 11 3 11 72%  74 1484 79 144%
c {  8.45 52 12 28 87 13716 2 537282 26915 1.6 13 9 3 8 74%  74 1484 79 144%
c u  8.56 55 12 28 87 13775 2 544097 31304 1.5 13 9 3 8 74%  77 1484 79 144%
c
c seconds   switched     rate          size/glue tier1   binary     remaining
c        MB   reductions   conflicts         size  tier2   irredundant
c         level    restarts       redundant    glue   trail     variables
c
c v  8.59 55 12 28 87 13775 2 544097 29545 1.5 13 9 3 8 74%  97 1484 79 144%
c w  8.61 55 12 28 87 13775 2 544097 26470 1.5 13 9 3 8 74%  78 1484 79 144%
c o  8.61 55 12 28 87 13775 2 544097 26470 1.5 13 9 3 8 74%  78 1484 79 144%
c -  8.64 55 12 28 88 13792 1 546500 24608 1.5 13 9 3 8 74%  79 1484 79 144%
c i  8.74 55 12 28 88 13880 1 554987 30014 1.5 13 8 3 8 74%  96 1484 78 142%
c -  8.76 55 12 28 89 13921 1 555880 16542 1.5 13 8 3 8 74%  74 1484 78 142%
c s  8.83 55 12 28 89 13975 1 562844 21598 1.5 13 8 3 8 74%  75 1409 78 142%
c -  8.86 55 12 28 90 14015 1 565315 21828 1.5 13 8 3 8 74%  75 1409 78 142%
c -  8.99 55 12 28 91 14458 1 574801 27170 1.5 13 8 3 8 74%  76 1409 78 142%
c -  9.10 55 11 28 92 14519 1 584341 29398 1.5 12 8 3 8 74%  79 1409 78 142%
c }  9.11 55 11 29 92 14543 1 585420 30127 1.5 12 8 3 8 74%  80 1409 78 142%
c [  9.11 55 15 29 92 14543 1 585420 30127 1.4 15 11 3 11 72%  80 1409 78 142%
c W  9.11 55 15 29 92 14543 1 585420 30127 1.4 15 11 3 11 72%  80 1409 78 142%
c -  9.22 56 15 29 93 14549 1 593932 29069 1.4 15 11 3 11 72%  80 1409 78 142%
c -  9.33 56 15 29 94 14554 1 603576 28064 1.4 15 11 3 11 72%  80 1409 78 142%
c -  9.45 56 15 29 95 14557 1 613272 28967 1.4 15 11 3 11 72%  80 1409 78 142%
c -  9.58 56 14 29 96 14561 1 623018 31032 1.4 15 11 3 11 72%  80 1409 78 142%
c u  9.65 56 14 29 96 14563 1 626148 32810 1.4 15 11 3 11 72%  84 1409 78 142%
c v  9.68 56 14 29 96 14563 1 626148 27073 1.4 15 11 3 11 72%  97 1409 78 142%
c w  9.70 56 14 29 96 14563 1 626148 22584 1.4 15 11 3 11 72%  87 1409 78 142%
c
c seconds   switched     rate          size/glue  tier1    binary     remaining
c        MB   reductions   conflicts         size   tier2    irredundant
c         level    restarts       redundant     glue    trail     variables
c
c t  9.70 56 14 29 96 14563 1 626148 22584 1.4 15 11 3 11 72%  83 1409 78 142%
c i  9.72 56 14 29 96 14564 1 627864 23713 1.4 15 11 3 11 72%  90 1409 77 140%
c ]  9.74 56 14 30 96 14564 1 630251 25530 1.4 15 11 3 11 72%  90 1409 77 140%
c {  9.74 56 11 30 96 14564 1 630251 25530 1.5 12 8 3 8 74%  90 1409 77 140%
c -  9.77 56 11 30 97 14656 1 632815 19836 1.5 12 8 3 8 74%  84 1409 77 140%
c i  9.80 56 11 30 97 14657 1 635060 21239 1.5 12 8 3 8 74%  98 1409 76 138%
c -  9.90 56 11 30 98 15136 1 642663 20279 1.5 12 8 3 8 74%  80 1409 76 138%
c i  9.96 56 11 30 98 15156 1 647840 23681 1.5 12 8 3 8 74%  92 1409 75 136%
c o  9.96 56 11 30 98 15156 1 647840 23681 1.5 12 8 3 8 74%  92 1409 75 136%
c - 10.04 56 11 30 99 15308 1 652564 19753 1.5 12 8 3 8 74%  76 1409 75 136%
c - 10.19 56 11 30 100 15840 1 662515 23980 1.5 12 8 3 8 75%  76 1409 75 136%
c - 10.37 56 11 30 101 16570 1 672517 28248 1.5 12 8 3 8 75%  76 1409 75 136%
c - 10.52 56 11 30 102 16894 1 682568 30196 1.5 12 8 3 8 75%  81 1409 75 136%
c } 10.55 56 11 31 102 16922 1 684685 31668 1.5 12 8 3 8 75%  82 1409 75 136%
c [ 10.55 56 14 31 102 16922 1 684685 31668 1.4 15 11 3 11 72%  82 1409 75 136%
c I 10.55 56 14 31 102 16922 1 684685 31668 1.4 15 11 3 11 72%  82 1409 75 136%
c - 10.67 56 14 31 103 16927 1 692667 30975 1.4 15 11 3 11 72%  83 1409 75 136%
c i 10.78 56 14 31 103 16931 1 700499 36103 1.4 15 11 3 11 72%  88 1409 74 135%
c - 10.81 56 14 31 104 16933 1 702817 20952 1.4 14 11 3 11 72%  81 1409 74 135%
c - 10.92 56 14 31 105 16936 1 713016 24552 1.4 14 10 3 11 72%  81 1409 74 135%
c
c seconds   switched      rate          size/glue  tier1    binary     remaining
c        MB   reductions    conflicts         size   tier2    irredundant
c         level     restarts       redundant     glue    trail     variables
c
c u 10.99 56 14 31 105 16936 1 715500 25918 1.4 14 10 3 11 72%  80 1174 74 135%
c v 11.03 56 14 31 105 16936 1 715500 24889 1.4 14 10 3 11 72%  80 1174 74 135%
c w 11.04 56 14 31 105 16936 1 715500 23149 1.4 14 10 3 11 72%  80 1174 74 135%
c - 11.15 56 13 31 106 16941 1 723266 26371 1.4 14 10 3 11 72%  81 1174 74 135%
c i 11.18 56 13 31 106 16942 1 725413 27727 1.4 14 10 3 11 72%  90 1174 71 129%
c i 11.23 56 13 31 106 16943 1 728918 30048 1.4 14 10 3 11 72%  96 1174 70 127%
c - 11.29 56 13 31 107 16946 1 733561 16775 1.4 14 10 3 10 72%  72 997 70 127%
c i 11.33 56 13 31 107 16949 1 736920 18989 1.4 14 10 3 10 71%  78 997 67 122%
c i 11.33 56 13 31 107 16949 1 737237 19142 1.4 14 10 3 10 71%  83 997 66 120%
c i 11.34 56 13 31 107 16949 1 738098 19656 1.4 14 10 3 10 71%  89 997 65 118%
c i 11.34 56 13 31 107 16949 1 738263 19725 1.4 14 10 3 10 71%  95 997 64 116%
c i 11.35 56 13 31 107 16950 1 738492 19856 1.4 14 10 3 10 71% 100 997 63 115%
c i 11.35 56 13 31 107 16950 1 738632 19922 1.4 14 10 3 10 71% 103 997 49 89%
c i 11.35 56 13 31 107 16950 1 738633 19921 1.4 14 10 3 10 71% 103 997 48 87%
c i 11.35 56 13 31 107 16950 1 738641 19920 1.4 14 10 3 10 71% 106 997 47 85%
c i 11.35 56 13 31 107 16950 1 738647 19920 1.4 14 10 3 10 71% 108 997 46 84%
c ] 11.35 56 13 31 107 16950 1 738649 19920 1.4 14 10 3 10 71% 108 997 19 35%
c 0 11.35 56 11 31 107 16950 1 738649 19920 1.5 12 8 3 8 75% 108 997 19 35%
c
c ---- [ result ] ------------------------------------------------------------
c
s UNSATISFIABLE
c
c ---- [ profiling ] ---------------------------------------------------------
c
c          10.24   90.27 %  search
c           5.22   46.00 %  focused
c           5.02   44.26 %  stable
c           1.09    9.58 %  simplify
c           1.08    9.50 %  probe
c           0.73    6.45 %  vivify
c           0.31    2.71 %  sweep
c           0.16    1.45 %  reduce
c           0.02    0.18 %  substitute
c           0.02    0.14 %  preprocess
c           0.02    0.14 %  factor
c           0.01    0.13 %  walking
c           0.01    0.10 %  eliminate
c           0.00    0.02 %  subsume
c           0.00    0.02 %  congruence
c           0.00    0.01 %  transitive
c           0.00    0.00 %  parse
c           0.00    0.00 %  lucky
c           0.00    0.00 %  backbone
c =============================================
c          11.35  100.00 %  total
c
c ---- [ statistics ] --------------------------------------------------------
c
c conflicts:                           738649            65083.51 per second
c decisions:                           997397                1.35 per conflict
c eliminated:                              86              156 %  variables
c factored:                               110              200 %  variables
c iterations:                              17               31 %  variables
c propagations:                      15728729          1385883    per second
c reductions:                             107             6903    interval
c reordered:                               11            67150    interval
c rephased:                                21            35174    interval
c restarts:                             16950               44    interval
c subsumed:                                 6                0 %  checks
c switched:                                31            23827    interval
c vivified:                             48297               83 %  checks
c walks:                                    7           105521    interval
c
c ---- [ glue usage ] --------------------------------------------------------
c
c focused glue 3   used 280538 clauses 16.07% accumulated 65.49% tier1
c focused glue 4   used 151043 clauses  8.65% accumulated 74.15%
c focused glue 5-6 used 183951 clauses 10.54% accumulated 84.69%
c focused glue 7   used  69438 clauses  3.98% accumulated 88.67%
c focused glue 8   used  56814 clauses  3.26% accumulated 91.92% tier2
c
c stable glue 3   used 347170 clauses 14.30% accumulated 54.89% tier1
c stable glue 4   used 225429 clauses  9.29% accumulated 64.18%
c stable glue 5-8 used 491752 clauses 20.26% accumulated 84.44%
c stable glue 9   used  75071 clauses  3.09% accumulated 87.53%
c stable glue 10  used  65026 clauses  2.68% accumulated 90.21% tier2
c
c ---- [ resources ] ---------------------------------------------------------
c
c maximum-resident-set-size:      60448309248 bytes      57648 MB
c process-time:                            11s              11.35 seconds
c
c ---- [ shutting down ] -----------------------------------------------------
c
c exit 20
