c ---- [ banner ] ------------------------------------------------------------
c
c Kissat SAT Solver
c 
c Copyright (c) 2021-2024 Armin Biere University of Freiburg
c Copyright (c) 2019-2021 Armin Biere Johannes Kepler University Linz
c 
c Version 4.0.4 8af8e56f174b778aef3aa45af9f739b2a5f492c2
c Apple clang version 17.0.0 (clang-1700.6.3.2) -W -Wall -O3 -DNDEBUG
c Mon Mar 30 18:25:47 CEST 2026 Darwin Mac 24.6.0 arm64
c
c ---- [ parsing ] -----------------------------------------------------------
c
c opened and reading DIMACS file:
c
c   tmp.cnf
c
c parsed 'p cnf 136 167076' header
c closing input after reading 4824473 bytes (5 MB)
c finished parsing after 0.02 seconds
c
c ---- [ solving ] -----------------------------------------------------------
c
c seconds switched rate     size/glue tier1 binary        remaining
c        MB reductions conflicts size  tier2   irredundant
c         level restarts redundant glue  trail        variables
c
c *  0.02 24 0 0 0  0 0   0   0 0.0 0 0 0 0 0%   6 167070 136 100%
c (  0.02 29 0 0 0  0 0   0   0 0.0 0 0 0 0 0%   6 167070 136 100%
c .  0.02 29 0 0 0  0 0   0   0 0.0 0 0 0 0 0%   6 167070 136 100%
c f  1.46 44 0 0 0  0 0   0   0 0.0 0 0 0 0 0% 817 146304 537 395%
c )  1.46 52 0 0 0  0 0   0   0 0.0 0 0 0 0 0% 817 146304 537 395%
c {  1.46 53 0 0 0  0 0   0   0 0.0 0 0 2 6 0% 817 146304 537 395%
c -  1.49 63 18 0 1 208 3 1000 615 1.5 18 12 11 16 53% 817 146304 537 395%
c }  1.49 63 18 1 1 208 3 1000 615 1.5 18 12 11 16 53% 817 146304 537 395%
c [  1.49 63 0 1 1 208 0 1000 615 0.0 0 0 2 6 0% 817 146304 537 395%
c B  1.49 63 17 1 1 208 2 1001 616 2.3 16 7 2 6 56% 817 146304 537 395%
c -  1.51 63 22 1 2 208 1 2000 1469 1.9 23 12 11 15 54% 817 146304 537 395%
c W  1.51 63 22 1 2 208 1 2002 1471 1.9 23 12 11 15 54% 817 146304 537 395%
c b  1.53 63 21 1 2 209 1 2514 1922 1.8 23 13 11 16 56% 817 146304 536 394%
c u  1.53 63 21 1 2 209 1 2514 1922 1.8 23 13 11 16 56% 817 146304 536 394%
c v  1.53 63 21 1 2 209 1 2514 1921 1.8 23 13 11 16 56% 817 146304 536 394%
c w  1.54 63 21 1 2 209 1 2514 1920 1.8 23 13 11 16 56% 817 146304 536 394%
c x  1.54 63 21 1 2 209 1 2514 1920 1.8 23 13 11 16 56% 819 146299 536 394%
c t  1.54 63 21 1 2 209 1 2514 1920 1.8 23 13 11 16 56% 791 146299 536 394%
c f  1.55 63 21 1 2 209 1 2514 1920 1.8 23 13 11 16 56% 793 146296 537 395%
c ]  1.55 63 21 2 2 209 1 2817 2184 1.8 23 13 11 16 56% 793 146296 537 395%
c
c seconds  switched  rate       size/glue  tier1     binary        remaining
c        MB reductions conflicts      size    tier2     irredundant
c         level restarts   redundant     glue     trail        variables
c
c {  1.55 63 18 2 2 209 3 2817 2184 1.5 18 12 11 16 53% 793 146296 537 395%
c -  1.57 63 18 2 3 284 3 3414 2471 1.5 19 12 11 16 53% 791 146296 537 395%
c }  1.58 63 18 3 3 284 2 3817 2781 1.6 19 12 11 16 52% 791 146296 537 395%
c [  1.58 63 21 3 3 284 1 3817 2781 1.8 23 13 11 16 56% 791 146296 537 395%
c I  1.59 63 23 3 3 284 1 4262 3200 1.8 23 13 11 16 57% 791 146296 537 395%
c ]  1.61 63 21 4 3 284 1 4804 3675 1.8 22 12 11 16 57% 791 146296 537 395%
c {  1.61 63 18 4 3 284 2 4804 3675 1.6 19 12 11 16 52% 791 146296 537 395%
c -  1.62 62 17 4 4 284 2 5146 3549 1.6 19 12 10 15 54% 791 146296 537 395%
c -  1.68 63 15 4 5 286 2 7147 4551 1.8 19 11 9 13 58% 792 146296 537 395%
c }  1.68 63 15 5 5 286 2 7156 4560 1.8 19 11 9 13 58% 792 146296 537 395%
c [  1.68 63 21 5 5 286 1 7156 4560 1.8 22 12 11 16 57% 792 146296 537 395%
c u  1.71 69 20 5 5 286 1 7743 5023 1.9 21 11 11 16 58% 792 146296 537 395%
c v  1.71 69 20 5 5 286 1 7743 5016 1.9 21 11 11 16 58% 792 146296 537 395%
c w  1.72 70 20 5 5 286 1 7743 5015 1.9 21 11 11 16 58% 792 146296 537 395%
c x  1.72 70 20 5 5 286 1 7743 5015 1.9 21 11 11 16 58% 793 146283 537 395%
c t  1.76 75 20 5 5 286 1 7743 5015 1.9 21 11 11 16 58% 791 146283 537 395%
c f  1.76 75 20 5 5 286 1 7743 5015 1.9 21 11 11 16 58% 797 146250 540 397%
c u  1.77 76 20 5 5 286 1 7743 5006 1.9 21 11 11 16 58% 797 146250 540 397%
c v  1.78 76 20 5 5 286 1 7743 4983 1.9 21 11 11 16 58% 797 146250 540 397%
c w  1.78 76 20 5 5 286 1 7743 4983 1.9 21 11 11 16 58% 797 146250 540 397%
c
c seconds  switched  rate       size/glue  tier1     binary        remaining
c        MB reductions conflicts      size    tier2     irredundant
c         level restarts   redundant     glue     trail        variables
c
c x  1.79 76 20 5 5 286 1 7743 4983 1.9 21 11 11 16 58% 798 146246 540 397%
c t  1.79 76 20 5 5 286 1 7743 4983 1.9 21 11 11 16 58% 796 146246 540 397%
c f  1.80 76 20 5 5 286 1 7743 4983 1.9 21 11 11 16 58% 804 146234 544 400%
c B  1.81 76 19 5 5 286 1 8036 5219 1.8 21 12 11 16 59% 804 146234 544 400%
c -  1.83 76 19 5 6 288 1 9385 5515 1.7 22 12 10 17 58% 804 146234 544 400%
c ]  1.84 76 19 6 6 288 1 9880 5961 1.8 22 12 10 17 58% 804 146234 544 400%
c {  1.84 76 15 6 6 288 2 9880 5961 1.8 19 11 9 13 58% 804 146234 544 400%
c o  1.88 76 14 6 6 313 2 11745 7446 1.8 18 10 9 13 58% 804 146234 544 400%
c -  1.89 75 14 6 7 313 2 11834 6460 1.8 18 10 8 13 58% 804 146234 544 400%
c s  1.92 77 14 6 7 314 2 12563 7121 1.8 18 10 8 13 57% 804 145274 544 400%
c e  1.92 77 14 6 7 314 2 12563 7121 1.8 18 10 8 13 57% 571 145420 410 301%
c s  1.93 77 14 6 7 314 2 12563 7121 1.8 18 10 8 13 57% 571 145242 410 301%
c e  1.94 77 14 6 7 314 2 12563 7121 1.8 18 10 8 13 57% 552 145261 400 294%
c ^  1.94 77 14 6 7 314 2 12563 7121 1.8 18 10 8 13 57% 552 145261 400 294%
c }  1.97 78 14 7 7 318 1 13949 8043 1.8 18 10 8 13 58% 552 145261 400 294%
c [  1.97 78 19 7 7 318 1 13949 8043 1.8 22 12 10 17 58% 552 145261 400 294%
c W  1.98 85 19 7 7 318 1 13949 8043 1.8 22 12 10 17 58% 552 145261 400 294%
c -  1.99 86 19 7 8 318 1 14480 7275 1.7 22 13 10 18 58% 552 145261 400 294%
c u  2.03 86 20 7 8 319 1 15859 8335 1.6 22 14 10 18 57% 552 145261 400 294%
c v  2.04 84 20 7 8 319 1 15859 8330 1.6 22 14 10 18 57% 552 145261 400 294%
c
c seconds  switched  rate        size/glue  tier1     binary        remaining
c        MB reductions conflicts       size    tier2     irredundant
c         level restarts    redundant     glue     trail        variables
c
c w  2.04 85 20 7 8 319 1 15859 8329 1.6 22 14 10 18 57% 552 145261 400 294%
c x  2.04 86 20 7 8 319 1 15859 8329 1.6 22 14 10 18 57% 552 145259 400 294%
c f  2.06 86 20 7 8 319 1 15859 8329 1.6 22 14 10 18 57% 580 145085 412 303%
c u  2.07 97 20 7 8 319 1 15859 8323 1.6 22 14 10 18 57% 580 145085 412 303%
c v  2.08 98 20 7 8 319 1 15859 8322 1.6 22 14 10 18 57% 580 145085 412 303%
c w  2.08 98 20 7 8 319 1 15859 8322 1.6 22 14 10 18 57% 580 145085 412 303%
c x  2.09 99 20 7 8 319 1 15859 8322 1.6 22 14 10 18 57% 580 145084 412 303%
c t  2.12 101 20 7 8 319 1 15859 8322 1.6 22 14 10 18 57% 579 145084 412 303%
c f  2.13 101 20 7 8 319 1 15859 8322 1.6 22 14 10 18 57% 591 145022 417 307%
c -  2.16 102 20 7 9 320 1 17310 8042 1.6 22 14 11 19 58% 591 145022 417 307%
c ]  2.20 103 21 8 9 322 1 19764 10238 1.6 23 15 11 19 60% 591 145022 417 307%
c {  2.20 103 14 8 9 322 1 19764 10238 1.8 18 10 8 13 58% 591 145022 417 307%
c -  2.22 103 14 8 10 452 2 20310 9662 1.8 18 10 9 12 57% 591 145022 417 307%
c o  2.26 103 14 8 10 685 2 21997 11078 1.8 18 10 9 12 56% 591 145022 417 307%
c -  2.30 104 15 8 11 901 2 23473 10919 1.8 18 10 9 13 55% 591 145022 417 307%
c s  2.34 104 14 8 11 908 2 25123 12354 1.8 18 10 9 13 56% 591 144982 417 307%
c e  2.34 104 14 8 11 908 2 25123 12354 1.8 18 10 9 13 56% 470 145155 351 258%
c s  2.36 104 14 8 11 908 2 25123 12354 1.8 18 10 9 13 56% 470 145048 351 258%
c e  2.36 104 14 8 11 908 2 25123 12354 1.8 18 10 9 13 56% 465 145056 348 256%
c ^  2.36 104 14 8 11 908 2 25123 12354 1.8 18 10 9 13 56% 465 145056 348 256%
c
c seconds   switched   rate         size/glue  tier1    binary        remaining
c         MB  reductions conflicts        size   tier2     irredundant
c          level  restarts     redundant     glue    trail        variables
c
c }  2.38 104 14 9 11 990 2 25923 12638 1.8 18 10 9 13 56% 465 145056 348 256%
c [  2.38 104 21 9 11 990 1 25923 12638 1.6 23 15 11 19 60% 465 145056 348 256%
c O  2.38 104 21 9 11 990 1 25923 12638 1.6 23 15 11 19 60% 465 145056 348 256%
c -  2.41 105 21 9 12 990 1 26792 12092 1.6 23 15 11 20 60% 465 145056 348 256%
c u  2.43 105 21 9 12 991 1 27040 12315 1.6 23 15 11 20 60% 465 145056 348 256%
c v  2.44 104 21 9 12 991 1 27040 12302 1.6 23 15 11 20 60% 465 145056 348 256%
c w  2.44 104 21 9 12 991 1 27040 12300 1.6 23 15 11 20 60% 465 145056 348 256%
c x  2.45 104 21 9 12 991 1 27040 12300 1.6 23 15 11 20 60% 467 145052 348 256%
c t  2.45 104 21 9 12 991 1 27040 12300 1.6 23 15 11 20 60% 461 145052 348 256%
c f  2.46 104 21 9 12 991 1 27040 12300 1.6 23 15 11 20 60% 473 145010 356 262%
c u  2.47 109 21 9 12 991 1 27040 12290 1.6 23 15 11 20 60% 473 145010 356 262%
c v  2.48 110 21 9 12 991 1 27040 12278 1.6 23 15 11 20 60% 473 145010 356 262%
c w  2.48 110 21 9 12 991 1 27040 12277 1.6 23 15 11 20 60% 473 145010 356 262%
c x  2.49 107 21 9 12 991 1 27040 12277 1.6 23 15 11 20 60% 475 145004 356 262%
c t  2.49 110 21 9 12 991 1 27040 12277 1.6 23 15 11 20 60% 474 145004 356 262%
c -  2.56 110 22 9 13 993 1 30256 13312 1.6 24 15 12 20 59% 474 145004 356 262%
c ]  2.62 110 21 10 13 995 1 33637 16162 1.6 24 15 12 20 59% 474 145004 356 262%
c {  2.62 110 14 10 13 995 2 33637 16162 1.8 18 10 9 13 56% 474 145004 356 262%
c -  2.63 110 14 10 14 1053 2 33863 13518 1.8 18 10 8 13 56% 474 145004 356 262%
c -  2.71 110 14 10 15 1361 2 37604 14102 1.8 18 10 8 13 56% 474 145004 356 262%
c
c seconds    switched    rate         size/glue  tier1    binary        remaining
c         MB   reductions  conflicts        size   tier2     irredundant
c          level    restarts     redundant     glue    trail        variables
c
c u  2.79 111 14 10 15 1430 2 41436 16836 1.7 17 10 8 13 56% 474 145004 356 262%
c v  2.80 111 14 10 15 1430 2 41436 16830 1.7 17 10 8 13 56% 474 145004 356 262%
c w  2.80 111 14 10 15 1430 2 41436 16819 1.7 17 10 8 13 56% 474 145004 356 262%
c x  2.81 111 14 10 15 1430 2 41436 16819 1.7 17 10 8 13 56% 478 144699 356 262%
c t  2.82 111 14 10 15 1430 2 41436 16819 1.7 17 10 8 13 56% 477 144699 356 262%
c -  2.82 111 14 10 16 1436 2 41477 14290 1.7 17 10 8 12 56% 477 144699 356 262%
c }  2.84 111 14 11 16 1523 2 42264 14801 1.7 17 10 8 12 55% 477 144699 356 262%
c [  2.84 111 21 11 16 1523 1 42264 14801 1.6 24 15 12 20 59% 477 144699 356 262%
c B  2.84 111 21 11 16 1523 1 42264 14801 1.6 24 15 12 20 59% 477 144699 356 262%
c o  2.84 111 21 11 16 1523 1 42264 14801 1.6 24 15 12 20 59% 477 144699 356 262%
c -  2.91 111 20 11 17 1525 1 45478 15433 1.6 23 15 12 19 59% 477 144699 356 262%
c -  2.99 111 19 11 18 1528 1 49601 17528 1.7 23 14 11 19 57% 477 144699 356 262%
c ]  3.00 111 19 12 18 1528 1 49867 17729 1.7 23 14 11 19 57% 477 144699 356 262%
c {  3.00 111 14 12 18 1528 2 49867 17729 1.7 17 10 8 12 55% 477 144699 356 262%
c s  3.09 111 14 12 18 1786 2 52353 19692 1.7 17 10 8 12 55% 477 144413 356 262%
c e  3.09 110 14 12 18 1786 2 52353 19692 1.7 17 10 8 12 55% 406 144540 315 232%
c s  3.11 110 14 12 18 1786 2 52353 19692 1.7 17 10 8 12 55% 406 144437 315 232%
c e  3.11 110 14 12 18 1786 2 52353 19692 1.7 17 10 8 12 55% 401 144447 312 229%
c ^  3.11 110 14 12 18 1786 2 52353 19692 1.7 17 10 8 12 55% 401 144447 312 229%
c -  3.16 111 14 12 19 1852 2 53845 18566 1.7 17 10 8 12 55% 402 144447 312 229%
c
c seconds    switched    rate         size/glue  tier1    binary        remaining
c         MB   reductions  conflicts        size   tier2     irredundant
c          level    restarts     redundant     glue    trail        variables
c
c -  3.26 111 14 12 20 2200 2 58203 19965 1.7 17 10 8 12 55% 402 144447 312 229%
c u  3.30 111 14 12 20 2215 2 59145 20680 1.7 17 10 8 12 55% 406 144447 312 229%
c v  3.32 109 14 12 20 2215 2 59145 20599 1.7 17 10 8 12 55% 406 144447 312 229%
c w  3.32 110 14 12 20 2215 2 59145 20569 1.7 17 10 8 12 55% 406 144447 312 229%
c x  3.33 110 14 12 20 2215 2 59145 20569 1.7 17 10 8 12 55% 408 144148 312 229%
c t  3.41 113 14 12 20 2215 2 59145 20569 1.7 17 10 8 12 55% 401 144148 312 229%
c f  3.42 113 14 12 20 2215 2 59145 20569 1.7 17 10 8 12 55% 420 144062 323 238%
c u  3.43 113 14 12 20 2215 2 59145 20479 1.7 17 10 8 12 55% 420 144062 323 238%
c v  3.45 112 14 12 20 2215 2 59145 20397 1.7 17 10 8 12 55% 420 144062 323 238%
c w  3.45 113 14 12 20 2215 2 59145 20381 1.7 17 10 8 12 55% 420 144062 323 238%
c x  3.47 113 14 12 20 2215 2 59145 20380 1.7 17 10 8 12 55% 422 140908 323 238%
c t  3.47 113 14 12 20 2215 2 59145 20380 1.7 17 10 8 12 55% 419 140908 323 238%
c f  3.47 113 14 12 20 2215 2 59145 20380 1.7 17 10 8 12 55% 422 140895 325 239%
c }  3.52 111 14 13 20 2380 2 61348 22072 1.6 17 10 8 12 55% 422 140895 325 239%
c [  3.52 111 19 13 20 2380 1 61348 22072 1.7 23 14 11 19 57% 422 140895 325 239%
c W  3.53 113 19 13 20 2380 1 61348 22072 1.7 23 14 11 19 57% 422 140895 325 239%
c -  3.56 113 19 13 21 2381 1 62676 21157 1.7 23 14 11 19 57% 422 140895 325 239%
c -  3.65 114 19 13 22 2384 1 67260 22991 1.7 22 14 11 18 57% 422 140895 325 239%
c -  3.72 114 19 13 23 2386 1 71950 24481 1.6 23 14 11 18 57% 422 140895 325 239%
c o  3.78 114 20 13 23 2388 1 74742 26971 1.6 23 14 11 18 58% 422 140895 325 239%
c
c seconds    switched    rate         size/glue  tier1     binary        remaining
c         MB   reductions  conflicts        size    tier2     irredundant
c          level    restarts     redundant     glue     trail        variables
c
c I  3.80 114 20 13 23 2389 1 76252 28341 1.6 23 14 11 18 58% 422 140895 325 239%
c -  3.82 114 20 13 24 2389 1 76747 25302 1.6 23 14 11 19 58% 422 140895 325 239%
c ]  3.82 114 20 14 24 2389 1 77094 25615 1.6 23 14 11 19 58% 422 140895 325 239%
c {  3.82 114 14 14 24 2389 2 77094 25615 1.6 17 10 8 12 55% 422 140895 325 239%
c u  3.93 115 14 14 24 2725 2 80282 28133 1.6 17 10 8 12 55% 422 140895 325 239%
c v  3.94 115 14 14 24 2725 2 80282 27965 1.6 17 10 8 12 55% 422 140895 325 239%
c w  3.95 115 14 14 24 2725 2 80282 27962 1.6 17 10 8 12 55% 422 140895 325 239%
c x  3.96 123 14 14 24 2725 2 80282 27962 1.6 17 10 8 12 55% 424 140228 325 239%
c t  3.97 123 14 14 24 2725 2 80282 27962 1.6 17 10 8 12 55% 422 140228 325 239%
c -  4.00 123 14 14 25 2725 2 81645 25719 1.6 16 10 8 12 55% 422 140228 325 239%
c -  4.12 124 14 14 26 3164 2 86645 26343 1.6 16 10 8 12 55% 423 140228 325 239%
c -  4.24 124 14 14 27 3435 2 91744 27643 1.6 16 10 8 12 56% 424 140228 325 239%
c }  4.24 124 14 15 27 3435 2 91810 27696 1.6 16 10 8 12 56% 424 140228 325 239%
c [  4.24 124 20 15 27 3435 1 91810 27696 1.6 23 14 11 19 58% 424 140228 325 239%
c B  4.29 124 20 15 27 3437 1 94055 29160 1.6 22 14 11 19 58% 430 140228 325 239%
c s  4.36 124 20 15 27 3438 1 96206 31049 1.6 22 14 11 19 58% 433 139662 325 239%
c e  4.36 124 20 15 27 3438 1 96206 31049 1.6 22 14 11 19 58% 345 139872 274 201%
c s  4.39 124 20 15 27 3438 1 96206 31049 1.6 22 14 11 19 58% 347 139626 274 201%
c e  4.40 124 20 15 27 3438 1 96206 31049 1.6 22 14 11 19 58% 341 139644 271 199%
c ^  4.40 124 20 15 27 3438 1 96206 31049 1.6 22 14 11 19 58% 341 139644 271 199%
c
c seconds    switched    rate         size/glue  tier1     binary        remaining
c         MB   reductions  conflicts        size    tier2     irredundant
c          level    restarts     redundant     glue     trail        variables
c
c -  4.42 124 20 15 28 3438 1 96941 28778 1.6 22 14 11 18 58% 341 139644 271 199%
c -  4.50 125 21 15 29 3441 1 102233 31154 1.6 23 14 10 18 60% 341 139644 271 199%
c u  4.56 124 21 15 29 3442 1 104981 33657 1.7 23 14 10 18 61% 341 139644 271 199%
c v  4.57 124 21 15 29 3442 1 104981 33263 1.7 23 14 10 18 61% 341 139644 271 199%
c w  4.58 124 21 15 29 3442 1 104981 33250 1.7 23 14 10 18 61% 341 139644 271 199%
c x  4.59 124 21 15 29 3442 1 104981 33249 1.7 23 14 10 18 61% 342 138721 271 199%
c t  4.60 124 21 15 29 3442 1 104981 33249 1.7 23 14 10 18 61% 333 138721 271 199%
c f  4.60 124 21 15 29 3442 1 104981 33249 1.7 23 14 10 18 61% 335 138698 273 201%
c u  4.62 122 21 15 29 3442 1 104981 33220 1.7 23 14 10 18 61% 335 138698 273 201%
c v  4.64 124 21 15 29 3442 1 104981 33051 1.7 23 14 10 18 61% 338 138698 273 201%
c w  4.65 124 21 15 29 3442 1 104981 33049 1.7 23 14 10 18 61% 338 138698 273 201%
c x  4.66 124 21 15 29 3442 1 104981 33049 1.7 23 14 10 18 61% 341 138021 273 201%
c t  4.66 124 21 15 29 3442 1 104981 33049 1.7 23 14 10 18 61% 335 138021 273 201%
c f  4.67 124 21 15 29 3442 1 104981 33049 1.7 23 14 10 18 61% 337 138009 274 201%
c -  4.74 125 22 15 30 3444 1 107618 32725 1.7 23 14 10 18 61% 337 138009 274 201%
c -  4.83 125 23 15 31 3448 1 113096 33660 1.7 24 14 10 19 62% 337 138009 274 201%
c ]  4.84 125 23 16 31 3448 1 114151 34506 1.7 24 15 10 19 62% 337 138009 274 201%
c {  4.84 125 14 16 31 3448 2 114151 34506 1.6 16 10 8 12 56% 337 138009 274 201%
c o  4.88 125 14 16 31 3620 2 115743 35841 1.6 16 10 8 12 55% 337 138009 274 201%
c -  4.94 126 14 16 32 3657 2 118667 34549 1.6 16 10 8 12 55% 337 138009 274 201%
c
c seconds    switched    rate          size/glue  tier1    binary        remaining
c         MB   reductions  conflicts         size   tier2     irredundant
c          level    restarts      redundant     glue    trail        variables
c
c -  5.07 129 13 16 33 3896 2 124324 31145 1.6 16 10 7 12 56% 337 138009 274 201%
c -  5.21 136 14 16 34 4486 2 130068 30512 1.6 16 10 7 12 56% 337 138009 274 201%
c }  5.26 136 14 17 34 4683 2 132490 32230 1.6 16 10 7 12 57% 337 138009 274 201%
c [  5.26 136 23 17 34 4683 1 132490 32230 1.7 24 15 10 19 62% 337 138009 274 201%
c W  5.27 146 23 17 34 4683 1 132490 32230 1.7 24 15 10 19 62% 337 138009 274 201%
c u  5.32 154 23 17 34 4683 1 133308 32832 1.6 24 15 10 19 62% 337 138009 274 201%
c v  5.33 152 23 17 34 4683 1 133308 32427 1.6 24 15 10 19 62% 338 138009 274 201%
c w  5.34 154 23 17 34 4683 1 133308 32387 1.6 24 15 10 19 62% 338 138009 274 201%
c x  5.36 156 23 17 34 4683 1 133308 32385 1.6 24 15 10 19 62% 341 136949 274 201%
c =  5.42 159 23 17 34 4683 1 133308 32385 1.6 24 15 10 19 62% 343 136949 273 201%
c d  5.42 159 23 17 34 4683 1 133308 32383 1.6 24 15 10 19 62% 340 136949 273 201%
c t  5.42 159 23 17 34 4683 1 133308 32383 1.6 24 15 10 19 62% 333 136949 273 201%
c b  5.42 159 23 17 34 4683 1 133308 32383 1.6 24 15 10 19 62% 333 136949 272 200%
c u  5.45 159 23 17 34 4683 1 133308 32198 1.6 24 15 10 19 62% 333 136949 272 200%
c v  5.47 159 23 17 34 4683 1 133308 31637 1.6 24 15 10 19 62% 333 136949 272 200%
c w  5.48 159 23 17 34 4683 1 133308 31627 1.6 24 15 10 19 62% 333 136949 272 200%
c x  5.49 159 23 17 34 4683 1 133308 31627 1.6 24 15 10 19 62% 336 136110 272 200%
c t  5.50 159 23 17 34 4683 1 133308 31627 1.6 24 15 10 19 62% 333 136110 272 200%
c f  5.50 159 23 17 34 4683 1 133308 31627 1.6 24 15 10 19 62% 335 136085 274 201%
c -  5.55 162 23 17 35 4685 1 135898 30997 1.6 24 14 10 19 62% 333 136085 274 201%
c
c seconds    switched    rate          size/glue  tier1     binary        remaining
c         MB   reductions  conflicts         size    tier2     irredundant
c          level    restarts      redundant     glue     trail        variables
c
c -  5.64 162 23 17 36 4689 1 141815 32552 1.7 24 14 10 18 63% 333 136085 274 201%
c -  5.75 162 22 17 37 4692 1 147815 33834 1.7 23 14 10 18 63% 333 136085 274 201%
c -  5.86 162 22 17 38 4696 1 153898 34789 1.7 23 14 10 18 62% 333 136085 274 201%
c O  5.89 162 22 17 38 4696 1 156715 37402 1.7 23 14 10 18 63% 333 136085 274 201%
c ]  5.91 162 22 18 38 4697 1 157617 38172 1.7 23 14 10 18 63% 333 136085 274 201%
c {  5.91 162 14 18 38 4697 2 157617 38172 1.6 16 10 7 12 57% 333 136085 274 201%
c s  5.98 170 14 18 38 4879 2 158471 38844 1.6 16 10 7 12 57% 336 135688 274 201%
c e  5.99 170 14 18 38 4879 2 158471 38844 1.6 16 10 7 12 57% 240 136051 222 163%
c 2  5.99 170 14 18 38 4879 2 158471 38844 1.6 16 10 7 12 57% 239 136051 222 163%
c s  6.02 171 14 18 38 4879 2 158471 38844 1.6 16 10 7 12 57% 242 135729 222 163%
c e  6.03 171 14 18 38 4879 2 158471 38844 1.6 16 10 7 12 57% 235 135775 217 160%
c ^  6.03 171 14 18 38 4879 2 158471 38844 1.6 16 10 7 12 57% 235 135775 217 160%
c -  6.11 171 14 18 39 5204 2 160062 35043 1.6 16 10 7 12 57% 236 135774 217 160%
c b  6.30 179 14 18 39 5814 2 165364 39455 1.6 16 10 7 12 56% 237 135774 216 159%
c u  6.32 179 14 18 39 5814 2 165364 39407 1.6 16 10 7 12 56% 237 135774 216 159%
c v  6.35 179 14 18 39 5814 2 165364 39228 1.6 16 10 7 12 56% 237 135774 216 159%
c w  6.36 179 14 18 39 5814 2 165364 39169 1.6 16 10 7 12 56% 237 135774 216 159%
c x  6.38 191 14 18 39 5814 2 165364 39168 1.6 16 10 7 12 56% 241 135491 216 159%
c t  6.38 191 14 18 39 5814 2 165364 39168 1.6 16 10 7 12 56% 223 135491 216 159%
c f  6.39 191 14 18 39 5814 2 165364 39168 1.6 16 10 7 12 56% 226 135471 217 160%
c
c seconds    switched    rate          size/glue  tier1    binary        remaining
c         MB   reductions  conflicts         size   tier2     irredundant
c          level    restarts      redundant     glue    trail        variables
c
c -  6.43 191 14 18 40 5935 2 166306 35946 1.6 16 10 7 12 57% 224 135471 217 160%
c o  6.49 191 14 18 40 6048 2 168703 37909 1.6 16 10 7 12 57% 224 135471 217 160%
c -  6.59 191 14 18 41 6490 2 172631 36541 1.6 16 10 7 12 57% 224 135471 217 160%
c -  6.83 191 14 18 42 7360 2 179035 37194 1.6 17 10 7 12 56% 226 135471 217 160%
c }  6.86 190 14 19 42 7416 2 179963 37989 1.6 17 10 7 12 56% 226 135471 217 160%
c [  6.86 190 22 19 42 7416 1 179963 37989 1.7 23 14 10 18 63% 226 135471 217 160%
c B  6.95 191 21 19 42 7419 1 184455 41770 1.7 23 13 10 18 63% 226 135471 217 160%
c -  6.97 191 21 19 43 7420 1 185518 38318 1.7 23 13 10 18 63% 226 135471 217 160%
c -  7.10 191 21 19 44 7422 1 192079 39061 1.7 22 13 9 17 63% 226 135471 217 160%
c -  7.23 191 20 19 45 7428 1 198713 39640 1.7 22 13 9 17 63% 226 135471 217 160%
c d  7.29 191 20 19 45 7429 1 201256 41508 1.7 22 13 9 17 63% 222 127259 215 158%
c b  7.29 191 20 19 45 7429 1 201256 41508 1.7 22 13 9 17 63% 222 127259 214 157%
c u  7.32 192 20 19 45 7429 1 201256 40724 1.7 22 13 9 17 63% 222 127259 214 157%
c v  7.35 192 20 19 45 7429 1 201256 39679 1.7 22 13 9 17 63% 222 127259 214 157%
c w  7.36 192 20 19 45 7429 1 201256 38960 1.7 22 13 9 17 63% 222 127259 214 157%
c x  7.39 199 20 19 45 7429 1 201256 38960 1.7 22 13 9 17 63% 224 126340 214 157%
c t  7.49 202 20 19 45 7429 1 201256 38960 1.7 22 13 9 17 63% 221 126340 214 157%
c f  7.52 202 20 19 45 7429 1 201256 38960 1.7 22 13 9 17 63% 264 125809 230 169%
c u  7.56 202 20 19 45 7429 1 201256 38625 1.7 22 13 9 17 63% 264 125809 230 169%
c v  7.58 201 20 19 45 7429 1 201256 38544 1.7 22 13 9 17 63% 264 125809 230 169%
c
c seconds    switched    rate          size/glue  tier1    binary        remaining
c         MB   reductions  conflicts         size   tier2     irredundant
c          level    restarts      redundant     glue    trail        variables
c
c w  7.59 202 20 19 45 7429 1 201256 38125 1.7 22 13 9 17 63% 264 125809 230 169%
c x  7.61 204 20 19 45 7429 1 201256 38125 1.7 22 13 9 17 63% 266 125027 230 169%
c t  7.62 204 20 19 45 7429 1 201256 38125 1.7 22 13 9 17 63% 264 125027 230 169%
c f  7.62 204 20 19 45 7429 1 201256 38125 1.7 22 13 9 17 63% 265 125009 231 170%
c -  7.72 204 20 19 46 7430 1 205423 37545 1.7 22 13 9 17 62% 263 125009 231 170%
c -  7.80 203 20 19 47 7430 1 212205 40025 1.8 23 13 9 17 64% 263 125009 231 170%
c W  7.90 205 20 19 47 7433 1 215906 43242 1.8 23 13 9 17 64% 263 125009 231 170%
c -  7.97 205 20 19 48 7435 1 219061 41523 1.8 23 13 9 17 64% 263 125009 231 170%
c ]  8.06 205 20 20 48 7437 1 223512 45051 1.8 22 13 9 17 64% 263 125009 231 170%
c {  8.06 205 14 20 48 7437 2 223512 45051 1.6 17 10 7 12 56% 263 125009 231 170%
c -  8.12 206 14 20 49 7684 2 225989 41819 1.6 17 10 7 12 56% 263 125009 231 170%
c o  8.19 206 14 20 49 8061 2 228762 43777 1.6 17 10 7 12 56% 263 125009 231 170%
c -  8.31 206 14 20 50 8401 2 232991 41809 1.6 16 10 7 12 56% 263 125009 231 170%
c -  8.46 205 14 20 51 8634 2 240063 42447 1.6 16 10 7 12 56% 263 125009 231 170%
c s  8.55 205 14 20 51 8634 2 240835 43037 1.6 16 10 7 12 56% 264 124154 231 170%
c e  8.55 205 14 20 51 8634 2 240835 43037 1.6 16 10 7 12 56% 183 124519 191 140%
c s  8.62 205 14 20 51 8634 2 240835 43037 1.6 16 10 7 12 56% 183 124103 191 140%
c e  8.62 205 14 20 51 8634 2 240835 43037 1.6 16 10 7 12 56% 180 124121 190 140%
c !  8.62 205 14 20 51 8634 2 240835 43037 1.6 16 10 7 12 56% 180 124121 190 140%
c u  8.66 205 14 20 51 8667 2 240976 41087 1.6 16 10 7 12 56% 180 124121 190 140%
c
c seconds    switched    rate          size/glue  tier1    binary        remaining
c         MB   reductions  conflicts         size   tier2     irredundant
c          level    restarts      redundant     glue    trail        variables
c
c v  8.68 205 14 20 51 8667 2 240976 40803 1.6 16 10 7 12 56% 180 124121 190 140%
c w  8.69 205 14 20 51 8667 2 240976 40707 1.6 16 10 7 12 56% 180 124121 190 140%
c x  8.71 205 14 20 51 8667 2 240976 40705 1.6 16 10 7 12 56% 186 123122 190 140%
c t  8.71 205 14 20 51 8667 2 240976 40705 1.6 16 10 7 12 56% 177 123122 190 140%
c f  8.72 205 14 20 51 8667 2 240976 40705 1.6 16 10 7 12 56% 196 122920 199 146%
c u  8.76 205 14 20 51 8667 2 240976 40431 1.6 16 10 7 12 56% 196 122920 199 146%
c v  8.78 205 14 20 51 8667 2 240976 40193 1.6 16 10 7 12 56% 196 122920 199 146%
c w  8.79 205 14 20 51 8667 2 240976 40171 1.6 16 10 7 12 56% 196 122920 199 146%
c x  8.81 205 14 20 51 8667 2 240976 40170 1.6 16 10 7 12 56% 198 122448 199 146%
c t  8.82 205 14 20 51 8667 2 240976 40170 1.6 16 10 7 12 56% 197 122448 199 146%
c -  8.98 206 14 20 52 9094 2 247204 40944 1.6 16 10 7 12 56% 197 122448 199 146%
c }  9.06 205 14 21 52 9307 2 250251 43416 1.6 16 10 7 12 56% 197 122448 199 146%
c [  9.06 205 20 21 52 9307 1 250251 43416 1.8 22 13 9 17 64% 197 122448 199 146%
c I  9.08 205 20 21 52 9307 1 251257 44158 1.8 22 13 9 17 64% 197 122448 199 146%
c -  9.15 205 19 21 53 9310 1 254417 43317 1.8 22 13 9 16 63% 198 122448 199 146%
c -  9.30 205 19 21 54 9313 1 261697 45023 1.8 22 13 9 16 63% 198 122448 199 146%
c -  9.46 205 19 21 55 9319 1 269047 45530 1.7 22 13 9 17 63% 198 122448 199 146%
c -  9.61 206 20 21 56 9321 1 276463 46000 1.7 22 13 9 17 64% 198 122448 199 146%
c -  9.71 206 21 21 57 9322 1 283946 44472 1.7 23 14 9 17 63% 199 122447 199 146%
c u  9.76 205 21 21 57 9323 1 284664 44988 1.7 23 14 9 17 63% 199 122447 199 146%
c
c seconds    switched    rate          size/glue  tier1    binary        remaining
c         MB   reductions  conflicts         size   tier2     irredundant
c          level    restarts      redundant     glue    trail        variables
c
c v  9.78 206 21 21 57 9323 1 284664 44934 1.7 23 14 9 17 63% 199 122447 199 146%
c w  9.80 206 21 21 57 9323 1 284664 44854 1.7 23 14 9 17 63% 199 122447 199 146%
c x  9.82 206 21 21 57 9323 1 284664 44853 1.7 23 14 9 17 63% 204 120238 199 146%
c =  9.96 206 21 21 57 9323 1 284664 44853 1.7 23 14 9 17 63% 204 115196 198 146%
c t  9.97 206 21 21 57 9323 1 284664 42962 1.7 23 14 9 17 63% 199 115190 198 146%
c u 10.00 206 21 21 57 9323 1 284664 42915 1.7 23 14 9 17 63% 199 115190 198 146%
c v 10.03 206 21 21 57 9323 1 284664 42846 1.7 23 14 9 17 63% 199 115190 198 146%
c w 10.04 206 21 21 57 9323 1 284664 42842 1.7 23 14 9 17 63% 199 115190 198 146%
c x 10.06 206 21 21 57 9323 1 284664 42840 1.7 23 14 9 17 63% 199 114795 198 146%
c ] 10.08 206 21 22 57 9323 1 285243 43381 1.7 23 14 9 17 63% 199 114795 198 146%
c { 10.08 206 14 22 57 9323 2 285243 43381 1.6 16 10 7 12 56% 199 114795 198 146%
c - 10.21 205 14 22 58 9470 2 291497 42203 1.6 16 10 7 12 57% 186 114795 198 146%
c - 10.38 205 14 22 59 9542 2 299112 44160 1.6 16 10 7 12 58% 186 114795 198 146%
c o 10.41 205 14 22 59 9559 2 301542 46200 1.6 16 10 7 12 58% 186 114795 198 146%
c - 10.53 206 13 22 60 9565 1 306794 45725 1.6 16 10 7 12 58% 186 114795 198 146%
c - 10.71 205 13 22 61 9580 1 314540 47490 1.7 16 10 7 12 58% 187 114795 198 146%
c } 10.75 205 13 23 61 9641 1 316759 49285 1.7 16 10 7 12 59% 188 114795 198 146%
c [ 10.75 205 21 23 61 9641 1 316759 49285 1.7 23 14 9 17 63% 188 114795 198 146%
c B 10.75 205 21 23 61 9641 1 316759 49285 1.7 23 14 9 17 63% 188 114795 198 146%
c - 10.86 205 22 23 62 9645 1 322352 48978 1.6 23 14 9 17 64% 188 114795 198 146%
c
c seconds    switched    rate          size/glue  tier1    binary        remaining
c         MB   reductions  conflicts         size   tier2     irredundant
c          level    restarts      redundant     glue    trail        variables
c
c - 11.01 205 22 23 63 9649 1 330226 49504 1.6 23 14 9 17 64% 188 114795 198 146%
c u 11.08 205 22 23 63 9650 1 332346 51249 1.6 23 14 9 17 64% 188 114795 198 146%
c v 11.11 205 22 23 63 9650 1 332346 51237 1.6 23 14 9 17 64% 188 114795 198 146%
c w 11.12 205 22 23 63 9650 1 332346 51189 1.6 23 14 9 17 64% 188 114795 198 146%
c x 11.14 206 22 23 63 9650 1 332346 51189 1.6 23 14 9 17 64% 190 113999 198 146%
c t 11.19 205 22 23 63 9650 1 332346 51189 1.6 23 14 9 17 64% 189 113999 198 146%
c - 11.28 205 22 23 64 9654 1 338163 48969 1.6 23 14 9 17 66% 189 113999 198 146%
c s 11.45 205 22 23 64 9655 1 344726 54784 1.6 23 14 9 17 66% 191 113487 198 146%
c e 11.45 205 22 23 64 9655 1 344726 54784 1.6 23 14 9 17 66% 167 113608 185 136%
c s 11.51 205 22 23 64 9655 1 344726 54784 1.6 23 14 9 17 66% 167 113313 185 136%
c e 11.52 205 22 23 64 9655 1 344726 54784 1.6 23 14 9 17 66% 155 113380 181 133%
c - 11.54 205 22 23 65 9655 1 346165 49624 1.7 23 14 9 17 67% 155 113380 181 133%
c - 11.64 205 22 23 66 9659 1 354228 51628 1.7 23 14 9 17 68% 155 113380 181 133%
c W 11.71 205 21 23 66 9662 1 360470 56692 1.7 23 14 9 17 70% 155 113380 181 133%
c - 11.74 205 21 23 67 9663 1 362353 52012 1.7 23 14 9 17 70% 155 113380 181 133%
c ] 11.82 202 21 24 67 9667 1 367423 55128 1.7 23 14 9 17 71% 155 113380 181 133%
c { 11.82 202 13 24 67 9667 1 367423 55128 1.7 16 10 7 12 59% 155 113380 181 133%
c - 11.87 205 13 24 68 9802 1 370538 50504 1.6 16 10 7 12 60% 155 113380 181 133%
c - 11.98 205 13 24 69 9854 1 378785 49732 1.6 16 10 7 11 62% 155 113380 181 133%
c o 12.05 206 13 24 69 9978 1 381568 51825 1.6 16 10 7 11 62% 155 113380 181 133%
c
c seconds    switched     rate          size/glue  tier1    binary        remaining
c         MB   reductions   conflicts         size   tier2     irredundant
c          level    restarts       redundant     glue    trail        variables
c
c u 12.15 206 13 24 69 10140 1 384129 53737 1.6 16 10 7 11 62% 156 113380 181 133%
c v 12.17 205 13 24 69 10140 1 384129 48929 1.6 16 10 7 11 62% 156 113380 181 133%
c w 12.18 205 13 24 69 10140 1 384129 48892 1.6 16 10 7 11 62% 156 113380 181 133%
c x 12.20 205 13 24 69 10140 1 384129 48891 1.6 16 10 7 11 62% 157 112411 181 133%
c t 12.20 205 13 24 69 10140 1 384129 48891 1.6 16 10 7 11 62% 153 112411 181 133%
c f 12.21 205 13 24 69 10140 1 384129 48891 1.6 16 10 7 11 62% 162 112341 184 135%
c u 12.24 204 13 24 69 10140 1 384129 48843 1.6 16 10 7 11 62% 162 112341 184 135%
c v 12.26 205 13 24 69 10140 1 384129 48830 1.6 16 10 7 11 62% 162 112341 184 135%
c w 12.27 205 13 24 69 10140 1 384129 48828 1.6 16 10 7 11 62% 162 112341 184 135%
c x 12.29 205 13 24 69 10140 1 384129 48825 1.6 16 10 7 11 62% 162 109584 184 135%
c f 12.29 205 13 24 69 10140 1 384129 48825 1.6 16 10 7 11 62% 164 109560 185 136%
c - 12.37 205 13 24 70 10263 1 387092 47866 1.6 16 10 7 11 62% 164 109560 185 136%
c - 12.58 205 13 24 71 10851 1 395459 52309 1.6 16 10 7 11 61% 164 109560 185 136%
c - 12.82 206 13 24 72 11612 1 403885 54353 1.6 16 10 7 11 61% 164 109560 185 136%
c } 12.82 206 13 25 72 11630 1 404100 54531 1.6 16 10 7 11 61% 164 109560 185 136%
c [ 12.82 206 21 25 72 11630 1 404100 54531 1.7 23 14 9 17 71% 164 109560 185 136%
c O 12.91 204 20 25 72 11633 1 408631 58295 1.7 22 13 9 17 70% 164 109560 185 136%
c - 12.99 205 21 25 73 11636 1 412370 55422 1.6 22 14 9 17 70% 164 109560 185 136%
c - 13.17 206 21 25 74 11640 1 420916 55162 1.6 23 14 9 17 69% 164 109560 185 136%
c - 13.36 206 22 25 75 11644 1 429519 54800 1.6 23 14 9 17 68% 164 109560 185 136%
c
c seconds    switched     rate          size/glue  tier1    binary        remaining
c         MB   reductions   conflicts         size   tier2     irredundant
c          level    restarts       redundant     glue    trail        variables
c
c - 13.56 206 21 25 76 11646 1 438180 56483 1.6 23 14 9 17 67% 164 109560 185 136%
c u 13.65 205 21 25 76 11647 1 440047 58044 1.6 23 14 9 17 67% 165 109560 185 136%
c v 13.68 206 21 25 76 11647 1 440047 57856 1.6 23 14 9 17 67% 165 109560 185 136%
c w 13.70 206 21 25 76 11647 1 440047 57089 1.6 23 14 9 17 67% 165 109560 185 136%
c x 13.72 206 21 25 76 11647 1 440047 57086 1.6 23 14 9 17 67% 166 108246 185 136%
c t 13.93 206 21 25 76 11647 1 440047 57086 1.6 23 14 9 17 67% 164 108246 185 136%
c f 13.93 206 21 25 76 11647 1 440047 57086 1.6 23 14 9 17 67% 168 108188 187 138%
c u 13.98 205 21 25 76 11647 1 440047 57016 1.6 23 14 9 17 67% 172 108188 186 137%
c v 14.01 206 21 25 76 11647 1 440047 56837 1.6 23 14 9 17 67% 171 108188 186 137%
c w 14.03 206 21 25 76 11647 1 440047 56778 1.6 23 14 9 17 67% 171 108188 186 137%
c x 14.05 206 21 25 76 11647 1 440047 56777 1.6 23 14 9 17 67% 172 103093 186 137%
c d 14.06 206 21 25 76 11647 1 440047 55767 1.6 23 14 9 17 67% 170 101249 185 136%
c t 14.06 206 21 25 76 11647 1 440047 55767 1.6 23 14 9 17 67% 169 101249 184 135%
c b 14.06 206 21 25 76 11647 1 440047 55767 1.6 23 14 9 17 67% 169 101249 183 135%
c f 14.07 206 21 25 76 11647 1 440047 55767 1.6 23 14 9 17 67% 180 101107 190 140%
c i 14.07 206 21 25 76 11647 1 440047 55767 1.6 23 14 9 17 67% 180 101107 190 140%
c ] 14.08 206 21 26 76 11647 1 440347 56019 1.6 23 14 9 17 67% 180 101107 190 140%
c { 14.08 206 13 26 76 11647 1 440347 56019 1.6 16 10 7 11 61% 180 101107 190 140%
c - 14.23 206 13 26 77 12199 1 446898 55280 1.6 16 10 7 11 60% 167 96397 190 140%
c - 14.42 207 13 26 78 12844 1 455672 55706 1.6 16 10 7 11 60% 167 96397 190 140%
c
c seconds    switched     rate          size/glue  tier1    binary       remaining
c         MB   reductions   conflicts         size   tier2     irredundant
c          level    restarts       redundant     glue    trail       variables
c
c - 14.61 206 13 26 79 13188 1 464503 56072 1.6 16 10 7 11 61% 167 96397 190 140%
c s 14.83 207 13 26 79 13491 1 471646 61283 1.6 15 10 7 11 60% 176 95368 190 140%
c e 14.83 205 13 26 79 13491 1 471646 61283 1.6 15 10 7 11 60% 147 95520 173 127%
c 2 14.83 205 13 26 79 13491 1 471646 61283 1.6 15 10 7 11 60% 145 95520 173 127%
c s 14.90 206 13 26 79 13491 1 471646 61283 1.6 15 10 7 11 60% 146 95147 173 127%
c e 14.91 206 13 26 79 13491 1 471646 61283 1.6 15 10 7 11 60% 141 95181 171 126%
c o 14.91 206 13 26 79 13491 1 471646 60624 1.6 15 10 7 11 60% 141 95181 171 126%
c - 14.95 206 13 26 80 13521 1 473394 56669 1.6 16 10 7 11 60% 141 95181 171 126%
c - 15.16 206 13 26 81 13898 1 482338 57667 1.6 15 10 7 11 59% 141 95181 171 126%
c } 15.17 206 13 27 81 13898 1 482567 57856 1.6 15 10 7 11 59% 141 95181 171 126%
c [ 15.17 206 21 27 81 13898 1 482567 57856 1.6 23 14 9 17 67% 141 95181 171 126%
c B 15.17 206 21 27 81 13898 1 482567 57856 1.6 23 14 9 17 67% 141 95181 171 126%
c - 15.34 207 22 27 82 13904 1 491340 57927 1.6 23 14 9 17 68% 141 95181 171 126%
c u 15.55 206 21 27 82 13909 1 500173 65670 1.6 23 14 9 17 68% 141 95181 171 126%
c v 15.58 207 21 27 82 13909 1 500173 65321 1.6 23 14 9 17 68% 141 95181 171 126%
c w 15.60 207 21 27 82 13909 1 500173 65263 1.6 23 14 9 17 68% 141 95181 171 126%
c x 15.63 207 21 27 82 13909 1 500173 65254 1.6 23 14 9 17 68% 141 94254 171 126%
c t 15.63 207 21 27 82 13909 1 500173 65254 1.6 23 14 9 17 68% 139 94254 171 126%
c f 15.64 207 21 27 82 13909 1 500173 65254 1.6 23 14 9 17 68% 161 93928 181 133%
c u 15.68 206 21 27 82 13909 1 500173 65149 1.6 23 14 9 17 68% 161 93928 181 133%
c
c seconds    switched     rate          size/glue  tier1    binary       remaining
c         MB   reductions   conflicts         size   tier2     irredundant
c          level    restarts       redundant     glue    trail       variables
c
c v 15.72 206 21 27 82 13909 1 500173 65023 1.6 23 14 9 17 68% 161 93928 181 133%
c w 15.73 206 21 27 82 13909 1 500173 64986 1.6 23 14 9 17 68% 161 93928 181 133%
c x 15.75 206 21 27 82 13909 1 500173 64986 1.6 23 14 9 17 68% 161 93851 181 133%
c t 15.76 206 21 27 82 13909 1 500173 64986 1.6 23 14 9 17 68% 160 93851 181 133%
c - 15.78 207 21 27 83 13909 1 500397 58694 1.6 23 14 9 17 68% 160 93851 181 133%
c - 15.96 206 22 27 84 13912 1 509507 59400 1.6 23 15 9 17 68% 160 93851 181 133%
c - 16.17 206 21 27 85 13915 1 518672 59575 1.6 23 14 9 17 68% 160 93851 181 133%
c - 16.37 207 21 27 86 13919 1 527891 61633 1.6 23 14 9 17 68% 160 93851 181 133%
c ] 16.38 207 21 28 86 13920 1 528204 61906 1.6 23 14 9 17 68% 160 93851 181 133%
c { 16.38 207 13 28 86 13920 1 528204 61906 1.6 15 10 7 11 59% 160 93851 181 133%
c - 16.59 207 13 28 87 14305 1 537164 62242 1.6 16 10 7 11 59% 160 93851 181 133%
c - 16.81 207 13 28 88 14781 1 546491 62288 1.6 15 10 7 11 59% 160 93851 181 133%
c - 17.03 206 13 28 89 15586 1 555873 63514 1.6 16 10 7 11 59% 160 93851 181 133%
c u 17.23 207 13 28 89 15655 1 564585 69920 1.6 16 10 7 11 59% 160 93851 181 133%
c v 17.27 207 13 28 89 15655 1 564585 66510 1.6 16 10 7 11 59% 160 93851 181 133%
c w 17.28 207 13 28 89 15655 1 564585 66420 1.6 16 10 7 11 59% 160 93851 181 133%
c x 17.31 207 13 28 89 15655 1 564585 66413 1.6 16 10 7 11 59% 160 93334 181 133%
c - 17.50 210 13 28 90 15724 1 565306 61000 1.6 16 10 7 11 59% 160 93334 181 133%
c o 17.66 217 13 28 90 16260 1 572103 66331 1.6 16 10 7 11 59% 160 93334 181 133%
c - 17.73 217 13 28 91 16383 1 574795 61891 1.6 16 10 7 11 59% 160 93334 181 133%
c
c seconds    switched     rate          size/glue  tier1    binary       remaining
c         MB   reductions   conflicts         size   tier2     irredundant
c          level    restarts       redundant     glue    trail       variables
c
c } 17.76 217 13 29 91 16496 1 576343 63046 1.6 16 10 7 11 59% 160 93334 181 133%
c [ 17.76 217 21 29 91 16496 1 576343 63046 1.6 23 14 9 17 68% 160 93334 181 133%
c W 17.77 217 21 29 91 16496 1 576343 63046 1.6 23 14 9 17 68% 160 93334 181 133%
c - 17.91 217 21 29 92 16501 1 584335 64249 1.7 23 14 9 17 69% 160 93334 181 133%
c ] 18.06 216 21 29 92 16506 1 593085 71800 1.7 24 14 9 17 69% 160 93334 181 133%
c 1 18.06 216 13 29 92 16506 1 593085 71800 1.6 16 10 7 11 59% 160 93334 181 133%
c
c ---- [ result ] ------------------------------------------------------------
c
s SATISFIABLE
v -1 2 3 -4 -5 -6 7 8 -9 10 11 12 -13 14 15 -16 17 18 -19 -20 21 22 23 24 25
v 26 27 -28 29 30 31 -32 33 -34 35 -36 37 38 -39 40 41 42 43 44 45 46 -47 -48
v -49 50 51 52 -53 54 -55 56 -57 58 59 -60 -61 62 63 64 -65 66 -67 68 -69 -70
v 71 72 73 -74 -75 76 77 78 79 80 -81 82 83 84 85 86 87 -88 89 90 -91 -92 93
v -94 95 96 -97 98 99 100 -101 102 -103 104 105 -106 107 108 109 -110 -111 112
v 113 114 -115 116 117 118 119 120 -121 122 -123 124 125 126 127 -128 129 130
v 131 -132 133 -134 135 -136 0
c
c ---- [ profiling ] ---------------------------------------------------------
c
c          12.58   69.67 %  search
c           6.60   36.52 %  focused
c           5.99   33.14 %  stable
c           4.72   26.15 %  probe
c           4.02   22.26 %  simplify
c           1.99   11.04 %  vivify
c           1.64    9.07 %  factor
c           1.44    7.95 %  preprocess
c           0.85    4.70 %  sweep
c           0.70    3.85 %  eliminate
c           0.63    3.50 %  subsume
c           0.43    2.36 %  reduce
c           0.20    1.12 %  substitute
c           0.04    0.21 %  walking
c           0.03    0.16 %  congruence
c           0.02    0.10 %  parse
c           0.01    0.05 %  transitive
c           0.00    0.02 %  lucky
c           0.00    0.01 %  backbone
c           0.00    0.00 %  extend
c =============================================
c          18.06  100.00 %  total
c
c ---- [ statistics ] --------------------------------------------------------
c
c conflicts:                           593085            32839.82 per second
c decisions:                           769441                1.30 per conflict
c eliminated:                             445              327 %  variables
c factored:                               502              369 %  variables
c propagations:                      11523807           638087    per second
c reductions:                              92             6447    interval
c reordered:                               11            53917    interval
c rephased:                                20            29654    interval
c restarts:                             16506               36    interval
c strengthened:                          1150                0 %  checks
c substituted:                              4                3 %  variables
c subsumed:                              6662                0 %  checks
c switched:                                29            20451    interval
c vivified:                             53545               86 %  checks
c walks:                                    7            84726    interval
c
c ---- [ glue usage ] --------------------------------------------------------
c
c focused glue 7  used 83253 clauses 11.60% accumulated 59.47% tier1
c focused glue 8  used 71899 clauses 10.02% accumulated 69.49%
c focused glue 9  used 63781 clauses  8.89% accumulated 78.38%
c focused glue 10 used 50797 clauses  7.08% accumulated 85.46%
c focused glue 11 used 37235 clauses  5.19% accumulated 90.65% tier2
c
c stable glue 9     used  70511 clauses  7.62% accumulated 55.22% tier1
c stable glue 10    used  65891 clauses  7.12% accumulated 62.35%
c stable glue 11-15 used 222410 clauses 24.04% accumulated 86.39%
c stable glue 16    used  25777 clauses  2.79% accumulated 89.17%
c stable glue 17    used  21555 clauses  2.33% accumulated 91.50% tier2
c
c ---- [ resources ] ---------------------------------------------------------
c
c maximum-resident-set-size:     233689841664 bytes     222864 MB
c process-time:                            18s              18.06 seconds
c
c ---- [ shutting down ] -----------------------------------------------------
c
c exit 10
