c ---- [ banner ] ------------------------------------------------------------
c
c Kissat SAT Solver
c 
c Copyright (c) 2021-2024 Armin Biere University of Freiburg
c Copyright (c) 2019-2021 Armin Biere Johannes Kepler University Linz
c 
c Version 4.0.4 8af8e56f174b778aef3aa45af9f739b2a5f492c2
c Apple clang version 17.0.0 (clang-1700.6.3.2) -W -Wall -O3 -DNDEBUG
c Mon Mar 30 18:25:47 CEST 2026 Darwin Mac 24.6.0 arm64
c
c ---- [ parsing ] -----------------------------------------------------------
c
c opened and reading DIMACS file:
c
c   tmp.cnf
c
c parsed 'p cnf 153 45288' header
c closing input after reading 867152 bytes (847 KB)
c finished parsing after 0.00 seconds
c
c ---- [ solving ] -----------------------------------------------------------
c
c seconds switched rate     size/glue tier1 binary       remaining
c        MB reductions conflicts size  tier2   irredundant
c         level restarts redundant glue  trail       variables
c
c *  0.00  8 0 0 0  0 0   0   0 0.0 0 0 0 0 0%  54 45234 153 100%
c (  0.01  8 0 0 0  0 0   0   0 0.0 0 0 0 0 0%  54 45234 153 100%
c .  0.01  8 0 0 0  0 0   0   0 0.0 0 0 0 0 0%  54 45234 153 100%
c f  0.93 10 0 0 0  0 0   0   0 0.0 0 0 0 0 0% 1233 7195 738 482%
c )  0.93 10 0 0 0  0 0   0   0 0.0 0 0 0 0 0% 1233 7195 738 482%
c {  0.93 10 0 0 0  0 0   0   0 0.0 0 0 2 6 0% 1233 7195 738 482%
c -  0.93 10 25 0 1  4 2 1001 659 2.3 25 11 8 15 47% 1233 7195 738 482%
c }  0.93 10 25 1 1  4 2 1001 659 2.3 25 11 8 15 47% 1233 7195 738 482%
c [  0.93 10 0 1 1  4 0 1001 659 0.0 0 0 2 6 0% 1233 7195 738 482%
c B  0.93 10 0 1 1  4 0 1001 659 0.0 0 0 2 6 0% 1233 7195 738 482%
c ]  0.94 10 27 2 1  4 1 1872 1444 1.9 30 16 10 20 48% 1233 7195 738 482%
c {  0.94 10 25 2 1  4 2 1872 1444 2.3 25 11 8 15 47% 1233 7195 738 482%
c -  0.94 10 25 2 2 23 2 2003 1496 2.3 24 11 8 15 46% 1233 7195 738 482%
c }  0.95 10 24 3 2 155 3 2876 2310 2.1 24 11 8 15 43% 1233 7195 738 482%
c [  0.95 10 27 3 2 155 1 2876 2310 1.9 30 16 10 20 48% 1233 7195 738 482%
c W  0.96 10 27 3 2 155 1 2876 2310 1.9 30 16 10 20 48% 1233 7195 738 482%
c u  0.96 10 28 3 2 155 1 3019 2419 1.8 30 17 10 20 48% 1233 7195 738 482%
c v  0.96 10 28 3 2 155 1 3019 2415 1.8 30 17 10 20 48% 1233 7195 738 482%
c w  0.96 10 28 3 2 155 1 3019 2414 1.8 30 17 10 20 48% 1233 7195 738 482%
c x  0.97 10 28 3 2 155 1 3019 2411 1.8 30 17 10 20 48% 1233 6899 738 482%
c
c seconds  switched  rate       size/glue  tier1      binary      remaining
c        MB reductions conflicts      size    tier2     irredundant
c         level restarts   redundant     glue     trail       variables
c
c t  0.97 10 28 3 2 155 1 3019 2411 1.8 30 17 10 20 48% 1216 6899 738 482%
c -  0.97 10 28 3 3 155 1 3418 2461 1.7 29 18 11 22 48% 1216 6899 738 482%
c ]  0.98 10 27 4 3 156 1 4738 3570 1.7 29 17 11 22 52% 1216 6899 738 482%
c {  0.98 10 24 4 3 156 3 4738 3570 2.1 24 11 8 15 43% 1216 6899 738 482%
c -  0.99 10 23 4 4 182 3 5152 3440 2.1 22 11 8 14 41% 1216 6899 738 482%
c }  1.00 11 24 5 4 260 3 7092 5221 2.1 22 10 8 14 47% 1216 6899 738 482%
c [  1.00 11 27 5 4 260 1 7092 5221 1.7 29 17 11 22 52% 1216 6899 738 482%
c I  1.00 11 27 5 4 260 1 7092 5221 1.7 29 17 11 22 52% 1216 6899 738 482%
c -  1.00 11 27 5 5 260 1 7152 4593 1.7 29 17 9 21 52% 1216 6899 738 482%
c ]  1.02 11 22 6 5 261 1 8745 5826 1.8 25 15 9 21 50% 1216 6899 738 482%
c {  1.02 11 24 6 5 261 3 8745 5826 2.1 22 10 8 14 47% 1216 6899 738 482%
c u  1.03 12 22 6 5 263 3 9332 6279 2.1 21 10 8 14 46% 1217 6899 738 482%
c v  1.03 12 22 6 5 263 3 9332 6266 2.1 21 10 8 14 46% 1217 6899 738 482%
c w  1.04 12 22 6 5 263 3 9332 6265 2.1 21 10 8 14 46% 1217 6899 738 482%
c x  1.04 13 22 6 5 263 3 9332 6265 2.1 21 10 8 14 46% 1217 6672 738 482%
c f  1.06 13 22 6 5 263 3 9332 6265 2.1 21 10 8 14 46% 1238 6557 749 490%
c u  1.06 13 22 6 5 263 3 9332 6250 2.1 21 10 8 14 46% 1238 6557 749 490%
c v  1.06 13 22 6 5 263 3 9332 6233 2.1 21 10 8 14 46% 1238 6557 749 490%
c w  1.06 13 22 6 5 263 3 9332 6233 2.1 21 10 8 14 46% 1238 6557 749 490%
c x  1.07 13 22 6 5 263 3 9332 6233 2.1 21 10 8 14 46% 1244 6409 749 490%
c
c seconds  switched  rate       size/glue  tier1     binary      remaining
c        MB reductions conflicts      size   tier2     irredundant
c         level restarts   redundant     glue    trail       variables
c
c t  1.07 13 22 6 5 263 3 9332 6233 2.1 21 10 8 14 46% 1238 6409 749 490%
c f  1.07 13 22 6 5 263 3 9332 6233 2.1 21 10 8 14 46% 1256 6369 757 495%
c -  1.07 14 22 6 6 263 3 9388 5355 2.1 21 10 7 12 46% 1256 6369 757 495%
c -  1.10 14 17 6 7 263 2 11838 5419 2.0 17 8 5 10 45% 1256 6369 757 495%
c }  1.10 14 16 7 7 263 2 12814 6045 2.0 16 8 5 10 45% 1256 6369 757 495%
c [  1.10 14 22 7 7 263 1 12814 6045 1.8 25 15 9 21 50% 1256 6369 757 495%
c B  1.10 14 22 7 7 263 1 12814 6045 1.8 25 15 9 21 50% 1256 6369 757 495%
c o  1.10 14 22 7 7 263 1 12814 6045 1.8 25 15 9 21 50% 1256 6369 757 495%
c -  1.12 14 26 7 8 264 1 14483 5837 1.7 28 16 8 20 51% 1256 6369 757 495%
c s  1.13 14 27 7 8 265 1 15094 6404 1.7 29 17 8 20 51% 1256 5975 757 495%
c e  1.13 14 27 7 8 265 1 15094 6404 1.7 29 17 8 20 51% 1133 6051 686 448%
c 2  1.13 14 27 7 8 265 1 15094 6404 1.7 29 17 8 20 51% 1132 6051 686 448%
c s  1.13 14 27 7 8 265 1 15094 6404 1.7 29 17 8 20 51% 1132 5972 686 448%
c e  1.14 14 27 7 8 265 1 15094 6404 1.7 29 17 8 20 51% 1120 5982 681 445%
c ^  1.14 14 27 7 8 265 1 15094 6404 1.7 29 17 8 20 51% 1120 5982 681 445%
c ]  1.15 14 27 8 8 265 1 16664 7594 1.7 29 17 8 20 51% 1120 5982 681 445%
c {  1.15 14 16 8 8 265 2 16664 7594 2.0 16 8 5 10 45% 1120 5982 681 445%
c -  1.16 15 16 8 9 440 2 17311 6701 2.0 16 8 5 10 45% 1121 5982 681 445%
c u  1.20 15 17 8 9 991 3 19223 8397 1.9 17 9 5 11 44% 1121 5982 681 445%
c v  1.20 15 17 8 9 991 3 19223 8376 1.9 17 9 5 11 44% 1122 5982 681 445%
c
c seconds  switched  rate        size/glue tier1     binary      remaining
c        MB reductions conflicts       size  tier2     irredundant
c         level restarts    redundant    glue    trail       variables
c
c w  1.20 15 17 8 9 991 3 19223 8375 1.9 17 9 5 11 44% 1122 5982 681 445%
c x  1.21 15 17 8 9 991 3 19223 8375 1.9 17 9 5 11 44% 1128 5955 681 445%
c t  1.21 15 17 8 9 991 3 19223 8375 1.9 17 9 5 11 44% 1122 5955 681 445%
c f  1.21 15 17 8 9 991 3 19223 8375 1.9 17 9 5 11 44% 1134 5876 687 449%
c u  1.21 16 17 8 9 991 3 19223 8331 1.9 17 9 5 11 44% 1135 5876 687 449%
c v  1.22 16 17 8 9 991 3 19223 8302 1.9 17 9 5 11 44% 1135 5876 687 449%
c w  1.22 16 17 8 9 991 3 19223 8301 1.9 17 9 5 11 44% 1135 5876 687 449%
c x  1.22 16 17 8 9 991 3 19223 8300 1.9 17 9 5 11 44% 1144 5777 687 449%
c t  1.24 17 17 8 9 991 3 19223 8300 1.9 17 9 5 11 44% 1137 5777 687 449%
c f  1.24 17 17 8 9 991 3 19223 8300 1.9 17 9 5 11 44% 1159 5636 697 456%
c -  1.25 17 17 8 10 1090 3 20313 7957 1.8 16 9 5 11 44% 1159 5636 697 456%
c o  1.28 17 16 8 10 1150 3 22820 9881 1.8 16 9 5 11 44% 1161 5636 697 456%
c }  1.28 17 16 9 10 1150 3 22824 9885 1.8 16 9 5 11 44% 1161 5636 697 456%
c [  1.28 17 27 9 10 1150 1 22824 9885 1.7 29 17 8 20 51% 1161 5636 697 456%
c W  1.28 17 27 9 10 1150 1 22824 9885 1.7 29 17 8 20 51% 1161 5636 697 456%
c -  1.29 18 26 9 11 1150 1 23475 8965 1.7 28 17 8 21 50% 1161 5636 697 456%
c -  1.32 19 25 9 12 1152 1 26791 9791 1.7 27 16 7 19 50% 1161 5636 697 456%
c ]  1.36 19 24 10 12 1155 1 29784 12103 1.7 26 15 7 19 50% 1161 5636 697 456%
c {  1.36 19 16 10 12 1155 3 29784 12103 1.8 16 9 5 11 44% 1161 5636 697 456%
c -  1.37 19 16 10 13 1282 3 30255 10771 1.8 16 9 5 10 44% 1161 5636 697 456%
c
c seconds   switched    rate         size/glue tier1     binary      remaining
c        MB   reductions  conflicts        size  tier2     irredundant
c         level    restarts     redundant    glue    trail       variables
c
c s  1.37 19 17 10 13 1352 3 30559 11041 1.8 16 9 5 10 44% 1161 5598 697 456%
c e  1.38 19 17 10 13 1352 3 30559 11041 1.8 16 9 5 10 44% 969 5861 594 388%
c 2  1.38 19 17 10 13 1352 3 30559 11041 1.8 16 9 5 10 44% 968 5861 594 388%
c s  1.38 19 17 10 13 1352 3 30559 11041 1.8 16 9 5 10 44% 968 5760 594 388%
c e  1.38 19 17 10 13 1352 3 30559 11041 1.8 16 9 5 10 44% 966 5763 593 388%
c ^  1.38 19 17 10 13 1352 3 30559 11041 1.8 16 9 5 10 44% 966 5763 593 388%
c u  1.41 19 16 10 13 1594 3 33077 12492 1.8 16 9 5 10 44% 968 5763 593 388%
c v  1.42 19 16 10 13 1594 3 33077 12325 1.8 16 9 5 10 44% 968 5763 593 388%
c w  1.42 19 16 10 13 1594 3 33077 11940 1.8 16 9 5 10 44% 968 5763 593 388%
c x  1.42 19 16 10 13 1594 3 33077 11940 1.8 16 9 5 10 44% 968 5757 592 387%
c t  1.43 19 16 10 13 1594 3 33077 11757 1.8 16 9 5 10 44% 967 5606 592 387%
c f  1.43 19 16 10 13 1594 3 33077 11757 1.8 16 9 5 10 44% 1025 5444 611 399%
c u  1.43 19 16 10 13 1594 3 33077 11739 1.8 16 9 5 10 44% 1025 5444 611 399%
c v  1.44 19 16 10 13 1594 3 33077 11721 1.8 16 9 5 10 44% 1025 5444 611 399%
c w  1.44 19 16 10 13 1594 3 33077 11702 1.8 16 9 5 10 44% 1025 5444 611 399%
c x  1.44 19 16 10 13 1594 3 33077 11702 1.8 16 9 5 10 44% 1030 5400 611 399%
c t  1.45 19 16 10 13 1594 3 33077 11702 1.8 16 9 5 10 44% 1023 5400 611 399%
c f  1.45 19 16 10 13 1594 3 33077 11702 1.8 16 9 5 10 44% 1073 5143 632 413%
c i  1.45 19 16 10 13 1594 3 33077 11702 1.8 16 9 5 10 44% 1073 5143 632 413%
c -  1.46 19 17 10 14 1674 3 33861 10512 1.7 16 9 5 10 44% 1053 5143 632 413%
c
c seconds   switched    rate         size/glue tier1     binary      remaining
c        MB   reductions  conflicts        size  tier2     irredundant
c         level    restarts     redundant    glue    trail       variables
c
c i  1.49 21 16 10 14 1755 3 37266 13036 1.7 15 9 5 10 45% 1060 5143 631 412%
c -  1.50 21 16 10 15 1773 3 37603 5980 1.7 15 9 5 10 45% 1032 5143 631 412%
c }  1.51 21 16 11 15 1836 3 38413 6734 1.8 16 9 5 10 45% 1032 5143 631 412%
c [  1.51 21 24 11 15 1836 1 38413 6734 1.7 26 15 7 19 50% 1032 5143 631 412%
c O  1.51 21 24 11 15 1836 1 38413 6734 1.7 26 15 7 19 50% 1032 5143 631 412%
c -  1.54 21 23 11 16 1838 1 41475 7341 1.6 26 16 7 18 48% 1032 5143 631 412%
c ]  1.59 21 23 12 16 1841 1 45048 10066 1.6 25 15 7 18 47% 1032 5143 631 412%
c {  1.59 21 16 12 16 1841 3 45048 10066 1.8 16 9 5 10 45% 1032 5143 631 412%
c o  1.59 21 16 12 16 1856 3 45102 10113 1.8 16 9 5 10 45% 1032 5143 631 412%
c -  1.60 21 16 12 17 1917 3 45479 9266 1.8 16 9 5 10 45% 1032 5143 631 412%
c -  1.66 21 16 12 18 2435 3 49603 11108 1.8 16 9 5 10 45% 1034 5142 631 412%
c u  1.70 21 16 12 18 2643 3 51151 12324 1.8 16 9 5 10 45% 1034 5033 631 412%
c v  1.70 21 16 12 18 2643 3 51151 12250 1.8 16 9 5 10 45% 1034 5033 631 412%
c w  1.70 21 16 12 18 2643 3 51151 12234 1.8 16 9 5 10 45% 1034 5033 631 412%
c x  1.71 21 16 12 18 2643 3 51151 12234 1.8 16 9 5 10 45% 1045 4945 631 412%
c t  1.71 21 16 12 18 2643 3 51151 12234 1.8 16 9 5 10 45% 1036 4945 631 412%
c f  1.72 22 16 12 18 2643 3 51151 12234 1.8 16 9 5 10 45% 1177 4358 700 458%
c u  1.72 23 16 12 18 2643 3 51151 12153 1.8 16 9 5 10 45% 1177 4358 700 458%
c v  1.73 23 16 12 18 2643 3 51151 12086 1.8 16 9 5 10 45% 1177 4358 700 458%
c w  1.73 23 16 12 18 2643 3 51151 12078 1.8 16 9 5 10 45% 1177 4358 700 458%
c
c seconds   switched    rate         size/glue tier1     binary      remaining
c        MB   reductions  conflicts        size  tier2     irredundant
c         level    restarts     redundant    glue    trail       variables
c
c x  1.73 23 16 12 18 2643 3 51151 12078 1.8 16 9 5 10 45% 1183 4315 700 458%
c t  1.77 24 16 12 18 2643 3 51151 12078 1.8 16 9 5 10 45% 1177 4315 700 458%
c f  1.77 24 16 12 18 2643 3 51151 12078 1.8 16 9 5 10 45% 1236 4133 729 476%
c -  1.81 24 16 12 19 2887 3 53848 12157 1.8 16 9 5 10 45% 1236 4133 729 476%
c }  1.86 24 16 13 19 3162 3 56527 14353 1.7 16 9 5 10 46% 1237 4133 729 476%
c [  1.86 24 23 13 19 3162 1 56527 14353 1.6 25 15 7 18 47% 1237 4133 729 476%
c B  1.86 24 23 13 19 3162 1 56527 14353 1.6 25 15 7 18 47% 1237 4133 729 476%
c -  1.88 24 24 13 20 3163 1 58207 13111 1.6 25 16 7 17 48% 1237 4133 729 476%
c -  1.93 24 25 13 21 3166 1 62679 13768 1.7 26 16 7 18 50% 1237 4133 729 476%
c s  1.95 24 25 13 21 3167 1 64353 15334 1.7 27 16 7 18 51% 1237 4042 729 476%
c e  1.95 24 25 13 21 3167 1 64353 15334 1.7 27 16 7 18 51% 1012 4303 524 342%
c 2  1.95 24 25 13 21 3167 1 64353 15334 1.7 27 16 7 18 51% 1007 4303 524 342%
c s  1.96 24 25 13 21 3167 1 64353 15334 1.7 27 16 7 18 51% 1007 4101 524 342%
c e  1.96 24 25 13 21 3167 1 64353 15334 1.7 27 16 7 18 51% 997 4123 518 339%
c ^  1.96 24 25 13 21 3167 1 64353 15334 1.7 27 16 7 18 51% 997 4123 518 339%
c -  1.99 24 27 13 22 3168 1 67262 11297 1.7 27 16 7 18 52% 997 4123 518 339%
c W  2.01 24 28 13 22 3168 1 68750 12674 1.7 28 17 7 18 53% 997 4123 518 339%
c -  2.04 24 28 13 23 3171 1 71953 11573 1.6 27 17 7 18 54% 997 4123 518 339%
c ]  2.05 24 27 14 23 3172 1 73142 12473 1.6 27 16 7 18 54% 997 4123 518 339%
c {  2.05 24 16 14 23 3172 3 73142 12473 1.7 16 9 5 10 46% 997 4123 518 339%
c
c seconds   switched    rate         size/glue tier1    binary      remaining
c        MB   reductions  conflicts        size  tier2    irredundant
c         level    restarts     redundant    glue    trail      variables
c
c u  2.07 24 16 14 23 3217 3 73888 12905 1.7 16 9 5 10 46% 998 4123 518 339%
c v  2.07 24 16 14 23 3217 3 73888 12784 1.7 16 9 5 10 46% 998 4123 518 339%
c w  2.08 24 16 14 23 3217 3 73888 12782 1.7 16 9 5 10 46% 998 4123 518 339%
c x  2.08 24 16 14 23 3217 3 73888 12781 1.7 16 9 5 10 46% 1011 4053 518 339%
c t  2.08 24 16 14 23 3217 3 73888 12781 1.7 16 9 5 10 46% 976 4053 518 339%
c f  2.08 24 16 14 23 3217 3 73888 12781 1.7 16 9 5 10 46% 977 3960 535 350%
c u  2.09 24 16 14 23 3217 3 73888 12654 1.7 16 9 5 10 46% 977 3960 535 350%
c v  2.10 24 16 14 23 3217 3 73888 12588 1.7 16 9 5 10 46% 977 3960 535 350%
c w  2.10 24 16 14 23 3217 3 73888 12570 1.7 16 9 5 10 46% 977 3960 535 350%
c x  2.10 24 16 14 23 3217 3 73888 12566 1.7 16 9 5 10 46% 977 3939 535 350%
c o  2.13 24 16 14 23 3261 3 76021 14451 1.8 17 9 5 10 47% 977 3939 535 350%
c -  2.14 24 16 14 24 3297 3 76748 12771 1.8 17 9 5 10 47% 977 3939 535 350%
c -  2.20 24 16 14 25 3632 3 81646 14880 1.8 17 9 5 10 49% 979 3939 535 350%
c -  2.27 24 16 14 26 4082 3 86646 16292 1.8 17 9 5 10 50% 979 3939 535 350%
c }  2.28 24 16 15 26 4116 3 87857 17233 1.8 17 9 5 10 50% 979 3939 535 350%
c [  2.28 24 27 15 26 4116 1 87857 17233 1.6 27 16 7 18 54% 979 3939 535 350%
c I  2.28 24 27 15 26 4116 1 87857 17233 1.6 27 16 7 18 54% 979 3939 535 350%
c -  2.32 24 28 15 27 4118 1 91745 16547 1.6 27 17 7 18 55% 980 3939 535 350%
c -  2.37 24 28 15 28 4122 1 96941 15448 1.6 27 17 7 19 56% 980 3939 535 350%
c u  2.42 24 29 15 28 4124 1 101417 19195 1.6 27 17 7 19 57% 980 3939 535 350%
c
c seconds   switched    rate          size/glue  tier1    binary      remaining
c        MB   reductions  conflicts         size   tier2    irredundant
c         level    restarts      redundant     glue    trail      variables
c
c v  2.43 26 29 15 28 4124 1 101417 19181 1.6 27 17 7 19 57% 980 3939 535 350%
c w  2.43 27 29 15 28 4124 1 101417 19149 1.6 27 17 7 19 57% 980 3939 535 350%
c x  2.44 27 29 15 28 4124 1 101417 19147 1.6 27 17 7 19 57% 982 3874 535 350%
c t  2.44 27 29 15 28 4124 1 101417 19147 1.6 27 17 7 19 57% 981 3874 535 350%
c -  2.45 28 29 15 29 4124 1 102233 15587 1.6 27 17 7 19 58% 981 3874 535 350%
c B  2.49 28 29 15 29 4127 1 105659 18655 1.6 27 17 7 19 59% 981 3874 535 350%
c ]  2.50 28 29 16 29 4128 1 106938 19828 1.6 27 17 7 19 60% 981 3874 535 350%
c {  2.50 28 16 16 29 4128 3 106938 19828 1.8 17 9 5 10 50% 981 3874 535 350%
c -  2.52 28 16 16 30 4228 3 107618 17341 1.9 17 9 5 10 50% 981 3874 535 350%
c }  2.54 28 16 16 30 4298 3 109313 18838 1.9 17 9 5 10 51% 982 3874 535 350%
c 1  2.54 28 16 16 30 4298 3 109313 18838 1.9 17 9 5 10 51% 982 3874 535 350%
c
c ---- [ result ] ------------------------------------------------------------
c
s SATISFIABLE
v 1 2 3 -4 5 -6 -7 -8 9 -10 11 -12 13 14 -15 -16 17 18 -19 20 -21 22 -23 24 25
v 26 -27 28 -29 30 31 32 33 34 35 36 37 -38 -39 40 41 42 43 44 -45 46 47 48 49
v 50 51 52 -53 54 55 56 -57 58 59 60 61 62 63 64 65 66 -67 68 69 70 71 72 73
v 74 75 76 77 78 79 80 81 82 83 84 -85 86 87 88 89 90 91 -92 93 94 95 96 97
v -98 99 100 101 102 103 104 105 -106 107 108 -109 110 111 112 113 -114 -115
v 116 -117 -118 119 120 121 122 123 -124 125 -126 127 128 129 130 131 -132 133
v 134 135 136 137 138 -139 140 141 142 143 144 145 146 147 148 149 150 151 152
v 153 0
c
c ---- [ profiling ] ---------------------------------------------------------
c
c           1.28   50.64 %  search
c           1.22   47.99 %  probe
c           0.95   37.30 %  factor
c           0.92   36.28 %  preprocess
c           0.65   25.80 %  focused
c           0.63   24.84 %  stable
c           0.33   12.86 %  simplify
c           0.18    6.93 %  vivify
c           0.07    2.90 %  sweep
c           0.03    1.26 %  reduce
c           0.03    1.08 %  eliminate
c           0.01    0.56 %  substitute
c           0.01    0.35 %  subsume
c           0.00    0.18 %  congruence
c           0.00    0.17 %  parse
c           0.00    0.08 %  transitive
c           0.00    0.08 %  walking
c           0.00    0.04 %  backbone
c           0.00    0.04 %  lucky
c =============================================
c           2.54  100.00 %  total
c
c ---- [ statistics ] --------------------------------------------------------
c
c conflicts:                           109313            43060.81 per second
c decisions:                           212582                1.94 per conflict
c eliminated:                             391              256 %  variables
c factored:                               775              507 %  variables
c iterations:                               1                1 %  variables
c propagations:                       7123179          2805978    per second
c reductions:                              30             3644    interval
c reordered:                                4            27328    interval
c rephased:                                10            10931    interval
c restarts:                              4298               25    interval
c subsumed:                               905                0 %  checks
c switched:                                16             6832    interval
c vivified:                              4609               41 %  checks
c walks:                                    3            36438    interval
c
c ---- [ glue usage ] --------------------------------------------------------
c
c focused glue 5   used 20347 clauses 12.44% accumulated 62.27% tier1
c focused glue 6   used 15658 clauses  9.57% accumulated 71.84%
c focused glue 7-8 used 20984 clauses 12.83% accumulated 84.67%
c focused glue 9   used  6833 clauses  4.18% accumulated 88.85%
c focused glue 10  used  5115 clauses  3.13% accumulated 91.98% tier2
c
c stable glue 7    used 19059 clauses  7.48% accumulated 51.18% tier1
c stable glue 8    used 15989 clauses  6.28% accumulated 57.46%
c stable glue 9-17 used 77169 clauses 30.29% accumulated 87.75%
c stable glue 18   used  4455 clauses  1.75% accumulated 89.50%
c stable glue 19   used  3890 clauses  1.53% accumulated 91.03% tier2
c
c ---- [ resources ] ---------------------------------------------------------
c
c maximum-resident-set-size:      29595009024 bytes      28224 MB
c process-time:                             3s               2.54 seconds
c
c ---- [ shutting down ] -----------------------------------------------------
c
c exit 10
