c ---- [ banner ] ------------------------------------------------------------
c
c Kissat SAT Solver
c 
c Copyright (c) 2021-2024 Armin Biere University of Freiburg
c Copyright (c) 2019-2021 Armin Biere Johannes Kepler University Linz
c 
c Version 4.0.4 8af8e56f174b778aef3aa45af9f739b2a5f492c2
c Apple clang version 17.0.0 (clang-1700.6.3.2) -W -Wall -O3 -DNDEBUG
c Mon Mar 30 18:25:47 CEST 2026 Darwin Mac 24.6.0 arm64
c
c ---- [ parsing ] -----------------------------------------------------------
c
c opened and reading DIMACS file:
c
c   tmp.cnf
c
c parsed 'p cnf 210 4410' header
c closing input after reading 72447 bytes (71 KB)
c finished parsing after 0.00 seconds
c
c ---- [ solving ] -----------------------------------------------------------
c
c seconds switched rate     size/glue tier1  binary     remaining
c        MB reductions conflicts size  tier2   irredundant
c         level restarts redundant glue  trail      variables
c
c *  0.00  2 0 0 0  0 0   0   0 0.0 0 0 0 0 0% 3990 420 210 100%
c (  0.00  2 0 0 0  0 0   0   0 0.0 0 0 0 0 0% 3990 420 210 100%
c .  0.00  2 0 0 0  0 0   0   0 0.0 0 0 0 0 0% 3990 420 210 100%
c f  0.02  2 0 0 0  0 0   0   0 0.0 0 0 0 0 0% 1133 420 400 190%
c )  0.02  2 0 0 0  0 0   0   0 0.0 0 0 0 0 0% 1133 420 400 190%
c {  0.02  2 0 0 0  0 0   0   0 0.0 0 0 2 6 0% 1133 420 400 190%
c -  0.03  3 36 0 1  2 2 1001 594 1.3 27 21 17 30 64% 1133 420 400 190%
c }  0.03  3 36 1 1  2 2 1001 594 1.3 27 21 17 30 64% 1133 420 400 190%
c [  0.03  3 0 1 1  2 0 1001 594 0.0 0 0 2 6 0% 1133 420 400 190%
c B  0.03  3 0 1 1  2 0 1001 594 0.0 0 0 2 6 0% 1133 420 400 190%
c ]  0.03  3 30 2 1  2 2 1873 1296 1.5 21 13 11 20 69% 1133 420 400 190%
c {  0.03  3 36 2 1  2 2 1873 1296 1.3 27 21 17 30 64% 1133 420 400 190%
c -  0.04  3 36 2 2  2 2 2002 1310 1.3 26 20 16 29 65% 1133 420 400 190%
c }  0.04  3 34 3 2 26 2 2877 2079 1.3 24 18 14 27 67% 1133 420 400 190%
c [  0.04  3 30 3 2 26 2 2877 2079 1.5 21 13 11 20 69% 1133 420 400 190%
c W  0.04  4 30 3 2 26 2 2877 2079 1.5 21 13 11 20 69% 1133 420 400 190%
c -  0.05  4 27 3 3 26 2 3417 2289 1.5 19 12 9 18 71% 1133 420 400 190%
c ]  0.05  4 25 4 3 26 2 3783 2602 1.6 18 12 9 18 71% 1133 420 400 190%
c {  0.05  4 34 4 3 26 2 3783 2602 1.3 24 18 14 27 67% 1133 420 400 190%
c u  0.06  4 33 4 3 26 2 3969 2739 1.4 23 17 14 27 68% 1133 420 400 190%
c
c seconds  switched rate       size/glue  tier1      binary     remaining
c        MB reductions conflicts     size    tier2     irredundant
c         level restarts  redundant     glue     trail      variables
c
c v  0.06  4 33 4 3 26 2 3969 2688 1.4 23 17 14 27 68% 1133 420 400 190%
c x  0.06  4 33 4 3 26 2 3969 2687 1.4 23 17 14 27 68% 1133 205 400 190%
c -  0.07  4 27 4 4 26 2 5151 3446 1.4 21 14 10 23 69% 1133 205 400 190%
c }  0.08  4 24 5 4 26 2 6136 4232 1.5 19 13 10 23 70% 1134 205 400 190%
c [  0.08  4 25 5 4 26 2 6136 4232 1.6 18 12 9 18 71% 1134 205 400 190%
c I  0.08  4 25 5 4 26 2 6136 4232 1.6 18 12 9 18 71% 1134 205 400 190%
c -  0.08  5 21 5 5 26 2 7152 4552 1.5 16 11 8 16 71% 1134 205 400 190%
c ]  0.09  5 22 6 5 27 2 8188 5415 1.5 17 11 8 16 71% 1135 205 400 190%
c {  0.09  5 24 6 5 27 2 8188 5415 1.5 19 13 10 23 70% 1135 205 400 190%
c -  0.10  5 22 6 6 27 1 9388 5794 1.6 19 12 8 18 70% 1135 205 400 190%
c -  0.12  6 19 6 7 27 1 11837 7189 1.7 19 11 7 15 70% 1135 205 400 190%
c }  0.12  6 19 7 7 27 1 12258 7565 1.8 18 10 7 15 71% 1135 205 400 190%
c [  0.12  6 22 7 7 27 2 12258 7565 1.5 17 11 8 16 71% 1135 205 400 190%
c B  0.12  6 22 7 7 27 2 12258 7565 1.5 17 11 8 16 71% 1135 205 400 190%
c o  0.12  6 22 7 7 27 2 12258 7565 1.5 17 11 8 16 71% 1135 205 400 190%
c u  0.13  7 23 7 7 27 2 12445 7628 1.5 18 12 8 16 71% 1135 205 400 190%
c v  0.13  7 23 7 7 27 2 12445 7572 1.5 18 12 8 16 71% 1135 205 400 190%
c w  0.13  7 23 7 7 27 2 12445 7556 1.5 18 12 8 16 71% 1135 205 400 190%
c x  0.13  7 23 7 7 27 2 12445 7556 1.5 18 12 8 16 71% 1135 180 400 190%
c -  0.16  8 23 7 8 29 1 14484 8213 1.4 19 13 10 19 70% 1135 180 400 190%
c
c seconds  switched rate        size/glue  tier1      binary     remaining
c        MB reductions conflicts      size    tier2     irredundant
c         level restarts   redundant     glue     trail      variables
c
c ]  0.18  8 23 8 8 29 1 16012 9483 1.4 20 14 10 19 70% 1135 180 400 190%
c {  0.18  8 19 8 8 29 1 16012 9483 1.8 18 10 7 15 71% 1135 180 400 190%
c -  0.18  8 18 8 9 49 1 17312 8712 1.7 17 10 6 14 71% 1135 180 400 190%
c s  0.20  8 17 8 9 66 1 19839 10755 1.7 16 9 6 14 71% 1137 174 400 190%
c ^  0.20  8 17 8 9 66 1 19839 10755 1.7 16 9 6 14 71% 1137 174 400 190%
c -  0.21  8 17 8 10 84 1 20313 9657 1.7 16 9 6 13 71% 1137 174 400 190%
c }  0.22  8 16 9 10 124 1 22172 11186 1.7 15 9 6 13 71% 1138 174 400 190%
c [  0.22  8 23 9 10 124 1 22172 11186 1.4 20 14 10 19 70% 1138 174 400 190%
c W  0.22  8 23 9 10 124 1 22172 11186 1.4 20 14 10 19 70% 1138 174 400 190%
c -  0.23  8 23 9 11 125 1 23475 10724 1.4 20 14 10 19 70% 1138 174 400 190%
c u  0.25  8 23 9 11 126 1 25647 12372 1.4 20 14 10 19 70% 1138 174 400 190%
c v  0.25  9 23 9 11 126 1 25647 12329 1.4 20 14 10 19 70% 1138 174 400 190%
c w  0.25  9 23 9 11 126 1 25647 12313 1.4 20 14 10 19 70% 1138 174 400 190%
c x  0.25  9 23 9 11 126 1 25647 12313 1.4 20 14 10 19 70% 1138 169 400 190%
c o  0.26  9 23 9 11 126 1 25647 12313 1.4 20 14 10 19 70% 1138 169 400 190%
c ]  0.27  9 23 10 11 127 1 26571 13117 1.4 20 14 10 19 70% 1138 169 400 190%
c {  0.27  9 16 10 11 127 1 26571 13117 1.7 15 9 6 13 71% 1138 169 400 190%
c -  0.27  9 16 10 12 140 1 26791 11907 1.7 15 9 6 13 71% 1138 169 400 190%
c -  0.29  9 15 10 13 166 1 30255 13019 1.7 14 9 6 12 71% 1142 169 400 190%
c -  0.32  9 15 10 14 193 1 33861 13878 1.6 14 8 6 12 71% 1146 169 400 190%
c
c seconds   switched   rate         size/glue tier1     binary     remaining
c        MB   reductions conflicts        size  tier2     irredundant
c         level   restarts     redundant    glue    trail      variables
c
c }  0.33  9 14 11 14 206 1 35201 14915 1.6 14 8 6 11 71% 1147 169 400 190%
c [  0.33  9 23 11 14 206 1 35201 14915 1.4 20 14 10 19 70% 1147 169 400 190%
c O  0.33  9 23 11 14 206 1 35201 14915 1.4 20 14 10 19 70% 1147 169 400 190%
c -  0.35  9 22 11 15 208 1 37603 15435 1.5 20 14 9 18 70% 1147 169 400 190%
c s  0.37 10 22 11 15 209 1 40286 17645 1.5 20 14 9 18 70% 1147 164 400 190%
c e  0.37 10 22 11 15 209 1 40286 17645 1.5 20 14 9 18 70% 1190 164 357 170%
c ^  0.37 10 22 11 15 209 1 40286 17645 1.5 20 14 9 18 70% 1190 164 357 170%
c -  0.38 11 22 11 16 211 1 41475 16408 1.5 20 14 9 18 70% 1190 164 357 170%
c ]  0.38 11 22 12 16 211 1 41499 16431 1.5 20 14 9 18 70% 1190 164 357 170%
c {  0.38 11 14 12 16 211 1 41499 16431 1.6 14 8 6 11 71% 1190 164 357 170%
c u  0.41 12 14 12 16 265 1 43853 18305 1.6 13 8 6 11 71% 1191 164 357 170%
c v  0.41 12 14 12 16 265 1 43853 17867 1.6 13 8 6 11 71% 1195 164 357 170%
c w  0.41 12 14 12 16 265 1 43853 17829 1.6 13 8 6 11 71% 1192 164 357 170%
c x  0.41 12 14 12 16 265 1 43853 17829 1.6 13 8 6 11 71% 1192 164 357 170%
c -  0.43 13 14 12 17 314 1 45477 15963 1.6 13 8 5 11 72% 1192 164 357 170%
c -  0.46 13 13 12 18 366 1 49600 16316 1.6 13 8 5 10 72% 1196 164 357 170%
c }  0.48 13 13 13 18 443 1 52978 18858 1.6 12 8 5 10 72% 1201 164 357 170%
c [  0.48 13 22 13 18 443 1 52978 18858 1.5 20 14 9 18 70% 1201 164 357 170%
c B  0.48 13 22 13 18 443 1 52978 18858 1.5 20 14 9 18 70% 1201 164 357 170%
c o  0.48 13 22 13 18 443 1 52978 18858 1.5 20 14 9 18 70% 1201 164 357 170%
c
c seconds   switched   rate         size/glue  tier1     binary     remaining
c        MB   reductions conflicts        size   tier2     irredundant
c         level   restarts     redundant     glue    trail      variables
c
c -  0.49 13 22 13 19 443 1 53842 17261 1.5 20 14 9 18 71% 1201 164 357 170%
c -  0.53 13 22 13 20 447 1 58200 18596 1.5 21 14 9 17 71% 1201 164 357 170%
c ]  0.56 13 22 14 20 449 1 61324 21267 1.5 21 14 9 17 71% 1201 164 357 170%
c {  0.56 13 13 14 20 449 1 61324 21267 1.6 12 8 5 10 72% 1201 164 357 170%
c -  0.57 13 13 14 21 519 2 62672 19825 1.6 12 8 5 10 72% 1203 164 357 170%
c u  0.62 15 13 14 21 678 2 67143 23079 1.6 12 8 5 10 72% 1208 164 357 170%
c v  0.62 15 13 14 21 678 2 67143 22909 1.6 12 8 5 10 72% 1208 164 357 170%
c w  0.63 15 13 14 21 678 2 67143 22276 1.6 12 8 5 10 72% 1208 164 357 170%
c x  0.63 15 13 14 21 678 2 67143 22276 1.6 12 8 5 10 72% 1208 161 357 170%
c -  0.64 15 13 14 22 687 2 67256 20105 1.6 12 8 5 10 72% 1208 161 357 170%
c -  0.67 15 12 14 23 809 2 71948 21216 1.6 12 7 5 10 72% 1211 161 357 170%
c }  0.70 15 12 15 23 880 2 76039 24161 1.6 11 7 5 10 72% 1214 161 357 170%
c [  0.70 15 22 15 23 880 1 76039 24161 1.5 21 14 9 17 71% 1214 161 357 170%
c W  0.70 15 22 15 23 880 1 76039 24161 1.5 21 14 9 17 71% 1214 161 357 170%
c -  0.71 15 22 15 24 880 1 76744 22795 1.5 21 14 9 18 71% 1214 161 357 170%
c -  0.76 15 22 15 25 884 1 81643 24537 1.5 21 14 8 17 71% 1214 161 357 170%
c ^  0.79 16 22 15 25 886 1 84357 26582 1.5 21 14 8 17 71% 1214 161 357 170%
c o  0.79 16 22 15 25 886 1 84357 26582 1.5 21 14 8 17 71% 1214 161 357 170%
c -  0.81 16 22 15 26 886 1 86643 26148 1.5 21 14 8 17 71% 1214 161 357 170%
c ]  0.82 16 22 16 26 886 1 86832 26308 1.5 21 14 8 17 71% 1214 161 357 170%
c
c seconds   switched   rate         size/glue tier1     binary     remaining
c        MB   reductions conflicts        size  tier2     irredundant
c         level   restarts     redundant    glue    trail      variables
c
c {  0.82 16 12 16 26 886 2 86832 26308 1.6 11 7 5 10 72% 1214 161 357 170%
c -  0.87 16 12 16 27 1042 2 91746 27186 1.5 11 7 5 9 72% 1218 161 357 170%
c u  0.91 16 12 16 27 1129 2 95749 29952 1.5 11 7 5 9 72% 1224 161 357 170%
c v  0.92 18 12 16 27 1129 2 95749 28957 1.5 11 7 5 9 72% 1224 161 357 170%
c w  0.92 18 12 16 27 1129 2 95749 28798 1.5 11 7 5 9 72% 1224 161 357 170%
c x  0.93 18 12 16 27 1129 2 95749 28798 1.5 11 7 5 9 72% 1224 161 357 170%
c -  0.94 19 12 16 28 1172 2 96942 26609 1.5 11 7 5 9 72% 1226 161 357 170%
c -  0.98 19 12 16 29 1342 2 102233 28495 1.5 11 7 5 9 72% 1230 161 357 170%
c }  1.00 19 12 17 29 1496 2 105169 30657 1.5 11 7 5 9 72% 1232 161 357 170%
c [  1.00 19 22 17 29 1496 1 105169 30657 1.5 21 14 8 17 71% 1232 161 357 170%
c I  1.00 19 22 17 29 1496 1 105169 30657 1.5 21 14 8 17 71% 1232 161 357 170%
c -  1.02 19 22 17 30 1498 1 107621 31036 1.5 21 14 8 17 71% 1232 161 357 170%
c i  1.07 19 21 17 30 1501 1 112964 35290 1.5 20 13 8 17 71% 1237 161 356 170%
c -  1.07 19 21 17 31 1501 1 113098 28257 1.5 20 13 8 17 71% 1225 161 356 170%
c -  1.14 19 22 17 32 1504 1 118666 29950 1.5 21 14 8 17 71% 1225 161 356 170%
c ]  1.16 19 23 18 32 1505 1 121039 32105 1.5 21 14 8 17 71% 1225 161 356 170%
c {  1.16 19 12 18 32 1505 2 121039 32105 1.5 11 7 5 9 72% 1225 161 356 170%
c -  1.22 19 12 18 33 2374 2 124322 32964 1.5 11 8 5 9 72% 1225 161 356 170%
c o  1.22 19 12 18 33 2385 2 124360 33000 1.5 11 8 5 9 72% 1225 161 356 170%
c u  1.34 20 13 18 33 3838 2 129844 37535 1.5 12 8 5 9 72% 1225 161 356 170%
c
c seconds   switched    rate          size/glue tier1    binary     remaining
c        MB   reductions  conflicts         size  tier2    irredundant
c         level    restarts      redundant    glue   trail      variables
c
c v  1.35 20 13 18 33 3838 2 129844 36956 1.5 12 8 5 9 72% 1225 161 356 170%
c w  1.35 20 13 18 33 3838 2 129844 36946 1.5 12 8 5 9 72% 1225 161 356 170%
c x  1.36 21 13 18 33 3838 2 129844 36946 1.5 12 8 5 9 72% 1225 151 356 170%
c -  1.36 21 13 18 34 3898 2 130066 34771 1.5 12 8 5 10 72% 1225 151 356 170%
c -  1.48 21 15 18 35 5361 2 135897 36449 1.5 13 9 5 10 71% 1225 151 356 170%
c -  1.60 21 15 18 36 6766 2 141813 37783 1.4 13 9 5 11 71% 1225 151 356 170%
c }  1.63 21 15 19 36 6994 2 143384 38985 1.4 13 9 5 11 71% 1225 151 356 170%
c [  1.63 21 23 19 36 6994 1 143384 38985 1.5 21 14 8 17 71% 1225 151 356 170%
c B  1.63 21 23 19 36 6994 1 143384 38985 1.5 21 14 8 17 71% 1225 151 356 170%
c -  1.70 21 23 19 37 6997 1 147814 38326 1.5 22 14 8 18 71% 1225 151 356 170%
c -  1.79 21 23 19 38 7000 1 153898 38382 1.5 22 14 7 17 71% 1225 151 356 170%
c s  1.81 21 23 19 38 7000 1 155147 39509 1.5 22 14 7 17 71% 1225 145 356 170%
c e  1.81 21 23 19 38 7000 1 155147 39509 1.5 22 14 7 17 71% 1352 145 313 149%
c ^  1.81 21 23 19 38 7000 1 155147 39509 1.5 22 14 7 17 71% 1352 145 313 149%
c -  1.87 22 24 19 39 7004 1 160063 34764 1.5 22 15 7 18 71% 1352 145 313 149%
c W  1.93 24 23 19 39 7007 1 164295 38298 1.5 22 14 7 18 72% 1352 145 313 149%
c -  1.96 24 23 19 40 7007 1 166310 35527 1.5 22 14 7 17 72% 1352 145 313 149%
c u  2.03 25 24 19 40 7008 1 169738 38514 1.5 22 15 7 17 72% 1352 145 313 149%
c v  2.05 25 24 19 40 7008 1 169738 38474 1.5 22 15 7 17 72% 1352 145 313 149%
c w  2.06 26 24 19 40 7008 1 169738 38452 1.5 22 15 7 17 72% 1352 145 313 149%
c
c seconds   switched    rate          size/glue  tier1     binary     remaining
c        MB   reductions  conflicts         size   tier2     irredundant
c         level    restarts      redundant     glue    trail      variables
c
c x  2.06 26 24 19 40 7008 1 169738 38450 1.5 22 15 7 17 72% 1352 145 313 149%
c -  2.11 28 24 19 41 7008 1 172638 35860 1.5 22 15 7 17 72% 1352 145 313 149%
c ]  2.13 28 24 20 41 7008 1 173638 36705 1.5 22 15 7 17 72% 1352 145 313 149%
c {  2.13 28 15 20 41 7008 2 173638 36705 1.4 13 9 5 11 71% 1352 145 313 149%
c i  2.21 28 15 20 41 7098 2 179020 40823 1.5 13 9 5 11 71% 1367 145 312 149%
c o  2.21 28 15 20 41 7098 2 179020 40823 1.5 13 9 5 11 71% 1367 145 312 149%
c -  2.21 28 15 20 42 7099 2 179044 31324 1.5 13 9 5 10 71% 1343 145 312 149%
c -  2.30 29 15 20 43 7192 2 185525 26856 1.5 13 9 4 10 71% 1353 145 312 149%
c i  2.32 29 14 20 43 7192 2 187270 28131 1.5 13 9 4 10 71% 1368 145 311 148%
c i  2.37 29 14 20 43 7273 2 191685 31423 1.5 13 9 4 10 71% 1377 145 310 148%
c -  2.38 29 14 20 44 7283 2 192084 17968 1.5 13 9 4 10 71% 1329 145 310 148%
c i  2.43 29 14 20 44 7341 2 197910 22315 1.5 13 8 4 10 71% 1346 145 309 147%
c -  2.44 29 14 20 45 7346 2 198717 17454 1.5 13 8 4 10 71% 1320 145 309 147%
c }  2.46 29 14 21 45 7367 2 200377 18732 1.5 13 8 4 10 71% 1321 145 309 147%
c [  2.46 29 24 21 45 7367 1 200377 18732 1.5 22 15 7 17 72% 1321 145 309 147%
c O  2.46 29 24 21 45 7367 1 200377 18732 1.5 22 15 7 17 72% 1321 145 309 147%
c -  2.52 29 24 21 46 7370 1 205426 20878 1.5 23 15 7 18 72% 1321 145 309 147%
c -  2.62 29 23 21 47 7373 1 212208 24226 1.5 22 15 6 17 72% 1321 145 309 147%
c i  2.65 29 23 21 47 7375 1 213888 25467 1.5 22 15 6 17 72% 1325 145 296 141%
c u  2.68 30 23 21 47 7376 1 214827 17265 1.5 22 15 6 17 72% 1239 145 296 141%
c
c seconds   switched    rate          size/glue  tier1     binary     remaining
c        MB   reductions  conflicts         size   tier2     irredundant
c         level    restarts      redundant     glue    trail      variables
c
c v  2.69 30 23 21 47 7376 1 214827 17086 1.5 22 15 6 17 72% 1242 145 296 141%
c w  2.69 30 23 21 47 7376 1 214827 17049 1.5 22 15 6 17 72% 1243 145 296 141%
c x  2.70 30 23 21 47 7376 1 214827 17045 1.5 22 15 6 17 72% 1243 138 296 141%
c t  2.80 33 23 21 47 7376 1 214827 17045 1.5 22 15 6 17 72% 1229 138 296 141%
c -  2.85 33 23 21 48 7379 1 219064 18511 1.5 22 14 6 17 72% 1230 138 296 141%
c i  2.87 33 23 21 48 7379 1 220596 19656 1.5 21 14 6 17 72% 1234 138 283 135%
c i  2.89 33 23 21 48 7380 1 221710 20536 1.5 21 14 6 17 72% 1239 138 282 134%
c ]  2.93 33 23 22 48 7380 1 224895 23229 1.5 21 14 6 17 72% 1239 138 282 134%
c {  2.93 33 14 22 48 7380 2 224895 23229 1.5 13 8 4 10 71% 1239 138 282 134%
c -  2.94 33 14 22 49 7380 2 225992 14922 1.5 13 8 4 9 71% 1151 138 282 134%
c i  2.97 33 13 22 49 7380 2 228206 16644 1.5 13 8 4 9 71% 1174 138 237 113%
c i  2.98 33 13 22 49 7380 2 228835 17151 1.5 13 8 4 9 71% 1187 138 219 104%
c i  2.98 33 13 22 49 7380 2 228849 17155 1.5 13 8 4 9 71% 1193 138 218 104%
c i  2.98 33 13 22 49 7380 2 228870 17168 1.5 13 8 4 9 71% 1197 138 217 103%
c i  2.98 33 13 22 49 7380 2 228879 17169 1.5 13 8 4 9 71% 1201 138 216 103%
c i  2.98 33 13 22 49 7380 2 228885 17170 1.5 13 8 4 9 71% 1204 138 215 102%
c i  2.98 33 13 22 49 7380 2 228888 17170 1.5 13 8 4 9 71% 1206 138 214 102%
c i  2.98 33 13 22 49 7380 2 228932 17177 1.5 13 8 4 9 71% 1220 138 203 97%
c i  2.98 33 13 22 49 7380 2 228935 17177 1.5 13 8 4 9 71% 1222 138 202 96%
c i  2.98 33 13 22 49 7380 2 228937 17177 1.5 13 8 4 9 71% 1223 138 201 96%
c
c seconds   switched    rate          size/glue tier1    binary     remaining
c        MB   reductions  conflicts         size  tier2    irredundant
c         level    restarts      redundant    glue   trail      variables
c
c i  2.98 33 13 22 49 7380 2 228947 17177 1.5 13 8 4 9 71% 1229 138 189 90%
c i  2.98 33 13 22 49 7380 2 228951 17177 1.5 13 8 4 9 71% 1231 138 188 90%
c i  2.98 33 13 22 49 7380 2 228962 17181 1.5 13 8 4 9 71% 1236 138 180 86%
c i  2.98 33 13 22 49 7380 2 228963 17181 1.5 13 8 4 9 71% 1236 138 179 85%
c i  2.98 33 13 22 49 7380 2 228964 17181 1.5 13 8 4 9 71% 1236 138 178 85%
c i  2.98 33 13 22 49 7380 2 228966 17181 1.5 13 8 4 9 71% 1237 138 177 84%
c i  2.98 33 13 22 49 7380 2 228971 17181 1.5 13 8 4 9 71% 1241 138 138 66%
c i  2.98 33 13 22 49 7380 2 228972 17181 1.5 13 8 4 9 71% 1241 138 137 65%
c i  2.98 33 13 22 49 7380 2 228973 17181 1.5 13 8 4 9 71% 1241 138 136 65%
c }  2.98 33 13 22 49 7380 2 228975 17181 1.5 13 8 4 9 71% 1241 138 106 50%
c 0  2.98 33 13 22 49 7380 2 228975 17181 1.5 13 8 4 9 71% 1241 138 106 50%
c
c ---- [ result ] ------------------------------------------------------------
c
s UNSATISFIABLE
c
c ---- [ profiling ] ---------------------------------------------------------
c
c           2.62   87.88 %  search
c           1.34   44.98 %  focused
c           1.28   42.90 %  stable
c           0.35   11.75 %  probe
c           0.34   11.50 %  simplify
c           0.19    6.45 %  vivify
c           0.14    4.65 %  sweep
c           0.07    2.39 %  reduce
c           0.02    0.60 %  preprocess
c           0.01    0.39 %  substitute
c           0.01    0.19 %  eliminate
c           0.00    0.16 %  walking
c           0.00    0.12 %  factor
c           0.00    0.07 %  transitive
c           0.00    0.05 %  backbone
c           0.00    0.04 %  congruence
c           0.00    0.01 %  subsume
c           0.00    0.01 %  parse
c           0.00    0.01 %  lucky
c =============================================
c           2.98  100.00 %  total
c
c ---- [ statistics ] --------------------------------------------------------
c
c conflicts:                           228975            76747.31 per second
c decisions:                           381339                1.67 per conflict
c eliminated:                              86               41 %  variables
c factored:                               190               90 %  variables
c iterations:                              28               13 %  variables
c propagations:                      13557711          4544242    per second
c reductions:                              49             4673    interval
c reordered:                                6            38162    interval
c rephased:                                12            19081    interval
c restarts:                              7380               31    interval
c subsumed:                                17                1 %  checks
c switched:                                22            10408    interval
c vivified:                              7037               74 %  checks
c walks:                                    4            57244    interval
c
c ---- [ glue usage ] --------------------------------------------------------
c
c focused glue 4   used 65028 clauses 18.94% accumulated 56.84% tier1
c focused glue 5   used 43326 clauses 12.62% accumulated 69.46%
c focused glue 6-7 used 48078 clauses 14.00% accumulated 83.46%
c focused glue 8   used 14415 clauses  4.20% accumulated 87.66%
c focused glue 9   used  9938 clauses  2.89% accumulated 90.55% tier2
c
c stable glue 6    used  24687 clauses  6.37% accumulated 53.76% tier1
c stable glue 7    used  21306 clauses  5.49% accumulated 59.25%
c stable glue 8-15 used 110094 clauses 28.39% accumulated 87.65%
c stable glue 16   used   7369 clauses  1.90% accumulated 89.55%
c stable glue 17   used   6287 clauses  1.62% accumulated 91.17% tier2
c
c ---- [ resources ] ---------------------------------------------------------
c
c maximum-resident-set-size:      35198599168 bytes      33568 MB
c process-time:                             3s               2.98 seconds
c
c ---- [ shutting down ] -----------------------------------------------------
c
c exit 20
