c ---- [ banner ] ------------------------------------------------------------
c
c Kissat SAT Solver
c 
c Copyright (c) 2021-2024 Armin Biere University of Freiburg
c Copyright (c) 2019-2021 Armin Biere Johannes Kepler University Linz
c 
c Version 4.0.4 8af8e56f174b778aef3aa45af9f739b2a5f492c2
c Apple clang version 17.0.0 (clang-1700.6.3.2) -W -Wall -O3 -DNDEBUG
c Mon Mar 30 18:25:47 CEST 2026 Darwin Mac 24.6.0 arm64
c
c ---- [ parsing ] -----------------------------------------------------------
c
c opened and reading DIMACS file:
c
c   tmp.cnf
c
c parsed 'p cnf 78 9295' header
c closing input after reading 192844 bytes (188 KB)
c finished parsing after 0.00 seconds
c
c ---- [ solving ] -----------------------------------------------------------
c
c seconds switched rate     size/glue tier1 binary     remaining
c        MB reductions conflicts size  tier2  irredundant
c         level restarts redundant glue  trail     variables
c
c *  0.00  3 0 0 0  0 0   0   0 0.0 0 0 0 0 0%   0 9295 78 100%
c (  0.00  4 0 0 0  0 0   0   0 0.0 0 0 0 0 0%   0 9295 78 100%
c .  0.00  4 0 0 0  0 0   0   0 0.0 0 0 0 0 0%   0 9295 78 100%
c f  0.04  4 0 0 0  0 0   0   0 0.0 0 0 0 0 0% 339 3717 245 314%
c )  0.04  4 0 0 0  0 0   0   0 0.0 0 0 0 0 0% 339 3717 245 314%
c {  0.04  4 0 0 0  0 0   0   0 0.0 0 0 2 6 0% 339 3717 245 314%
c -  0.05  4 18 0 1  7 1 1001 617 1.4 15 11 8 14 49% 339 3717 245 314%
c }  0.05  4 18 1 1  7 1 1001 617 1.4 15 11 8 14 49% 339 3717 245 314%
c [  0.05  4 0 1 1  7 0 1001 617 0.0 0 0 2 6 0% 339 3717 245 314%
c B  0.05  4 0 1 1  7 0 1001 617 0.0 0 0 2 6 0% 339 3717 245 314%
c ]  0.05  4 21 2 1  7 1 1854 1392 1.4 19 13 9 17 52% 339 3717 245 314%
c {  0.05  4 18 2 1  7 1 1854 1392 1.4 15 11 8 14 49% 339 3717 245 314%
c -  0.06  4 18 2 2 22 1 2002 1444 1.5 16 11 8 14 50% 339 3717 245 314%
c }  0.06  5 18 3 2 41 2 2854 2201 1.6 16 10 8 14 52% 339 3717 245 314%
c [  0.06  5 21 3 2 41 1 2854 2201 1.4 19 13 9 17 52% 339 3717 245 314%
c W  0.06  5 21 3 2 41 1 2854 2201 1.4 19 13 9 17 52% 339 3717 245 314%
c u  0.07  5 21 3 2 41 1 3371 2671 1.5 19 13 9 17 57% 339 3717 245 314%
c v  0.07  5 21 3 2 41 1 3371 2665 1.5 19 13 9 17 57% 339 3717 245 314%
c w  0.07  5 21 3 2 41 1 3371 2653 1.5 19 13 9 17 57% 339 3717 245 314%
c x  0.08  5 21 3 2 41 1 3371 2653 1.5 19 13 9 17 57% 339 3230 245 314%
c
c seconds  switched rate       size/glue  tier1    binary      remaining
c        MB reductions conflicts     size   tier2    irredundant
c         level restarts  redundant     glue    trail      variables
c
c -  0.08  5 21 3 3 41 1 3418 2528 1.5 19 13 9 17 57% 339 3230 245 314%
c ]  0.08  5 21 4 3 42 1 4006 3024 1.5 19 13 9 17 58% 339 3230 245 314%
c {  0.08  5 18 4 3 42 2 4006 3024 1.6 16 10 8 14 52% 339 3230 245 314%
c -  0.09  5 17 4 4 129 2 5151 3608 1.6 16 10 8 13 53% 339 3230 245 314%
c }  0.11  5 16 5 4 188 2 6358 4663 1.6 16 10 8 13 53% 339 3230 245 314%
c [  0.11  5 21 5 4 188 1 6358 4663 1.5 19 13 9 17 58% 339 3230 245 314%
c I  0.11  5 21 5 4 188 1 6358 4663 1.5 19 13 9 17 58% 339 3230 245 314%
c -  0.11  5 19 5 5 188 1 7151 4737 1.5 18 12 9 16 58% 339 3230 245 314%
c -  0.13  5 17 5 6 190 1 9387 5868 1.6 18 11 8 15 60% 339 3230 245 314%
c ]  0.13  5 17 6 6 190 1 9450 5926 1.6 18 11 8 15 60% 339 3230 245 314%
c {  0.13  5 16 6 6 190 2 9450 5926 1.6 16 10 8 13 53% 339 3230 245 314%
c u  0.15  6 15 6 6 191 2 10530 6908 1.7 16 9 8 13 54% 339 3230 245 314%
c v  0.15  6 15 6 6 191 2 10530 6904 1.7 16 9 8 13 54% 339 3230 245 314%
c w  0.15  6 15 6 6 191 2 10530 6904 1.7 16 9 8 13 54% 339 3230 245 314%
c x  0.15  6 15 6 6 191 2 10530 6904 1.7 16 9 8 13 54% 339 2989 245 314%
c o  0.16  7 15 6 6 191 2 10530 6904 1.7 16 9 8 13 54% 339 2989 245 314%
c -  0.18  7 14 6 7 191 2 11837 6906 1.7 15 9 7 12 54% 339 2989 245 314%
c }  0.19  7 13 7 7 191 2 13521 8341 1.7 15 9 7 12 55% 339 2989 245 314%
c [  0.19  7 17 7 7 191 1 13521 8341 1.6 18 11 8 15 60% 339 2989 245 314%
c B  0.19  7 17 7 7 191 1 13521 8341 1.6 18 11 8 15 60% 339 2989 245 314%
c
c seconds  switched  rate        size/glue  tier1    binary      remaining
c        MB reductions conflicts       size   tier2    irredundant
c         level restarts    redundant     glue    trail      variables
c
c -  0.20  7 17 7 8 191 1 14483 7810 1.6 18 12 8 15 60% 339 2989 245 314%
c s  0.23  7 17 7 8 193 1 16853 9874 1.5 19 12 8 15 61% 339 2287 245 314%
c ^  0.23  7 17 7 8 193 1 16853 9874 1.5 19 12 8 15 61% 339 2287 245 314%
c -  0.23  7 17 7 9 193 1 17311 8822 1.5 19 12 8 15 61% 339 2287 245 314%
c ]  0.24  7 18 8 9 194 1 18295 9675 1.5 19 12 8 15 61% 339 2287 245 314%
c {  0.24  7 13 8 9 194 2 18295 9675 1.7 15 9 7 12 55% 339 2287 245 314%
c -  0.28  7 14 8 10 711 2 20311 10047 1.6 15 9 7 11 55% 339 2287 245 314%
c o  0.29  7 14 8 10 790 2 20612 10316 1.6 15 9 7 11 55% 339 2287 245 314%
c u  0.32  8 15 8 10 1120 3 21775 11332 1.6 15 9 7 11 54% 339 2287 245 314%
c v  0.32  8 15 8 10 1120 3 21775 11317 1.6 15 9 7 11 54% 339 2287 245 314%
c w  0.32  8 15 8 10 1120 3 21775 11243 1.6 15 9 7 11 54% 339 2287 245 314%
c x  0.32  8 15 8 10 1120 3 21775 11243 1.6 15 9 7 11 54% 339 2282 245 314%
c -  0.35  9 15 8 11 1224 3 23474 11186 1.6 15 9 7 11 55% 339 2282 245 314%
c }  0.36  9 15 9 11 1257 2 24454 11990 1.6 15 9 7 11 54% 339 2282 245 314%
c [  0.36  9 18 9 11 1257 1 24454 11990 1.5 19 12 8 15 61% 339 2282 245 314%
c W  0.36  9 18 9 11 1257 1 24454 11990 1.5 19 12 8 15 61% 339 2282 245 314%
c -  0.39 10 19 9 12 1259 1 26791 11882 1.5 20 13 8 16 61% 339 2282 245 314%
c -  0.43 10 20 9 13 1261 1 30256 12223 1.5 20 14 8 17 61% 339 2282 245 314%
c O  0.45 10 20 9 13 1262 1 31982 13703 1.5 20 14 8 17 60% 339 2282 245 314%
c ]  0.46 10 20 10 13 1263 1 33340 14866 1.4 20 14 8 17 60% 339 2282 245 314%
c
c seconds   switched    rate         size/glue tier1    binary      remaining
c        MB   reductions  conflicts        size  tier2    irredundant
c         level    restarts     redundant    glue    trail      variables
c
c {  0.46 10 15 10 13 1263 2 33340 14866 1.6 15 9 7 11 54% 339 2282 245 314%
c -  0.48 10 15 10 14 1346 3 33862 12007 1.6 15 9 6 11 54% 339 2282 245 314%
c e  0.50 10 15 10 14 1581 3 34964 13045 1.6 15 9 6 11 54% 296 2347 223 286%
c ^  0.50 10 15 10 14 1581 3 34964 13045 1.6 15 9 6 11 54% 296 2347 223 286%
c -  0.54 11 15 10 15 1683 3 37604 12076 1.6 15 9 6 11 55% 296 2347 223 286%
c u  0.55 11 15 10 15 1683 3 37900 12261 1.6 15 9 6 11 55% 296 2347 223 286%
c v  0.56 11 15 10 15 1683 3 37900 12246 1.6 15 9 6 11 55% 296 2347 223 286%
c w  0.56 12 15 10 15 1683 3 37900 12119 1.6 15 9 6 11 55% 296 2347 223 286%
c f  0.56 12 15 10 15 1683 3 37900 12119 1.6 15 9 6 11 55% 367 2155 256 328%
c u  0.57 13 15 10 15 1683 3 37900 12071 1.6 15 9 6 11 55% 367 2155 256 328%
c v  0.57 13 15 10 15 1683 3 37900 12067 1.6 15 9 6 11 55% 367 2155 256 328%
c w  0.58 13 15 10 15 1683 3 37900 12066 1.6 15 9 6 11 55% 367 2155 256 328%
c x  0.58 13 15 10 15 1683 3 37900 12065 1.6 15 9 6 11 55% 367 2146 256 328%
c o  0.65 13 15 10 15 1792 2 40707 14455 1.6 15 9 6 11 55% 367 2146 256 328%
c -  0.67 14 15 10 16 1936 2 41477 13163 1.6 15 9 6 11 55% 367 2146 256 328%
c }  0.69 14 15 11 16 2059 3 41967 13629 1.6 15 9 6 11 55% 367 2146 256 328%
c [  0.69 14 20 11 16 2059 1 41967 13629 1.4 20 14 8 17 60% 367 2146 256 328%
c B  0.69 14 20 11 16 2059 1 41967 13629 1.4 20 14 8 17 60% 367 2146 256 328%
c -  0.73 14 20 11 17 2061 1 45477 14081 1.4 20 14 8 17 60% 367 2146 256 328%
c -  0.78 14 20 11 18 2064 1 49600 14834 1.4 20 14 8 17 61% 367 2146 256 328%
c
c seconds   switched    rate         size/glue  tier1    binary      remaining
c        MB   reductions  conflicts        size   tier2    irredundant
c         level    restarts     redundant     glue    trail      variables
c
c -  0.84 14 20 11 19 2065 1 53842 15779 1.4 20 14 7 17 61% 367 2146 256 328%
c ]  0.84 14 20 12 19 2065 1 53845 15782 1.4 20 14 7 17 61% 367 2146 256 328%
c {  0.84 14 15 12 19 2065 3 53845 15782 1.6 15 9 6 11 55% 367 2146 256 328%
c -  0.93 14 15 12 20 2415 2 58200 17045 1.6 15 9 6 11 55% 367 2146 256 328%
c u  0.95 14 15 12 20 2415 2 58812 17443 1.6 15 9 6 11 55% 367 2146 256 328%
c v  0.96 15 15 12 20 2415 2 58812 17394 1.6 15 9 6 11 55% 367 2146 256 328%
c w  0.96 15 15 12 20 2415 2 58812 17310 1.6 15 9 6 11 55% 367 2146 256 328%
c x  0.96 15 15 12 20 2415 2 58812 17309 1.6 15 9 6 11 55% 367 2138 256 328%
c -  1.03 15 14 12 21 2507 2 62672 17615 1.6 14 9 6 10 54% 367 2138 256 328%
c }  1.07 15 14 13 21 2534 2 65324 19749 1.6 14 9 6 10 55% 368 2138 256 328%
c [  1.07 15 20 13 21 2534 1 65324 19749 1.4 20 14 7 17 61% 368 2138 256 328%
c W  1.07 15 20 13 21 2534 1 65324 19749 1.4 20 14 7 17 61% 368 2138 256 328%
c -  1.10 15 20 13 22 2535 1 67255 18837 1.4 20 14 7 17 62% 368 2138 256 328%
c -  1.17 15 20 13 23 2539 1 71945 20038 1.4 20 14 7 16 61% 368 2138 256 328%
c s  1.21 15 20 13 23 2540 1 74183 21792 1.4 20 14 7 16 61% 368 2127 256 328%
c e  1.21 15 20 13 23 2540 1 74183 21792 1.4 20 14 7 16 61% 335 2180 229 294%
c ^  1.21 15 20 13 23 2540 1 74183 21792 1.4 20 14 7 16 61% 335 2180 229 294%
c o  1.21 15 20 13 23 2540 1 74183 19483 1.4 20 14 7 16 61% 335 2180 229 294%
c -  1.25 16 20 13 24 2540 1 76742 19077 1.4 20 14 7 16 61% 335 2180 229 294%
c ]  1.29 16 20 14 24 2543 1 79765 21595 1.4 20 14 7 16 61% 335 2180 229 294%
c
c seconds   switched    rate         size/glue tier1    binary      remaining
c        MB   reductions  conflicts        size  tier2    irredundant
c         level    restarts     redundant    glue    trail      variables
c
c {  1.29 16 14 14 24 2543 2 79765 21595 1.6 14 9 6 10 55% 335 2180 229 294%
c -  1.33 16 14 14 25 2739 2 81640 18151 1.6 14 9 5 10 55% 335 2180 229 294%
c u  1.41 16 14 14 25 3095 2 84556 20632 1.6 14 9 5 10 55% 336 2180 229 294%
c v  1.43 16 14 14 25 3095 2 84556 20578 1.6 14 9 5 10 55% 336 2180 229 294%
c w  1.43 16 14 14 25 3095 2 84556 20553 1.6 14 9 5 10 55% 336 2180 229 294%
c t  1.43 16 14 14 25 3095 2 84556 20553 1.6 14 9 5 10 55% 335 2180 229 294%
c f  1.44 16 14 14 25 3095 2 84556 20553 1.6 14 9 5 10 55% 348 2142 234 300%
c u  1.45 18 14 14 25 3095 2 84556 20470 1.6 14 9 5 10 55% 348 2142 234 300%
c v  1.46 18 14 14 25 3095 2 84556 20448 1.6 14 9 5 10 55% 348 2142 234 300%
c w  1.46 18 14 14 25 3095 2 84556 20300 1.6 14 9 5 10 55% 348 2142 234 300%
c x  1.47 18 14 14 25 3095 2 84556 20299 1.6 14 9 5 10 55% 348 2139 234 300%
c -  1.52 20 14 14 26 3396 2 86640 18871 1.6 14 9 5 10 55% 348 2139 234 300%
c -  1.62 20 14 14 27 3595 2 91739 20046 1.6 14 9 5 10 55% 348 2139 234 300%
c }  1.70 20 14 15 27 4184 2 94480 22586 1.6 15 9 5 10 55% 348 2139 234 300%
c [  1.70 20 20 15 27 4184 1 94480 22586 1.4 20 14 7 16 61% 348 2139 234 300%
c I  1.70 20 20 15 27 4184 1 94480 22586 1.4 20 14 7 16 61% 348 2139 234 300%
c -  1.74 20 20 15 28 4186 1 96936 21030 1.4 20 14 7 16 61% 348 2139 234 300%
c -  1.83 20 19 15 29 4189 1 102228 21867 1.5 19 13 6 16 61% 348 2139 234 300%
c -  1.93 22 18 15 30 4191 1 107613 22568 1.5 19 13 6 15 62% 348 2139 234 300%
c B  2.01 22 18 15 30 4195 1 112283 26144 1.5 19 13 6 15 62% 348 2139 234 300%
c
c seconds   switched    rate          size/glue  tier1    binary      remaining
c        MB   reductions  conflicts         size   tier2    irredundant
c         level    restarts      redundant     glue    trail      variables
c
c -  2.03 22 18 15 31 4196 1 113093 23297 1.5 19 13 6 15 62% 348 2139 234 300%
c ]  2.04 22 18 16 31 4196 1 113435 23588 1.5 19 13 6 15 62% 348 2139 234 300%
c {  2.04 22 14 16 31 4196 2 113435 23588 1.6 15 9 5 10 55% 348 2139 234 300%
c u  2.09 25 14 16 31 4227 2 115338 24887 1.6 14 9 5 10 55% 348 2139 234 300%
c v  2.11 25 14 16 31 4227 2 115338 24232 1.6 14 9 5 10 55% 348 2139 234 300%
c w  2.12 25 14 16 31 4227 2 115338 23947 1.6 14 9 5 10 55% 348 2139 234 300%
c o  2.21 26 14 16 31 4227 2 115338 23947 1.6 14 9 5 10 55% 348 2139 234 300%
c -  2.30 26 14 16 32 4628 2 118660 23754 1.6 14 9 5 10 56% 348 2139 234 300%
c -  2.42 26 14 16 33 4902 2 124317 22704 1.6 14 9 4 10 56% 348 2139 234 300%
c -  2.53 27 14 16 34 5118 2 130062 23157 1.6 14 9 4 10 56% 348 2139 234 300%
c }  2.56 27 14 17 34 5263 2 131772 24540 1.6 14 9 4 10 56% 348 2139 234 300%
c [  2.56 27 18 17 34 5263 1 131772 24540 1.5 19 13 6 15 62% 348 2139 234 300%
c W  2.59 28 18 17 34 5264 1 133196 25830 1.5 19 13 6 15 62% 348 2139 234 300%
c -  2.63 29 18 17 35 5266 1 135892 23177 1.5 19 13 6 15 62% 348 2139 234 300%
c e  2.67 29 18 17 35 5267 1 137890 24815 1.5 19 13 6 15 62% 286 2317 199 255%
c ^  2.67 29 18 17 35 5267 1 137890 24815 1.5 19 13 6 15 62% 286 2317 199 255%
c -  2.73 31 19 17 36 5269 1 141809 17670 1.5 19 13 6 15 62% 286 2317 199 255%
c -  2.83 31 19 17 37 5272 1 147810 17961 1.5 19 13 6 15 62% 286 2317 199 255%
c u  2.91 31 19 17 37 5275 1 151312 20526 1.5 19 13 6 15 62% 286 2317 199 255%
c v  2.92 34 19 17 37 5275 1 151312 20218 1.5 19 13 6 15 62% 286 2317 199 255%
c
c seconds   switched    rate          size/glue  tier1    binary      remaining
c        MB   reductions  conflicts         size   tier2    irredundant
c         level    restarts      redundant     glue    trail      variables
c
c w  2.93 34 19 17 37 5275 1 151312 19203 1.5 19 13 6 15 62% 286 2317 199 255%
c f  2.94 34 19 17 37 5275 1 151312 19203 1.5 19 13 6 15 62% 290 2294 201 258%
c u  2.95 34 19 17 37 5275 1 151312 19001 1.5 19 13 6 15 62% 290 2294 201 258%
c v  2.97 34 19 17 37 5275 1 151312 18794 1.5 19 13 6 15 62% 290 2294 201 258%
c w  2.97 34 19 17 37 5275 1 151312 18793 1.5 19 13 6 15 62% 290 2294 201 258%
c x  2.98 34 19 17 37 5275 1 151312 18789 1.5 19 13 6 15 62% 290 2248 201 258%
c -  3.02 34 19 17 38 5276 1 153894 17602 1.4 20 13 6 15 62% 290 2248 201 258%
c ]  3.07 34 19 18 38 5277 1 156530 19558 1.4 20 13 6 15 63% 290 2248 201 258%
c {  3.07 34 14 18 38 5277 2 156530 19558 1.6 14 9 4 10 56% 290 2248 201 258%
c -  3.17 34 14 18 39 5765 2 160059 19605 1.6 15 9 4 10 56% 290 2248 201 258%
c o  3.35 34 15 18 39 6626 2 166081 24710 1.6 15 9 4 10 56% 290 2248 201 258%
c -  3.36 34 15 18 40 6688 2 166303 21677 1.6 15 9 4 10 56% 290 2248 201 258%
c -  3.56 34 15 18 41 7157 2 172627 23182 1.6 15 9 4 10 56% 290 2248 201 258%
c }  3.80 34 15 19 41 8125 2 178879 28576 1.6 15 9 4 10 56% 290 2248 201 258%
c [  3.80 34 19 19 41 8125 1 178879 28576 1.4 20 13 6 15 63% 290 2248 201 258%
c O  3.80 34 19 19 41 8125 1 178879 28576 1.4 20 13 6 15 63% 290 2248 201 258%
c -  3.81 34 19 19 42 8125 1 179030 24684 1.4 20 13 6 15 63% 290 2248 201 258%
c -  3.95 35 19 19 43 8130 1 185514 24951 1.4 20 14 6 15 63% 290 2248 201 258%
c -  4.10 35 19 19 44 8132 1 192072 24851 1.5 20 14 6 15 63% 290 2248 201 258%
c u  4.14 35 19 19 44 8133 1 192445 24822 1.5 20 14 6 15 63% 290 2248 201 258%
c
c seconds   switched    rate          size/glue  tier1    binary      remaining
c        MB   reductions  conflicts         size   tier2    irredundant
c         level    restarts      redundant     glue    trail      variables
c
c v  4.18 35 19 19 44 8133 1 192445 24589 1.5 20 14 6 15 63% 290 2248 201 258%
c w  4.19 35 19 19 44 8133 1 192445 24205 1.5 20 14 6 15 63% 290 2248 201 258%
c -  4.33 35 19 19 45 8137 1 198706 24349 1.5 20 14 6 15 63% 290 2248 201 258%
c -  4.47 35 19 19 46 8139 1 205414 25271 1.5 20 13 6 15 63% 290 2248 201 258%
c B  4.49 35 19 19 46 8139 1 206620 26254 1.5 20 13 6 15 63% 290 2248 201 258%
c -  4.61 35 19 19 47 8140 1 212196 26834 1.5 20 13 6 15 63% 290 2248 201 258%
c ]  4.66 35 19 20 47 8142 1 214776 29039 1.5 20 13 6 15 63% 290 2248 201 258%
c {  4.66 35 15 20 47 8142 2 214776 29039 1.6 15 9 4 10 56% 290 2248 201 258%
c -  4.77 35 15 20 48 8290 2 219051 27794 1.6 15 9 4 10 56% 291 2248 201 258%
c -  4.93 35 15 20 49 8511 2 225979 29073 1.6 15 9 4 10 57% 292 2248 201 258%
c o  4.94 35 15 20 49 8515 2 226306 29361 1.6 15 9 4 10 57% 292 2248 201 258%
c s  4.98 35 15 20 49 8644 2 227887 30814 1.6 15 9 4 10 57% 292 2196 201 258%
c e  4.98 35 15 20 49 8644 2 227887 30814 1.6 15 9 4 10 57% 236 2467 168 215%
c s  4.98 35 15 20 49 8644 2 227887 30814 1.6 15 9 4 10 57% 236 2442 168 215%
c ^  4.98 35 15 20 49 8644 2 227887 30814 1.6 15 9 4 10 57% 236 2442 168 215%
c -  5.08 37 15 20 50 9044 2 232981 21182 1.6 15 9 4 10 57% 236 2442 168 215%
c u  5.22 37 15 20 50 9381 2 239004 25937 1.6 15 9 4 10 57% 236 2442 168 215%
c v  5.25 37 15 20 50 9381 2 239004 25693 1.6 15 9 4 10 57% 236 2442 168 215%
c w  5.25 37 15 20 50 9381 2 239004 25678 1.6 15 9 4 10 57% 236 2442 168 215%
c x  5.27 37 15 20 50 9381 2 239004 25657 1.6 15 9 4 10 57% 236 2364 168 215%
c
c seconds   switched    rate          size/glue tier1    binary      remaining
c        MB   reductions  conflicts         size  tier2    irredundant
c         level    restarts      redundant    glue    trail      variables
c
c -  5.30 38 15 20 51 9419 2 240055 22131 1.6 15 9 3 10 57% 236 2364 168 215%
c }  5.33 38 15 21 51 9444 2 241516 23335 1.6 15 9 3 10 57% 236 2364 168 215%
c [  5.33 38 19 21 51 9444 1 241516 23335 1.5 20 13 6 15 63% 236 2364 168 215%
c W  5.33 39 19 21 51 9444 1 241516 23335 1.5 20 13 6 15 63% 236 2364 168 215%
c -  5.43 40 19 21 52 9448 1 247196 22235 1.5 20 14 5 15 63% 236 2364 168 215%
c -  5.55 40 19 21 53 9451 1 254408 21074 1.5 20 14 5 15 63% 236 2364 168 215%
c -  5.68 40 19 21 54 9456 1 261688 21360 1.4 20 14 5 15 63% 236 2364 168 215%
c -  5.80 40 19 21 55 9458 1 269037 22063 1.4 20 13 5 15 63% 236 2364 168 215%
c -  5.92 40 19 21 56 9460 1 276453 23114 1.4 19 13 5 15 63% 236 2364 168 215%
c I  5.92 40 19 21 56 9461 1 276869 23458 1.4 19 13 5 15 63% 236 2364 168 215%
c ]  5.93 40 19 22 56 9461 1 277361 23826 1.4 19 13 5 15 63% 236 2364 168 215%
c {  5.93 40 15 22 56 9461 2 277361 23826 1.6 15 9 3 10 57% 236 2364 168 215%
c -  6.04 40 14 22 57 9461 2 283936 25038 1.6 15 9 3 10 58% 236 2364 168 215%
c u  6.19 43 14 22 57 9461 2 290924 30232 1.7 14 9 3 10 58% 236 2364 168 215%
c v  6.22 43 14 22 57 9461 2 290924 30059 1.7 14 9 3 10 58% 236 2364 168 215%
c w  6.23 43 14 22 57 9461 2 290924 29723 1.7 14 9 3 10 58% 236 2364 168 215%
c x  6.24 43 14 22 57 9461 2 290924 29719 1.7 14 9 3 10 58% 236 2318 168 215%
c -  6.43 48 14 22 58 9461 2 291487 25889 1.7 14 9 3 9 58% 236 2318 168 215%
c -  6.56 48 13 22 59 9461 2 299102 26575 1.7 14 9 3 9 59% 237 2318 168 215%
c -  6.68 48 13 22 60 9461 2 306784 25868 1.7 14 8 3 9 59% 240 2318 168 215%
c
c seconds   switched    rate          size/glue tier1   binary      remaining
c        MB   reductions  conflicts         size  tier2   irredundant
c         level    restarts      redundant    glue   trail      variables
c
c }  6.72 48 12 23 60 9461 2 308877 27226 1.7 14 8 3 9 59% 241 2318 168 215%
c [  6.72 48 19 23 60 9461 1 308877 27226 1.4 19 13 5 15 63% 241 2318 168 215%
c i  6.76 48 18 23 60 9463 1 311179 28631 1.4 19 13 5 15 63% 249 2318 167 214%
c o  6.76 48 18 23 60 9463 1 311179 28631 1.4 19 13 5 15 63% 249 2318 167 214%
c -  6.82 48 19 23 61 9465 1 314532 17220 1.4 19 13 5 15 64% 232 2318 167 214%
c B  6.84 48 19 23 61 9466 1 316310 18695 1.4 19 13 5 15 64% 232 2318 167 214%
c -  6.94 48 19 23 62 9469 1 322342 20147 1.4 19 13 5 15 64% 232 2318 167 214%
c -  7.07 48 19 23 63 9474 1 330218 23052 1.4 19 13 5 15 63% 232 2318 167 214%
c -  7.21 48 18 23 64 9475 1 338155 25287 1.4 19 13 5 15 63% 232 2318 167 214%
c ]  7.27 48 18 24 64 9475 1 341698 28188 1.4 19 13 5 15 63% 232 2318 167 214%
c {  7.27 48 12 24 64 9475 2 341698 28188 1.7 14 8 3 9 59% 232 2318 167 214%
c -  7.40 48 13 24 65 10103 2 346155 27886 1.7 14 8 3 9 59% 232 2318 167 214%
c s  7.41 48 13 24 65 10164 2 346440 28157 1.6 14 8 3 9 59% 232 2313 167 214%
c e  7.42 48 13 24 65 10164 2 346440 28157 1.6 14 8 3 9 59% 172 2745 138 177%
c s  7.42 49 13 24 65 10164 2 346440 28157 1.6 14 8 3 9 59% 172 2736 138 177%
c !  7.42 49 13 24 65 10164 2 346440 28157 1.6 14 8 3 9 59% 172 2736 138 177%
c u  7.49 49 13 24 65 10476 2 348642 19650 1.6 14 8 3 9 59% 172 2736 138 177%
c v  7.51 49 13 24 65 10476 2 348642 19470 1.6 14 8 3 9 59% 172 2736 138 177%
c w  7.53 49 13 24 65 10476 2 348642 18139 1.6 14 8 3 9 59% 172 2736 138 177%
c x  7.54 49 13 24 65 10476 2 348642 18139 1.6 14 8 3 9 59% 172 2732 138 177%
c
c seconds   switched     rate          size/glue tier1   binary      remaining
c        MB   reductions   conflicts         size  tier2   irredundant
c         level    restarts       redundant    glue   trail      variables
c
c f  7.54 49 13 24 65 10476 2 348642 18139 1.6 14 8 3 9 59% 195 2530 146 187%
c u  7.57 49 13 24 65 10476 2 348642 17695 1.6 14 8 3 9 59% 195 2530 146 187%
c v  7.61 49 13 24 65 10476 2 348642 17452 1.6 14 8 3 9 59% 195 2530 146 187%
c w  7.62 49 13 24 65 10476 2 348642 17394 1.6 14 8 3 9 59% 195 2530 146 187%
c -  7.73 49 13 24 66 11032 2 354218 19392 1.6 14 8 3 9 60% 195 2530 146 187%
c -  7.86 49 13 24 67 11367 2 362343 22648 1.6 14 8 3 9 60% 196 2530 146 187%
c -  8.03 49 13 24 68 12126 2 370528 24568 1.6 14 8 3 9 60% 196 2530 146 187%
c }  8.20 51 13 25 68 12747 2 378376 31196 1.6 14 8 3 9 60% 196 2530 146 187%
c [  8.20 51 18 25 68 12747 1 378376 31196 1.4 19 13 5 15 63% 196 2530 146 187%
c W  8.21 52 18 25 68 12747 1 378376 31196 1.4 19 13 5 15 63% 196 2530 146 187%
c -  8.22 52 18 25 69 12747 1 378775 25967 1.4 19 13 5 14 63% 196 2530 146 187%
c -  8.35 53 18 25 70 12753 1 387081 25922 1.4 19 13 5 14 63% 196 2530 146 187%
c -  8.50 53 18 25 71 12757 1 395448 25241 1.5 19 13 5 14 63% 196 2530 146 187%
c -  8.64 53 18 25 72 12761 1 403875 26222 1.5 19 13 4 14 64% 196 2530 146 187%
c u  8.79 54 17 25 72 12762 1 411452 31603 1.5 18 12 4 14 64% 197 2530 146 187%
c v  8.82 54 17 25 72 12762 1 411452 31329 1.5 18 12 4 14 64% 197 2530 146 187%
c w  8.83 54 17 25 72 12762 1 411452 26475 1.5 18 12 4 14 64% 197 2530 146 187%
c x  8.85 54 17 25 72 12762 1 411452 26473 1.5 18 12 4 14 64% 197 2508 146 187%
c o  8.85 54 17 25 72 12762 1 411452 26473 1.5 18 12 4 14 64% 197 2508 146 187%
c -  8.86 54 17 25 73 12763 1 412361 23077 1.5 18 13 4 14 64% 197 2508 146 187%
c
c seconds   switched     rate          size/glue  tier1    binary      remaining
c        MB   reductions   conflicts         size   tier2    irredundant
c         level    restarts       redundant     glue    trail      variables
c
c -  9.00 54 18 25 74 12768 1 420906 24170 1.5 19 13 4 14 64% 197 2508 146 187%
c ]  9.05 54 18 26 74 12768 1 423394 26234 1.5 19 13 4 14 64% 197 2508 146 187%
c {  9.05 54 13 26 74 12768 2 423394 26234 1.6 14 8 3 9 60% 197 2508 146 187%
c -  9.16 54 13 26 75 13077 2 429508 25060 1.6 14 8 3 9 60% 198 2508 146 187%
c -  9.34 54 13 26 76 13592 2 438168 27902 1.6 14 8 3 9 61% 198 2508 146 187%
c -  9.54 54 13 26 77 14217 2 446886 30036 1.6 14 8 3 9 61% 198 2508 146 187%
c -  9.73 54 13 26 78 14684 2 455661 31155 1.6 14 8 3 9 61% 198 2508 146 187%
c -  9.95 54 13 26 79 15333 2 464492 31856 1.6 14 8 3 9 61% 200 2508 146 187%
c }  9.98 54 13 27 79 15471 2 465612 32828 1.6 14 8 3 9 61% 200 2508 146 187%
c [  9.98 54 18 27 79 15471 1 465612 32828 1.5 19 13 4 14 64% 200 2508 146 187%
c O  9.98 54 18 27 79 15471 1 465612 32828 1.5 19 13 4 14 64% 200 2508 146 187%
c - 10.12 54 18 27 80 15476 1 473380 30483 1.4 19 13 4 14 65% 200 2508 146 187%
c u 10.28 54 19 27 80 15480 1 480143 35932 1.4 19 13 4 14 65% 200 2508 146 187%
c v 10.31 54 19 27 80 15480 1 480143 35819 1.4 19 13 4 14 65% 200 2508 146 187%
c w 10.32 55 19 27 80 15480 1 480143 35144 1.4 19 13 4 14 65% 200 2508 146 187%
c x 10.34 55 19 27 80 15480 1 480143 35140 1.4 19 13 4 14 65% 200 2489 146 187%
c - 10.39 57 19 27 81 15481 1 482324 27367 1.4 19 13 4 14 65% 200 2489 146 187%
c - 10.57 57 19 27 82 15485 1 491328 27124 1.4 19 13 4 14 65% 200 2489 146 187%
c s 10.63 57 19 27 82 15485 1 494152 29521 1.4 19 13 4 14 66% 200 2488 146 187%
c e 10.63 57 19 27 82 15485 1 494152 29521 1.4 19 13 4 14 66% 199 2504 145 186%
c
c seconds   switched     rate          size/glue  tier1    binary      remaining
c        MB   reductions   conflicts         size   tier2    irredundant
c         level    restarts       redundant     glue    trail      variables
c
c - 10.75 57 19 27 83 15487 1 500383 27683 1.4 19 13 4 14 66% 199 2504 145 186%
c - 10.94 57 19 27 84 15492 1 509494 28959 1.5 19 13 4 14 66% 199 2504 145 186%
c ] 11.01 57 19 28 84 15495 1 513501 32282 1.4 20 14 4 14 66% 199 2504 145 186%
c { 11.01 57 13 28 84 15495 2 513501 32282 1.6 14 8 3 9 61% 199 2504 145 186%
c o 11.01 57 13 28 84 15501 2 513536 32313 1.6 14 8 3 9 61% 199 2504 145 186%
c - 11.14 57 13 28 85 15776 2 518660 30406 1.6 14 8 3 9 61% 199 2504 145 186%
c - 11.35 57 13 28 86 16181 2 527880 32306 1.6 14 8 3 9 61% 200 2504 145 186%
c - 11.60 57 13 28 87 17007 2 537154 34717 1.6 14 8 3 9 61% 200 2504 145 186%
c - 11.84 57 13 28 88 17700 2 546481 36121 1.6 14 9 3 9 62% 200 2504 145 186%
c u 12.06 57 13 28 88 18061 2 554820 42331 1.6 14 8 3 9 62% 200 2504 145 186%
c v 12.10 57 13 28 88 18061 2 554820 42242 1.6 14 8 3 9 62% 200 2504 145 186%
c w 12.11 57 13 28 88 18061 2 554820 42238 1.6 14 8 3 9 62% 200 2504 145 186%
c x 12.14 57 13 28 88 18061 2 554820 42236 1.6 14 8 3 9 62% 200 2481 145 186%
c f 12.14 57 13 28 88 18061 2 554820 42236 1.6 14 8 3 9 62% 201 2457 146 187%
c u 12.18 61 13 28 88 18061 2 554820 42008 1.6 14 8 3 9 62% 202 2457 146 187%
c v 12.21 61 13 28 88 18061 2 554820 41950 1.6 14 8 3 9 62% 202 2457 146 187%
c w 12.23 61 13 28 88 18061 2 554820 41935 1.6 14 8 3 9 62% 202 2457 146 187%
c x 12.25 61 13 28 88 18061 2 554820 41934 1.6 14 8 3 9 62% 202 2455 146 187%
c t 12.57 63 13 28 88 18061 2 554820 41934 1.6 14 8 3 9 62% 201 2455 146 187%
c - 12.61 63 13 28 89 18134 2 555861 36178 1.6 14 9 3 9 62% 201 2455 146 187%
c
c seconds   switched     rate          size/glue tier1   binary      remaining
c        MB   reductions   conflicts         size  tier2   irredundant
c         level    restarts       redundant    glue   trail      variables
c
c } 12.76 63 13 29 89 18480 2 561639 40873 1.6 14 9 3 9 62% 202 2455 146 187%
c [ 12.76 63 19 29 89 18480 1 561639 40873 1.4 20 14 4 14 66% 202 2455 146 187%
c B 12.76 63 19 29 89 18480 1 561639 40873 1.4 20 14 4 14 66% 202 2455 146 187%
c - 12.84 63 19 29 90 18482 1 565296 36075 1.4 20 14 4 14 66% 202 2455 146 187%
c - 13.04 63 19 29 91 18487 1 574785 34765 1.4 20 14 4 14 66% 202 2455 146 187%
c - 13.24 63 19 29 92 18493 1 584324 34341 1.4 20 14 4 14 66% 202 2455 146 187%
c - 13.44 63 19 29 93 18494 1 593915 34625 1.4 20 14 4 14 66% 202 2455 146 187%
c - 13.66 63 19 29 94 18501 1 603558 35475 1.4 19 13 4 14 66% 202 2455 146 187%
c - 13.87 64 19 29 95 18507 1 613255 36979 1.5 19 13 4 14 67% 202 2455 146 187%
c ] 13.92 64 19 30 95 18508 1 615793 39100 1.5 19 13 4 14 67% 202 2455 146 187%
c { 13.92 64 13 30 95 18508 2 615793 39100 1.6 14 9 3 9 62% 202 2455 146 187%
c o 13.92 64 13 30 95 18522 2 615861 39162 1.6 14 9 3 9 62% 202 2455 146 187%
c - 14.11 64 13 30 96 18917 2 623002 38169 1.6 14 9 3 8 62% 203 2455 146 187%
c - 14.37 64 13 30 97 19501 2 632800 36544 1.6 14 9 2 8 62% 204 2455 146 187%
c u 14.49 64 13 30 97 19658 2 635653 37990 1.6 14 9 2 8 62% 204 2455 146 187%
c v 14.54 64 13 30 97 19658 2 635653 37799 1.6 14 9 2 8 62% 204 2455 146 187%
c w 14.57 64 13 30 97 19658 2 635653 37783 1.6 14 9 2 8 62% 204 2455 146 187%
c - 14.72 64 12 30 98 19812 2 642648 35125 1.6 14 8 2 8 62% 204 2455 146 187%
c - 14.99 64 12 30 99 20599 2 652547 35402 1.6 14 8 2 8 62% 205 2455 146 187%
c - 15.20 64 12 30 100 21056 2 662496 35649 1.6 14 8 2 8 62% 206 2455 146 187%
c
c seconds   switched      rate          size/glue tier1   binary      remaining
c        MB   reductions    conflicts         size  tier2   irredundant
c         level     restarts       redundant    glue   trail      variables
c
c } 15.37 64 12 31 100 21471 2 670227 41843 1.6 14 8 2 8 62% 206 2455 146 187%
c [ 15.37 64 19 31 100 21471 1 670227 41843 1.5 19 13 4 14 67% 206 2455 146 187%
c W 15.39 64 19 31 100 21471 1 670227 41843 1.5 19 13 4 14 67% 206 2455 146 187%
c - 15.44 66 18 31 101 21473 1 672496 35730 1.5 19 13 4 14 67% 206 2455 146 187%
c s 15.52 66 18 31 101 21476 1 677035 39252 1.5 19 13 4 14 67% 206 2452 146 187%
c - 15.64 66 18 31 102 21477 1 682545 35133 1.5 19 13 4 14 67% 206 2452 146 187%
c - 15.84 66 18 31 103 21484 1 692646 34034 1.5 19 13 4 14 67% 206 2452 146 187%
c - 16.04 66 18 31 104 21485 1 702794 34283 1.5 19 13 4 14 67% 206 2452 146 187%
c - 16.23 66 18 31 105 21492 1 712992 34339 1.5 19 13 3 14 67% 206 2452 146 187%
c u 16.45 67 18 31 105 21498 1 722580 41698 1.5 19 13 3 14 67% 206 2452 146 187%
c v 16.49 68 18 31 105 21498 1 722580 41073 1.5 19 13 3 14 67% 206 2452 146 187%
c w 16.51 68 18 31 105 21498 1 722580 39033 1.5 19 13 3 14 67% 206 2452 146 187%
c x 16.54 68 18 31 105 21498 1 722580 39027 1.5 19 13 3 14 67% 206 2441 146 187%
c t 16.54 68 18 31 105 21498 1 722580 39027 1.5 19 13 3 14 67% 205 2441 146 187%
c - 16.56 68 18 31 106 21498 1 723238 31265 1.5 19 13 3 14 67% 205 2441 146 187%
c I 16.74 68 18 31 106 21500 1 732777 39048 1.5 19 13 3 14 67% 205 2441 146 187%
c o 16.74 68 18 31 106 21500 1 732777 39048 1.5 19 13 3 14 67% 205 2441 146 187%
c - 16.76 68 18 31 107 21500 1 733533 31958 1.5 19 13 3 14 67% 205 2441 146 187%
c ] 16.84 68 18 32 107 21501 1 737229 34898 1.5 19 13 3 14 67% 205 2441 146 187%
c { 16.84 68 12 32 107 21501 2 737229 34898 1.6 14 8 2 8 62% 205 2441 146 187%
c
c seconds   switched      rate          size/glue tier1   binary      remaining
c        MB   reductions    conflicts         size  tier2   irredundant
c         level     restarts       redundant    glue   trail      variables
c
c - 16.98 68 12 32 108 21806 2 743877 33262 1.6 14 8 2 8 62% 207 2441 146 187%
c - 17.23 68 12 32 109 22448 2 754269 35961 1.6 13 8 2 8 62% 208 2441 146 187%
c - 17.45 68 12 32 110 22819 2 764709 37221 1.6 13 8 2 8 62% 209 2441 146 187%
c - 17.70 68 12 32 111 23322 2 775198 37858 1.6 13 8 2 8 62% 211 2441 146 187%
c - 17.94 68 12 32 112 23796 2 785733 38500 1.6 13 8 2 8 62% 211 2441 146 187%
c - 18.19 68 12 32 113 24317 2 796316 39214 1.6 13 8 2 8 62% 212 2441 146 187%
c } 18.24 68 12 33 113 24547 2 798333 40917 1.6 13 8 2 8 62% 212 2441 146 187%
c [ 18.24 68 18 33 113 24547 1 798333 40917 1.5 19 13 3 14 67% 212 2441 146 187%
c B 18.28 68 18 33 113 24549 1 800460 42541 1.5 19 13 3 14 67% 212 2441 146 187%
c - 18.40 68 18 33 114 24553 1 806946 39106 1.5 19 13 3 14 67% 212 2441 146 187%
c u 18.61 68 17 33 114 24557 1 815764 45331 1.5 19 13 3 14 67% 212 2441 146 187%
c v 18.66 68 17 33 114 24557 1 815764 44749 1.5 19 13 3 14 67% 212 2441 146 187%
c w 18.69 72 17 33 114 24557 1 815764 44552 1.5 19 13 3 14 67% 212 2441 146 187%
c x 18.72 72 17 33 114 24557 1 815764 44549 1.5 19 13 3 14 67% 212 2426 146 187%
c - 18.76 75 17 33 115 24559 1 817623 36541 1.5 19 13 3 14 67% 212 2426 146 187%
c - 18.98 75 17 33 116 24561 1 828347 35730 1.5 18 12 3 13 67% 213 2426 146 187%
c - 19.19 75 17 33 117 24567 1 839120 35416 1.5 18 12 3 13 67% 213 2426 146 187%
c - 19.39 75 17 33 118 24574 1 849937 34919 1.5 18 12 3 13 67% 213 2426 146 187%
c - 19.60 75 17 33 119 24576 1 860799 35144 1.5 18 12 3 13 67% 213 2426 146 187%
c - 19.81 75 17 33 120 24577 1 871707 35892 1.5 18 12 3 13 67% 213 2426 146 187%
c
c seconds   switched      rate          size/glue  tier1    binary      remaining
c        MB   reductions    conflicts         size   tier2    irredundant
c         level     restarts       redundant     glue    trail      variables
c
c ] 19.83 75 17 34 120 24577 1 872873 36818 1.5 18 12 3 13 67% 213 2426 146 187%
c { 19.83 75 12 34 120 24577 2 872873 36818 1.6 13 8 2 8 62% 213 2426 146 187%
c o 19.83 75 12 34 120 24583 2 872904 36846 1.6 13 8 2 8 62% 213 2426 146 187%
c - 20.18 75 12 34 121 25924 2 882661 36786 1.6 13 9 2 8 62% 214 2426 146 187%
c - 20.61 75 13 34 122 27350 2 893662 37731 1.6 14 9 2 8 62% 215 2426 146 187%
c s 20.70 75 13 34 122 27682 2 895936 39594 1.6 14 9 2 8 62% 215 2408 146 187%
c e 20.70 75 13 34 122 27682 2 895936 39594 1.6 14 9 2 8 62% 214 2425 145 186%
c - 21.10 75 13 34 123 29231 2 904710 37764 1.6 14 9 2 8 62% 214 2425 145 186%
c u 21.59 75 14 34 123 30439 2 915257 45437 1.6 14 9 2 8 62% 216 2425 145 186%
c v 21.66 75 14 34 123 30439 2 915257 45139 1.6 14 9 2 8 62% 216 2425 145 186%
c w 21.68 75 14 34 123 30439 2 915257 45093 1.6 14 9 2 8 62% 216 2425 145 186%
c x 21.73 75 14 34 123 30439 2 915257 45050 1.6 14 9 2 8 62% 216 2176 145 186%
c t 21.73 75 14 34 123 30439 2 915257 45050 1.6 14 9 2 8 62% 215 2176 145 186%
c - 21.77 75 14 34 124 30536 2 915800 38046 1.5 14 9 2 8 62% 215 2176 145 186%
c - 22.24 75 14 34 125 32163 2 926935 39016 1.5 15 10 2 8 62% 215 2176 145 186%
c - 22.72 75 14 34 126 33683 2 938115 39600 1.5 15 10 2 8 62% 216 2176 145 186%
c } 22.83 75 14 35 126 33998 2 941024 41847 1.5 15 10 2 8 62% 216 2176 145 186%
c [ 22.83 75 17 35 126 33998 1 941024 41847 1.5 18 12 3 13 67% 216 2176 145 186%
c W 22.84 75 17 35 126 33998 1 941024 41847 1.5 18 12 3 13 67% 216 2176 145 186%
c - 23.06 75 17 35 127 34004 1 949339 39845 1.5 18 13 3 13 67% 216 2176 145 186%
c
c seconds   switched      rate          size/glue  tier1    binary      remaining
c        MB   reductions    conflicts         size   tier2    irredundant
c         level     restarts       redundant     glue    trail      variables
c
c - 23.36 75 17 35 128 34010 1 960609 38973 1.5 18 13 3 13 67% 216 2176 145 186%
c - 23.64 75 17 35 129 34012 1 971923 39621 1.5 18 12 3 13 67% 216 2176 145 186%
c - 23.92 76 17 35 130 34019 1 983280 40819 1.5 18 12 3 13 67% 217 2176 145 186%
c - 24.20 76 16 35 131 34026 1 994683 41689 1.5 18 12 3 13 67% 217 2176 145 186%
c - 24.45 76 16 35 132 34027 1 1006129 42318 1.5 18 12 3 13 66% 218 2176 145 186%
c - 24.72 76 16 35 133 34028 1 1017620 41758 1.5 18 12 3 13 66% 218 2176 145 186%
c O 24.76 76 16 35 133 34028 1 1019453 43206 1.5 18 12 3 13 66% 218 2176 145 186%
c o 24.76 76 16 35 133 34028 1 1019453 43206 1.5 18 12 3 13 66% 218 2176 145 186%
c i 24.80 76 16 35 133 34028 1 1021119 44651 1.5 18 12 3 13 66% 218 2176 144 185%
c u 24.91 76 16 35 133 34028 1 1022876 44441 1.5 18 12 3 13 66% 222 2176 144 185%
c v 24.98 76 16 35 133 34028 1 1022876 42962 1.5 18 12 3 13 66% 222 2176 144 185%
c w 25.02 79 16 35 133 34028 1 1022876 41868 1.5 18 12 3 13 66% 222 2176 144 185%
c x 25.05 80 16 35 133 34028 1 1022876 41848 1.5 18 12 3 13 66% 222 2004 144 185%
c t 25.06 80 16 35 133 34028 1 1022876 41848 1.5 18 12 3 13 66% 218 2004 144 185%
c - 25.22 80 16 35 134 34033 1 1029152 38227 1.5 18 12 3 13 66% 214 2004 144 185%
c - 25.48 80 16 35 135 34039 1 1040728 39176 1.5 17 12 3 13 66% 215 2004 144 185%
c - 25.75 80 16 35 136 34043 1 1052347 41233 1.5 17 12 3 13 66% 216 2004 144 185%
c i 25.92 80 15 35 136 34046 1 1060027 46657 1.5 17 11 3 13 66% 219 2004 138 177%
c ] 25.98 80 15 36 136 34049 1 1062868 48996 1.5 17 11 3 13 66% 219 2004 138 177%
c { 25.98 80 14 36 136 34049 2 1062868 48996 1.5 15 10 2 8 62% 219 2004 138 177%
c
c seconds   switched      rate           size/glue  tier1   binary      remaining
c        MB   reductions     conflicts         size   tier2   irredundant
c         level     restarts        redundant     glue   trail      variables
c
c - 26.01 80 14 36 137 34062 2 1064008 30684 1.5 15 10 2 8 62% 196 2004 138 177%
c i 26.15 80 14 36 137 34068 2 1071986 36631 1.5 15 10 2 8 62% 206 2004 136 174%
c - 26.22 80 14 36 138 34085 2 1075712 28576 1.5 15 9 2 8 62% 189 2004 136 174%
c i 26.27 80 14 36 138 34085 2 1078187 30255 1.5 14 9 2 8 62% 199 2004 135 173%
c i 26.33 80 14 36 138 34097 2 1081341 32791 1.5 14 9 2 8 62% 209 2004 134 172%
c i 26.40 80 13 36 138 34097 2 1084705 35237 1.5 14 9 2 8 62% 220 2004 133 171%
c i 26.42 80 13 36 138 34101 2 1085710 35944 1.5 14 9 2 8 62% 234 2004 132 169%
c i 26.45 80 13 36 138 34101 2 1087209 37004 1.5 14 9 2 8 62% 245 2004 126 162%
c - 26.46 80 13 36 139 34101 2 1087460 21980 1.5 14 9 2 8 62% 197 1539 126 162%
c i 26.48 80 13 36 139 34101 2 1088729 23030 1.5 14 9 2 8 62% 206 1539 110 141%
c i 26.49 80 13 36 139 34101 2 1088918 23167 1.5 14 9 2 8 62% 213 1539 106 136%
c i 26.49 80 13 36 139 34101 2 1088950 23183 1.5 14 9 2 8 62% 214 1539 99 127%
c } 26.49 80 13 36 139 34101 2 1088959 23185 1.5 14 9 2 8 62% 215 1539 61 78%
c 0 26.49 80 13 36 139 34101 2 1088959 23185 1.5 14 9 2 8 62% 215 1539 61 78%
c
c ---- [ result ] ------------------------------------------------------------
c
s UNSATISFIABLE
c
c ---- [ profiling ] ---------------------------------------------------------
c
c          23.85   90.03 %  search
c          12.08   45.60 %  focused
c          11.77   44.43 %  stable
c           2.60    9.82 %  simplify
c           2.58    9.73 %  probe
c           1.86    7.01 %  vivify
c           0.63    2.38 %  sweep
c           0.29    1.08 %  reduce
c           0.04    0.16 %  factor
c           0.04    0.16 %  substitute
c           0.04    0.14 %  preprocess
c           0.03    0.12 %  walking
c           0.03    0.11 %  eliminate
c           0.01    0.04 %  subsume
c           0.00    0.01 %  congruence
c           0.00    0.01 %  transitive
c           0.00    0.00 %  parse
c           0.00    0.00 %  lucky
c           0.00    0.00 %  backbone
c =============================================
c          26.49  100.00 %  total
c
c ---- [ statistics ] --------------------------------------------------------
c
c conflicts:                          1088959            41112.46 per second
c decisions:                          1600934                1.47 per conflict
c eliminated:                             148              190 %  variables
c factored:                               216              277 %  variables
c iterations:                              13               17 %  variables
c propagations:                      33722937          1273173    per second
c reductions:                             139             7834    interval
c reordered:                               14            77783    interval
c rephased:                                24            45373    interval
c restarts:                             34101               32    interval
c strengthened:                             1                0 %  checks
c subsumed:                               826                0 %  checks
c switched:                                36            30249    interval
c vivified:                             42639               52 %  checks
c walks:                                    8           136120    interval
c
c ---- [ glue usage ] --------------------------------------------------------
c
c focused glue 2   used 394115 clauses 17.68% accumulated 57.74% tier1
c focused glue 3   used 202650 clauses  9.09% accumulated 66.83%
c focused glue 4-6 used 359808 clauses 16.15% accumulated 82.98%
c focused glue 7   used  93865 clauses  4.21% accumulated 87.19%
c focused glue 8   used  76990 clauses  3.45% accumulated 90.64% tier2
c
c stable glue 3    used 263476 clauses  7.79% accumulated 56.52% tier1
c stable glue 4    used 182246 clauses  5.39% accumulated 61.90%
c stable glue 5-11 used 870264 clauses 25.72% accumulated 87.63%
c stable glue 12   used  71489 clauses  2.11% accumulated 89.74%
c stable glue 13   used  65841 clauses  1.95% accumulated 91.69% tier2
c
c ---- [ resources ] ---------------------------------------------------------
c
c maximum-resident-set-size:      85899345920 bytes      81920 MB
c process-time:                            26s              26.49 seconds
c
c ---- [ shutting down ] -----------------------------------------------------
c
c exit 20
