c ---- [ banner ] ------------------------------------------------------------
c
c Kissat SAT Solver
c 
c Copyright (c) 2021-2024 Armin Biere University of Freiburg
c Copyright (c) 2019-2021 Armin Biere Johannes Kepler University Linz
c 
c Version 4.0.4 8af8e56f174b778aef3aa45af9f739b2a5f492c2
c Apple clang version 17.0.0 (clang-1700.6.3.2) -W -Wall -O3 -DNDEBUG
c Mon Mar 30 18:25:47 CEST 2026 Darwin Mac 24.6.0 arm64
c
c ---- [ parsing ] -----------------------------------------------------------
c
c opened and reading DIMACS file:
c
c   tmp.cnf
c
c parsed 'p cnf 105 6825' header
c closing input after reading 127389 bytes (124 KB)
c finished parsing after 0.00 seconds
c
c ---- [ solving ] -----------------------------------------------------------
c
c seconds switched rate     size/glue tier1 binary      remaining
c        MB reductions conflicts size  tier2  irredundant
c         level restarts redundant glue  trail      variables
c
c *  0.00  3 0 0 0  0 0   0   0 0.0 0 0 0 0 0%   0 6825 105 100%
c (  0.00  3 0 0 0  0 0   0   0 0.0 0 0 0 0 0%   0 6825 105 100%
c .  0.00  3 0 0 0  0 0   0   0 0.0 0 0 0 0 0%   0 6825 105 100%
c f  0.02  3 0 0 0  0 0   0   0 0.0 0 0 0 0 0% 283 1775 231 220%
c )  0.02  3 0 0 0  0 0   0   0 0.0 0 0 0 0 0% 283 1775 231 220%
c {  0.02  3 0 0 0  0 0   0   0 0.0 0 0 2 6 0% 283 1775 231 220%
c -  0.03  3 26 0 1 20 2 1000 655 1.7 22 13 10 18 60% 283 1775 231 220%
c }  0.03  3 26 1 1 20 2 1000 655 1.7 22 13 10 18 60% 283 1775 231 220%
c [  0.03  3 0 1 1 20 0 1000 655 0.0 0 0 2 6 0% 283 1775 231 220%
c B  0.03  3 26 1 1 20 0 1002 657 2.5 24 10 2 6 76% 283 1775 231 220%
c ]  0.04  4 36 2 1 20 1 1859 1421 1.3 29 22 13 37 64% 283 1775 231 220%
c {  0.04  4 26 2 1 20 2 1859 1421 1.7 22 13 10 18 60% 283 1775 231 220%
c -  0.04  4 25 2 2 28 2 2000 1538 1.7 22 13 10 18 61% 283 1775 231 220%
c }  0.05  5 25 3 2 81 2 2861 2347 1.8 22 12 10 18 62% 283 1775 231 220%
c [  0.05  5 36 3 2 81 1 2861 2347 1.3 29 22 13 37 64% 283 1775 231 220%
c W  0.05  5 36 3 2 81 1 2861 2347 1.3 29 22 13 37 64% 283 1775 231 220%
c -  0.05  5 33 3 3 81 1 3414 2619 1.4 28 20 11 28 65% 283 1775 231 220%
c u  0.06  5 32 3 3 81 1 3777 2953 1.4 29 20 11 28 66% 283 1775 231 220%
c v  0.06  5 32 3 3 81 1 3777 2947 1.4 29 20 11 28 66% 283 1775 231 220%
c w  0.06  5 32 3 3 81 1 3777 2946 1.4 29 20 11 28 66% 283 1775 231 220%
c
c seconds  switched rate       size/glue  tier1     binary      remaining
c        MB reductions conflicts     size    tier2    irredundant
c         level restarts  redundant     glue     trail      variables
c
c x  0.06  5 32 3 3 81 1 3777 2946 1.4 29 20 11 28 66% 283 1758 231 220%
c ]  0.06  5 33 4 3 81 1 3870 3035 1.4 28 20 11 28 66% 283 1758 231 220%
c {  0.06  5 25 4 3 81 2 3870 3035 1.8 22 12 10 18 62% 283 1758 231 220%
c -  0.07  5 21 4 4 100 2 5147 3774 1.8 22 12 8 15 61% 283 1758 231 220%
c }  0.08  5 21 5 4 123 2 6222 4790 1.8 21 12 8 15 61% 283 1758 231 220%
c [  0.08  5 33 5 4 123 1 6222 4790 1.4 28 20 11 28 66% 283 1758 231 220%
c I  0.08  5 33 5 4 123 1 6222 4790 1.4 28 20 11 28 66% 283 1758 231 220%
c -  0.09  5 27 5 5 123 1 7147 4939 1.5 24 17 10 25 66% 283 1758 231 220%
c ]  0.10  5 24 6 5 124 1 7934 5614 1.5 23 15 10 25 66% 283 1758 231 220%
c {  0.10  5 21 6 5 124 2 7934 5614 1.8 21 12 8 15 61% 283 1758 231 220%
c -  0.11  5 18 6 6 124 2 9384 5905 1.9 20 11 7 13 63% 283 1758 231 220%
c u  0.14  7 16 6 6 124 2 11645 7995 2.0 19 10 7 12 64% 283 1758 231 220%
c v  0.15  7 16 6 6 124 2 11645 7992 2.0 19 10 7 12 64% 283 1758 231 220%
c w  0.15  8 16 6 6 124 2 11645 7992 2.0 19 10 7 12 64% 283 1758 231 220%
c x  0.15  8 16 6 6 124 2 11645 7992 2.0 19 10 7 12 64% 283 1738 231 220%
c o  0.16  8 16 6 6 124 2 11645 7992 2.0 19 10 7 12 64% 283 1738 231 220%
c -  0.16  8 16 6 7 124 2 11833 7047 2.0 19 10 7 12 64% 283 1738 231 220%
c }  0.16  8 16 7 7 124 2 12004 7209 2.0 19 10 7 12 64% 283 1738 231 220%
c [  0.16  8 24 7 7 124 1 12004 7209 1.5 23 15 10 25 66% 283 1738 231 220%
c B  0.16  8 24 7 7 124 1 12004 7209 1.5 23 15 10 25 66% 283 1738 231 220%
c
c seconds  switched  rate        size/glue  tier1    binary      remaining
c        MB reductions conflicts       size   tier2    irredundant
c         level restarts    redundant     glue    trail      variables
c
c -  0.19  8 22 7 8 126 1 14478 8107 1.5 22 14 8 18 65% 283 1738 231 220%
c ]  0.21  8 22 8 8 126 1 16031 9508 1.5 22 15 8 18 64% 283 1738 231 220%
c {  0.21  8 16 8 8 126 2 16031 9508 2.0 19 10 7 12 64% 283 1738 231 220%
c -  0.22  8 16 8 9 214 2 17309 8549 1.9 19 10 6 11 63% 283 1738 231 220%
c s  0.25  9 16 8 9 304 2 18888 9985 1.9 18 10 6 11 63% 283 1537 231 220%
c e  0.25  9 16 8 9 304 2 18888 9985 1.9 18 10 6 11 63% 222 1596 193 184%
c ^  0.25  9 16 8 9 304 2 18888 9985 1.9 18 10 6 11 63% 222 1596 193 184%
c -  0.26  9 15 8 10 325 2 20310 6193 1.9 18 9 6 11 63% 222 1596 193 184%
c }  0.28  9 15 9 10 346 2 22190 7859 1.8 17 9 6 11 63% 222 1596 193 184%
c [  0.28  9 22 9 10 346 1 22190 7859 1.5 22 15 8 18 64% 222 1596 193 184%
c W  0.28  9 22 9 10 346 1 22190 7859 1.5 22 15 8 18 64% 222 1596 193 184%
c o  0.28  9 22 9 10 346 1 22190 7859 1.5 22 15 8 18 64% 222 1596 193 184%
c -  0.30 10 21 9 11 347 1 23473 8013 1.5 21 14 8 17 64% 222 1596 193 184%
c u  0.30 10 21 9 11 347 1 23883 8319 1.5 21 14 8 17 64% 222 1596 193 184%
c v  0.31 10 21 9 11 347 1 23883 8296 1.5 21 14 8 17 64% 222 1596 193 184%
c w  0.31 10 21 9 11 347 1 23883 8296 1.5 21 14 8 17 64% 222 1596 193 184%
c x  0.31 10 21 9 11 347 1 23883 8296 1.5 21 14 8 17 64% 222 1586 193 184%
c f  0.31 10 21 9 11 347 1 23883 8296 1.5 21 14 8 17 64% 237 1551 202 192%
c u  0.31 11 21 9 11 347 1 23883 8238 1.5 21 14 8 17 64% 237 1551 202 192%
c v  0.32 11 21 9 11 347 1 23883 8229 1.5 21 14 8 17 64% 237 1551 202 192%
c
c seconds  switched   rate        size/glue  tier1    binary      remaining
c        MB  reductions conflicts       size   tier2    irredundant
c         level  restarts    redundant     glue    trail      variables
c
c w  0.32 11 21 9 11 347 1 23883 8227 1.5 21 14 8 17 64% 237 1551 202 192%
c x  0.32 11 21 9 11 347 1 23883 8227 1.5 21 14 8 17 64% 237 1547 202 192%
c -  0.35 12 20 9 12 349 1 26789 9106 1.5 21 14 8 16 65% 237 1547 202 192%
c O  0.38 12 20 9 12 351 1 29718 11289 1.5 20 14 8 16 65% 237 1547 202 192%
c ]  0.39 12 20 10 12 351 1 30150 11690 1.5 21 14 8 16 65% 237 1547 202 192%
c {  0.39 12 15 10 12 351 2 30150 11690 1.8 17 9 6 11 63% 237 1547 202 192%
c -  0.39 12 15 10 13 381 2 30253 9700 1.8 17 9 6 11 63% 237 1547 202 192%
c -  0.43 13 15 10 14 449 2 33860 11124 1.8 17 9 6 10 63% 237 1547 202 192%
c -  0.48 13 14 10 15 540 2 37601 12087 1.8 16 9 6 10 63% 237 1547 202 192%
c e  0.49 13 14 10 15 566 2 38184 12622 1.8 16 9 6 10 63% 205 1592 177 169%
c ^  0.49 13 14 10 15 566 2 38184 12622 1.8 16 9 6 10 63% 205 1592 177 169%
c }  0.50 13 14 11 15 624 2 38778 5754 1.8 16 9 6 10 63% 205 1592 177 169%
c [  0.50 13 20 11 15 624 1 38778 5754 1.5 21 14 8 16 65% 205 1592 177 169%
c B  0.51 13 19 11 15 624 1 39479 6316 1.5 20 14 8 16 65% 205 1592 177 169%
c u  0.53 14 20 11 15 626 1 41114 7752 1.5 20 14 8 16 65% 205 1592 177 169%
c v  0.53 14 20 11 15 626 1 41114 7704 1.5 20 14 8 16 65% 205 1592 177 169%
c w  0.54 14 20 11 15 626 1 41114 7685 1.5 20 14 8 16 65% 205 1592 177 169%
c f  0.57 15 20 11 15 626 1 41114 7685 1.5 20 14 8 16 65% 217 1562 183 174%
c u  0.57 15 20 11 15 626 1 41114 7654 1.5 20 14 8 16 65% 217 1562 183 174%
c v  0.58 15 20 11 15 626 1 41114 7583 1.5 20 14 8 16 65% 217 1562 183 174%
c
c seconds   switched   rate        size/glue  tier1    binary      remaining
c        MB   reductions conflicts       size   tier2    irredundant
c         level   restarts    redundant     glue    trail      variables
c
c w  0.58 15 20 11 15 626 1 41114 7583 1.5 20 14 8 16 65% 217 1562 183 174%
c x  0.58 15 20 11 15 626 1 41114 7583 1.5 20 14 8 16 65% 217 1562 183 174%
c -  0.59 15 20 11 16 626 1 41475 6913 1.5 20 14 8 16 65% 217 1562 183 174%
c -  0.63 15 19 11 17 629 1 45476 9292 1.5 20 13 7 15 66% 217 1562 183 174%
c ]  0.67 15 18 12 17 630 1 49110 12086 1.5 19 13 7 15 66% 217 1562 183 174%
c {  0.67 15 14 12 17 630 2 49110 12086 1.8 16 9 6 10 63% 217 1562 183 174%
c o  0.67 15 14 12 17 632 2 49126 12100 1.8 16 9 6 10 63% 217 1562 183 174%
c -  0.68 15 14 12 18 632 2 49600 11082 1.8 16 9 6 10 63% 217 1562 183 174%
c -  0.73 15 14 12 19 828 2 53842 12234 1.7 15 9 5 10 63% 217 1562 183 174%
c -  0.79 15 13 12 20 907 2 58201 13060 1.7 15 9 5 10 63% 217 1562 183 174%
c }  0.82 15 13 13 20 947 2 60589 15039 1.7 15 9 5 10 63% 217 1562 183 174%
c [  0.82 15 18 13 20 947 1 60589 15039 1.5 19 13 7 15 66% 217 1562 183 174%
c W  0.82 16 18 13 20 947 1 60589 15039 1.5 19 13 7 15 66% 217 1562 183 174%
c -  0.84 16 18 13 21 949 1 62673 14139 1.5 19 13 7 15 66% 217 1562 183 174%
c u  0.85 18 18 13 21 949 1 63315 14647 1.5 19 13 7 15 66% 217 1562 183 174%
c v  0.86 18 18 13 21 949 1 63315 14613 1.5 19 13 7 15 66% 217 1562 183 174%
c w  0.87 18 18 13 21 949 1 63315 14611 1.5 19 13 7 15 66% 217 1562 183 174%
c -  0.91 18 18 13 22 952 1 67255 14537 1.5 20 13 7 14 66% 217 1562 183 174%
c -  0.96 18 18 13 23 953 1 71949 15099 1.6 20 13 7 14 66% 217 1562 183 174%
c ]  1.00 18 18 14 23 955 1 74885 17647 1.6 20 13 7 14 66% 217 1562 183 174%
c
c seconds   switched   rate         size/glue tier1    binary      remaining
c        MB   reductions conflicts        size  tier2    irredundant
c         level   restarts     redundant    glue    trail      variables
c
c {  1.00 18 13 14 23 955 2 74885 17647 1.7 15 9 5 10 63% 217 1562 183 174%
c -  1.03 18 13 14 24 1084 2 76744 15974 1.7 15 9 5 9 63% 217 1562 183 174%
c o  1.07 18 13 14 24 1144 2 79381 18125 1.7 14 8 5 9 63% 217 1562 183 174%
c s  1.08 18 13 14 24 1155 2 80104 18790 1.7 14 8 5 9 63% 217 1560 183 174%
c e  1.08 18 13 14 24 1155 2 80104 18790 1.7 14 8 5 9 63% 196 1607 167 159%
c ^  1.08 18 13 14 24 1155 2 80104 18790 1.7 14 8 5 9 63% 196 1607 167 159%
c -  1.10 18 13 14 25 1214 2 81642 8896 1.7 14 8 5 9 63% 196 1607 167 159%
c -  1.16 18 13 14 26 1446 2 86642 12416 1.7 14 8 5 9 64% 196 1607 167 159%
c }  1.20 18 13 15 26 1508 2 89600 14881 1.7 14 8 5 9 64% 196 1607 167 159%
c [  1.20 18 18 15 26 1508 1 89600 14881 1.6 20 13 7 14 66% 196 1607 167 159%
c I  1.20 18 18 15 26 1508 1 89600 14881 1.6 20 13 7 14 66% 196 1607 167 159%
c u  1.22 18 18 15 26 1509 1 90628 15517 1.6 20 13 7 14 66% 196 1607 167 159%
c v  1.24 18 18 15 26 1509 1 90628 15141 1.6 20 13 7 14 66% 196 1607 167 159%
c w  1.24 18 18 15 26 1509 1 90628 15121 1.6 20 13 7 14 66% 196 1607 167 159%
c f  1.24 18 18 15 26 1509 1 90628 15121 1.6 20 13 7 14 66% 200 1593 169 161%
c u  1.25 20 18 15 26 1509 1 90628 15015 1.6 20 13 7 14 66% 200 1593 169 161%
c v  1.26 20 18 15 26 1509 1 90628 14949 1.6 20 13 7 14 66% 200 1593 169 161%
c w  1.26 20 18 15 26 1509 1 90628 14931 1.6 20 13 7 14 66% 200 1593 169 161%
c x  1.27 20 18 15 26 1509 1 90628 14931 1.6 20 13 7 14 66% 200 1591 169 161%
c -  1.34 23 18 15 27 1510 1 91743 14230 1.6 20 13 7 14 66% 200 1591 169 161%
c
c seconds   switched    rate         size/glue  tier1    binary      remaining
c        MB   reductions  conflicts        size   tier2    irredundant
c         level    restarts     redundant     glue    trail      variables
c
c -  1.41 23 17 15 28 1513 1 96940 15789 1.6 19 12 7 14 66% 200 1591 169 161%
c -  1.48 23 17 15 29 1515 1 102231 17236 1.6 19 12 7 14 67% 200 1591 169 161%
c ]  1.52 23 17 16 29 1517 1 105000 19611 1.6 19 12 7 14 67% 200 1591 169 161%
c {  1.52 23 13 16 29 1517 2 105000 19611 1.7 14 8 5 9 64% 200 1591 169 161%
c -  1.57 23 13 16 30 1738 2 107617 18567 1.7 14 8 5 9 64% 200 1591 169 161%
c -  1.67 23 13 16 31 1960 2 113095 19715 1.7 14 8 5 9 64% 200 1591 169 161%
c -  1.76 23 13 16 32 2195 2 118662 21293 1.7 14 8 5 9 64% 200 1591 169 161%
c o  1.77 23 12 16 32 2196 2 119805 22216 1.7 14 8 5 9 64% 200 1591 169 161%
c u  1.85 24 12 16 32 2300 2 123210 24713 1.7 14 8 5 9 64% 200 1591 169 161%
c v  1.86 24 12 16 32 2300 2 123210 24452 1.7 14 8 5 9 64% 200 1591 169 161%
c w  1.87 24 12 16 32 2300 2 123210 24429 1.7 14 8 5 9 64% 200 1591 169 161%
c }  1.87 24 12 17 32 2314 2 123339 24545 1.7 14 8 5 9 64% 200 1591 169 161%
c [  1.87 24 17 17 32 2314 1 123339 24545 1.6 19 12 7 14 67% 200 1591 169 161%
c B  1.87 24 17 17 32 2314 1 123339 24545 1.6 19 12 7 14 67% 200 1591 169 161%
c -  1.89 24 17 17 33 2314 1 124318 22206 1.6 19 12 6 14 67% 200 1591 169 161%
c -  1.98 26 17 17 34 2319 1 130063 22757 1.6 19 12 6 14 67% 200 1591 169 161%
c -  2.06 26 17 17 35 2321 1 135893 23337 1.6 19 12 6 13 67% 200 1591 169 161%
c -  2.15 26 17 17 36 2325 1 141809 24678 1.6 19 12 6 13 67% 200 1591 169 161%
c W  2.18 26 17 17 36 2327 1 144253 26559 1.6 18 12 6 13 67% 200 1591 169 161%
c ]  2.19 26 17 18 36 2327 1 144570 26840 1.6 18 12 6 13 67% 200 1591 169 161%
c
c seconds   switched    rate          size/glue tier1   binary      remaining
c        MB   reductions  conflicts         size  tier2   irredundant
c         level    restarts      redundant    glue   trail      variables
c
c {  2.19 26 12 18 36 2327 2 144570 26840 1.7 14 8 5 9 64% 200 1591 169 161%
c e  2.27 26 13 18 36 3113 2 147585 29565 1.6 14 9 5 9 64% 187 1644 157 150%
c ^  2.28 26 13 18 36 3113 2 147585 29565 1.6 14 9 5 9 64% 187 1644 157 150%
c -  2.28 27 13 18 37 3172 2 147810 7559 1.6 14 9 5 9 63% 187 1644 157 150%
c -  2.42 27 14 18 38 4783 2 153892 11194 1.6 15 9 5 9 63% 187 1644 157 150%
c -  2.61 27 14 18 39 6387 3 160056 14391 1.6 15 10 5 10 63% 187 1644 157 150%
c u  2.68 27 15 18 39 6714 3 161286 15251 1.6 15 10 5 10 62% 187 1644 157 150%
c v  2.70 27 15 18 39 6714 3 161286 14989 1.6 15 10 5 10 62% 187 1644 157 150%
c w  2.71 27 15 18 39 6714 3 161286 14981 1.6 15 10 5 10 62% 187 1644 157 150%
c -  2.91 27 15 18 40 7976 3 166304 16444 1.6 15 10 5 10 62% 187 1644 157 150%
c }  2.93 27 15 19 40 8136 3 166917 16987 1.6 15 10 5 10 62% 187 1644 157 150%
c [  2.93 27 17 19 40 8136 1 166917 16987 1.6 18 12 6 13 67% 187 1644 157 150%
c O  2.95 27 17 19 40 8137 1 168479 18373 1.6 19 12 6 13 67% 187 1644 157 150%
c -  3.02 27 17 19 41 8140 1 172628 18240 1.6 19 12 6 13 67% 187 1644 157 150%
c -  3.12 27 17 19 42 8142 1 179031 19511 1.6 19 12 6 13 67% 187 1644 157 150%
c -  3.23 27 16 19 43 8148 1 185512 20765 1.6 19 12 6 13 67% 187 1644 157 150%
c -  3.33 27 16 19 44 8150 1 192070 22237 1.6 19 12 6 13 67% 187 1644 157 150%
c B  3.39 27 16 19 44 8150 1 196220 25941 1.6 19 12 6 13 67% 187 1644 157 150%
c o  3.39 27 16 19 44 8150 1 196220 25941 1.6 19 12 6 13 67% 187 1644 157 150%
c -  3.43 27 16 19 45 8150 1 198703 22736 1.6 19 12 6 13 67% 187 1644 157 150%
c
c seconds   switched    rate          size/glue  tier1    binary      remaining
c        MB   reductions  conflicts         size   tier2    irredundant
c         level    restarts      redundant     glue    trail      variables
c
c u  3.55 29 16 19 45 8154 1 204804 27193 1.6 19 12 6 13 67% 187 1644 157 150%
c v  3.58 30 16 19 45 8154 1 204804 26812 1.6 19 12 6 13 67% 187 1644 157 150%
c w  3.59 30 16 19 45 8154 1 204804 26755 1.6 19 12 6 13 67% 187 1644 157 150%
c -  3.60 30 16 19 46 8155 1 205411 22308 1.6 19 12 6 13 67% 187 1644 157 150%
c ]  3.70 30 16 20 46 8157 1 211450 27142 1.6 19 11 6 13 67% 187 1644 157 150%
c {  3.70 30 15 20 46 8157 3 211450 27142 1.6 15 10 5 10 62% 187 1644 157 150%
c -  3.71 30 15 20 47 8173 3 212193 23489 1.6 15 10 5 10 62% 187 1644 157 150%
c -  3.84 30 15 20 48 8238 3 219048 24997 1.5 15 10 5 10 63% 187 1644 157 150%
c -  3.98 30 14 20 49 8344 2 225976 26326 1.6 15 10 5 10 63% 187 1644 157 150%
c -  4.10 30 14 20 50 8417 2 232979 28329 1.6 15 10 5 10 63% 187 1644 157 150%
c }  4.21 30 14 21 50 8544 2 238190 32555 1.6 15 9 5 10 64% 187 1644 157 150%
c [  4.21 30 16 21 50 8544 1 238190 32555 1.6 19 11 6 13 67% 187 1644 157 150%
c W  4.21 30 16 21 50 8544 1 238190 32555 1.6 19 11 6 13 67% 187 1644 157 150%
c -  4.24 31 16 21 51 8545 1 240050 29695 1.6 19 11 6 13 67% 187 1644 157 150%
c e  4.30 31 16 21 51 8547 1 243216 32287 1.6 18 11 6 13 67% 166 1741 145 138%
c ^  4.30 31 16 21 51 8547 1 243216 32287 1.6 18 11 6 13 67% 166 1741 145 138%
c -  4.34 31 16 21 52 8550 1 247191 16245 1.6 18 11 6 12 67% 166 1741 145 138%
c u  4.45 31 15 21 52 8553 1 254065 20852 1.6 18 11 6 12 67% 166 1741 145 138%
c v  4.47 31 15 21 52 8553 1 254065 19747 1.6 18 11 6 12 67% 166 1741 145 138%
c w  4.48 31 15 21 52 8553 1 254065 18723 1.6 18 11 6 12 67% 166 1741 145 138%
c
c seconds   switched    rate          size/glue  tier1    binary      remaining
c        MB   reductions  conflicts         size   tier2    irredundant
c         level    restarts      redundant     glue    trail      variables
c
c x  4.49 31 15 21 52 8553 1 254065 18720 1.6 18 11 6 12 67% 166 1737 145 138%
c -  4.50 31 15 21 53 8553 1 254402 17100 1.6 18 11 6 12 67% 166 1737 145 138%
c -  4.59 32 15 21 54 8557 1 261683 19926 1.6 18 11 6 12 68% 166 1737 145 138%
c -  4.69 32 15 21 55 8558 1 269031 21864 1.6 18 11 6 12 68% 166 1737 145 138%
c I  4.75 32 15 21 55 8561 1 273542 25524 1.6 18 11 6 12 68% 166 1737 145 138%
c o  4.75 32 15 21 55 8561 1 273542 25524 1.6 18 11 6 12 68% 166 1737 145 138%
c ]  4.79 32 15 22 55 8562 1 275544 27184 1.6 18 11 6 12 68% 166 1737 145 138%
c {  4.79 32 14 22 55 8562 2 275544 27184 1.6 15 9 5 10 64% 166 1737 145 138%
c -  4.80 32 14 22 56 8562 2 276448 24031 1.6 15 9 5 9 64% 166 1737 145 138%
c -  4.93 32 13 22 57 8562 2 283931 26395 1.6 14 9 5 9 64% 166 1737 145 138%
c -  5.08 32 13 22 58 8562 2 291480 27451 1.6 14 9 5 9 65% 167 1737 145 138%
c -  5.22 32 12 22 59 8562 2 299095 30278 1.6 14 9 5 9 65% 167 1737 145 138%
c -  5.36 32 12 22 60 8562 2 306776 32710 1.6 14 8 5 9 66% 167 1737 145 138%
c }  5.36 32 12 23 60 8562 2 307060 32918 1.6 14 8 5 9 66% 167 1737 145 138%
c [  5.36 32 15 23 60 8562 1 307060 32918 1.6 18 11 6 12 68% 167 1737 145 138%
c u  5.42 35 15 23 60 8563 1 308854 33416 1.6 18 11 6 12 68% 168 1737 145 138%
c v  5.46 35 15 23 60 8563 1 308854 31065 1.6 18 11 6 12 68% 170 1737 145 138%
c w  5.47 35 15 23 60 8563 1 308854 30782 1.6 18 11 6 12 68% 170 1737 145 138%
c t  5.63 35 15 23 60 8563 1 308854 30782 1.6 18 11 6 12 68% 167 1737 145 138%
c B  5.70 35 15 23 60 8566 1 312983 34360 1.6 18 11 6 12 68% 167 1737 145 138%
c
c seconds   switched    rate          size/glue  tier1    binary      remaining
c        MB   reductions  conflicts         size   tier2    irredundant
c         level    restarts      redundant     glue    trail      variables
c
c -  5.72 36 15 23 61 8567 1 314521 31247 1.6 18 11 6 12 68% 167 1737 145 138%
c -  5.83 36 15 23 62 8571 1 322332 32901 1.6 18 11 6 12 68% 167 1737 145 138%
c -  5.96 36 16 23 63 8575 1 330207 33388 1.6 18 11 6 12 68% 167 1737 145 138%
c -  6.10 37 16 23 64 8576 1 338145 33527 1.6 18 12 6 12 68% 167 1737 145 138%
c ]  6.19 37 16 24 64 8579 1 342691 37192 1.6 18 12 6 12 68% 167 1737 145 138%
c {  6.19 37 12 24 64 8579 2 342691 37192 1.6 14 8 5 9 66% 167 1737 145 138%
c o  6.22 37 12 24 64 8626 2 344020 38119 1.6 14 8 5 9 66% 167 1737 145 138%
c -  6.28 37 12 24 65 8710 2 346145 35077 1.6 14 8 5 9 66% 167 1737 145 138%
c -  6.47 37 12 24 66 9061 2 354208 38000 1.6 14 8 5 9 66% 167 1737 145 138%
c -  6.68 38 12 24 67 9611 2 362332 35183 1.6 14 8 4 9 66% 167 1737 145 138%
c s  6.84 38 12 24 67 9903 2 368904 40389 1.6 14 8 4 9 66% 167 1735 145 138%
c e  6.84 38 12 24 67 9903 2 368904 40389 1.6 14 8 4 9 66% 137 1869 136 130%
c !  6.84 38 12 24 67 9903 2 368904 40389 1.6 14 8 4 9 66% 137 1869 136 130%
c u  6.90 38 12 24 67 9957 2 369574 21708 1.6 14 8 4 9 66% 138 1869 136 130%
c v  6.94 38 12 24 67 9957 2 369574 20613 1.6 14 8 4 9 66% 138 1869 136 130%
c w  6.95 38 12 24 67 9957 2 369574 20506 1.6 14 8 4 9 66% 138 1869 136 130%
c t  6.95 38 12 24 67 9957 2 369574 20506 1.6 14 8 4 9 66% 137 1869 136 130%
c f  6.95 38 12 24 67 9957 2 369574 20506 1.6 14 8 4 9 66% 148 1798 139 132%
c u  6.99 41 12 24 67 9957 2 369574 19795 1.6 14 8 4 9 66% 148 1798 139 132%
c v  7.03 41 12 24 67 9957 2 369574 19341 1.6 14 8 4 9 66% 148 1798 139 132%
c
c seconds   switched    rate          size/glue tier1   binary      remaining
c        MB   reductions  conflicts         size  tier2   irredundant
c         level    restarts      redundant    glue   trail      variables
c
c w  7.05 41 12 24 67 9957 2 369574 19306 1.6 14 8 4 9 66% 148 1798 139 132%
c -  7.07 42 12 24 68 10027 2 370518 17479 1.6 14 8 4 9 66% 148 1798 139 132%
c -  7.20 42 12 24 69 10525 2 378766 21539 1.6 14 8 4 9 66% 148 1798 139 132%
c }  7.21 42 12 25 69 10569 2 379368 22032 1.6 14 8 4 9 66% 148 1798 139 132%
c [  7.21 42 16 25 69 10569 1 379368 22032 1.6 18 12 6 12 68% 148 1798 139 132%
c W  7.22 43 16 25 69 10569 1 379368 22032 1.6 18 12 6 12 68% 148 1798 139 132%
c -  7.30 44 16 25 70 10574 1 387072 23653 1.6 18 12 6 12 68% 148 1798 139 132%
c -  7.42 44 16 25 71 10578 1 395438 23368 1.6 18 12 6 12 69% 148 1798 139 132%
c -  7.54 44 16 25 72 10582 1 403864 24437 1.6 18 12 6 12 69% 148 1798 139 132%
c -  7.66 45 15 25 73 10584 1 412349 25875 1.6 18 11 6 12 69% 148 1798 139 132%
c -  7.78 45 15 25 74 10590 1 420894 26381 1.6 18 11 6 12 69% 149 1798 139 132%
c O  7.86 45 15 25 74 10593 1 427529 31716 1.6 18 11 6 12 69% 149 1798 139 132%
c o  7.86 45 15 25 74 10593 1 427529 31716 1.6 18 11 6 12 69% 149 1798 139 132%
c -  7.89 45 15 25 75 10594 1 429497 27288 1.6 18 11 6 12 69% 149 1798 139 132%
c u  8.00 46 15 25 75 10597 1 436125 32521 1.6 18 11 6 12 69% 149 1798 139 132%
c v  8.03 46 15 25 75 10597 1 436125 32166 1.6 18 11 6 12 69% 150 1798 139 132%
c w  8.05 46 15 25 75 10597 1 436125 32126 1.6 18 11 6 12 69% 150 1798 139 132%
c t  8.05 46 15 25 75 10597 1 436125 32126 1.6 18 11 6 12 69% 149 1798 139 132%
c -  8.08 46 15 25 76 10598 1 438157 26748 1.6 18 11 6 12 69% 149 1798 139 132%
c ]  8.15 46 15 26 76 10598 1 443016 30338 1.6 18 11 6 12 69% 149 1798 139 132%
c
c seconds   switched     rate          size/glue tier1   binary      remaining
c        MB   reductions   conflicts         size  tier2   irredundant
c         level    restarts       redundant    glue   trail      variables
c
c {  8.15 46 12 26 76 10598 2 443016 30338 1.6 14 8 4 9 66% 149 1798 139 132%
c -  8.23 46 12 26 77 10758 2 446875 27986 1.6 14 8 4 9 66% 149 1798 139 132%
c -  8.39 46 12 26 78 10997 2 455649 30208 1.6 13 8 4 9 67% 150 1798 139 132%
c -  8.57 46 12 26 79 11402 2 464480 31987 1.6 13 8 4 9 67% 151 1798 139 132%
c -  8.76 46 12 26 80 11662 2 473368 33615 1.6 13 8 4 8 67% 151 1798 139 132%
c -  8.95 46 11 26 81 12035 2 482313 34913 1.6 13 8 4 8 67% 151 1798 139 132%
c }  9.00 46 11 27 81 12079 2 485234 36997 1.6 13 8 4 8 67% 152 1798 139 132%
c [  9.00 46 15 27 81 12079 1 485234 36997 1.6 18 11 6 12 69% 152 1798 139 132%
c B  9.00 46 15 27 81 12079 1 485234 36997 1.6 18 11 6 12 69% 152 1798 139 132%
c -  9.10 46 15 27 82 12083 1 491315 35451 1.6 18 11 6 12 69% 152 1798 139 132%
c -  9.25 47 15 27 83 12088 1 500370 35562 1.6 18 11 5 12 69% 153 1798 139 132%
c u  9.42 47 15 27 83 12092 1 508809 41948 1.6 18 11 5 12 69% 156 1798 139 132%
c v  9.45 47 15 27 83 12092 1 508809 40324 1.6 18 11 5 12 69% 157 1798 139 132%
c w  9.47 47 15 27 83 12092 1 508809 39461 1.6 18 11 5 12 69% 158 1798 139 132%
c x  9.49 47 15 27 83 12092 1 508809 39461 1.6 18 11 5 12 69% 161 1773 139 132%
c t  9.49 47 15 27 83 12092 1 508809 39461 1.6 18 11 5 12 69% 157 1773 139 132%
c -  9.50 47 15 27 84 12092 1 509482 34040 1.6 18 11 5 12 69% 157 1773 139 132%
c i  9.56 47 15 27 84 12093 1 512630 36236 1.6 17 11 5 12 69% 166 1773 135 129%
c i  9.59 47 15 27 84 12093 1 514365 37418 1.6 17 11 5 12 69% 172 1773 134 128%
c -  9.66 47 14 27 85 12094 1 518647 20303 1.6 17 11 5 12 69% 143 1773 134 128%
c
c seconds   switched     rate          size/glue  tier1    binary      remaining
c        MB   reductions   conflicts         size   tier2    irredundant
c         level    restarts       redundant     glue    trail      variables
c
c i  9.73 47 14 27 85 12097 1 522513 23021 1.6 17 11 5 12 69% 149 1773 126 120%
c o  9.73 47 14 27 85 12097 1 522513 23021 1.6 17 11 5 12 69% 149 1773 126 120%
c i  9.76 47 14 27 85 12099 1 524888 24624 1.6 17 11 5 12 69% 157 1773 123 117%
c s  9.78 47 14 27 85 12099 1 526302 25602 1.6 17 11 5 12 69% 155 1672 123 117%
c e  9.78 47 14 27 85 12099 1 526302 25602 1.6 17 11 5 12 69% 123 1688 121 115%
c i  9.78 47 14 27 85 12100 1 526725 10834 1.6 17 11 5 12 69% 127 1688 114 109%
c i  9.79 47 14 27 85 12100 1 527733 11560 1.6 17 11 5 12 69% 134 1688 100 95%
c i  9.80 47 14 27 85 12100 1 527756 11566 1.6 17 11 5 12 69% 138 1688 95 90%
c i  9.80 47 14 27 85 12100 1 527789 11575 1.6 17 11 5 12 69% 141 1688 79 75%
c i  9.80 47 14 27 85 12100 1 527790 11575 1.6 17 11 5 12 69% 141 1688 68 65%
c i  9.80 47 14 27 85 12100 1 527795 11574 1.6 17 11 5 12 69% 143 1688 56 53%
c ]  9.80 47 14 27 85 12100 1 527797 11574 1.6 17 11 5 12 69% 143 1688 29 28%
c 0  9.80 47 11 27 85 12100 2 527797 11574 1.6 13 8 4 8 67% 143 1688 29 28%
c
c ---- [ result ] ------------------------------------------------------------
c
s UNSATISFIABLE
c
c ---- [ profiling ] ---------------------------------------------------------
c
c           8.65   88.34 %  search
c           4.37   44.60 %  focused
c           4.28   43.74 %  stable
c           1.12   11.43 %  simplify
c           1.11   11.29 %  probe
c           0.79    8.09 %  vivify
c           0.28    2.83 %  sweep
c           0.14    1.40 %  reduce
c           0.02    0.23 %  substitute
c           0.02    0.22 %  eliminate
c           0.02    0.21 %  preprocess
c           0.01    0.14 %  walking
c           0.01    0.11 %  factor
c           0.00    0.05 %  subsume
c           0.00    0.02 %  congruence
c           0.00    0.01 %  parse
c           0.00    0.01 %  transitive
c           0.00    0.00 %  lucky
c           0.00    0.00 %  backbone
c =============================================
c           9.80  100.00 %  total
c
c ---- [ statistics ] --------------------------------------------------------
c
c conflicts:                           527797            53874.55 per second
c decisions:                           765905                1.45 per conflict
c eliminated:                             114              109 %  variables
c factored:                               146              139 %  variables
c iterations:                              11               10 %  variables
c propagations:                      13239483          1351412    per second
c reductions:                              85             6209    interval
c reordered:                               10            52780    interval
c rephased:                                19            27779    interval
c restarts:                             12100               44    interval
c subsumed:                               247                0 %  checks
c switched:                                27            19548    interval
c vivified:                             24015               62 %  checks
c walks:                                    6            87966    interval
c
c ---- [ glue usage ] --------------------------------------------------------
c
c focused glue 4 used 157520 clauses 16.61% accumulated 55.24% tier1
c focused glue 5 used 121566 clauses 12.82% accumulated 68.06%
c focused glue 6 used  91344 clauses  9.63% accumulated 77.69%
c focused glue 7 used  69381 clauses  7.32% accumulated 85.01%
c focused glue 8 used  49974 clauses  5.27% accumulated 90.28% tier2
c
c stable glue 5    used 147550 clauses 10.32% accumulated 52.62% tier1
c stable glue 6    used 129765 clauses  9.08% accumulated 61.70%
c stable glue 7-10 used 341052 clauses 23.86% accumulated 85.55%
c stable glue 11   used  49706 clauses  3.48% accumulated 89.03%
c stable glue 12   used  39674 clauses  2.78% accumulated 91.81% tier2
c
c ---- [ resources ] ---------------------------------------------------------
c
c maximum-resident-set-size:      50381979648 bytes      48048 MB
c process-time:                            10s               9.80 seconds
c
c ---- [ shutting down ] -----------------------------------------------------
c
c exit 20
