c ---- [ banner ] ------------------------------------------------------------
c
c Kissat SAT Solver
c 
c Copyright (c) 2021-2024 Armin Biere University of Freiburg
c Copyright (c) 2019-2021 Armin Biere Johannes Kepler University Linz
c 
c Version 4.0.4 8af8e56f174b778aef3aa45af9f739b2a5f492c2
c Apple clang version 17.0.0 (clang-1700.6.3.2) -W -Wall -O3 -DNDEBUG
c Mon Mar 30 18:25:47 CEST 2026 Darwin Mac 24.6.0 arm64
c
c ---- [ parsing ] -----------------------------------------------------------
c
c opened and reading DIMACS file:
c
c   tmp.cnf
c
c parsed 'p cnf 210 4410' header
c closing input after reading 72447 bytes (71 KB)
c finished parsing after 0.00 seconds
c
c ---- [ solving ] -----------------------------------------------------------
c
c seconds switched rate     size/glue tier1  binary     remaining
c        MB reductions conflicts size  tier2   irredundant
c         level restarts redundant glue  trail      variables
c
c *  0.00  2 0 0 0  0 0   0   0 0.0 0 0 0 0 0% 3990 420 210 100%
c (  0.00  2 0 0 0  0 0   0   0 0.0 0 0 0 0 0% 3990 420 210 100%
c .  0.00  2 0 0 0  0 0   0   0 0.0 0 0 0 0 0% 3990 420 210 100%
c f  0.02  2 0 0 0  0 0   0   0 0.0 0 0 0 0 0% 1133 420 400 190%
c )  0.02  2 0 0 0  0 0   0   0 0.0 0 0 0 0 0% 1133 420 400 190%
c {  0.02  2 0 0 0  0 0   0   0 0.0 0 0 2 6 0% 1133 420 400 190%
c -  0.03  3 35 0 1  2 2 1000 537 1.3 28 21 14 26 64% 1133 420 400 190%
c }  0.03  3 35 1 1  2 2 1000 537 1.3 28 21 14 26 64% 1133 420 400 190%
c [  0.03  3 0 1 1  2 0 1000 537 0.0 0 0 2 6 0% 1133 420 400 190%
c B  0.03  3 23 1 1  2 1 1004 540 1.3 20 16 2 6 69% 1133 420 400 190%
c ]  0.03  3 29 2 1  2 1 1859 1207 1.4 26 19 14 22 67% 1133 420 400 190%
c {  0.03  3 35 2 1  2 2 1859 1207 1.3 28 21 14 26 64% 1133 420 400 190%
c -  0.04  3 34 2 2  2 2 2000 1199 1.4 28 20 14 25 65% 1133 420 400 190%
c }  0.04  3 31 3 2 22 2 2859 1949 1.4 27 19 14 25 67% 1133 420 400 190%
c [  0.04  3 29 3 2 22 1 2859 1949 1.4 26 19 14 22 67% 1133 420 400 190%
c W  0.05  3 29 3 2 22 1 2859 1949 1.4 26 19 14 22 67% 1133 420 400 190%
c -  0.05  4 32 3 3 22 2 3414 2215 1.4 26 19 14 26 68% 1133 420 400 190%
c ]  0.06  4 32 4 3 22 2 3777 2528 1.4 27 20 14 26 68% 1133 420 400 190%
c {  0.06  4 31 4 3 22 2 3777 2528 1.4 27 19 14 25 67% 1133 420 400 190%
c u  0.06  4 32 4 3 23 2 3968 2665 1.4 27 19 14 25 68% 1133 420 400 190%
c
c seconds  switched rate       size/glue  tier1      binary     remaining
c        MB reductions conflicts     size    tier2     irredundant
c         level restarts  redundant     glue     trail      variables
c
c v  0.06  4 32 4 3 23 2 3968 2458 1.4 27 19 14 25 68% 1133 420 400 190%
c w  0.06  4 32 4 3 23 2 3968 2421 1.4 27 19 14 25 68% 1133 420 400 190%
c x  0.07  4 32 4 3 23 2 3968 2420 1.4 27 19 14 25 68% 1133 190 400 190%
c -  0.07  4 27 4 4 28 2 5146 3047 1.4 23 16 12 24 69% 1133 190 400 190%
c }  0.08  4 23 5 4 28 2 6131 3776 1.4 20 14 12 24 69% 1134 190 400 190%
c [  0.08  4 32 5 4 28 2 6131 3776 1.4 27 20 14 26 68% 1134 190 400 190%
c I  0.08  4 32 5 4 28 2 6131 3776 1.4 27 20 14 26 68% 1134 190 400 190%
c -  0.09  4 26 5 5 28 1 7146 4063 1.4 22 16 11 25 70% 1135 190 400 190%
c ]  0.10  4 26 6 5 30 1 8213 4964 1.4 22 16 11 25 70% 1135 190 400 190%
c {  0.10  4 23 6 5 30 2 8213 4964 1.4 20 14 12 24 69% 1135 190 400 190%
c -  0.10  5 22 6 6 30 1 9382 5357 1.5 20 13 9 21 70% 1135 190 400 190%
c -  0.13  5 19 6 7 30 1 11832 6903 1.7 19 11 7 17 70% 1135 190 400 190%
c }  0.13  5 18 7 7 30 1 12282 7340 1.7 19 11 7 17 71% 1135 190 400 190%
c [  0.13  5 26 7 7 30 1 12282 7340 1.4 22 16 11 25 70% 1135 190 400 190%
c B  0.13  5 26 7 7 30 1 12282 7340 1.4 22 16 11 25 70% 1135 190 400 190%
c o  0.13  6 26 7 7 30 1 12282 7340 1.4 22 16 11 25 70% 1135 190 400 190%
c u  0.13  7 26 7 7 30 1 12460 7484 1.4 22 16 11 25 70% 1135 190 400 190%
c v  0.14  7 26 7 7 30 1 12460 7464 1.4 22 16 11 25 70% 1135 190 400 190%
c w  0.14  7 26 7 7 30 1 12460 7361 1.4 22 16 11 25 70% 1135 190 400 190%
c x  0.14  7 26 7 7 30 1 12460 7361 1.4 22 16 11 25 70% 1135 181 400 190%
c
c seconds  switched rate        size/glue  tier1      binary     remaining
c        MB reductions conflicts      size    tier2     irredundant
c         level restarts   redundant     glue     trail      variables
c
c -  0.17  7 26 7 8 32 1 14479 7963 1.4 23 17 11 23 70% 1135 181 400 190%
c ]  0.19  7 25 8 8 32 1 15975 9167 1.4 23 16 11 23 70% 1135 181 400 190%
c {  0.19  7 18 8 8 32 1 15975 9167 1.7 19 11 7 17 71% 1135 181 400 190%
c -  0.20  8 17 8 9 44 1 17308 8881 1.7 18 10 6 16 71% 1136 181 400 190%
c s  0.22  8 17 8 9 84 1 19839 10874 1.7 17 10 6 16 71% 1139 172 400 190%
c ^  0.22  8 17 8 9 84 1 19839 10874 1.7 17 10 6 16 71% 1139 172 400 190%
c -  0.22  8 16 8 10 97 1 20309 9897 1.7 17 10 6 15 71% 1139 172 400 190%
c }  0.23  8 16 9 10 116 1 22135 11410 1.7 16 9 6 15 71% 1141 172 400 190%
c [  0.24  8 25 9 10 116 1 22135 11410 1.4 23 16 11 23 70% 1141 172 400 190%
c W  0.24  8 25 9 10 116 1 22135 11410 1.4 23 16 11 23 70% 1141 172 400 190%
c -  0.25  9 25 9 11 117 1 23471 10820 1.4 23 17 11 22 70% 1141 172 400 190%
c u  0.27 10 25 9 11 118 1 25660 12665 1.4 23 17 11 22 70% 1141 172 400 190%
c v  0.27 10 25 9 11 118 1 25660 12650 1.4 23 17 11 22 70% 1141 172 400 190%
c w  0.27 10 25 9 11 118 1 25660 12643 1.4 23 17 11 22 70% 1141 172 400 190%
c x  0.27 10 25 9 11 118 1 25660 12643 1.4 23 17 11 22 70% 1141 168 400 190%
c o  0.28 10 25 9 11 118 1 25660 12643 1.4 23 17 11 22 70% 1141 168 400 190%
c -  0.29 10 24 9 12 119 1 26787 12022 1.4 23 16 11 21 70% 1141 168 400 190%
c ]  0.30 10 25 10 12 120 1 28071 13135 1.4 24 16 11 21 70% 1141 168 400 190%
c {  0.30 10 16 10 12 120 1 28071 13135 1.7 16 9 6 15 71% 1141 168 400 190%
c -  0.31 11 15 10 13 161 1 30251 13175 1.7 15 9 6 14 71% 1142 168 400 190%
c
c seconds   switched   rate         size/glue tier1     binary     remaining
c        MB   reductions conflicts        size  tier2     irredundant
c         level   restarts     redundant    glue    trail      variables
c
c -  0.34 11 14 10 14 195 1 33857 13911 1.7 14 9 6 14 71% 1147 168 400 190%
c }  0.36 11 14 11 14 278 2 36698 16086 1.6 14 9 6 14 71% 1150 168 400 190%
c [  0.36 11 25 11 14 278 1 36698 16086 1.4 24 16 11 21 70% 1150 168 400 190%
c O  0.36 11 25 11 14 278 1 36698 16086 1.4 24 16 11 21 70% 1150 168 400 190%
c -  0.37 11 25 11 15 278 1 37598 15042 1.4 24 16 11 21 70% 1150 168 400 190%
c s  0.40 11 26 11 15 280 1 40285 17327 1.4 25 17 11 21 70% 1150 164 400 190%
c e  0.40 11 26 11 15 280 1 40285 17327 1.4 25 17 11 21 70% 1193 164 357 170%
c ^  0.40 11 26 11 15 280 1 40285 17327 1.4 25 17 11 21 70% 1193 164 357 170%
c -  0.41 11 27 11 16 281 1 41470 15510 1.4 25 17 11 23 70% 1193 164 357 170%
c ]  0.43 11 26 12 16 283 1 42936 16686 1.4 25 17 11 23 70% 1193 164 357 170%
c {  0.43 11 14 12 16 283 2 42936 16686 1.6 14 9 6 14 71% 1193 164 357 170%
c u  0.44 11 14 12 16 330 2 43861 17388 1.6 14 8 6 14 71% 1193 164 357 170%
c v  0.45 11 14 12 16 330 2 43861 17151 1.6 14 8 6 14 71% 1193 164 357 170%
c w  0.45 11 14 12 16 330 2 43861 17146 1.6 14 8 6 14 71% 1193 164 357 170%
c x  0.45 11 14 12 16 330 2 43861 17146 1.6 14 8 6 14 71% 1193 162 357 170%
c -  0.46 11 14 12 17 365 2 45471 15346 1.6 14 8 5 13 71% 1194 162 357 170%
c -  0.50 11 13 12 18 383 2 49594 16217 1.6 13 8 5 12 71% 1199 162 357 170%
c -  0.53 12 13 12 19 465 2 53836 17023 1.6 13 8 5 11 71% 1206 162 357 170%
c }  0.53 12 13 13 19 469 2 54417 17444 1.6 13 8 5 11 72% 1208 162 357 170%
c [  0.53 12 26 13 19 469 1 54417 17444 1.4 25 17 11 23 70% 1208 162 357 170%
c
c seconds   switched   rate         size/glue  tier1      binary     remaining
c        MB   reductions conflicts        size    tier2     irredundant
c         level   restarts     redundant     glue     trail      variables
c
c B  0.53 12 26 13 19 469 1 54417 17444 1.4 25 17 11 23 70% 1208 162 357 170%
c o  0.53 12 26 13 19 469 1 54417 17444 1.4 25 17 11 23 70% 1208 162 357 170%
c -  0.57 12 25 13 20 471 1 58195 18594 1.4 24 17 10 21 71% 1208 162 357 170%
c ]  0.62 12 25 14 20 474 1 62358 21996 1.5 24 16 10 21 71% 1208 162 357 170%
c {  0.62 12 13 14 20 474 2 62358 21996 1.6 13 8 5 11 72% 1208 162 357 170%
c -  0.62 12 13 14 21 512 2 62668 20158 1.6 12 8 5 11 72% 1208 162 357 170%
c u  0.67 15 13 14 21 619 2 67155 23442 1.6 12 8 5 11 72% 1212 162 357 170%
c v  0.67 15 13 14 21 619 2 67155 23334 1.6 12 8 5 11 72% 1212 162 357 170%
c w  0.68 15 13 14 21 619 2 67155 23316 1.6 12 8 5 11 72% 1212 162 357 170%
c x  0.68 15 13 14 21 619 2 67155 23316 1.6 12 8 5 11 72% 1212 159 357 170%
c -  0.69 15 13 14 22 622 2 67250 20874 1.6 12 8 5 11 72% 1212 159 357 170%
c -  0.73 15 12 14 23 724 2 71940 21557 1.6 12 8 5 10 72% 1217 159 357 170%
c -  0.76 15 12 14 24 902 2 76735 22840 1.5 12 7 5 10 72% 1222 159 357 170%
c }  0.77 15 12 15 24 902 2 77074 23117 1.5 12 7 5 10 72% 1222 159 357 170%
c [  0.77 15 25 15 24 902 1 77074 23117 1.5 24 16 10 21 71% 1222 159 357 170%
c W  0.77 15 25 15 24 902 1 77074 23117 1.5 24 16 10 21 71% 1222 159 357 170%
c -  0.81 16 25 15 25 905 1 81635 24649 1.5 24 16 9 20 71% 1222 159 357 170%
c s  0.83 16 24 15 25 907 1 84338 26950 1.5 24 16 9 20 71% 1222 158 357 170%
c ^  0.83 16 24 15 25 907 1 84338 26950 1.5 24 16 9 20 71% 1222 158 357 170%
c -  0.86 16 24 15 26 908 1 86636 26649 1.5 23 16 9 20 71% 1222 158 357 170%
c
c seconds   switched   rate         size/glue  tier1     binary     remaining
c        MB   reductions conflicts        size   tier2     irredundant
c         level   restarts     redundant     glue    trail      variables
c
c ]  0.89 16 24 16 26 908 1 89384 29025 1.5 23 16 9 20 71% 1222 158 357 170%
c {  0.89 16 12 16 26 908 2 89384 29025 1.5 12 7 5 10 72% 1222 158 357 170%
c o  0.89 16 12 16 26 913 2 89413 29051 1.5 12 7 5 10 72% 1222 158 357 170%
c -  0.92 16 12 16 27 1015 2 91736 27917 1.5 11 7 5 10 72% 1224 158 357 170%
c u  0.97 18 12 16 27 1093 2 95754 30805 1.5 11 7 5 10 72% 1231 158 357 170%
c v  0.98 18 12 16 27 1093 2 95754 30443 1.5 11 7 5 10 72% 1231 158 357 170%
c w  0.98 18 12 16 27 1093 2 95754 29796 1.5 11 7 5 10 72% 1231 158 357 170%
c x  0.98 18 12 16 27 1093 2 95754 29796 1.5 11 7 5 10 72% 1231 157 357 170%
c -  0.99 18 12 16 28 1146 2 96932 27959 1.5 11 7 5 10 72% 1233 157 357 170%
c -  1.04 18 11 16 29 1204 2 102223 29083 1.5 11 7 5 9 72% 1245 157 357 170%
c i  1.06 18 11 16 29 1271 2 105534 31470 1.5 11 7 5 9 72% 1263 157 356 170%
c -  1.08 18 11 16 30 1356 2 107609 23728 1.5 11 7 5 9 72% 1225 157 356 170%
c }  1.08 18 11 17 30 1364 2 107723 23817 1.5 11 7 5 9 72% 1225 157 356 170%
c [  1.08 18 24 17 30 1364 1 107723 23817 1.5 23 16 9 20 71% 1225 157 356 170%
c I  1.08 18 24 17 30 1364 1 107723 23817 1.5 23 16 9 20 71% 1225 157 356 170%
c -  1.13 18 23 17 31 1368 1 113087 27034 1.5 22 15 8 19 71% 1226 157 356 170%
c -  1.19 18 24 17 32 1370 1 118657 29841 1.5 23 16 8 20 71% 1227 157 356 170%
c ]  1.25 19 25 18 32 1373 1 123709 34290 1.5 23 16 8 20 71% 1227 157 356 170%
c {  1.25 19 11 18 32 1373 2 123709 34290 1.5 11 7 5 9 72% 1227 157 356 170%
c -  1.27 19 11 18 33 1537 2 124313 31217 1.5 11 7 5 9 72% 1227 157 356 170%
c
c seconds   switched    rate          size/glue tier1    binary     remaining
c        MB   reductions  conflicts         size  tier2    irredundant
c         level    restarts      redundant    glue   trail      variables
c
c o  1.36 19 13 18 33 2886 2 129418 35611 1.5 12 8 5 9 71% 1227 157 356 170%
c u  1.38 19 13 18 33 2996 2 129836 35775 1.5 12 8 5 9 71% 1230 157 356 170%
c v  1.39 19 13 18 33 2996 2 129836 35325 1.5 12 8 5 9 71% 1234 157 356 170%
c w  1.40 19 13 18 33 2996 2 129836 35129 1.5 12 8 5 9 71% 1234 157 356 170%
c x  1.40 19 13 18 33 2996 2 129836 35127 1.5 12 8 5 9 71% 1234 153 356 170%
c t  1.40 19 13 18 33 2996 2 129836 35127 1.5 12 8 5 9 71% 1227 153 356 170%
c -  1.41 19 13 18 34 3053 2 130057 32485 1.5 12 8 5 10 71% 1227 153 356 170%
c -  1.53 19 14 18 35 4508 2 135887 33871 1.5 12 8 5 10 71% 1227 153 356 170%
c -  1.65 19 14 18 36 5993 2 141804 35004 1.5 13 9 5 10 71% 1227 153 356 170%
c }  1.75 19 15 19 36 7068 2 146057 38510 1.4 13 9 5 10 70% 1227 153 356 170%
c [  1.75 19 25 19 36 7068 1 146057 38510 1.5 23 16 8 20 71% 1227 153 356 170%
c B  1.75 19 25 19 36 7068 1 146057 38510 1.5 23 16 8 20 71% 1227 153 356 170%
c -  1.77 19 25 19 37 7069 1 147805 35851 1.5 24 16 8 20 71% 1227 153 356 170%
c -  1.87 19 24 19 38 7073 1 153890 36092 1.5 23 16 8 19 71% 1227 153 356 170%
c s  1.89 19 24 19 38 7074 1 155083 37139 1.5 23 16 8 19 71% 1227 147 356 170%
c e  1.89 20 24 19 38 7074 1 155083 37139 1.5 23 16 8 19 71% 1353 147 313 149%
c ^  1.89 20 24 19 38 7074 1 155083 37139 1.5 23 16 8 19 71% 1353 147 313 149%
c i  1.95 20 24 19 38 7075 1 158973 33605 1.5 23 15 8 19 71% 1358 147 300 143%
c -  1.97 22 24 19 39 7076 1 160058 20695 1.5 23 15 7 19 71% 1277 147 300 143%
c -  2.04 22 23 19 40 7080 1 166302 24085 1.5 22 15 7 18 71% 1278 147 300 143%
c
c seconds   switched    rate          size/glue  tier1     binary     remaining
c        MB   reductions  conflicts         size   tier2     irredundant
c         level    restarts      redundant     glue    trail      variables
c
c W  2.05 23 23 19 40 7081 1 166968 24598 1.5 22 15 7 18 71% 1272 147 300 143%
c u  2.10 24 23 19 40 7081 1 169706 26309 1.5 22 15 7 18 71% 1289 147 300 143%
c v  2.11 24 23 19 40 7081 1 169706 24562 1.5 22 15 7 18 71% 1294 147 300 143%
c w  2.12 24 23 19 40 7081 1 169706 23280 1.5 22 15 7 18 71% 1294 147 300 143%
c x  2.13 24 23 19 40 7081 1 169706 23274 1.5 22 15 7 18 71% 1294 138 300 143%
c t  2.13 24 23 19 40 7081 1 169706 23274 1.5 22 15 7 18 71% 1270 138 300 143%
c -  2.16 24 23 19 41 7082 1 172628 23983 1.5 22 15 7 18 71% 1270 138 300 143%
c i  2.22 24 23 19 41 7082 1 177778 28159 1.5 22 14 7 18 71% 1275 138 276 131%
c -  2.24 24 23 19 42 7083 1 179032 15778 1.5 22 14 6 17 71% 1141 138 276 131%
c ]  2.28 24 22 20 42 7085 1 182313 18383 1.5 21 14 6 17 71% 1142 138 276 131%
c {  2.28 24 15 20 42 7085 2 182313 18383 1.4 13 9 5 10 70% 1142 138 276 131%
c i  2.28 24 15 20 42 7092 2 182504 18504 1.4 13 9 5 10 70% 1146 138 232 110%
c o  2.28 24 15 20 42 7092 2 182504 18504 1.4 13 9 5 10 70% 1146 138 232 110%
c i  2.29 24 15 20 42 7092 2 182910 18794 1.4 13 9 5 10 70% 1153 138 176 84%
c i  2.29 24 15 20 42 7092 2 182932 18806 1.4 13 9 5 10 70% 1157 138 166 79%
c i  2.29 24 15 20 42 7092 2 182944 18808 1.4 13 9 5 10 70% 1160 138 139 66%
c i  2.29 24 15 20 42 7092 2 182945 18808 1.4 13 9 5 10 70% 1160 138 137 65%
c }  2.29 24 15 20 42 7092 2 182947 18808 1.4 13 9 5 10 70% 1160 138 87 41%
c 0  2.29 24 15 20 42 7092 2 182947 18808 1.4 13 9 5 10 70% 1160 138 87 41%
c
c ---- [ result ] ------------------------------------------------------------
c
s UNSATISFIABLE
c
c ---- [ profiling ] ---------------------------------------------------------
c
c           2.06   90.31 %  search
c           1.03   45.22 %  stable
c           1.03   45.08 %  focused
c           0.21    9.19 %  probe
c           0.20    8.90 %  simplify
c           0.16    6.91 %  vivify
c           0.06    2.58 %  reduce
c           0.04    1.55 %  sweep
c           0.02    0.76 %  preprocess
c           0.01    0.42 %  substitute
c           0.01    0.24 %  eliminate
c           0.01    0.22 %  walking
c           0.00    0.14 %  factor
c           0.00    0.08 %  transitive
c           0.00    0.06 %  backbone
c           0.00    0.03 %  congruence
c           0.00    0.02 %  parse
c           0.00    0.01 %  subsume
c           0.00    0.01 %  lucky
c =============================================
c           2.29  100.00 %  total
c
c ---- [ statistics ] --------------------------------------------------------
c
c conflicts:                           182947            79985.78 per second
c decisions:                           316099                1.73 per conflict
c eliminated:                              86               41 %  variables
c factored:                               190               90 %  variables
c iterations:                               9                4 %  variables
c propagations:                      11476079          5017427    per second
c reductions:                              42             4356    interval
c reordered:                                6            30491    interval
c rephased:                                11            16632    interval
c restarts:                              7092               26    interval
c subsumed:                                20                1 %  checks
c switched:                                20             9147    interval
c vivified:                              8768               80 %  checks
c walks:                                    4            45737    interval
c
c ---- [ glue usage ] --------------------------------------------------------
c
c focused glue 4   used 46494 clauses 20.15% accumulated 50.30% tier1
c focused glue 5   used 31956 clauses 13.85% accumulated 64.15%
c focused glue 6-9 used 53667 clauses 23.26% accumulated 87.41%
c focused glue 10  used  5719 clauses  2.48% accumulated 89.89%
c focused glue 11  used  4049 clauses  1.75% accumulated 91.64% tier2
c
c stable glue 6    used 20312 clauses  6.14% accumulated 51.26% tier1
c stable glue 7    used 20017 clauses  6.05% accumulated 57.31%
c stable glue 8-15 used 98114 clauses 29.67% accumulated 86.98%
c stable glue 16   used  6227 clauses  1.88% accumulated 88.86%
c stable glue 17   used  5397 clauses  1.63% accumulated 90.49% tier2
c
c ---- [ resources ] ---------------------------------------------------------
c
c maximum-resident-set-size:      25383927808 bytes      24208 MB
c process-time:                             2s               2.29 seconds
c
c ---- [ shutting down ] -----------------------------------------------------
c
c exit 20
