c ---- [ banner ] ------------------------------------------------------------
c
c Kissat SAT Solver
c 
c Copyright (c) 2021-2024 Armin Biere University of Freiburg
c Copyright (c) 2019-2021 Armin Biere Johannes Kepler University Linz
c 
c Version 4.0.4 8af8e56f174b778aef3aa45af9f739b2a5f492c2
c Apple clang version 17.0.0 (clang-1700.6.3.2) -W -Wall -O3 -DNDEBUG
c Mon Mar 30 18:25:47 CEST 2026 Darwin Mac 24.6.0 arm64
c
c ---- [ parsing ] -----------------------------------------------------------
c
c opened and reading DIMACS file:
c
c   tmp.cnf
c
c parsed 'p cnf 78 16731' header
c closing input after reading 381957 bytes (373 KB)
c finished parsing after 0.00 seconds
c
c ---- [ solving ] -----------------------------------------------------------
c
c seconds switched rate     size/glue tier1 binary      remaining
c        MB reductions conflicts size  tier2   irredundant
c         level restarts redundant glue  trail      variables
c
c *  0.00  4 0 0 0  0 0   0   0 0.0 0 0 0 0 0%   0 16731 78 100%
c (  0.00  5 0 0 0  0 0   0   0 0.0 0 0 0 0 0%   0 16731 78 100%
c .  0.00  5 0 0 0  0 0   0   0 0.0 0 0 0 0 0%   0 16731 78 100%
c f  0.08  6 0 0 0  0 0   0   0 0.0 0 0 0 0 0% 161 8459 158 203%
c )  0.08  6 0 0 0  0 0   0   0 0.0 0 0 0 0 0% 161 8459 158 203%
c {  0.08  6 0 0 0  0 0   0   0 0.0 0 0 2 6 0% 161 8459 158 203%
c -  0.09  6 21 0 1 16 2 1000 658 1.4 17 12 10 16 56% 161 8459 158 203%
c }  0.09  6 21 1 1 16 2 1000 658 1.4 17 12 10 16 56% 161 8459 158 203%
c [  0.09  6 0 1 1 16 0 1000 658 0.0 0 0 2 6 0% 161 8459 158 203%
c B  0.09  6 16 1 1 16 0 1002 660 1.6 16 10 2 6 53% 161 8459 158 203%
c -  0.09  6 19 1 2 16 1 2001 1507 1.3 18 14 11 17 53% 161 8459 158 203%
c W  0.09  6 19 1 2 16 1 2004 1510 1.3 18 14 11 17 53% 161 8459 158 203%
c ]  0.10  6 20 2 2 17 1 2196 1673 1.3 18 14 11 17 54% 161 8459 158 203%
c {  0.10  6 21 2 2 17 2 2196 1673 1.4 17 12 10 16 56% 161 8459 158 203%
c u  0.11  6 20 2 2 31 2 3011 2356 1.5 18 12 10 16 60% 161 8459 158 203%
c v  0.11  6 20 2 2 31 2 3011 2325 1.5 18 12 10 16 60% 161 8459 158 203%
c w  0.11  6 20 2 2 31 2 3011 2323 1.5 18 12 10 16 60% 161 8459 158 203%
c }  0.11  6 20 3 2 54 2 3196 2488 1.5 18 12 10 16 60% 161 8459 158 203%
c [  0.11  6 20 3 2 54 1 3196 2488 1.3 18 14 11 17 54% 161 8459 158 203%
c -  0.12  7 20 3 3 54 1 3417 2471 1.3 18 14 11 17 56% 161 8459 158 203%
c
c seconds  switched rate       size/glue  tier1     binary      remaining
c        MB reductions conflicts     size    tier2    irredundant
c         level restarts  redundant     glue     trail      variables
c
c I  0.12  7 20 3 3 55 1 4263 3217 1.4 19 13 11 17 60% 161 8459 158 203%
c ]  0.12  7 20 4 3 55 1 4401 3336 1.4 19 13 11 17 60% 161 8459 158 203%
c {  0.12  7 20 4 3 55 2 4401 3336 1.5 18 12 10 16 60% 161 8459 158 203%
c -  0.13  7 19 4 4 55 1 5151 3504 1.5 18 11 10 15 60% 161 8459 158 203%
c }  0.15  8 18 5 4 137 2 6754 4936 1.5 17 11 10 15 58% 161 8459 158 203%
c [  0.15  8 20 5 4 137 1 6754 4936 1.4 19 13 11 17 60% 161 8459 158 203%
c -  0.15  8 20 5 5 137 1 7156 4727 1.4 19 13 11 17 60% 161 8459 158 203%
c B  0.16  8 18 5 5 138 1 8035 5397 1.4 17 12 11 17 58% 161 8459 158 203%
c ]  0.17  8 19 6 5 139 1 9077 6351 1.4 18 13 11 17 60% 161 8459 158 203%
c {  0.17  8 18 6 5 139 2 9077 6351 1.5 17 11 10 15 58% 161 8459 158 203%
c u  0.18  9 18 6 5 142 2 9274 6498 1.5 17 11 10 15 59% 161 8459 158 203%
c v  0.18  9 18 6 5 142 2 9274 6485 1.5 17 11 10 15 59% 161 8459 158 203%
c w  0.18  9 18 6 5 142 2 9274 6479 1.5 17 11 10 15 59% 161 8459 158 203%
c -  0.19 10 18 6 6 142 2 9392 5633 1.5 17 11 9 14 59% 161 8459 158 203%
c -  0.22 10 16 6 7 142 1 11842 6678 1.6 16 10 8 13 59% 161 8459 158 203%
c o  0.23 10 16 6 7 145 1 12763 7528 1.6 16 10 8 13 60% 161 8459 158 203%
c }  0.24 10 16 7 7 147 1 13146 7878 1.6 16 10 8 13 60% 161 8459 158 203%
c [  0.24 10 19 7 7 147 1 13146 7878 1.4 18 13 11 17 60% 161 8459 158 203%
c W  0.24 11 19 7 7 147 1 13565 8225 1.4 18 12 11 17 59% 161 8459 158 203%
c -  0.25 11 18 7 8 148 1 14487 7912 1.5 17 12 9 16 59% 161 8459 158 203%
c
c seconds  switched  rate        size/glue  tier1    binary      remaining
c        MB reductions conflicts       size   tier2    irredundant
c         level restarts    redundant     glue    trail      variables
c
c s  0.26 11 18 7 8 148 1 15048 8385 1.5 17 12 9 16 59% 161 7447 158 203%
c e  0.27 11 18 7 8 148 1 15048 8385 1.5 17 12 9 16 59% 156 7450 156 200%
c ^  0.27 11 18 7 8 148 1 15048 8385 1.5 17 12 9 16 59% 156 7450 156 200%
c -  0.30 12 19 7 9 150 1 17316 9081 1.5 18 12 9 16 61% 156 7450 156 200%
c ]  0.30 12 19 8 9 150 1 17425 9179 1.5 18 12 9 16 61% 156 7450 156 200%
c {  0.30 12 16 8 9 150 1 17425 9179 1.6 16 10 8 13 60% 156 7450 156 200%
c u  0.33 13 16 8 9 354 2 18997 10627 1.6 16 10 8 13 59% 156 7450 156 200%
c v  0.33 13 16 8 9 354 2 18997 10618 1.6 16 10 8 13 59% 156 7450 156 200%
c w  0.34 13 16 8 9 354 2 18997 10612 1.6 16 10 8 13 59% 156 7450 156 200%
c x  0.34 13 16 8 9 354 2 18997 10612 1.6 16 10 8 13 59% 156 7449 156 200%
c f  0.34 13 16 8 9 354 2 18997 10612 1.6 16 10 8 13 59% 206 7251 181 232%
c u  0.35 14 16 8 9 354 2 18997 10591 1.6 16 10 8 13 59% 206 7251 181 232%
c v  0.35 14 16 8 9 354 2 18997 10575 1.6 16 10 8 13 59% 206 7251 181 232%
c w  0.35 15 16 8 9 354 2 18997 10574 1.6 16 10 8 13 59% 206 7251 181 232%
c -  0.38 15 17 8 10 591 2 20319 10404 1.6 16 10 8 13 60% 206 7251 181 232%
c o  0.42 15 16 8 10 755 2 22939 12738 1.6 16 10 8 13 59% 206 7251 181 232%
c -  0.43 16 16 8 11 779 2 23481 11860 1.6 16 10 8 13 59% 206 7251 181 232%
c }  0.43 16 16 9 11 779 2 23585 11954 1.6 16 10 8 13 59% 206 7251 181 232%
c [  0.43 16 19 9 11 779 1 23585 11954 1.5 18 12 9 16 61% 206 7251 181 232%
c O  0.43 16 19 9 11 779 1 23585 11954 1.5 18 12 9 16 61% 206 7251 181 232%
c
c seconds  switched   rate         size/glue  tier1    binary      remaining
c        MB  reductions conflicts        size   tier2    irredundant
c         level  restarts     redundant     glue    trail      variables
c
c -  0.47 16 20 9 12 781 1 26797 12974 1.5 19 13 9 17 63% 206 7251 181 232%
c -  0.50 16 20 9 13 784 1 30261 14005 1.5 19 13 9 17 63% 206 7251 181 232%
c e  0.52 16 20 9 13 784 1 30362 14094 1.5 19 13 9 17 63% 197 7251 156 200%
c ^  0.52 16 20 9 13 784 1 30362 14094 1.5 19 13 9 17 63% 197 7251 156 200%
c u  0.55 19 20 9 13 785 1 32666 14444 1.5 19 13 9 17 64% 197 7251 156 200%
c v  0.55 19 20 9 13 785 1 32666 14410 1.5 19 13 9 17 64% 197 7251 156 200%
c w  0.56 19 20 9 13 785 1 32666 14350 1.5 19 13 9 17 64% 197 7251 156 200%
c f  0.58 20 20 9 13 785 1 32666 14350 1.5 19 13 9 17 64% 188 7251 159 204%
c u  0.59 20 20 9 13 785 1 32666 14325 1.5 19 13 9 17 64% 188 7251 159 204%
c v  0.59 20 20 9 13 785 1 32666 14322 1.5 19 13 9 17 64% 188 7251 159 204%
c w  0.60 20 20 9 13 785 1 32666 14247 1.5 19 13 9 17 64% 188 7251 159 204%
c x  0.60 20 20 9 13 785 1 32666 14247 1.5 19 13 9 17 64% 188 7250 159 204%
c B  0.61 20 20 9 13 785 1 33348 14825 1.5 19 13 9 17 64% 188 7250 159 204%
c -  0.61 20 20 9 14 785 1 33866 13540 1.5 19 13 9 17 64% 188 7250 159 204%
c ]  0.62 20 20 10 14 785 1 34356 13967 1.5 19 13 9 17 64% 188 7250 159 204%
c {  0.62 20 16 10 14 785 2 34356 13967 1.6 16 10 8 13 59% 188 7250 159 204%
c -  0.66 20 16 10 15 841 2 37607 13539 1.6 15 10 7 12 59% 188 7250 159 204%
c -  0.71 20 15 10 16 841 2 41480 14059 1.6 15 10 7 12 59% 188 7250 159 204%
c }  0.73 20 15 11 16 894 2 42983 15322 1.6 15 9 7 12 59% 188 7250 159 204%
c [  0.73 20 20 11 16 894 1 42983 15322 1.5 19 13 9 17 64% 188 7250 159 204%
c
c seconds   switched   rate         size/glue  tier1    binary      remaining
c        MB   reductions conflicts        size   tier2    irredundant
c         level   restarts     redundant     glue    trail      variables
c
c -  0.76 20 19 11 17 896 1 45482 15449 1.5 19 13 9 17 64% 188 7250 159 204%
c W  0.77 20 19 11 17 896 1 45571 15524 1.5 19 13 9 17 64% 188 7250 159 204%
c o  0.77 20 19 11 17 896 1 45571 15524 1.5 19 13 9 17 64% 188 7250 159 204%
c -  0.81 20 19 11 18 899 1 49605 17168 1.5 19 12 9 16 65% 188 7250 159 204%
c u  0.83 20 19 11 18 899 1 50274 17742 1.5 19 12 9 16 65% 188 7250 159 204%
c v  0.84 23 19 11 18 899 1 50274 17726 1.5 19 12 9 16 65% 188 7250 159 204%
c w  0.84 23 19 11 18 899 1 50274 17724 1.5 19 12 9 16 65% 188 7250 159 204%
c ]  0.88 23 19 12 18 900 1 53537 20504 1.5 19 13 9 16 65% 188 7250 159 204%
c {  0.88 23 15 12 18 900 2 53537 20504 1.6 15 9 7 12 59% 188 7250 159 204%
c -  0.89 23 15 12 19 957 2 53847 18195 1.6 15 9 7 12 59% 188 7250 159 204%
c -  0.93 23 14 12 20 957 2 58205 19031 1.6 14 9 7 11 58% 188 7250 159 204%
c -  1.03 23 14 12 21 1353 2 62677 18315 1.6 14 9 6 11 59% 188 7250 159 204%
c e  1.05 23 14 12 21 1488 2 63661 19174 1.6 14 9 6 11 59% 171 7278 149 191%
c ^  1.06 23 14 12 21 1488 2 63661 19174 1.6 14 9 6 11 59% 171 7278 149 191%
c }  1.08 23 14 13 21 1627 2 65016 19148 1.5 14 9 6 11 59% 171 7278 149 191%
c [  1.08 23 19 13 21 1627 1 65016 19148 1.5 19 13 9 16 65% 171 7278 149 191%
c I  1.08 23 19 13 21 1627 1 65016 19148 1.5 19 13 9 16 65% 171 7278 149 191%
c -  1.11 23 19 13 22 1629 1 67259 18254 1.5 19 13 8 16 65% 171 7278 149 191%
c u  1.17 23 19 13 22 1632 1 71936 22275 1.5 19 13 8 16 65% 171 7278 149 191%
c v  1.18 23 19 13 22 1632 1 71936 22225 1.5 19 13 8 16 65% 171 7278 149 191%
c
c seconds   switched    rate         size/glue  tier1    binary      remaining
c        MB   reductions  conflicts        size   tier2    irredundant
c         level    restarts     redundant     glue    trail      variables
c
c w  1.18 23 19 13 22 1632 1 71936 21995 1.5 19 13 8 16 65% 171 7278 149 191%
c f  1.19 24 19 13 22 1632 1 71936 21995 1.5 19 13 8 16 65% 189 7230 155 199%
c u  1.20 26 19 13 22 1632 1 71936 21936 1.5 19 13 8 16 65% 189 7230 155 199%
c v  1.21 26 19 13 22 1632 1 71936 21878 1.5 19 13 8 16 65% 189 7230 155 199%
c w  1.21 26 19 13 22 1632 1 71936 21868 1.5 19 13 8 16 65% 189 7230 155 199%
c -  1.22 28 19 13 23 1632 1 71950 19209 1.5 19 13 8 16 65% 189 7230 155 199%
c -  1.28 30 19 13 24 1633 1 76745 20268 1.5 19 13 8 16 66% 189 7230 155 199%
c ]  1.35 30 19 14 24 1636 1 81429 24200 1.5 19 13 8 16 66% 189 7230 155 199%
c {  1.35 30 14 14 24 1636 2 81429 24200 1.5 14 9 6 11 59% 189 7230 155 199%
c o  1.35 30 14 14 24 1642 2 81478 24242 1.5 14 9 6 11 59% 189 7230 155 199%
c -  1.35 30 14 14 25 1648 2 81643 21053 1.5 14 9 6 11 58% 189 7230 155 199%
c -  1.45 30 14 14 26 2011 2 86643 22214 1.5 14 9 6 11 59% 189 7230 155 199%
c -  1.56 30 14 14 27 2421 2 91745 23388 1.5 14 9 6 11 59% 190 7230 155 199%
c }  1.67 30 14 15 27 3096 2 96145 27287 1.5 14 9 6 11 59% 190 7230 155 199%
c [  1.67 30 19 15 27 3096 1 96145 27287 1.5 19 13 8 16 66% 190 7230 155 199%
c B  1.67 30 19 15 27 3096 1 96145 27287 1.5 19 13 8 16 66% 190 7230 155 199%
c -  1.69 30 19 15 28 3096 1 96941 25050 1.5 19 13 8 16 66% 190 7230 155 199%
c u  1.71 30 19 15 28 3097 1 97817 25757 1.5 19 13 8 16 66% 190 7230 155 199%
c v  1.72 30 19 15 28 3097 1 97817 25209 1.5 19 13 8 16 66% 190 7230 155 199%
c w  1.73 30 19 15 28 3097 1 97817 25209 1.5 19 13 8 16 66% 190 7230 155 199%
c
c seconds   switched    rate         size/glue  tier1    binary      remaining
c        MB   reductions  conflicts        size   tier2    irredundant
c         level    restarts     redundant     glue    trail      variables
c
c x  1.73 30 19 15 28 3097 1 97817 25209 1.5 19 13 8 16 66% 190 7226 155 199%
c -  1.81 30 19 15 29 3100 1 102235 26120 1.5 19 13 8 16 66% 190 7226 155 199%
c -  1.89 31 19 15 30 3102 1 107621 27459 1.5 19 12 8 16 66% 190 7226 155 199%
c -  1.99 31 19 15 31 3106 1 113100 28678 1.5 19 12 8 16 66% 190 7226 155 199%
c ]  2.03 31 19 16 31 3108 1 115768 30917 1.5 19 12 8 16 67% 190 7226 155 199%
c {  2.03 31 14 16 31 3108 2 115768 30917 1.5 14 9 6 11 59% 190 7226 155 199%
c e  2.09 31 14 16 31 3463 2 117297 32355 1.5 14 9 6 11 59% 180 7256 150 192%
c ^  2.10 31 14 16 31 3463 2 117297 32355 1.5 14 9 6 11 59% 180 7256 150 192%
c -  2.12 31 14 16 32 3463 2 118667 28491 1.5 14 9 6 11 59% 181 7256 150 192%
c o  2.17 31 14 16 32 3469 2 121676 30818 1.5 14 9 6 11 59% 181 7256 150 192%
c -  2.27 31 14 16 33 3937 2 124323 29456 1.5 14 9 6 11 59% 181 7256 150 192%
c u  2.39 31 14 16 33 4323 2 128064 32673 1.5 14 9 6 11 60% 181 7256 150 192%
c v  2.41 31 14 16 33 4323 2 128064 32554 1.5 14 9 6 11 60% 181 7256 150 192%
c w  2.42 31 14 16 33 4323 2 128064 32527 1.5 14 9 6 11 60% 181 7256 150 192%
c -  2.46 31 14 16 34 4335 2 130067 31144 1.5 14 9 6 11 60% 181 7256 150 192%
c }  2.57 31 14 17 34 4724 2 134105 34754 1.5 14 9 6 11 60% 181 7256 150 192%
c [  2.57 31 19 17 34 4724 1 134105 34754 1.5 19 12 8 16 67% 181 7256 150 192%
c W  2.57 31 19 17 34 4724 1 134105 34754 1.5 19 12 8 16 67% 181 7256 150 192%
c -  2.60 32 19 17 35 4725 1 135898 32819 1.5 19 12 8 16 66% 181 7256 150 192%
c -  2.71 32 19 17 36 4729 1 141815 33944 1.5 19 12 8 16 66% 181 7256 150 192%
c
c seconds   switched    rate          size/glue  tier1    binary      remaining
c        MB   reductions  conflicts         size   tier2    irredundant
c         level    restarts      redundant     glue    trail      variables
c
c -  2.82 32 19 17 37 4732 1 147816 34558 1.5 19 12 7 15 66% 181 7256 150 192%
c -  2.92 32 19 17 38 4736 1 153898 35518 1.5 19 12 7 15 65% 181 7256 150 192%
c O  3.00 32 19 17 38 4737 1 158330 39120 1.5 19 12 7 15 65% 181 7256 150 192%
c -  3.03 32 19 17 39 4738 1 160062 35912 1.5 19 13 7 15 65% 181 7256 150 192%
c ]  3.04 32 19 18 39 4738 1 160769 36539 1.5 19 13 7 15 65% 181 7256 150 192%
c {  3.04 32 14 18 39 4738 2 160769 36539 1.5 14 9 6 11 60% 181 7256 150 192%
c u  3.13 32 14 18 39 5004 2 162754 38215 1.5 14 9 6 11 60% 181 7256 150 192%
c v  3.15 32 14 18 39 5004 2 162754 38056 1.5 14 9 6 11 60% 181 7256 150 192%
c w  3.16 32 14 18 39 5004 2 162754 38042 1.5 14 9 6 11 60% 181 7256 150 192%
c -  3.28 32 14 18 40 5267 2 166307 36781 1.5 14 9 6 11 60% 181 7256 150 192%
c -  3.49 32 15 18 41 6001 2 172631 33711 1.5 15 9 5 11 60% 181 7256 150 192%
c o  3.52 32 15 18 41 6024 2 173689 34593 1.5 15 9 5 11 60% 181 7256 150 192%
c -  3.71 32 15 18 42 6715 2 179034 33415 1.5 15 9 5 11 61% 181 7256 150 192%
c }  3.84 32 15 19 42 7187 2 183116 36963 1.6 15 10 5 11 61% 181 7256 150 192%
c [  3.84 32 19 19 42 7187 1 183116 36963 1.5 19 13 7 15 65% 181 7256 150 192%
c -  3.89 32 19 19 43 7189 1 185515 33936 1.5 19 12 7 15 65% 181 7256 150 192%
c B  3.90 32 19 19 43 7189 1 186070 34385 1.5 19 12 7 15 65% 181 7256 150 192%
c -  4.01 32 18 19 44 7193 1 192072 34599 1.5 19 12 7 15 65% 181 7256 150 192%
c e  4.04 32 18 19 44 7193 1 193532 35921 1.5 19 12 7 15 65% 140 7376 136 174%
c s  4.04 32 18 19 44 7193 1 193532 35921 1.5 19 12 7 15 65% 140 7375 136 174%
c
c seconds   switched    rate          size/glue  tier1    binary      remaining
c        MB   reductions  conflicts         size   tier2    irredundant
c         level    restarts      redundant     glue    trail      variables
c
c ^  4.05 32 18 19 44 7193 1 193532 35921 1.5 19 12 7 15 65% 140 7375 136 174%
c -  4.14 32 18 19 45 7196 1 198706 31482 1.5 19 12 7 15 65% 140 7375 136 174%
c u  4.23 32 18 19 45 7199 1 202026 34108 1.5 19 12 7 15 66% 140 7375 136 174%
c v  4.27 32 18 19 45 7199 1 202026 33671 1.5 19 12 7 15 66% 140 7375 136 174%
c w  4.28 32 18 19 45 7199 1 202026 32609 1.5 19 12 7 15 66% 140 7375 136 174%
c -  4.35 32 18 19 46 7200 1 205416 31696 1.5 19 12 7 15 65% 140 7375 136 174%
c -  4.49 32 18 19 47 7201 1 212198 33630 1.5 18 12 7 15 65% 140 7375 136 174%
c W  4.59 34 18 19 47 7203 1 217520 38295 1.5 18 12 7 15 65% 140 7375 136 174%
c -  4.61 34 18 19 48 7204 1 219057 35518 1.5 19 12 7 15 66% 140 7375 136 174%
c -  4.70 35 18 19 49 7208 1 225986 35439 1.5 19 12 7 15 65% 140 7375 136 174%
c ]  4.76 35 18 20 49 7210 1 229805 38560 1.5 19 12 7 15 65% 140 7375 136 174%
c {  4.76 35 15 20 49 7210 2 229805 38560 1.6 15 10 5 11 61% 140 7375 136 174%
c -  4.87 35 15 20 50 7681 2 232986 34921 1.5 15 10 5 11 61% 140 7375 136 174%
c o  4.89 35 15 20 50 7692 2 234085 35868 1.5 15 10 5 11 61% 140 7375 136 174%
c -  5.02 35 15 20 51 7841 2 240057 36384 1.6 15 9 5 11 61% 140 7375 136 174%
c u  5.19 39 15 20 51 8193 2 245930 41174 1.6 15 9 5 11 61% 140 7375 136 174%
c v  5.22 39 15 20 51 8193 2 245930 40690 1.6 15 9 5 11 61% 140 7375 136 174%
c w  5.23 39 15 20 51 8193 2 245930 40664 1.6 15 9 5 11 61% 140 7375 136 174%
c -  5.34 40 15 20 52 8246 2 247200 36737 1.6 15 9 5 11 61% 140 7375 136 174%
c -  5.51 40 14 20 53 8498 2 254411 38038 1.6 15 9 5 11 60% 140 7375 136 174%
c
c seconds   switched    rate          size/glue tier1    binary      remaining
c        MB   reductions  conflicts         size  tier2    irredundant
c         level    restarts      redundant    glue    trail      variables
c
c }  5.54 40 14 21 53 8503 2 256544 39588 1.6 14 9 5 11 60% 140 7375 136 174%
c [  5.54 40 18 21 53 8503 1 256544 39588 1.5 19 12 7 15 65% 140 7375 136 174%
c I  5.54 40 18 21 53 8503 1 256544 39588 1.5 19 12 7 15 65% 140 7375 136 174%
c -  5.65 40 18 21 54 8507 1 261692 39130 1.5 19 12 7 15 65% 140 7375 136 174%
c -  5.78 41 18 21 55 8510 1 269045 39418 1.5 19 12 7 15 65% 140 7375 136 174%
c -  5.91 41 18 21 56 8515 1 276461 39512 1.5 19 12 7 15 65% 140 7375 136 174%
c -  6.02 42 18 21 57 8517 1 283944 39339 1.5 19 12 7 15 65% 140 7375 136 174%
c -  6.16 42 18 21 58 8519 1 291497 39607 1.5 19 13 7 15 65% 140 7375 136 174%
c ]  6.20 42 18 22 58 8521 1 293754 41531 1.5 19 13 7 15 65% 140 7375 136 174%
c {  6.20 42 14 22 58 8521 2 293754 41531 1.6 14 9 5 11 60% 140 7375 136 174%
c e  6.21 42 14 22 58 8540 2 294286 42031 1.6 14 9 5 11 60% 102 7634 120 154%
c !  6.22 42 14 22 58 8540 2 294286 42031 1.6 14 9 5 11 60% 102 7634 120 154%
c u  6.25 42 14 22 58 8544 2 294590 30892 1.6 14 9 5 11 60% 102 7634 120 154%
c v  6.28 42 14 22 58 8544 2 294590 30808 1.6 14 9 5 11 60% 102 7634 120 154%
c w  6.29 42 14 22 58 8544 2 294590 30775 1.6 14 9 5 11 60% 102 7634 120 154%
c x  6.30 43 14 22 58 8544 2 294590 30775 1.6 14 9 5 11 60% 102 7629 120 154%
c f  6.30 43 14 22 58 8544 2 294590 30775 1.6 14 9 5 11 60% 108 7541 124 159%
c u  6.34 46 14 22 58 8544 2 294590 30673 1.6 14 9 5 11 60% 108 7541 124 159%
c v  6.37 46 14 22 58 8544 2 294590 30594 1.6 14 9 5 11 60% 108 7541 124 159%
c w  6.38 46 14 22 58 8544 2 294590 30470 1.6 14 9 5 11 60% 108 7541 124 159%
c
c seconds   switched    rate          size/glue tier1    binary      remaining
c        MB   reductions  conflicts         size  tier2    irredundant
c         level    restarts      redundant    glue    trail      variables
c
c -  6.47 48 14 22 59 8579 2 299113 31039 1.6 14 9 5 11 61% 108 7541 124 159%
c -  6.62 48 14 22 60 8592 2 306795 33832 1.6 14 9 5 10 61% 108 7541 124 159%
c o  6.69 48 14 22 60 8606 2 310373 37132 1.6 15 9 5 10 61% 108 7541 124 159%
c -  6.78 48 14 22 61 8632 2 314540 36225 1.6 15 9 5 10 61% 108 7541 124 159%
c -  6.93 48 14 22 62 8671 2 322350 38003 1.6 15 9 5 10 61% 108 7541 124 159%
c }  6.98 48 13 23 62 8672 2 325272 40474 1.6 15 9 5 10 61% 108 7541 124 159%
c [  6.98 48 18 23 62 8672 1 325272 40474 1.5 19 13 7 15 65% 108 7541 124 159%
c B  6.98 48 18 23 62 8672 1 325272 40474 1.5 19 13 7 15 65% 108 7541 124 159%
c -  7.08 49 18 23 63 8675 1 330224 38393 1.5 19 13 7 15 65% 108 7541 124 159%
c -  7.24 49 18 23 64 8679 1 338161 38832 1.5 19 13 7 15 65% 108 7541 124 159%
c -  7.40 49 18 23 65 8685 1 346161 39029 1.5 19 12 7 15 65% 108 7541 124 159%
c u  7.48 50 18 23 65 8685 1 347994 40313 1.5 19 13 7 15 65% 108 7541 124 159%
c v  7.51 50 18 23 65 8685 1 347994 40156 1.5 19 13 7 15 65% 108 7541 124 159%
c w  7.53 50 18 23 65 8685 1 347994 40059 1.5 19 13 7 15 65% 108 7541 124 159%
c -  7.65 50 18 23 66 8686 1 354223 37423 1.5 19 13 7 15 65% 108 7541 124 159%
c ]  7.69 50 18 24 66 8686 1 356845 39389 1.5 19 13 7 15 65% 108 7541 124 159%
c {  7.69 50 13 24 66 8686 2 356845 39389 1.6 15 9 5 10 61% 108 7541 124 159%
c -  7.89 50 14 24 67 9587 2 362347 38437 1.6 15 9 5 10 61% 108 7541 124 159%
c -  8.14 50 14 24 68 10354 2 370533 40801 1.6 15 9 5 10 61% 108 7541 124 159%
c -  8.42 50 14 24 69 11202 2 378779 41968 1.6 15 9 5 10 61% 108 7541 124 159%
c
c seconds   switched     rate          size/glue tier1    binary      remaining
c        MB   reductions   conflicts         size  tier2    irredundant
c         level    restarts       redundant    glue    trail      variables
c
c -  8.67 50 14 24 70 11792 2 387086 38879 1.6 15 9 4 10 60% 108 7541 124 159%
c o  8.77 50 14 24 70 12113 2 390502 41757 1.6 15 9 4 10 61% 108 7541 124 159%
c }  8.85 50 14 25 70 12271 2 393522 44179 1.6 14 9 4 10 60% 109 7541 124 159%
c [  8.85 50 18 25 70 12271 1 393522 44179 1.5 19 13 7 15 65% 109 7541 124 159%
c W  8.86 52 18 25 70 12271 1 393522 44179 1.5 19 13 7 15 65% 109 7541 124 159%
c -  8.90 53 18 25 71 12272 1 395452 38010 1.5 19 13 7 15 65% 109 7541 124 159%
c -  9.06 54 19 25 72 12277 1 403880 36552 1.5 19 13 7 15 65% 109 7541 124 159%
c u  9.16 54 19 25 72 12278 1 406323 38377 1.5 19 13 7 15 65% 109 7541 124 159%
c v  9.20 55 19 25 72 12278 1 406323 37732 1.5 19 13 7 15 65% 109 7541 124 159%
c w  9.23 55 19 25 72 12278 1 406323 37615 1.5 19 13 7 15 65% 109 7541 124 159%
c -  9.33 55 19 25 73 12283 1 412365 35305 1.5 19 13 7 15 66% 109 7541 124 159%
c -  9.49 55 19 25 74 12285 1 420910 37127 1.5 19 13 7 15 66% 109 7541 124 159%
c e  9.50 55 19 25 74 12285 1 421053 37253 1.5 19 13 7 15 66% 103 7585 121 155%
c -  9.66 57 19 25 75 12288 1 429514 35967 1.5 19 13 7 15 66% 103 7585 121 155%
c -  9.81 57 19 25 76 12292 1 438175 36677 1.5 19 13 7 15 66% 103 7585 121 155%
c O  9.87 57 19 25 76 12295 1 441683 39562 1.5 19 13 7 15 66% 103 7585 121 155%
c -  9.96 57 19 25 77 12298 1 446892 37156 1.5 19 13 7 15 66% 103 7585 121 155%
c - 10.11 57 19 25 78 12300 1 455668 37059 1.5 19 13 7 15 66% 103 7585 121 155%
c ] 10.16 57 19 26 78 12300 1 458248 39233 1.5 19 13 7 15 66% 103 7585 121 155%
c { 10.16 57 14 26 78 12300 2 458248 39233 1.6 14 9 4 10 60% 103 7585 121 155%
c
c seconds   switched     rate          size/glue tier1    binary      remaining
c        MB   reductions   conflicts         size  tier2    irredundant
c         level    restarts       redundant    glue    trail      variables
c
c - 10.37 57 14 26 79 12891 2 464499 38092 1.6 15 9 4 10 60% 103 7585 121 155%
c u 10.55 57 14 26 79 13257 2 469670 42160 1.6 14 9 4 10 60% 103 7585 121 155%
c v 10.60 58 14 26 79 13257 2 469670 42016 1.6 14 9 4 10 60% 103 7585 121 155%
c w 10.61 58 14 26 79 13257 2 469670 41712 1.6 14 9 4 10 60% 103 7585 121 155%
c f 10.62 58 14 26 79 13257 2 469670 41712 1.6 14 9 4 10 60% 111 7524 124 159%
c u 10.66 63 14 26 79 13257 2 469670 41455 1.6 14 9 4 10 60% 111 7524 124 159%
c v 10.70 64 14 26 79 13257 2 469670 41368 1.6 14 9 4 10 60% 111 7524 124 159%
c w 10.72 64 14 26 79 13257 2 469670 41214 1.6 14 9 4 10 60% 111 7524 124 159%
c - 11.09 69 14 26 80 13717 2 473387 38969 1.6 14 9 4 10 60% 111 7524 124 159%
c o 11.31 69 14 26 80 14206 2 481629 45949 1.6 14 9 4 10 61% 112 7524 124 159%
c - 11.35 69 14 26 81 14347 2 482331 40256 1.5 15 9 4 10 61% 112 7524 124 159%
c - 11.61 69 14 26 82 15004 2 491334 41346 1.5 14 9 4 10 60% 112 7524 124 159%
c - 11.82 69 14 26 83 15282 2 500390 42033 1.5 14 9 4 10 60% 112 7524 124 159%
c } 11.82 69 14 27 83 15282 2 500468 42093 1.5 14 9 4 10 60% 112 7524 124 159%
c [ 11.82 69 19 27 83 15282 1 500468 42093 1.5 19 13 7 15 66% 112 7524 124 159%
c B 11.82 69 19 27 83 15282 1 500468 42093 1.5 19 13 7 15 66% 112 7524 124 159%
c - 11.97 69 19 27 84 15288 1 509500 41775 1.5 19 13 7 15 66% 112 7524 124 159%
c - 12.14 69 19 27 85 15293 1 518667 40939 1.5 19 13 6 15 66% 112 7524 124 159%
c - 12.32 69 19 27 86 15296 1 527886 41456 1.5 19 13 6 15 66% 112 7524 124 159%
c - 12.51 70 19 27 87 15299 1 537159 42669 1.5 19 13 6 15 66% 112 7524 124 159%
c
c seconds   switched     rate          size/glue  tier1    binary      remaining
c        MB   reductions   conflicts         size   tier2    irredundant
c         level    restarts       redundant     glue    trail      variables
c
c u 12.56 70 19 27 87 15300 1 538118 43273 1.5 19 13 6 15 66% 112 7524 124 159%
c v 12.60 70 19 27 87 15300 1 538118 43234 1.5 19 13 6 15 66% 112 7524 124 159%
c w 12.62 70 19 27 87 15300 1 538118 42795 1.5 19 13 6 15 66% 112 7524 124 159%
c x 12.64 70 19 27 87 15300 1 538118 42793 1.5 19 13 6 15 66% 112 7507 124 159%
c - 12.83 71 19 27 88 15304 1 546486 43992 1.5 19 13 6 15 66% 112 7507 124 159%
c - 13.04 71 18 27 89 15310 1 555866 45602 1.5 19 13 6 15 66% 112 7507 124 159%
c W 13.09 71 18 27 89 15310 1 558053 47289 1.5 19 13 6 15 66% 112 7507 124 159%
c ] 13.18 71 18 28 89 15311 1 563467 52102 1.5 19 13 6 15 66% 112 7507 124 159%
c { 13.18 71 14 28 89 15311 2 563467 52102 1.5 14 9 4 10 60% 112 7507 124 159%
c - 13.24 71 14 28 90 15331 2 565300 46491 1.5 14 9 4 10 60% 112 7507 124 159%
c - 13.51 71 14 28 91 15776 2 574787 46774 1.5 14 9 4 10 60% 112 7507 124 159%
c s 13.56 71 14 28 91 15901 2 576220 47970 1.5 14 9 4 10 60% 112 7499 124 159%
c e 13.56 71 14 28 91 15901 2 576220 47970 1.5 14 9 4 10 60% 111 7516 123 158%
c o 13.76 71 14 28 91 16440 2 581764 51338 1.5 14 9 4 10 60% 111 7516 123 158%
c - 13.86 71 14 28 92 16764 2 584326 46561 1.5 14 9 4 10 60% 111 7516 123 158%
c - 14.08 71 14 28 93 16897 2 593917 47488 1.5 14 9 4 10 60% 112 7516 123 158%
c - 14.38 71 14 28 94 17591 2 603563 48453 1.5 14 9 4 10 60% 112 7516 123 158%
c } 14.63 71 14 29 94 18105 2 611605 55408 1.5 14 9 4 10 60% 112 7516 123 158%
c [ 14.63 71 18 29 94 18105 1 611605 55408 1.5 19 13 6 15 66% 112 7516 123 158%
c u 14.70 71 18 29 94 18105 1 611759 55134 1.5 19 13 6 15 66% 112 7516 123 158%
c
c seconds   switched     rate          size/glue  tier1    binary      remaining
c        MB   reductions   conflicts         size   tier2    irredundant
c         level    restarts       redundant     glue    trail      variables
c
c v 14.77 71 18 29 94 18105 1 611759 54772 1.5 19 13 6 15 66% 112 7516 123 158%
c w 14.80 71 18 29 94 18105 1 611759 54727 1.5 19 13 6 15 66% 112 7516 123 158%
c - 14.84 71 18 29 95 18106 1 613258 49292 1.5 19 13 6 15 66% 112 7516 123 158%
c I 14.99 71 19 29 95 18111 1 620604 55480 1.5 19 13 6 15 66% 112 7516 123 158%
c - 15.05 71 18 29 96 18111 1 623004 49602 1.5 19 13 6 15 66% 112 7516 123 158%
c - 15.24 71 18 29 97 18118 1 632803 49883 1.5 18 12 6 15 66% 112 7516 123 158%
c - 15.44 71 18 29 98 18119 1 642652 50649 1.5 18 12 6 15 66% 112 7516 123 158%
c - 15.62 71 18 29 99 18125 1 652551 50973 1.5 18 12 6 15 66% 112 7516 123 158%
c - 15.81 71 17 29 100 18131 1 662500 50496 1.5 18 12 6 15 66% 112 7516 123 158%
c - 16.01 71 17 29 101 18134 1 672502 52242 1.5 18 12 6 15 65% 112 7516 123 158%
c - 16.23 71 17 29 102 18135 1 682552 52142 1.5 18 12 6 14 66% 112 7516 123 158%
c ] 16.27 71 17 30 102 18135 1 684609 53583 1.5 18 12 6 14 66% 112 7516 123 158%
c { 16.27 71 14 30 102 18135 2 684609 53583 1.5 14 9 4 10 60% 112 7516 123 158%
c u 16.51 71 14 30 102 18531 2 690623 57966 1.5 14 9 4 10 60% 112 7516 123 158%
c v 16.57 71 14 30 102 18531 2 690623 56953 1.5 14 9 4 10 60% 112 7516 123 158%
c w 16.59 71 14 30 102 18531 2 690623 54127 1.5 14 9 4 10 60% 112 7516 123 158%
c o 16.63 71 14 30 102 18570 2 691770 55138 1.5 14 9 4 10 60% 112 7516 123 158%
c - 16.66 71 14 30 103 18601 2 692652 49661 1.5 14 9 4 10 60% 112 7516 123 158%
c - 17.01 71 14 30 104 19350 2 702800 52566 1.5 14 9 4 10 60% 112 7516 123 158%
c - 17.28 71 14 30 105 19590 2 712998 53969 1.5 14 9 4 10 60% 113 7516 123 158%
c
c seconds   switched      rate          size/glue tier1    binary      remaining
c        MB   reductions    conflicts         size  tier2    irredundant
c         level     restarts       redundant    glue    trail      variables
c
c - 17.60 72 14 30 106 20218 2 723244 49198 1.5 14 9 3 10 60% 114 7516 123 158%
c - 17.90 72 14 30 107 20901 2 733542 47920 1.5 14 9 3 10 60% 114 7516 123 158%
c } 18.08 72 14 31 107 21434 2 739043 52663 1.5 14 9 3 10 60% 115 7516 123 158%
c [ 18.08 72 17 31 107 21434 1 739043 52663 1.5 18 12 6 14 66% 115 7516 123 158%
c B 18.08 72 17 31 107 21434 1 739043 52663 1.5 18 12 6 14 66% 115 7516 123 158%
c - 18.17 72 17 31 108 21437 1 743886 47100 1.5 18 12 6 14 66% 115 7516 123 158%
c - 18.35 72 17 31 109 21443 1 754278 45877 1.5 18 12 6 14 66% 115 7516 123 158%
c - 18.51 72 17 31 110 21448 1 764718 45139 1.5 18 12 6 14 66% 115 7516 123 158%
c u 18.76 72 17 31 110 21451 1 774784 52489 1.5 18 12 6 14 66% 116 7516 123 158%
c v 18.83 72 17 31 110 21451 1 774784 50615 1.5 18 12 6 14 66% 116 7516 123 158%
c w 18.86 72 17 31 110 21451 1 774784 46323 1.5 18 12 6 14 66% 116 7516 123 158%
c t 18.86 72 17 31 110 21451 1 774784 46323 1.5 18 12 6 14 66% 115 7516 123 158%
c - 18.88 72 17 31 111 21451 1 775206 40748 1.5 18 12 6 14 66% 115 7516 123 158%
c - 19.09 72 17 31 112 21457 1 785742 41331 1.5 18 12 6 14 66% 115 7516 123 158%
c - 19.32 72 18 31 113 21462 1 796326 40702 1.5 18 12 6 14 67% 115 7516 123 158%
c - 19.57 72 17 31 114 21464 1 806956 43596 1.5 19 12 6 14 67% 115 7516 123 158%
c W 19.68 72 17 31 114 21464 1 812021 47936 1.5 19 12 6 14 67% 115 7516 123 158%
c o 19.68 72 17 31 114 21464 1 812021 47936 1.5 19 12 6 14 67% 115 7516 123 158%
c - 19.77 75 18 31 115 21464 1 817633 46030 1.5 19 12 6 14 67% 115 7516 123 158%
c ] 19.96 75 18 32 115 21470 1 828028 54528 1.5 19 12 6 14 66% 115 7516 123 158%
c
c seconds   switched      rate          size/glue tier1    binary      remaining
c        MB   reductions    conflicts         size  tier2    irredundant
c         level     restarts       redundant    glue    trail      variables
c
c { 19.96 75 14 32 115 21470 2 828028 54528 1.5 14 9 3 10 60% 115 7516 123 158%
c - 19.98 76 14 32 116 21523 2 828356 46305 1.5 14 9 3 10 60% 115 7516 123 158%
c - 20.28 76 14 32 117 22059 2 839126 46588 1.5 14 9 3 10 60% 116 7516 123 158%
c - 20.62 76 14 32 118 22813 2 849942 48030 1.5 14 9 3 10 60% 116 7516 123 158%
c - 20.92 76 14 32 119 23241 2 860804 49299 1.6 14 9 3 10 60% 117 7516 123 158%
c u 21.10 76 14 32 119 23541 2 864297 51786 1.5 14 9 3 10 60% 118 7516 123 158%
c v 21.17 77 14 32 119 23541 2 864297 51597 1.5 14 9 3 10 60% 118 7516 123 158%
c w 21.20 77 14 32 119 23541 2 864297 51579 1.5 14 9 3 10 60% 118 7516 123 158%
c t 21.20 77 14 32 119 23541 2 864297 51579 1.5 14 9 3 10 60% 117 7516 123 158%
c - 21.43 77 14 32 120 23955 2 871712 49635 1.5 14 9 3 10 60% 118 7516 123 158%
c - 21.74 77 14 32 121 24445 2 882667 50640 1.6 14 9 3 10 60% 118 7516 123 158%
c } 21.93 77 14 33 121 24834 2 889132 56156 1.6 14 9 3 10 60% 118 7516 123 158%
c [ 21.93 77 18 33 121 24834 1 889132 56156 1.5 19 12 6 14 66% 118 7516 123 158%
c O 21.95 77 18 33 121 24835 1 890453 57286 1.5 19 12 6 14 66% 118 7516 123 158%
c - 22.02 77 18 33 122 24837 1 893670 50588 1.5 19 12 6 14 66% 118 7516 123 158%
c - 22.20 77 18 33 123 24843 1 904715 48212 1.5 19 13 6 14 66% 118 7516 123 158%
c - 22.40 77 18 33 124 24848 1 915805 46154 1.5 19 13 6 14 65% 118 7516 123 158%
c - 22.59 77 18 33 125 24852 1 926941 47300 1.5 19 13 6 14 64% 118 7516 123 158%
c - 22.77 77 18 33 126 24858 1 938121 47757 1.5 19 13 6 14 64% 118 7516 123 158%
c - 23.01 77 18 33 127 24863 1 949348 47390 1.5 19 13 6 14 64% 118 7516 123 158%
c
c seconds   switched      rate          size/glue  tier1    binary      remaining
c        MB   reductions    conflicts         size   tier2    irredundant
c         level     restarts       redundant     glue    trail      variables
c
c o 23.15 77 18 33 127 24864 1 955337 52533 1.5 19 13 6 14 65% 118 7516 123 158%
c u 23.28 77 18 33 127 24864 1 959226 55529 1.5 19 13 6 14 65% 120 7516 123 158%
c v 23.35 77 18 33 127 24864 1 959226 55192 1.5 19 13 6 14 65% 120 7516 123 158%
c w 23.38 77 18 33 127 24864 1 959226 54497 1.5 19 13 6 14 65% 120 7516 123 158%
c t 23.38 77 18 33 127 24864 1 959226 54497 1.5 19 13 6 14 65% 117 7516 123 158%
c - 23.41 77 18 33 128 24864 1 960617 46581 1.5 19 13 6 14 65% 117 7516 123 158%
c - 23.61 77 19 33 129 24865 1 971931 47030 1.5 19 13 6 14 65% 117 7516 123 158%
c B 23.65 77 18 33 129 24867 1 974491 49038 1.5 19 13 6 14 65% 117 7516 123 158%
c - 23.81 77 19 33 130 24871 1 983288 47745 1.5 19 13 6 14 65% 117 7516 123 158%
c ] 23.96 77 19 34 130 24876 1 990383 53919 1.5 19 13 6 14 65% 117 7516 123 158%
c { 23.96 77 14 34 130 24876 2 990383 53919 1.6 14 9 3 10 60% 117 7516 123 158%
c - 24.16 77 14 34 131 25462 2 994689 49593 1.6 14 9 3 10 60% 117 7516 123 158%
c - 24.54 77 14 34 132 25985 2 1006134 51375 1.6 14 9 3 10 60% 117 7516 123 158%
c - 25.00 77 14 34 133 26959 2 1017623 53100 1.6 15 9 3 10 60% 117 7516 123 158%
c - 25.48 77 14 34 134 28072 2 1029158 54122 1.6 15 9 3 10 61% 117 7516 123 158%
c - 25.94 77 14 34 135 28885 2 1040734 54819 1.6 15 9 3 10 61% 117 7516 123 158%
c - 26.38 77 14 34 136 29723 2 1052352 55168 1.6 15 9 3 10 61% 117 7516 123 158%
c } 26.65 77 14 35 136 30209 2 1058529 60470 1.6 15 9 3 10 61% 117 7516 123 158%
c [ 26.65 77 19 35 136 30209 1 1058529 60470 1.5 19 13 6 14 65% 117 7516 123 158%
c u 26.78 82 19 35 136 30210 1 1059634 60686 1.5 19 13 6 14 65% 122 7516 123 158%
c
c seconds   switched      rate           size/glue  tier1    binary      remaining
c        MB   reductions     conflicts         size   tier2    irredundant
c         level     restarts        redundant     glue    trail      variables
c
c v 26.89 83 19 35 136 30210 1 1059634 60116 1.5 19 13 6 14 65% 122 7516 123 158%
c w 26.93 83 19 35 136 30210 1 1059634 59961 1.5 19 13 6 14 65% 122 7516 123 158%
c t 27.58 102 19 35 136 30210 1 1059634 59961 1.5 19 13 6 14 65% 117 7516 123 158%
c - 27.68 102 19 35 137 30213 1 1064013 53890 1.5 19 13 6 14 65% 117 7516 123 158%
c W 27.69 102 19 35 137 30213 1 1064291 54130 1.5 19 13 6 14 65% 117 7516 123 158%
c - 27.92 102 19 35 138 30219 1 1075718 52770 1.5 19 13 5 14 65% 117 7516 123 158%
c - 28.13 102 18 35 139 30223 1 1087467 51143 1.5 19 13 5 14 65% 117 7516 123 158%
c - 28.33 102 18 35 140 30229 1 1099258 50825 1.5 19 13 5 14 66% 117 7516 123 158%
c - 28.53 102 18 35 141 30236 1 1111090 51221 1.5 19 13 5 14 66% 117 7516 123 158%
c - 28.74 102 18 35 142 30238 1 1122966 52089 1.5 19 13 5 14 66% 117 7516 123 158%
c - 28.97 102 18 35 143 30239 1 1134883 53862 1.5 19 13 5 14 65% 117 7516 123 158%
c - 29.18 102 18 35 144 30244 1 1146841 55229 1.5 19 13 5 14 65% 117 7516 123 158%
c - 29.40 102 18 35 145 30251 1 1158841 55605 1.5 19 13 5 14 65% 117 7516 123 158%
c I 29.42 102 18 35 145 30252 1 1160005 56478 1.5 19 13 5 14 65% 117 7516 123 158%
c o 29.42 102 18 35 145 30252 1 1160005 56478 1.5 19 13 5 14 65% 117 7516 123 158%
c u 29.57 102 18 35 145 30253 1 1165582 60594 1.5 18 13 5 14 65% 120 7516 123 158%
c v 29.62 102 18 35 145 30253 1 1165582 59343 1.5 18 13 5 14 65% 120 7516 123 158%
c w 29.64 102 18 35 145 30253 1 1165582 59331 1.5 18 13 5 14 65% 120 7516 123 158%
c x 29.67 102 18 35 145 30253 1 1165582 59320 1.5 18 13 5 14 65% 120 7417 123 158%
c t 29.67 102 18 35 145 30253 1 1165582 59320 1.5 18 13 5 14 65% 117 7417 123 158%
c
c seconds    switched      rate           size/glue  tier1    binary      remaining
c         MB   reductions     conflicts         size   tier2    irredundant
c          level     restarts        redundant     glue    trail      variables
c
c - 29.81 102 18 35 146 30254 1 1170882 54231 1.5 18 13 5 14 65% 117 7417 123 158%
c - 30.12 102 17 35 147 30261 1 1182967 53468 1.5 18 13 5 14 65% 117 7417 123 158%
c - 30.40 102 18 35 148 30268 1 1195091 53002 1.5 18 13 5 14 65% 117 7417 123 158%
c ] 30.66 102 18 36 148 30269 1 1205922 61913 1.5 19 13 5 14 65% 117 7417 123 158%
c { 30.66 102 14 36 148 30269 2 1205922 61913 1.6 15 9 3 10 61% 117 7417 123 158%
c - 30.71 102 14 36 149 30347 2 1207257 52697 1.6 15 9 3 10 61% 117 7417 123 158%
c - 31.06 102 14 36 150 30715 2 1219463 53829 1.6 15 9 3 10 61% 118 7417 123 158%
c s 31.36 102 14 36 150 31349 2 1228956 61694 1.6 15 9 3 10 61% 118 7400 123 158%
c - 31.49 102 14 36 151 31704 2 1231710 55645 1.6 15 9 3 10 61% 118 7400 123 158%
c - 31.87 102 14 36 152 32298 2 1243998 57047 1.6 15 9 3 10 61% 119 7400 123 158%
c - 32.29 102 14 36 153 33235 2 1256326 57516 1.6 15 9 3 10 61% 120 7400 123 158%
c - 32.72 102 14 36 154 33853 2 1268695 58401 1.6 15 9 3 10 61% 120 7400 123 158%
c u 33.03 102 14 36 154 33935 2 1277343 64017 1.6 15 9 3 10 61% 126 7400 123 158%
c v 33.14 102 14 36 154 33935 2 1277343 63660 1.6 15 9 3 10 61% 126 7400 123 158%
c w 33.18 102 14 36 154 33935 2 1277343 63575 1.6 15 9 3 10 61% 126 7400 123 158%
c t 33.18 102 14 36 154 33935 2 1277343 63575 1.6 15 9 3 10 61% 118 7400 123 158%
c - 33.32 102 14 36 155 34164 2 1281105 58226 1.6 15 9 3 10 61% 118 7400 123 158%
c } 33.33 102 14 37 155 34196 2 1281479 58559 1.6 15 9 3 10 61% 118 7400 123 158%
c [ 33.33 102 18 37 155 34196 1 1281479 58559 1.5 19 13 5 14 65% 118 7400 123 158%
c B 33.33 102 18 37 155 34196 1 1281479 58559 1.5 19 13 5 14 65% 118 7400 123 158%
c
c seconds    switched      rate           size/glue  tier1    binary      remaining
c         MB   reductions     conflicts         size   tier2    irredundant
c          level     restarts        redundant     glue    trail      variables
c
c - 33.60 102 18 37 156 34202 1 1293555 57356 1.5 19 13 5 14 65% 118 7400 123 158%
c - 33.86 103 18 37 157 34209 1 1306044 55424 1.5 19 13 5 14 65% 118 7400 123 158%
c - 34.13 103 18 37 158 34213 1 1318573 55980 1.5 19 13 5 14 66% 118 7400 123 158%
c - 34.39 103 18 37 159 34221 1 1331142 56559 1.5 19 13 5 14 65% 118 7400 123 158%
c - 34.67 103 18 37 160 34225 1 1343751 57516 1.5 19 13 5 14 65% 118 7400 123 158%
c - 34.97 103 17 37 161 34226 1 1356403 59124 1.5 18 12 5 14 65% 118 7400 123 158%
c - 35.30 103 17 37 162 34230 1 1369092 59198 1.5 18 12 5 14 65% 118 7400 123 158%
c - 35.60 103 18 37 163 34238 1 1381821 58379 1.5 19 12 5 14 65% 118 7400 123 158%
c o 35.67 103 18 37 163 34240 1 1384609 60656 1.5 19 12 5 14 65% 118 7400 123 158%
c W 35.78 103 18 37 163 34241 1 1389465 64663 1.5 19 13 5 14 65% 118 7400 123 158%
c ] 35.80 103 18 38 163 34241 1 1390680 65733 1.5 19 13 5 14 65% 118 7400 123 158%
c { 35.80 103 14 38 163 34241 2 1390680 65733 1.6 15 9 3 10 61% 118 7400 123 158%
c - 35.92 103 14 38 164 34249 2 1394589 57435 1.6 15 9 3 10 61% 118 7400 123 158%
c u 36.01 103 14 38 164 34249 2 1394780 57073 1.6 15 9 3 10 61% 121 7400 123 158%
c v 36.10 103 14 38 164 34249 2 1394780 56981 1.6 15 9 3 10 61% 121 7400 123 158%
c w 36.14 103 14 38 164 34249 2 1394780 56959 1.6 15 9 3 10 61% 121 7400 123 158%
c t 36.14 103 14 38 164 34249 2 1394780 56959 1.6 15 9 3 10 61% 118 7400 123 158%
c - 36.47 103 13 38 165 34259 2 1407396 59547 1.6 14 9 3 10 61% 118 7400 123 158%
c - 36.74 103 13 38 166 34260 2 1420242 62227 1.6 14 9 3 9 62% 118 7400 123 158%
c - 37.01 103 13 38 167 34261 2 1433128 62843 1.6 14 9 3 9 61% 119 7400 123 158%
c
c seconds    switched      rate           size/glue tier1   binary      remaining
c         MB   reductions     conflicts         size  tier2   irredundant
c          level     restarts        redundant    glue   trail      variables
c
c i 37.24 103 12 38 167 34261 1 1443863 70411 1.6 14 8 3 9 61% 129 7400 122 156%
c - 37.31 103 12 38 168 34282 1 1446050 48823 1.6 14 8 3 9 61% 115 7400 122 156%
c - 37.64 103 12 38 169 34308 1 1459011 54662 1.6 14 8 3 9 61% 115 7400 122 156%
c - 37.99 103 12 38 170 34344 1 1472013 61520 1.7 14 8 3 9 62% 115 7400 122 156%
c } 38.04 103 12 39 170 34361 1 1474014 63172 1.7 14 8 3 9 62% 115 7400 122 156%
c [ 38.04 103 18 39 170 34361 1 1474014 63172 1.5 19 13 5 14 65% 115 7400 122 156%
c - 38.30 103 18 39 171 34367 1 1485055 62649 1.5 18 12 5 14 65% 115 7400 122 156%
c - 38.63 103 17 39 172 34374 1 1498131 63436 1.5 18 12 5 14 65% 115 7400 122 156%
c O 38.76 103 17 39 172 34375 1 1503804 68395 1.5 18 12 5 14 65% 115 7400 122 156%
c - 38.94 103 17 39 173 34379 1 1511246 63743 1.5 18 12 5 14 66% 115 7400 122 156%
c e 39.01 103 17 39 173 34381 1 1514541 66581 1.5 18 12 5 14 66% 111 7418 121 155%
c u 39.20 103 17 39 173 34382 1 1517925 68032 1.5 18 12 5 14 66% 111 7418 121 155%
c v 39.30 103 17 39 173 34382 1 1517925 67769 1.5 18 12 5 14 66% 111 7418 121 155%
c w 39.34 103 17 39 173 34382 1 1517925 67476 1.5 18 12 5 14 66% 111 7418 121 155%
c f 39.35 103 17 39 173 34382 1 1517925 67476 1.5 18 12 5 14 66% 112 7397 122 156%
c u 39.42 104 17 39 173 34382 1 1517925 67322 1.5 18 12 5 14 66% 112 7397 122 156%
c v 39.50 104 17 39 173 34382 1 1517925 67131 1.5 18 12 5 14 66% 112 7397 122 156%
c w 39.53 104 17 39 173 34382 1 1517925 66936 1.5 18 12 5 14 66% 112 7397 122 156%
c x 39.57 104 17 39 173 34382 1 1517925 66931 1.5 18 12 5 14 66% 112 7378 122 156%
c - 39.75 104 17 39 174 34386 1 1524398 60736 1.5 18 12 5 14 66% 112 7378 122 156%
c
c seconds    switched      rate           size/glue  tier1    binary      remaining
c         MB   reductions     conflicts         size   tier2    irredundant
c          level     restarts        redundant     glue    trail      variables
c
c - 40.04 104 18 39 175 34390 1 1537590 60734 1.5 18 12 5 14 66% 112 7378 122 156%
c - 40.33 104 18 39 176 34391 1 1550819 61071 1.5 19 12 5 14 66% 112 7378 122 156%
c ] 40.60 104 17 40 176 34396 1 1562109 69860 1.5 18 12 5 14 66% 112 7378 122 156%
c { 40.60 104 12 40 176 34396 1 1562109 69860 1.7 14 8 3 9 62% 112 7378 122 156%
c o 40.61 104 12 40 176 34399 1 1562279 70003 1.7 14 8 3 9 62% 112 7378 122 156%
c - 40.71 104 12 40 177 34717 1 1564085 63469 1.7 14 8 3 9 62% 112 7378 122 156%
c - 41.36 104 12 40 178 36628 2 1577391 66487 1.6 14 8 3 9 62% 113 7378 122 156%
c - 41.95 104 13 40 179 38121 2 1590735 66699 1.6 14 9 3 9 61% 113 7378 122 156%
c - 42.57 104 13 40 180 39729 2 1604115 68005 1.6 14 9 3 9 61% 113 7378 122 156%
c - 43.13 105 13 40 181 40999 2 1617533 62818 1.6 14 9 2 9 61% 113 7378 122 156%
c - 43.61 105 13 40 182 41981 2 1630987 60899 1.6 14 9 2 9 61% 113 7378 122 156%
c - 44.06 105 13 40 183 42577 2 1644477 60431 1.6 14 9 2 9 61% 115 7378 122 156%
c u 44.28 105 13 40 183 42799 2 1646910 61423 1.6 14 9 2 9 61% 120 7378 122 156%
c v 44.42 105 13 40 183 42799 2 1646910 60936 1.6 14 9 2 9 61% 120 7378 122 156%
c w 44.47 105 13 40 183 42799 2 1646910 60754 1.6 14 9 2 9 61% 120 7378 122 156%
c t 44.48 105 13 40 183 42799 2 1646910 60754 1.6 14 9 2 9 61% 114 7378 122 156%
c } 44.71 105 13 41 183 43355 2 1653581 66531 1.6 14 9 2 9 61% 114 7378 122 156%
c [ 44.71 105 17 41 183 43355 1 1653581 66531 1.5 18 12 5 14 66% 114 7378 122 156%
c B 44.71 105 17 41 183 43355 1 1653581 66531 1.5 18 12 5 14 66% 114 7378 122 156%
c - 44.80 105 17 41 184 43358 1 1658005 58697 1.5 18 12 5 14 66% 114 7378 122 156%
c
c seconds    switched      rate           size/glue  tier1    binary      remaining
c         MB   reductions     conflicts         size   tier2    irredundant
c          level     restarts        redundant     glue    trail      variables
c
c - 45.07 105 17 41 185 43366 1 1671569 57912 1.5 18 12 5 14 65% 114 7378 122 156%
c - 45.34 105 17 41 186 43369 1 1685170 55885 1.5 18 12 5 14 65% 114 7378 122 156%
c - 45.61 105 17 41 187 43376 1 1698809 55540 1.5 18 12 5 14 65% 114 7378 122 156%
c - 45.88 105 17 41 188 43384 1 1712483 55351 1.5 18 12 5 14 65% 114 7378 122 156%
c - 46.20 105 17 41 189 43385 1 1726195 54926 1.5 18 12 5 14 64% 114 7378 122 156%
c - 46.46 105 16 41 190 43388 1 1739943 56666 1.5 18 12 5 14 64% 114 7378 122 156%
c - 46.73 105 17 41 191 43397 1 1753727 56576 1.5 18 12 5 14 64% 114 7378 122 156%
c - 47.02 105 17 41 192 43400 1 1767548 54001 1.5 18 12 5 14 64% 114 7378 122 156%
c W 47.32 105 17 41 192 43407 1 1781049 64825 1.5 18 12 5 14 65% 114 7378 122 156%
c o 47.32 105 17 41 192 43407 1 1781049 64825 1.5 18 12 5 14 65% 114 7378 122 156%
c - 47.33 105 17 41 193 43407 1 1781405 53306 1.5 18 12 5 14 65% 114 7378 122 156%
c u 47.42 105 17 41 193 43408 1 1781655 52842 1.5 18 12 5 14 65% 118 7378 122 156%
c v 47.52 105 17 41 193 43408 1 1781655 52711 1.5 18 12 5 14 65% 118 7378 122 156%
c w 47.56 105 17 41 193 43408 1 1781655 50871 1.5 18 12 5 14 65% 118 7378 122 156%
c t 47.56 105 17 41 193 43408 1 1781655 50871 1.5 18 12 5 14 65% 114 7378 122 156%
c - 47.80 105 17 41 194 43415 1 1795297 51640 1.5 18 12 5 14 65% 114 7378 122 156%
c - 48.09 105 18 41 195 43416 1 1809226 50118 1.5 19 12 5 14 65% 114 7378 122 156%
c - 48.40 105 18 41 196 43417 1 1823190 52412 1.5 19 12 5 14 65% 114 7378 122 156%
c s 48.68 105 17 41 196 43417 1 1836260 62761 1.5 19 12 5 14 65% 114 7372 122 156%
c e 48.69 105 17 41 196 43417 1 1836260 62761 1.5 19 12 5 14 65% 111 7390 121 155%
c
c seconds    switched      rate           size/glue  tier1    binary      remaining
c         MB   reductions     conflicts         size   tier2    irredundant
c          level     restarts        redundant     glue    trail      variables
c
c - 48.72 105 17 41 197 43417 1 1837190 52348 1.5 19 12 5 14 65% 111 7390 121 155%
c ] 48.87 105 17 42 197 43417 1 1844697 58517 1.5 19 12 5 14 65% 111 7390 121 155%
c { 48.87 105 13 42 197 43417 2 1844697 58517 1.6 14 9 2 9 61% 111 7390 121 155%
c - 49.06 105 13 42 198 43780 2 1851227 54844 1.6 14 9 2 9 61% 112 7390 121 155%
c - 49.43 105 13 42 199 44339 2 1865298 55788 1.6 14 9 2 9 60% 113 7390 121 155%
c - 49.91 105 13 42 200 45629 2 1879405 56302 1.6 14 9 2 9 61% 113 7390 121 155%
c - 50.38 105 13 42 201 46714 2 1893547 57510 1.6 14 9 2 9 61% 113 7390 121 155%
c - 50.87 105 13 42 202 47864 2 1907724 58612 1.5 14 9 2 9 61% 114 7390 121 155%
c - 51.37 105 14 42 203 48979 2 1921936 59520 1.6 14 9 2 9 61% 114 7390 121 155%
c u 51.49 110 14 42 203 49006 2 1922263 58929 1.6 14 9 2 9 61% 122 7390 121 155%
c v 51.61 111 14 42 203 49006 2 1922263 58620 1.6 14 9 2 9 61% 122 7390 121 155%
c w 51.66 111 14 42 203 49006 2 1922263 58605 1.6 14 9 2 9 61% 122 7390 121 155%
c t 52.36 113 14 42 203 49006 2 1922263 58605 1.6 14 9 2 9 61% 114 7390 121 155%
c f 52.36 113 14 42 203 49006 2 1922263 58605 1.6 14 9 2 9 61% 116 7371 122 156%
c u 52.47 113 14 42 203 49006 2 1922263 57766 1.6 14 9 2 9 61% 120 7371 122 156%
c v 52.59 113 14 42 203 49006 2 1922263 57565 1.6 14 9 2 9 61% 120 7371 122 156%
c w 52.63 113 14 42 203 49006 2 1922263 57519 1.6 14 9 2 9 61% 120 7371 122 156%
c t 52.63 113 14 42 203 49006 2 1922263 57519 1.6 14 9 2 9 61% 116 7371 122 156%
c - 53.11 114 14 42 204 50166 2 1936185 58119 1.5 14 9 2 9 61% 116 7371 122 156%
c } 53.40 114 14 43 204 50798 2 1944670 65449 1.6 14 9 2 9 61% 116 7371 122 156%
c
c seconds    switched      rate           size/glue  tier1    binary      remaining
c         MB   reductions     conflicts         size   tier2    irredundant
c          level     restarts        redundant     glue    trail      variables
c
c [ 53.40 114 17 43 204 50798 1 1944670 65449 1.5 19 12 5 14 65% 116 7371 122 156%
c I 53.40 114 17 43 204 50798 1 1944670 65449 1.5 19 12 5 14 65% 116 7371 122 156%
c - 53.53 114 17 43 205 50802 1 1950467 58456 1.5 19 12 5 14 65% 116 7371 122 156%
c - 53.79 114 17 43 206 50810 1 1964784 57917 1.5 18 12 5 14 64% 116 7371 122 156%
c - 54.08 114 17 43 207 50814 1 1979136 57789 1.5 18 12 5 14 63% 116 7371 122 156%
c - 54.36 114 16 43 208 50822 1 1993524 58842 1.5 18 12 5 14 62% 116 7371 122 156%
c - 54.65 114 16 43 209 50827 1 2007947 60484 1.5 17 11 5 14 61% 116 7371 122 156%
c - 54.95 114 15 43 210 50828 1 2022404 59762 1.5 17 11 5 13 60% 116 7371 122 156%
c - 55.21 114 15 43 211 50835 1 2036895 60147 1.5 16 11 5 13 60% 117 7371 122 156%
c - 55.48 114 15 43 212 50842 1 2051422 57900 1.5 17 11 5 13 61% 117 7371 122 156%
c - 55.78 114 15 43 213 50848 1 2065984 54982 1.5 17 11 5 13 61% 117 7371 122 156%
c u 55.91 114 15 43 213 50850 1 2068778 56678 1.5 17 11 5 13 61% 125 7371 122 156%
c v 55.99 114 15 43 213 50850 1 2068778 56142 1.5 17 11 5 13 61% 125 7371 122 156%
c w 56.02 114 15 43 213 50850 1 2068778 55421 1.5 17 11 5 13 61% 125 7371 122 156%
c x 56.07 114 15 43 213 50850 1 2068778 55414 1.5 17 11 5 13 61% 125 7357 122 156%
c t 56.07 114 15 43 213 50850 1 2068778 55414 1.5 17 11 5 13 61% 117 7357 122 156%
c o 56.07 114 15 43 213 50850 1 2068778 55414 1.5 17 11 5 13 61% 117 7357 122 156%
c - 56.28 114 16 43 214 50856 1 2080578 53319 1.5 17 11 5 13 61% 117 7357 122 156%
c B 56.37 114 16 43 214 50858 1 2085817 57485 1.5 17 11 5 13 61% 117 7357 122 156%
c - 56.57 114 16 43 215 50859 1 2095208 53182 1.5 17 11 5 13 62% 117 7357 122 156%
c
c seconds    switched      rate           size/glue  tier1    binary      remaining
c         MB   reductions     conflicts         size   tier2    irredundant
c          level     restarts        redundant     glue    trail      variables
c
c - 56.87 114 16 43 216 50859 1 2109872 53275 1.5 17 11 5 13 62% 117 7357 122 156%
c ] 57.04 114 16 44 216 50860 1 2117862 59836 1.5 17 11 5 13 63% 117 7357 122 156%
c { 57.04 114 14 44 216 50860 2 2117862 59836 1.6 14 9 2 9 61% 117 7357 122 156%
c - 57.30 114 14 44 217 51613 2 2124568 53001 1.5 14 9 2 9 61% 117 7357 122 156%
c - 57.71 114 14 44 218 52140 2 2139299 55665 1.6 14 9 2 9 61% 117 7357 122 156%
c - 58.09 114 13 44 219 52636 2 2154063 57660 1.6 14 9 2 9 61% 119 7357 122 156%
c i 58.22 114 13 44 219 52636 2 2160158 61807 1.6 14 9 2 9 61% 130 7357 121 155%
c - 58.50 114 13 44 220 53367 2 2168862 51910 1.6 14 9 2 9 61% 113 7357 121 155%
c - 58.93 114 13 44 221 54085 2 2183694 55046 1.6 14 9 2 9 61% 114 7357 121 155%
c s 59.30 114 13 44 221 54972 2 2195711 64882 1.6 14 9 2 9 61% 114 7356 121 155%
c e 59.30 114 13 44 221 54972 2 2195711 64882 1.6 14 9 2 9 61% 111 7388 119 153%
c - 59.40 114 13 44 222 55117 2 2198560 55864 1.6 14 9 2 9 61% 111 7388 119 153%
c - 59.89 114 13 44 223 56238 2 2213462 58142 1.6 14 9 2 9 61% 111 7388 119 153%
c u 60.26 114 13 44 223 56708 2 2221255 63746 1.6 14 9 2 9 62% 117 7388 119 153%
c v 60.39 114 13 44 223 56708 2 2221255 63470 1.6 14 9 2 9 62% 117 7388 119 153%
c w 60.43 114 13 44 223 56708 2 2221255 63432 1.6 14 9 2 9 62% 117 7388 119 153%
c t 60.44 114 13 44 223 56708 2 2221255 63432 1.6 14 9 2 9 62% 110 7388 119 153%
c f 60.44 114 13 44 223 56708 2 2221255 63432 1.6 14 9 2 9 62% 111 7366 120 154%
c u 60.56 119 13 44 223 56708 2 2221255 62411 1.6 14 9 2 9 62% 116 7366 120 154%
c v 60.69 120 13 44 223 56708 2 2221255 62102 1.6 14 9 2 9 62% 116 7366 120 154%
c
c seconds    switched      rate           size/glue tier1   binary      remaining
c         MB   reductions     conflicts         size  tier2   irredundant
c          level     restarts        redundant    glue   trail      variables
c
c w 60.73 120 13 44 223 56708 2 2221255 62013 1.6 14 9 2 9 62% 116 7366 120 154%
c t 60.74 120 13 44 223 56708 2 2221255 62013 1.6 14 9 2 9 62% 111 7366 120 154%
c } 60.94 120 13 45 223 57231 2 2226694 66642 1.6 14 9 2 9 62% 111 7366 120 154%
c [ 60.94 120 16 45 223 57231 1 2226694 66642 1.5 17 11 5 13 63% 111 7366 120 154%
c - 60.99 120 16 45 224 57232 1 2228395 57876 1.5 17 11 4 13 63% 111 7366 120 154%
c W 61.12 120 16 45 224 57236 1 2234008 62502 1.5 17 11 4 13 63% 111 7366 120 154%
c - 61.30 120 16 45 225 57241 1 2243361 57090 1.5 18 11 4 13 63% 111 7366 120 154%
c - 61.59 120 17 45 226 57245 1 2258361 54856 1.5 18 12 4 13 64% 111 7366 120 154%
c - 61.89 120 17 45 227 57254 1 2273395 55961 1.5 18 11 4 13 63% 111 7366 120 154%
c - 62.18 120 16 45 228 57260 1 2288461 58480 1.5 17 11 4 13 62% 111 7366 120 154%
c - 62.43 120 17 45 229 57261 1 2303561 56273 1.5 18 12 4 13 63% 111 7366 120 154%
c - 62.74 120 17 45 230 57268 1 2318693 51952 1.5 18 12 4 13 63% 111 7366 120 154%
c - 63.07 120 17 45 231 57275 1 2333859 52884 1.5 18 12 4 13 64% 111 7366 120 154%
c - 63.38 120 17 45 232 57282 1 2349057 54339 1.5 18 12 4 13 64% 111 7366 120 154%
c o 63.68 120 17 45 232 57290 1 2363144 65599 1.5 18 12 4 13 64% 111 7366 120 154%
c - 63.71 120 17 45 233 57290 1 2364289 56297 1.5 18 12 4 13 64% 111 7366 120 154%
c - 64.01 120 17 45 234 57292 1 2379554 56313 1.5 18 12 4 13 64% 111 7366 120 154%
c u 64.11 120 17 45 234 57292 1 2379679 55680 1.5 18 12 4 13 64% 119 7366 120 154%
c v 64.21 120 17 45 234 57292 1 2379679 55257 1.5 18 12 4 13 64% 119 7366 120 154%
c w 64.25 120 17 45 234 57292 1 2379679 54672 1.5 18 12 4 13 64% 119 7366 120 154%
c
c seconds    switched      rate           size/glue  tier1    binary      remaining
c         MB   reductions     conflicts         size   tier2    irredundant
c          level     restarts        redundant     glue    trail      variables
c
c t 64.25 120 17 45 234 57292 1 2379679 54672 1.5 18 12 4 13 64% 111 7366 120 154%
c O 64.44 120 17 45 234 57292 1 2389369 62928 1.5 18 12 4 13 64% 111 7366 120 154%
c ] 64.50 120 17 46 234 57293 1 2392200 65494 1.5 18 12 4 13 64% 111 7366 120 154%
c { 64.50 120 13 46 234 57293 2 2392200 65494 1.6 14 9 2 9 62% 111 7366 120 154%
c - 64.59 120 13 46 235 57411 2 2394852 53020 1.6 14 9 2 9 62% 111 7366 120 154%
c - 64.98 120 13 46 236 57771 2 2410183 56155 1.6 14 9 2 9 61% 112 7366 120 154%
c - 65.45 120 13 46 237 58808 2 2425545 58395 1.6 14 9 2 9 61% 113 7366 120 154%
c - 65.83 120 13 46 238 59239 2 2440942 59427 1.6 14 9 2 9 61% 116 7366 120 154%
c i 66.19 120 13 46 238 59896 2 2454226 69825 1.6 14 9 2 9 61% 118 7366 119 153%
c - 66.28 120 13 46 239 60241 2 2456371 56216 1.6 14 9 2 9 61% 110 7366 119 153%
c - 66.80 120 13 46 240 61678 2 2471832 57743 1.6 14 9 2 9 61% 110 7366 119 153%
c - 67.22 120 13 46 241 62218 2 2487324 60617 1.6 14 9 2 9 61% 113 7366 119 153%
c i 67.35 120 13 46 241 62414 2 2492012 64032 1.6 14 9 2 9 61% 126 7366 118 151%
c i 67.50 120 13 46 241 62625 2 2498433 68371 1.6 13 9 2 9 61% 139 7366 117 150%
c - 67.63 120 12 46 242 62904 2 2502848 52572 1.6 13 9 2 9 61% 102 7366 117 150%
c i 67.64 120 12 46 242 62904 2 2503344 52833 1.6 13 8 2 9 61% 110 7366 116 149%
c } 67.84 120 13 47 242 63442 2 2510244 58547 1.6 13 9 2 9 61% 110 7366 116 149%
c [ 67.84 120 17 47 242 63442 1 2510244 58547 1.5 18 12 4 13 64% 110 7366 116 149%
c - 68.03 120 17 47 243 63447 1 2518404 53947 1.5 18 12 4 13 64%  98 7366 116 149%
c - 68.36 120 17 47 244 63455 1 2533992 58283 1.5 18 12 4 13 64%  98 7366 116 149%
c
c seconds    switched      rate           size/glue  tier1    binary      remaining
c         MB   reductions     conflicts         size   tier2    irredundant
c          level     restarts        redundant     glue    trail      variables
c
c u 68.74 120 17 47 244 63457 1 2544121 64849 1.5 18 12 4 13 64% 105 7366 116 149%
c v 68.90 120 17 47 244 63457 1 2544121 63680 1.5 18 12 4 13 64% 105 7366 116 149%
c w 68.96 120 17 47 244 63457 1 2544121 61702 1.5 18 12 4 13 64% 105 7366 116 149%
c t 68.96 120 17 47 244 63457 1 2544121 61702 1.5 18 12 4 13 64%  98 7366 116 149%
c - 69.07 120 17 47 245 63462 1 2549617 54499 1.5 18 12 4 13 64%  98 7366 116 149%
c B 69.12 120 17 47 245 63463 1 2552033 56422 1.5 18 12 4 13 64%  98 7366 116 149%
c - 69.39 120 17 47 246 63470 1 2565269 55712 1.5 18 12 4 13 65%  98 7366 116 149%
c - 69.72 120 17 47 247 63472 1 2580953 55923 1.5 18 12 4 13 65%  98 7366 116 149%
c o 69.97 120 17 47 247 63473 1 2593046 65691 1.5 18 12 4 13 65%  98 7366 116 149%
c s 69.99 120 17 47 247 63473 1 2594059 66589 1.5 18 12 4 13 65%  98 7335 116 149%
c - 70.06 120 17 47 248 63475 1 2596669 57432 1.5 18 12 4 13 65%  98 7335 116 149%
c - 70.42 120 18 47 249 63485 1 2612418 56423 1.5 19 12 4 13 66%  98 7335 116 149%
c - 70.80 120 18 47 250 63490 1 2628197 54305 1.5 19 12 4 13 66%  98 7335 116 149%
c - 71.13 120 18 47 251 63499 1 2644009 56472 1.5 19 12 4 13 66%  98 7335 116 149%
c - 71.43 120 18 47 252 63503 1 2659855 57059 1.5 19 12 4 13 65%  98 7335 116 149%
c ] 71.57 120 18 48 252 63503 1 2667147 62806 1.5 19 12 4 13 65%  98 7335 116 149%
c { 71.57 120 13 48 252 63503 2 2667147 62806 1.6 13 9 2 9 61%  98 7335 116 149%
c - 71.90 120 13 48 253 64349 2 2675733 58981 1.6 13 9 2 9 61%  98 7335 116 149%
c - 72.44 120 13 48 254 65544 2 2691638 62244 1.6 14 9 2 9 61%  98 7335 116 149%
c - 73.00 120 13 48 255 66649 2 2707575 63457 1.6 14 9 2 9 61%  98 7335 116 149%
c
c seconds    switched      rate           size/glue tier1   binary      remaining
c         MB   reductions     conflicts         size  tier2   irredundant
c          level     restarts        redundant    glue   trail      variables
c
c u 73.36 120 13 48 255 67200 2 2714655 67972 1.6 14 9 2 9 61% 106 7335 116 149%
c v 73.49 120 13 48 255 67200 2 2714655 67452 1.6 14 9 2 9 61% 106 7335 116 149%
c w 73.54 120 13 48 255 67200 2 2714655 67407 1.6 14 9 2 9 61% 106 7335 116 149%
c t 73.54 120 13 48 255 67200 2 2714655 67407 1.6 14 9 2 9 61%  98 7335 116 149%
c - 73.87 120 13 48 256 67985 2 2723543 63295 1.6 14 9 2 9 61%  98 7335 116 149%
c - 74.41 120 13 48 257 69039 2 2739547 64685 1.6 14 9 2 9 60%  98 7335 116 149%
c - 74.93 120 13 48 258 70132 2 2755578 65726 1.6 14 9 2 9 60%  98 7335 116 149%
c - 75.50 120 13 48 259 71444 2 2771640 66539 1.6 14 9 2 9 60%  98 7335 116 149%
c - 76.02 120 13 48 260 72486 2 2787737 67685 1.6 14 9 2 9 60%  98 7335 116 149%
c } 76.25 120 13 49 260 72932 2 2794757 73450 1.6 14 9 2 9 60%  99 7335 116 149%
c [ 76.25 120 18 49 260 72932 1 2794757 73450 1.5 19 12 4 13 65%  99 7335 116 149%
c W 76.27 120 18 49 260 72932 1 2794757 73450 1.5 19 12 4 13 65%  99 7335 116 149%
c - 76.48 120 18 49 261 72938 1 2803861 66659 1.5 19 12 4 13 65%  99 7335 116 149%
c - 76.79 121 18 49 262 72946 1 2820018 63868 1.5 19 12 4 13 65%  99 7335 116 149%
c o 76.95 121 18 49 262 72948 1 2828867 71370 1.5 19 12 4 13 65%  99 7335 116 149%
c - 77.11 121 18 49 263 72952 1 2836205 60491 1.5 19 13 4 13 65%  99 7335 116 149%
c - 77.48 121 18 49 264 72960 1 2852422 58435 1.5 19 13 4 13 65%  99 7335 116 149%
c - 77.84 121 19 49 265 72962 1 2868670 59579 1.5 19 13 4 13 66%  99 7335 116 149%
c - 78.22 121 18 49 266 72968 1 2884948 60946 1.5 19 13 4 13 65%  99 7335 116 149%
c u 78.46 121 18 49 266 72971 1 2891405 65349 1.5 19 13 4 13 65% 103 7335 116 149%
c
c seconds    switched      rate           size/glue  tier1    binary      remaining
c         MB   reductions     conflicts         size   tier2    irredundant
c          level     restarts        redundant     glue    trail      variables
c
c v 78.58 121 18 49 266 72971 1 2891405 65227 1.5 19 13 4 13 65% 103 7335 116 149%
c w 78.62 121 18 49 266 72971 1 2891405 63242 1.5 19 13 4 13 65% 103 7335 116 149%
c x 78.69 121 18 49 266 72971 1 2891405 63212 1.5 19 13 4 13 65% 103 7299 116 149%
c t 78.69 121 18 49 266 72971 1 2891405 63212 1.5 19 13 4 13 65%  99 7299 116 149%
c - 78.93 121 18 49 267 72976 1 2901257 60120 1.5 19 13 4 13 65%  99 7299 116 149%
c - 79.30 121 18 49 268 72983 1 2917597 60597 1.5 19 13 4 13 65%  99 7299 116 149%
c - 79.70 121 18 49 269 72991 1 2933971 63188 1.5 19 12 4 13 65%  99 7299 116 149%
c - 80.09 121 17 49 270 72993 1 2950373 64661 1.5 19 12 4 13 65%  99 7299 116 149%
c - 80.51 121 17 49 271 72994 1 2966807 64101 1.5 19 12 4 13 65%  99 7299 116 149%
c I 80.64 121 17 49 271 72994 1 2972409 68394 1.5 18 12 4 13 65%  99 7299 116 149%
c - 80.90 121 17 49 272 72994 1 2983270 63844 1.5 18 12 4 13 65%  99 7299 116 149%
c ] 81.02 121 17 50 272 72994 1 2988616 68097 1.5 18 12 4 13 65%  99 7299 116 149%
c { 81.02 121 13 50 272 72994 2 2988616 68097 1.6 14 9 2 9 60%  99 7299 116 149%
c - 81.48 121 13 50 273 73945 2 2999763 66356 1.6 14 9 2 9 61%  99 7299 116 149%
c - 82.23 121 14 50 274 75537 2 3016286 67296 1.6 14 9 2 9 61%  99 7299 116 149%
c - 82.95 121 14 50 275 76898 2 3032839 68212 1.6 15 9 2 9 61%  99 7299 116 149%
c s 82.97 121 14 50 275 76901 2 3033074 68374 1.6 15 9 2 9 61%  99 7279 116 149%
c e 82.97 121 14 50 275 76901 2 3033074 68374 1.6 15 9 2 9 61%  97 7293 115 147%
c o 83.63 121 14 50 275 77878 2 3048869 79875 1.6 15 9 2 9 61%  97 7293 115 147%
c - 83.67 121 14 50 276 77946 2 3049422 68430 1.6 15 9 2 9 62%  97 7293 115 147%
c
c seconds    switched      rate           size/glue tier1   binary      remaining
c         MB   reductions     conflicts         size  tier2   irredundant
c          level     restarts        redundant    glue   trail      variables
c
c - 84.39 121 14 50 277 79074 2 3066036 69800 1.6 15 9 2 9 62%  98 7293 115 147%
c u 84.92 127 14 50 277 79690 2 3074395 75209 1.6 15 9 2 9 62% 108 7293 115 147%
c v 85.12 128 14 50 277 79690 2 3074395 74589 1.6 15 9 2 9 62% 108 7293 115 147%
c w 85.19 128 14 50 277 79690 2 3074395 74434 1.6 15 9 2 9 62% 108 7293 115 147%
c t 86.35 133 14 50 277 79690 2 3074395 74434 1.6 15 9 2 9 62%  98 7293 115 147%
c f 86.35 133 14 50 277 79690 2 3074395 74434 1.6 15 9 2 9 62% 101 7273 116 149%
c u 86.53 133 14 50 277 79690 2 3074395 72996 1.6 15 9 2 9 62% 110 7273 116 149%
c v 86.73 133 14 50 277 79690 2 3074395 72447 1.6 15 9 2 9 62% 110 7273 116 149%
c w 86.80 133 14 50 277 79690 2 3074395 72065 1.6 15 9 2 9 62% 110 7273 116 149%
c t 86.81 133 14 50 277 79690 2 3074395 72065 1.6 15 9 2 9 62% 101 7273 116 149%
c - 87.15 133 14 50 278 79992 2 3082681 66934 1.6 15 9 2 9 61% 101 7273 116 149%
c - 87.87 133 14 50 279 81081 2 3099354 68723 1.6 15 9 2 9 62% 101 7273 116 149%
c - 88.59 133 14 50 280 82096 2 3116057 69951 1.6 15 9 2 9 62% 101 7273 116 149%
c } 88.99 133 14 51 280 82437 2 3126141 77904 1.6 15 9 2 9 62% 101 7273 116 149%
c [ 88.99 133 17 51 280 82437 1 3126141 77904 1.5 18 12 4 13 65% 101 7273 116 149%
c - 89.21 133 17 51 281 82442 1 3132792 70553 1.5 18 12 4 13 65% 101 7273 116 149%
c - 89.67 133 16 51 282 82450 1 3149555 69331 1.5 18 12 4 13 64% 101 7273 116 149%
c B 89.87 133 16 51 282 82451 1 3157743 75666 1.5 18 11 4 13 64% 101 7273 116 149%
c - 90.09 133 16 51 283 82457 1 3166348 68811 1.5 18 11 4 13 64% 101 7273 116 149%
c - 90.49 133 16 51 284 82465 1 3183171 68535 1.5 18 11 4 13 64% 101 7273 116 149%
c
c seconds    switched      rate           size/glue  tier1    binary      remaining
c         MB   reductions     conflicts         size   tier2    irredundant
c          level     restarts        redundant     glue    trail      variables
c
c - 90.87 133 16 51 285 82467 1 3200023 67325 1.5 18 12 4 13 64% 101 7273 116 149%
c - 91.28 133 16 51 286 82473 1 3216906 67416 1.5 18 11 4 13 65% 101 7273 116 149%
c - 91.70 133 16 51 287 82482 1 3233817 68701 1.5 18 11 4 13 65% 101 7273 116 149%
c - 92.16 133 16 51 288 82489 1 3250760 70374 1.6 18 11 4 13 65% 101 7273 116 149%
c u 92.63 133 16 51 288 82496 1 3263652 78760 1.6 17 11 4 13 65% 115 7273 116 149%
c v 92.84 133 16 51 288 82496 1 3263652 74551 1.6 17 11 4 13 65% 115 7273 116 149%
c w 92.91 133 16 51 288 82496 1 3263652 67889 1.6 17 11 4 13 65% 115 7273 116 149%
c t 92.92 133 16 51 288 82496 1 3263652 67889 1.6 17 11 4 13 65% 102 7273 116 149%
c - 93.01 133 16 51 289 82497 1 3267730 61234 1.6 18 11 4 13 65% 102 7273 116 149%
c - 93.37 133 16 51 290 82498 1 3284732 63403 1.6 18 11 4 13 65% 102 7273 116 149%
c - 93.77 133 16 51 291 82499 1 3301763 65353 1.6 18 11 4 13 65% 102 7273 116 149%
c - 94.18 133 16 51 292 82499 1 3318821 67724 1.6 18 11 4 13 65% 102 7273 116 149%
c o 94.41 133 16 51 292 82503 1 3328561 75455 1.6 18 11 4 13 65% 102 7273 116 149%
c - 94.60 133 16 51 293 82506 1 3335909 68084 1.6 18 12 4 13 64% 102 7273 116 149%
c W 94.98 135 16 51 293 82514 1 3350884 79549 1.6 18 11 4 13 64% 102 7273 116 149%
c - 95.04 135 16 51 294 82514 1 3353026 68936 1.6 18 11 4 13 64% 102 7273 116 149%
c - 95.46 135 16 51 295 82522 1 3370172 70465 1.6 18 11 4 13 63% 102 7273 116 149%
c ] 95.77 135 15 52 295 82529 1 3382458 79626 1.6 17 11 4 13 63% 102 7273 116 149%
c { 95.77 135 14 52 295 82529 2 3382458 79626 1.6 15 9 2 9 62% 102 7273 116 149%
c - 95.90 135 14 52 296 82584 2 3387347 72213 1.6 15 9 2 9 62% 102 7273 116 149%
c
c seconds    switched      rate           size/glue tier1   binary      remaining
c         MB   reductions     conflicts         size  tier2   irredundant
c          level     restarts        redundant    glue   trail      variables
c
c - 96.49 135 14 52 297 83223 2 3404552 74322 1.6 15 9 2 9 62% 102 7273 116 149%
c - 97.04 135 14 52 298 83700 2 3421785 72961 1.6 15 9 2 9 61% 102 7273 116 149%
c - 97.63 135 14 52 299 84479 2 3439049 73483 1.6 15 9 2 9 61% 102 7273 116 149%
c - 98.22 135 13 52 300 85397 2 3456342 73629 1.6 15 9 2 9 61% 104 7273 116 149%
c u 98.46 135 13 52 300 85482 2 3459091 74794 1.6 15 9 2 9 61% 105 7273 116 149%
c v 98.63 135 13 52 300 85482 2 3459091 74462 1.6 15 9 2 9 61% 107 7273 116 149%
c w 98.69 135 13 52 300 85482 2 3459091 74394 1.6 15 9 2 9 61% 107 7273 116 149%
c t 98.70 135 13 52 300 85482 2 3459091 74394 1.6 15 9 2 9 61% 104 7273 116 149%
c - 99.16 136 13 52 301 85901 2 3473662 73164 1.6 14 9 2 9 61% 104 7273 116 149%
c - 99.69 136 13 52 302 86501 1 3491013 74375 1.6 14 9 2 9 61% 105 7273 116 149%
c - 100.34 136 13 52 303 87959 2 3508391 74650 1.6 14 9 2 9 61% 107 7273 116 149%
c s 100.52 136 13 52 303 88198 2 3513852 79214 1.6 14 9 2 9 61% 107 7263 116 149%
c s 100.52 136 13 52 303 88198 2 3513852 79214 1.6 14 9 2 9 61% 107 7258 116 149%
c i 100.90 136 13 52 303 88567 2 3525280 87755 1.6 14 9 2 9 61% 113 7258 113 145%
c - 100.93 136 13 52 304 88599 2 3525799 66412 1.6 14 9 2 9 61%  97 7258 113 145%
c } 101.06 136 13 53 304 88647 2 3530248 69698 1.6 14 9 2 9 61%  98 7258 113 145%
c [ 101.06 136 15 53 304 88647 1 3530248 69698 1.6 17 11 4 13 63%  98 7258 113 145%
c - 101.34 136 16 53 305 88654 1 3543234 67308 1.6 17 11 4 13 63%  98 7258 113 145%
c O 101.54 136 15 53 305 88660 1 3551952 73880 1.6 17 11 4 13 63%  98 7258 113 145%
c - 101.75 136 15 53 306 88661 1 3560698 68798 1.6 17 11 4 13 63%  99 7258 113 145%
c
c seconds     switched      rate           size/glue  tier1    binary      remaining
c          MB   reductions     conflicts         size   tier2    irredundant
c           level     restarts        redundant     glue    trail      variables
c
c - 102.20 136 15 53 307 88671 1 3578194 69399 1.5 17 11 4 13 63% 100 7258 113 145%
c - 102.65 136 16 53 308 88676 1 3595717 68334 1.5 17 11 4 13 64% 101 7258 113 145%
c - 103.03 136 16 53 309 88678 1 3613268 69134 1.6 18 11 4 13 64% 101 7258 113 145%
c o 103.05 136 16 53 309 88679 1 3613930 69665 1.6 18 11 4 13 64% 101 7258 113 145%
c - 103.43 136 16 53 310 88689 1 3630846 68439 1.6 17 11 4 13 64% 101 7258 113 145%
c - 103.86 136 15 53 311 88695 1 3648453 69043 1.6 17 11 3 13 64% 101 7258 113 145%
c u 104.34 136 15 53 311 88702 1 3660767 76732 1.6 17 11 3 13 63% 107 7258 113 145%
c v 104.55 136 15 53 311 88702 1 3660767 70528 1.6 17 11 3 13 63% 107 7258 113 145%
c w 104.62 136 15 53 311 88702 1 3660767 62187 1.6 17 11 3 13 63% 107 7258 113 145%
c t 104.62 136 15 53 311 88702 1 3660767 62187 1.6 17 11 3 13 63% 101 7258 113 145%
c - 104.75 136 15 53 312 88705 1 3666089 59067 1.6 17 11 3 13 63% 101 7258 113 145%
c i 104.94 136 15 53 312 88707 1 3674703 65322 1.6 16 11 3 13 63% 108 7258 112 144%
c - 105.14 136 15 53 313 88708 1 3683753 52294 1.5 16 11 3 13 63%  99 7258 112 144%
c - 105.48 136 15 53 314 88709 1 3701444 59303 1.5 16 11 3 13 63%  99 7258 112 144%
c - 105.91 136 15 53 315 88709 1 3719164 65688 1.6 16 10 3 13 63%  99 7258 112 144%
c - 106.35 136 14 53 316 88716 1 3736912 70406 1.6 16 10 3 13 63% 100 7258 112 144%
c ] 106.50 136 14 54 316 88719 1 3743592 75461 1.6 16 10 3 13 63% 100 7258 112 144%
c { 106.50 136 13 54 316 88719 2 3743592 75461 1.6 14 9 2 9 61% 100 7258 112 144%
c - 106.79 136 12 54 317 88719 1 3754688 73333 1.6 14 9 2 9 61% 101 7258 112 144%
c i 107.04 136 12 54 317 88719 1 3764015 80377 1.6 14 8 2 9 61% 113 7258 110 141%
c
c seconds     switched      rate           size/glue tier1   binary      remaining
c          MB   reductions     conflicts         size  tier2   irredundant
c           level     restarts        redundant    glue   trail      variables
c
c - 107.27 136 12 54 318 88729 1 3772493 59880 1.7 14 8 2 9 61%  96 7258 110 141%
c - 107.70 136 11 54 319 88743 1 3790325 67094 1.7 13 8 2 9 61%  97 7258 110 141%
c - 108.10 136 11 54 320 88778 1 3808187 71558 1.7 13 8 2 9 61%  98 7258 110 141%
c i 108.50 136 11 54 320 88818 1 3823993 82391 1.7 13 8 2 9 61% 109 7258 109 140%
c - 108.56 136 11 54 321 88827 1 3826077 49457 1.7 13 8 2 9 61% 100 7258 109 140%
c - 108.97 136 10 54 322 88877 1 3843994 58212 1.7 13 7 2 9 62% 101 7258 109 140%
c i 109.03 136 10 54 322 88877 1 3846280 59465 1.7 13 7 2 9 61% 110 7258 108 138%
c i 109.34 136 10 54 322 88885 1 3860672 69928 1.7 12 7 2 9 61% 127 7258 107 137%
c - 109.38 136 10 54 323 88885 1 3861939 51030 1.7 12 7 2 9 61% 103 7258 107 137%
c u 109.68 136 10 54 323 88896 1 3868789 54520 1.7 12 7 2 9 61% 118 6427 107 137%
c v 109.85 136 10 54 323 88896 1 3868789 53644 1.7 12 7 2 9 61% 118 6427 107 137%
c w 109.87 136 10 54 323 88896 1 3868789 53604 1.7 12 7 2 9 61% 118 6427 107 137%
c t 109.87 136 10 54 323 88896 1 3868789 53604 1.7 12 7 2 9 61%  98 6427 107 137%
c o 109.87 136 10 54 323 88896 1 3868789 53604 1.7 12 7 2 9 61%  98 6427 107 137%
c i 110.05 136 10 54 323 88896 1 3877059 59458 1.7 12 7 2 9 61% 108 6427 106 136%
c - 110.13 136 9 54 324 88896 1 3879911 49848 1.7 12 7 2 9 61% 102 6371 106 136%
c i 110.24 136 9 54 324 88896 1 3885134 53384 1.7 12 7 2 9 61% 112 6371 99 127%
c i 110.24 136 9 54 324 88896 1 3885267 53481 1.7 12 7 2 9 61% 116 6371 97 124%
c i 110.25 136 9 54 324 88896 1 3885399 53521 1.7 12 7 2 9 61% 123 6371 96 123%
c i 110.25 136 9 54 324 88896 1 3885413 53524 1.7 12 7 2 9 61% 126 6370 95 122%
c
c seconds    switched      rate           size/glue tier1   binary     remaining
c          MB  reductions     conflicts         size  tier2   irredundant
c           level    restarts        redundant    glue   trail     variables
c
c i 110.25 136 9 54 324 88896 1 3885431 53528 1.7 12 7 2 9 61% 129 6370 93 119%
c i 110.25 136 9 54 324 88896 1 3885433 53528 1.7 12 7 2 9 61% 130 6370 87 112%
c } 110.25 136 9 54 324 88896 1 3885435 53528 1.7 12 7 2 9 61% 130 6370 64 82%
c 0 110.25 136 9 54 324 88896 1 3885435 53528 1.7 12 7 2 9 61% 130 6370 64 82%
c
c ---- [ result ] ------------------------------------------------------------
c
s UNSATISFIABLE
c
c ---- [ profiling ] ---------------------------------------------------------
c
c          98.02   88.90 %  search
c          49.96   45.32 %  focused
c          48.05   43.58 %  stable
c          12.16   11.03 %  simplify
c          11.97   10.86 %  probe
c           8.84    8.02 %  vivify
c           2.86    2.60 %  sweep
c           1.23    1.11 %  reduce
c           0.15    0.14 %  substitute
c           0.15    0.14 %  eliminate
c           0.11    0.10 %  walking
c           0.10    0.09 %  factor
c           0.08    0.07 %  subsume
c           0.08    0.07 %  preprocess
c           0.01    0.01 %  congruence
c           0.00    0.00 %  transitive
c           0.00    0.00 %  parse
c           0.00    0.00 %  lucky
c           0.00    0.00 %  backbone
c =============================================
c         110.25  100.00 %  total
c
c ---- [ statistics ] --------------------------------------------------------
c
c conflicts:                          3885435            35241.64 per second
c decisions:                          5245682                1.35 per conflict
c eliminated:                              81              104 %  variables
c factored:                               125              160 %  variables
c iterations:                              20               26 %  variables
c propagations:                      81058146           735213    per second
c reductions:                             324            11992    interval
c reordered:                               26           149440    interval
c rephased:                                42            92510    interval
c restarts:                             88896               44    interval
c strengthened:                            11                0 %  checks
c subsumed:                              1111                0 %  checks
c switched:                                54            71952    interval
c vivified:                            149766               65 %  checks
c walks:                                   14           277531    interval
c
c ---- [ glue usage ] --------------------------------------------------------
c
c focused glue 2   used 1168746 clauses 16.15% accumulated 59.69% tier1
c focused glue 3   used  479776 clauses  6.63% accumulated 66.33%
c focused glue 4-7 used 1430614 clauses 19.77% accumulated 86.10%
c focused glue 8   used  280318 clauses  3.87% accumulated 89.97%
c focused glue 9   used  218997 clauses  3.03% accumulated 93.00% tier2
c
c stable glue 3    used  628418 clauses  5.44% accumulated 50.69% tier1
c stable glue 4    used  551387 clauses  4.77% accumulated 55.46%
c stable glue 5-11 used 3626450 clauses 31.40% accumulated 86.86%
c stable glue 12   used  322881 clauses  2.80% accumulated 89.65%
c stable glue 13   used  278127 clauses  2.41% accumulated 92.06% tier2
c
c ---- [ resources ] ---------------------------------------------------------
c
c maximum-resident-set-size:     145592680448 bytes     138848 MB
c process-time:                         1m 50s             110.25 seconds
c
c ---- [ shutting down ] -----------------------------------------------------
c
c exit 20
