c ---- [ banner ] ------------------------------------------------------------
c
c Kissat SAT Solver
c 
c Copyright (c) 2021-2024 Armin Biere University of Freiburg
c Copyright (c) 2019-2021 Armin Biere Johannes Kepler University Linz
c 
c Version 4.0.4 8af8e56f174b778aef3aa45af9f739b2a5f492c2
c Apple clang version 17.0.0 (clang-1700.6.3.2) -W -Wall -O3 -DNDEBUG
c Mon Mar 30 18:25:47 CEST 2026 Darwin Mac 24.6.0 arm64
c
c ---- [ parsing ] -----------------------------------------------------------
c
c opened and reading DIMACS file:
c
c   tmp.cnf
c
c parsed 'p cnf 136 167076' header
c closing input after reading 4824473 bytes (5 MB)
c finished parsing after 0.02 seconds
c
c ---- [ solving ] -----------------------------------------------------------
c
c seconds switched rate     size/glue tier1 binary        remaining
c        MB reductions conflicts size  tier2   irredundant
c         level restarts redundant glue  trail        variables
c
c *  0.02 27 0 0 0  0 0   0   0 0.0 0 0 0 0 0%   6 167070 136 100%
c (  0.02 34 0 0 0  0 0   0   0 0.0 0 0 0 0 0%   6 167070 136 100%
c .  0.02 34 0 0 0  0 0   0   0 0.0 0 0 0 0 0%   6 167070 136 100%
c f  1.42 48 0 0 0  0 0   0   0 0.0 0 0 0 0 0% 807 146328 532 391%
c )  1.43 57 0 0 0  0 0   0   0 0.0 0 0 0 0 0% 807 146328 532 391%
c {  1.43 58 0 0 0  0 0   0   0 0.0 0 0 2 6 0% 807 146328 532 391%
c -  1.45 66 17 0 1 67 2 1000 660 2.0 14 7 5 10 47% 808 146328 532 391%
c }  1.45 66 17 1 1 67 2 1000 660 2.0 14 7 5 10 47% 808 146328 532 391%
c [  1.45 66 0 1 1 67 0 1000 660 0.0 0 0 2 6 0% 808 146328 532 391%
c B  1.45 66 19 1 1 67 9 1001 661 1.1 10 9 2 6 30% 808 146328 532 391%
c -  1.47 67 24 1 2 67 1 2001 1536 2.1 27 13 10 18 60% 808 146328 532 391%
c W  1.48 77 24 1 2 67 1 2004 1539 2.1 27 13 10 18 60% 808 146328 532 391%
c u  1.49 75 25 1 2 68 1 2514 2019 2.0 27 14 10 18 63% 808 146328 532 391%
c v  1.50 77 25 1 2 68 1 2514 2014 2.0 27 14 10 18 63% 808 146328 532 391%
c w  1.50 77 25 1 2 68 1 2514 2014 2.0 27 14 10 18 63% 808 146328 532 391%
c x  1.50 77 25 1 2 68 1 2514 2014 2.0 27 14 10 18 63% 810 146323 532 391%
c t  1.51 77 25 1 2 68 1 2514 2014 2.0 27 14 10 18 63% 782 146323 532 391%
c f  1.51 77 25 1 2 68 1 2514 2014 2.0 27 14 10 18 63% 787 146287 534 393%
c u  1.52 77 25 1 2 68 1 2514 1930 2.0 27 14 10 18 63% 787 146287 534 393%
c v  1.53 77 25 1 2 68 1 2514 1865 2.0 27 14 10 18 63% 787 146287 534 393%
c
c seconds  switched rate       size/glue  tier1     binary        remaining
c        MB reductions conflicts     size    tier2     irredundant
c         level restarts  redundant     glue     trail        variables
c
c w  1.53 77 25 1 2 68 1 2514 1865 2.0 27 14 10 18 63% 787 146287 534 393%
c x  1.53 77 25 1 2 68 1 2514 1865 2.0 27 14 10 18 63% 787 146284 534 393%
c t  1.55 79 25 1 2 68 1 2514 1865 2.0 27 14 10 18 63% 786 146284 534 393%
c f  1.56 79 25 1 2 68 1 2514 1865 2.0 27 14 10 18 63% 788 146258 535 393%
c ]  1.56 79 25 2 2 68 1 2751 2064 1.8 27 15 10 18 62% 788 146258 535 393%
c {  1.56 79 17 2 2 68 2 2751 2064 2.0 14 7 5 10 47% 788 146258 535 393%
c -  1.59 79 17 2 3 248 3 3416 2391 1.8 15 8 6 12 46% 788 146258 535 393%
c }  1.61 79 17 3 3 336 3 3751 2674 1.8 15 8 6 12 46% 790 146258 535 393%
c [  1.61 79 25 3 3 336 1 3751 2674 1.8 27 15 10 18 62% 790 146258 535 393%
c I  1.62 79 22 3 3 336 1 4265 3094 1.8 24 13 10 18 59% 790 146258 535 393%
c -  1.63 80 20 3 4 337 1 5148 3388 1.9 23 12 9 18 59% 790 146258 535 393%
c ]  1.66 80 18 4 4 338 1 7038 5053 1.9 22 11 9 17 58% 790 146258 535 393%
c {  1.66 80 17 4 4 338 3 7038 5053 1.8 15 8 6 12 46% 790 146258 535 393%
c -  1.67 80 17 4 5 373 3 7151 4461 1.8 15 9 6 13 47% 790 146258 535 393%
c b  1.69 81 17 4 5 533 3 7742 4946 1.6 16 10 6 13 47% 790 146258 530 390%
c u  1.69 81 17 4 5 533 3 7742 4883 1.6 16 10 6 13 47% 796 146258 530 390%
c v  1.70 81 17 4 5 533 3 7742 4875 1.6 16 10 6 13 47% 796 146258 530 390%
c w  1.70 81 17 4 5 533 3 7742 4874 1.6 16 10 6 13 47% 796 146258 530 390%
c x  1.71 88 17 4 5 533 3 7742 4874 1.6 16 10 6 13 47% 799 146250 530 390%
c t  1.71 88 17 4 5 533 3 7742 4874 1.6 16 10 6 13 47% 789 146250 530 390%
c
c seconds  switched  rate       size/glue  tier1    binary        remaining
c        MB reductions conflicts      size   tier2     irredundant
c         level restarts   redundant     glue    trail        variables
c
c f  1.71 88 17 4 5 533 3 7742 4874 1.6 16 10 6 13 47% 795 146239 534 393%
c b  1.72 88 17 4 5 533 3 7742 4874 1.6 16 10 6 13 47% 795 146239 533 392%
c u  1.72 88 17 4 5 533 3 7742 4833 1.6 16 10 6 13 47% 795 146239 533 392%
c v  1.73 88 17 4 5 533 3 7742 4830 1.6 16 10 6 13 47% 795 146239 533 392%
c w  1.73 88 17 4 5 533 3 7742 4829 1.6 16 10 6 13 47% 795 146239 533 392%
c x  1.74 89 17 4 5 533 3 7742 4829 1.6 16 10 6 13 47% 798 146225 533 392%
c t  1.74 89 17 4 5 533 3 7742 4829 1.6 16 10 6 13 47% 796 146225 533 392%
c f  1.75 89 17 4 5 533 3 7742 4829 1.6 16 10 6 13 47% 803 146214 537 395%
c -  1.80 89 18 4 6 881 3 9387 5675 1.6 17 10 8 14 49% 791 146214 537 395%
c }  1.80 89 18 5 6 882 3 9391 5679 1.6 17 10 8 14 49% 791 146214 537 395%
c [  1.80 89 18 5 6 882 1 9391 5679 1.9 22 11 9 17 58% 791 146214 537 395%
c B  1.80 89 18 5 6 882 1 9391 5679 1.9 22 11 9 17 58% 791 146214 537 395%
c -  1.84 90 16 5 7 884 1 11837 6380 1.8 19 10 8 13 56% 791 146214 537 395%
c s  1.86 91 15 5 7 884 1 12565 6838 1.8 19 10 8 13 55% 792 145059 537 395%
c e  1.87 91 15 5 7 884 1 12565 6838 1.8 19 10 8 13 55% 549 145193 395 290%
c s  1.88 92 15 5 7 884 1 12565 6838 1.8 19 10 8 13 55% 549 144851 395 290%
c e  1.88 92 15 5 7 884 1 12565 6838 1.8 19 10 8 13 55% 495 144900 368 271%
c ^  1.88 92 15 5 7 884 1 12565 6838 1.8 19 10 8 13 55% 495 144900 368 271%
c o  1.88 92 15 5 7 884 1 12565 6622 1.8 19 10 8 13 55% 495 144900 368 271%
c ]  1.90 92 16 6 7 884 1 13310 7273 1.8 19 11 8 13 56% 495 144900 368 271%
c
c seconds  switched  rate        size/glue  tier1    binary        remaining
c        MB reductions conflicts       size   tier2     irredundant
c         level restarts    redundant     glue    trail        variables
c
c {  1.90 92 18 6 7 884 3 13310 7273 1.6 17 10 8 14 49% 495 144900 368 271%
c -  1.92 92 17 6 8 891 3 14482 7126 1.6 16 10 8 13 51% 495 144900 368 271%
c u  1.96 99 16 6 8 902 2 15858 8204 1.6 16 10 8 13 52% 495 144900 368 271%
c v  1.96 99 16 6 8 902 2 15858 8194 1.6 16 10 8 13 52% 495 144900 368 271%
c w  1.97 99 16 6 8 902 2 15858 8191 1.6 16 10 8 13 52% 495 144900 368 271%
c x  1.97 99 16 6 8 902 2 15858 8191 1.6 16 10 8 13 52% 497 144895 368 271%
c t  2.01 103 16 6 8 902 2 15858 8191 1.6 16 10 8 13 52% 494 144895 368 271%
c f  2.01 103 16 6 8 902 2 15858 8191 1.6 16 10 8 13 52% 537 144662 386 284%
c b  2.02 103 16 6 8 902 2 15858 8191 1.6 16 10 8 13 52% 537 144662 385 283%
c u  2.02 103 16 6 8 902 2 15858 8162 1.6 16 10 8 13 52% 537 144662 385 283%
c v  2.03 103 16 6 8 902 2 15858 8156 1.6 16 10 8 13 52% 537 144662 385 283%
c x  2.04 103 16 6 8 902 2 15858 8156 1.6 16 10 8 13 52% 540 144656 385 283%
c t  2.04 103 16 6 8 902 2 15858 8156 1.6 16 10 8 13 52% 534 144656 385 283%
c -  2.07 103 15 6 9 904 2 17311 7791 1.7 16 10 7 12 52% 532 144656 385 283%
c }  2.07 103 15 7 9 904 2 17379 7847 1.7 16 10 7 12 52% 532 144656 385 283%
c [  2.07 103 16 7 9 904 1 17379 7847 1.8 19 11 8 13 56% 532 144656 385 283%
c W  2.07 103 16 7 9 904 1 17379 7847 1.8 19 11 8 13 56% 532 144656 385 283%
c -  2.13 102 15 7 10 906 1 20313 8498 1.7 17 10 8 13 55% 532 144656 385 283%
c ]  2.14 102 14 8 10 906 1 21131 9017 1.7 17 10 8 13 55% 533 144656 385 283%
c {  2.14 102 15 8 10 906 2 21131 9017 1.7 16 10 7 12 52% 533 144656 385 283%
c
c seconds   switched   rate         size/glue tier1    binary        remaining
c         MB  reductions conflicts        size  tier2     irredundant
c          level  restarts     redundant    glue    trail        variables
c
c i  2.18 102 14 8 10 911 2 22945 10339 1.7 15 9 7 12 53% 540 144656 365 268%
c o  2.18 102 14 8 10 911 2 22945 10339 1.7 15 9 7 12 53% 540 144656 365 268%
c -  2.19 102 14 8 11 927 2 23475 2459 1.7 15 9 7 11 53% 453 144656 365 268%
c s  2.24 103 14 8 11 1009 2 25125 3816 1.7 16 9 7 11 54% 452 111449 365 268%
c e  2.24 103 14 8 11 1009 2 25125 3816 1.7 16 9 7 11 54% 277 111540 248 182%
c 2  2.24 103 14 8 11 1009 2 25125 3816 1.7 16 9 7 11 54% 273 111540 248 182%
c s  2.25 103 14 8 11 1009 2 25125 3816 1.7 16 9 7 11 54% 273 111292 248 182%
c e  2.25 103 14 8 11 1009 2 25125 3816 1.7 16 9 7 11 54% 256 111313 240 176%
c ^  2.25 103 14 8 11 1009 2 25125 3816 1.7 16 9 7 11 54% 256 111313 240 176%
c -  2.29 103 14 8 12 1278 2 26791 4660 1.7 16 9 7 12 53% 261 111308 240 176%
c u  2.30 103 14 8 12 1299 2 27038 4796 1.7 16 9 7 12 54% 261 111308 240 176%
c v  2.31 103 14 8 12 1299 2 27038 4764 1.7 16 9 7 12 54% 261 111308 240 176%
c w  2.31 103 14 8 12 1299 2 27038 4753 1.7 16 9 7 12 54% 261 111308 240 176%
c x  2.32 103 14 8 12 1299 2 27038 4753 1.7 16 9 7 12 54% 263 111289 240 176%
c t  2.32 103 14 8 12 1299 2 27038 4753 1.7 16 9 7 12 54% 254 111289 240 176%
c f  2.33 103 14 8 12 1299 2 27038 4753 1.7 16 9 7 12 54% 262 111060 245 180%
c u  2.33 103 14 8 12 1299 2 27038 4690 1.7 16 9 7 12 54% 262 111060 245 180%
c v  2.34 103 14 8 12 1299 2 27038 4673 1.7 16 9 7 12 54% 262 111060 245 180%
c w  2.34 103 14 8 12 1299 2 27038 4663 1.7 16 9 7 12 54% 262 111060 245 180%
c x  2.35 103 14 8 12 1299 2 27038 4663 1.7 16 9 7 12 54% 266 111047 245 180%
c
c seconds   switched    rate        size/glue tier1    binary        remaining
c         MB  reductions  conflicts       size  tier2     irredundant
c          level   restarts    redundant    glue    trail        variables
c
c t  2.35 103 14 8 12 1299 2 27038 4663 1.7 16 9 7 12 54% 264 111047 245 180%
c f  2.36 103 14 8 12 1299 2 27038 4663 1.7 16 9 7 12 54% 283 110967 250 184%
c }  2.36 103 14 9 12 1359 2 27290 4877 1.7 16 9 7 12 53% 283 110967 250 184%
c [  2.36 103 14 9 12 1359 1 27290 4877 1.7 17 10 8 13 55% 283 110967 250 184%
c O  2.36 103 14 9 12 1359 1 27290 4877 1.7 17 10 8 13 55% 283 110967 250 184%
c -  2.41 103 17 9 13 1361 1 30255 6638 1.7 19 11 8 15 57% 284 110967 250 184%
c -  2.44 103 21 9 14 1364 1 33862 7860 1.6 21 13 9 18 60% 284 110967 250 184%
c B  2.49 103 23 9 14 1365 1 37051 10787 1.6 22 13 9 18 62% 284 110967 250 184%
c ]  2.51 103 23 10 14 1365 1 37581 11260 1.6 22 13 9 18 61% 284 110967 250 184%
c {  2.51 103 14 10 14 1365 2 37581 11260 1.7 16 9 7 12 53% 284 110967 250 184%
c -  2.51 103 14 10 15 1370 2 37603 9057 1.7 16 9 7 12 53% 284 110967 250 184%
c d  2.59 103 14 10 15 1771 2 41369 12115 1.7 16 9 7 12 53% 286 109924 247 182%
c u  2.60 103 14 10 15 1771 2 41369 12101 1.7 16 9 7 12 53% 283 109924 247 182%
c v  2.61 103 14 10 15 1771 2 41369 12078 1.7 16 9 7 12 53% 283 109924 247 182%
c w  2.61 103 14 10 15 1771 2 41369 12072 1.7 16 9 7 12 53% 283 109924 247 182%
c x  2.62 105 14 10 15 1771 2 41369 12072 1.7 16 9 7 12 53% 283 109889 247 182%
c t  2.67 106 14 10 15 1771 2 41369 12072 1.7 16 9 7 12 53% 277 109889 247 182%
c f  2.67 106 14 10 15 1771 2 41369 12072 1.7 16 9 7 12 53% 291 109645 252 185%
c u  2.68 106 14 10 15 1771 2 41369 12058 1.7 16 9 7 12 53% 291 109645 252 185%
c v  2.69 106 14 10 15 1771 2 41369 12050 1.7 16 9 7 12 53% 291 109645 252 185%
c
c seconds    switched    rate         size/glue tier1    binary        remaining
c         MB   reductions  conflicts        size  tier2     irredundant
c          level    restarts     redundant    glue    trail        variables
c
c w  2.69 106 14 10 15 1771 2 41369 12049 1.7 16 9 7 12 53% 291 109645 252 185%
c x  2.70 106 14 10 15 1771 2 41369 12049 1.7 16 9 7 12 53% 291 109585 252 185%
c t  2.70 106 14 10 15 1771 2 41369 12049 1.7 16 9 7 12 53% 290 109585 252 185%
c f  2.71 106 14 10 15 1771 2 41369 12049 1.7 16 9 7 12 53% 294 109442 256 188%
c -  2.72 106 14 10 16 1773 2 41476 10213 1.7 16 9 7 12 53% 294 109442 256 188%
c o  2.75 106 15 10 16 2055 2 43040 11508 1.6 16 10 7 12 53% 295 109442 256 188%
c i  2.78 106 14 10 16 2154 2 44471 12578 1.6 15 9 7 12 52% 298 109442 255 188%
c -  2.80 106 14 10 17 2163 2 45476 10434 1.7 16 9 7 12 52% 288 109442 255 188%
c }  2.81 106 14 11 17 2163 2 46208 11129 1.7 16 9 7 12 53% 288 109442 255 188%
c [  2.81 106 23 11 17 2163 1 46208 11129 1.6 22 13 9 18 61% 288 109442 255 188%
c W  2.86 106 21 11 17 2165 1 49274 13850 1.7 21 13 9 18 59% 288 105030 255 188%
c -  2.87 106 21 11 18 2165 1 49599 11906 1.7 21 13 9 18 59% 288 105030 255 188%
c s  2.92 106 21 11 18 2167 1 52236 14220 1.7 21 13 9 18 59% 288 103794 255 188%
c e  2.93 106 21 11 18 2167 1 52236 14220 1.7 21 13 9 18 59% 229 103862 220 162%
c s  2.94 106 21 11 18 2167 1 52236 14220 1.7 21 13 9 18 59% 229 103703 220 162%
c e  2.95 106 21 11 18 2167 1 52236 14220 1.7 21 13 9 18 59% 220 103714 216 159%
c ^  2.95 106 21 11 18 2167 1 52236 14220 1.7 21 13 9 18 59% 220 103714 216 159%
c -  2.98 106 21 11 19 2168 1 53841 12918 1.7 21 13 9 17 59% 221 103713 216 159%
c ]  3.03 106 21 12 19 2169 1 57236 15579 1.6 21 13 9 17 58% 221 103713 216 159%
c {  3.03 106 14 12 19 2169 2 57236 15579 1.7 16 9 7 12 53% 221 103713 216 159%
c
c seconds    switched    rate         size/glue tier1    binary        remaining
c         MB   reductions  conflicts        size  tier2     irredundant
c          level    restarts     redundant    glue    trail        variables
c
c -  3.06 106 14 12 20 2385 2 58199 14378 1.7 16 9 7 12 52% 221 103713 216 159%
c u  3.08 106 14 12 20 2412 2 59000 14956 1.7 16 9 7 12 52% 221 103713 216 159%
c v  3.09 106 14 12 20 2412 2 59000 14938 1.7 16 9 7 12 52% 221 103713 216 159%
c w  3.10 106 14 12 20 2412 2 59000 14924 1.7 16 9 7 12 52% 221 103713 216 159%
c x  3.11 106 14 12 20 2412 2 59000 14922 1.7 16 9 7 12 52% 223 103634 216 159%
c t  3.11 106 14 12 20 2412 2 59000 14922 1.7 16 9 7 12 52% 218 103634 216 159%
c f  3.12 106 14 12 20 2412 2 59000 14922 1.7 16 9 7 12 52% 241 102469 227 167%
c u  3.13 106 14 12 20 2412 2 59000 14902 1.7 16 9 7 12 52% 241 102469 227 167%
c v  3.14 106 14 12 20 2412 2 59000 14845 1.7 16 9 7 12 52% 241 102469 227 167%
c w  3.14 106 14 12 20 2412 2 59000 14808 1.7 16 9 7 12 52% 241 102469 227 167%
c x  3.15 106 14 12 20 2412 2 59000 14806 1.7 16 9 7 12 52% 244 101970 227 167%
c t  3.15 106 14 12 20 2412 2 59000 14806 1.7 16 9 7 12 52% 239 101970 227 167%
c f  3.16 106 14 12 20 2412 2 59000 14806 1.7 16 9 7 12 52% 260 101592 238 175%
c -  3.24 106 14 12 21 2724 2 62671 15114 1.6 16 10 7 12 52% 260 101592 238 175%
c -  3.33 106 14 12 22 3243 2 67254 15896 1.6 16 10 7 12 51% 260 101592 238 175%
c }  3.35 106 14 13 22 3292 2 68715 16897 1.6 16 10 7 12 51% 260 101592 238 175%
c [  3.35 106 21 13 22 3292 1 68715 16897 1.6 21 13 9 17 58% 260 101592 238 175%
c I  3.35 106 21 13 22 3292 1 68715 16897 1.6 21 13 9 17 58% 260 101592 238 175%
c -  3.41 106 20 13 23 3294 1 71945 17111 1.6 21 13 9 17 58% 260 101592 238 175%
c -  3.49 106 20 13 24 3297 1 76742 18304 1.6 20 12 9 16 58% 260 101592 238 175%
c
c seconds    switched    rate         size/glue  tier1    binary        remaining
c         MB   reductions  conflicts        size   tier2     irredundant
c          level    restarts     redundant     glue    trail        variables
c
c o  3.49 106 20 13 24 3298 1 76960 18495 1.6 20 12 9 16 58% 260 101592 238 175%
c u  3.55 106 20 13 24 3298 1 80051 21159 1.6 20 13 9 16 58% 261 101592 238 175%
c v  3.56 106 20 13 24 3298 1 80051 21060 1.6 20 13 9 16 58% 261 101592 238 175%
c w  3.57 106 20 13 24 3298 1 80051 20849 1.6 20 13 9 16 58% 261 101592 238 175%
c x  3.58 106 20 13 24 3298 1 80051 20847 1.6 20 13 9 16 58% 261 101429 238 175%
c t  3.58 106 20 13 24 3298 1 80051 20847 1.6 20 13 9 16 58% 257 101429 238 175%
c f  3.59 106 20 13 24 3298 1 80051 20847 1.6 20 13 9 16 58% 302 101078 252 185%
c u  3.61 106 20 13 24 3298 1 80051 20820 1.6 20 13 9 16 58% 302 101078 252 185%
c v  3.62 106 20 13 24 3298 1 80051 20507 1.6 20 13 9 16 58% 302 101078 252 185%
c w  3.63 106 20 13 24 3298 1 80051 20345 1.6 20 13 9 16 58% 302 101078 252 185%
c x  3.64 106 20 13 24 3298 1 80051 20343 1.6 20 13 9 16 58% 303 101025 252 185%
c t  3.65 107 20 13 24 3298 1 80051 20343 1.6 20 13 9 16 58% 298 101025 252 185%
c f  3.66 107 20 13 24 3298 1 80051 20343 1.6 20 13 9 16 58% 314 100617 268 197%
c -  3.69 107 20 13 25 3299 1 81640 19117 1.6 20 13 9 17 58% 314 100617 268 197%
c ]  3.70 107 20 14 25 3300 1 82494 19666 1.6 20 13 9 17 58% 314 100617 268 197%
c {  3.70 107 14 14 25 3300 2 82494 19666 1.6 16 10 7 12 51% 314 100617 268 197%
c -  3.81 107 14 14 26 3820 2 86640 20332 1.6 15 10 7 12 51% 314 100617 268 197%
c -  3.94 107 14 14 27 4228 2 91739 21539 1.6 15 10 7 12 51% 314 100617 268 197%
c s  4.07 107 14 14 27 4655 2 95889 24788 1.6 15 10 7 12 51% 315 100071 268 197%
c e  4.08 107 14 14 27 4655 2 95889 24788 1.6 15 10 7 12 51% 247 100190 223 164%
c
c seconds    switched    rate         size/glue  tier1    binary        remaining
c         MB   reductions  conflicts        size   tier2     irredundant
c          level    restarts     redundant     glue    trail        variables
c
c 2  4.08 107 14 14 27 4655 2 95889 24788 1.6 15 10 7 12 51% 245 100190 223 164%
c s  4.11 107 14 14 27 4655 2 95889 24788 1.6 15 10 7 12 51% 245 100115 223 164%
c e  4.11 107 14 14 27 4655 2 95889 24788 1.6 15 10 7 12 51% 243 100121 222 163%
c ^  4.11 107 14 14 27 4655 2 95889 24788 1.6 15 10 7 12 51% 243 100121 222 163%
c -  4.14 107 14 14 28 4740 2 96935 22080 1.6 15 10 7 12 51% 243 100121 222 163%
c }  4.14 107 14 15 28 4740 2 97210 22322 1.6 16 10 7 12 51% 243 100121 222 163%
c [  4.14 107 20 15 28 4740 1 97210 22322 1.6 20 13 9 17 58% 243 100121 222 163%
c B  4.14 107 20 15 28 4740 1 97210 22322 1.6 20 13 9 17 58% 243 100121 222 163%
c -  4.24 107 19 15 29 4743 1 102226 23549 1.6 20 12 8 16 58% 243 100121 222 163%
c u  4.29 107 19 15 29 4745 1 104654 25408 1.6 20 12 8 16 58% 243 100121 222 163%
c v  4.31 107 19 15 29 4745 1 104654 24959 1.6 20 12 8 16 58% 243 100121 222 163%
c w  4.32 107 19 15 29 4745 1 104654 24403 1.6 20 12 8 16 58% 243 100121 222 163%
c x  4.33 107 19 15 29 4745 1 104654 24399 1.6 20 12 8 16 58% 245 99900 222 163%
c t  4.33 107 19 15 29 4745 1 104654 24399 1.6 20 12 8 16 58% 238 99900 222 163%
c f  4.34 107 19 15 29 4745 1 104654 24399 1.6 20 12 8 16 58% 247 99737 232 171%
c u  4.36 107 19 15 29 4745 1 104654 24352 1.6 20 12 8 16 58% 248 99737 232 171%
c v  4.38 107 19 15 29 4745 1 104654 23453 1.6 20 12 8 16 58% 248 99737 232 171%
c w  4.39 107 19 15 29 4745 1 104654 23238 1.6 20 12 8 16 58% 248 99737 232 171%
c x  4.40 107 19 15 29 4745 1 104654 23237 1.6 20 12 8 16 58% 249 99480 232 171%
c t  4.41 107 19 15 29 4745 1 104654 23237 1.6 20 12 8 16 58% 246 99480 232 171%
c
c seconds    switched    rate          size/glue  tier1    binary       remaining
c         MB   reductions  conflicts         size   tier2     irredundant
c          level    restarts      redundant     glue    trail       variables
c
c -  4.47 108 18 15 30 4746 1 107611 23056 1.6 19 12 8 16 58% 246 99480 232 171%
c -  4.53 108 20 15 31 4749 1 113090 24983 1.6 20 13 8 16 58% 247 99480 232 171%
c W  4.62 108 21 15 31 4753 1 118121 29462 1.6 21 13 8 16 59% 247 99480 232 171%
c o  4.63 108 21 15 31 4753 1 118121 29462 1.6 21 13 8 16 59% 247 99480 232 171%
c -  4.64 108 21 15 32 4753 1 118658 25773 1.6 21 13 8 17 59% 247 99480 232 171%
c ]  4.67 108 23 16 32 4753 1 122089 28784 1.6 21 14 8 17 60% 247 99480 232 171%
c {  4.67 108 14 16 32 4753 2 122089 28784 1.6 16 10 7 12 51% 247 99480 232 171%
c -  4.72 109 15 16 33 5094 2 124315 26563 1.6 16 10 7 12 51% 247 99480 232 171%
c -  4.89 109 15 16 34 6020 2 130059 28323 1.5 16 10 7 12 51% 247 99480 232 171%
c u  4.98 109 15 16 34 6315 2 132880 30500 1.5 16 10 7 12 51% 247 99480 232 171%
c v  5.00 109 15 16 34 6315 2 132880 30246 1.5 16 10 7 12 51% 247 99480 232 171%
c w  5.00 109 15 16 34 6315 2 132880 30244 1.5 16 10 7 12 51% 247 99480 232 171%
c x  5.02 112 15 16 34 6315 2 132880 30237 1.5 16 10 7 12 51% 249 99260 232 171%
c t  5.02 112 15 16 34 6315 2 132880 30237 1.5 16 10 7 12 51% 245 99260 232 171%
c f  5.02 112 15 16 34 6315 2 132880 30237 1.5 16 10 7 12 51% 248 99248 233 171%
c u  5.04 118 15 16 34 6315 2 132880 30190 1.5 16 10 7 12 51% 248 99248 233 171%
c v  5.06 119 15 16 34 6315 2 132880 30042 1.5 16 10 7 12 51% 248 99248 233 171%
c w  5.06 119 15 16 34 6315 2 132880 30027 1.5 16 10 7 12 51% 248 99248 233 171%
c x  5.08 122 15 16 34 6315 2 132880 30027 1.5 16 10 7 12 51% 249 99142 233 171%
c t  5.08 122 15 16 34 6315 2 132880 30027 1.5 16 10 7 12 51% 248 99142 233 171%
c
c seconds    switched    rate          size/glue  tier1    binary       remaining
c         MB   reductions  conflicts         size   tier2     irredundant
c          level    restarts      redundant     glue    trail       variables
c
c f  5.08 122 15 16 34 6315 2 132880 30027 1.5 16 10 7 12 51% 249 99129 234 172%
c -  5.16 130 15 16 35 6430 2 135890 29756 1.6 16 10 7 12 51% 249 99129 234 172%
c }  5.24 130 15 17 35 6464 2 140428 33324 1.6 16 10 7 12 51% 250 99129 234 172%
c [  5.24 130 23 17 35 6464 1 140428 33324 1.6 21 14 8 17 60% 250 99129 234 172%
c -  5.27 132 23 17 36 6465 1 141806 30964 1.6 21 14 8 17 60% 250 99129 234 172%
c O  5.28 138 23 17 36 6465 1 142347 31402 1.6 21 13 8 17 60% 250 99129 234 172%
c -  5.36 140 22 17 37 6469 1 147807 32345 1.6 21 13 9 17 61% 250 99129 234 172%
c -  5.46 140 22 17 38 6472 1 153889 33851 1.6 21 13 9 17 62% 250 99129 234 172%
c s  5.57 141 22 17 38 6475 1 157915 37098 1.6 21 13 9 17 63% 256 98768 234 172%
c e  5.57 142 22 17 38 6475 1 157915 37098 1.6 21 13 9 17 63% 205 98964 202 149%
c 2  5.57 142 22 17 38 6475 1 157915 37098 1.6 21 13 9 17 63% 202 98964 202 149%
c s  5.61 142 22 17 38 6475 1 157915 37098 1.6 21 13 9 17 63% 202 98884 202 149%
c e  5.61 142 22 17 38 6475 1 157915 37098 1.6 21 13 9 17 63% 199 98894 201 148%
c ^  5.61 142 22 17 38 6475 1 157915 37098 1.6 21 13 9 17 63% 199 98894 201 148%
c -  5.65 142 22 17 39 6476 1 160053 33770 1.6 21 13 9 17 63% 199 98894 201 148%
c d  5.73 143 21 17 39 6477 1 164831 37447 1.6 21 13 9 17 64% 197 96987 200 147%
c b  5.73 143 21 17 39 6477 1 164831 37447 1.6 21 13 9 17 64% 197 96987 199 146%
c u  5.75 142 21 17 39 6477 1 164831 37231 1.6 21 13 9 17 64% 197 96987 199 146%
c v  5.77 143 21 17 39 6477 1 164831 37091 1.6 21 13 9 17 64% 198 96987 199 146%
c w  5.78 143 21 17 39 6477 1 164831 36994 1.6 21 13 9 17 64% 198 96987 199 146%
c
c seconds    switched    rate          size/glue  tier1    binary       remaining
c         MB   reductions  conflicts         size   tier2     irredundant
c          level    restarts      redundant     glue    trail       variables
c
c x  5.79 144 21 17 39 6477 1 164831 36993 1.6 21 13 9 17 64% 202 96458 199 146%
c t  5.79 144 21 17 39 6477 1 164831 36993 1.6 21 13 9 17 64% 198 96458 199 146%
c f  5.80 144 21 17 39 6477 1 164831 36993 1.6 21 13 9 17 64% 201 96434 200 147%
c u  5.82 145 21 17 39 6477 1 164831 36916 1.6 21 13 9 17 64% 199 96434 200 147%
c v  5.83 145 21 17 39 6477 1 164831 36795 1.6 21 13 9 17 64% 199 96434 200 147%
c w  5.84 145 21 17 39 6477 1 164831 36767 1.6 21 13 9 17 64% 199 96434 200 147%
c x  5.85 145 21 17 39 6477 1 164831 36765 1.6 21 13 9 17 64% 200 96241 200 147%
c t  5.94 147 21 17 39 6477 1 164831 36765 1.6 21 13 9 17 64% 199 96241 200 147%
c -  5.97 147 21 17 40 6478 1 166299 34175 1.6 21 13 9 16 64% 199 96241 200 147%
c B  6.02 144 21 17 40 6478 1 170087 37564 1.6 21 13 9 16 65% 199 96241 200 147%
c o  6.02 146 21 17 40 6478 1 170087 37564 1.6 21 13 9 16 65% 199 96241 200 147%
c ]  6.04 146 21 18 40 6478 1 170809 38206 1.6 21 13 9 16 65% 199 96241 200 147%
c {  6.04 146 15 18 40 6478 2 170809 38206 1.6 16 10 7 12 51% 199 96241 200 147%
c -  6.11 153 15 18 41 6705 2 172624 35462 1.6 16 10 7 12 51% 199 96241 200 147%
c -  6.35 171 15 18 42 7628 2 179028 36191 1.6 16 10 7 12 51% 200 96240 200 147%
c -  6.56 187 15 18 43 8472 2 185510 36704 1.6 16 10 7 12 51% 200 96239 200 147%
c -  6.78 195 15 18 44 9308 2 192069 37621 1.6 16 11 7 12 51% 200 96239 200 147%
c }  6.80 195 15 19 44 9329 2 193157 38474 1.6 16 10 7 12 51% 200 96239 200 147%
c [  6.80 195 21 19 44 9329 1 193157 38474 1.6 21 13 9 16 65% 200 96239 200 147%
c -  6.89 195 21 19 45 9333 1 198702 38392 1.6 21 13 9 16 65% 200 96239 200 147%
c
c seconds    switched    rate          size/glue  tier1    binary       remaining
c         MB   reductions  conflicts         size   tier2     irredundant
c          level    restarts      redundant     glue    trail       variables
c
c u  6.95 195 21 19 45 9334 1 200609 39924 1.6 21 13 9 16 64% 200 96239 200 147%
c v  6.98 195 21 19 45 9334 1 200609 39272 1.6 21 13 9 16 64% 200 96239 200 147%
c w  6.99 195 21 19 45 9334 1 200609 38758 1.6 21 13 9 16 64% 200 96239 200 147%
c x  7.01 196 21 19 45 9334 1 200609 38756 1.6 21 13 9 16 64% 201 95967 200 147%
c t  7.02 196 21 19 45 9334 1 200609 38756 1.6 21 13 9 16 64% 199 95967 200 147%
c W  7.04 196 21 19 45 9335 1 201538 39631 1.6 21 13 9 16 65% 199 95967 200 147%
c -  7.09 196 21 19 46 9335 1 205411 38157 1.6 21 13 9 16 65% 199 95967 200 147%
c -  7.19 196 21 19 47 9341 1 212193 38577 1.6 22 14 9 16 66% 199 95967 200 147%
c -  7.31 196 21 19 48 9343 1 219048 39046 1.6 21 14 9 16 67% 199 95967 200 147%
c -  7.42 196 21 19 49 9343 1 225976 39054 1.6 22 14 9 16 68% 199 95967 200 147%
c -  7.55 196 20 19 50 9349 1 232977 39770 1.6 21 13 9 16 67% 199 95967 200 147%
c I  7.63 194 20 19 50 9350 1 236890 42852 1.6 21 13 9 16 66% 199 95967 200 147%
c o  7.63 195 20 19 50 9350 1 236890 42852 1.6 21 13 9 16 66% 199 95967 200 147%
c s  7.75 195 20 19 50 9352 1 240019 45536 1.6 21 13 9 16 66% 201 95282 200 147%
c e  7.75 195 20 19 50 9352 1 240019 45536 1.6 21 13 9 16 66% 159 95549 179 132%
c s  7.80 195 20 19 50 9352 1 240019 45536 1.6 21 13 9 16 66% 159 95171 179 132%
c e  7.81 195 20 19 50 9352 1 240019 45536 1.6 21 13 9 16 66% 156 95204 177 130%
c !  7.81 195 20 19 50 9352 1 240019 45536 1.6 21 13 9 16 66% 156 95204 177 130%
c -  7.82 195 20 19 51 9352 1 240049 38792 1.6 21 13 9 16 66% 156 95204 177 130%
c u  7.85 196 20 19 51 9352 1 240262 38918 1.6 21 13 9 16 66% 155 95204 177 130%
c
c seconds    switched    rate          size/glue  tier1    binary       remaining
c         MB   reductions  conflicts         size   tier2     irredundant
c          level    restarts      redundant     glue    trail       variables
c
c v  7.87 196 20 19 51 9352 1 240262 38898 1.6 21 13 9 16 66% 155 95204 177 130%
c w  7.87 196 20 19 51 9352 1 240262 38892 1.6 21 13 9 16 66% 155 95204 177 130%
c x  7.89 196 20 19 51 9352 1 240262 38891 1.6 21 13 9 16 66% 160 94776 177 130%
c t  7.89 196 20 19 51 9352 1 240262 38891 1.6 21 13 9 16 66% 154 94776 177 130%
c f  7.90 196 20 19 51 9352 1 240262 38891 1.6 21 13 9 16 66% 166 94613 184 135%
c u  7.92 196 20 19 51 9352 1 240262 38791 1.6 21 13 9 16 66% 166 94613 184 135%
c v  7.94 196 20 19 51 9352 1 240262 38161 1.6 21 13 9 16 66% 166 94613 184 135%
c w  7.95 196 20 19 51 9352 1 240262 38139 1.6 21 13 9 16 66% 166 94613 184 135%
c x  7.97 196 20 19 51 9352 1 240262 38139 1.6 21 13 9 16 66% 171 94471 184 135%
c t  7.97 196 20 19 51 9352 1 240262 38139 1.6 21 13 9 16 66% 165 94471 184 135%
c ]  7.99 191 20 20 51 9353 1 241373 39097 1.6 21 13 9 16 66% 165 94471 184 135%
c {  7.99 191 15 20 51 9353 2 241373 39097 1.6 16 10 7 12 51% 165 94471 184 135%
c -  8.11 195 15 20 52 9601 2 247190 39590 1.6 16 10 7 12 52% 165 94471 184 135%
c -  8.30 195 15 20 53 10143 2 254401 40646 1.6 16 11 7 12 52% 165 94471 184 135%
c -  8.45 196 15 20 54 10270 2 261681 40887 1.5 16 10 7 12 51% 165 94471 184 135%
c }  8.57 196 15 21 54 10469 2 268115 45639 1.5 16 10 7 12 51% 165 94467 184 135%
c [  8.57 196 20 21 54 10469 1 268115 45639 1.6 21 13 9 16 66% 165 94467 184 135%
c -  8.59 196 20 21 55 10469 1 269030 41498 1.6 21 13 8 16 66% 165 94467 184 135%
c B  8.71 196 19 21 55 10474 1 276330 46872 1.6 20 13 8 16 64% 165 94467 184 135%
c -  8.72 196 19 21 56 10475 1 276447 42977 1.6 20 13 8 16 64% 165 94467 184 135%
c
c seconds    switched     rate          size/glue  tier1    binary       remaining
c         MB   reductions   conflicts         size   tier2     irredundant
c          level    restarts       redundant     glue    trail       variables
c
c u  8.87 196 20 21 56 10478 1 283893 49475 1.6 21 13 8 16 65% 165 94467 184 135%
c v  8.89 196 20 21 56 10478 1 283893 48856 1.6 21 13 8 16 65% 165 94467 184 135%
c w  8.90 196 20 21 56 10478 1 283893 48683 1.6 21 13 8 16 65% 165 94467 184 135%
c x  8.92 197 20 21 56 10478 1 283893 48681 1.6 21 13 8 16 65% 169 94326 184 135%
c t  8.92 197 20 21 56 10478 1 283893 48681 1.6 21 13 8 16 65% 165 94326 184 135%
c f  8.93 197 20 21 56 10478 1 283893 48681 1.6 21 13 8 16 65% 171 94278 186 137%
c u  8.96 194 20 21 56 10478 1 283893 48609 1.6 21 13 8 16 65% 172 94278 186 137%
c v  8.98 195 20 21 56 10478 1 283893 48391 1.6 21 13 8 16 65% 172 94278 186 137%
c w  9.00 195 20 21 56 10478 1 283893 48021 1.6 21 13 8 16 65% 172 94278 186 137%
c x  9.01 196 20 21 56 10478 1 283893 48016 1.6 21 13 8 16 65% 172 93787 186 137%
c t  9.02 196 20 21 56 10478 1 283893 48016 1.6 21 13 8 16 65% 171 93787 186 137%
c f  9.02 196 20 21 56 10478 1 283893 48016 1.6 21 13 8 16 65% 172 93764 187 138%
c -  9.03 196 20 21 57 10478 1 283933 42644 1.6 21 13 8 16 65% 172 93764 187 138%
c -  9.16 196 20 21 58 10482 1 291482 43075 1.6 21 13 8 16 66% 172 93764 187 138%
c -  9.29 196 20 21 59 10483 1 299099 44447 1.6 21 13 8 16 66% 172 93764 187 138%
c ]  9.39 196 21 22 59 10487 1 305449 50093 1.6 21 13 8 16 66% 172 93764 187 138%
c {  9.39 196 15 22 59 10487 2 305449 50093 1.5 16 10 7 12 51% 172 93764 187 138%
c -  9.43 196 15 22 60 10491 2 306781 45142 1.5 16 10 7 12 51% 172 93764 187 138%
c -  9.58 196 14 22 61 10491 2 314529 45215 1.6 16 10 7 12 51% 172 93764 187 138%
c o  9.64 196 14 22 61 10493 2 317725 47628 1.6 16 10 7 12 52% 172 93764 187 138%
c
c seconds    switched     rate          size/glue  tier1    binary       remaining
c         MB   reductions   conflicts         size   tier2     irredundant
c          level    restarts       redundant     glue    trail       variables
c
c -  9.76 196 14 22 62 10536 2 322340 46068 1.6 16 10 7 12 52% 172 93764 187 138%
c -  9.95 196 14 22 63 10545 2 330215 41706 1.6 16 10 6 12 52% 172 93764 187 138%
c u 10.01 196 14 22 63 10545 2 331550 42756 1.6 16 10 6 12 52% 173 93764 187 138%
c v 10.03 196 14 22 63 10545 2 331550 42723 1.6 16 10 6 12 52% 173 93764 187 138%
c w 10.04 196 14 22 63 10545 2 331550 42701 1.6 16 10 6 12 52% 173 93764 187 138%
c x 10.07 194 14 22 63 10545 2 331550 42700 1.6 16 10 6 12 52% 173 93531 187 138%
c t 10.07 196 14 22 63 10545 2 331550 42700 1.6 16 10 6 12 52% 172 93531 187 138%
c } 10.17 197 13 23 63 10576 2 336966 46600 1.6 16 10 6 11 52% 172 93531 187 138%
c [ 10.17 197 21 23 63 10576 1 336966 46600 1.6 21 13 8 16 66% 172 93531 187 138%
c W 10.18 197 21 23 63 10576 1 336966 46600 1.6 21 13 8 16 66% 172 93531 187 138%
c - 10.20 197 21 23 64 10577 1 338153 40608 1.6 21 14 8 16 66% 172 93531 187 138%
c s 10.37 197 21 23 64 10581 1 343752 45560 1.6 21 13 8 16 66% 172 93278 187 138%
c e 10.37 197 21 23 64 10581 1 343752 45560 1.6 21 13 8 16 66% 162 93339 182 134%
c s 10.44 197 21 23 64 10581 1 343752 45560 1.6 21 13 8 16 66% 162 93184 182 134%
c - 10.48 197 21 23 65 10582 1 346154 39956 1.6 21 14 8 16 67% 162 93184 182 134%
c - 10.62 197 20 23 66 10586 1 354216 39866 1.6 21 13 8 16 67% 162 93184 182 134%
c - 10.76 197 20 23 67 10590 1 362343 40531 1.6 21 13 8 16 67% 162 93184 182 134%
c - 10.92 197 20 23 68 10591 1 370530 40725 1.6 21 13 8 16 68% 162 93184 182 134%
c ] 11.05 196 20 24 68 10596 1 376901 45838 1.6 21 13 8 16 68% 162 93184 182 134%
c { 11.05 196 13 24 68 10596 2 376901 45838 1.6 16 10 6 11 52% 162 93184 182 134%
c
c seconds    switched     rate          size/glue  tier1    binary       remaining
c         MB   reductions   conflicts         size   tier2     irredundant
c          level    restarts       redundant     glue    trail       variables
c
c - 11.10 203 14 24 69 10710 2 378782 40954 1.6 16 10 6 11 53% 162 93184 182 134%
c u 11.24 206 14 24 69 10994 2 383308 44398 1.6 16 10 6 11 53% 162 93182 182 134%
c v 11.27 204 14 24 69 10994 2 383308 44354 1.6 16 10 6 11 53% 162 93182 182 134%
c w 11.28 205 14 24 69 10994 2 383308 44342 1.6 16 10 6 11 53% 162 93182 182 134%
c x 11.29 205 14 24 69 10994 2 383308 44342 1.6 16 10 6 11 53% 162 91942 182 134%
c f 11.47 207 14 24 69 10994 2 383308 44342 1.6 16 10 6 11 53% 174 91850 186 137%
c u 11.50 205 14 24 69 10994 2 383308 44234 1.6 16 10 6 11 53% 175 91850 186 137%
c v 11.53 206 14 24 69 10994 2 383308 44187 1.6 16 10 6 11 53% 175 91850 186 137%
c w 11.54 206 14 24 69 10994 2 383308 44181 1.6 16 10 6 11 53% 175 91850 186 137%
c x 11.55 206 14 24 69 10994 2 383308 44181 1.6 16 10 6 11 53% 175 91700 186 137%
c t 11.56 206 14 24 69 10994 2 383308 44181 1.6 16 10 6 11 53% 174 91700 186 137%
c f 11.56 206 14 24 69 10994 2 383308 44181 1.6 16 10 6 11 53% 177 91678 187 138%
c - 11.67 207 14 24 70 11400 2 387088 41062 1.6 16 10 6 11 53% 177 91678 187 138%
c - 11.85 207 14 24 71 11887 2 395458 41834 1.6 16 10 6 11 53% 177 91678 187 138%
c o 11.91 208 14 24 71 12148 2 398400 44055 1.6 16 10 6 11 53% 177 91678 187 138%
c - 12.06 206 14 24 72 12710 2 403885 42350 1.6 16 10 6 11 52% 177 91678 187 138%
c - 12.26 208 14 24 73 13364 2 412371 43645 1.6 16 10 6 11 53% 177 91677 187 138%
c } 12.29 206 14 25 73 13474 2 413578 44654 1.6 16 10 6 11 53% 177 91677 187 138%
c [ 12.29 206 20 25 73 13474 1 413578 44654 1.6 21 13 8 16 68% 177 91677 187 138%
c O 12.29 206 20 25 73 13474 1 413578 44654 1.6 21 13 8 16 68% 177 91677 187 138%
c
c seconds    switched     rate          size/glue  tier1    binary       remaining
c         MB   reductions   conflicts         size   tier2     irredundant
c          level    restarts       redundant     glue    trail       variables
c
c - 12.40 207 20 25 74 13479 1 420915 43831 1.6 22 14 8 16 68% 177 91677 187 138%
c - 12.55 208 20 25 75 13483 1 429517 43112 1.6 22 14 8 16 69% 177 91677 187 138%
c - 12.73 207 20 25 76 13487 1 438177 44698 1.6 22 13 8 16 68% 177 91677 187 138%
c u 12.79 206 20 25 76 13488 1 439222 45511 1.6 22 13 8 16 68% 177 91677 187 138%
c v 12.82 207 20 25 76 13488 1 439222 45036 1.6 22 13 8 16 68% 177 91677 187 138%
c w 12.83 207 20 25 76 13488 1 439222 44998 1.6 22 13 8 16 68% 177 91677 187 138%
c x 12.86 208 20 25 76 13488 1 439222 44994 1.6 22 13 8 16 68% 178 91495 187 138%
c t 12.86 208 20 25 76 13488 1 439222 44994 1.6 22 13 8 16 68% 177 91495 187 138%
c - 13.03 207 19 25 77 13489 1 446895 45492 1.6 21 13 8 16 67% 177 91495 187 138%
c - 13.20 206 20 25 78 13495 1 455670 45780 1.6 21 13 8 16 67% 178 91495 187 138%
c - 13.34 207 20 25 79 13500 1 464502 45022 1.6 22 14 8 16 68% 178 91495 187 138%
c ] 13.34 207 20 26 79 13500 1 464526 45043 1.6 22 14 8 16 68% 178 91495 187 138%
c { 13.34 207 14 26 79 13500 2 464526 45043 1.6 16 10 6 11 53% 178 91495 187 138%
c s 13.54 208 14 26 79 13860 2 470623 49849 1.6 16 10 6 11 53% 178 90534 187 138%
c e 13.55 208 14 26 79 13860 2 470623 49849 1.6 16 10 6 11 53% 170 90573 184 135%
c s 13.62 208 14 26 79 13860 2 470623 49849 1.6 16 10 6 11 53% 170 90327 184 135%
c e 13.62 208 14 26 79 13860 2 470623 49849 1.6 16 10 6 11 53% 167 90345 183 135%
c - 13.67 208 14 26 80 13947 2 473391 46284 1.6 16 10 6 11 53% 167 90345 183 135%
c - 13.90 215 14 26 81 14611 2 482335 47446 1.6 16 10 6 11 52% 167 90344 183 135%
c - 14.08 214 14 26 82 14837 2 491338 49078 1.6 16 10 6 11 53% 167 90344 183 135%
c
c seconds    switched     rate          size/glue  tier1    binary       remaining
c         MB   reductions   conflicts         size   tier2     irredundant
c          level    restarts       redundant     glue    trail       variables
c
c o 14.13 215 14 26 82 14871 2 494411 51248 1.6 16 10 6 11 53% 167 90344 183 135%
c u 14.28 215 14 26 82 15024 2 499363 54654 1.6 16 10 6 11 53% 167 90344 183 135%
c v 14.32 215 14 26 82 15024 2 499363 54132 1.6 16 10 6 11 53% 167 90344 183 135%
c w 14.33 215 14 26 82 15024 2 499363 54020 1.6 16 10 6 11 53% 167 90344 183 135%
c x 14.36 216 14 26 82 15024 2 499363 54014 1.6 16 10 6 11 53% 169 88252 183 135%
c t 14.36 216 14 26 82 15024 2 499363 54014 1.6 16 10 6 11 53% 168 88252 183 135%
c f 14.37 216 14 26 82 15024 2 499363 54014 1.6 16 10 6 11 53% 177 88093 190 140%
c u 14.42 216 14 26 82 15024 2 499363 51847 1.6 16 10 6 11 53% 177 88093 190 140%
c v 14.45 213 14 26 82 15024 2 499363 51775 1.6 16 10 6 11 53% 177 88093 190 140%
c w 14.46 214 14 26 82 15024 2 499363 51733 1.6 16 10 6 11 53% 177 88093 190 140%
c x 14.48 214 14 26 82 15024 2 499363 51733 1.6 16 10 6 11 53% 177 88003 190 140%
c f 14.49 214 14 26 82 15024 2 499363 51733 1.6 16 10 6 11 53% 177 87983 191 140%
c - 14.52 215 14 26 83 15031 2 500394 47388 1.6 16 10 6 11 53% 177 87983 191 140%
c } 14.63 215 13 27 83 15048 2 506747 51688 1.6 16 10 6 11 53% 177 87983 191 140%
c [ 14.63 215 20 27 83 15048 1 506747 51688 1.6 22 14 8 16 68% 177 87983 191 140%
c B 14.63 215 20 27 83 15048 1 506747 51688 1.6 22 14 8 16 68% 177 87983 191 140%
c - 14.68 215 20 27 84 15050 1 509505 47884 1.6 22 14 8 16 68% 177 87983 191 140%
c - 14.84 215 21 27 85 15054 1 518675 48820 1.6 22 14 8 16 68% 177 87983 191 140%
c - 15.03 215 21 27 86 15061 1 527895 49589 1.6 22 14 8 16 68% 177 87983 191 140%
c - 15.23 215 21 27 87 15062 1 537170 49070 1.6 22 14 8 16 68% 177 87983 191 140%
c
c seconds    switched     rate          size/glue  tier1    binary       remaining
c         MB   reductions   conflicts         size   tier2     irredundant
c          level    restarts       redundant     glue    trail       variables
c
c - 15.40 215 22 27 88 15068 1 546497 48077 1.5 23 15 8 16 69% 177 87983 191 140%
c - 15.59 215 22 27 89 15072 1 555878 49115 1.5 23 15 8 16 69% 177 87983 191 140%
c ] 15.60 215 22 28 89 15073 1 556471 49654 1.5 23 15 8 16 69% 177 87983 191 140%
c { 15.60 215 13 28 89 15073 2 556471 49654 1.6 16 10 6 11 53% 177 87983 191 140%
c u 15.82 215 14 28 89 15692 2 563800 55359 1.6 16 10 6 11 53% 177 87983 191 140%
c v 15.85 215 14 28 89 15692 2 563800 55333 1.6 16 10 6 11 53% 177 87983 191 140%
c w 15.87 216 14 28 89 15692 2 563800 55332 1.6 16 10 6 11 53% 177 87983 191 140%
c x 15.89 216 14 28 89 15692 2 563800 55332 1.6 16 10 6 11 53% 177 87951 191 140%
c - 15.94 216 14 28 90 15809 2 565311 51151 1.6 16 10 6 11 53% 177 87951 191 140%
c - 16.18 216 14 28 91 16379 2 574797 52424 1.6 16 10 6 11 53% 177 87951 191 140%
c - 16.41 224 14 28 92 16910 2 584338 52722 1.6 16 10 6 11 53% 178 87951 191 140%
c - 16.69 224 14 28 93 17926 2 593929 52896 1.6 16 10 6 11 53% 178 87949 191 140%
c o 16.73 224 14 28 93 18092 2 595483 54165 1.6 16 10 6 11 53% 178 87949 191 140%
c - 16.91 224 14 28 94 18528 2 603572 53485 1.6 16 10 6 11 54% 178 87949 191 140%
c } 16.94 223 14 29 94 18668 2 604609 54310 1.6 16 10 6 11 54% 178 87949 191 140%
c [ 16.94 223 22 29 94 18668 1 604609 54310 1.5 23 15 8 16 69% 178 87949 191 140%
c W 16.95 224 22 29 94 18668 1 604609 54310 1.5 23 15 8 16 69% 178 87949 191 140%
c - 17.12 224 22 29 95 18674 1 613267 52845 1.5 23 15 8 16 69% 178 87949 191 140%
c s 17.36 224 22 29 95 18678 1 622073 60408 1.5 23 15 8 16 70% 178 86959 191 140%
c e 17.36 224 22 29 95 18678 1 622073 60408 1.5 23 15 8 16 70% 171 86999 185 136%
c
c seconds    switched     rate          size/glue  tier1    binary       remaining
c         MB   reductions   conflicts         size   tier2     irredundant
c          level    restarts       redundant     glue    trail       variables
c
c s 17.46 224 22 29 95 18678 1 622073 60408 1.5 23 15 8 16 70% 171 86633 185 136%
c e 17.46 224 22 29 95 18678 1 622073 60408 1.5 23 15 8 16 70% 169 86651 184 135%
c - 17.49 224 22 29 96 18679 1 623014 49671 1.5 23 15 8 17 70% 169 86651 184 135%
c u 17.71 224 23 29 96 18682 1 632563 57665 1.5 23 15 8 17 70% 169 86651 184 135%
c v 17.75 224 23 29 96 18682 1 632563 57533 1.5 23 15 8 17 70% 169 86651 184 135%
c w 17.77 225 23 29 96 18682 1 632563 57082 1.5 23 15 8 17 70% 169 86651 184 135%
c x 17.80 225 23 29 96 18682 1 632563 57082 1.5 23 15 8 17 70% 169 85727 184 135%
c f 17.82 225 23 29 96 18682 1 632563 57082 1.5 23 15 8 17 70% 183 85456 194 143%
c u 17.86 224 23 29 96 18682 1 632563 56914 1.5 23 15 8 17 70% 183 85456 194 143%
c v 17.90 225 23 29 96 18682 1 632563 56755 1.5 23 15 8 17 70% 183 85456 194 143%
c w 17.92 225 23 29 96 18682 1 632563 56753 1.5 23 15 8 17 70% 183 85456 194 143%
c x 17.95 225 23 29 96 18682 1 632563 56748 1.5 23 15 8 17 70% 187 84008 194 143%
c t 17.95 225 23 29 96 18682 1 632563 56748 1.5 23 15 8 17 70% 183 84008 194 143%
c f 17.96 225 23 29 96 18682 1 632563 56748 1.5 23 15 8 17 70% 191 83932 198 146%
c - 17.98 225 22 29 97 18682 1 632812 49800 1.5 23 15 8 17 70% 191 83932 198 146%
c - 18.20 224 22 29 98 18686 1 642662 51200 1.5 23 15 8 17 70% 191 83932 198 146%
c - 18.37 225 23 29 99 18692 1 652561 52972 1.5 23 15 8 17 69% 191 83932 198 146%
c - 18.58 225 23 29 100 18697 1 662510 52689 1.5 23 15 8 17 69% 191 83932 198 146%
c I 18.66 225 23 29 100 18697 1 667160 56468 1.5 23 15 8 17 68% 191 83932 198 146%
c ] 18.74 224 23 30 100 18698 1 671758 60495 1.5 23 15 8 17 68% 191 83932 198 146%
c
c seconds    switched      rate          size/glue  tier1    binary       remaining
c         MB   reductions    conflicts         size   tier2     irredundant
c          level     restarts       redundant     glue    trail       variables
c
c { 18.74 224 14 30 100 18698 2 671758 60495 1.6 16 10 6 11 54% 191 83932 198 146%
c - 18.76 225 14 30 101 18805 2 672510 52522 1.6 16 10 6 11 54% 191 83932 198 146%
c - 19.03 226 14 30 102 19486 2 682559 52756 1.6 16 10 6 11 54% 191 83932 198 146%
c - 19.29 225 14 30 103 20123 2 692660 52517 1.6 16 10 6 11 54% 191 83932 198 146%
c - 19.53 225 14 30 104 20368 2 702808 52346 1.6 16 10 6 11 55% 191 83932 198 146%
c u 19.64 226 14 30 104 20519 2 705738 53856 1.6 16 10 6 11 55% 192 83932 198 146%
c v 19.68 226 14 30 104 20519 2 705738 51815 1.6 16 10 6 11 55% 192 83932 198 146%
c w 19.70 226 14 30 104 20519 2 705738 51549 1.6 16 10 6 11 55% 192 83932 198 146%
c x 19.73 224 14 30 104 20519 2 705738 51533 1.6 16 10 6 11 55% 192 82733 198 146%
c t 19.75 226 14 30 104 20519 2 705738 51533 1.6 16 10 6 11 55% 191 82733 198 146%
c o 19.75 226 14 30 104 20519 2 705738 51533 1.6 16 10 6 11 55% 191 82733 198 146%
c - 19.91 226 13 30 105 20600 2 713008 51199 1.6 15 10 6 11 55% 192 82733 198 146%
c i 20.03 226 13 30 105 20636 2 719635 55813 1.6 15 10 6 11 56% 196 82733 195 143%
c - 20.13 227 13 30 106 20856 2 723254 28494 1.6 15 10 6 11 56% 182 82733 195 143%
c } 20.17 227 13 31 106 20890 2 726192 30790 1.6 15 10 6 11 56% 182 82733 195 143%
c [ 20.18 227 23 31 106 20890 1 726192 30790 1.5 23 15 8 17 68% 182 82733 195 143%
c - 20.31 227 23 31 107 20895 1 733549 34710 1.5 23 15 8 17 68% 182 82733 195 143%
c B 20.34 227 23 31 107 20896 1 734844 35838 1.5 23 15 8 17 68% 182 82733 195 143%
c - 20.48 227 24 31 108 20900 1 743896 37641 1.5 23 15 8 17 67% 182 82733 195 143%
c - 20.70 227 24 31 109 20904 1 754289 38637 1.5 23 15 8 17 66% 182 82733 195 143%
c
c seconds    switched      rate          size/glue  tier1    binary       remaining
c         MB   reductions    conflicts         size   tier2     irredundant
c          level     restarts       redundant     glue    trail       variables
c
c - 20.91 227 24 31 110 20908 1 764729 41727 1.5 23 15 8 17 65% 182 82733 195 143%
c - 21.12 227 24 31 111 20914 1 775218 43358 1.5 23 16 8 17 64% 182 82733 195 143%
c d 21.26 227 24 31 111 20918 1 783356 49251 1.5 23 16 8 17 64% 181 76254 194 143%
c u 21.30 226 24 31 111 20918 1 783356 49095 1.5 23 16 8 17 64% 180 76254 194 143%
c v 21.35 226 24 31 111 20918 1 783356 48294 1.5 23 16 8 17 64% 180 76254 194 143%
c w 21.37 226 24 31 111 20918 1 783356 47587 1.5 23 16 8 17 64% 180 76254 194 143%
c x 21.39 227 24 31 111 20918 1 783356 47574 1.5 23 16 8 17 64% 180 75240 194 143%
c f 21.43 227 24 31 111 20918 1 783356 47574 1.5 23 16 8 17 64% 208 74171 206 151%
c u 21.47 227 24 31 111 20918 1 783356 47358 1.5 23 16 8 17 64% 208 74171 206 151%
c v 21.51 225 24 31 111 20918 1 783356 47255 1.5 23 16 8 17 64% 208 74171 206 151%
c w 21.53 226 24 31 111 20918 1 783356 46160 1.5 23 16 8 17 64% 208 74171 206 151%
c x 21.56 226 24 31 111 20918 1 783356 46158 1.5 23 16 8 17 64% 208 72749 206 151%
c f 21.60 226 24 31 111 20918 1 783356 46158 1.5 23 16 8 17 64% 225 72330 217 160%
c - 21.66 226 24 31 112 20919 1 785755 40582 1.5 23 16 8 17 64% 225 72330 217 160%
c ] 21.78 226 24 32 112 20919 1 792422 45778 1.5 23 15 8 17 64% 225 72330 217 160%
c { 21.78 226 13 32 112 20919 2 792422 45778 1.6 15 10 6 11 56% 225 72330 217 160%
c - 21.89 226 13 32 113 21309 2 796338 43310 1.6 15 10 6 11 56% 225 72330 217 160%
c s 22.06 226 13 32 113 21349 2 799443 45833 1.6 15 10 6 11 56% 234 67919 217 160%
c e 22.06 226 13 32 113 21349 2 799443 45833 1.6 15 10 6 11 56% 164 68084 180 132%
c s 22.17 226 13 32 113 21349 2 799443 45833 1.6 15 10 6 11 56% 166 67465 180 132%
c
c seconds    switched      rate          size/glue  tier1    binary       remaining
c         MB   reductions    conflicts         size   tier2     irredundant
c          level     restarts       redundant     glue    trail       variables
c
c e 22.17 226 13 32 113 21349 2 799443 45833 1.6 15 10 6 11 56% 160 67516 177 130%
c - 22.36 226 14 32 114 21765 2 806969 42446 1.6 16 10 6 11 56% 160 67516 177 130%
c - 22.60 226 14 32 115 22509 2 817647 43483 1.6 16 10 6 11 57% 160 67516 177 130%
c o 22.78 226 14 32 115 22781 2 825927 50059 1.6 16 10 6 11 56% 160 67516 177 130%
c - 22.83 226 14 32 116 22851 2 828371 45386 1.6 16 10 6 11 56% 160 67516 177 130%
c - 23.07 226 14 32 117 23580 2 839141 47131 1.7 16 10 6 11 57% 161 67515 177 130%
c - 23.32 226 14 32 118 24346 2 849957 49467 1.7 16 10 6 11 57% 161 67515 177 130%
c } 23.41 226 14 33 118 24701 2 853526 52380 1.7 16 10 6 11 58% 161 67515 177 130%
c [ 23.41 226 24 33 118 24701 1 853526 52380 1.5 23 15 8 17 64% 161 67515 177 130%
c W 23.42 226 24 33 118 24701 1 853526 52380 1.5 23 15 8 17 64% 161 67515 177 130%
c - 23.53 226 23 33 119 24706 1 860819 52024 1.5 23 15 8 17 64% 161 67515 177 130%
c u 23.66 226 23 33 119 24707 1 865647 55995 1.5 23 15 8 17 65% 161 67515 177 130%
c v 23.70 226 23 33 119 24707 1 865647 55911 1.5 23 15 8 17 65% 161 67515 177 130%
c w 23.72 226 23 33 119 24707 1 865647 55487 1.5 23 15 8 17 65% 161 67515 177 130%
c x 23.75 227 23 33 119 24707 1 865647 55482 1.5 23 15 8 17 65% 162 67287 177 130%
c t 23.75 227 23 33 119 24707 1 865647 55482 1.5 23 15 8 17 65% 161 67287 177 130%
c f 23.80 227 23 33 119 24707 1 865647 55482 1.5 23 15 8 17 65% 195 66675 198 146%
c u 23.85 227 23 33 119 24707 1 865647 55285 1.5 23 15 8 17 65% 195 66675 198 146%
c v 23.89 226 23 33 119 24707 1 865647 55160 1.5 23 15 8 17 65% 195 66675 198 146%
c w 23.91 226 23 33 119 24707 1 865647 54966 1.5 23 15 8 17 65% 195 66675 198 146%
c
c seconds    switched      rate          size/glue  tier1    binary       remaining
c         MB   reductions    conflicts         size   tier2     irredundant
c          level     restarts       redundant     glue    trail       variables
c
c x 23.94 226 23 33 119 24707 1 865647 54966 1.5 23 15 8 17 65% 195 65217 198 146%
c t 23.95 226 23 33 119 24707 1 865647 54966 1.5 23 15 8 17 65% 194 65217 198 146%
c - 24.07 227 24 33 120 24712 1 871727 51710 1.5 23 15 8 17 65% 195 65216 198 146%
c - 24.28 227 24 33 121 24715 1 882681 50849 1.5 23 16 8 17 66% 195 65216 198 146%
c - 24.48 227 23 33 122 24721 1 893682 52250 1.5 23 15 8 17 67% 195 65216 198 146%
c - 24.69 227 23 33 123 24727 1 904727 52989 1.5 23 15 8 17 67% 195 65216 198 146%
c - 24.92 227 23 33 124 24730 1 915818 54116 1.5 23 15 8 17 67% 195 65216 198 146%
c - 25.18 227 22 33 125 24731 1 926953 54343 1.5 23 15 8 17 67% 195 65216 198 146%
c ] 25.21 227 22 34 125 24731 1 928444 55558 1.5 23 15 8 17 67% 195 65216 198 146%
c { 25.21 227 14 34 125 24731 2 928444 55558 1.7 16 10 6 11 58% 195 65216 198 146%
c - 25.49 227 14 34 126 25405 2 938134 47446 1.7 16 10 5 11 58% 196 65216 198 146%
c - 25.67 227 14 34 127 25581 2 949361 46344 1.7 16 10 5 11 59% 199 65216 198 146%
c b 25.73 227 14 34 127 25667 2 952707 49055 1.7 16 10 5 11 59% 199 65216 197 145%
c u 25.77 227 14 34 127 25667 2 952707 47662 1.7 16 10 5 11 59% 273 65216 197 145%
c v 25.82 227 14 34 127 25667 2 952707 47195 1.7 16 10 5 11 59% 214 65216 197 145%
c w 25.84 227 14 34 127 25667 2 952707 46815 1.7 16 10 5 11 59% 214 65216 197 145%
c x 25.87 227 14 34 127 25667 2 952707 46796 1.7 16 10 5 11 59% 215 59962 197 145%
c t 25.88 227 14 34 127 25667 2 952707 46796 1.7 16 10 5 11 59% 213 59962 197 145%
c b 25.88 227 14 34 127 25667 2 952707 46796 1.7 16 10 5 11 59% 213 59962 196 144%
c f 25.88 227 14 34 127 25667 2 952707 46796 1.7 16 10 5 11 59% 214 59944 197 145%
c
c seconds    switched      rate          size/glue  tier1    binary       remaining
c         MB   reductions    conflicts         size   tier2     irredundant
c          level     restarts       redundant     glue    trail       variables
c
c u 25.93 227 14 34 127 25667 2 952707 46536 1.7 16 10 5 11 59% 214 59944 197 145%
c v 25.98 227 14 34 127 25667 2 952707 46060 1.7 16 10 5 11 59% 214 59944 197 145%
c w 25.99 227 14 34 127 25667 2 952707 45774 1.7 16 10 5 11 59% 214 59944 197 145%
c x 26.02 227 14 34 127 25667 2 952707 45773 1.7 16 10 5 11 59% 214 59202 197 145%
c o 26.12 227 14 34 127 25893 2 956520 48738 1.7 16 10 5 11 59% 214 59202 197 145%
c - 26.23 227 14 34 128 26209 2 960630 43919 1.7 16 10 5 11 59% 198 59202 197 145%
c - 26.40 227 14 34 129 26383 2 971943 45240 1.7 16 9 5 11 59% 198 59202 197 145%
c i 26.40 227 14 34 129 26383 2 972221 45428 1.7 16 9 5 11 59% 203 59202 195 143%
c - 26.65 227 14 34 130 27021 2 983300 35441 1.7 16 10 5 11 59% 176 59202 195 143%
c - 26.88 227 14 34 131 27592 2 994702 42341 1.7 16 10 5 11 59% 176 59202 195 143%
c } 26.93 227 14 35 131 27775 2 996590 43872 1.7 16 10 5 11 59% 176 59202 195 143%
c [ 26.93 227 22 35 131 27775 1 996590 43872 1.5 23 15 8 17 67% 176 59202 195 143%
c O 26.93 227 22 35 131 27775 1 996590 43872 1.5 23 15 8 17 67% 176 59202 195 143%
c s 27.19 227 22 35 131 27781 1 1004900 50766 1.5 23 15 8 17 66% 176 53240 195 143%
c e 27.20 227 22 35 131 27781 1 1004900 50766 1.5 23 15 8 17 66% 130 53442 167 123%
c s 27.32 227 22 35 131 27781 1 1004900 50766 1.5 23 15 8 17 66% 130 52977 167 123%
c e 27.33 227 22 35 131 27781 1 1004900 50766 1.5 23 15 8 17 66% 128 52995 166 122%
c - 27.36 227 22 35 132 27781 1 1006147 43174 1.5 23 15 8 17 66% 138 52985 166 122%
c - 27.54 227 21 35 133 27788 1 1017636 44633 1.6 22 14 8 17 67% 138 52985 166 122%
c - 27.71 227 21 35 134 27789 1 1029168 45927 1.6 22 14 8 16 67% 138 52985 166 122%
c
c seconds    switched      rate           size/glue  tier1    binary       remaining
c         MB   reductions     conflicts         size   tier2     irredundant
c          level     restarts        redundant     glue    trail       variables
c
c - 27.91 227 21 35 135 27796 1 1040743 46868 1.6 22 14 8 16 67% 139 52985 166 122%
c u 28.02 227 21 35 135 27799 1 1044645 49835 1.6 22 14 8 16 68% 143 52985 166 122%
c v 28.06 227 21 35 135 27799 1 1044645 49614 1.6 22 14 8 16 68% 143 52985 166 122%
c w 28.08 227 21 35 135 27799 1 1044645 49556 1.6 22 14 8 16 68% 143 52985 166 122%
c x 28.11 227 21 35 135 27799 1 1044645 49547 1.6 22 14 8 16 68% 143 52861 166 122%
c t 28.11 227 21 35 135 27799 1 1044645 49547 1.6 22 14 8 16 68% 138 52861 166 122%
c f 28.15 227 21 35 135 27799 1 1044645 49547 1.6 22 14 8 16 68% 185 51764 192 141%
c u 28.18 227 21 35 135 27799 1 1044645 49161 1.6 22 14 8 16 68% 193 51764 192 141%
c v 28.23 227 21 35 135 27799 1 1044645 48928 1.6 22 14 8 16 68% 192 51764 192 141%
c w 28.25 227 21 35 135 27799 1 1044645 48861 1.6 22 14 8 16 68% 192 51764 192 141%
c x 28.27 227 21 35 135 27799 1 1044645 48861 1.6 22 14 8 16 68% 192 51708 192 141%
c t 28.28 227 21 35 135 27799 1 1044645 48861 1.6 22 14 8 16 68% 190 51708 192 141%
c f 28.28 227 21 35 135 27799 1 1044645 48861 1.6 22 14 8 16 68% 200 51662 194 143%
c - 28.41 227 21 35 136 27803 1 1052363 46564 1.6 22 14 8 16 68% 200 51662 194 143%
c - 28.60 227 21 35 137 27805 1 1064024 45990 1.6 23 14 8 16 68% 200 51662 194 143%
c - 28.81 227 21 35 138 27805 1 1075728 47250 1.6 22 14 8 16 67% 200 51662 194 143%
c B 28.89 227 21 35 138 27807 1 1080630 51580 1.6 22 14 8 16 67% 200 51662 194 143%
c ] 29.01 227 21 36 138 27811 1 1086264 56228 1.6 22 14 8 16 67% 200 51662 194 143%
c { 29.01 227 14 36 138 27811 2 1086264 56228 1.7 16 10 5 11 59% 200 51662 194 143%
c - 29.06 227 14 36 139 28023 2 1087477 48020 1.7 16 10 5 11 59% 200 51662 194 143%
c
c seconds    switched      rate           size/glue  tier1    binary       remaining
c         MB   reductions     conflicts         size   tier2     irredundant
c          level     restarts        redundant     glue    trail       variables
c
c - 29.31 227 14 36 140 28405 2 1099266 48517 1.7 16 10 5 11 59% 201 51662 194 143%
c o 29.32 227 14 36 140 28407 2 1099871 49051 1.7 16 9 5 11 59% 201 51662 194 143%
c - 29.58 227 14 36 141 28932 2 1111099 49927 1.7 16 9 5 11 59% 201 51662 194 143%
c - 29.86 227 14 36 142 29468 2 1122974 51667 1.7 16 9 5 11 60% 202 51662 194 143%
c - 30.08 227 14 36 143 29712 2 1134890 52980 1.7 16 9 5 11 60% 204 51662 194 143%
c i 30.13 227 14 36 143 29736 2 1137519 54859 1.7 16 9 5 11 60% 207 51662 189 139%
c u 30.28 227 14 36 143 30050 2 1141745 38278 1.7 16 9 5 11 60% 219 49679 189 139%
c v 30.33 227 14 36 143 30050 2 1141745 38100 1.7 16 9 5 11 60% 219 49679 189 139%
c w 30.34 227 14 36 143 30050 2 1141745 38083 1.7 16 9 5 11 60% 219 49679 189 139%
c x 30.37 227 14 36 143 30050 2 1141745 38078 1.7 16 9 5 11 60% 219 49476 189 139%
c t 30.66 229 14 36 143 30050 2 1141745 38078 1.7 16 9 5 11 60% 199 49476 189 139%
c f 30.71 229 14 36 143 30050 2 1141745 38078 1.7 16 9 5 11 60% 235 48798 210 154%
c u 30.75 229 14 36 143 30050 2 1141745 37764 1.7 16 9 5 11 60% 238 48798 210 154%
c v 30.80 229 14 36 143 30050 2 1141745 37614 1.7 16 9 5 11 60% 237 48798 210 154%
c w 30.81 229 14 36 143 30050 2 1141745 37587 1.7 16 9 5 11 60% 237 48798 210 154%
c x 30.84 229 14 36 143 30050 2 1141745 37586 1.7 16 9 5 11 60% 238 48713 210 154%
c t 30.85 229 14 36 143 30050 2 1141745 37586 1.7 16 9 5 11 60% 237 48713 210 154%
c f 30.86 229 14 36 143 30050 2 1141745 37586 1.7 16 9 5 11 60% 238 48695 211 155%
c - 30.97 229 14 36 144 30375 2 1146850 36277 1.7 16 9 5 11 60% 238 48695 211 155%
c - 31.26 229 14 36 145 31346 2 1158851 43692 1.7 16 9 5 11 60% 239 48695 211 155%
c
c seconds    switched      rate           size/glue tier1    binary       remaining
c         MB   reductions     conflicts         size  tier2     irredundant
c          level     restarts        redundant    glue    trail       variables
c
c } 31.34 229 14 37 145 31606 2 1161822 46056 1.7 16 9 5 11 60% 239 48695 211 155%
c [ 31.34 229 21 37 145 31606 1 1161822 46056 1.6 22 14 8 16 67% 239 48695 211 155%
c W 31.51 229 21 37 145 31612 1 1170431 53163 1.6 22 14 8 16 66% 239 48695 211 155%
c - 31.52 229 21 37 146 31612 1 1170892 47383 1.6 22 14 8 16 66% 239 48695 211 155%
c - 31.74 229 22 37 147 31619 1 1182976 46826 1.6 23 14 8 16 66% 239 48695 211 155%
c - 31.96 229 22 37 148 31621 1 1195100 44960 1.6 23 14 8 16 65% 239 48695 211 155%
c - 32.19 229 22 37 149 31627 1 1207265 46555 1.6 23 14 8 16 65% 239 48695 211 155%
c - 32.46 229 21 37 150 31634 1 1219471 47240 1.6 22 14 8 16 64% 240 48695 211 155%
c - 32.76 229 21 37 151 31636 1 1231718 48273 1.6 22 14 8 16 63% 240 48695 211 155%
c s 33.07 229 21 37 151 31636 1 1240785 55533 1.6 22 14 8 16 63% 242 45604 211 155%
c e 33.07 229 21 37 151 31636 1 1240785 55533 1.6 22 14 8 16 63% 172 45851 165 121%
c s 33.22 229 21 37 151 31636 1 1240785 55533 1.6 22 14 8 16 63% 176 45428 165 121%
c u 33.30 229 20 37 151 31636 1 1243837 53294 1.6 22 14 8 16 63% 177 45428 165 121%
c v 33.35 229 20 37 151 31636 1 1243837 48211 1.6 22 14 8 16 63% 177 45428 165 121%
c w 33.37 229 20 37 151 31636 1 1243837 41838 1.6 22 14 8 16 63% 177 45428 165 121%
c x 33.40 229 20 37 151 31636 1 1243837 41837 1.6 22 14 8 16 63% 177 45183 165 121%
c t 33.40 229 20 37 151 31636 1 1243837 41837 1.6 22 14 8 16 63% 168 45183 165 121%
c f 33.43 229 20 37 151 31636 1 1243837 41837 1.6 22 14 8 16 63% 203 44709 185 136%
c u 33.48 229 20 37 151 31636 1 1243837 41349 1.6 22 14 8 16 63% 203 44709 185 136%
c v 33.53 229 20 37 151 31636 1 1243837 40998 1.6 22 14 8 16 63% 203 44709 185 136%
c
c seconds    switched      rate           size/glue  tier1    binary       remaining
c         MB   reductions     conflicts         size   tier2     irredundant
c          level     restarts        redundant     glue    trail       variables
c
c w 33.55 229 20 37 151 31636 1 1243837 40979 1.6 22 14 8 16 63% 203 44709 185 136%
c x 33.58 229 20 37 151 31636 1 1243837 40979 1.6 22 14 8 16 63% 203 44690 185 136%
c t 33.58 229 20 37 151 31636 1 1243837 40979 1.6 22 14 8 16 63% 202 44690 185 136%
c - 33.60 229 20 37 152 31636 1 1244006 37264 1.6 22 14 8 16 63% 202 44690 185 136%
c ] 33.73 229 20 38 152 31643 1 1254170 45227 1.6 21 14 8 16 64% 202 44690 185 136%
c { 33.73 229 14 38 152 31643 2 1254170 45227 1.7 16 9 5 11 60% 202 44690 185 136%
c - 33.76 229 14 38 153 31650 2 1256334 42653 1.7 16 9 5 10 60% 202 44690 185 136%
c o 33.81 229 14 38 153 31710 2 1259797 45529 1.7 16 9 5 10 61% 202 44690 185 136%
c - 33.99 229 14 38 154 31724 2 1268704 48168 1.8 16 9 5 10 61% 202 44690 185 136%
c - 34.24 229 14 38 155 31763 2 1281114 52571 1.8 16 9 5 10 61% 205 44690 185 136%
c - 34.51 229 13 38 156 31810 1 1293563 54304 1.8 16 9 5 10 62% 207 44690 185 136%
c - 34.76 229 13 38 157 31815 1 1306053 55326 1.8 16 9 5 10 62% 211 44690 185 136%
c i 34.77 229 13 38 157 31815 1 1306868 55860 1.8 16 9 5 10 62% 214 44690 183 135%
c i 34.93 229 13 38 157 31823 1 1314796 62062 1.9 16 9 5 10 62% 222 44690 182 134%
c - 35.02 229 13 38 158 31831 1 1318582 39638 1.9 16 9 5 10 62% 203 44690 182 134%
c - 35.28 229 13 38 159 31981 1 1331151 46907 1.9 16 8 5 10 62% 204 44690 182 134%
c } 35.42 229 12 39 159 32038 1 1337503 52117 1.9 16 8 5 10 62% 207 44690 182 134%
c [ 35.42 229 20 39 159 32038 1 1337503 52117 1.6 21 14 8 16 64% 207 44690 182 134%
c I 35.42 229 20 39 159 32038 1 1337503 52117 1.6 21 14 8 16 64% 207 44690 182 134%
c - 35.53 229 20 39 160 32043 1 1343761 53830 1.6 21 13 7 16 64% 208 44690 182 134%
c
c seconds    switched      rate           size/glue  tier1    binary       remaining
c         MB   reductions     conflicts         size   tier2     irredundant
c          level     restarts        redundant     glue    trail       variables
c
c i 35.54 229 20 39 160 32043 1 1344744 54545 1.6 21 13 7 16 64% 213 44690 181 133%
c u 35.70 229 20 39 160 32046 1 1351174 50913 1.6 21 13 7 16 64% 209 39648 181 133%
c v 35.75 229 20 39 160 32046 1 1351174 50566 1.6 21 13 7 16 64% 207 39648 181 133%
c w 35.77 229 20 39 160 32046 1 1351174 50506 1.6 21 13 7 16 64% 207 39648 181 133%
c x 35.80 229 20 39 160 32046 1 1351174 50505 1.6 21 13 7 16 64% 208 39456 181 133%
c - 35.89 229 20 39 161 32050 1 1356411 46143 1.6 21 13 7 16 64% 186 39456 181 133%
c - 36.16 229 19 39 162 32052 1 1369100 50033 1.6 20 13 7 16 63% 186 39456 181 133%
c - 36.45 229 19 39 163 32059 1 1381829 54265 1.6 20 13 7 16 63% 187 39456 181 133%
c i 36.61 229 19 39 163 32065 1 1391055 60870 1.5 20 13 7 16 63% 191 39456 180 132%
c - 36.69 229 19 39 164 32066 1 1394597 33724 1.5 20 13 7 16 63% 184 39456 180 132%
c - 36.94 229 19 39 165 32068 1 1407403 40110 1.5 20 13 7 16 62% 184 39456 180 132%
c - 37.22 229 19 39 166 32068 1 1420248 46857 1.5 20 13 7 16 62% 184 39456 180 132%
c ] 37.24 229 19 40 166 32069 1 1420889 47382 1.5 20 13 7 16 62% 184 39456 180 132%
c { 37.24 229 12 40 166 32069 1 1420889 47382 1.9 16 8 5 10 62% 184 39456 180 132%
c o 37.24 229 12 40 166 32078 1 1420933 47422 1.9 16 8 5 10 62% 184 39456 180 132%
c - 37.57 229 13 40 167 33260 1 1433133 52406 1.8 16 8 5 10 62% 185 39456 180 132%
c - 37.90 229 13 40 168 34499 2 1446055 54116 1.8 16 9 5 10 62% 187 39456 180 132%
c - 38.20 229 13 40 169 35148 2 1459016 55846 1.8 15 9 5 10 62% 187 39456 180 132%
c u 38.39 229 13 40 169 35448 2 1464111 59198 1.8 15 9 5 10 62% 187 38509 180 132%
c v 38.45 229 13 40 169 35448 2 1464111 58383 1.8 15 9 5 10 62% 186 38509 180 132%
c
c seconds    switched      rate           size/glue tier1    binary       remaining
c         MB   reductions     conflicts         size  tier2     irredundant
c          level     restarts        redundant    glue    trail       variables
c
c w 38.48 229 13 40 169 35448 2 1464111 58164 1.8 15 9 5 10 62% 186 38509 180 132%
c x 38.51 229 13 40 169 35448 2 1464111 58161 1.8 15 9 5 10 62% 224 38384 180 132%
c t 38.52 229 13 40 169 35448 2 1464111 58161 1.8 15 9 5 10 62% 186 38384 180 132%
c f 38.52 229 13 40 169 35448 2 1464111 58161 1.8 15 9 5 10 62% 189 38364 181 133%
c u 38.59 229 13 40 169 35448 2 1464111 57766 1.8 15 9 5 10 62% 190 38364 181 133%
c v 38.65 229 13 40 169 35448 2 1464111 57289 1.8 15 9 5 10 62% 190 38364 181 133%
c w 38.68 229 13 40 169 35448 2 1464111 57093 1.8 15 9 5 10 62% 190 38364 181 133%
c x 38.71 229 13 40 169 35448 2 1464111 57093 1.8 15 9 5 10 62% 193 38135 181 133%
c t 38.72 229 13 40 169 35448 2 1464111 57093 1.8 15 9 5 10 62% 192 38135 181 133%
c f 38.72 229 13 40 169 35448 2 1464111 57093 1.8 15 9 5 10 62% 194 38060 183 135%
c - 38.95 229 13 40 170 36039 2 1472016 56062 1.7 15 9 5 10 62% 195 38060 183 135%
c - 39.25 229 13 40 171 36687 2 1485054 58849 1.7 15 9 5 10 62% 196 38060 183 135%
c i 39.43 229 12 40 171 36786 2 1495250 66043 1.7 14 8 5 10 62% 203 38060 182 134%
c - 39.53 229 13 40 172 37186 2 1498131 30677 1.7 14 9 4 10 62% 197 38060 182 134%
c i 39.74 229 13 40 172 38064 2 1506734 37467 1.7 14 9 4 10 61% 207 38060 180 132%
c i 39.78 229 13 40 172 38069 2 1508296 38478 1.7 14 9 4 10 61% 215 38060 179 132%
c s 39.90 229 13 40 172 38098 2 1508498 38647 1.7 14 9 4 10 61% 212 30507 179 132%
c e 39.91 229 13 40 172 38098 2 1508498 38647 1.7 14 9 4 10 61%  96 30602 134 99%
c s 40.02 229 13 40 172 38098 2 1508498 38647 1.7 14 9 4 10 61%  96 30314 134 99%
c e 40.02 229 13 40 172 38098 2 1508498 38647 1.7 14 9 4 10 61%  95 30331 133 98%
c
c seconds    switched      rate           size/glue tier1    binary       remaining
c         MB   reductions     conflicts         size  tier2     irredundant
c          level     restarts        redundant    glue    trail       variables
c
c - 40.08 229 13 40 173 38245 2 1511245 27495 1.7 14 9 4 10 61% 104 30331 133 98%
c } 40.09 229 13 41 173 38293 2 1512361 28339 1.7 14 9 4 10 61% 104 30331 133 98%
c [ 40.09 229 19 41 173 38293 1 1512361 28339 1.5 20 13 7 16 62% 104 30331 133 98%
c B 40.09 229 19 41 173 38293 1 1512361 28339 1.5 20 13 7 16 62% 104 30331 133 98%
c - 40.33 229 18 41 174 38299 1 1524398 35450 1.5 19 13 7 15 62% 104 30331 133 98%
c - 40.58 229 18 41 175 38307 1 1537590 40278 1.6 19 12 7 15 61% 105 30331 133 98%
c i 40.79 229 17 41 175 38310 1 1549519 49182 1.6 19 12 7 15 61% 113 30331 132 97%
c - 40.82 229 17 41 176 38312 1 1550821 30414 1.6 19 12 7 15 61% 112 30331 132 97%
c - 41.05 229 17 41 177 38319 1 1564087 35736 1.6 18 12 7 15 60% 113 30331 132 97%
c - 41.34 229 16 41 178 38322 1 1577391 41717 1.6 18 11 7 15 59% 116 30331 132 97%
c i 41.43 229 16 41 178 38323 1 1581596 44352 1.6 17 11 7 15 59% 121 30331 131 96%
c d 41.45 229 16 41 178 38323 1 1582225 28015 1.6 17 11 7 15 59% 122 27165 130 96%
c b 41.45 229 16 41 178 38323 1 1582225 28015 1.6 17 11 7 15 59% 122 27165 129 95%
c u 41.50 229 16 41 178 38323 1 1582225 26144 1.6 17 11 7 15 59% 116 27165 129 95%
c v 41.56 229 16 41 178 38323 1 1582225 25754 1.6 17 11 7 15 59% 116 27165 129 95%
c w 41.58 229 16 41 178 38323 1 1582225 25350 1.6 17 11 7 15 59% 116 27165 129 95%
c x 41.62 229 16 41 178 38323 1 1582225 25350 1.6 17 11 7 15 59% 116 26490 129 95%
c f 41.66 229 16 41 178 38323 1 1582225 25350 1.6 17 11 7 15 59% 187 24225 166 122%
c u 41.71 229 16 41 178 38323 1 1582225 24510 1.6 17 11 7 15 59% 271 24225 165 121%
c v 41.77 229 16 41 178 38323 1 1582225 23699 1.6 17 11 7 15 59% 194 24225 165 121%
c
c seconds    switched      rate           size/glue  tier1    binary       remaining
c         MB   reductions     conflicts         size   tier2     irredundant
c          level     restarts        redundant     glue    trail       variables
c
c w 41.79 229 16 41 178 38323 1 1582225 23628 1.6 17 11 7 15 59% 194 24225 165 121%
c x 41.83 229 16 41 178 38323 1 1582225 23625 1.6 17 11 7 15 59% 214 23190 165 121%
c t 41.84 229 16 41 178 38323 1 1582225 23123 1.6 17 11 7 15 59% 209 23190 165 121%
c f 41.85 229 16 41 178 38323 1 1582225 23123 1.6 17 11 7 15 59% 228 22910 175 129%
c i 41.85 229 16 41 178 38323 1 1582225 23123 1.6 17 11 7 15 59% 228 22910 175 129%
c i 41.94 229 16 41 178 38323 1 1587980 27104 1.6 17 11 7 15 59% 234 22910 171 126%
c i 41.95 229 16 41 178 38323 1 1588378 27329 1.6 17 11 7 15 59% 239 22910 166 122%
c i 41.97 229 16 41 178 38323 1 1588915 27660 1.6 17 11 7 15 59% 243 22910 165 121%
c i 41.97 229 16 41 178 38323 1 1589091 27748 1.6 17 11 7 15 59% 248 22910 147 108%
c i 41.97 229 16 41 178 38323 1 1589108 27760 1.6 17 11 7 15 59% 248 22910 146 107%
c i 41.97 229 16 41 178 38323 1 1589123 27764 1.6 17 11 7 15 59% 250 22910 133 98%
c i 41.97 229 16 41 178 38323 1 1589125 27764 1.6 17 11 7 15 59% 251 22910 132 97%
c ] 41.97 229 16 41 178 38323 1 1589127 27764 1.6 17 11 7 15 59% 251 22910 104 76%
c 0 41.97 229 13 41 178 38323 2 1589127 27764 1.7 14 9 4 10 61% 251 22910 104 76%
c
c ---- [ result ] ------------------------------------------------------------
c
s UNSATISFIABLE
c
c ---- [ profiling ] ---------------------------------------------------------
c
c          32.47   77.36 %  search
c          16.33   38.92 %  focused
c          16.13   38.44 %  stable
c           8.08   19.24 %  simplify
c           7.55   17.98 %  probe
c           4.61   10.98 %  vivify
c           1.98    4.72 %  factor
c           1.88    4.49 %  eliminate
c           1.79    4.26 %  subsume
c           1.40    3.34 %  preprocess
c           0.71    1.69 %  reduce
c           0.64    1.53 %  sweep
c           0.27    0.65 %  substitute
c           0.05    0.13 %  walking
c           0.03    0.07 %  congruence
c           0.02    0.04 %  parse
c           0.01    0.03 %  transitive
c           0.00    0.01 %  lucky
c           0.00    0.00 %  backbone
c =============================================
c          41.97  100.00 %  total
c
c ---- [ statistics ] --------------------------------------------------------
c
c conflicts:                          1589127            37861.93 per second
c decisions:                          2144638                1.35 per conflict
c eliminated:                             612              450 %  variables
c factored:                               711              523 %  variables
c iterations:                              22               16 %  variables
c propagations:                      31613360           753208    per second
c reductions:                             178             8928    interval
c reordered:                               17            93478    interval
c rephased:                                28            56755    interval
c restarts:                             38323               41    interval
c strengthened:                          2670                0 %  checks
c substituted:                              5                4 %  variables
c subsumed:                             27601                0 %  checks
c switched:                                41            38759    interval
c vivified:                            113136               71 %  checks
c walks:                                    9           176570    interval
c
c ---- [ glue usage ] --------------------------------------------------------
c
c focused glue 4   used 397961 clauses 14.76% accumulated 50.72% tier1
c focused glue 5   used 307362 clauses 11.40% accumulated 62.12%
c focused glue 6-8 used 579247 clauses 21.49% accumulated 83.61%
c focused glue 9   used 133135 clauses  4.94% accumulated 88.55%
c focused glue 10  used 100195 clauses  3.72% accumulated 92.27% tier2
c
c stable glue 7    used 257947 clauses  6.78% accumulated 55.98% tier1
c stable glue 8    used 247295 clauses  6.50% accumulated 62.49%
c stable glue 9-13 used 883968 clauses 23.25% accumulated 85.74%
c stable glue 14   used 107587 clauses  2.83% accumulated 88.56%
c stable glue 15   used  89314 clauses  2.35% accumulated 90.91% tier2
c
c ---- [ resources ] ---------------------------------------------------------
c
c maximum-resident-set-size:     245735882752 bytes     234352 MB
c process-time:                            42s              41.97 seconds
c
c ---- [ shutting down ] -----------------------------------------------------
c
c exit 20
