c ---- [ banner ] ------------------------------------------------------------
c
c Kissat SAT Solver
c 
c Copyright (c) 2021-2024 Armin Biere University of Freiburg
c Copyright (c) 2019-2021 Armin Biere Johannes Kepler University Linz
c 
c Version 4.0.4 8af8e56f174b778aef3aa45af9f739b2a5f492c2
c Apple clang version 17.0.0 (clang-1700.6.3.2) -W -Wall -O3 -DNDEBUG
c Mon Mar 30 18:25:47 CEST 2026 Darwin Mac 24.6.0 arm64
c
c ---- [ parsing ] -----------------------------------------------------------
c
c opened and reading DIMACS file:
c
c   tmp.cnf
c
c parsed 'p cnf 105 35490' header
c closing input after reading 769694 bytes (752 KB)
c finished parsing after 0.00 seconds
c
c ---- [ solving ] -----------------------------------------------------------
c
c seconds switched rate     size/glue tier1 binary       remaining
c        MB reductions conflicts size  tier2   irredundant
c         level restarts redundant glue  trail       variables
c
c *  0.00  9 0 0 0  0 0   0   0 0.0 0 0 0 0 0%   8 35482 105 100%
c (  0.01  9 0 0 0  0 0   0   0 0.0 0 0 0 0 0%   8 35482 105 100%
c .  0.01  9 0 0 0  0 0   0   0 0.0 0 0 0 0 0%   8 35482 105 100%
c f  1.23 11 0 0 0  0 0   0   0 0.0 0 0 0 0 0% 754 10540 473 450%
c )  1.23 11 0 0 0  0 0   0   0 0.0 0 0 0 0 0% 754 10540 473 450%
c {  1.23 11 0 0 0  0 0   0   0 0.0 0 0 2 6 0% 754 10540 473 450%
c -  1.24 11 13 0 1 48 2 1000 649 1.9 16 8 7 10 46% 755 10540 473 450%
c }  1.24 11 13 1 1 48 2 1000 649 1.9 16 8 7 10 46% 755 10540 473 450%
c [  1.24 11 0 1 1 48 0 1000 649 0.0 0 0 2 6 0% 755 10540 473 450%
c B  1.24 11 15 1 1 48 2 1006 654 1.7 17 10 2 6 51% 755 10540 473 450%
c ]  1.25 11 13 2 1 48 1 1827 1263 1.5 15 10 7 12 49% 755 10540 473 450%
c {  1.25 11 13 2 1 48 2 1827 1263 1.9 16 8 7 10 46% 755 10540 473 450%
c -  1.25 11 13 2 2 66 2 2000 1376 1.9 15 8 7 10 46% 755 10540 473 450%
c }  1.26 11 14 3 2 269 2 2827 2039 1.8 15 9 7 11 46% 755 10540 473 450%
c [  1.26 11 13 3 2 269 1 2827 2039 1.5 15 10 7 12 49% 755 10540 473 450%
c W  1.26 12 13 3 2 269 1 2827 2039 1.5 15 10 7 12 49% 755 10540 473 450%
c b  1.26 12 14 3 2 269 1 2905 2111 1.6 15 10 7 12 50% 755 10540 471 449%
c u  1.26 12 14 3 2 269 1 2905 2082 1.6 15 10 7 12 50% 755 10540 471 449%
c v  1.26 12 14 3 2 269 1 2905 2035 1.6 15 10 7 12 50% 755 10540 471 449%
c w  1.27 12 14 3 2 269 1 2905 2032 1.6 15 10 7 12 50% 755 10540 471 449%
c
c seconds  switched  rate       size/glue  tier1    binary       remaining
c        MB reductions conflicts      size   tier2     irredundant
c         level restarts   redundant     glue    trail       variables
c
c x  1.27 12 14 3 2 269 1 2905 2029 1.6 15 10 7 12 50% 755 10205 471 449%
c t  1.27 12 14 3 2 269 1 2905 2029 1.6 15 10 7 12 50% 735 10205 471 449%
c f  1.27 12 14 3 2 269 1 2905 2029 1.6 15 10 7 12 50% 745 10188 475 452%
c u  1.27 12 14 3 2 269 1 2905 1950 1.6 15 10 7 12 50% 741 10188 475 452%
c v  1.28 12 14 3 2 269 1 2905 1856 1.6 15 10 7 12 50% 741 10188 475 452%
c w  1.28 12 14 3 2 269 1 2905 1813 1.6 15 10 7 12 50% 741 10188 475 452%
c x  1.28 12 14 3 2 269 1 2905 1812 1.6 15 10 7 12 50% 741 10074 475 452%
c t  1.29 13 14 3 2 269 1 2905 1812 1.6 15 10 7 12 50% 737 10074 475 452%
c f  1.29 13 14 3 2 269 1 2905 1812 1.6 15 10 7 12 50% 741 10031 477 454%
c -  1.30 13 14 3 3 269 1 3414 2039 1.6 15 9 6 12 51% 743 10031 477 454%
c ]  1.30 13 12 4 3 270 1 4286 2639 1.6 14 9 6 12 51% 746 10031 477 454%
c {  1.30 13 14 4 3 270 2 4286 2639 1.8 15 9 7 11 46% 746 10031 477 454%
c -  1.31 13 12 4 4 270 2 5146 2892 1.7 13 8 6 10 47% 752 10031 477 454%
c i  1.31 13 12 4 4 270 2 5167 2903 1.7 13 8 6 10 48% 755 10031 475 452%
c i  1.31 13 13 4 4 272 2 5433 3103 1.7 13 8 6 10 47% 762 10031 473 450%
c i  1.31 13 13 4 4 272 2 5434 3103 1.7 13 8 6 10 47% 762 10031 472 450%
c i  1.32 14 13 4 4 344 2 5664 3306 1.7 13 8 6 10 47% 764 10031 471 449%
c i  1.32 14 13 4 4 345 2 5665 3306 1.7 13 8 6 10 47% 764 10031 464 442%
c i  1.32 14 13 4 4 346 2 6144 3596 1.6 12 8 5 10 48% 772 10031 436 415%
c i  1.32 14 13 4 4 395 2 6336 3767 1.6 12 8 5 10 48% 773 10031 435 414%
c
c seconds  switched  rate       size/glue tier1    binary       remaining
c        MB reductions conflicts      size  tier2     irredundant
c         level restarts   redundant    glue    trail       variables
c
c }  1.33 14 13 5 4 462 2 6638 4015 1.6 12 8 5 10 48% 774 10031 435 414%
c [  1.33 14 12 5 4 462 1 6638 4015 1.6 14 9 6 12 51% 774 10031 435 414%
c I  1.33 14 12 5 4 462 1 6638 4015 1.6 14 9 6 12 51% 774 10031 435 414%
c -  1.33 14 12 5 5 462 1 7146 1523 1.7 14 8 6 10 52% 597 10031 435 414%
c b  1.34 14 14 5 5 464 1 8982 3157 1.8 16 9 6 11 54% 624 7583 434 413%
c u  1.34 14 14 5 5 464 1 8982 3125 1.8 16 9 6 11 54% 619 7583 434 413%
c v  1.35 15 14 5 5 464 1 8982 3091 1.8 16 9 6 11 54% 620 7583 434 413%
c w  1.35 15 14 5 5 464 1 8982 3086 1.8 16 9 6 11 54% 620 7583 434 413%
c x  1.35 15 14 5 5 464 1 8982 3084 1.8 16 9 6 11 54% 622 7254 434 413%
c t  1.35 15 14 5 5 464 1 8982 3084 1.8 16 9 6 11 54% 616 7254 429 409%
c f  1.35 15 14 5 5 464 1 8982 3084 1.8 16 9 6 11 54% 655 7168 443 422%
c u  1.35 15 14 5 5 464 1 8982 3030 1.8 16 9 6 11 54% 656 7168 443 422%
c v  1.36 15 14 5 5 464 1 8982 2984 1.8 16 9 6 11 54% 657 7168 443 422%
c w  1.36 15 14 5 5 464 1 8982 2984 1.8 16 9 6 11 54% 657 7168 443 422%
c x  1.36 15 14 5 5 464 1 8982 2981 1.8 16 9 6 11 54% 657 7001 443 422%
c t  1.36 15 14 5 5 464 1 8982 2981 1.8 16 9 6 11 54% 651 7001 443 422%
c f  1.36 15 14 5 5 464 1 8982 2981 1.8 16 9 6 11 54% 666 6919 450 429%
c -  1.37 15 15 5 6 464 1 9382 3007 1.7 16 9 6 11 53% 654 6919 450 429%
c ]  1.37 15 15 6 6 464 1 9718 3307 1.7 16 9 6 11 53% 654 6919 450 429%
c {  1.37 15 13 6 6 464 2 9718 3307 1.6 12 8 5 10 48% 654 6919 450 429%
c
c seconds  switched  rate        size/glue tier1    binary      remaining
c        MB reductions conflicts       size  tier2    irredundant
c         level restarts    redundant    glue    trail      variables
c
c o  1.38 15 13 6 6 478 2 10601 4032 1.7 13 7 5 10 50% 654 6919 450 429%
c i  1.38 15 12 6 6 478 2 10776 4138 1.7 12 7 5 10 49% 668 6919 449 428%
c i  1.38 15 12 6 6 478 2 10780 4139 1.7 12 7 5 10 49% 669 6919 448 427%
c -  1.39 16 12 6 7 478 2 11831 4488 1.7 12 7 5 9 49% 634 6798 448 427%
c }  1.40 16 11 7 7 483 2 13787 6166 1.8 12 7 5 9 50% 636 6798 448 427%
c [  1.40 16 15 7 7 483 1 13787 6166 1.7 16 9 6 11 53% 636 6798 448 427%
c B  1.40 16 15 7 7 483 1 13787 6166 1.7 16 9 6 11 53% 636 6798 448 427%
c -  1.41 16 15 7 8 483 1 14476 5826 1.8 16 9 6 11 55% 636 6798 448 427%
c s  1.41 16 15 7 8 483 1 14518 5865 1.8 16 9 6 11 55% 639 5318 448 427%
c e  1.42 16 15 7 8 483 1 14518 5865 1.8 16 9 6 11 55% 410 5228 275 262%
c 2  1.42 16 15 7 8 483 1 14518 5865 1.8 16 9 6 11 55% 402 5228 275 262%
c s  1.42 16 15 7 8 483 1 14518 5865 1.8 16 9 6 11 55% 403 4959 275 262%
c e  1.42 16 15 7 8 483 1 14518 5865 1.8 16 9 6 11 55% 399 4961 273 260%
c ^  1.42 16 15 7 8 483 1 14518 5865 1.8 16 9 6 11 55% 399 4961 273 260%
c -  1.44 17 15 7 9 485 1 17304 6240 1.8 16 9 6 11 57% 400 4961 273 260%
c b  1.46 17 15 7 9 486 1 18881 7598 1.8 16 9 6 11 59% 400 4961 266 253%
c u  1.46 17 15 7 9 486 1 18881 7541 1.8 16 9 6 11 59% 401 4961 266 253%
c v  1.46 18 15 7 9 486 1 18881 7407 1.8 16 9 6 11 59% 401 4961 266 253%
c w  1.46 18 15 7 9 486 1 18881 7386 1.8 16 9 6 11 59% 401 4961 266 253%
c x  1.46 18 15 7 9 486 1 18881 7386 1.8 16 9 6 11 59% 402 4945 266 253%
c
c seconds  switched  rate        size/glue tier1    binary      remaining
c        MB reductions conflicts       size  tier2    irredundant
c         level restarts    redundant    glue    trail      variables
c
c t  1.48 18 15 7 9 486 1 18881 7386 1.8 16 9 6 11 59% 396 4945 266 253%
c f  1.48 18 15 7 9 486 1 18881 7386 1.8 16 9 6 11 59% 409 4807 275 262%
c u  1.48 19 15 7 9 486 1 18881 7374 1.8 16 9 6 11 59% 409 4807 275 262%
c v  1.48 19 15 7 9 486 1 18881 7366 1.8 16 9 6 11 59% 409 4807 275 262%
c w  1.48 19 15 7 9 486 1 18881 7364 1.8 16 9 6 11 59% 409 4807 275 262%
c x  1.49 19 15 7 9 486 1 18881 7363 1.8 16 9 6 11 59% 409 4700 275 262%
c f  1.49 19 15 7 9 486 1 18881 7363 1.8 16 9 6 11 59% 418 4632 280 267%
c ]  1.49 19 15 8 9 486 1 18909 7388 1.8 16 9 6 11 59% 418 4632 280 267%
c {  1.49 19 11 8 9 486 2 18909 7388 1.8 12 7 5 9 50% 418 4632 280 267%
c -  1.51 20 12 8 10 875 2 20305 6990 1.7 13 7 4 8 51% 406 4631 280 267%
c o  1.51 21 12 8 10 942 2 20790 7426 1.8 13 7 4 8 51% 406 4631 280 267%
c i  1.52 21 12 8 10 1046 2 21394 7895 1.8 13 7 4 8 51% 412 4631 279 266%
c i  1.53 21 12 8 10 1132 2 22566 8861 1.8 13 7 4 8 53% 413 4631 276 263%
c i  1.54 21 12 8 10 1222 2 23460 9618 1.8 13 7 4 8 54% 414 4631 275 262%
c -  1.54 21 12 8 11 1224 2 23467 7557 1.8 13 7 4 8 54% 396 4631 275 262%
c }  1.56 21 12 9 11 1479 2 25068 8834 1.7 13 7 4 8 55% 399 4631 275 262%
c [  1.56 21 15 9 11 1479 1 25068 8834 1.8 16 9 6 11 59% 399 4631 275 262%
c W  1.56 21 15 9 11 1479 1 25068 8834 1.8 16 9 6 11 59% 398 4510 275 262%
c -  1.57 22 15 9 12 1480 1 26783 8605 1.8 17 9 5 11 61% 398 4510 275 262%
c -  1.60 22 15 9 13 1483 1 30247 9477 1.8 17 9 5 11 62% 398 4510 275 262%
c
c seconds  switched    rate        size/glue tier1    binary      remaining
c        MB  reductions  conflicts       size  tier2    irredundant
c         level   restarts    redundant    glue    trail      variables
c
c s  1.60 22 15 9 13 1483 1 30647 9811 1.8 17 9 5 11 62% 398 4305 275 262%
c e  1.61 22 15 9 13 1483 1 30647 9811 1.8 17 9 5 11 62% 330 4372 237 226%
c s  1.61 23 15 9 13 1483 1 30647 9811 1.8 17 9 5 11 62% 330 4285 237 226%
c e  1.61 23 15 9 13 1483 1 30647 9811 1.8 17 9 5 11 62% 325 4293 234 223%
c ^  1.61 23 15 9 13 1483 1 30647 9811 1.8 17 9 5 11 62% 325 4293 234 223%
c O  1.63 23 16 9 13 1484 1 32596 9498 1.8 17 9 5 11 63% 325 4293 234 223%
c ]  1.63 23 16 10 13 1484 1 32874 9747 1.8 17 9 5 11 63% 325 4293 234 223%
c {  1.63 23 12 10 13 1484 2 32874 9747 1.7 13 7 4 8 55% 325 4293 234 223%
c u  1.64 23 12 10 13 1505 2 33370 10135 1.7 13 7 4 8 55% 328 4291 234 223%
c v  1.64 23 12 10 13 1505 2 33370 10107 1.7 13 7 4 8 55% 328 4291 234 223%
c w  1.64 23 12 10 13 1505 2 33370 10102 1.7 13 7 4 8 55% 328 4291 234 223%
c x  1.65 23 12 10 13 1505 2 33370 10100 1.7 13 7 4 8 55% 328 4261 234 223%
c t  1.65 23 12 10 13 1505 2 33370 10100 1.7 13 7 4 8 55% 320 4261 234 223%
c f  1.65 23 12 10 13 1505 2 33370 10100 1.7 13 7 4 8 55% 359 4132 249 237%
c b  1.65 23 12 10 13 1505 2 33370 10100 1.7 13 7 4 8 55% 359 4132 248 236%
c u  1.65 23 12 10 13 1505 2 33370 10030 1.7 13 7 4 8 55% 363 4132 248 236%
c v  1.66 23 12 10 13 1505 2 33370 9974 1.7 13 7 4 8 55% 364 4132 248 236%
c w  1.66 23 12 10 13 1505 2 33370 9971 1.7 13 7 4 8 55% 364 4132 248 236%
c x  1.66 23 12 10 13 1505 2 33370 9970 1.7 13 7 4 8 55% 365 4113 248 236%
c t  1.66 23 12 10 13 1505 2 33370 9970 1.7 13 7 4 8 55% 360 4113 248 236%
c
c seconds   switched    rate        size/glue tier1   binary      remaining
c        MB   reductions  conflicts       size  tier2   irredundant
c         level    restarts    redundant    glue   trail      variables
c
c f  1.67 23 12 10 13 1505 2 33370 9970 1.7 13 7 4 8 55% 382 4001 260 248%
c -  1.67 23 12 10 14 1505 2 33852 8777 1.7 13 7 4 8 55% 379 4001 260 248%
c i  1.68 23 12 10 14 1505 2 34138 8955 1.7 13 7 4 8 56% 387 4001 259 247%
c i  1.68 23 12 10 14 1507 2 34610 9307 1.7 13 7 4 8 56% 391 4001 251 239%
c -  1.71 23 12 10 15 1777 2 37596 8729 1.7 13 7 4 8 58% 354 4001 251 239%
c i  1.72 23 12 10 15 1970 2 38914 9786 1.7 13 7 4 8 58% 357 4001 249 237%
c i  1.74 23 12 10 15 2225 2 40231 10918 1.7 13 8 4 8 58% 357 4001 224 213%
c o  1.75 23 13 10 15 2317 2 40815 11380 1.7 13 8 4 8 58% 357 4001 224 213%
c -  1.76 23 13 10 16 2432 2 41470 9560 1.7 13 8 4 8 58% 320 3511 224 213%
c }  1.76 23 13 11 16 2432 2 41501 9587 1.7 13 8 4 8 58% 320 3511 224 213%
c [  1.76 23 16 11 16 2432 1 41501 9587 1.8 17 9 5 11 63% 320 3511 224 213%
c B  1.76 23 16 11 16 2432 1 42359 10311 1.8 17 9 5 11 63% 320 3511 224 213%
c -  1.79 23 16 11 17 2434 1 45472 10972 1.8 16 9 4 11 64% 321 3511 224 213%
c -  1.83 23 15 11 18 2437 1 49595 11859 1.7 16 9 4 10 64% 321 3511 224 213%
c ]  1.85 23 15 12 18 2438 1 51811 13659 1.7 16 9 4 10 64% 322 3511 224 213%
c {  1.85 23 13 12 18 2438 2 51811 13659 1.7 13 8 4 8 58% 322 3511 224 213%
c c  1.86 23 13 12 18 2488 2 52446 14165 1.7 13 8 4 8 59% 320 3464 222 211%
c d  1.86 23 13 12 18 2488 2 52446 14029 1.7 13 8 4 8 59% 318 3464 222 211%
c b  1.86 23 13 12 18 2488 2 52446 14029 1.7 13 8 4 8 59% 318 3464 221 210%
c u  1.86 23 13 12 18 2488 2 52446 13873 1.7 13 8 4 8 59% 319 3464 221 210%
c
c seconds   switched    rate         size/glue tier1   binary      remaining
c        MB   reductions  conflicts        size  tier2   irredundant
c         level    restarts     redundant    glue   trail      variables
c
c v  1.87 23 13 12 18 2488 2 52446 13803 1.7 13 8 4 8 59% 322 3464 221 210%
c w  1.87 23 13 12 18 2488 2 52446 13751 1.7 13 8 4 8 59% 321 3464 221 210%
c x  1.87 23 13 12 18 2488 2 52446 13749 1.7 13 8 4 8 59% 322 3403 221 210%
c =  1.90 24 13 12 18 2488 2 52446 13749 1.7 13 8 4 8 59% 324 3386 217 207%
c d  1.90 24 13 12 18 2488 2 52446 13738 1.7 13 8 4 8 59% 321 3386 217 207%
c t  1.90 24 13 12 18 2488 2 52446 13738 1.7 13 8 4 8 59% 314 3386 217 207%
c f  1.90 24 13 12 18 2488 2 52446 13738 1.7 13 8 4 8 59% 356 3178 239 228%
c u  1.91 24 13 12 18 2488 2 52446 13569 1.7 13 8 4 8 59% 357 3178 239 228%
c v  1.91 24 13 12 18 2488 2 52446 13446 1.7 13 8 4 8 59% 361 3178 239 228%
c w  1.92 24 13 12 18 2488 2 52446 13434 1.7 13 8 4 8 59% 360 3178 239 228%
c x  1.92 24 13 12 18 2488 2 52446 13434 1.7 13 8 4 8 59% 369 3119 239 228%
c t  1.92 24 13 12 18 2488 2 52446 13434 1.7 13 8 4 8 59% 360 3119 239 228%
c f  1.92 24 13 12 18 2488 2 52446 13434 1.7 13 8 4 8 59% 365 3103 242 230%
c i  1.94 24 12 12 18 2513 2 53834 14416 1.7 13 8 4 8 59% 376 3103 234 223%
c -  1.94 24 12 12 19 2513 2 53838 5857 1.7 13 8 4 8 59% 331 3065 234 223%
c i  1.94 24 12 12 19 2513 2 53898 5914 1.7 13 8 4 8 59% 331 3065 233 222%
c i  1.94 24 12 12 19 2513 2 53959 5943 1.7 13 8 4 8 59% 333 3065 230 219%
c i  1.94 24 12 12 19 2513 2 53964 5939 1.7 13 8 4 8 59% 337 3065 229 218%
c i  1.94 24 12 12 19 2513 2 54034 5985 1.7 13 8 4 8 59% 339 3065 218 208%
c i  1.94 24 12 12 19 2513 2 54036 5985 1.7 13 8 4 8 59% 340 3065 213 203%
c
c seconds   switched    rate        size/glue tier1   binary      remaining
c        MB   reductions  conflicts       size  tier2   irredundant
c         level    restarts    redundant    glue   trail      variables
c
c i  1.94 24 12 12 19 2513 2 54173 6035 1.7 13 7 4 8 59% 343 3065 212 202%
c i  1.94 24 12 12 19 2513 2 54223 6055 1.7 13 7 4 8 59% 347 3065 211 201%
c i  1.94 24 12 12 19 2513 2 54237 6059 1.7 13 7 4 8 59% 348 3065 210 200%
c i  1.94 24 12 12 19 2513 2 54273 6064 1.7 13 7 4 8 59% 355 3065 202 192%
c }  1.94 24 12 12 19 2513 2 54367 6140 1.7 13 7 4 8 59% 359 3065 164 156%
c 0  1.94 24 12 12 19 2513 2 54367 6140 1.7 13 7 4 8 59% 359 3065 164 156%
c
c ---- [ result ] ------------------------------------------------------------
c
s UNSATISFIABLE
c
c ---- [ profiling ] ---------------------------------------------------------
c
c           1.42   72.94 %  probe
c           1.25   64.22 %  factor
c           1.23   63.22 %  preprocess
c           0.50   25.59 %  search
c           0.26   13.51 %  focused
c           0.23   12.08 %  stable
c           0.21   10.88 %  simplify
c           0.10    4.96 %  vivify
c           0.06    3.00 %  sweep
c           0.02    1.11 %  eliminate
c           0.01    0.64 %  reduce
c           0.01    0.50 %  subsume
c           0.01    0.49 %  substitute
c           0.00    0.24 %  parse
c           0.00    0.21 %  congruence
c           0.00    0.06 %  walking
c           0.00    0.06 %  lucky
c           0.00    0.04 %  transitive
c           0.00    0.02 %  backbone
c =============================================
c           1.94  100.00 %  total
c
c ---- [ statistics ] --------------------------------------------------------
c
c conflicts:                            54367            27946.70 per second
c congruent:                                2                2 %  variables
c decisions:                            90780                1.67 per conflict
c eliminated:                             216              206 %  variables
c factored:                               461              439 %  variables
c iterations:                              27               26 %  variables
c propagations:                       2119733          1089623    per second
c reductions:                              19             2861    interval
c reordered:                                3            18122    interval
c rephased:                                 7             7767    interval
c restarts:                              2513               22    interval
c strengthened:                           371                0 %  checks
c substituted:                              3                3 %  variables
c subsumed:                              2037                0 %  checks
c switched:                                12             4531    interval
c vivified:                              4536               62 %  checks
c walks:                                    2            27184    interval
c
c ---- [ glue usage ] --------------------------------------------------------
c
c focused glue 4 used 13571 clauses 15.56% accumulated 63.71% tier1
c focused glue 5 used  9484 clauses 10.87% accumulated 74.58%
c focused glue 6 used  6980 clauses  8.00% accumulated 82.58%
c focused glue 7 used  4985 clauses  5.71% accumulated 88.30%
c focused glue 8 used  3349 clauses  3.84% accumulated 92.13% tier2
c
c stable glue 4   used 14461 clauses 12.77% accumulated 52.29% tier1
c stable glue 5   used 10779 clauses  9.52% accumulated 61.81%
c stable glue 6-8 used 22952 clauses 20.27% accumulated 82.08%
c stable glue 9   used  5304 clauses  4.69% accumulated 86.77%
c stable glue 10  used  4356 clauses  3.85% accumulated 90.61% tier2
c
c ---- [ resources ] ---------------------------------------------------------
c
c maximum-resident-set-size:      25618808832 bytes      24432 MB
c process-time:                             2s               1.94 seconds
c
c ---- [ shutting down ] -----------------------------------------------------
c
c exit 20
