c ---- [ banner ] ------------------------------------------------------------
c
c Kissat SAT Solver
c 
c Copyright (c) 2021-2024 Armin Biere University of Freiburg
c Copyright (c) 2019-2021 Armin Biere Johannes Kepler University Linz
c 
c Version 4.0.4 8af8e56f174b778aef3aa45af9f739b2a5f492c2
c Apple clang version 17.0.0 (clang-1700.6.3.2) -W -Wall -O3 -DNDEBUG
c Mon Mar 30 18:25:47 CEST 2026 Darwin Mac 24.6.0 arm64
c
c ---- [ parsing ] -----------------------------------------------------------
c
c opened and reading DIMACS file:
c
c   tmp.cnf
c
c parsed 'p cnf 66 9504' header
c closing input after reading 205502 bytes (201 KB)
c finished parsing after 0.00 seconds
c
c ---- [ solving ] -----------------------------------------------------------
c
c seconds switched rate     size/glue tier1 binary     remaining
c        MB reductions conflicts size  tier2  irredundant
c         level restarts redundant glue  trail     variables
c
c *  0.00  3 0 0 0  0 0   0   0 0.0 0 0 0 0 0%   0 9504 66 100%
c (  0.00  4 0 0 0  0 0   0   0 0.0 0 0 0 0 0%   0 9504 66 100%
c .  0.00  4 0 0 0  0 0   0   0 0.0 0 0 0 0 0%   0 9504 66 100%
c f  0.04  4 0 0 0  0 0   0   0 0.0 0 0 0 0 0% 121 5184 126 191%
c )  0.04  4 0 0 0  0 0   0   0 0.0 0 0 0 0 0% 121 5184 126 191%
c {  0.04  4 0 0 0  0 0   0   0 0.0 0 0 2 6 0% 121 5184 126 191%
c -  0.05  4 15 0 1 13 1 1000 608 1.4 14 10 7 12 63% 121 5184 126 191%
c }  0.05  4 15 1 1 13 1 1000 608 1.4 14 10 7 12 63% 121 5184 126 191%
c [  0.05  4 0 1 1 13 0 1000 608 0.0 0 0 2 6 0% 121 5184 126 191%
c B  0.05  4 8 1 1 13 0 1002 610 1.7 9 5 2 6 53% 121 5184 126 191%
c ]  0.05  4 21 2 1 13 1 1910 1415 1.4 16 12 7 16 66% 121 5184 126 191%
c {  0.05  4 15 2 1 13 1 1910 1415 1.4 14 10 7 12 63% 121 5184 126 191%
c -  0.05  4 16 2 2 18 2 2000 1434 1.4 14 10 7 12 62% 121 5184 126 191%
c }  0.06  5 17 3 2 57 2 2911 2269 1.6 14 9 7 12 64% 121 5184 126 191%
c [  0.06  5 21 3 2 57 1 2911 2269 1.4 16 12 7 16 66% 121 5184 126 191%
c W  0.06  5 21 3 2 57 1 2911 2269 1.4 16 12 7 16 66% 121 5184 126 191%
c u  0.07  5 21 3 2 57 1 3231 2534 1.3 16 12 7 16 66% 121 5184 126 191%
c v  0.07  5 21 3 2 57 1 3231 2528 1.3 16 12 7 16 66% 121 5184 126 191%
c w  0.07  5 21 3 2 57 1 3231 2516 1.3 16 12 7 16 66% 121 5184 126 191%
c x  0.07  5 21 3 2 57 1 3231 2516 1.3 16 12 7 16 66% 121 4779 126 191%
c
c seconds  switched rate       size/glue  tier1    binary      remaining
c        MB reductions conflicts     size   tier2    irredundant
c         level restarts  redundant     glue    trail      variables
c
c -  0.07  5 21 3 3 57 1 3414 2436 1.3 16 12 7 16 65% 121 4779 126 191%
c ]  0.08  5 19 4 3 58 1 4304 3233 1.4 16 11 7 16 63% 121 4779 126 191%
c {  0.08  5 17 4 3 58 2 4304 3233 1.6 14 9 7 12 64% 121 4779 126 191%
c -  0.08  5 16 4 4 113 2 5147 3584 1.5 14 9 7 12 63% 121 4779 126 191%
c }  0.09  5 15 5 4 130 2 6657 4844 1.5 14 9 6 11 63% 121 4779 126 191%
c [  0.09  5 19 5 4 130 1 6657 4844 1.4 16 11 7 16 63% 121 4779 126 191%
c I  0.09  5 19 5 4 130 1 6657 4844 1.4 16 11 7 16 63% 121 4779 126 191%
c -  0.10  5 18 5 5 130 1 7148 4523 1.4 15 11 6 14 64% 121 4779 126 191%
c ]  0.11  5 16 6 5 131 1 8487 5684 1.5 15 10 6 14 65% 121 4779 126 191%
c {  0.11  5 15 6 5 131 2 8487 5684 1.5 14 9 6 11 63% 121 4779 126 191%
c -  0.12  5 15 6 6 131 2 9384 5654 1.6 14 9 6 11 64% 121 4779 126 191%
c u  0.13  5 15 6 6 141 2 10036 6239 1.6 14 9 6 11 64% 121 4779 126 191%
c v  0.13  5 15 6 6 141 2 10036 6232 1.6 14 9 6 11 64% 121 4779 126 191%
c w  0.13  5 15 6 6 141 2 10036 6216 1.6 14 9 6 11 64% 121 4779 126 191%
c x  0.13  5 15 6 6 141 2 10036 6216 1.6 14 9 6 11 64% 121 4507 126 191%
c o  0.14  5 15 6 6 141 2 10036 6216 1.6 14 9 6 11 64% 121 4507 126 191%
c -  0.16  5 14 6 7 148 1 11833 6562 1.6 13 8 5 10 64% 121 4507 126 191%
c }  0.16  5 14 7 7 148 1 12557 7203 1.6 13 8 5 10 64% 121 4507 126 191%
c [  0.16  5 16 7 7 148 1 12557 7203 1.5 15 10 6 14 65% 121 4507 126 191%
c B  0.16  5 16 7 7 148 1 12557 7203 1.5 15 10 6 14 65% 121 4507 126 191%
c
c seconds  switched  rate        size/glue  tier1    binary      remaining
c        MB reductions conflicts       size   tier2    irredundant
c         level restarts    redundant     glue    trail      variables
c
c -  0.18  7 16 7 8 149 1 14478 7482 1.5 15 10 5 12 66% 121 4507 126 191%
c s  0.19  7 17 7 8 150 1 16157 8996 1.5 15 10 5 12 66% 121 2592 126 191%
c ^  0.19  7 17 7 8 150 1 16157 8996 1.5 15 10 5 12 66% 121 2592 126 191%
c -  0.20  8 17 7 9 151 1 17307 8108 1.5 16 10 5 13 66% 121 2592 126 191%
c ]  0.20  8 17 8 9 152 1 17708 8441 1.5 16 11 5 13 66% 121 2592 126 191%
c {  0.20  8 14 8 9 152 1 17708 8441 1.6 13 8 5 10 64% 121 2592 126 191%
c -  0.23  8 14 8 10 374 2 20307 9049 1.6 13 8 5 10 63% 121 2592 126 191%
c o  0.23  8 14 8 10 376 2 20358 9089 1.6 13 8 5 10 63% 121 2592 126 191%
c u  0.24  8 14 8 10 456 2 20698 9348 1.6 13 8 5 10 63% 121 2592 126 191%
c v  0.24  8 14 8 10 456 2 20698 9324 1.6 13 8 5 10 63% 121 2592 126 191%
c w  0.25  8 14 8 10 456 2 20698 9321 1.6 13 8 5 10 63% 121 2592 126 191%
c -  0.27  8 13 8 11 479 2 23469 9448 1.6 13 8 4 9 63% 121 2592 126 191%
c }  0.28  8 13 9 11 551 2 23867 9821 1.6 13 8 4 9 63% 121 2592 126 191%
c [  0.28  8 17 9 11 551 1 23867 9821 1.5 16 11 5 13 66% 121 2592 126 191%
c W  0.28  8 17 9 11 551 1 23867 9821 1.5 16 11 5 13 66% 121 2592 126 191%
c -  0.30  9 17 9 12 553 1 26788 10144 1.5 16 11 5 13 66% 121 2592 126 191%
c -  0.34  9 17 9 13 556 1 30252 10265 1.5 16 11 5 12 65% 121 2592 126 191%
c O  0.35  9 16 9 13 556 1 31396 11102 1.5 16 11 5 12 65% 121 2592 126 191%
c ]  0.35  9 17 10 13 557 1 32322 11945 1.5 16 11 5 12 65% 121 2592 126 191%
c {  0.35  9 13 10 13 557 2 32322 11945 1.6 13 8 4 9 63% 121 2592 126 191%
c
c seconds   switched   rate         size/glue tier1   binary      remaining
c        MB   reductions conflicts        size  tier2   irredundant
c         level   restarts     redundant    glue   trail      variables
c
c -  0.38  9 13 10 14 782 2 33858 10981 1.6 13 8 4 9 63% 121 2592 126 191%
c ^  0.38  9 13 10 14 782 2 34167 11250 1.6 13 8 4 9 63% 121 2592 126 191%
c u  0.41  9 13 10 14 947 2 36729 13205 1.6 13 8 4 9 62% 121 2592 126 191%
c v  0.41 10 13 10 14 947 2 36729 13157 1.6 13 8 4 9 62% 121 2592 126 191%
c w  0.42 10 13 10 14 947 2 36729 13098 1.6 13 8 4 9 62% 121 2592 126 191%
c -  0.43 10 13 10 15 1016 2 37599 11741 1.6 13 8 4 9 62% 121 2592 126 191%
c o  0.47 10 13 10 15 1200 2 40938 14721 1.6 13 8 4 9 62% 122 2592 126 191%
c }  0.47 10 13 11 15 1202 2 40950 14733 1.6 13 8 4 9 62% 122 2592 126 191%
c [  0.47 10 17 11 15 1202 1 40950 14733 1.5 16 11 5 12 65% 122 2592 126 191%
c B  0.47 10 17 11 15 1202 1 41157 14929 1.5 16 11 5 12 65% 122 2592 126 191%
c -  0.48 10 17 11 16 1202 1 41472 12872 1.5 16 11 5 12 66% 122 2592 126 191%
c -  0.51 10 17 11 17 1205 1 45472 13452 1.5 16 11 5 13 66% 122 2592 126 191%
c -  0.55 11 17 11 18 1208 1 49596 13693 1.5 16 11 5 12 65% 122 2592 126 191%
c ]  0.58 11 16 12 18 1208 1 52541 16136 1.5 16 11 5 12 65% 122 2592 126 191%
c {  0.58 11 13 12 18 1208 2 52541 16136 1.6 13 8 4 9 62% 122 2592 126 191%
c -  0.61 11 14 12 19 1546 2 53838 15040 1.6 13 8 4 9 62% 122 2592 126 191%
c u  0.67 12 13 12 19 1790 2 57369 17979 1.6 13 8 4 9 62% 123 2592 126 191%
c v  0.68 12 13 12 19 1790 2 57369 17755 1.6 13 8 4 9 62% 123 2592 126 191%
c w  0.68 12 13 12 19 1790 2 57369 17565 1.6 13 8 4 9 62% 123 2592 126 191%
c -  0.72 13 13 12 20 1816 2 58198 14735 1.6 13 8 3 9 62% 123 2592 126 191%
c
c seconds   switched    rate         size/glue tier1   binary      remaining
c        MB   reductions  conflicts        size  tier2   irredundant
c         level    restarts     redundant    glue   trail      variables
c
c -  0.79 13 13 12 21 2164 2 62671 15223 1.6 13 8 3 8 62% 123 2592 126 191%
c }  0.81 13 13 13 21 2350 2 64025 16464 1.6 13 8 3 8 62% 123 2592 126 191%
c [  0.81 13 16 13 21 2350 1 64025 16464 1.5 16 11 5 12 65% 123 2592 126 191%
c W  0.81 13 16 13 21 2350 1 64025 16464 1.5 16 11 5 12 65% 123 2592 126 191%
c -  0.85 13 17 13 22 2352 1 67253 15461 1.5 16 11 5 12 65% 123 2592 126 191%
c -  0.90 14 16 13 23 2355 1 71945 15326 1.5 16 11 5 12 65% 123 2592 126 191%
c e  0.91 14 16 13 23 2356 1 73213 16412 1.5 16 11 5 12 65% 101 2636 115 174%
c s  0.91 14 16 13 23 2356 1 73213 16412 1.5 16 11 5 12 65% 101 2633 115 174%
c ^  0.91 14 16 13 23 2356 1 73213 16412 1.5 16 11 5 12 65% 101 2633 115 174%
c o  0.91 14 16 13 23 2356 1 73213 14871 1.5 16 11 5 12 65% 101 2633 115 174%
c -  0.95 14 16 13 24 2357 1 76742 14293 1.5 16 11 4 12 65% 101 2633 115 174%
c I  0.97 14 16 13 24 2359 1 78930 16089 1.5 16 11 4 12 65% 101 2633 115 174%
c -  0.99 14 16 13 25 2361 1 81640 15241 1.5 16 11 4 12 64% 101 2633 115 174%
c u  1.01 14 16 13 25 2362 1 82761 16080 1.5 16 11 4 12 64% 101 2633 115 174%
c v  1.02 14 16 13 25 2362 1 82761 16013 1.5 16 11 4 12 64% 101 2633 115 174%
c w  1.02 14 16 13 25 2362 1 82761 16005 1.5 16 11 4 12 64% 101 2633 115 174%
c f  1.02 14 16 13 25 2362 1 82761 16005 1.5 16 11 4 12 64% 137 2507 133 202%
c u  1.03 15 16 13 25 2362 1 82761 15871 1.5 16 11 4 12 64% 137 2507 133 202%
c v  1.04 15 16 13 25 2362 1 82761 15808 1.5 16 11 4 12 64% 137 2507 133 202%
c w  1.05 15 16 13 25 2362 1 82761 15703 1.5 16 11 4 12 64% 137 2507 133 202%
c
c seconds   switched    rate         size/glue  tier1    binary      remaining
c        MB   reductions  conflicts        size   tier2    irredundant
c         level    restarts     redundant     glue    trail      variables
c
c ]  1.05 15 16 14 25 2362 1 83567 16364 1.5 16 11 4 12 64% 137 2507 133 202%
c {  1.05 15 13 14 25 2362 2 83567 16364 1.6 13 8 3 8 62% 137 2507 133 202%
c -  1.09 16 13 14 26 2440 2 86640 16139 1.6 12 8 3 8 62% 139 2507 133 202%
c i  1.11 16 13 14 26 2440 2 88384 17221 1.6 12 8 3 8 62% 151 2507 132 200%
c -  1.15 16 13 14 27 2665 2 91739 14826 1.6 12 8 3 8 62% 136 2507 132 200%
c -  1.25 16 13 14 28 3378 2 96935 16664 1.6 12 8 3 8 62% 137 2507 132 200%
c }  1.27 16 13 15 28 3485 2 98282 17841 1.6 12 8 3 8 62% 137 2507 132 200%
c [  1.27 16 16 15 28 3485 1 98282 17841 1.5 16 11 4 12 64% 137 2507 132 200%
c B  1.27 16 16 15 28 3485 1 98282 17841 1.5 16 11 4 12 64% 137 2507 132 200%
c -  1.31 16 16 15 29 3487 1 102226 18517 1.5 16 11 4 12 64% 137 2507 132 200%
c -  1.37 17 16 15 30 3491 1 107613 18898 1.5 15 11 4 11 64% 137 2507 132 200%
c -  1.43 17 15 15 31 3494 1 113090 19274 1.5 15 10 4 11 64% 137 2507 132 200%
c u  1.44 17 15 15 31 3494 1 113224 19248 1.5 15 10 4 11 64% 139 2507 132 200%
c v  1.46 17 15 15 31 3494 1 113224 18406 1.5 15 10 4 11 64% 139 2507 132 200%
c w  1.46 17 15 15 31 3494 1 113224 16849 1.5 15 10 4 11 64% 139 2507 132 200%
c x  1.47 17 15 15 31 3494 1 113224 16847 1.5 15 10 4 11 64% 139 2500 132 200%
c t  1.47 17 15 15 31 3494 1 113224 16847 1.5 15 10 4 11 64% 136 2500 132 200%
c o  1.47 17 15 15 31 3494 1 113224 16847 1.5 15 10 4 11 64% 136 2500 132 200%
c ]  1.51 17 15 16 31 3497 1 117625 20571 1.5 15 10 4 11 64% 136 2500 132 200%
c {  1.51 17 13 16 31 3497 2 117625 20571 1.6 12 8 3 8 62% 136 2500 132 200%
c
c seconds   switched    rate          size/glue tier1   binary      remaining
c        MB   reductions  conflicts         size  tier2   irredundant
c         level    restarts      redundant    glue   trail      variables
c
c -  1.54 18 13 16 32 3718 2 118657 17948 1.5 12 8 3 8 62% 136 2500 132 200%
c -  1.64 18 13 16 33 4245 2 124316 19725 1.5 12 8 3 8 62% 136 2500 132 200%
c -  1.74 18 13 16 34 4570 2 130060 21493 1.6 12 8 3 8 62% 136 2500 132 200%
c -  1.84 18 13 16 35 4914 2 135890 23025 1.6 12 8 3 8 62% 138 2500 132 200%
c }  1.84 18 13 17 35 4923 2 135963 23093 1.6 12 8 3 8 62% 138 2500 132 200%
c [  1.84 18 15 17 35 4923 1 135963 23093 1.5 15 10 4 11 64% 138 2500 132 200%
c W  1.84 18 15 17 35 4923 1 135963 23093 1.5 15 10 4 11 64% 138 2500 132 200%
c s  1.85 18 15 17 35 4923 1 136023 23147 1.5 15 10 4 11 64% 138 2496 132 200%
c e  1.85 18 15 17 35 4923 1 136023 23147 1.5 15 10 4 11 64% 109 2538 113 171%
c ^  1.85 18 15 17 35 4923 1 136023 23147 1.5 15 10 4 11 64% 109 2538 113 171%
c -  1.93 20 15 17 36 4927 1 141806 21595 1.5 15 10 4 11 64% 109 2538 113 171%
c -  2.00 20 15 17 37 4929 1 147807 21562 1.5 15 10 4 11 65% 109 2538 113 171%
c u  2.03 22 15 17 37 4930 1 148842 22122 1.5 15 10 4 11 65% 109 2538 113 171%
c v  2.04 22 15 17 37 4930 1 148842 21975 1.5 15 10 4 11 65% 109 2538 113 171%
c w  2.05 22 15 17 37 4930 1 148842 21869 1.5 15 10 4 11 65% 109 2538 113 171%
c f  2.15 28 15 17 37 4930 1 148842 21869 1.5 15 10 4 11 65% 112 2526 114 173%
c u  2.17 31 15 17 37 4930 1 148842 21492 1.5 15 10 4 11 65% 112 2526 114 173%
c v  2.18 31 15 17 37 4930 1 148842 21408 1.5 15 10 4 11 65% 112 2526 114 173%
c w  2.19 31 15 17 37 4930 1 148842 21309 1.5 15 10 4 11 65% 112 2526 114 173%
c -  2.26 33 15 17 38 4934 1 153891 20485 1.5 15 10 4 11 65% 112 2526 114 173%
c
c seconds   switched    rate          size/glue  tier1    binary      remaining
c        MB   reductions  conflicts         size   tier2    irredundant
c         level    restarts      redundant     glue    trail      variables
c
c -  2.33 33 15 17 39 4936 1 160056 21690 1.5 15 10 4 11 65% 112 2526 114 173%
c O  2.33 33 15 17 39 4936 1 160188 21774 1.5 15 10 4 11 65% 112 2526 114 173%
c ]  2.37 33 15 18 39 4937 1 163990 25027 1.5 15 10 4 11 65% 112 2526 114 173%
c {  2.37 33 13 18 39 4937 2 163990 25027 1.6 12 8 3 8 62% 112 2526 114 173%
c o  2.37 33 13 18 39 4941 2 164009 25044 1.6 12 8 3 8 62% 112 2526 114 173%
c -  2.42 33 13 18 40 5134 2 166301 22517 1.6 12 8 3 8 62% 112 2526 114 173%
c -  2.55 33 13 18 41 5827 2 172626 23532 1.6 13 8 3 8 62% 115 2526 114 173%
c -  2.68 33 13 18 42 6368 2 179029 24935 1.6 13 8 3 8 62% 116 2526 114 173%
c -  2.82 33 13 18 43 6815 2 185509 26276 1.6 13 8 3 8 61% 120 2526 114 173%
c }  2.83 33 13 19 43 6824 2 186337 26879 1.6 13 8 3 8 61% 120 2526 114 173%
c [  2.83 33 15 19 43 6824 1 186337 26879 1.5 15 10 4 11 65% 120 2526 114 173%
c B  2.85 33 15 19 43 6825 1 187930 28259 1.5 15 10 4 11 65% 120 2526 114 173%
c u  2.89 34 15 19 43 6826 1 189705 29329 1.5 15 10 4 11 65% 122 2526 114 173%
c v  2.91 34 15 19 43 6826 1 189705 28999 1.5 15 10 4 11 65% 122 2526 114 173%
c w  2.92 34 15 19 43 6826 1 189705 28831 1.5 15 10 4 11 65% 122 2526 114 173%
c t  2.92 34 15 19 43 6826 1 189705 28831 1.5 15 10 4 11 65% 121 2526 114 173%
c -  2.96 34 15 19 44 6828 1 192066 25536 1.5 15 10 4 11 66% 121 2526 114 173%
c -  3.04 34 16 19 45 6830 1 198700 24873 1.5 16 11 4 11 66% 121 2526 114 173%
c -  3.13 34 16 19 46 6836 1 205409 25750 1.5 16 11 4 11 66% 121 2526 114 173%
c -  3.21 34 16 19 47 6838 1 212192 26488 1.5 16 11 4 11 67% 121 2526 114 173%
c
c seconds   switched    rate          size/glue  tier1    binary      remaining
c        MB   reductions  conflicts         size   tier2    irredundant
c         level    restarts      redundant     glue    trail      variables
c
c -  3.30 34 15 19 48 6838 1 219049 27703 1.5 16 11 4 11 67% 121 2526 114 173%
c W  3.31 35 15 19 48 6838 1 219380 27994 1.5 16 11 4 11 67% 121 2526 114 173%
c s  3.38 36 15 19 48 6844 1 225764 33092 1.5 16 11 4 11 66% 121 2489 114 173%
c e  3.38 36 15 19 48 6844 1 225764 33092 1.5 16 11 4 11 66% 111 2539 109 165%
c s  3.38 36 15 19 48 6844 1 225764 33092 1.5 16 11 4 11 66% 111 2536 109 165%
c ^  3.38 36 15 19 48 6844 1 225764 33092 1.5 16 11 4 11 66% 111 2536 109 165%
c o  3.39 36 15 19 48 6844 1 225764 29750 1.5 16 11 4 11 66% 111 2536 109 165%
c -  3.39 37 15 19 49 6844 1 225977 25919 1.5 16 11 4 11 66% 111 2536 109 165%
c ]  3.43 37 16 20 49 6845 1 229247 28581 1.5 16 11 4 11 66% 111 2536 109 165%
c {  3.43 37 13 20 49 6845 2 229247 28581 1.6 13 8 3 8 61% 111 2536 109 165%
c -  3.49 38 13 20 50 6929 2 232978 26127 1.6 13 8 3 8 61% 114 2536 109 165%
c u  3.54 38 13 20 50 6929 2 235933 27998 1.6 12 8 3 8 61% 115 2536 109 165%
c v  3.56 38 13 20 50 6929 2 235933 27893 1.6 12 8 3 8 61% 115 2536 109 165%
c w  3.56 38 13 20 50 6929 2 235933 27343 1.6 12 8 3 8 61% 115 2536 109 165%
c x  3.57 38 13 20 50 6929 2 235933 27328 1.6 12 8 3 8 61% 115 2346 109 165%
c -  3.64 38 13 20 51 7110 2 240051 27120 1.6 12 8 3 8 61% 117 2346 109 165%
c -  3.79 38 13 20 52 7941 2 247194 29203 1.6 12 8 3 8 62% 118 2346 109 165%
c -  3.90 38 12 20 53 8196 2 254405 28179 1.6 12 8 2 8 62% 120 2346 109 165%
c }  3.93 38 12 21 53 8241 2 255986 29397 1.6 12 8 2 8 61% 120 2346 109 165%
c [  3.93 38 16 21 53 8241 1 255986 29397 1.5 16 11 4 11 66% 120 2346 109 165%
c
c seconds   switched    rate          size/glue  tier1    binary      remaining
c        MB   reductions  conflicts         size   tier2    irredundant
c         level    restarts      redundant     glue    trail      variables
c
c I  3.93 38 16 21 53 8241 1 255986 29397 1.5 16 11 4 11 66% 120 2346 109 165%
c -  4.00 39 15 21 54 8245 1 261687 27723 1.5 16 11 4 11 66% 120 2346 109 165%
c -  4.09 39 15 21 55 8248 1 269036 27256 1.5 16 10 4 11 66% 120 2346 109 165%
c -  4.17 39 15 21 56 8253 1 276452 26588 1.5 16 10 4 11 65% 121 2346 109 165%
c -  4.26 39 15 21 57 8255 1 283935 27070 1.5 15 10 4 11 65% 121 2346 109 165%
c u  4.33 39 15 21 57 8255 1 288342 30089 1.5 16 10 4 11 65% 123 2346 109 165%
c v  4.36 39 15 21 57 8255 1 288342 29103 1.5 16 10 4 11 65% 123 2346 109 165%
c w  4.37 39 15 21 57 8255 1 288342 27081 1.5 16 10 4 11 65% 123 2346 109 165%
c t  4.37 39 15 21 57 8255 1 288342 27081 1.5 16 10 4 11 65% 121 2346 109 165%
c -  4.41 39 15 21 58 8258 1 291486 24773 1.5 16 10 4 11 65% 121 2346 109 165%
c B  4.46 39 15 21 58 8261 1 295426 27802 1.5 16 10 4 11 65% 121 2346 109 165%
c ]  4.46 39 15 22 58 8261 1 295785 28132 1.5 16 10 4 11 65% 121 2346 109 165%
c {  4.46 39 12 22 58 8261 2 295785 28132 1.6 12 8 2 8 61% 121 2346 109 165%
c o  4.48 39 12 22 58 8273 2 297163 29245 1.6 12 8 2 8 61% 121 2346 109 165%
c i  4.50 39 12 22 58 8274 2 298619 30139 1.6 12 8 2 8 61% 130 2346 108 164%
c -  4.51 39 12 22 59 8274 2 299103 25017 1.6 12 8 2 8 61% 117 2346 108 164%
c -  4.62 39 12 22 60 8287 2 306785 27543 1.6 12 8 2 8 61% 117 2346 108 164%
c -  4.74 39 12 22 61 8317 2 314533 29524 1.6 12 8 2 7 62% 117 2346 108 164%
c -  4.87 39 12 22 62 8369 2 322344 30608 1.6 12 7 2 7 62% 118 2346 108 164%
c }  4.95 39 11 23 62 8376 2 327303 34509 1.6 12 7 2 7 62% 119 2346 108 164%
c
c seconds   switched    rate          size/glue  tier1    binary      remaining
c        MB   reductions  conflicts         size   tier2    irredundant
c         level    restarts      redundant     glue    trail      variables
c
c [  4.95 39 15 23 62 8376 1 327303 34509 1.5 16 10 4 11 65% 119 2346 108 164%
c -  4.99 39 15 23 63 8378 1 330218 31341 1.5 15 10 3 11 65% 119 2346 108 164%
c i  5.04 39 15 23 63 8381 1 333490 33497 1.5 15 10 3 11 65% 128 2346 104 158%
c -  5.10 39 15 23 64 8382 1 338158 23620 1.5 15 10 3 10 65% 106 2346 104 158%
c W  5.11 39 15 23 64 8382 1 339139 24424 1.5 15 10 3 10 66% 106 2346 104 158%
c s  5.18 39 15 23 64 8386 1 344551 28863 1.5 15 10 3 10 66% 106 2331 104 158%
c e  5.18 39 15 23 64 8386 1 344551 28863 1.5 15 10 3 10 66%  95 2425 98 148%
c !  5.18 39 15 23 64 8386 1 344551 28863 1.5 15 10 3 10 66%  95 2425 98 148%
c -  5.20 39 15 23 65 8388 1 346159 19952 1.5 16 10 3 10 66%  95 2425 98 148%
c u  5.22 39 15 23 65 8388 1 346403 19614 1.5 16 10 3 10 66%  97 2425 98 148%
c v  5.24 39 15 23 65 8388 1 346403 19345 1.5 16 10 3 10 66%  97 2425 98 148%
c w  5.24 39 15 23 65 8388 1 346403 19309 1.5 16 10 3 10 66%  97 2425 98 148%
c x  5.26 39 15 23 65 8388 1 346403 19301 1.5 16 10 3 10 66%  97 2413 98 148%
c t  5.41 44 15 23 65 8388 1 346403 19301 1.5 16 10 3 10 66%  95 2413 98 148%
c f  5.41 44 15 23 65 8388 1 346403 19301 1.5 16 10 3 10 66%  97 2393 99 150%
c u  5.43 44 15 23 65 8388 1 346403 18725 1.5 16 10 3 10 66%  97 2393 99 150%
c v  5.46 44 15 23 65 8388 1 346403 18534 1.5 16 10 3 10 66%  97 2393 99 150%
c w  5.47 44 15 23 65 8388 1 346403 18515 1.5 16 10 3 10 66%  97 2393 99 150%
c -  5.55 44 15 23 66 8390 1 354221 20547 1.5 15 10 3 10 66%  97 2393 99 150%
c -  5.64 44 15 23 67 8392 1 362345 22539 1.5 15 10 3 10 66%  97 2393 99 150%
c
c seconds   switched    rate          size/glue  tier1    binary     remaining
c        MB   reductions  conflicts         size   tier2    irredundant
c         level    restarts      redundant     glue    trail     variables
c
c -  5.74 44 14 23 68 8397 1 370532 23833 1.5 15 10 3 10 66%  98 2393 99 150%
c ]  5.76 44 14 24 68 8397 1 372260 25260 1.5 15 10 3 10 66%  98 2393 99 150%
c {  5.76 44 11 24 68 8397 2 372260 25260 1.6 12 7 2 7 62%  98 2393 99 150%
c o  5.85 44 11 24 68 8901 2 377204 29289 1.6 12 7 2 7 62%  98 2393 99 150%
c -  5.89 46 11 24 69 9113 2 378778 25807 1.6 12 7 2 7 62%  98 2393 99 150%
c -  6.04 46 11 24 70 9862 2 387085 27047 1.6 12 7 2 7 62% 100 2393 99 150%
c i  6.14 46 11 24 70 10221 2 392616 31348 1.6 12 7 2 7 62% 111 2393 98 148%
c i  6.18 46 11 24 70 10335 2 395278 33363 1.6 12 7 2 7 62% 120 2393 97 147%
c -  6.19 46 11 24 71 10338 2 395454 27806 1.6 12 7 2 7 62%  94 2393 97 147%
c -  6.34 46 11 24 72 10948 2 403881 29025 1.6 12 7 2 7 62%  96 2393 97 147%
c }  6.43 46 11 25 72 11169 2 408937 32912 1.6 12 7 2 7 62%  97 2393 97 147%
c [  6.43 46 14 25 72 11169 1 408937 32912 1.5 15 10 3 10 66%  97 2393 97 147%
c O  6.43 46 14 25 72 11169 1 408937 32912 1.5 15 10 3 10 66%  97 2393 97 147%
c u  6.48 47 14 25 72 11170 1 410186 33682 1.5 15 10 3 10 66%  97 2393 97 147%
c v  6.50 47 14 25 72 11170 1 410186 33288 1.5 15 10 3 10 66%  99 2393 97 147%
c w  6.52 47 14 25 72 11170 1 410186 33218 1.5 15 10 3 10 66%  99 2393 97 147%
c t  6.52 47 14 25 72 11170 1 410186 33218 1.5 15 10 3 10 66%  97 2393 97 147%
c -  6.55 47 14 25 73 11171 1 412368 29178 1.5 15 10 3 10 66%  97 2393 97 147%
c -  6.66 47 14 25 74 11175 1 420914 29095 1.5 15 10 3 10 66%  97 2393 97 147%
c -  6.78 47 14 25 75 11181 1 429517 29301 1.5 15 10 3 10 66%  97 2393 97 147%
c
c seconds   switched     rate          size/glue  tier1    binary     remaining
c        MB   reductions   conflicts         size   tier2    irredundant
c         level    restarts       redundant     glue    trail     variables
c
c -  6.90 47 14 25 76 11183 1 438177 29801 1.5 15 10 3 10 66%  99 2393 97 147%
c i  6.96 47 14 25 76 11184 1 442588 33003 1.5 15 10 3 10 66% 103 2393 95 144%
c -  7.02 47 14 25 77 11187 1 446897 22786 1.5 15 10 3 10 66%  96 2393 95 144%
c i  7.06 47 14 25 77 11189 1 450287 25138 1.5 15 10 3 10 66% 105 2393 93 141%
c i  7.12 47 14 25 77 11191 1 455374 28910 1.6 15 9 3 10 65% 111 2393 89 135%
c -  7.12 47 13 25 78 11192 1 455672 17023 1.6 15 9 3 10 65%  94 1852 89 135%
c i  7.13 47 13 25 78 11192 1 456300 17402 1.6 15 9 3 10 65%  99 1852 86 130%
c i  7.14 47 13 25 78 11193 1 456675 17692 1.6 15 9 3 10 65% 105 1852 82 124%
c i  7.14 47 13 25 78 11193 1 456726 17724 1.6 15 9 3 10 65% 107 1852 80 121%
c i  7.14 47 13 25 78 11193 1 456727 17723 1.6 15 9 3 10 65% 107 1852 79 120%
c ]  7.14 47 13 25 78 11193 1 456735 17722 1.6 15 9 3 10 65% 110 1852 46 70%
c 0  7.14 47 11 25 78 11193 2 456735 17722 1.6 12 7 2 7 62% 110 1852 46 70%
c
c ---- [ result ] ------------------------------------------------------------
c
s UNSATISFIABLE
c
c ---- [ profiling ] ---------------------------------------------------------
c
c           6.19   86.81 %  search
c           3.15   44.19 %  stable
c           3.04   42.62 %  focused
c           0.91   12.69 %  probe
c           0.90   12.59 %  simplify
c           0.55    7.74 %  vivify
c           0.30    4.17 %  sweep
c           0.12    1.61 %  reduce
c           0.04    0.57 %  preprocess
c           0.03    0.48 %  factor
c           0.02    0.28 %  eliminate
c           0.02    0.26 %  substitute
c           0.01    0.20 %  walking
c           0.01    0.11 %  subsume
c           0.00    0.02 %  congruence
c           0.00    0.02 %  parse
c           0.00    0.01 %  transitive
c           0.00    0.01 %  lucky
c           0.00    0.00 %  backbone
c =============================================
c           7.14  100.00 %  total
c
c ---- [ statistics ] --------------------------------------------------------
c
c conflicts:                           456735            63996.65 per second
c decisions:                           633122                1.39 per conflict
c eliminated:                              41               62 %  variables
c factored:                                80              121 %  variables
c iterations:                              13               20 %  variables
c propagations:                       8890609          1245732    per second
c reductions:                              78             5856    interval
c reordered:                                9            50748    interval
c rephased:                                18            25374    interval
c restarts:                             11193               41    interval
c strengthened:                             6                0 %  checks
c subsumed:                              1977                0 %  checks
c switched:                                25            18269    interval
c vivified:                             19643               60 %  checks
c walks:                                    6            76122    interval
c
c ---- [ glue usage ] --------------------------------------------------------
c
c focused glue 2   used 197547 clauses 21.26% accumulated 55.22% tier1
c focused glue 3   used 112595 clauses 12.12% accumulated 67.34%
c focused glue 4-5 used 131578 clauses 14.16% accumulated 81.50%
c focused glue 6   used  50227 clauses  5.41% accumulated 86.91%
c focused glue 7   used  39681 clauses  4.27% accumulated 91.18% tier2
c
c stable glue 3   used 184026 clauses 11.55% accumulated 56.34% tier1
c stable glue 4   used 133541 clauses  8.38% accumulated 64.72%
c stable glue 5-8 used 337714 clauses 21.19% accumulated 85.91%
c stable glue 9   used  49406 clauses  3.10% accumulated 89.02%
c stable glue 10  used  42655 clauses  2.68% accumulated 91.69% tier2
c
c ---- [ resources ] ---------------------------------------------------------
c
c maximum-resident-set-size:      50197430272 bytes      47872 MB
c process-time:                             7s               7.14 seconds
c
c ---- [ shutting down ] -----------------------------------------------------
c
c exit 20
