c ---- [ banner ] ------------------------------------------------------------
c
c Kissat SAT Solver
c 
c Copyright (c) 2021-2024 Armin Biere University of Freiburg
c Copyright (c) 2019-2021 Armin Biere Johannes Kepler University Linz
c 
c Version 4.0.4 8af8e56f174b778aef3aa45af9f739b2a5f492c2
c Apple clang version 17.0.0 (clang-1700.6.3.2) -W -Wall -O3 -DNDEBUG
c Mon Mar 30 18:25:47 CEST 2026 Darwin Mac 24.6.0 arm64
c
c ---- [ parsing ] -----------------------------------------------------------
c
c opened and reading DIMACS file:
c
c   tmp.cnf
c
c parsed 'p cnf 136 268736' header
c closing input after reading 8905849 bytes (8 MB)
c finished parsing after 0.03 seconds
c
c ---- [ solving ] -----------------------------------------------------------
c
c seconds switched rate     size/glue tier1 binary        remaining
c        MB reductions conflicts size  tier2   irredundant
c         level restarts redundant glue  trail        variables
c
c *  0.03 40 0 0 0  0 0   0   0 0.0 0 0 0 0 0%   0 268736 136 100%
c (  0.04 52 0 0 0  0 0   0   0 0.0 0 0 0 0 0%   0 268736 136 100%
c .  0.04 52 0 0 0  0 0   0   0 0.0 0 0 0 0 0%   0 268736 136 100%
c f  0.57 58 0 0 0  0 0   0   0 0.0 0 0 0 0 0% 588 258503 424 312%
c )  0.58 58 0 0 0  0 0   0   0 0.0 0 0 0 0 0% 588 258503 424 312%
c {  0.58 56 0 0 0  0 0   0   0 0.0 0 0 2 6 0% 588 258503 424 312%
c -  0.61 58 19 0 1 109 2 1001 651 1.6 19 12 11 15 55% 588 258503 424 312%
c }  0.61 58 19 1 1 109 2 1001 651 1.6 19 12 11 15 55% 588 258503 424 312%
c [  0.61 58 0 1 1 109 0 1001 651 0.0 0 0 2 6 0% 588 258503 424 312%
c B  0.61 58 0 1 1 109 0 1001 651 0.0 0 0 2 6 0% 588 258503 424 312%
c -  0.64 58 24 1 2 109 1 2002 1453 2.2 23 10 9 13 64% 588 258503 424 312%
c W  0.64 68 24 1 2 109 1 2002 1453 2.2 23 10 9 13 64% 588 258503 424 312%
c u  0.67 68 21 1 2 110 1 2579 1904 1.9 21 11 10 14 62% 588 258503 424 312%
c v  0.67 68 21 1 2 110 1 2579 1904 1.9 21 11 10 14 62% 588 258503 424 312%
c w  0.68 69 21 1 2 110 1 2579 1904 1.9 21 11 10 14 62% 588 258503 424 312%
c x  0.68 69 21 1 2 110 1 2579 1904 1.9 21 11 10 14 62% 588 258501 424 312%
c t  0.69 69 21 1 2 110 1 2579 1904 1.9 21 11 10 14 62% 558 258501 424 312%
c f  0.69 69 21 1 2 110 1 2579 1904 1.9 21 11 10 14 62% 568 258481 429 315%
c u  0.71 82 21 1 2 110 1 2579 1902 1.9 21 11 10 14 62% 568 258481 429 315%
c v  0.72 85 21 1 2 110 1 2579 1901 1.9 21 11 10 14 62% 568 258481 429 315%
c
c seconds  switched  rate       size/glue  tier1     binary        remaining
c        MB reductions conflicts      size    tier2     irredundant
c         level restarts   redundant     glue     trail        variables
c
c w  0.72 85 21 1 2 110 1 2579 1896 1.9 21 11 10 14 62% 568 258481 429 315%
c x  0.73 85 21 1 2 110 1 2579 1896 1.9 21 11 10 14 62% 570 258466 429 315%
c t  0.75 88 21 1 2 110 1 2579 1896 1.9 21 11 10 14 62% 565 258466 429 315%
c b  0.75 88 21 1 2 110 1 2579 1896 1.9 21 11 10 14 62% 565 258466 428 315%
c f  0.76 88 21 1 2 110 1 2579 1896 1.9 21 11 10 14 62% 571 258456 431 317%
c ]  0.76 84 21 2 2 110 1 2591 1902 1.8 21 11 10 14 62% 571 258456 431 317%
c {  0.76 84 19 2 2 110 2 2591 1902 1.6 19 12 11 15 55% 571 258456 431 317%
c -  0.79 89 19 2 3 193 2 3416 2332 1.6 19 12 11 15 55% 569 258456 431 317%
c }  0.80 89 19 3 3 227 2 3592 2484 1.6 19 12 11 16 55% 569 258456 431 317%
c [  0.80 89 21 3 3 227 1 3592 2484 1.8 21 11 10 14 62% 569 258456 431 317%
c I  0.81 89 21 3 3 227 1 4261 3115 1.7 21 12 10 14 60% 569 258456 431 317%
c -  0.84 89 22 3 4 228 1 5148 3559 1.7 23 13 11 17 60% 569 258456 431 317%
c ]  0.84 89 23 4 4 228 1 5352 3748 1.7 23 13 11 17 60% 569 258456 431 317%
c {  0.84 89 19 4 4 228 2 5352 3748 1.6 19 12 11 16 55% 569 258456 431 317%
c -  0.89 89 16 4 5 228 1 7149 4590 1.7 19 11 10 14 57% 569 258456 431 317%
c }  0.91 89 16 5 5 304 2 7704 5044 1.7 19 11 10 14 57% 569 258456 431 317%
c [  0.91 89 23 5 5 304 1 7704 5044 1.7 23 13 11 17 60% 569 258456 431 317%
c u  0.93 89 22 5 5 304 1 7940 5231 1.7 23 13 11 17 60% 569 258456 431 317%
c v  0.94 89 22 5 5 304 1 7940 5200 1.7 23 13 11 17 60% 569 258456 431 317%
c w  0.94 89 22 5 5 304 1 7940 5191 1.7 23 13 11 17 60% 569 258456 431 317%
c
c seconds  switched  rate       size/glue  tier1     binary        remaining
c        MB reductions conflicts      size    tier2     irredundant
c         level restarts   redundant     glue     trail        variables
c
c x  0.95 89 22 5 5 304 1 7940 5191 1.7 23 13 11 17 60% 571 258435 431 317%
c t  0.96 89 22 5 5 304 1 7940 5191 1.7 23 13 11 17 60% 568 258435 431 317%
c b  0.96 89 22 5 5 304 1 7940 5191 1.7 23 13 11 17 60% 568 258435 430 316%
c f  0.96 89 22 5 5 304 1 7940 5191 1.7 23 13 11 17 60% 589 258387 440 324%
c u  0.98 87 22 5 5 304 1 7940 5181 1.7 23 13 11 17 60% 589 258387 440 324%
c v  0.99 89 22 5 5 304 1 7940 5173 1.7 23 13 11 17 60% 589 258387 440 324%
c w  0.99 89 22 5 5 304 1 7940 5173 1.7 23 13 11 17 60% 589 258387 440 324%
c x  1.00 89 22 5 5 304 1 7940 5173 1.7 23 13 11 17 60% 591 258339 440 324%
c t  1.00 89 22 5 5 304 1 7940 5173 1.7 23 13 11 17 60% 586 258339 440 324%
c f  1.01 89 22 5 5 304 1 7940 5173 1.7 23 13 11 17 60% 617 258275 453 333%
c B  1.02 95 22 5 5 304 1 8034 5257 1.7 23 13 11 17 60% 617 258275 453 333%
c -  1.05 97 21 5 6 305 1 9385 5620 1.7 22 13 11 17 60% 615 258275 453 333%
c ]  1.08 98 22 6 6 306 1 10517 6564 1.7 22 13 11 17 61% 615 258275 453 333%
c {  1.08 98 16 6 6 306 2 10517 6564 1.7 19 11 10 14 57% 615 258275 453 333%
c -  1.12 98 15 6 7 311 1 11834 6657 1.8 18 10 9 14 58% 615 258275 453 333%
c s  1.16 98 15 6 7 312 1 12885 7586 1.8 18 10 9 14 58% 615 240393 453 333%
c e  1.17 98 15 6 7 312 1 12885 7586 1.8 18 10 9 14 58% 352 240492 298 219%
c 2  1.17 98 15 6 7 312 1 12885 7586 1.8 18 10 9 14 58% 350 240492 298 219%
c s  1.19 98 15 6 7 312 1 12885 7586 1.8 18 10 9 14 58% 350 237974 298 219%
c e  1.19 98 15 6 7 312 1 12885 7586 1.8 18 10 9 14 58% 343 237980 294 216%
c
c seconds  switched  rate        size/glue  tier1    binary        remaining
c        MB reductions conflicts       size   tier2     irredundant
c         level restarts    redundant     glue    trail        variables
c
c ^  1.19 98 15 6 7 312 1 12885 7586 1.8 18 10 9 14 58% 343 237980 294 216%
c o  1.19 98 15 6 7 312 1 12885 7486 1.8 18 10 9 14 58% 343 237980 294 216%
c -  1.26 99 14 6 8 315 1 14479 7545 1.7 17 10 9 13 56% 343 237980 294 216%
c }  1.26 99 14 7 8 315 1 14586 7628 1.7 17 10 9 13 56% 343 237980 294 216%
c [  1.26 99 22 7 8 315 1 14586 7628 1.7 22 13 11 17 61% 343 237980 294 216%
c W  1.27 108 22 7 8 315 1 14586 7628 1.7 22 13 11 17 61% 343 237980 294 216%
c u  1.32 108 25 7 8 316 1 16264 9160 1.7 23 14 11 17 64% 343 237980 294 216%
c v  1.33 109 25 7 8 316 1 16264 9073 1.7 23 14 11 17 64% 343 237980 294 216%
c w  1.33 109 25 7 8 316 1 16264 9067 1.7 23 14 11 17 64% 343 237980 294 216%
c x  1.34 109 25 7 8 316 1 16264 9067 1.7 23 14 11 17 64% 345 237977 294 216%
c t  1.39 113 25 7 8 316 1 16264 9067 1.7 23 14 11 17 64% 344 237977 294 216%
c f  1.39 113 25 7 8 316 1 16264 9067 1.7 23 14 11 17 64% 362 237929 304 224%
c u  1.41 112 25 7 8 316 1 16264 9029 1.7 23 14 11 17 64% 362 237929 304 224%
c v  1.42 113 25 7 8 316 1 16264 9006 1.7 23 14 11 17 64% 362 237929 304 224%
c w  1.43 113 25 7 8 316 1 16264 9000 1.7 23 14 11 17 64% 362 237929 304 224%
c x  1.43 113 25 7 8 316 1 16264 9000 1.7 23 14 11 17 64% 362 237920 304 224%
c -  1.46 113 28 7 9 317 1 17307 8696 1.6 24 15 12 20 65% 362 237920 304 224%
c -  1.50 114 31 7 10 319 1 20307 9853 1.5 25 17 12 23 66% 362 237920 304 224%
c O  1.54 114 30 7 10 320 1 22116 11400 1.5 24 17 12 23 65% 362 237920 304 224%
c ]  1.55 114 30 8 10 320 1 22372 11623 1.5 24 16 12 23 64% 362 237920 304 224%
c
c seconds   switched   rate         size/glue  tier1    binary        remaining
c         MB  reductions conflicts        size   tier2     irredundant
c          level  restarts     redundant     glue    trail        variables
c
c {  1.55 114 14 8 10 320 1 22372 11623 1.7 17 10 9 13 56% 362 237920 304 224%
c -  1.58 114 14 8 11 419 1 23470 11065 1.7 17 10 9 13 55% 362 237920 304 224%
c s  1.66 114 13 8 11 463 1 25705 12703 1.7 17 10 9 13 53% 363 236427 304 224%
c e  1.67 114 13 8 11 463 1 25705 12703 1.7 17 10 9 13 53% 257 236546 249 183%
c 2  1.67 114 13 8 11 463 1 25705 12703 1.7 17 10 9 13 53% 256 236546 249 183%
c s  1.68 114 13 8 11 463 1 25705 12703 1.7 17 10 9 13 53% 256 236284 249 183%
c e  1.68 114 13 8 11 463 1 25705 12703 1.7 17 10 9 13 53% 248 236293 245 180%
c ^  1.68 114 13 8 11 463 1 25705 12703 1.7 17 10 9 13 53% 248 236293 245 180%
c o  1.69 114 13 8 11 463 1 25705 12342 1.7 17 10 9 13 53% 248 236293 245 180%
c -  1.74 120 13 8 12 560 1 26787 10662 1.7 16 10 8 12 53% 248 236293 245 180%
c u  1.78 121 13 8 12 604 1 27674 11276 1.7 16 10 8 12 52% 248 236293 245 180%
c v  1.79 121 13 8 12 604 1 27674 11237 1.7 16 10 8 12 52% 248 236293 245 180%
c w  1.79 121 13 8 12 604 1 27674 11235 1.7 16 10 8 12 52% 248 236293 245 180%
c x  1.80 121 13 8 12 604 1 27674 11235 1.7 16 10 8 12 52% 252 236286 245 180%
c t  1.81 121 13 8 12 604 1 27674 11235 1.7 16 10 8 12 52% 250 236286 245 180%
c b  1.81 121 13 8 12 604 1 27674 11235 1.7 16 10 8 12 52% 250 236286 244 179%
c f  1.81 121 13 8 12 604 1 27674 11235 1.7 16 10 8 12 52% 263 236252 251 185%
c u  1.83 119 13 8 12 604 1 27674 11226 1.7 16 10 8 12 52% 264 236252 251 185%
c v  1.84 121 13 8 12 604 1 27674 11221 1.7 16 10 8 12 52% 264 236252 251 185%
c w  1.84 121 13 8 12 604 1 27674 11215 1.7 16 10 8 12 52% 265 236252 251 185%
c
c seconds   switched   rate         size/glue  tier1    binary        remaining
c         MB  reductions conflicts        size   tier2     irredundant
c          level  restarts     redundant     glue    trail        variables
c
c x  1.85 122 13 8 12 604 1 27674 11215 1.7 16 10 8 12 52% 270 236223 251 185%
c t  1.86 122 13 8 12 604 1 27674 11215 1.7 16 10 8 12 52% 266 236223 251 185%
c f  1.86 122 13 8 12 604 1 27674 11215 1.7 16 10 8 12 52% 267 236212 253 186%
c }  1.89 130 13 9 12 689 1 28532 11937 1.7 16 10 8 12 52% 267 236212 253 186%
c [  1.89 130 30 9 12 689 1 28532 11937 1.5 24 16 12 23 64% 267 236212 253 186%
c -  1.93 130 27 9 13 690 1 30252 10897 1.5 23 15 11 22 62% 265 236212 253 186%
c B  1.98 130 26 9 13 691 1 31879 12234 1.5 22 15 11 22 61% 269 236212 253 186%
c -  2.02 130 27 9 14 693 1 33857 12268 1.5 23 15 11 22 63% 269 236212 253 186%
c ]  2.08 130 27 10 14 694 1 36399 14589 1.5 23 15 11 22 63% 269 236212 253 186%
c {  2.08 130 13 10 14 694 1 36399 14589 1.7 16 10 8 12 52% 269 236212 253 186%
c -  2.12 131 13 10 15 745 1 37599 13848 1.7 16 10 8 12 52% 269 236212 253 186%
c -  2.24 131 14 10 16 1494 2 41472 15216 1.6 16 10 8 13 52% 269 236212 253 186%
c b  2.28 139 14 10 16 1644 2 42360 15857 1.6 16 10 8 13 52% 271 236212 252 185%
c u  2.29 137 14 10 16 1644 2 42360 15849 1.6 16 10 8 13 52% 271 236212 252 185%
c v  2.31 138 14 10 16 1644 2 42360 15488 1.6 16 10 8 13 52% 277 236212 252 185%
c w  2.31 138 14 10 16 1644 2 42360 15487 1.6 16 10 8 13 52% 275 236212 252 185%
c x  2.33 139 14 10 16 1644 2 42360 15487 1.6 16 10 8 13 52% 281 236138 252 185%
c t  2.41 147 14 10 16 1644 2 42360 15487 1.6 16 10 8 13 52% 269 236138 252 185%
c f  2.41 147 14 10 16 1644 2 42360 15487 1.6 16 10 8 13 52% 269 236135 253 186%
c }  2.50 155 14 11 16 1858 2 45026 17729 1.6 16 10 8 13 53% 269 236135 253 186%
c
c seconds    switched    rate         size/glue  tier1     binary        remaining
c         MB   reductions  conflicts        size    tier2     irredundant
c          level    restarts     redundant     glue     trail        variables
c
c [  2.50 155 27 11 16 1858 1 45026 17729 1.5 23 15 11 22 63% 269 236135 253 186%
c W  2.51 162 27 11 16 1858 1 45026 17729 1.5 23 15 11 22 63% 267 236135 253 186%
c -  2.52 162 27 11 17 1858 1 45472 16485 1.5 23 15 11 22 63% 267 236135 253 186%
c -  2.57 162 29 11 18 1861 1 49597 17793 1.5 24 16 11 23 66% 267 236135 253 186%
c s  2.68 164 30 11 18 1864 1 53487 21073 1.5 25 17 11 23 66% 267 232034 253 186%
c e  2.69 164 30 11 18 1864 1 53487 21073 1.5 25 17 11 23 66% 185 232103 203 149%
c s  2.71 164 30 11 18 1864 1 53487 21073 1.5 25 17 11 23 66% 185 231707 203 149%
c e  2.72 164 30 11 18 1864 1 53487 21073 1.5 25 17 11 23 66% 179 231717 200 147%
c ^  2.72 164 30 11 18 1864 1 53487 21073 1.5 25 17 11 23 66% 179 231717 200 147%
c o  2.72 164 30 11 18 1864 1 53487 20780 1.5 25 17 11 23 66% 179 231717 200 147%
c -  2.74 164 30 11 19 1864 1 53840 18103 1.5 25 17 12 23 66% 179 231717 200 147%
c -  2.81 164 32 11 20 1865 1 58200 19598 1.5 25 17 12 23 68% 179 231717 200 147%
c I  2.84 164 31 11 20 1867 1 59932 21108 1.5 25 17 12 23 67% 179 231717 200 147%
c u  2.88 164 31 11 20 1867 1 60429 21495 1.5 25 17 12 23 67% 182 231717 200 147%
c v  2.89 164 31 11 20 1867 1 60429 21490 1.5 25 17 12 23 67% 182 231717 200 147%
c w  2.90 164 31 11 20 1867 1 60429 21489 1.5 25 17 12 23 67% 182 231717 200 147%
c x  2.91 164 31 11 20 1867 1 60429 21489 1.5 25 17 12 23 67% 182 231494 200 147%
c t  2.91 164 31 11 20 1867 1 60429 21489 1.5 25 17 12 23 67% 178 231494 200 147%
c f  2.92 165 31 11 20 1867 1 60429 21489 1.5 25 17 12 23 67% 181 231456 203 149%
c u  2.93 173 31 11 20 1867 1 60429 21479 1.5 25 17 12 23 67% 181 231456 203 149%
c
c seconds    switched    rate         size/glue  tier1     binary        remaining
c         MB   reductions  conflicts        size    tier2     irredundant
c          level    restarts     redundant     glue     trail        variables
c
c v  2.95 173 31 11 20 1867 1 60429 21474 1.5 25 17 12 23 67% 181 231456 203 149%
c w  2.96 173 31 11 20 1867 1 60429 21472 1.5 25 17 12 23 67% 181 231456 203 149%
c x  2.96 173 31 11 20 1867 1 60429 21472 1.5 25 17 12 23 67% 181 231270 203 149%
c ]  2.99 173 31 12 20 1867 1 61495 22309 1.5 25 17 12 23 66% 181 231270 203 149%
c {  2.99 173 14 12 20 1867 2 61495 22309 1.6 16 10 8 13 53% 181 231270 203 149%
c -  3.04 173 14 12 21 1976 2 62672 21337 1.6 16 10 9 13 53% 181 231270 203 149%
c -  3.19 173 14 12 22 2462 2 67255 22120 1.6 16 10 9 13 52% 184 231270 203 149%
c -  3.30 173 14 12 23 2561 2 71945 21831 1.6 16 10 8 13 52% 184 231270 203 149%
c }  3.33 173 14 13 23 2648 2 72974 22671 1.6 16 10 8 13 52% 184 231270 203 149%
c [  3.33 173 31 13 23 2648 1 72974 22671 1.5 25 17 12 23 66% 184 231270 203 149%
c -  3.42 173 29 13 24 2650 1 76741 22747 1.5 24 16 11 22 65% 184 231270 203 149%
c B  3.43 173 29 13 24 2651 1 77734 23614 1.5 24 16 11 22 65% 184 231270 203 149%
c -  3.50 173 30 13 25 2654 1 81639 24341 1.5 25 17 11 23 66% 184 231270 203 149%
c d  3.52 172 30 13 25 2654 1 81983 21394 1.5 25 17 11 23 66% 183 204795 201 148%
c b  3.52 172 30 13 25 2654 1 81983 21394 1.5 25 17 11 23 66% 183 204795 197 145%
c u  3.54 173 30 13 25 2654 1 81983 21310 1.5 25 17 11 23 66% 183 204795 197 145%
c v  3.55 173 30 13 25 2654 1 81983 21267 1.5 25 17 11 23 66% 183 204795 197 145%
c w  3.57 173 30 13 25 2654 1 81983 21260 1.5 25 17 11 23 66% 183 204795 197 145%
c x  3.58 175 30 13 25 2654 1 81983 21258 1.5 25 17 11 23 66% 190 190954 197 145%
c d  3.59 175 30 13 25 2654 1 81983 21256 1.5 25 17 11 23 66% 188 183824 196 144%
c
c seconds    switched    rate         size/glue  tier1     binary        remaining
c         MB   reductions  conflicts        size    tier2     irredundant
c          level    restarts     redundant     glue     trail        variables
c
c t  3.59 175 30 13 25 2654 1 81983 21256 1.5 25 17 11 23 66% 177 183824 196 144%
c f  3.59 175 30 13 25 2654 1 81983 21256 1.5 25 17 11 23 66% 212 183634 210 154%
c b  3.60 175 30 13 25 2654 1 81983 21256 1.5 25 17 11 23 66% 212 183634 205 151%
c u  3.62 175 30 13 25 2654 1 81983 21181 1.5 25 17 11 23 66% 213 183634 205 151%
c v  3.63 176 30 13 25 2654 1 81983 21037 1.5 25 17 11 23 66% 213 183634 205 151%
c w  3.64 176 30 13 25 2654 1 81983 21032 1.5 25 17 11 23 66% 213 183634 205 151%
c x  3.66 180 30 13 25 2654 1 81983 21032 1.5 25 17 11 23 66% 214 183450 205 151%
c t  3.66 180 30 13 25 2654 1 81983 21032 1.5 25 17 11 23 66% 212 183450 205 151%
c f  3.67 180 30 13 25 2654 1 81983 21032 1.5 25 17 11 23 66% 225 183399 211 155%
c o  3.72 187 30 13 25 2655 1 85387 24051 1.5 25 17 11 23 67% 225 183399 211 155%
c -  3.75 187 30 13 26 2656 1 86639 22030 1.5 25 17 11 22 67% 183 183399 211 155%
c ]  3.85 187 31 14 26 2658 1 90313 25279 1.5 25 17 11 22 67% 183 183399 211 155%
c {  3.85 187 14 14 26 2658 2 90313 25279 1.6 16 10 8 13 52% 183 183399 211 155%
c -  3.90 188 14 14 27 2796 2 91739 22971 1.6 16 10 8 13 52% 183 183399 211 155%
c -  4.01 188 14 14 28 2810 2 96935 23000 1.6 16 10 8 12 50% 183 183399 211 155%
c s  4.07 188 14 14 28 2810 2 98187 23898 1.6 16 10 8 12 50% 185 182276 211 155%
c e  4.07 188 14 14 28 2810 2 98187 23898 1.6 16 10 8 12 50% 105 182362 165 121%
c s  4.11 188 14 14 28 2810 2 98187 23898 1.6 16 10 8 12 50% 107 182001 165 121%
c e  4.11 188 14 14 28 2810 2 98187 23898 1.6 16 10 8 12 50% 105 182004 164 121%
c ^  4.11 188 14 14 28 2810 2 98187 23898 1.6 16 10 8 12 50% 105 182004 164 121%
c
c seconds    switched    rate          size/glue  tier1    binary        remaining
c         MB   reductions  conflicts         size   tier2     irredundant
c          level    restarts      redundant     glue    trail        variables
c
c -  4.24 195 14 14 29 3039 2 102226 23496 1.5 15 10 8 12 50% 105 182004 164 121%
c }  4.30 195 14 15 29 3220 2 105029 25526 1.5 15 10 8 12 49% 105 182004 164 121%
c [  4.30 195 31 15 29 3220 1 105029 25526 1.5 25 17 11 22 67% 105 182004 164 121%
c W  4.30 195 31 15 29 3220 1 105029 25526 1.5 25 17 11 22 67% 105 182004 164 121%
c c  4.36 196 31 15 29 3221 1 106893 27206 1.5 25 17 11 22 67% 105 169202 163 120%
c d  4.36 196 31 15 29 3221 1 106893 27011 1.5 25 17 11 22 67% 103 169202 163 120%
c u  4.39 195 31 15 29 3221 1 106893 26895 1.5 25 17 11 22 67% 103 169202 163 120%
c v  4.40 195 31 15 29 3221 1 106893 26800 1.5 25 17 11 22 67% 103 169202 163 120%
c w  4.41 195 31 15 29 3221 1 106893 26777 1.5 25 17 11 22 67% 103 169202 163 120%
c x  4.43 195 31 15 29 3221 1 106893 26777 1.5 25 17 11 22 67% 103 169006 163 120%
c t  4.45 198 31 15 29 3221 1 106893 26777 1.5 25 17 11 22 67% 100 169006 163 120%
c f  4.45 198 31 15 29 3221 1 106893 26777 1.5 25 17 11 22 67% 105 168901 170 125%
c u  4.48 205 31 15 29 3221 1 106893 26671 1.5 25 17 11 22 67% 105 168901 170 125%
c v  4.50 204 31 15 29 3221 1 106893 26621 1.5 25 17 11 22 67% 105 168901 170 125%
c w  4.50 205 31 15 29 3221 1 106893 26610 1.5 25 17 11 22 67% 105 168901 170 125%
c x  4.52 206 31 15 29 3221 1 106893 26610 1.5 25 17 11 22 67% 105 168753 170 125%
c f  4.53 206 31 15 29 3221 1 106893 26610 1.5 25 17 11 22 67% 109 168731 172 126%
c -  4.55 205 31 15 30 3222 1 107613 24750 1.5 25 17 11 23 67% 109 168731 172 126%
c -  4.67 206 31 15 31 3225 1 113093 26554 1.5 26 17 11 22 67% 109 168731 172 126%
c -  4.76 206 31 15 32 3228 1 118660 28245 1.5 26 17 11 22 68% 109 168731 172 126%
c
c seconds    switched    rate          size/glue  tier1     binary        remaining
c         MB   reductions  conflicts         size    tier2     irredundant
c          level    restarts      redundant     glue     trail        variables
c
c -  4.86 206 31 15 33 3232 1 124316 29889 1.5 26 17 11 22 68% 109 168731 172 126%
c ]  4.88 206 31 16 33 3232 1 124797 30306 1.5 26 17 11 22 68% 109 168731 172 126%
c {  4.88 206 14 16 33 3232 2 124797 30306 1.5 15 10 8 12 49% 109 168731 172 126%
c o  4.93 206 14 16 33 3502 2 126313 31555 1.5 15 10 8 12 49% 109 168731 172 126%
c -  5.04 206 14 16 34 3627 2 130061 30418 1.5 15 10 8 12 49% 109 168731 172 126%
c u  5.21 206 14 16 34 4100 2 135382 34573 1.5 15 10 8 12 49% 109 168731 172 126%
c v  5.23 205 14 16 34 4100 2 135382 34423 1.5 15 10 8 12 49% 110 168731 172 126%
c w  5.24 206 14 16 34 4100 2 135382 34412 1.5 15 10 8 12 49% 110 168731 172 126%
c x  5.26 206 14 16 34 4100 2 135382 34412 1.5 15 10 8 12 49% 112 168346 172 126%
c t  5.26 206 14 16 34 4100 2 135382 34412 1.5 15 10 8 12 49% 110 168346 172 126%
c -  5.28 206 14 16 35 4112 2 135891 30156 1.5 15 10 8 12 49% 110 168346 172 126%
c -  5.44 206 14 16 36 4490 2 141810 30793 1.5 15 10 8 12 48% 110 168346 172 126%
c }  5.48 206 14 17 36 4587 2 143137 31881 1.5 15 10 8 12 48% 110 168346 172 126%
c [  5.48 206 31 17 36 4587 1 143137 31881 1.5 26 17 11 22 68% 110 168346 172 126%
c O  5.48 206 31 17 36 4587 1 143137 31881 1.5 26 17 11 22 68% 110 168346 172 126%
c -  5.58 206 29 17 37 4590 1 147810 32270 1.5 25 17 11 21 66% 110 168346 172 126%
c -  5.70 206 28 17 38 4593 1 153894 34066 1.5 25 16 11 21 66% 110 168346 172 126%
c -  5.83 206 27 17 39 4597 1 160058 35336 1.5 24 16 10 21 65% 110 168346 172 126%
c s  5.91 206 26 17 39 4598 1 160968 36033 1.5 24 16 10 21 65% 110 167702 172 126%
c e  5.91 206 26 17 39 4598 1 160968 36033 1.5 24 16 10 21 65%  73 167808 153 112%
c
c seconds    switched    rate          size/glue  tier1     binary        remaining
c         MB   reductions  conflicts         size    tier2     irredundant
c          level    restarts      redundant     glue     trail        variables
c
c s  5.97 206 26 17 39 4598 1 160968 36033 1.5 24 16 10 21 65%  74 167610 153 112%
c e  5.97 206 26 17 39 4598 1 160968 36033 1.5 24 16 10 21 65%  72 167620 152 112%
c ^  5.97 206 26 17 39 4598 1 160968 36033 1.5 24 16 10 21 65%  72 167620 152 112%
c -  6.11 206 26 17 40 4600 1 166302 36773 1.5 23 16 10 20 64%  72 167620 152 112%
c u  6.15 205 26 17 40 4600 1 167628 37837 1.5 24 16 10 20 64%  73 167620 152 112%
c v  6.18 206 26 17 40 4600 1 167628 37593 1.5 24 16 10 20 64%  73 167620 152 112%
c w  6.19 206 26 17 40 4600 1 167628 37466 1.5 24 16 10 20 64%  73 167620 152 112%
c x  6.21 206 26 17 40 4600 1 167628 37464 1.5 24 16 10 20 64%  74 167369 152 112%
c t  6.21 206 26 17 40 4600 1 167628 37464 1.5 24 16 10 20 64%  72 167369 152 112%
c f  6.21 206 26 17 40 4600 1 167628 37464 1.5 24 16 10 20 64%  76 167342 153 112%
c u  6.25 205 26 17 40 4600 1 167628 37361 1.5 24 16 10 20 64%  76 167342 153 112%
c v  6.27 206 26 17 40 4600 1 167628 37237 1.5 24 16 10 20 64%  76 167342 153 112%
c w  6.28 206 26 17 40 4600 1 167628 37126 1.5 24 16 10 20 64%  76 167342 153 112%
c x  6.30 206 26 17 40 4600 1 167628 37126 1.5 24 16 10 20 64%  78 167097 153 112%
c t  6.30 206 26 17 40 4600 1 167628 37126 1.5 24 16 10 20 64%  76 167097 153 112%
c ]  6.33 206 26 18 40 4601 1 169419 38682 1.5 24 16 10 20 65%  76 167097 153 112%
c {  6.33 206 14 18 40 4601 2 169419 38682 1.5 15 10 8 12 48%  76 167097 153 112%
c -  6.45 206 14 18 41 4901 2 172627 37363 1.5 15 10 8 12 48%  76 167097 153 112%
c -  6.61 206 14 18 42 5231 2 179032 38589 1.5 15 10 8 12 48%  76 167097 153 112%
c o  6.61 206 14 18 42 5232 2 179204 38711 1.5 15 10 8 12 48%  76 167097 153 112%
c
c seconds    switched    rate          size/glue  tier1    binary        remaining
c         MB   reductions  conflicts         size   tier2     irredundant
c          level    restarts      redundant     glue    trail        variables
c
c -  6.82 206 14 18 43 6044 2 185514 39570 1.5 15 10 8 12 48%  76 167097 153 112%
c }  6.95 207 14 19 43 6224 1 191764 44129 1.5 15 10 8 12 48%  76 167097 153 112%
c [  6.95 207 26 19 43 6224 1 191764 44129 1.5 24 16 10 20 65%  76 167097 153 112%
c B  6.95 207 26 19 43 6224 1 191764 44129 1.5 24 16 10 20 65%  76 167097 153 112%
c -  6.97 207 27 19 44 6224 1 192071 40795 1.5 24 16 10 20 65%  76 167097 153 112%
c -  7.06 206 28 19 45 6229 1 198707 41000 1.5 24 16 10 21 65%  76 167097 153 112%
c u  7.16 206 28 19 45 6230 1 203726 45414 1.5 25 17 10 21 65%  76 167097 153 112%
c v  7.18 206 28 19 45 6230 1 203726 45354 1.5 25 17 10 21 65%  76 167097 153 112%
c w  7.20 206 28 19 45 6230 1 203726 45285 1.5 25 17 10 21 65%  76 167097 153 112%
c x  7.22 207 28 19 45 6230 1 203726 45285 1.5 25 17 10 21 65%  78 166864 153 112%
c t  7.22 207 28 19 45 6230 1 203726 45285 1.5 25 17 10 21 65%  76 166864 153 112%
c -  7.27 207 28 19 46 6232 1 205417 41180 1.5 25 17 11 21 65%  76 166864 153 112%
c -  7.42 206 28 19 47 6236 1 212199 42916 1.5 25 17 10 21 66%  76 166864 153 112%
c -  7.52 206 28 19 48 6238 1 219055 44151 1.5 25 17 10 21 67%  76 166864 153 112%
c W  7.58 207 29 19 48 6238 1 223217 47807 1.5 26 17 10 21 68%  76 166864 153 112%
c -  7.67 207 29 19 49 6239 1 225983 44931 1.5 25 17 10 21 68%  76 166864 153 112%
c ]  7.79 207 29 20 49 6243 1 230988 49306 1.5 25 17 10 21 68%  76 166864 153 112%
c {  7.79 207 14 20 49 6243 1 230988 49306 1.5 15 10 8 12 48%  76 166864 153 112%
c -  7.86 207 14 20 50 6526 1 232983 45768 1.5 15 10 8 12 48%  76 166864 153 112%
c -  8.05 207 14 20 51 6922 1 240054 45888 1.5 15 10 8 12 47%  76 166864 153 112%
c
c seconds    switched    rate          size/glue  tier1    binary        remaining
c         MB   reductions  conflicts         size   tier2     irredundant
c          level    restarts      redundant     glue    trail        variables
c
c o  8.08 207 14 20 51 6957 1 241140 46584 1.5 15 10 8 12 47%  76 166864 153 112%
c u  8.19 205 14 20 51 7077 1 243730 48291 1.5 15 10 8 12 47%  77 166864 153 112%
c v  8.21 207 14 20 51 7077 1 243730 48258 1.5 15 10 8 12 47%  77 166864 153 112%
c w  8.22 207 14 20 51 7077 1 243730 48251 1.5 15 10 8 12 47%  77 166864 153 112%
c x  8.25 207 14 20 51 7077 1 243730 48251 1.5 15 10 8 12 47%  78 166703 153 112%
c t  8.30 209 14 20 51 7077 1 243730 48251 1.5 15 10 8 12 47%  76 166703 153 112%
c s  8.38 209 14 20 51 7086 1 243813 48326 1.5 15 10 8 12 47%  76 166612 153 112%
c e  8.38 209 14 20 51 7086 1 243813 48326 1.5 15 10 8 12 47%  55 166730 145 107%
c s  8.45 209 14 20 51 7086 1 243813 48326 1.5 15 10 8 12 47%  55 166636 145 107%
c !  8.45 209 14 20 51 7086 1 243813 48326 1.5 15 10 8 12 47%  55 166636 145 107%
c -  8.56 209 14 20 52 7404 1 247196 45212 1.5 15 10 8 12 47%  55 166636 145 107%
c -  8.75 209 14 20 53 7879 1 254407 46264 1.5 15 10 8 12 47%  55 166636 145 107%
c }  8.84 209 14 21 53 8009 1 257728 48553 1.5 15 10 8 12 47%  55 166636 145 107%
c [  8.84 209 29 21 53 8009 1 257728 48553 1.5 25 17 10 21 68%  55 166636 145 107%
c I  8.86 209 29 21 53 8009 1 258568 49236 1.5 25 17 10 21 68%  55 166636 145 107%
c -  8.96 209 28 21 54 8011 1 261688 46838 1.5 25 16 10 21 67%  55 166636 145 107%
c -  9.14 209 26 21 55 8015 1 269037 47990 1.5 24 16 10 20 65%  56 166636 145 107%
c -  9.32 209 25 21 56 8021 1 276453 50531 1.5 23 15 10 20 63%  56 166636 145 107%
c -  9.45 209 25 21 57 8023 1 283936 54279 1.5 23 15 10 20 64%  56 166636 145 107%
c u  9.56 209 25 21 57 8023 1 287744 57098 1.5 23 15 10 20 64%  56 166636 145 107%
c
c seconds    switched    rate          size/glue  tier1     binary        remaining
c         MB   reductions  conflicts         size    tier2     irredundant
c          level    restarts      redundant     glue     trail        variables
c
c v  9.60 209 25 21 57 8023 1 287744 57042 1.5 23 15 10 20 64%  56 166636 145 107%
c w  9.61 209 25 21 57 8023 1 287744 56956 1.5 23 15 10 20 64%  56 166636 145 107%
c x  9.64 209 25 21 57 8023 1 287744 56955 1.5 23 15 10 20 64%  56 166004 145 107%
c f  9.65 209 25 21 57 8023 1 287744 56955 1.5 23 15 10 20 64%  67 165880 149 110%
c u  9.69 209 25 21 57 8023 1 287744 56932 1.5 23 15 10 20 64%  67 165880 149 110%
c v  9.72 209 25 21 57 8023 1 287744 56867 1.5 23 15 10 20 64%  67 165880 149 110%
c w  9.74 209 25 21 57 8023 1 287744 56842 1.5 23 15 10 20 64%  67 165880 149 110%
c x  9.77 209 25 21 57 8023 1 287744 56842 1.5 23 15 10 20 64%  67 162931 149 110%
c f  9.77 209 25 21 57 8023 1 287744 56842 1.5 23 15 10 20 64%  70 162833 151 111%
c ]  9.85 208 24 22 57 8024 1 291483 59831 1.5 23 15 10 20 65%  70 162833 151 111%
c {  9.85 208 14 22 57 8024 1 291483 59831 1.5 15 10 8 12 47%  70 162833 151 111%
c -  9.86 209 14 22 58 8024 1 291486 56264 1.5 15 10 8 12 47%  70 162833 151 111%
c - 10.05 209 14 22 59 8089 1 299102 57161 1.5 15 10 8 12 47%  71 162833 151 111%
c - 10.28 210 14 22 60 8167 1 306783 57328 1.5 15 10 8 12 47%  72 162833 151 111%
c - 10.51 210 14 22 61 8200 1 314528 60170 1.6 15 10 8 12 47%  74 162833 151 111%
c o 10.62 210 13 22 61 8210 1 318685 63849 1.6 16 10 8 12 48%  74 162833 151 111%
c - 10.73 209 13 22 62 8325 1 322338 53830 1.6 16 10 7 12 48%  74 162833 151 111%
c } 10.74 209 13 23 62 8359 1 322999 54291 1.6 16 10 7 12 48%  74 162833 151 111%
c [ 10.74 209 24 23 62 8359 1 322999 54291 1.5 23 15 10 20 65%  74 162833 151 111%
c B 10.74 209 24 23 62 8359 1 322999 54291 1.5 23 15 10 20 65%  74 162833 151 111%
c
c seconds    switched    rate          size/glue  tier1     binary        remaining
c         MB   reductions  conflicts         size    tier2     irredundant
c          level    restarts      redundant     glue     trail        variables
c
c - 10.87 209 25 23 63 8364 1 330212 50828 1.5 23 16 10 20 66%  74 162833 151 111%
c d 10.95 209 26 23 63 8366 1 335780 55245 1.5 24 16 10 20 67%  72 162091 150 110%
c u 11.00 209 26 23 63 8366 1 335780 55147 1.5 24 16 10 20 67%  72 162091 150 110%
c v 11.03 210 26 23 63 8366 1 335780 54489 1.5 24 16 10 20 67%  72 162091 150 110%
c w 11.04 210 26 23 63 8366 1 335780 54485 1.5 24 16 10 20 67%  72 162091 150 110%
c x 11.07 210 26 23 63 8366 1 335780 54479 1.5 24 16 10 20 67%  73 160364 150 110%
c t 11.07 210 26 23 63 8366 1 335780 54479 1.5 24 16 10 20 67%  70 160364 150 110%
c f 11.08 210 26 23 63 8366 1 335780 54479 1.5 24 16 10 20 67%  75 160289 153 112%
c u 11.12 216 26 23 63 8366 1 335780 54372 1.5 24 16 10 20 67%  75 160289 153 112%
c v 11.15 217 26 23 63 8366 1 335780 54158 1.5 24 16 10 20 67%  75 160289 153 112%
c w 11.16 217 26 23 63 8366 1 335780 54147 1.5 24 16 10 20 67%  75 160289 153 112%
c x 11.19 217 26 23 63 8366 1 335780 54144 1.5 24 16 10 20 67%  75 158533 153 112%
c t 11.20 217 26 23 63 8366 1 335780 54144 1.5 24 16 10 20 67%  74 158533 153 112%
c f 11.20 217 26 23 63 8366 1 335780 54144 1.5 24 16 10 20 67%  75 158514 154 113%
c - 11.24 217 26 23 64 8368 1 338151 48466 1.5 24 16 10 20 67%  75 158514 154 113%
c - 11.37 217 27 23 65 8372 1 346151 48693 1.5 25 16 10 20 68%  75 158514 154 113%
c s 11.49 217 27 23 65 8373 1 348460 50742 1.5 25 17 10 20 68%  83 157213 154 113%
c e 11.49 217 27 23 65 8373 1 348460 50742 1.5 25 17 10 20 68%  71 157277 146 107%
c s 11.57 217 27 23 65 8373 1 348460 50742 1.5 25 17 10 20 68%  71 157149 146 107%
c - 11.70 217 27 23 66 8373 1 354213 48973 1.5 25 17 10 20 68%  71 157149 146 107%
c
c seconds    switched    rate          size/glue  tier1     binary        remaining
c         MB   reductions  conflicts         size    tier2     irredundant
c          level    restarts      redundant     glue     trail        variables
c
c - 11.85 217 27 23 67 8378 1 362339 48762 1.5 25 17 10 20 68%  71 157149 146 107%
c W 11.94 218 27 23 67 8380 1 366711 52730 1.5 25 17 10 20 68%  71 157149 146 107%
c - 12.00 218 28 23 68 8382 1 370526 50134 1.5 25 17 10 20 68%  71 157149 146 107%
c - 12.14 218 28 23 69 8387 1 378772 50005 1.5 25 17 10 20 69%  71 157149 146 107%
c ] 12.21 218 28 24 69 8388 1 382062 52867 1.5 25 17 10 20 68%  71 157149 146 107%
c { 12.21 218 13 24 69 8388 1 382062 52867 1.6 16 10 7 12 48%  71 157149 146 107%
c - 12.36 217 14 24 70 8732 1 387078 50006 1.6 16 10 7 12 48%  71 157149 146 107%
c u 12.42 218 14 24 70 8797 1 387904 50587 1.6 16 10 7 12 48%  71 157149 146 107%
c v 12.45 218 14 24 70 8797 1 387904 50518 1.6 16 10 7 12 48%  71 157149 146 107%
c w 12.46 218 14 24 70 8797 1 387904 50510 1.6 16 10 7 12 48%  71 157149 146 107%
c x 12.49 218 14 24 70 8797 1 387904 50502 1.6 16 10 7 12 48%  71 156359 146 107%
c f 12.50 218 14 24 70 8797 1 387904 50502 1.6 16 10 7 12 48%  83 156185 154 113%
c u 12.54 217 14 24 70 8797 1 387904 50306 1.6 16 10 7 12 48%  83 156185 154 113%
c v 12.56 217 14 24 70 8797 1 387904 50241 1.6 16 10 7 12 48%  83 156185 154 113%
c w 12.57 217 14 24 70 8797 1 387904 50237 1.6 16 10 7 12 48%  83 156185 154 113%
c x 12.59 218 14 24 70 8797 1 387904 50237 1.6 16 10 7 12 48%  83 155740 154 113%
c t 12.60 218 14 24 70 8797 1 387904 50237 1.6 16 10 7 12 48%  82 155740 154 113%
c - 12.85 218 14 24 71 10069 1 395444 50092 1.6 16 10 7 12 48%  83 155740 154 113%
c o 13.00 218 14 24 71 10285 1 401794 54754 1.6 15 10 7 12 48%  83 155740 154 113%
c - 13.07 218 14 24 72 10420 1 403871 50138 1.6 15 10 7 12 48%  83 155740 154 113%
c
c seconds    switched     rate          size/glue  tier1    binary        remaining
c         MB   reductions   conflicts         size   tier2     irredundant
c          level    restarts       redundant     glue    trail        variables
c
c - 13.31 218 14 24 73 11077 1 412356 49957 1.6 15 10 7 12 48%  83 155740 154 113%
c } 13.49 217 14 25 73 11759 1 418740 54830 1.5 15 10 7 12 48%  83 155740 154 113%
c [ 13.49 217 28 25 73 11759 1 418740 54830 1.5 25 17 10 20 68%  83 155740 154 113%
c O 13.49 217 28 25 73 11759 1 418740 54830 1.5 25 17 10 20 68%  83 155740 154 113%
c - 13.55 218 28 25 74 11761 1 420900 50983 1.5 25 17 10 20 68%  83 155740 154 113%
c - 13.75 218 28 25 75 11765 1 429504 51929 1.5 25 17 10 20 67%  83 155740 154 113%
c - 13.87 218 28 25 76 11771 1 438165 52641 1.5 26 17 10 20 69%  83 155740 154 113%
c u 14.00 218 27 25 76 11773 1 444178 57889 1.6 25 16 10 20 69%  83 155740 154 113%
c v 14.04 218 27 25 76 11773 1 444178 57810 1.6 25 16 10 20 69%  83 155740 154 113%
c w 14.06 218 27 25 76 11773 1 444178 57559 1.6 25 16 10 20 69%  83 155740 154 113%
c x 14.09 218 27 25 76 11773 1 444178 57556 1.6 25 16 10 20 69%  83 155275 154 113%
c - 14.30 223 27 25 77 11773 1 446882 53325 1.5 25 16 10 20 69%  83 155275 154 113%
c - 14.52 223 27 25 78 11776 1 455656 55267 1.5 25 16 10 20 67%  83 155275 154 113%
c - 14.73 223 26 25 79 11781 1 464487 56917 1.6 25 16 10 20 66%  83 155275 154 113%
c B 14.91 223 26 25 79 11786 1 471529 62977 1.6 24 16 10 20 65%  83 155275 154 113%
c ] 14.93 223 26 26 79 11787 1 472793 64143 1.6 25 16 10 20 66%  83 155275 154 113%
c { 14.93 223 14 26 79 11787 1 472793 64143 1.5 15 10 7 12 48%  83 155275 154 113%
c - 14.96 222 14 26 80 11896 1 473377 57832 1.5 15 10 7 12 48%  83 155275 154 113%
c s 15.14 223 14 26 80 12234 2 476192 60087 1.5 16 10 7 12 48%  83 155041 154 113%
c e 15.15 223 14 26 80 12234 2 476192 60087 1.5 16 10 7 12 48%  72 155109 148 109%
c
c seconds    switched     rate          size/glue  tier1    binary        remaining
c         MB   reductions   conflicts         size   tier2     irredundant
c          level    restarts       redundant     glue    trail        variables
c
c s 15.25 223 14 26 80 12234 2 476192 60087 1.5 16 10 7 12 48%  73 155027 148 109%
c - 15.41 223 14 26 81 12400 2 482322 57996 1.6 16 10 7 12 49%  73 155027 148 109%
c - 15.68 223 14 26 82 12867 2 491323 57051 1.6 16 10 7 12 49%  73 155027 148 109%
c o 15.79 223 14 26 82 13019 2 495083 59814 1.6 16 10 7 12 50%  73 155027 148 109%
c - 15.94 223 14 26 83 13213 1 500379 57234 1.6 16 10 7 12 50%  73 155027 148 109%
c u 16.09 223 14 26 83 13330 1 504701 60527 1.6 16 10 7 12 51%  73 155027 148 109%
c v 16.13 223 14 26 83 13330 1 504701 60353 1.6 16 10 7 12 51%  73 155027 148 109%
c w 16.15 223 14 26 83 13330 1 504701 60294 1.6 16 10 7 12 51%  73 155027 148 109%
c x 16.18 223 14 26 83 13330 1 504701 60293 1.6 16 10 7 12 51%  73 153990 148 109%
c f 16.19 223 14 26 83 13330 1 504701 60293 1.6 16 10 7 12 51%  76 153915 152 112%
c u 16.25 223 14 26 83 13330 1 504701 60194 1.6 16 10 7 12 51%  77 153915 152 112%
c v 16.29 223 14 26 83 13330 1 504701 59725 1.6 16 10 7 12 51%  77 153915 152 112%
c w 16.31 223 14 26 83 13330 1 504701 59679 1.6 16 10 7 12 51%  77 153915 152 112%
c x 16.34 223 14 26 83 13330 1 504701 59679 1.6 16 10 7 12 51%  77 153100 152 112%
c t 16.35 223 14 26 83 13330 1 504701 59679 1.6 16 10 7 12 51%  76 153100 152 112%
c - 16.51 223 14 26 84 13504 1 509489 57207 1.6 16 10 7 12 51%  76 153099 152 112%
c } 16.67 223 14 27 84 13639 1 515011 61414 1.6 16 10 7 12 51%  76 153099 152 112%
c [ 16.67 223 26 27 84 13639 1 515011 61414 1.6 25 16 10 20 66%  76 153099 152 112%
c - 16.76 223 26 27 85 13641 1 518654 58939 1.6 24 16 10 19 65%  76 153099 152 112%
c - 16.93 223 25 27 86 13646 1 527873 60549 1.6 24 15 9 19 66%  76 153099 152 112%
c
c seconds    switched     rate          size/glue  tier1    binary        remaining
c         MB   reductions   conflicts         size   tier2     irredundant
c          level    restarts       redundant     glue    trail        variables
c
c W 16.97 223 25 27 86 13647 1 529115 61664 1.6 25 15 9 19 66%  76 153099 152 112%
c - 17.10 223 26 27 87 13652 1 537147 60153 1.6 25 16 9 19 67%  76 153099 152 112%
c - 17.29 224 26 27 88 13653 1 546476 59671 1.6 25 16 10 19 67%  76 153099 152 112%
c - 17.50 224 26 27 89 13659 1 555858 59924 1.6 25 16 10 19 67%  76 153099 152 112%
c - 17.64 224 27 27 90 13664 1 565293 58234 1.6 26 16 10 20 68%  76 153099 152 112%
c u 17.77 223 26 27 90 13667 1 569500 61758 1.6 26 16 10 20 69%  77 153099 152 112%
c v 17.80 223 26 27 90 13667 1 569500 61701 1.6 26 16 10 20 69%  77 153099 152 112%
c w 17.82 223 26 27 90 13667 1 569500 61606 1.6 26 16 10 20 69%  77 153099 152 112%
c x 17.85 223 26 27 90 13667 1 569500 61604 1.6 26 16 10 20 69%  77 152650 152 112%
c - 17.97 223 27 27 91 13668 1 574779 57737 1.6 26 16 10 20 69%  77 152650 152 112%
c ] 18.15 223 26 28 91 13669 1 582262 64327 1.6 26 16 10 20 68%  77 152650 152 112%
c { 18.15 223 14 28 91 13669 1 582262 64327 1.6 16 10 7 12 51%  77 152650 152 112%
c - 18.22 223 14 28 92 13810 1 584318 59022 1.6 16 10 7 12 51%  77 152650 152 112%
c - 18.53 223 14 28 93 14689 2 593912 59266 1.6 16 10 7 12 51%  77 152650 152 112%
c o 18.63 223 14 28 93 14857 2 596914 61428 1.6 16 10 7 12 51%  77 152650 152 112%
c - 18.89 223 14 28 94 15595 2 603555 58619 1.6 16 10 7 12 51%  77 152649 152 112%
c - 19.27 223 15 28 95 16949 2 613250 60074 1.6 16 10 7 12 51%  77 152649 152 112%
c - 19.58 223 15 28 96 17819 2 622997 61755 1.5 16 10 7 12 51%  77 152649 152 112%
c s 19.87 223 15 28 96 18233 2 628582 66336 1.6 16 10 7 12 52%  78 152008 152 112%
c e 19.88 223 15 28 96 18233 2 628582 66336 1.6 16 10 7 12 52%  72 152063 147 108%
c
c seconds    switched     rate          size/glue  tier1    binary        remaining
c         MB   reductions   conflicts         size   tier2     irredundant
c          level    restarts       redundant     glue    trail        variables
c
c s 20.00 223 15 28 96 18233 2 628582 66336 1.6 16 10 7 12 52%  72 151936 147 108%
c } 20.06 223 15 29 96 18385 2 630401 67602 1.6 16 10 7 12 52%  72 151936 147 108%
c [ 20.06 223 26 29 96 18385 1 630401 67602 1.6 26 16 10 20 68%  72 151936 147 108%
c I 20.06 223 26 29 96 18385 1 630401 67602 1.6 26 16 10 20 68%  72 151936 147 108%
c - 20.12 223 26 29 97 18387 1 632794 63335 1.6 26 16 10 20 68%  72 151936 147 108%
c u 20.30 223 26 29 97 18390 1 638646 68546 1.6 26 16 10 20 68%  73 151936 147 108%
c v 20.37 223 26 29 97 18390 1 638646 68391 1.6 26 16 10 20 68%  73 151936 147 108%
c w 20.39 223 26 29 97 18390 1 638646 68318 1.6 26 16 10 20 68%  73 151936 147 108%
c x 20.43 223 26 29 97 18390 1 638646 68304 1.6 26 16 10 20 68%  75 150189 147 108%
c t 20.44 223 26 29 97 18390 1 638646 68304 1.6 26 16 10 20 68%  73 150189 147 108%
c - 20.51 219 27 29 98 18391 1 642643 63889 1.6 26 16 10 20 69%  73 150189 147 108%
c - 20.71 223 27 29 99 18398 1 652544 64333 1.6 26 16 10 20 69%  73 150189 147 108%
c - 20.88 223 27 29 100 18399 1 662496 65837 1.6 26 17 10 20 70%  73 150189 147 108%
c - 21.08 223 27 29 101 18406 1 672496 66874 1.6 26 17 10 20 70%  73 150189 147 108%
c - 21.27 223 27 29 102 18411 1 682545 66998 1.6 26 17 10 20 71%  73 150189 147 108%
c - 21.48 223 26 29 103 18414 1 692644 64850 1.6 26 17 10 19 70%  73 150189 147 108%
c B 21.59 223 26 29 103 18415 1 698083 69504 1.6 26 17 10 19 70%  73 150189 147 108%
c - 21.66 223 26 29 104 18415 1 702792 64311 1.6 26 17 10 19 71%  73 150189 147 108%
c u 21.84 223 26 29 104 18415 1 712159 72563 1.6 26 17 10 19 71%  74 150189 147 108%
c v 21.88 223 26 29 104 18415 1 712159 72491 1.6 26 17 10 19 71%  74 150189 147 108%
c
c seconds    switched      rate          size/glue  tier1     binary        remaining
c         MB   reductions    conflicts         size    tier2     irredundant
c          level     restarts       redundant     glue     trail        variables
c
c w 21.90 223 26 29 104 18415 1 712159 72021 1.6 26 17 10 19 71%  74 150189 147 108%
c x 21.92 224 26 29 104 18415 1 712159 72020 1.6 26 17 10 19 71%  74 150000 147 108%
c o 21.93 224 26 29 104 18415 1 712159 72020 1.6 26 17 10 19 71%  74 150000 147 108%
c - 21.96 224 26 29 105 18415 1 712993 62462 1.6 26 17 10 19 71%  74 150000 147 108%
c - 22.16 223 27 29 106 18422 1 723239 61163 1.6 26 17 10 20 71%  74 150000 147 108%
c ] 22.23 223 27 30 106 18422 1 726020 63649 1.5 26 17 10 20 71%  74 150000 147 108%
c { 22.23 223 15 30 106 18422 2 726020 63649 1.6 16 10 7 12 52%  74 150000 147 108%
c - 22.46 223 15 30 107 18910 2 733536 61327 1.6 16 10 7 12 53%  74 150000 147 108%
c - 22.70 223 15 30 108 19491 2 743884 62664 1.6 17 10 7 12 54%  74 150000 147 108%
c - 22.91 223 15 30 109 19737 2 754276 64745 1.6 17 10 7 12 56%  74 150000 147 108%
c - 23.18 223 15 30 110 20434 2 764718 67159 1.6 17 10 7 12 57%  74 150000 147 108%
c - 23.53 223 15 30 111 21020 2 775206 69458 1.6 17 10 7 12 57%  74 150000 147 108%
c } 23.65 223 15 31 111 21176 2 780454 73595 1.6 17 10 7 12 57%  74 150000 147 108%
c [ 23.65 223 27 31 111 21176 1 780454 73595 1.5 26 17 10 20 71%  74 150000 147 108%
c W 23.67 223 27 31 111 21176 1 780454 73595 1.5 26 17 10 20 71%  74 150000 147 108%
c - 23.76 224 27 31 112 21180 1 785741 69524 1.6 26 17 10 20 71%  74 150000 147 108%
c u 23.92 222 27 31 112 21182 1 790122 73367 1.6 26 17 10 20 71%  75 150000 147 108%
c v 23.97 223 27 31 112 21182 1 790122 73309 1.6 26 17 10 20 71%  75 150000 147 108%
c w 23.99 223 27 31 112 21182 1 790122 73302 1.6 26 17 10 20 71%  75 150000 147 108%
c x 24.03 223 27 31 112 21182 1 790122 73300 1.6 26 17 10 20 71%  75 148640 147 108%
c
c seconds    switched      rate          size/glue  tier1     binary        remaining
c         MB   reductions    conflicts         size    tier2     irredundant
c          level     restarts       redundant     glue     trail        variables
c
c t 24.04 223 27 31 112 21182 1 790122 73300 1.6 26 17 10 20 71%  74 148640 147 108%
c - 24.20 224 27 31 113 21185 1 796324 69432 1.6 26 17 10 19 71%  74 148640 147 108%
c s 24.56 224 26 31 113 21190 1 806887 78397 1.5 26 17 10 19 71%  74 148029 147 108%
c s 24.68 224 26 31 113 21190 1 806887 78397 1.5 26 17 10 19 71%  74 148000 147 108%
c - 24.70 224 27 31 114 21190 1 806954 69630 1.5 26 17 10 19 71%  74 148000 147 108%
c - 24.89 223 26 31 115 21193 1 817631 68346 1.5 26 17 10 19 71%  74 148000 147 108%
c - 25.10 223 27 31 116 21200 1 828354 66030 1.5 26 17 10 19 71%  74 148000 147 108%
c - 25.40 223 27 31 117 21205 1 839124 65466 1.5 26 17 10 19 71%  74 148000 147 108%
c - 25.59 223 27 31 118 21206 1 849940 64021 1.5 26 17 10 19 72%  74 148000 147 108%
c ] 25.60 223 27 32 118 21206 1 850843 64831 1.5 26 17 10 19 72%  74 148000 147 108%
c { 25.60 223 15 32 118 21206 2 850843 64831 1.6 17 10 7 12 57%  74 148000 147 108%
c o 25.63 223 15 32 118 21253 2 851466 65229 1.6 17 10 7 12 57%  74 148000 147 108%
c - 25.92 223 15 32 119 21897 2 860802 64681 1.6 17 10 7 11 58%  74 148000 147 108%
c - 26.17 223 15 32 120 22849 2 871711 58043 1.6 17 11 6 11 60%  74 148000 147 108%
c u 26.23 223 15 32 120 22909 2 872562 58642 1.6 17 11 6 11 60%  75 148000 146 107%
c v 26.28 223 15 32 120 22909 2 872562 58348 1.6 17 11 6 11 60%  75 148000 146 107%
c w 26.30 223 15 32 120 22909 2 872562 58306 1.6 17 11 6 11 60%  75 148000 146 107%
c x 26.34 223 15 32 120 22909 2 872562 58269 1.6 17 11 6 11 60%  75 138457 146 107%
c f 26.35 223 15 32 120 22909 2 872562 57922 1.6 17 11 6 11 60%  77 138438 147 108%
c i 26.35 223 15 32 120 22909 2 872562 57922 1.6 17 11 6 11 60%  77 138438 147 108%
c
c seconds    switched      rate          size/glue  tier1    binary        remaining
c         MB   reductions    conflicts         size   tier2     irredundant
c          level     restarts       redundant     glue    trail        variables
c
c - 26.61 223 15 32 121 23418 2 882665 55636 1.6 17 11 6 11 60%  69 138438 147 108%
c - 26.86 223 15 32 122 23700 2 893667 56143 1.6 16 10 6 11 60%  70 138438 147 108%
c - 27.16 223 15 32 123 24477 2 904714 56924 1.6 16 10 6 11 60%  70 138438 147 108%
c } 27.29 223 15 33 123 24789 2 911947 62369 1.6 16 10 6 11 61%  70 138438 147 108%
c [ 27.29 223 27 33 123 24789 1 911947 62369 1.5 26 17 10 19 72%  70 138438 147 108%
c O 27.29 223 27 33 123 24789 1 911947 62369 1.5 26 17 10 19 72%  70 138438 147 108%
c - 27.40 223 26 33 124 24791 1 915807 57996 1.5 26 17 10 19 71%  70 138438 147 108%
c - 27.61 223 26 33 125 24798 1 926942 57826 1.5 26 17 10 19 71%  70 138438 147 108%
c - 27.84 223 25 33 126 24803 1 938122 57219 1.5 25 17 10 19 70%  70 138438 147 108%
c - 28.09 223 25 33 127 24807 1 949347 59874 1.5 25 16 10 19 70%  70 138438 147 108%
c b 28.35 223 25 33 127 24812 1 959399 68481 1.5 25 16 10 19 69%  70 138438 146 107%
c u 28.40 223 25 33 127 24812 1 959399 66705 1.5 25 16 10 19 69%  73 138438 146 107%
c v 28.44 223 25 33 127 24812 1 959399 65544 1.5 25 16 10 19 69%  71 138438 146 107%
c w 28.47 223 25 33 127 24812 1 959399 65471 1.5 25 16 10 19 69%  71 138438 146 107%
c x 28.51 223 25 33 127 24812 1 959399 65457 1.5 25 16 10 19 69%  74 134700 146 107%
c = 28.81 225 25 33 127 24812 1 959399 65457 1.5 25 16 10 19 69%  80 134224 142 104%
c d 28.82 225 25 33 127 24812 1 959399 65344 1.5 25 16 10 19 69%  73 134223 142 104%
c t 28.82 225 25 33 127 24812 1 959399 65344 1.5 25 16 10 19 69%  72 134223 142 104%
c f 28.83 225 25 33 127 24812 1 959399 65344 1.5 25 16 10 19 69%  74 134185 144 106%
c u 28.88 224 25 33 127 24812 1 959399 65203 1.5 25 16 10 19 69%  74 134185 144 106%
c
c seconds    switched      rate          size/glue  tier1     binary        remaining
c         MB   reductions    conflicts         size    tier2     irredundant
c          level     restarts       redundant     glue     trail        variables
c
c v 28.93 224 25 33 127 24812 1 959399 65162 1.5 25 16 10 19 69%  74 134185 144 106%
c w 28.96 224 25 33 127 24812 1 959399 65148 1.5 25 16 10 19 69%  74 134185 144 106%
c x 29.00 224 25 33 127 24812 1 959399 65147 1.5 25 16 10 19 69%  74 133123 144 106%
c t 29.00 224 25 33 127 24812 1 959399 65147 1.5 25 16 10 19 69%  73 133123 144 106%
c - 29.05 222 25 33 128 24813 1 960616 55523 1.5 25 16 10 19 69%  54 133123 144 106%
c ] 29.37 224 26 34 128 24818 1 971605 64782 1.5 25 17 10 19 69%  54 133123 144 106%
c { 29.37 224 15 34 128 24818 2 971605 64782 1.6 16 10 6 11 61%  54 133123 144 106%
c - 29.39 224 15 34 129 24884 2 971930 53762 1.6 16 10 6 11 61%  54 133123 144 106%
c - 29.74 225 15 34 130 25486 2 983288 55279 1.6 16 10 6 11 60%  54 133123 144 106%
c o 29.81 224 15 34 130 25553 2 985566 57120 1.6 16 10 6 11 59%  54 133123 144 106%
c - 30.07 224 15 34 131 25956 2 994689 57149 1.6 16 10 6 11 59%  54 133123 144 106%
c - 30.34 224 15 34 132 26462 2 1006136 58152 1.6 16 10 6 11 59%  54 133123 144 106%
c s 30.69 224 15 34 132 27017 2 1012356 62715 1.5 16 10 6 11 60%  54 130629 144 106%
c e 30.69 224 15 34 132 27017 2 1012356 62715 1.5 16 10 6 11 60%  42 130691 138 101%
c s 30.89 224 15 34 132 27017 2 1012356 62715 1.5 16 10 6 11 60%  42 130005 138 101%
c - 31.06 224 15 34 133 27186 2 1017625 59085 1.5 16 10 6 11 59%  43 130004 138 101%
c - 31.39 224 15 34 134 28419 1 1029158 60227 1.5 16 11 6 11 60%  43 130004 138 101%
c } 31.66 224 15 35 134 28741 1 1039752 66775 1.5 16 11 6 11 60%  43 130004 138 101%
c [ 31.66 224 26 35 134 28741 1 1039752 66775 1.5 25 17 10 19 69%  43 130004 138 101%
c B 31.66 224 26 35 134 28741 1 1039752 66775 1.5 25 17 10 19 69%  43 130004 138 101%
c
c seconds    switched      rate           size/glue  tier1     binary        remaining
c         MB   reductions     conflicts         size    tier2     irredundant
c          level     restarts        redundant     glue     trail        variables
c
c - 31.69 224 26 35 135 28741 1 1040734 60378 1.5 25 17 10 19 69%  43 130004 138 101%
c u 31.98 224 26 35 135 28747 1 1050755 65656 1.5 26 17 10 19 69%  43 130004 138 101%
c v 32.06 224 26 35 135 28747 1 1050755 57726 1.5 26 17 10 19 69%  43 130004 138 101%
c w 32.09 224 26 35 135 28747 1 1050755 55154 1.5 26 17 10 19 69%  43 130004 138 101%
c x 32.14 224 26 35 135 28747 1 1050755 55143 1.5 26 17 10 19 69%  43 127668 138 101%
c f 32.15 224 26 35 135 28747 1 1050755 55143 1.5 26 17 10 19 69%  54 127569 143 105%
c u 32.22 224 26 35 135 28747 1 1050755 54674 1.5 26 17 10 19 69%  54 127569 143 105%
c v 32.28 224 26 35 135 28747 1 1050755 54547 1.5 26 17 10 19 69%  54 127569 143 105%
c w 32.30 224 26 35 135 28747 1 1050755 54535 1.5 26 17 10 19 69%  54 127569 143 105%
c x 32.35 224 26 35 135 28747 1 1050755 54535 1.5 26 17 10 19 69%  54 126421 143 105%
c - 32.41 224 27 35 136 28748 1 1052352 49928 1.5 26 17 10 19 69%  54 126421 143 105%
c - 32.67 224 27 35 137 28754 1 1064015 54430 1.5 26 17 10 19 68%  54 126421 143 105%
c - 32.97 224 26 35 138 28758 1 1075719 57602 1.5 25 17 10 19 68%  54 126421 143 105%
c - 33.25 224 26 35 139 28765 1 1087466 59998 1.5 25 17 10 19 67%  54 126421 143 105%
c - 33.58 224 26 35 140 28770 1 1099258 59930 1.4 25 17 10 19 67%  54 126421 143 105%
c - 33.95 224 26 35 141 28771 1 1111091 60457 1.5 25 17 10 19 66%  55 126421 143 105%
c ] 33.98 224 26 36 141 28771 1 1111966 61194 1.5 25 17 10 19 66%  55 126421 143 105%
c { 33.98 224 15 36 141 28771 1 1111966 61194 1.5 16 11 6 11 60%  55 126421 143 105%
c - 34.32 224 15 36 142 29503 1 1122968 60662 1.5 16 11 6 11 59%  55 126421 143 105%
c o 34.43 224 15 36 142 29763 1 1126536 63534 1.5 16 11 6 11 59%  55 126421 143 105%
c
c seconds    switched      rate           size/glue  tier1    binary        remaining
c         MB   reductions     conflicts         size   tier2     irredundant
c          level     restarts        redundant     glue    trail        variables
c
c - 34.71 225 15 36 143 30478 2 1134884 60090 1.5 16 11 6 11 58%  55 126421 143 105%
c u 35.15 232 15 36 143 31209 2 1146635 69227 1.5 16 11 6 11 57%  55 126421 143 105%
c v 35.22 232 15 36 143 31209 2 1146635 69032 1.5 16 11 6 11 57%  55 126421 143 105%
c w 35.24 232 15 36 143 31209 2 1146635 68976 1.5 16 11 6 11 57%  55 126421 143 105%
c x 35.30 232 15 36 143 31209 2 1146635 68975 1.5 16 11 6 11 57%  61 123965 143 105%
c t 35.73 233 15 36 143 31209 2 1146635 68975 1.5 16 11 6 11 57%  60 123965 143 105%
c f 35.74 233 15 36 143 31209 2 1146635 68975 1.5 16 11 6 11 57%  64 123853 145 107%
c u 35.81 232 15 36 143 31209 2 1146635 68737 1.5 16 11 6 11 57%  64 123853 145 107%
c v 35.88 233 15 36 143 31209 2 1146635 68619 1.5 16 11 6 11 57%  64 123853 145 107%
c w 35.91 233 15 36 143 31209 2 1146635 68579 1.5 16 11 6 11 57%  64 123853 145 107%
c x 35.96 233 15 36 143 31209 2 1146635 68578 1.5 16 11 6 11 57%  64 123192 145 107%
c - 35.99 233 15 36 144 31233 2 1146845 60240 1.5 16 11 6 11 57%  64 123192 145 107%
c - 36.33 233 15 36 145 31706 2 1158845 61945 1.5 16 11 6 11 57%  65 123192 145 107%
c - 36.69 233 15 36 146 32483 2 1170886 63280 1.5 16 11 6 11 57%  65 123192 145 107%
c - 37.01 233 15 36 147 33039 2 1182972 64936 1.6 17 11 6 11 57%  65 123192 145 107%
c } 37.10 232 15 37 147 33085 2 1187522 68650 1.6 17 11 6 11 58%  65 123192 145 107%
c [ 37.10 232 26 37 147 33085 1 1187522 68650 1.5 25 17 10 19 66%  65 123192 145 107%
c W 37.12 230 26 37 147 33085 1 1187522 68650 1.5 25 17 10 19 66%  65 123192 145 107%
c - 37.29 233 26 37 148 33090 1 1195096 65490 1.5 25 17 10 19 66%  65 123192 145 107%
c - 37.55 233 25 37 149 33097 1 1207261 66480 1.5 25 17 10 19 66%  65 123192 145 107%
c
c seconds    switched      rate           size/glue  tier1     binary        remaining
c         MB   reductions     conflicts         size    tier2     irredundant
c          level     restarts        redundant     glue     trail        variables
c
c - 37.70 234 25 37 150 33099 1 1219468 66762 1.5 24 17 10 19 67%  65 123192 145 107%
c - 37.99 233 25 37 151 33106 1 1231716 66419 1.5 24 17 10 19 67%  65 123192 145 107%
c - 38.30 233 24 37 152 33113 1 1244004 67797 1.5 24 16 10 19 65%  65 123192 145 107%
c s 38.55 233 24 37 152 33114 1 1245626 69173 1.5 24 16 10 19 65%  65 120784 145 107%
c e 38.55 233 24 37 152 33114 1 1245626 69173 1.5 24 16 10 19 65%  54 120836 140 103%
c s 38.75 233 24 37 152 33114 1 1245626 69173 1.5 24 16 10 19 65%  54 120429 140 103%
c u 38.86 233 24 37 152 33114 1 1247136 70326 1.5 24 16 10 19 65%  54 120429 140 103%
c v 38.92 233 24 37 152 33114 1 1247136 69629 1.5 24 16 10 19 65%  54 120429 140 103%
c w 38.95 233 24 37 152 33114 1 1247136 66669 1.5 24 16 10 19 65%  54 120429 140 103%
c x 38.99 233 24 37 152 33114 1 1247136 66669 1.5 24 16 10 19 65%  54 118489 140 103%
c f 39.00 233 24 37 152 33114 1 1247136 66669 1.5 24 16 10 19 65%  60 118443 142 104%
c u 39.07 233 24 37 152 33114 1 1247136 66007 1.5 24 16 10 19 65%  60 118443 142 104%
c v 39.13 233 24 37 152 33114 1 1247136 65860 1.5 24 16 10 19 65%  60 118443 142 104%
c w 39.16 233 24 37 152 33114 1 1247136 65838 1.5 24 16 10 19 65%  60 118443 142 104%
c x 39.22 233 24 37 152 33114 1 1247136 65835 1.5 24 16 10 19 65%  60 117552 142 104%
c - 39.43 233 24 37 153 33115 1 1256332 64070 1.5 24 16 9 19 66%  60 117552 142 104%
c - 39.71 233 23 37 154 33115 1 1268703 64787 1.5 24 16 9 19 66%  60 117552 142 104%
c - 39.98 234 23 37 155 33122 1 1281112 66032 1.6 24 15 9 19 67%  60 117552 142 104%
c I 40.03 234 23 37 155 33123 1 1283240 67702 1.6 24 15 9 19 67%  60 117552 142 104%
c o 40.03 234 23 37 155 33123 1 1283240 67702 1.6 24 15 9 19 67%  60 117552 142 104%
c
c seconds    switched      rate           size/glue  tier1    binary        remaining
c         MB   reductions     conflicts         size   tier2     irredundant
c          level     restarts        redundant     glue    trail        variables
c
c - 40.26 233 23 37 156 33129 1 1293564 67041 1.6 24 15 9 19 67%  60 117552 142 104%
c ] 40.28 233 23 38 156 33129 1 1294803 68108 1.6 24 15 9 19 67%  60 117552 142 104%
c { 40.28 233 15 38 156 33129 2 1294803 68108 1.6 17 11 6 11 58%  60 117552 142 104%
c - 40.56 234 15 38 157 33513 2 1306054 66449 1.6 17 11 6 11 59%  60 117552 142 104%
c - 40.95 233 15 38 158 33717 1 1318585 68608 1.6 17 11 6 11 60%  61 117552 142 104%
c - 41.26 233 15 38 159 33737 1 1331156 70181 1.6 17 10 6 11 61%  61 117552 142 104%
c i 41.45 233 15 38 159 33759 1 1339199 76707 1.6 17 10 6 11 61%  61 117552 140 103%
c - 41.59 233 15 38 160 33765 1 1343766 70714 1.7 17 10 6 11 61%  55 117552 140 103%
c u 41.97 234 15 38 160 33813 1 1352281 78228 1.7 17 10 6 11 61%  57 117552 140 103%
c v 42.04 234 15 38 160 33813 1 1352281 78177 1.7 17 10 6 11 61%  57 117552 140 103%
c w 42.07 234 15 38 160 33813 1 1352281 78146 1.7 17 10 6 11 61%  57 117552 140 103%
c x 42.12 232 15 38 160 33813 1 1352281 78145 1.7 17 10 6 11 61%  62 116213 140 103%
c t 42.13 233 15 38 160 33813 1 1352281 78145 1.7 17 10 6 11 61%  60 116213 140 103%
c f 42.13 233 15 38 160 33813 1 1352281 78145 1.7 17 10 6 11 61%  65 116148 143 105%
c u 42.20 233 15 38 160 33813 1 1352281 77809 1.7 17 10 6 11 61%  65 116148 143 105%
c v 42.27 233 15 38 160 33813 1 1352281 77788 1.7 17 10 6 11 61%  65 116148 143 105%
c w 42.30 233 15 38 160 33813 1 1352281 77780 1.7 17 10 6 11 61%  65 116148 143 105%
c x 42.35 231 15 38 160 33813 1 1352281 77780 1.7 17 10 6 11 61%  66 115472 143 105%
c t 42.55 235 15 38 160 33813 1 1352281 77780 1.7 17 10 6 11 61%  65 115472 143 105%
c - 42.67 235 15 38 161 33815 1 1356415 71727 1.7 17 10 6 11 62%  65 115472 143 105%
c
c seconds    switched      rate           size/glue  tier1    binary        remaining
c         MB   reductions     conflicts         size   tier2     irredundant
c          level     restarts        redundant     glue    trail        variables
c
c - 43.00 236 14 38 162 33840 1 1369104 72654 1.7 17 10 6 11 61%  65 115472 143 105%
c } 43.28 236 14 39 162 33957 1 1378136 80314 1.7 17 10 6 11 61%  66 115472 143 105%
c [ 43.29 236 23 39 162 33957 1 1378136 80314 1.6 24 15 9 19 67%  66 115472 143 105%
c - 43.36 236 23 39 163 33959 1 1381831 73024 1.6 24 15 9 19 67%  66 115472 143 105%
c B 43.41 236 23 39 163 33962 1 1385018 75346 1.5 24 15 9 19 68%  66 115472 143 105%
c - 43.62 235 23 39 164 33966 1 1394598 74034 1.6 24 15 9 19 68%  66 115472 143 105%
c - 43.92 235 23 39 165 33971 1 1407405 73881 1.5 24 15 9 19 67%  66 115472 143 105%
c - 44.19 236 22 39 166 33978 1 1420250 70685 1.5 23 15 9 19 66%  66 115472 143 105%
c - 44.45 235 23 39 167 33985 1 1433135 70526 1.5 23 15 9 19 67%  66 115472 143 105%
c o 44.61 235 23 39 167 33987 1 1444315 80596 1.5 23 15 9 19 68%  66 115472 143 105%
c - 44.64 235 24 39 168 33987 1 1446060 69823 1.5 24 15 9 19 68%  66 115472 143 105%
c - 44.84 235 25 39 169 33987 1 1459022 69648 1.5 24 16 9 19 70%  66 115472 143 105%
c u 44.94 235 25 39 169 33988 1 1462109 72406 1.5 24 16 9 19 70%  66 115472 143 105%
c v 45.00 235 25 39 169 33988 1 1462109 72268 1.5 24 16 9 19 70%  66 115472 143 105%
c w 45.03 235 25 39 169 33988 1 1462109 72240 1.5 24 16 9 19 70%  66 115472 143 105%
c x 45.07 236 25 39 169 33988 1 1462109 72240 1.5 24 16 9 19 70%  66 114295 143 105%
c ] 45.19 234 25 39 169 33993 1 1469207 78482 1.5 24 16 9 19 70%  66 114295 143 105%
c 1 45.19 234 14 39 169 33993 1 1469207 78482 1.7 17 10 6 11 61%  66 114295 143 105%
c
c ---- [ result ] ------------------------------------------------------------
c
s SATISFIABLE
v -1 2 3 4 5 -6 7 -8 9 -10 11 12 13 -14 15 16 17 -18 19 20 21 22 23 -24 -25 26
v 27 28 29 -30 31 32 33 -34 35 36 -37 38 39 -40 41 -42 43 44 -45 46 47 -48 -49
v 50 51 -52 53 54 55 56 57 58 -59 60 -61 -62 -63 -64 65 66 67 -68 69 70 71 72
v -73 -74 -75 76 -77 78 -79 -80 -81 -82 83 84 85 86 -87 -88 89 90 91 -92 93
v -94 95 96 -97 -98 -99 100 101 -102 -103 104 105 106 -107 -108 -109 110 -111
v 112 113 114 -115 116 117 118 119 120 -121 122 -123 124 -125 126 -127 128
v -129 130 131 132 -133 134 135 -136 0
c
c ---- [ profiling ] ---------------------------------------------------------
c
c          35.28   78.07 %  search
c          17.73   39.23 %  stable
c          17.55   38.84 %  focused
c           9.33   20.65 %  simplify
c           7.58   16.78 %  probe
c           5.03   11.13 %  vivify
c           2.20    4.87 %  eliminate
c           2.07    4.58 %  subsume
c           1.30    2.87 %  sweep
c           0.95    2.11 %  reduce
c           0.74    1.64 %  factor
c           0.54    1.19 %  preprocess
c           0.43    0.95 %  substitute
c           0.08    0.19 %  walking
c           0.06    0.14 %  congruence
c           0.03    0.07 %  parse
c           0.02    0.03 %  transitive
c           0.01    0.02 %  lucky
c           0.00    0.00 %  backbone
c           0.00    0.00 %  extend
c =============================================
c          45.19  100.00 %  total
c
c ---- [ statistics ] --------------------------------------------------------
c
c conflicts:                          1469207            32514.07 per second
c congruent:                                1                1 %  variables
c decisions:                          1902529                1.29 per conflict
c eliminated:                             376              276 %  variables
c factored:                               409              301 %  variables
c iterations:                               1                1 %  variables
c propagations:                      18565848           410869    per second
c reductions:                             169             8694    interval
c reordered:                               17            86424    interval
c rephased:                                28            52472    interval
c restarts:                             33993               43    interval
c strengthened:                          2816                0 %  checks
c substituted:                              6                4 %  variables
c subsumed:                             38297                0 %  checks
c switched:                                39            37672    interval
c vivified:                            101388               82 %  checks
c walks:                                    9           163245    interval
c
c ---- [ glue usage ] --------------------------------------------------------
c
c focused glue 6   used 228378 clauses 11.06% accumulated 56.70% tier1
c focused glue 7   used 185242 clauses  8.97% accumulated 65.67%
c focused glue 8-9 used 310847 clauses 15.06% accumulated 80.72%
c focused glue 10  used 122281 clauses  5.92% accumulated 86.65%
c focused glue 11  used  94423 clauses  4.57% accumulated 91.22% tier2
c
c stable glue 9     used  223061 clauses  6.50% accumulated 51.63% tier1
c stable glue 10    used  212306 clauses  6.19% accumulated 57.82%
c stable glue 11-17 used 1008830 clauses 29.39% accumulated 87.21%
c stable glue 18    used   82226 clauses  2.40% accumulated 89.61%
c stable glue 19    used   68506 clauses  2.00% accumulated 91.60% tier2
c
c ---- [ resources ] ---------------------------------------------------------
c
c maximum-resident-set-size:     253906386944 bytes     242144 MB
c process-time:                            45s              45.19 seconds
c
c ---- [ shutting down ] -----------------------------------------------------
c
c exit 10
