c ---- [ banner ] ------------------------------------------------------------
c
c Kissat SAT Solver
c 
c Copyright (c) 2021-2024 Armin Biere University of Freiburg
c Copyright (c) 2019-2021 Armin Biere Johannes Kepler University Linz
c 
c Version 4.0.4 8af8e56f174b778aef3aa45af9f739b2a5f492c2
c Apple clang version 17.0.0 (clang-1700.6.3.2) -W -Wall -O3 -DNDEBUG
c Mon Mar 30 18:25:47 CEST 2026 Darwin Mac 24.6.0 arm64
c
c ---- [ parsing ] -----------------------------------------------------------
c
c opened and reading DIMACS file:
c
c   tmp.cnf
c
c parsed 'p cnf 136 83776' header
c closing input after reading 2007588 bytes (2 MB)
c finished parsing after 0.01 seconds
c
c ---- [ solving ] -----------------------------------------------------------
c
c seconds switched rate     size/glue tier1 binary       remaining
c        MB reductions conflicts size  tier2   irredundant
c         level restarts redundant glue  trail       variables
c
c *  0.01 14 0 0 0  0 0   0   0 0.0 0 0 0 0 0%  12 83764 136 100%
c (  0.01 14 0 0 0  0 0   0   0 0.0 0 0 0 0 0%  12 83764 136 100%
c .  0.01 14 0 0 0  0 0   0   0 0.0 0 0 0 0 0%  12 83764 136 100%
c f  1.39 17 0 0 0  0 0   0   0 0.0 0 0 0 0 0% 102 60671 170 125%
c )  1.39 17 0 0 0  0 0   0   0 0.0 0 0 0 0 0% 102 60671 170 125%
c {  1.39 17 0 0 0  0 0   0   0 0.0 0 0 2 6 0% 102 60671 170 125%
c i  1.40 17 13 0 0  0 1 590 451 2.3 13 6 5 9 46% 106 60671 169 124%
c -  1.41 17 14 0 1 151 2 1000 429 2.0 14 7 5 10 47%  98 60671 169 124%
c }  1.41 17 14 1 1 151 2 1000 429 2.0 14 7 5 10 47%  98 60671 169 124%
c [  1.41 17 0 1 1 151 0 1000 429 0.0 0 0 2 6 0%  98 60671 169 124%
c B  1.41 17 20 1 1 151 1 1002 431 1.6 19 12 2 6 59%  98 60671 169 124%
c -  1.42 17 16 1 2 151 1 2000 1189 1.7 18 11 9 14 50%  98 60671 169 124%
c W  1.42 20 16 1 2 151 1 2003 1192 1.7 18 11 9 14 50%  98 57841 169 124%
c u  1.43 20 18 1 2 152 1 2522 1630 1.6 20 12 9 14 52%  98 57841 169 124%
c v  1.43 20 18 1 2 152 1 2522 1599 1.6 20 12 9 14 52%  98 57841 169 124%
c w  1.43 20 18 1 2 152 1 2522 1582 1.6 20 12 9 14 52%  98 57841 169 124%
c x  1.43 20 18 1 2 152 1 2522 1582 1.6 20 12 9 14 52%  98 57785 169 124%
c ]  1.44 20 18 2 2 152 1 2701 1717 1.6 20 12 9 14 52%  98 57785 169 124%
c {  1.44 20 14 2 2 152 2 2701 1717 2.0 14 7 5 10 47%  98 57785 169 124%
c -  1.45 21 16 2 3 344 2 3414 2046 1.8 16 9 6 13 45%  98 57785 169 124%
c
c seconds  switched  rate       size/glue tier1    binary       remaining
c        MB reductions conflicts      size  tier2     irredundant
c         level restarts   redundant    glue    trail       variables
c
c }  1.46 21 16 3 3 372 2 3703 2303 1.8 16 9 6 13 45%  98 57785 169 124%
c [  1.46 21 18 3 3 372 1 3703 2303 1.6 20 12 9 14 52%  98 57785 169 124%
c I  1.46 21 18 3 3 372 1 4262 2783 1.6 19 12 9 14 49%  98 57785 169 124%
c -  1.47 21 16 3 4 373 1 5148 3014 1.6 18 11 9 15 49%  98 57785 169 124%
c ]  1.48 21 16 4 4 373 1 5592 3376 1.6 18 12 9 15 49%  98 57785 169 124%
c {  1.48 21 16 4 4 373 2 5592 3376 1.8 16 9 6 13 45%  98 57785 169 124%
c -  1.50 21 15 4 5 526 2 7148 4021 1.8 16 9 7 12 46% 100 57785 169 124%
c u  1.51 24 15 4 5 576 2 7778 4547 1.8 16 9 7 12 48% 100 57785 169 124%
c v  1.51 24 15 4 5 576 2 7778 4538 1.8 16 9 7 12 48% 100 57785 169 124%
c w  1.51 24 15 4 5 576 2 7778 4522 1.8 16 9 7 12 48% 100 57785 169 124%
c x  1.52 25 15 4 5 576 2 7778 4522 1.8 16 9 7 12 48% 100 57782 169 124%
c t  1.53 26 15 4 5 576 2 7778 4522 1.8 16 9 7 12 48%  99 57782 169 124%
c }  1.54 26 15 5 5 619 2 7945 4663 1.8 16 9 7 12 48%  99 57782 169 124%
c [  1.54 26 16 5 5 619 1 7945 4663 1.6 18 12 9 15 49%  99 57782 169 124%
c B  1.54 26 16 5 5 619 1 8035 4722 1.6 18 11 9 15 48%  99 57782 169 124%
c -  1.55 26 17 5 6 620 1 9386 5087 1.6 18 12 9 15 48%  99 57782 169 124%
c ]  1.56 26 17 6 6 621 1 10603 6029 1.6 18 12 9 15 47%  99 57782 169 124%
c {  1.56 26 15 6 6 621 2 10603 6029 1.8 16 9 7 12 48%  99 57782 169 124%
c -  1.58 26 14 6 7 681 2 11835 6195 1.8 16 9 7 11 47%  99 57782 169 124%
c s  1.59 27 14 6 7 681 2 12606 6835 1.9 16 9 7 11 48%  99 55838 169 124%
c
c seconds  switched  rate        size/glue tier1    binary       remaining
c        MB reductions conflicts       size  tier2     irredundant
c         level restarts    redundant    glue    trail       variables
c
c e  1.60 27 14 6 7 681 2 12606 6835 1.9 16 9 7 11 48%  96 55838 166 122%
c s  1.60 28 14 6 7 681 2 12606 6835 1.9 16 9 7 11 48%  96 55719 166 122%
c ^  1.61 28 14 6 7 681 2 12606 6835 1.9 16 9 7 11 48%  96 55719 166 122%
c o  1.61 28 14 6 7 681 2 12606 6484 1.9 16 9 7 11 48%  96 55719 166 122%
c -  1.63 28 13 6 8 704 2 14480 7199 1.9 16 8 7 10 49%  97 55719 166 122%
c }  1.63 28 13 7 8 706 2 14672 7360 1.9 16 8 7 10 49%  97 55719 166 122%
c [  1.63 28 17 7 8 706 1 14672 7360 1.6 18 12 9 15 47%  97 55719 166 122%
c W  1.63 31 17 7 8 706 1 14672 7360 1.6 18 12 9 15 47%  97 55719 166 122%
c u  1.65 31 17 7 8 707 1 15935 8363 1.6 18 12 9 15 48%  97 55719 166 122%
c v  1.65 31 17 7 8 707 1 15935 8352 1.6 18 12 9 15 48%  97 55719 166 122%
c w  1.65 31 17 7 8 707 1 15935 8337 1.6 18 12 9 15 48%  97 55719 166 122%
c x  1.66 32 17 7 8 707 1 15935 8337 1.6 18 12 9 15 48%  97 55713 166 122%
c -  1.68 32 17 7 9 708 1 17308 8207 1.6 19 12 9 15 49%  97 55713 166 122%
c ]  1.69 32 17 8 9 709 1 19157 9822 1.7 19 12 9 15 50%  97 55713 166 122%
c {  1.69 32 13 8 9 709 2 19157 9822 1.9 16 8 7 10 49%  97 55713 166 122%
c -  1.71 33 13 8 10 885 2 20308 9540 1.9 16 9 7 10 49%  97 55713 166 122%
c o  1.75 37 14 8 10 1328 2 22986 11708 1.8 16 9 7 10 49%  97 55713 166 122%
c -  1.75 37 13 8 11 1375 2 23470 10535 1.8 16 9 7 11 49%  97 55713 166 122%
c s  1.78 38 13 8 11 1500 2 25251 11907 1.8 16 9 7 11 50%  97 55702 166 122%
c ^  1.79 38 13 8 11 1500 2 25251 11907 1.8 16 9 7 11 50%  97 55702 166 122%
c
c seconds  switched    rate         size/glue tier1    binary       remaining
c        MB  reductions  conflicts        size  tier2     irredundant
c         level   restarts     redundant    glue    trail       variables
c
c }  1.79 38 14 9 11 1502 2 25316 11962 1.8 16 9 7 11 49%  97 55702 166 122%
c [  1.79 38 17 9 11 1502 1 25316 11962 1.7 19 12 9 15 50%  97 55702 166 122%
c O  1.79 38 17 9 11 1502 1 25316 11962 1.7 19 12 9 15 50%  97 55702 166 122%
c -  1.81 38 18 9 12 1503 1 26788 11565 1.7 20 12 9 15 52%  97 55702 166 122%
c u  1.82 38 18 9 12 1503 1 27190 11842 1.7 20 12 9 15 52%  97 55702 166 122%
c v  1.82 38 18 9 12 1503 1 27190 11817 1.7 20 12 9 15 52%  97 55702 166 122%
c w  1.82 38 18 9 12 1503 1 27190 11805 1.7 20 12 9 15 52%  97 55702 166 122%
c x  1.83 39 18 9 12 1503 1 27190 11804 1.7 20 12 9 15 52%  97 55687 166 122%
c -  1.87 40 18 9 13 1505 1 30253 12502 1.7 20 12 9 15 54%  97 55687 166 122%
c ]  1.90 40 21 10 13 1507 1 33017 15023 1.6 21 13 9 15 56%  97 55687 166 122%
c {  1.90 40 14 10 13 1507 2 33017 15023 1.8 16 9 7 11 49%  97 55687 166 122%
c -  1.91 40 14 10 14 1613 2 33858 13153 1.8 16 9 7 11 49%  97 55687 166 122%
c -  1.96 40 14 10 15 1904 2 37600 13958 1.7 16 9 7 11 49%  98 55687 166 122%
c -  2.02 40 13 10 16 2168 2 41472 15289 1.7 16 9 7 11 50%  98 55687 166 122%
c }  2.02 40 13 11 16 2175 2 41644 15414 1.7 16 9 7 11 50%  98 55687 166 122%
c [  2.02 40 21 11 16 2175 1 41644 15414 1.6 21 13 9 15 56%  98 55687 166 122%
c B  2.02 40 21 11 16 2175 1 41644 15414 1.6 21 13 9 15 56%  98 55687 166 122%
c u  2.03 40 21 11 16 2175 1 41682 15406 1.6 21 13 9 15 56%  98 55687 166 122%
c v  2.04 40 21 11 16 2175 1 41682 15324 1.6 21 13 9 15 56%  98 55687 166 122%
c w  2.04 40 21 11 16 2175 1 41682 15302 1.6 21 13 9 15 56%  98 55687 166 122%
c
c seconds   switched    rate         size/glue  tier1    binary       remaining
c        MB   reductions  conflicts        size   tier2     irredundant
c         level    restarts     redundant     glue    trail       variables
c
c x  2.05 42 21 11 16 2175 1 41682 15298 1.6 21 13 9 15 56%  98 55608 166 122%
c -  2.11 42 20 11 17 2177 1 45473 16346 1.6 21 13 9 16 55%  99 55608 166 122%
c -  2.15 43 20 11 18 2180 1 49597 17462 1.6 21 13 9 16 53%  99 55608 166 122%
c s  2.20 46 20 11 18 2181 1 52665 19909 1.6 21 13 9 16 53%  99 55530 166 122%
c ^  2.21 46 20 11 18 2181 1 52665 19909 1.6 21 13 9 16 53%  99 55530 166 122%
c o  2.21 46 20 11 18 2181 1 52665 19909 1.6 21 13 9 16 53%  99 55530 166 122%
c ]  2.21 46 20 12 18 2181 1 52694 19937 1.6 21 13 9 16 53%  99 55530 166 122%
c {  2.21 46 13 12 18 2181 2 52694 19937 1.7 16 9 7 11 50%  99 55530 166 122%
c -  2.23 47 14 12 19 2316 2 53839 18540 1.7 16 9 7 11 50%  99 55530 166 122%
c -  2.31 47 14 12 20 2765 2 58197 19582 1.7 16 9 7 11 50% 102 55530 166 122%
c u  2.33 47 14 12 20 2784 2 59512 20566 1.7 16 9 7 11 50% 102 55530 166 122%
c v  2.34 47 14 12 20 2784 2 59512 20560 1.7 16 9 7 11 50% 102 55530 166 122%
c w  2.35 47 14 12 20 2784 2 59512 20459 1.7 16 9 7 11 50% 102 55530 166 122%
c x  2.35 47 14 12 20 2784 2 59512 20454 1.7 16 9 7 11 50% 102 54633 166 122%
c -  2.41 47 14 12 21 3054 2 62671 20518 1.7 16 9 7 11 50% 103 54633 166 122%
c }  2.43 47 14 13 21 3254 2 64173 21667 1.7 16 9 7 11 50% 103 54633 166 122%
c [  2.43 47 20 13 21 3254 1 64173 21667 1.6 21 13 9 16 53% 103 54633 166 122%
c W  2.44 47 20 13 21 3254 1 64173 21667 1.6 21 13 9 16 53% 103 54633 166 122%
c -  2.47 48 21 13 22 3256 1 67254 21560 1.6 21 14 9 17 53% 103 54633 166 122%
c -  2.53 52 22 13 23 3259 1 71944 23087 1.6 22 14 10 18 56% 103 54633 166 122%
c
c seconds   switched    rate         size/glue  tier1     binary       remaining
c        MB   reductions  conflicts        size    tier2     irredundant
c         level    restarts     redundant     glue     trail       variables
c
c -  2.58 52 22 13 24 3261 1 76741 24719 1.6 22 14 10 18 57% 103 54633 166 122%
c I  2.61 52 22 13 24 3263 1 79077 26763 1.6 22 14 10 18 58% 103 54633 166 122%
c ]  2.62 53 22 14 24 3263 1 79866 27378 1.6 22 14 10 18 58% 104 54632 166 122%
c {  2.62 53 14 14 24 3263 2 79866 27378 1.7 16 9 7 11 50% 104 54632 166 122%
c u  2.65 53 14 14 24 3293 2 80823 28106 1.7 16 9 7 11 50% 104 54632 166 122%
c v  2.66 53 14 14 24 3293 2 80823 28042 1.7 16 9 7 11 50% 104 54632 166 122%
c w  2.66 54 14 14 24 3293 2 80823 28041 1.7 16 9 7 11 50% 104 54632 166 122%
c x  2.67 54 14 14 24 3293 2 80823 28041 1.7 16 9 7 11 50% 104 54182 166 122%
c -  2.70 54 14 14 25 3388 2 81640 25796 1.7 16 9 7 11 51% 105 54182 166 122%
c o  2.71 54 14 14 25 3457 2 82799 26700 1.7 16 9 7 11 51% 105 54182 166 122%
c -  2.78 54 14 14 26 3855 2 86640 26566 1.7 16 9 7 11 51% 105 54182 166 122%
c -  2.86 54 14 14 27 4207 2 91740 24295 1.7 16 9 6 11 52% 105 54182 166 122%
c }  2.90 54 14 15 27 4393 2 94582 26364 1.7 16 9 6 11 52% 106 54182 166 122%
c [  2.90 54 22 15 27 4393 1 94582 26364 1.6 22 14 10 18 58% 106 54182 166 122%
c s  2.95 54 22 15 27 4395 1 96826 28032 1.6 22 14 10 18 58% 106 53688 166 122%
c ^  2.97 54 22 15 27 4395 1 96826 28032 1.6 22 14 10 18 58% 106 53688 166 122%
c B  2.97 54 22 15 27 4395 1 96879 28083 1.6 22 14 10 18 58% 106 53688 166 122%
c -  2.98 54 22 15 28 4395 1 96938 23972 1.6 22 14 9 17 58% 106 53688 166 122%
c -  3.03 54 23 15 29 4398 1 102229 24560 1.6 23 14 9 18 60% 106 53688 166 122%
c u  3.09 54 24 15 29 4399 1 105737 27657 1.6 23 14 9 18 61% 106 53688 166 122%
c
c seconds   switched    rate          size/glue  tier1    binary       remaining
c        MB   reductions  conflicts         size   tier2     irredundant
c         level    restarts      redundant     glue    trail       variables
c
c v  3.10 54 24 15 29 4399 1 105737 27631 1.6 23 14 9 18 61% 106 53688 166 122%
c w  3.10 54 24 15 29 4399 1 105737 27622 1.6 23 14 9 18 61% 106 53688 166 122%
c x  3.11 54 24 15 29 4399 1 105737 27620 1.6 23 14 9 18 61% 106 53588 166 122%
c -  3.15 54 24 15 30 4400 1 107614 25013 1.6 23 14 9 18 62% 106 53588 166 122%
c -  3.22 54 23 15 31 4404 1 113091 26100 1.6 23 14 9 17 63% 106 53588 166 122%
c ]  3.25 54 23 16 31 4405 1 114988 27684 1.6 23 14 9 17 63% 106 53588 166 122%
c {  3.25 54 14 16 31 4405 2 114988 27684 1.7 16 9 6 11 52% 106 53588 166 122%
c -  3.30 54 14 16 32 4520 2 118659 27696 1.7 16 9 6 11 53% 106 53588 166 122%
c o  3.37 54 14 16 32 4992 2 123266 31299 1.7 16 9 6 11 53% 106 53588 166 122%
c -  3.39 54 14 16 33 5014 2 124315 28571 1.7 16 9 6 11 54% 106 53588 166 122%
c -  3.46 54 13 16 34 5318 2 130060 29403 1.7 16 9 6 11 54% 107 53588 166 122%
c }  3.52 54 14 17 34 5561 2 133325 32079 1.7 16 9 6 11 55% 107 53588 166 122%
c [  3.52 54 23 17 34 5561 1 133325 32079 1.6 23 14 9 17 63% 107 53588 166 122%
c W  3.52 57 23 17 34 5561 1 133325 32079 1.6 23 14 9 17 63% 107 53588 166 122%
c u  3.55 57 23 17 34 5561 1 134333 32879 1.6 23 14 9 17 63% 109 53588 166 122%
c v  3.56 57 23 17 34 5561 1 134333 31373 1.6 23 14 9 17 63% 109 53588 166 122%
c w  3.57 57 23 17 34 5561 1 134333 31198 1.6 23 14 9 17 63% 109 53588 166 122%
c x  3.58 57 23 17 34 5561 1 134333 31196 1.6 23 14 9 17 63% 116 52842 166 122%
c -  3.66 59 23 17 35 5563 1 135892 28952 1.6 23 14 9 17 63% 116 52842 166 122%
c -  3.73 59 23 17 36 5567 1 141808 31117 1.6 22 14 9 17 64% 116 52842 166 122%
c
c seconds   switched    rate          size/glue  tier1    binary       remaining
c        MB   reductions  conflicts         size   tier2     irredundant
c         level    restarts      redundant     glue    trail       variables
c
c -  3.80 60 24 17 37 5570 1 147809 32067 1.6 22 14 9 17 65% 116 52842 166 122%
c -  3.88 60 24 17 38 5573 1 153892 32703 1.6 22 14 9 17 65% 116 52842 166 122%
c ]  3.91 60 23 18 38 5574 1 156343 34605 1.6 22 14 9 17 65% 116 52842 166 122%
c {  3.91 60 14 18 38 5574 2 156343 34605 1.7 16 9 6 11 55% 116 52842 166 122%
c s  4.01 60 14 18 38 6117 2 159659 37216 1.7 16 9 6 11 55% 117 52517 166 122%
c s  4.03 60 14 18 38 6117 2 159659 37216 1.7 16 9 6 11 55% 117 52510 166 122%
c ^  4.03 60 14 18 38 6117 2 159659 37216 1.7 16 9 6 11 55% 117 52510 166 122%
c -  4.04 60 14 18 39 6132 2 160059 33518 1.7 16 9 6 11 55% 117 52510 166 122%
c -  4.19 60 14 18 40 7046 2 166304 34140 1.7 16 9 6 11 55% 118 52510 166 122%
c u  4.22 60 14 18 40 7125 2 166726 34270 1.7 16 9 6 11 55% 118 52510 166 122%
c v  4.24 60 14 18 40 7125 2 166726 33957 1.7 16 9 6 11 55% 118 52510 166 122%
c w  4.25 60 14 18 40 7125 2 166726 33885 1.7 16 9 6 11 55% 118 52510 166 122%
c x  4.26 60 14 18 40 7125 2 166726 33885 1.7 16 9 6 11 55% 128 52180 166 122%
c t  4.26 60 14 18 40 7125 2 166726 33885 1.7 16 9 6 11 55% 117 52180 166 122%
c f  4.28 60 14 18 40 7125 2 166726 33885 1.7 16 9 6 11 55% 119 51692 167 123%
c u  4.30 60 14 18 40 7125 2 166726 33690 1.7 16 9 6 11 55% 119 51692 167 123%
c v  4.31 60 14 18 40 7125 2 166726 33574 1.7 16 9 6 11 55% 119 51692 167 123%
c w  4.32 60 14 18 40 7125 2 166726 33561 1.7 16 9 6 11 55% 119 51692 167 123%
c x  4.33 60 14 18 40 7125 2 166726 33557 1.7 16 9 6 11 55% 121 51170 167 123%
c t  4.33 60 14 18 40 7125 2 166726 33557 1.7 16 9 6 11 55% 120 51170 167 123%
c
c seconds   switched    rate          size/glue  tier1    binary       remaining
c        MB   reductions  conflicts         size   tier2     irredundant
c         level    restarts      redundant     glue    trail       variables
c
c -  4.47 60 14 18 41 7876 2 172629 33738 1.7 16 10 6 11 56% 120 51170 167 123%
c o  4.48 60 14 18 41 7936 2 173313 34307 1.7 16 10 6 11 56% 120 51170 167 123%
c }  4.60 60 14 19 41 8727 2 178688 38502 1.7 17 10 6 11 57% 120 51170 167 123%
c [  4.60 60 23 19 41 8727 1 178688 38502 1.6 22 14 9 17 65% 120 51170 167 123%
c O  4.60 60 23 19 41 8727 1 178688 38502 1.6 22 14 9 17 65% 120 51170 167 123%
c -  4.61 60 23 19 42 8727 1 179033 34875 1.6 22 14 9 17 65% 120 51170 167 123%
c -  4.70 60 23 19 43 8732 1 185513 36011 1.6 22 14 8 17 65% 120 51170 167 123%
c -  4.80 60 23 19 44 8734 1 192070 36675 1.6 22 14 8 17 65% 120 51170 167 123%
c -  4.89 60 22 19 45 8739 1 198704 37655 1.6 22 14 8 16 65% 122 51170 167 123%
c u  4.98 60 22 19 45 8740 1 203043 41085 1.7 22 13 8 16 64% 122 51170 167 123%
c v  5.00 60 22 19 45 8740 1 203043 40063 1.7 22 13 8 16 64% 122 51170 167 123%
c w  5.01 60 22 19 45 8740 1 203043 38856 1.7 22 13 8 16 64% 122 51170 167 123%
c x  5.02 60 22 19 45 8740 1 203043 38850 1.7 22 13 8 16 64% 122 50929 167 123%
c f  5.04 60 22 19 45 8740 1 203043 38850 1.7 22 13 8 16 64% 124 50434 168 124%
c u  5.06 60 22 19 45 8740 1 203043 38632 1.7 22 13 8 16 64% 124 50434 168 124%
c v  5.08 60 22 19 45 8740 1 203043 38331 1.7 22 13 8 16 64% 124 50434 168 124%
c w  5.09 60 22 19 45 8740 1 203043 38284 1.7 22 13 8 16 64% 124 50434 168 124%
c x  5.10 60 22 19 45 8740 1 203043 38283 1.7 22 13 8 16 64% 124 49395 168 124%
c f  5.13 60 22 19 45 8740 1 203043 38283 1.7 22 13 8 16 64% 126 48455 169 124%
c -  5.16 60 21 19 46 8741 1 205412 36256 1.7 22 13 8 16 64% 126 48455 169 124%
c
c seconds   switched    rate          size/glue  tier1    binary       remaining
c        MB   reductions  conflicts         size   tier2     irredundant
c         level    restarts      redundant     glue    trail       variables
c
c B  5.18 60 21 19 46 8741 1 206429 37044 1.7 22 13 8 16 64% 126 48455 169 124%
c -  5.24 60 22 19 47 8742 1 212194 37630 1.7 22 13 8 16 65% 126 48455 169 124%
c ]  5.31 60 22 20 47 8746 1 217473 42238 1.7 23 13 8 16 65% 126 48455 169 124%
c {  5.31 60 14 20 47 8746 2 217473 42238 1.7 17 10 6 11 57% 126 48455 169 124%
c -  5.34 61 14 20 48 8801 2 219050 37673 1.7 16 10 6 11 57% 126 48455 169 124%
c -  5.43 61 14 20 49 8846 2 225979 38431 1.7 16 9 6 11 58% 128 48455 169 124%
c -  5.53 61 14 20 50 9416 2 232979 40225 1.7 17 9 6 11 58% 128 48455 169 124%
c o  5.56 61 14 20 50 9455 2 235366 41949 1.7 16 9 6 11 59% 129 48455 169 124%
c -  5.63 61 14 20 51 9840 2 240051 41613 1.7 16 9 6 11 59% 129 48455 169 124%
c s  5.71 61 14 20 51 10015 2 242907 43879 1.8 16 9 6 11 59% 132 42352 169 124%
c e  5.72 61 14 20 51 10015 2 242907 43879 1.8 16 9 6 11 59% 129 42367 167 123%
c s  5.75 61 14 20 51 10015 2 242907 43879 1.8 16 9 6 11 59% 129 41965 167 123%
c !  5.76 61 14 20 51 10015 2 242907 43879 1.8 16 9 6 11 59% 129 41965 167 123%
c u  5.80 66 14 20 51 10062 2 243395 42405 1.8 16 9 6 11 59% 129 41965 167 123%
c v  5.81 66 14 20 51 10062 2 243395 41914 1.8 16 9 6 11 59% 129 41965 167 123%
c w  5.82 66 14 20 51 10062 2 243395 41875 1.8 16 9 6 11 59% 129 41965 167 123%
c x  5.83 66 14 20 51 10062 2 243395 41872 1.8 16 9 6 11 59% 135 41356 167 123%
c t  5.84 67 14 20 51 10062 2 243395 41872 1.8 16 9 6 11 59% 133 41356 167 123%
c f  5.86 67 14 20 51 10062 2 243395 41872 1.8 16 9 6 11 59% 135 40442 168 124%
c u  5.88 67 14 20 51 10062 2 243395 40698 1.8 16 9 6 11 59% 135 40442 168 124%
c
c seconds   switched     rate          size/glue tier1    binary       remaining
c        MB   reductions   conflicts         size  tier2     irredundant
c         level    restarts       redundant    glue    trail       variables
c
c v  5.90 67 14 20 51 10062 2 243395 40635 1.8 16 9 6 11 59% 135 40442 168 124%
c w  5.90 67 14 20 51 10062 2 243395 40568 1.8 16 9 6 11 59% 135 40442 168 124%
c x  5.92 67 14 20 51 10062 2 243395 40564 1.8 16 9 6 11 59% 136 40263 168 124%
c f  5.93 67 14 20 51 10062 2 243395 40564 1.8 16 9 6 11 59% 137 40078 169 124%
c }  5.94 67 14 21 51 10083 2 244213 41233 1.8 16 9 6 11 59% 140 40077 169 124%
c [  5.94 67 22 21 51 10083 1 244213 41233 1.7 23 13 8 16 65% 140 40077 169 124%
c W  5.95 67 22 21 51 10083 1 244213 41233 1.7 23 13 8 16 65% 140 40077 169 124%
c -  5.98 70 22 21 52 10085 1 247194 38960 1.7 23 13 8 16 65% 140 40077 169 124%
c -  6.08 70 22 21 53 10089 1 254406 40286 1.7 23 14 8 16 66% 140 40077 169 124%
c -  6.19 70 22 21 54 10093 1 261686 41968 1.7 22 14 8 16 67% 140 40077 169 124%
c -  6.28 70 22 21 55 10097 1 269036 43268 1.6 22 14 8 16 67% 140 40077 169 124%
c ]  6.33 70 21 22 55 10097 1 272441 45794 1.6 22 14 8 16 67% 140 40077 169 124%
c {  6.33 70 14 22 55 10097 2 272441 45794 1.8 16 9 6 11 59% 140 40077 169 124%
c -  6.38 70 14 22 56 10098 2 276453 45270 1.8 16 9 6 11 60% 140 40077 169 124%
c -  6.47 70 14 22 57 10123 2 283936 47094 1.8 16 9 6 11 62% 140 40077 169 124%
c u  6.55 70 14 22 57 10145 2 288249 50527 1.8 16 9 6 11 62% 142 40077 169 124%
c v  6.57 70 14 22 57 10145 2 288249 50221 1.8 16 9 6 11 62% 142 40077 169 124%
c w  6.58 70 14 22 57 10145 2 288249 49999 1.8 16 9 6 11 62% 142 40077 169 124%
c x  6.59 71 14 22 57 10145 2 288249 49998 1.8 16 9 6 11 62% 159 39687 169 124%
c t  6.59 71 14 22 57 10145 2 288249 49998 1.8 16 9 6 11 62% 142 39687 169 124%
c
c seconds   switched     rate          size/glue tier1    binary       remaining
c        MB   reductions   conflicts         size  tier2     irredundant
c         level    restarts       redundant    glue    trail       variables
c
c f  6.60 71 14 22 57 10145 2 288249 49998 1.8 16 9 6 11 62% 144 38973 170 125%
c u  6.63 71 14 22 57 10145 2 288249 49464 1.8 16 9 6 11 62% 146 38973 170 125%
c v  6.64 71 14 22 57 10145 2 288249 49363 1.8 16 9 6 11 62% 146 38973 170 125%
c w  6.65 71 14 22 57 10145 2 288249 49210 1.8 16 9 6 11 62% 146 38973 170 125%
c x  6.66 71 14 22 57 10145 2 288249 49210 1.8 16 9 6 11 62% 147 38814 170 125%
c t  6.66 71 14 22 57 10145 2 288249 49210 1.8 16 9 6 11 62% 144 38814 170 125%
c f  6.68 72 14 22 57 10145 2 288249 49210 1.8 16 9 6 11 62% 146 38278 171 126%
c -  6.73 75 14 22 58 10147 2 291485 46467 1.8 16 9 6 11 62% 146 38278 171 126%
c -  6.84 75 14 22 59 10152 2 299100 41035 1.8 16 9 5 10 63% 148 38278 171 126%
c }  6.91 75 14 23 59 10208 2 303958 45315 1.8 16 9 5 10 63% 148 38278 171 126%
c [  6.91 75 21 23 59 10208 1 303958 45315 1.6 22 14 8 16 67% 148 38278 171 126%
c I  6.91 75 21 23 59 10208 1 303958 45315 1.6 22 14 8 16 67% 148 38278 171 126%
c -  6.95 75 21 23 60 10210 1 306782 40576 1.7 22 13 8 16 67% 148 38278 171 126%
c -  7.02 75 22 23 61 10214 1 314528 39678 1.6 22 14 8 16 68% 148 38278 171 126%
c -  7.09 75 21 23 62 10219 1 322339 39055 1.6 22 14 8 16 69% 148 38278 171 126%
c -  7.17 75 21 23 63 10222 1 330214 40481 1.6 23 14 8 16 70% 148 38278 171 126%
c b  7.26 75 22 23 63 10223 1 337379 46554 1.6 23 14 8 16 70% 148 38278 170 125%
c u  7.27 75 22 23 63 10223 1 337379 46288 1.6 23 14 8 16 70% 148 38278 170 125%
c v  7.29 75 22 23 63 10223 1 337379 46226 1.6 23 14 8 16 70% 148 38278 170 125%
c w  7.30 75 22 23 63 10223 1 337379 46201 1.6 23 14 8 16 70% 148 38278 170 125%
c
c seconds   switched     rate          size/glue  tier1    binary       remaining
c        MB   reductions   conflicts         size   tier2     irredundant
c         level    restarts       redundant     glue    trail       variables
c
c x  7.31 76 22 23 63 10223 1 337379 46201 1.6 23 14 8 16 70% 152 37407 170 125%
c t  7.31 76 22 23 63 10223 1 337379 46201 1.6 23 14 8 16 70% 151 37407 170 125%
c f  7.32 76 22 23 63 10223 1 337379 46201 1.6 23 14 8 16 70% 153 36754 171 126%
c o  7.33 76 22 23 63 10223 1 337379 46201 1.6 23 14 8 16 70% 153 36754 171 126%
c -  7.34 79 22 23 64 10224 1 338153 39759 1.6 23 14 8 16 70% 141 36754 171 126%
c B  7.42 79 22 23 64 10228 1 343400 44415 1.6 23 14 8 16 70% 141 36754 171 126%
c ]  7.42 79 22 24 64 10228 1 343960 44861 1.6 23 14 8 16 70% 141 36754 171 126%
c {  7.42 79 14 24 64 10228 2 343960 44861 1.8 16 9 5 10 63% 141 36754 171 126%
c -  7.47 79 14 24 65 10487 2 346153 39128 1.8 16 9 5 10 63% 141 36754 171 126%
c s  7.56 79 14 24 65 10751 2 349268 41634 1.8 16 9 5 10 64% 141 33033 171 126%
c e  7.57 80 14 24 65 10751 2 349268 41634 1.8 16 9 5 10 64% 133 33052 164 121%
c s  7.61 80 14 24 65 10751 2 349268 41634 1.8 16 9 5 10 64% 133 32797 164 121%
c -  7.69 80 14 24 66 11034 2 354216 39324 1.8 16 9 5 10 64% 134 32797 164 121%
c -  7.83 80 14 24 67 11786 2 362342 41194 1.8 16 9 5 10 64% 134 32797 164 121%
c -  7.97 80 14 24 68 12424 2 370527 43085 1.8 16 9 5 10 65% 135 32797 164 121%
c -  8.11 80 15 24 69 12990 2 378773 45239 1.8 16 9 5 10 65% 135 32797 164 121%
c }  8.14 80 15 25 69 13114 2 380637 46738 1.8 16 9 5 10 66% 135 32797 164 121%
c [  8.14 80 22 25 69 13114 1 380637 46738 1.6 23 14 8 16 70% 135 32797 164 121%
c -  8.21 80 22 25 70 13119 1 387080 46263 1.6 22 14 7 16 70% 135 32797 164 121%
c W  8.21 82 22 25 70 13119 1 387111 46281 1.6 22 14 7 16 70% 135 32797 164 121%
c
c seconds   switched     rate          size/glue  tier1    binary       remaining
c        MB   reductions   conflicts         size   tier2     irredundant
c         level    restarts       redundant     glue    trail       variables
c
c u  8.28 85 22 25 70 13120 1 390874 49163 1.6 22 14 7 16 71% 137 32797 164 121%
c v  8.30 85 22 25 70 13120 1 390874 49114 1.6 22 14 7 16 71% 137 32797 164 121%
c w  8.31 85 22 25 70 13120 1 390874 48827 1.6 22 14 7 16 71% 137 32797 164 121%
c x  8.32 85 22 25 70 13120 1 390874 48827 1.6 22 14 7 16 71% 138 32406 164 121%
c t  8.32 85 22 25 70 13120 1 390874 48827 1.6 22 14 7 16 71% 133 32406 164 121%
c f  8.35 85 22 25 70 13120 1 390874 48827 1.6 22 14 7 16 71% 138 31419 166 122%
c u  8.37 91 22 25 70 13120 1 390874 48405 1.6 22 14 7 16 71% 142 31419 166 122%
c v  8.39 91 22 25 70 13120 1 390874 48318 1.6 22 14 7 16 71% 142 31419 166 122%
c w  8.40 91 22 25 70 13120 1 390874 48286 1.6 22 14 7 16 71% 142 31419 166 122%
c x  8.42 91 22 25 70 13120 1 390874 48285 1.6 22 14 7 16 71% 144 31247 166 122%
c t  8.53 92 22 25 70 13120 1 390874 48285 1.6 22 14 7 16 71% 141 31247 166 122%
c f  8.55 92 22 25 70 13120 1 390874 48285 1.6 22 14 7 16 71% 146 30228 168 124%
c -  8.60 92 22 25 71 13123 1 395449 43795 1.6 22 14 7 16 71% 146 30228 168 124%
c -  8.70 93 22 25 72 13127 1 403875 41234 1.5 22 14 8 16 70% 146 30228 168 124%
c -  8.80 93 22 25 73 13128 1 412361 41521 1.5 22 14 8 16 70% 146 30228 168 124%
c -  8.90 93 22 25 74 13134 1 420905 42038 1.5 22 15 8 16 70% 146 30228 168 124%
c -  9.01 93 22 25 75 13138 1 429508 41707 1.5 22 15 8 16 70% 146 30228 168 124%
c O  9.08 93 22 25 75 13142 1 435272 46128 1.5 22 15 8 16 70% 146 30228 168 124%
c o  9.08 93 22 25 75 13142 1 435272 46128 1.5 22 15 8 16 70% 146 30228 168 124%
c ]  9.09 93 22 26 75 13142 1 435850 46610 1.5 22 15 8 16 70% 147 30228 168 124%
c
c seconds   switched     rate          size/glue tier1    binary       remaining
c        MB   reductions   conflicts         size  tier2     irredundant
c         level    restarts       redundant    glue    trail       variables
c
c {  9.09 93 15 26 75 13142 2 435850 46610 1.8 16 9 5 10 66% 147 30228 168 124%
c -  9.13 93 14 26 76 13188 2 438169 42851 1.8 16 9 5 10 65% 147 30228 168 124%
c i  9.14 93 14 26 76 13205 2 439688 44015 1.8 16 9 5 10 65% 166 30228 167 123%
c -  9.30 93 15 26 77 14033 2 446887 42867 1.7 16 9 5 10 66% 143 30228 167 123%
c d  9.36 93 15 26 77 14291 2 449470 44315 1.7 16 9 5 10 66% 142 29669 165 121%
c d  9.36 93 15 26 77 14291 2 449470 43169 1.7 16 9 5 10 66% 140 29479 162 119%
c b  9.36 93 15 26 77 14291 2 449470 43169 1.7 16 9 5 10 66% 140 29479 153 112%
c u  9.38 93 15 26 77 14291 2 449470 40232 1.7 16 9 5 10 66% 386 29479 153 112%
c v  9.40 93 15 26 77 14291 2 449470 40024 1.7 16 9 5 10 66% 140 29479 153 112%
c w  9.41 93 15 26 77 14291 2 449470 39821 1.7 16 9 5 10 66% 140 29479 153 112%
c x  9.43 93 15 26 77 14291 2 449470 39813 1.7 16 9 5 10 66% 151 26800 152 112%
c d  9.43 93 15 26 77 14291 2 449470 36961 1.7 16 9 5 10 66% 158 25404 150 110%
c d  9.43 93 15 26 77 14291 2 449470 36940 1.7 16 9 5 10 66% 155 25351 149 110%
c t  9.43 93 15 26 77 14291 2 449470 36940 1.7 16 9 5 10 66% 138 25351 147 108%
c b  9.43 93 15 26 77 14291 2 449470 36940 1.7 16 9 5 10 66% 138 25351 145 107%
c f  9.45 93 15 26 77 14291 2 449470 36940 1.7 16 9 5 10 66% 140 24718 147 108%
c u  9.47 93 15 26 77 14291 2 449470 36523 1.7 16 9 5 10 66% 140 24022 147 108%
c v  9.49 93 15 26 77 14291 2 449470 36427 1.7 16 9 5 10 66% 140 24022 147 108%
c w  9.50 93 15 26 77 14291 2 449470 36150 1.7 16 9 5 10 66% 140 24022 147 108%
c x  9.51 93 15 26 77 14291 2 449470 36148 1.7 16 9 5 10 66% 146 23651 147 108%
c
c seconds   switched     rate          size/glue tier1    binary       remaining
c        MB   reductions   conflicts         size  tier2     irredundant
c         level    restarts       redundant    glue    trail       variables
c
c t  9.52 93 15 26 77 14291 2 449470 36148 1.7 16 9 5 10 66% 143 23651 147 108%
c f  9.54 93 15 26 77 14291 2 449470 36148 1.7 16 9 5 10 66% 151 22867 150 110%
c i  9.54 93 15 26 77 14291 2 449470 36148 1.7 16 9 5 10 66% 151 22867 150 110%
c -  9.66 93 15 26 78 14778 2 455662 37537 1.7 16 9 5 10 66%  91 22867 150 110%
c -  9.84 93 15 26 79 15872 2 464494 40440 1.7 16 9 5 10 66%  92 22867 150 110%
c - 10.05 93 15 26 80 17171 2 473382 42695 1.7 16 9 5 10 66%  92 22867 150 110%
c } 10.16 93 16 27 80 18007 2 478070 46601 1.7 16 10 5 10 66%  92 22867 150 110%
c [ 10.16 93 22 27 80 18007 1 478070 46601 1.5 22 15 8 16 70%  92 22867 150 110%
c s 10.23 93 21 27 80 18009 1 481430 49048 1.5 22 15 8 16 70% 108 19825 150 110%
c e 10.24 93 21 27 80 18009 1 481430 49048 1.5 22 15 8 16 70%  95 19799 140 103%
c 2 10.24 93 21 27 80 18009 1 481430 49048 1.5 22 15 8 16 70%  93 19799 140 103%
c s 10.27 93 21 27 80 18009 1 481430 49048 1.5 22 15 8 16 70%  95 19434 140 103%
c - 10.29 93 21 27 81 18010 1 482327 42705 1.5 22 15 8 16 70%  95 19434 140 103%
c i 10.30 93 21 27 81 18010 1 482523 42841 1.5 22 15 8 16 70%  98 19434 132 97%
c B 10.38 93 21 27 81 18013 1 488060 47414 1.5 21 14 8 16 70%  98 19434 132 97%
c - 10.43 93 21 27 82 18014 1 491327 38026 1.5 21 14 8 16 70% 137 15741 132 97%
c - 10.55 93 21 27 83 18020 1 500382 38569 1.5 21 14 7 16 70% 137 15741 132 97%
c - 10.68 93 21 27 84 18021 1 509492 39583 1.5 21 14 7 16 70% 137 15741 132 97%
c d 10.75 93 21 27 84 18024 1 513997 40904 1.5 21 14 7 16 70% 119 15318 127 93%
c b 10.75 93 21 27 84 18024 1 513997 40904 1.5 21 14 7 16 70% 119 15318 125 92%
c
c seconds   switched     rate          size/glue  tier1    binary       remaining
c        MB   reductions   conflicts         size   tier2     irredundant
c         level    restarts       redundant     glue    trail       variables
c
c u 10.77 93 21 27 84 18024 1 513997 40479 1.5 21 14 7 16 70%  76 15318 125 92%
c v 10.79 93 21 27 84 18024 1 513997 40315 1.5 21 14 7 16 70%  67 15318 125 92%
c w 10.81 93 21 27 84 18024 1 513997 39269 1.5 21 14 7 16 70%  67 15318 125 92%
c x 10.83 93 21 27 84 18024 1 513997 39262 1.5 21 14 7 16 70%  74 14341 125 92%
c t 10.83 93 21 27 84 18024 1 513997 39262 1.5 21 14 7 16 70%  72 14341 125 92%
c f 10.85 93 21 27 84 18024 1 513997 39262 1.5 21 14 7 16 70%  97 12218 134 99%
c u 10.88 93 21 27 84 18024 1 513997 38895 1.5 21 14 7 16 70%  99 12218 134 99%
c v 10.91 93 21 27 84 18024 1 513997 38711 1.5 21 14 7 16 70%  99 12218 134 99%
c w 10.92 93 21 27 84 18024 1 513997 37200 1.5 21 14 7 16 70%  99 12218 134 99%
c x 10.94 93 21 27 84 18024 1 513997 37195 1.5 21 14 7 16 70% 135 11232 134 99%
c t 10.94 93 21 27 84 18024 1 513997 37195 1.5 21 14 7 16 70% 115 11232 134 99%
c f 10.96 93 21 27 84 18024 1 513997 37195 1.5 21 14 7 16 70% 154 9415 144 106%
c - 11.02 93 21 27 85 18027 1 518660 35625 1.5 21 14 7 16 70% 145 9415 144 106%
c - 11.13 93 21 27 86 18032 1 527879 36851 1.5 21 14 7 16 69% 145 9415 144 106%
c - 11.24 93 20 27 87 18036 1 537155 37372 1.4 21 14 7 16 69% 145 9415 144 106%
c W 11.36 93 20 27 87 18037 1 545644 43354 1.4 21 14 7 16 68% 145 9415 144 106%
c o 11.36 93 20 27 87 18037 1 545644 43354 1.4 21 14 7 16 68% 145 9415 144 106%
c - 11.37 93 20 27 88 18037 1 546483 37435 1.4 21 14 7 15 69% 145 9415 144 106%
c ] 11.40 93 20 28 88 18037 1 548410 39190 1.5 21 14 7 15 69% 145 9415 144 106%
c { 11.40 93 16 28 88 18037 2 548410 39190 1.7 16 10 5 10 66% 145 9415 144 106%
c
c seconds   switched     rate          size/glue  tier1    binary      remaining
c        MB   reductions   conflicts         size   tier2    irredundant
c         level    restarts       redundant     glue    trail      variables
c
c - 11.57 93 16 28 89 19087 2 555863 39831 1.6 16 10 5 10 66% 145 9415 144 106%
c - 11.75 93 16 28 90 19653 2 565296 40854 1.6 16 10 5 10 66% 148 9415 144 106%
c - 11.95 93 16 28 91 20743 2 574783 42000 1.6 16 10 5 10 66% 148 9415 144 106%
c - 12.12 93 15 28 92 21492 2 584326 43196 1.6 16 10 5 10 65% 148 9415 144 106%
c u 12.26 93 15 28 92 21967 2 590429 47744 1.6 16 10 5 10 65% 150 9415 144 106%
c v 12.29 93 15 28 92 21967 2 590429 47621 1.6 16 10 5 10 65% 150 9415 144 106%
c w 12.30 93 15 28 92 21967 2 590429 47561 1.6 16 10 5 10 65% 150 9415 144 106%
c x 12.33 93 15 28 92 21967 2 590429 47546 1.6 16 10 5 10 65% 172 8288 144 106%
c t 12.33 93 15 28 92 21967 2 590429 47546 1.6 16 10 5 10 65% 158 8288 144 106%
c f 12.35 93 15 28 92 21967 2 590429 47546 1.6 16 10 5 10 65% 196 6929 161 118%
c b 12.36 93 15 28 92 21967 2 590429 47546 1.6 16 10 5 10 65% 196 6929 160 118%
c u 12.39 93 15 28 92 21967 2 590429 46809 1.6 16 10 5 10 65% 220 6929 159 117%
c v 12.42 93 15 28 92 21967 2 590429 46740 1.6 16 10 5 10 65% 216 6929 159 117%
c w 12.43 93 15 28 92 21967 2 590429 46700 1.6 16 10 5 10 65% 216 6929 159 117%
c x 12.45 93 15 28 92 21967 2 590429 46688 1.6 16 10 5 10 65% 220 6242 159 117%
c t 12.45 93 15 28 92 21967 2 590429 46569 1.6 16 10 5 10 65% 203 6242 159 117%
c f 12.48 93 15 28 92 21967 2 590429 46569 1.6 16 10 5 10 65% 234 4927 182 134%
c i 12.48 93 15 28 92 21967 2 590429 46569 1.6 16 10 5 10 65% 234 4927 182 134%
c - 12.54 93 15 28 93 22207 2 593918 43768 1.6 16 10 5 10 65% 229 4927 182 134%
c } 12.59 93 15 29 93 22596 2 596548 45706 1.6 16 10 5 10 65% 229 4927 182 134%
c
c seconds   switched     rate          size/glue  tier1    binary      remaining
c        MB   reductions   conflicts         size   tier2    irredundant
c         level    restarts       redundant     glue    trail      variables
c
c [ 12.59 93 20 29 93 22596 1 596548 45706 1.5 21 14 7 15 69% 229 4927 182 134%
c - 12.69 93 20 29 94 22601 1 603564 44380 1.4 20 14 7 15 68% 229 4927 182 134%
c I 12.75 93 20 29 94 22602 1 608195 47325 1.4 20 14 7 15 68% 229 4927 182 134%
c i 12.77 93 19 29 94 22603 1 609334 47956 1.4 20 14 7 15 68% 236 4927 178 131%
c - 12.85 93 19 29 95 22606 1 613260 40732 1.4 20 14 7 15 68% 232 4927 178 131%
c - 13.02 93 19 29 96 22610 1 623007 41929 1.4 20 14 7 15 67% 232 4927 178 131%
c - 13.20 93 18 29 97 22613 1 632805 42097 1.4 19 14 6 15 66% 232 4927 178 131%
c - 13.36 93 18 29 98 22618 1 642655 43389 1.4 19 13 6 15 65% 233 4927 178 131%
c s 13.42 93 18 29 98 22621 1 646533 46311 1.4 19 13 6 15 65% 221 3313 178 131%
c e 13.42 93 18 29 98 22621 1 646533 46311 1.4 19 13 6 15 65% 171 3407 149 110%
c s 13.42 93 18 29 98 22621 1 646533 46311 1.4 19 13 6 15 65% 172 3360 149 110%
c e 13.42 93 18 29 98 22621 1 646533 46311 1.4 19 13 6 15 65% 169 3392 147 108%
c o 13.42 93 18 29 98 22621 1 646533 43051 1.4 19 13 6 15 65% 169 3392 147 108%
c ] 13.50 93 18 30 98 22624 1 651956 46976 1.4 19 13 6 15 65% 171 3392 147 108%
c { 13.50 93 15 30 98 22624 2 651956 46976 1.6 16 10 5 10 65% 171 3392 147 108%
c - 13.52 95 15 30 99 22688 2 652555 41923 1.6 16 10 5 10 65% 178 3385 147 108%
c i 13.63 95 15 30 99 22712 2 662491 48558 1.6 15 10 4 10 65% 185 3385 145 107%
c - 13.64 95 15 30 100 22712 2 662504 36280 1.6 15 10 4 10 65% 177 3385 145 107%
c - 13.79 95 15 30 101 22899 2 672504 36679 1.6 15 10 4 10 65% 182 3385 145 107%
c c 13.87 95 14 30 101 22971 2 679627 41239 1.6 15 10 4 10 64% 177 3270 144 106%
c
c seconds   switched      rate          size/glue  tier1    binary      remaining
c        MB   reductions    conflicts         size   tier2    irredundant
c         level     restarts       redundant     glue    trail      variables
c
c d 13.88 95 14 30 101 22971 2 679627 40896 1.6 15 10 4 10 64% 186 3259 144 106%
c u 13.91 95 14 30 101 22971 2 679627 39907 1.6 15 10 4 10 64% 180 3259 144 106%
c v 13.94 95 14 30 101 22971 2 679627 39248 1.6 15 10 4 10 64% 181 3259 144 106%
c w 13.96 95 14 30 101 22971 2 679627 39094 1.6 15 10 4 10 64% 181 3259 144 106%
c x 13.98 95 14 30 101 22971 2 679627 39039 1.6 15 10 4 10 64% 197 3027 144 106%
c d 14.19 96 14 30 101 22971 2 679627 38984 1.6 15 10 4 10 64% 192 3025 143 105%
c t 14.19 96 14 30 101 22971 2 679627 38984 1.6 15 10 4 10 64% 173 3025 143 105%
c f 14.20 96 14 30 101 22971 2 679627 38984 1.6 15 10 4 10 64% 192 2673 154 113%
c u 14.23 96 14 30 101 22971 2 679627 38328 1.6 15 10 4 10 64% 192 2673 154 113%
c v 14.27 96 14 30 101 22971 2 679627 37451 1.6 15 10 4 10 64% 192 2673 154 113%
c w 14.28 96 14 30 101 22971 2 679627 37295 1.6 15 10 4 10 64% 192 2673 154 113%
c x 14.30 96 14 30 101 22971 2 679627 37282 1.6 15 10 4 10 64% 193 2516 154 113%
c t 14.31 96 14 30 101 22971 2 679627 37282 1.6 15 10 4 10 64% 192 2516 154 113%
c - 14.35 96 14 30 102 22981 2 682554 34722 1.6 15 9 4 9 64% 193 2516 154 113%
c i 14.39 96 14 30 102 22981 2 685556 36334 1.6 15 9 4 9 64% 203 2516 153 112%
c - 14.49 96 14 30 103 23014 2 692654 28729 1.6 14 9 4 9 64% 200 2516 153 112%
c i 14.49 96 14 30 103 23014 2 692672 28731 1.6 14 9 4 9 64% 201 2516 147 108%
c i 14.55 96 13 30 103 23054 2 697944 32050 1.6 14 9 4 9 64% 214 2515 145 107%
c i 14.60 96 13 30 103 23059 2 702719 34945 1.6 14 9 4 9 63% 227 2515 142 104%
c - 14.61 96 13 30 104 23059 2 702802 18635 1.6 14 9 4 9 63% 200 2183 142 104%
c
c seconds   switched      rate          size/glue tier1   binary      remaining
c        MB   reductions    conflicts         size  tier2   irredundant
c         level     restarts       redundant    glue   trail      variables
c
c } 14.64 96 13 31 104 23081 2 706391 21260 1.6 14 9 4 9 63% 202 2183 142 104%
c [ 14.64 96 18 31 104 23081 1 706391 21260 1.4 19 13 6 15 65% 202 2183 142 104%
c B 14.64 96 18 31 104 23081 1 706391 21260 1.4 19 13 6 15 65% 202 2183 142 104%
c i 14.67 96 18 31 104 23082 1 708302 22152 1.4 19 13 6 15 65% 209 2183 138 101%
c i 14.67 96 18 31 104 23083 1 708507 22237 1.4 19 13 6 15 65% 217 2183 132 97%
c i 14.67 96 18 31 104 23083 1 708543 22243 1.4 19 13 6 15 65% 222 2182 129 95%
c i 14.67 96 18 31 104 23083 1 708555 22246 1.4 19 13 6 15 65% 225 2182 111 82%
c ] 14.67 96 18 31 104 23083 1 708560 22245 1.4 19 13 6 15 65% 226 2182 104 76%
c 0 14.67 96 13 31 104 23083 2 708560 22245 1.6 14 9 4 9 63% 226 2182 104 76%
c
c ---- [ result ] ------------------------------------------------------------
c
s UNSATISFIABLE
c
c ---- [ profiling ] ---------------------------------------------------------
c
c          10.40   70.90 %  search
c           5.50   37.47 %  focused
c           4.90   33.43 %  stable
c           3.84   26.17 %  probe
c           2.88   19.60 %  simplify
c           1.77   12.04 %  factor
c           1.53   10.43 %  vivify
c           1.38    9.43 %  preprocess
c           0.42    2.88 %  sweep
c           0.41    2.76 %  eliminate
c           0.32    2.18 %  subsume
c           0.30    2.03 %  reduce
c           0.10    0.67 %  substitute
c           0.02    0.13 %  congruence
c           0.01    0.10 %  walking
c           0.01    0.06 %  parse
c           0.00    0.02 %  transitive
c           0.00    0.01 %  lucky
c           0.00    0.00 %  backbone
c =============================================
c          14.67  100.00 %  total
c
c ---- [ statistics ] --------------------------------------------------------
c
c conflicts:                           708560            48293.86 per second
c congruent:                                1                1 %  variables
c decisions:                          1048034                1.48 per conflict
c eliminated:                              53               39 %  variables
c factored:                               121               89 %  variables
c iterations:                              14               10 %  variables
c propagations:                      13273036           904660    per second
c reductions:                             104             6813    interval
c reordered:                               11            64415    interval
c rephased:                                22            32207    interval
c restarts:                             23083               31    interval
c strengthened:                          1372                0 %  checks
c substituted:                             15               11 %  variables
c subsumed:                             18105                0 %  checks
c switched:                                31            22857    interval
c vivified:                             51301               74 %  checks
c walks:                                    7           101223    interval
c
c ---- [ glue usage ] --------------------------------------------------------
c
c focused glue 4   used 250372 clauses 16.62% accumulated 55.99% tier1
c focused glue 5   used 181448 clauses 12.04% accumulated 68.04%
c focused glue 6-7 used 217267 clauses 14.42% accumulated 82.46%
c focused glue 8   used  74272 clauses  4.93% accumulated 87.39%
c focused glue 9   used  56755 clauses  3.77% accumulated 91.16% tier2
c
c stable glue 6    used 165539 clauses  8.11% accumulated 52.78% tier1
c stable glue 7    used 141321 clauses  6.92% accumulated 59.71%
c stable glue 8-13 used 558789 clauses 27.38% accumulated 87.09%
c stable glue 14   used  53769 clauses  2.63% accumulated 89.72%
c stable glue 15   used  47020 clauses  2.30% accumulated 92.02% tier2
c
c ---- [ resources ] ---------------------------------------------------------
c
c maximum-resident-set-size:     103465091072 bytes      98672 MB
c process-time:                            15s              14.67 seconds
c
c ---- [ shutting down ] -----------------------------------------------------
c
c exit 20
