c ---- [ banner ] ------------------------------------------------------------
c
c Kissat SAT Solver
c 
c Copyright (c) 2021-2024 Armin Biere University of Freiburg
c Copyright (c) 2019-2021 Armin Biere Johannes Kepler University Linz
c 
c Version 4.0.4 8af8e56f174b778aef3aa45af9f739b2a5f492c2
c Apple clang version 17.0.0 (clang-1700.6.3.2) -W -Wall -O3 -DNDEBUG
c Mon Mar 30 18:25:47 CEST 2026 Darwin Mac 24.6.0 arm64
c
c ---- [ parsing ] -----------------------------------------------------------
c
c opened and reading DIMACS file:
c
c   tmp.cnf
c
c parsed 'p cnf 171 2926' header
c closing input after reading 26945 bytes (26 KB)
c finished parsing after 0.00 seconds
c
c ---- [ solving ] -----------------------------------------------------------
c
c seconds switched rate     size/glue tier1  binary    remaining
c        MB reductions conflicts size  tier2  irredundant
c         level restarts redundant glue  trail     variables
c
c *  0.00  2 0 0 0  0 0   0   0 0.0 0 0 0 0 0% 2907 19 171 100%
c (  0.00  2 0 0 0  0 0   0   0 0.0 0 0 0 0 0% 2907 19 171 100%
c .  0.00  2 0 0 0  0 0   0   0 0.0 0 0 0 0 0% 2907 19 171 100%
c f  0.02  2 0 0 0  0 0   0   0 0.0 0 0 0 0 0% 910 19 307 180%
c )  0.02  2 0 0 0  0 0   0   0 0.0 0 0 0 0 0% 910 19 307 180%
c {  0.02  2 0 0 0  0 0   0   0 0.0 0 0 2 6 0% 910 19 307 180%
c -  0.03  2 51 0 1  1 1 1001 589 1.2 33 28 17 53 73% 910 19 307 180%
c }  0.03  2 51 1 1  1 1 1001 589 1.2 33 28 17 53 73% 910 19 307 180%
c [  0.03  2 0 1 1  1 0 1001 589 0.0 0 0 2 6 0% 910 19 307 180%
c B  0.03  2 0 1 1  1 0 1001 589 0.0 0 0 2 6 0% 910 19 307 180%
c ]  0.03  3 50 2 1  1 1 1925 1391 1.3 34 27 15 38 75% 910 19 307 180%
c {  0.03  3 51 2 1  1 1 1925 1391 1.2 33 28 17 53 73% 910 19 307 180%
c -  0.03  3 51 2 2  1 1 2001 1400 1.2 33 28 17 52 73% 910 19 307 180%
c }  0.04  3 44 3 2 10 2 2928 2185 1.2 31 26 16 50 77% 910 19 307 180%
c [  0.04  3 50 3 2 10 1 2928 2185 1.3 34 27 15 38 75% 910 19 307 180%
c W  0.04  3 50 3 2 10 1 2928 2185 1.3 34 27 15 38 75% 910 19 307 180%
c -  0.04  3 43 3 3 10 1 3419 2354 1.3 28 22 10 33 76% 910 19 307 180%
c ]  0.05  3 37 4 3 11 1 4013 2829 1.3 25 18 10 33 77% 910 19 307 180%
c {  0.05  3 44 4 3 11 2 4013 2829 1.2 31 26 16 50 77% 910 19 307 180%
c u  0.05  3 40 4 3 11 2 4351 3029 1.2 29 23 16 50 77% 910 19 307 180%
c
c seconds  switched rate       size/glue  tier1     binary    remaining
c        MB reductions conflicts     size    tier2   irredundant
c         level restarts  redundant     glue     trail    variables
c
c v  0.06  3 40 4 3 11 2 4351 2975 1.2 29 23 16 50 77% 910 19 307 180%
c -  0.06  3 34 4 4 11 1 5151 3249 1.3 26 20 11 29 78% 910 19 307 180%
c }  0.07  4 27 5 4 11 1 6365 4195 1.3 22 16 10 28 79% 911 19 307 180%
c [  0.07  4 37 5 4 11 1 6365 4195 1.3 25 18 10 33 77% 911 19 307 180%
c I  0.07  4 37 5 4 11 1 6365 4195 1.3 25 18 10 33 77% 911 19 307 180%
c -  0.07  4 33 5 5 11 1 7152 4192 1.4 23 17 8 23 78% 912 19 307 180%
c ]  0.08  4 32 6 5 13 1 8528 5407 1.4 24 17 8 23 79% 912 19 307 180%
c {  0.08  4 27 6 5 13 1 8528 5407 1.3 22 16 10 28 79% 912 19 307 180%
c -  0.09  4 27 6 6 16 1 9388 5299 1.4 22 16 8 23 80% 912 19 307 180%
c -  0.11  5 25 6 7 16 1 11837 6829 1.6 23 14 8 20 80% 912 19 307 180%
c }  0.11  5 25 7 7 16 1 12598 7562 1.6 23 14 8 20 80% 912 19 307 180%
c [  0.11  5 32 7 7 16 1 12598 7562 1.4 24 17 8 23 79% 912 19 307 180%
c B  0.11  5 32 7 7 16 1 12598 7562 1.4 24 17 8 23 79% 912 19 307 180%
c o  0.11  5 32 7 7 16 1 12598 7562 1.4 24 17 8 23 79% 912 19 307 180%
c u  0.12  5 32 7 7 16 1 13399 7769 1.4 25 18 8 23 79% 912 19 307 180%
c v  0.13  6 32 7 7 16 1 13399 7594 1.4 25 18 8 23 79% 912 19 307 180%
c w  0.13  6 32 7 7 16 1 13399 7554 1.4 25 18 8 23 79% 912 19 307 180%
c -  0.14  6 31 7 8 17 1 14482 7448 1.3 25 18 10 24 80% 912 19 307 180%
c ]  0.15  6 30 8 8 18 1 15795 8512 1.4 25 18 10 24 80% 912 19 307 180%
c {  0.15  6 25 8 8 18 1 15795 8512 1.6 23 14 8 20 80% 912 19 307 180%
c
c seconds  switched rate        size/glue  tier1    binary    remaining
c        MB reductions conflicts      size   tier2   irredundant
c         level restarts   redundant     glue    trail    variables
c
c -  0.17  6 23 8 9 61 1 17311 8046 1.6 22 14 7 18 80% 912 19 307 180%
c -  0.19  6 21 8 10 82 1 20312 8876 1.6 20 12 7 16 81% 912 19 307 180%
c ^  0.20  6 20 8 10 95 1 21747 9936 1.6 19 12 7 16 81% 913 19 307 180%
c }  0.20  6 20 9 10 99 1 21954 10113 1.6 19 12 7 16 81% 913 19 307 180%
c [  0.20  6 30 9 10 99 1 21954 10113 1.4 25 18 10 24 80% 913 19 307 180%
c W  0.20  6 30 9 10 99 1 21954 10113 1.4 25 18 10 24 80% 913 19 307 180%
c -  0.21  7 29 9 11 100 1 23475 9429 1.4 25 18 10 23 80% 913 19 307 180%
c -  0.23  8 28 9 12 102 1 26794 10578 1.4 24 18 9 22 80% 913 19 307 180%
c u  0.24  9 29 9 12 103 1 27445 11123 1.4 25 18 9 22 80% 913 19 307 180%
c v  0.24  9 29 9 12 103 1 27445 11094 1.4 25 18 9 22 80% 913 19 307 180%
c w  0.25  9 29 9 12 103 1 27445 11085 1.4 25 18 9 22 80% 913 19 307 180%
c o  0.25  9 29 9 12 103 1 27445 11085 1.4 25 18 9 22 80% 913 19 307 180%
c ]  0.25  9 28 10 12 103 1 28071 11587 1.4 24 18 9 22 80% 913 19 307 180%
c {  0.25  9 20 10 12 103 1 28071 11587 1.6 19 12 7 16 81% 913 19 307 180%
c -  0.27  9 19 10 13 122 1 30261 10989 1.6 18 12 6 14 81% 913 19 307 180%
c -  0.30 10 18 10 14 176 1 33866 11582 1.6 17 11 6 13 81% 913 19 307 180%
c }  0.32 10 17 11 14 217 1 36698 13837 1.6 17 11 6 13 81% 913 19 307 180%
c [  0.32 10 28 11 14 217 1 36698 13837 1.4 24 18 9 22 80% 913 19 307 180%
c O  0.32 10 28 11 14 217 1 36698 13837 1.4 24 18 9 22 80% 913 19 307 180%
c -  0.33 10 28 11 15 217 1 37609 12400 1.4 24 18 9 22 80% 913 19 307 180%
c
c seconds   switched   rate         size/glue  tier1    binary    remaining
c        MB   reductions conflicts        size   tier2   irredundant
c         level   restarts     redundant     glue    trail    variables
c
c -  0.36 10 27 11 16 220 1 41482 13060 1.4 24 18 9 21 81% 913 19 307 180%
c e  0.38 10 26 11 16 222 1 43484 14593 1.4 24 17 9 21 81% 892 47 300 175%
c ^  0.38 10 26 11 16 222 1 43484 14593 1.4 24 17 9 21 81% 892 47 300 175%
c ]  0.39 10 26 12 16 223 1 45128 13782 1.4 24 17 9 21 81% 892 47 300 175%
c {  0.39 10 17 12 16 223 1 45128 13782 1.6 17 11 6 13 81% 892 47 300 175%
c -  0.39 11 17 12 17 244 1 45485 11994 1.6 17 11 6 13 81% 892 47 300 175%
c u  0.41 11 17 12 17 256 1 46790 12930 1.6 17 11 6 13 81% 892 47 300 175%
c v  0.41 11 17 12 17 256 1 46790 12130 1.6 17 11 6 13 81% 892 47 300 175%
c w  0.42 11 17 12 17 256 1 46790 10781 1.6 17 11 6 13 81% 892 47 300 175%
c -  0.44 11 16 12 18 269 1 49612 11618 1.6 16 10 6 12 81% 893 47 300 175%
c -  0.46 11 16 12 19 309 1 53855 13533 1.6 16 10 6 12 81% 894 47 300 175%
c }  0.48 11 16 13 19 344 1 56607 15609 1.5 15 10 6 12 81% 896 47 300 175%
c [  0.48 11 26 13 19 344 1 56607 15609 1.4 24 17 9 21 81% 896 47 300 175%
c B  0.48 11 26 13 19 344 1 56607 15609 1.4 24 17 9 21 81% 896 47 300 175%
c o  0.48 11 26 13 19 344 1 56607 15609 1.4 24 17 9 21 81% 896 47 300 175%
c -  0.49 11 26 13 20 345 1 58213 15016 1.4 24 17 8 20 81% 896 47 300 175%
c -  0.53 12 25 13 21 348 1 62685 16405 1.4 24 17 8 20 81% 896 47 300 175%
c ]  0.55 12 25 14 21 349 1 64760 18069 1.4 24 17 8 20 81% 896 47 300 175%
c {  0.55 12 16 14 21 349 1 64760 18069 1.5 15 10 6 12 81% 896 47 300 175%
c -  0.57 12 15 14 22 371 1 67267 15606 1.5 15 10 5 12 81% 897 47 300 175%
c
c seconds   switched   rate         size/glue tier1    binary    remaining
c        MB   reductions conflicts        size  tier2   irredundant
c         level   restarts     redundant    glue    trail    variables
c
c u  0.61 14 15 14 22 405 1 71665 17006 1.5 15 9 5 12 81% 900 47 300 175%
c v  0.62 15 15 14 22 405 1 71665 16819 1.5 15 9 5 12 81% 900 47 300 175%
c w  0.62 15 15 14 22 405 1 71665 16721 1.5 15 9 5 12 81% 900 47 300 175%
c -  0.65 15 15 14 23 417 1 71959 13625 1.5 15 9 5 11 81% 900 47 300 175%
c -  0.68 15 14 14 24 502 1 76756 14362 1.5 14 9 5 11 81% 901 47 300 175%
c }  0.69 15 14 15 24 556 1 79476 16426 1.5 14 9 5 11 81% 902 47 300 175%
c [  0.69 15 25 15 24 556 1 79476 16426 1.4 24 17 8 20 81% 902 47 300 175%
c W  0.70 15 25 15 24 556 1 79476 16426 1.4 24 17 8 20 81% 902 47 300 175%
c -  0.71 15 25 15 25 558 1 81655 15395 1.4 24 17 8 20 81% 902 47 300 175%
c -  0.75 15 26 15 26 561 1 86655 16147 1.4 25 18 8 20 81% 902 47 300 175%
c e  0.79 15 27 15 26 562 1 90542 19283 1.4 25 18 8 20 80% 876 85 294 172%
c ^  0.79 15 27 15 26 562 1 90542 19283 1.4 25 18 8 20 80% 876 85 294 172%
c o  0.79 15 27 15 26 562 1 90542 14516 1.4 25 18 8 20 80% 876 85 294 172%
c ]  0.79 15 27 16 26 562 1 90972 14848 1.4 25 18 8 20 80% 876 85 294 172%
c {  0.79 15 14 16 26 562 1 90972 14848 1.5 14 9 5 11 81% 876 85 294 172%
c -  0.80 16 14 16 27 588 1 91754 12922 1.5 14 9 5 11 81% 876 85 294 172%
c -  0.84 17 14 16 28 657 1 96950 14860 1.5 13 9 5 11 81% 878 85 294 172%
c u  0.88 17 13 16 28 719 1 102224 15496 1.5 13 9 5 11 81% 882 85 294 172%
c v  0.88 17 13 16 28 719 1 102224 11195 1.5 13 9 5 11 81% 882 85 294 172%
c w  0.89 17 13 16 28 719 1 102224 11096 1.5 13 9 5 11 81% 882 85 294 172%
c
c seconds   switched   rate          size/glue tier1    binary    remaining
c        MB   reductions conflicts         size  tier2   irredundant
c         level   restarts      redundant    glue    trail    variables
c
c x  0.89 17 13 16 28 719 1 102224 11096 1.5 13 9 5 11 81% 882 85 294 172%
c -  0.89 17 13 16 29 722 1 102243 9187 1.5 13 9 5 11 81% 882 85 294 172%
c -  0.92 17 13 16 30 893 1 107628 12248 1.5 13 9 5 10 81% 884 85 294 172%
c }  0.93 17 13 17 30 928 1 109310 13449 1.5 13 9 5 10 81% 885 85 294 172%
c [  0.93 17 27 17 30 928 1 109310 13449 1.4 25 18 8 20 80% 885 85 294 172%
c I  0.93 17 27 17 30 928 1 109310 13449 1.4 25 18 8 20 80% 885 85 294 172%
c -  0.96 17 26 17 31 930 1 113105 15829 1.4 24 18 8 20 80% 885 85 294 172%
c -  1.00 17 26 17 32 934 1 118674 17595 1.4 25 18 8 20 80% 885 85 294 172%
c ]  1.05 17 26 18 32 936 1 123338 21576 1.4 25 18 8 20 80% 885 85 294 172%
c {  1.05 17 13 18 32 936 1 123338 21576 1.5 13 9 5 10 81% 885 85 294 172%
c -  1.06 17 14 18 33 1206 1 124330 18436 1.5 13 9 5 10 81% 885 85 294 172%
c -  1.13 17 15 18 34 2656 2 130075 19751 1.4 14 9 5 11 81% 885 85 294 172%
c o  1.13 17 16 18 34 2784 2 130561 20204 1.4 14 9 5 11 81% 885 85 294 172%
c -  1.21 18 17 18 35 4155 2 135905 20798 1.4 14 10 5 11 81% 885 85 294 172%
c u  1.25 18 17 18 35 4831 2 138584 21425 1.4 14 10 5 11 81% 885 85 294 172%
c v  1.26 18 17 18 35 4831 2 138584 20247 1.4 14 10 5 11 81% 885 85 294 172%
c w  1.27 18 17 18 35 4831 2 138584 20245 1.4 14 10 5 11 81% 885 85 294 172%
c -  1.31 18 18 18 36 5375 2 141822 19391 1.4 15 10 5 11 82% 885 85 294 172%
c }  1.37 18 18 19 36 6371 3 145683 22867 1.4 15 11 5 11 82% 885 85 294 172%
c [  1.37 18 26 19 36 6371 1 145683 22867 1.4 25 18 8 20 80% 885 85 294 172%
c
c seconds   switched    rate          size/glue  tier1    binary    remaining
c        MB   reductions  conflicts         size   tier2   irredundant
c         level    restarts      redundant     glue    trail    variables
c
c B  1.37 18 26 19 36 6371 1 145683 22867 1.4 25 18 8 20 80% 885 85 294 172%
c -  1.39 18 27 19 37 6373 1 147823 19909 1.4 25 18 8 21 80% 885 85 294 172%
c -  1.46 18 29 19 38 6377 1 153908 18253 1.4 27 19 8 21 80% 885 85 294 172%
c -  1.53 18 29 19 39 6380 1 160073 16904 1.4 27 20 8 22 80% 885 85 294 172%
c e  1.61 18 29 19 39 6383 1 166024 21641 1.4 27 20 8 22 80% 1045 101 236 138%
c ^  1.61 18 29 19 39 6383 1 166024 21641 1.4 27 20 8 22 80% 1045 101 236 138%
c -  1.61 19 29 19 40 6384 1 166317 11177 1.4 27 20 8 21 80% 1045 101 236 138%
c W  1.61 19 29 19 40 6384 1 166594 11420 1.4 27 20 8 21 80% 1045 101 236 138%
c -  1.68 20 29 19 41 6385 1 172642 13304 1.4 28 20 8 22 80% 1045 101 236 138%
c ]  1.69 20 29 20 41 6385 1 173522 14047 1.4 28 20 8 22 81% 1045 101 236 138%
c {  1.69 20 18 20 41 6385 3 173522 14047 1.4 15 11 5 11 82% 1045 101 236 138%
c -  1.73 20 18 20 42 6445 2 179045 15582 1.4 15 11 5 11 82% 1048 101 236 138%
c u  1.75 21 18 20 42 6455 2 181052 15693 1.4 15 10 5 11 82% 1049 101 236 138%
c v  1.76 21 18 20 42 6455 2 181052 12551 1.4 15 10 5 11 82% 1049 101 236 138%
c w  1.77 21 18 20 42 6455 2 181052 12442 1.4 15 10 5 11 82% 1049 101 236 138%
c x  1.77 21 18 20 42 6455 2 181052 12441 1.4 15 10 5 11 82% 1049 98 236 138%
c o  1.77 21 18 20 42 6455 2 181052 12441 1.4 15 10 5 11 82% 1049 98 236 138%
c -  1.79 21 17 20 43 6502 2 185525 13111 1.4 14 10 5 11 82% 1050 98 236 138%
c -  1.84 21 17 20 44 6522 2 192084 16217 1.4 14 10 5 11 82% 1054 98 236 138%
c -  1.88 21 16 20 45 6596 2 198718 18538 1.4 14 10 5 11 83% 1057 98 236 138%
c
c seconds   switched    rate          size/glue  tier1     binary    remaining
c        MB   reductions  conflicts         size   tier2    irredundant
c         level    restarts      redundant     glue    trail     variables
c
c }  1.89 21 16 21 45 6629 2 200263 19690 1.4 14 10 5 11 83% 1057 98 236 138%
c [  1.89 21 29 21 45 6629 1 200263 19690 1.4 28 20 8 22 81% 1057 98 236 138%
c O  1.89 21 29 21 45 6629 1 200263 19690 1.4 28 20 8 22 81% 1057 98 236 138%
c -  1.92 21 30 21 46 6633 1 205428 19095 1.4 28 20 8 22 81% 1057 98 236 138%
c -  1.99 21 30 21 47 6635 1 212214 19715 1.4 28 20 8 22 81% 1057 98 236 138%
c ]  2.04 21 29 22 47 6639 1 217522 23864 1.4 28 20 8 22 81% 1057 98 236 138%
c {  2.04 21 16 22 47 6639 2 217522 23864 1.4 14 10 5 11 83% 1057 98 236 138%
c -  2.05 21 16 22 48 6652 2 219069 21613 1.4 14 10 5 11 83% 1057 98 236 138%
c -  2.11 21 15 22 49 6652 2 225997 22777 1.5 14 9 5 11 83% 1057 98 236 138%
c u  2.13 21 15 22 49 6652 2 228334 24282 1.5 14 9 5 11 83% 1057 98 236 138%
c v  2.14 21 15 22 49 6652 2 228334 21783 1.5 14 9 5 11 83% 1057 98 236 138%
c w  2.15 21 15 22 49 6652 2 228334 21173 1.5 14 9 5 11 83% 1057 98 236 138%
c x  2.15 21 15 22 49 6652 2 228334 21173 1.5 14 9 5 11 83% 1057 98 236 138%
c -  2.23 22 15 22 50 6652 2 232997 21867 1.5 14 9 5 10 83% 1057 98 236 138%
c -  2.30 22 14 22 51 6652 2 240068 25174 1.5 14 9 5 10 83% 1057 98 236 138%
c -  2.37 22 13 22 52 6652 2 247209 27685 1.6 13 9 5 10 83% 1057 98 236 138%
c }  2.39 22 13 23 52 6652 2 249038 28823 1.6 13 9 5 10 83% 1057 98 236 138%
c [  2.39 22 29 23 52 6652 1 249038 28823 1.4 28 20 8 22 81% 1057 98 236 138%
c B  2.39 22 29 23 52 6652 1 249038 28823 1.4 28 20 8 22 81% 1057 98 236 138%
c o  2.39 22 29 23 52 6652 1 249038 28823 1.4 28 20 8 22 81% 1057 98 236 138%
c
c seconds   switched    rate          size/glue  tier1     binary    remaining
c        MB   reductions  conflicts         size   tier2    irredundant
c         level    restarts      redundant     glue    trail     variables
c
c -  2.44 22 29 23 53 6656 1 254420 29375 1.4 27 20 8 22 82% 1057 98 236 138%
c -  2.51 22 29 23 54 6659 1 261700 30470 1.4 28 20 8 22 82% 1057 98 236 138%
c -  2.60 25 30 23 55 6664 1 269048 30822 1.4 28 21 8 22 82% 1057 98 236 138%
c e  2.61 25 30 23 55 6665 1 269939 31528 1.4 28 21 8 22 82% 1123 130 220 129%
c ^  2.61 25 30 23 55 6665 1 269939 31528 1.4 28 21 8 22 82% 1123 130 220 129%
c ]  2.65 26 30 24 55 6666 1 274237 22757 1.4 28 21 8 22 82% 1123 130 220 129%
c {  2.65 26 13 24 55 6666 2 274237 22757 1.6 13 9 5 10 83% 1123 130 220 129%
c -  2.67 26 13 24 56 6706 2 276467 21914 1.6 13 8 5 10 83% 1123 130 220 129%
c u  2.72 27 13 24 56 6793 2 281789 25495 1.5 13 8 5 10 84% 1125 130 220 129%
c v  2.73 27 13 24 56 6793 2 281789 25421 1.5 13 8 5 10 84% 1125 130 220 129%
c w  2.74 27 13 24 56 6793 2 281789 25089 1.5 13 8 5 10 84% 1125 130 220 129%
c x  2.74 27 13 24 56 6793 2 281789 25088 1.5 13 8 5 10 84% 1125 130 220 129%
c -  2.76 29 13 24 57 6869 2 283950 24667 1.5 13 8 5 10 84% 1125 130 220 129%
c -  2.81 29 13 24 58 7052 2 291503 26622 1.5 13 8 5 10 84% 1128 130 220 129%
c -  2.86 29 13 24 59 7289 2 299118 28634 1.5 13 8 5 10 84% 1132 130 220 129%
c -  2.92 29 12 24 60 7447 2 306799 30444 1.5 12 8 5 9 84% 1141 130 220 129%
c }  2.95 29 12 25 60 7539 2 310915 33308 1.5 12 8 5 9 84% 1149 130 220 129%
c [  2.95 29 30 25 60 7539 1 310915 33308 1.4 28 21 8 22 82% 1149 130 220 129%
c W  2.96 31 30 25 60 7539 1 310915 33308 1.4 28 21 8 22 82% 1149 130 220 129%
c -  2.99 32 30 25 61 7541 1 314545 31461 1.4 28 21 8 23 83% 1149 130 220 129%
c
c seconds   switched    rate          size/glue  tier1     binary     remaining
c        MB   reductions  conflicts         size   tier2     irredundant
c         level    restarts      redundant     glue    trail      variables
c
c -  3.07 35 30 25 62 7545 1 322357 32973 1.4 28 21 8 23 83% 1149 130 220 129%
c -  3.16 35 30 25 63 7551 1 330233 35426 1.4 28 20 8 22 83% 1149 130 220 129%
c ]  3.20 35 29 26 63 7552 1 333076 37738 1.4 28 20 8 22 83% 1149 130 220 129%
c {  3.20 35 12 26 63 7552 2 333076 37738 1.5 12 8 5 9 84% 1149 130 220 129%
c o  3.21 35 12 26 63 7599 2 333690 38157 1.5 12 8 5 9 84% 1149 130 220 129%
c -  3.25 35 12 26 64 7773 2 338171 37248 1.5 12 8 5 9 84% 1150 130 220 129%
c u  3.29 35 12 26 64 7860 2 340760 38945 1.5 12 8 5 9 84% 1151 130 220 129%
c v  3.30 36 12 26 64 7860 2 340760 38840 1.5 12 8 5 9 84% 1151 130 220 129%
c w  3.31 36 12 26 64 7860 2 340760 38745 1.5 12 8 5 9 84% 1151 130 220 129%
c x  3.31 36 12 26 64 7860 2 340760 38745 1.5 12 8 5 9 84% 1151 130 220 129%
c -  3.35 36 12 26 65 8001 2 346172 37346 1.5 12 8 5 9 84% 1153 130 220 129%
c -  3.41 36 12 26 66 8148 2 354234 37692 1.5 12 8 5 9 85% 1159 130 220 129%
c -  3.46 36 12 26 67 8309 2 362362 39309 1.5 12 8 5 9 85% 1170 130 220 129%
c i  3.51 36 12 26 67 8445 2 368189 43458 1.5 12 8 5 9 85% 1186 130 219 128%
c -  3.53 37 12 26 68 8521 2 370547 19751 1.5 12 8 4 9 85% 1140 130 219 128%
c }  3.56 37 11 27 68 8729 2 375295 22965 1.5 11 8 4 9 85% 1141 130 219 128%
c [  3.56 37 29 27 68 8729 1 375295 22965 1.4 28 20 8 22 83% 1141 130 219 128%
c I  3.56 37 29 27 68 8729 1 375295 22965 1.4 28 20 8 22 83% 1141 130 219 128%
c -  3.58 37 29 27 69 8731 1 378794 21948 1.4 28 20 8 22 83% 1141 130 219 128%
c -  3.66 37 30 27 70 8735 1 387101 24531 1.4 28 21 8 23 83% 1141 130 219 128%
c
c seconds   switched    rate          size/glue  tier1     binary     remaining
c        MB   reductions  conflicts         size   tier2     irredundant
c         level    restarts      redundant     glue    trail      variables
c
c -  3.75 37 31 27 71 8741 1 395467 24164 1.4 29 21 8 23 84% 1141 130 219 128%
c -  3.85 37 32 27 72 8743 1 403894 24754 1.4 30 22 8 23 84% 1141 130 219 128%
c e  3.87 37 32 27 72 8743 1 405310 25930 1.4 30 22 8 23 84% 1422 150 197 115%
c !  3.87 37 32 27 72 8743 1 405310 25930 1.4 30 22 8 23 84% 1422 150 197 115%
c ]  3.87 37 32 28 72 8743 1 405671 19014 1.4 30 22 8 23 84% 1422 150 197 115%
c {  3.87 37 11 28 72 8743 2 405671 19014 1.5 11 8 4 9 85% 1422 150 197 115%
c u  3.89 37 11 28 72 8768 2 405880 18555 1.5 11 8 4 9 85% 1423 150 197 115%
c v  3.90 37 11 28 72 8768 2 405880 18357 1.5 11 8 4 9 85% 1423 150 197 115%
c w  3.91 37 11 28 72 8768 2 405880 18326 1.5 11 8 4 9 85% 1423 150 197 115%
c f  3.91 37 11 28 72 8768 2 405880 18326 1.5 11 8 4 9 85% 1406 150 198 116%
c u  3.92 37 11 28 72 8768 2 405880 18115 1.5 11 8 4 9 85% 1408 150 198 116%
c v  3.93 37 11 28 72 8768 2 405880 17731 1.5 11 8 4 9 85% 1408 150 198 116%
c w  3.94 37 11 28 72 8768 2 405880 17558 1.5 11 8 4 9 85% 1408 150 198 116%
c x  3.94 37 11 28 72 8768 2 405880 17557 1.5 11 8 4 9 85% 1408 150 198 116%
c t  3.94 37 11 28 72 8768 2 405880 17557 1.5 11 8 4 9 85% 1406 150 198 116%
c -  3.98 38 11 28 73 8891 2 412380 19591 1.5 11 8 4 9 85% 1409 150 198 116%
c -  4.03 38 11 28 74 9101 2 420924 22599 1.5 11 8 4 9 85% 1415 150 198 116%
c o  4.07 38 11 28 74 9284 2 426577 26382 1.5 11 7 4 9 85% 1421 150 198 116%
c -  4.09 39 11 28 75 9415 2 429526 24153 1.5 11 7 4 9 86% 1422 150 198 116%
c -  4.13 39 11 28 76 9759 2 438189 25458 1.5 11 7 4 9 86% 1427 150 198 116%
c
c seconds   switched     rate          size/glue tier1    binary     remaining
c        MB   reductions   conflicts         size  tier2    irredundant
c         level    restarts       redundant    glue   trail      variables
c
c -  4.19 39 11 28 77 10007 2 446906 26958 1.5 11 7 4 9 86% 1439 150 198 116%
c }  4.22 39 11 29 77 10199 2 453809 31534 1.5 11 7 4 9 86% 1441 150 198 116%
c [  4.22 39 32 29 77 10199 1 453809 31534 1.4 30 22 8 23 84% 1441 150 198 116%
c B  4.22 39 32 29 77 10199 1 453809 31534 1.4 30 22 8 23 84% 1441 150 198 116%
c -  4.24 39 32 29 78 10200 1 455681 28328 1.4 30 22 8 23 84% 1441 150 198 116%
c -  4.31 39 31 29 79 10205 1 464513 30287 1.4 29 21 8 23 84% 1441 150 198 116%
c -  4.39 39 31 29 80 10211 1 473403 31836 1.4 28 21 8 23 84% 1441 150 198 116%
c u  4.41 39 31 29 80 10212 1 475095 33181 1.4 28 21 8 23 84% 1442 150 198 116%
c v  4.42 39 31 29 80 10212 1 475095 32589 1.4 28 21 8 23 84% 1442 150 198 116%
c w  4.43 40 31 29 80 10212 1 475095 31119 1.4 28 21 8 23 84% 1442 150 198 116%
c x  4.43 40 31 29 80 10212 1 475095 31119 1.4 28 21 8 23 84% 1442 150 198 116%
c t  4.49 41 31 29 80 10212 1 475095 31119 1.4 28 21 8 23 84% 1441 150 198 116%
c f  4.49 41 31 29 80 10212 1 475095 31119 1.4 28 21 8 23 84% 1424 150 199 116%
c u  4.50 41 31 29 80 10212 1 475095 31039 1.4 28 21 8 23 84% 1424 150 199 116%
c v  4.51 41 31 29 80 10212 1 475095 30996 1.4 28 21 8 23 84% 1424 150 199 116%
c w  4.52 41 31 29 80 10212 1 475095 30308 1.4 28 21 8 23 84% 1424 150 199 116%
c -  4.58 41 30 29 81 10213 1 482351 30199 1.4 28 20 8 23 85% 1425 150 199 116%
c ]  4.61 41 30 30 81 10213 1 485416 32757 1.4 28 20 8 23 85% 1425 150 199 116%
c {  4.61 41 11 30 81 10213 2 485416 32757 1.5 11 7 4 9 86% 1425 150 199 116%
c -  4.65 41 11 30 82 10433 2 491356 31552 1.5 11 7 4 9 86% 1429 150 199 116%
c
c seconds   switched     rate          size/glue tier1    binary     remaining
c        MB   reductions   conflicts         size  tier2    irredundant
c         level    restarts       redundant    glue   trail      variables
c
c -  4.71 41 11 30 83 10630 2 500412 31877 1.5 11 7 4 9 86% 1442 150 199 116%
c i  4.75 41 11 30 83 10787 1 506106 35732 1.5 11 7 4 9 86% 1457 150 198 116%
c -  4.78 41 11 30 84 10934 1 509523 21390 1.5 11 7 4 9 86% 1406 150 198 116%
c -  4.83 41 11 30 85 11180 1 518689 26160 1.5 10 7 4 9 87% 1413 150 198 116%
c -  4.89 41 10 30 86 11441 1 527908 30609 1.5 10 7 4 9 87% 1425 150 198 116%
c i  4.92 41 10 30 86 11547 1 532780 33952 1.5 10 7 4 9 87% 1447 150 197 115%
c o  4.92 41 10 30 86 11547 1 532780 33952 1.5 10 7 4 9 87% 1447 150 197 115%
c -  4.95 41 10 30 87 11755 1 537181 20411 1.5 10 7 4 9 87% 1397 150 197 115%
c }  4.97 41 10 31 87 11911 1 539851 22174 1.5 10 7 4 9 87% 1399 150 197 115%
c [  4.97 41 30 31 87 11911 1 539851 22174 1.4 28 20 8 23 85% 1399 150 197 115%
c W  4.97 41 30 31 87 11911 1 539851 22174 1.4 28 20 8 23 85% 1399 150 197 115%
c -  5.02 41 30 31 88 11916 1 546510 25647 1.4 28 20 8 23 85% 1399 150 197 115%
c u  5.07 43 30 31 88 11917 1 550547 28592 1.4 28 20 8 23 85% 1400 150 197 115%
c v  5.08 43 30 31 88 11917 1 550547 28429 1.4 28 20 8 23 85% 1400 150 197 115%
c w  5.09 44 30 31 88 11917 1 550547 28035 1.4 28 20 8 23 85% 1400 150 197 115%
c t  5.09 44 30 31 88 11917 1 550547 28035 1.4 28 20 8 23 85% 1399 150 197 115%
c -  5.15 44 30 31 89 11920 1 555890 29197 1.4 28 20 8 23 85% 1399 150 197 115%
c -  5.23 44 29 31 90 11925 1 565326 31440 1.4 28 20 8 23 85% 1399 150 197 115%
c e  5.27 44 30 31 90 11925 1 569583 34953 1.4 28 20 8 23 85% 1407 155 196 115%
c -  5.34 47 29 31 91 11928 1 574813 30672 1.4 28 20 8 23 86% 1407 155 196 115%
c
c seconds   switched     rate          size/glue  tier1     binary     remaining
c        MB   reductions   conflicts         size   tier2     irredundant
c         level    restarts       redundant     glue    trail      variables
c
c ]  5.35 47 29 32 91 11928 1 575976 31552 1.4 28 20 8 23 86% 1407 155 196 115%
c {  5.35 47 10 32 91 11928 1 575976 31552 1.5 10 7 4 9 87% 1407 155 196 115%
c -  5.43 47 10 32 92 12314 1 584352 30284 1.5 10 7 4 9 87% 1410 155 196 115%
c -  5.51 47 10 32 93 12719 1 593943 30733 1.5 10 7 4 9 87% 1419 155 196 115%
c i  5.58 47 10 32 93 12933 1 602283 36512 1.5 10 7 4 9 87% 1444 155 195 114%
c -  5.59 47 10 32 94 12979 1 603586 18768 1.5 10 7 4 9 87% 1397 155 195 114%
c -  5.65 47 10 32 95 13406 1 613284 23114 1.4 10 7 4 8 87% 1401 155 195 114%
c -  5.72 47 10 32 96 13629 1 623030 28176 1.4 10 7 4 8 87% 1423 155 195 114%
c i  5.72 47 10 32 96 13635 1 623329 28329 1.4 10 7 4 8 87% 1433 155 194 113%
c u  5.79 47 10 32 96 13963 1 632718 20820 1.4 10 7 4 8 87% 1451 155 194 113%
c v  5.80 47 10 32 96 13963 1 632718 17483 1.4 10 7 4 8 87% 1450 155 194 113%
c w  5.80 47 10 32 96 13963 1 632718 16777 1.4 10 7 4 8 87% 1450 155 194 113%
c x  5.81 47 10 32 96 13963 1 632718 16773 1.4 10 7 4 8 87% 1450 155 194 113%
c t  5.81 47 10 32 96 13963 1 632718 16773 1.4 10 7 4 8 87% 1445 155 194 113%
c f  5.81 47 10 32 96 13963 1 632718 16773 1.4 10 7 4 8 87% 1371 155 198 116%
c u  5.82 47 10 32 96 13963 1 632718 16399 1.4 10 7 4 8 87% 1372 155 198 116%
c v  5.83 47 10 32 96 13963 1 632718 16365 1.4 10 7 4 8 87% 1372 155 198 116%
c w  5.83 47 10 32 96 13963 1 632718 16360 1.4 10 7 4 8 87% 1372 155 198 116%
c t  5.83 47 10 32 96 13963 1 632718 16360 1.4 10 7 4 8 87% 1371 155 198 116%
c o  5.83 47 10 32 96 13978 1 632790 16419 1.4 10 7 4 8 87% 1371 155 198 116%
c
c seconds   switched     rate          size/glue tier1    binary     remaining
c        MB   reductions   conflicts         size  tier2    irredundant
c         level    restarts       redundant    glue   trail      variables
c
c -  5.83 47 10 32 97 13986 1 632829 16134 1.4 10 7 4 8 87% 1330 155 198 116%
c }  5.86 47 10 33 97 14203 1 637080 19056 1.4 10 7 4 8 87% 1336 155 198 116%
c [  5.86 47 29 33 97 14203 1 637080 19056 1.4 28 20 8 23 86% 1336 155 198 116%
c O  5.86 47 29 33 97 14203 1 637080 19056 1.4 28 20 8 23 86% 1336 155 198 116%
c -  5.90 47 29 33 98 14207 1 642677 23104 1.4 27 20 8 23 86% 1336 155 198 116%
c -  5.99 47 28 33 99 14212 1 652577 29961 1.4 27 19 8 22 86% 1336 155 198 116%
c -  6.09 47 28 33 100 14217 1 662526 32915 1.4 26 19 8 22 86% 1337 155 198 116%
c -  6.19 48 28 33 101 14220 1 672529 32627 1.4 27 19 8 22 86% 1337 155 198 116%
c -  6.30 48 29 33 102 14225 1 682579 31185 1.4 27 20 8 22 86% 1337 155 198 116%
c ]  6.30 48 29 34 102 14225 1 682979 31505 1.4 27 20 8 22 86% 1337 155 198 116%
c {  6.30 48 10 34 102 14225 1 682979 31505 1.4 10 7 4 8 87% 1337 155 198 116%
c -  6.44 48 11 34 103 16194 2 692678 32772 1.4 11 8 4 9 87% 1337 155 198 116%
c -  6.58 48 12 34 104 18168 2 702826 33608 1.4 12 8 4 9 87% 1337 155 198 116%
c -  6.73 48 12 34 105 20138 2 713024 33598 1.4 12 9 4 9 87% 1337 155 198 116%
c u  6.88 48 13 34 105 21746 2 721714 38948 1.4 13 9 4 9 87% 1341 155 198 116%
c v  6.92 48 13 34 105 21746 2 721714 37865 1.4 13 9 4 9 87% 1341 155 198 116%
c w  6.93 48 13 34 105 21746 2 721714 37088 1.4 13 9 4 9 87% 1341 155 198 116%
c t  6.93 48 13 34 105 21746 2 721714 37088 1.4 13 9 4 9 87% 1335 155 198 116%
c -  6.96 48 13 34 106 22059 2 723270 31805 1.4 13 9 4 9 87% 1335 155 198 116%
c -  7.11 48 13 34 107 23918 2 733565 31373 1.4 13 10 4 9 87% 1335 155 198 116%
c
c seconds   switched      rate          size/glue  tier1    binary     remaining
c        MB   reductions    conflicts         size   tier2    irredundant
c         level     restarts       redundant     glue   trail      variables
c
c o  7.22 48 13 34 107 25283 2 742860 37448 1.4 13 10 4 9 87% 1335 155 198 116%
c -  7.23 48 13 34 108 25480 2 743909 30636 1.4 13 10 4 9 87% 1335 155 198 116%
c }  7.33 48 14 35 108 26573 2 751126 35659 1.4 14 10 4 9 87% 1335 155 198 116%
c [  7.33 48 29 35 108 26573 1 751126 35659 1.4 27 20 8 22 86% 1335 155 198 116%
c B  7.33 48 29 35 108 26573 1 751126 35659 1.4 27 20 8 22 86% 1335 155 198 116%
c -  7.37 48 29 35 109 26575 1 754301 30037 1.4 27 20 8 22 86% 1335 155 198 116%
c -  7.50 48 28 35 110 26581 1 764742 29724 1.4 27 19 7 22 86% 1335 155 198 116%
c e  7.57 48 28 35 110 26585 1 770703 34632 1.4 27 19 7 22 86% 1394 155 194 113%
c -  7.63 50 27 35 111 26586 1 775232 30013 1.4 27 19 7 22 86% 1394 155 194 113%
c -  7.75 50 27 35 112 26589 1 785767 30621 1.4 26 19 7 22 86% 1395 155 194 113%
c -  7.88 51 27 35 113 26594 1 796352 30267 1.4 26 18 7 21 86% 1395 155 194 113%
c i  8.01 51 26 35 113 26601 1 806886 38310 1.4 25 18 7 21 86% 1401 155 184 108%
c -  8.01 51 26 35 114 26601 1 806984 11520 1.4 25 18 7 21 86% 1239 155 184 108%
c W  8.02 51 26 35 114 26601 1 808713 13044 1.4 25 18 7 21 86% 1234 151 184 108%
c -  8.09 51 26 35 115 26603 1 817662 17295 1.4 25 18 7 21 86% 1234 151 184 108%
c u  8.12 52 26 35 115 26603 1 817842 17043 1.4 25 17 7 21 86% 1235 151 184 108%
c v  8.14 52 26 35 115 26603 1 817842 16584 1.4 25 17 7 21 86% 1235 151 184 108%
c w  8.15 52 26 35 115 26603 1 817842 15048 1.4 25 17 7 21 86% 1235 151 184 108%
c x  8.15 52 26 35 115 26603 1 817842 15047 1.4 25 17 7 21 86% 1235 151 184 108%
c t  8.34 56 26 35 115 26603 1 817842 15047 1.4 25 17 7 21 86% 1234 151 184 108%
c
c seconds   switched      rate          size/glue  tier1     binary     remaining
c        MB   reductions    conflicts         size   tier2     irredundant
c         level     restarts       redundant     glue    trail      variables
c
c i  8.37 56 26 35 115 26603 1 821036 17301 1.4 25 17 7 21 86% 1239 151 183 107%
c -  8.43 56 26 35 116 26603 1 828386 13494 1.4 25 18 7 21 86% 1220 151 183 107%
c -  8.53 56 26 35 117 26608 1 839160 19173 1.4 25 18 7 21 86% 1220 151 183 107%
c ]  8.58 56 26 36 117 26610 1 844131 23027 1.4 25 18 7 21 86% 1220 151 183 107%
c {  8.58 56 14 36 117 26610 2 844131 23027 1.4 14 10 4 9 87% 1220 151 183 107%
c i  8.60 56 14 36 117 26627 2 845887 24252 1.4 14 10 4 9 87% 1233 151 182 106%
c -  8.64 57 14 36 118 26667 2 849976 16028 1.4 13 10 4 9 87% 1205 151 182 106%
c i  8.68 57 13 36 118 26706 2 854986 19458 1.4 13 10 4 9 87% 1217 151 181 106%
c -  8.73 57 13 36 119 26747 2 860841 13604 1.4 13 10 4 9 87% 1189 151 181 106%
c i  8.79 57 13 36 119 26870 2 868781 19203 1.4 13 9 4 9 87% 1206 151 180 105%
c o  8.79 57 13 36 119 26870 2 868781 19203 1.4 13 9 4 9 87% 1206 151 180 105%
c -  8.81 57 13 36 120 26890 2 871752 12014 1.4 13 9 4 9 87% 1184 151 180 105%
c i  8.81 57 13 36 120 26890 2 872068 12245 1.4 13 9 4 9 87% 1187 151 179 105%
c i  8.87 57 13 36 120 26973 2 879555 17429 1.4 13 9 4 9 87% 1203 151 178 104%
c -  8.89 57 13 36 121 26980 2 882706 10734 1.4 13 9 4 9 87% 1154 151 178 104%
c i  8.91 57 13 36 121 26996 2 886154 13112 1.4 13 9 4 9 87% 1166 151 177 104%
c i  8.96 57 13 36 121 27108 2 893103 18200 1.4 13 9 4 9 87% 1176 151 176 103%
c -  8.97 57 12 36 122 27116 2 893706 8832 1.4 13 9 4 9 87% 1132 151 176 103%
c i  9.04 57 12 36 122 27230 2 903975 15904 1.4 13 9 4 9 86% 1147 151 175 102%
c -  9.05 57 12 36 123 27258 2 904752 8504 1.4 13 9 4 9 86% 1122 151 175 102%
c
c seconds   switched      rate          size/glue tier1    binary     remaining
c        MB   reductions    conflicts         size  tier2    irredundant
c         level     restarts       redundant    glue   trail      variables
c
c i  9.08 57 12 36 123 27321 2 909732 12071 1.4 12 9 4 9 86% 1134 151 174 102%
c i  9.09 57 12 36 123 27322 2 910627 12732 1.4 12 9 4 9 86% 1142 151 173 101%
c i  9.11 57 12 36 123 27387 2 914199 15375 1.4 12 9 4 9 86% 1155 151 172 101%
c -  9.13 57 12 36 124 27418 2 915844 8222 1.4 12 9 4 9 86% 1065 151 172 101%
c }  9.15 57 12 37 124 27464 2 919691 11055 1.4 12 9 4 9 86% 1070 151 172 101%
c [  9.15 57 26 37 124 27464 1 919691 11055 1.4 25 18 7 21 86% 1070 151 172 101%
c I  9.15 57 26 37 124 27464 1 919691 11055 1.4 25 18 7 21 86% 1070 151 172 101%
c i  9.17 57 26 37 124 27466 1 921766 12600 1.4 25 17 7 21 86% 1076 151 171 100%
c u  9.19 57 26 37 124 27466 1 922151 10242 1.4 25 17 7 21 86% 1085 141 171 100%
c v  9.20 57 26 37 124 27466 1 922151 8360 1.4 25 17 7 21 86% 1085 141 171 100%
c w  9.21 57 26 37 124 27466 1 922151 7863 1.4 25 17 7 21 86% 1085 141 171 100%
c x  9.21 57 26 37 124 27466 1 922151 7862 1.4 25 17 7 21 86% 1085 141 171 100%
c t  9.21 57 26 37 124 27466 1 922151 7862 1.4 25 17 7 21 86% 1075 141 171 100%
c -  9.25 57 25 37 125 27469 1 926979 11206 1.4 24 17 7 21 86% 1056 141 171 100%
c i  9.25 57 25 37 125 27470 1 927942 11870 1.4 24 17 7 21 86% 1060 141 170 99%
c -  9.34 57 25 37 126 27475 1 938159 14313 1.4 24 17 7 21 86% 1043 141 170 99%
c -  9.47 57 25 37 127 27478 1 949383 21885 1.4 24 17 6 21 86% 1043 141 170 99%
c i  9.57 57 24 37 127 27483 1 957776 28148 1.4 24 16 6 21 86% 1049 141 136 80%
c i  9.60 57 24 37 127 27484 1 960567 30144 1.4 23 16 6 21 86% 1053 141 107 63%
c -  9.61 57 24 37 128 27484 1 960653 3514 1.4 23 16 6 20 86% 522 86 107 63%
c
c seconds   switched      rate         size/glue  tier1    binary   remaining
c        MB   reductions    conflicts        size   tier2   irredundant
c         level     restarts      redundant     glue    trail   variables
c
c i  9.61 57 24 37 128 27485 1 960898 3663 1.4 23 16 6 20 86% 525 86 85 50%
c i  9.61 57 24 37 128 27485 1 960922 3675 1.4 23 16 6 20 86% 527 86 79 46%
c ]  9.61 57 24 37 128 27485 1 960928 3676 1.4 23 16 6 20 86% 528 86 30 18%
c 0  9.61 57 12 37 128 27485 2 960928 3676 1.4 12 9 4 9 86% 528 86 30 18%
c
c ---- [ result ] ------------------------------------------------------------
c
s UNSATISFIABLE
c
c ---- [ profiling ] ---------------------------------------------------------
c
c           8.61   89.64 %  search
c           4.42   46.01 %  focused
c           4.19   43.63 %  stable
c           0.98   10.16 %  simplify
c           0.97   10.12 %  probe
c           0.59    6.13 %  vivify
c           0.34    3.56 %  sweep
c           0.21    2.14 %  reduce
c           0.03    0.27 %  substitute
c           0.02    0.20 %  preprocess
c           0.01    0.12 %  eliminate
c           0.01    0.11 %  walking
c           0.01    0.08 %  factor
c           0.00    0.04 %  transitive
c           0.00    0.02 %  backbone
c           0.00    0.02 %  congruence
c           0.00    0.01 %  subsume
c           0.00    0.00 %  parse
c           0.00    0.00 %  lucky
c =============================================
c           9.61  100.00 %  total
c
c ---- [ statistics ] --------------------------------------------------------
c
c conflicts:                           960928            99997.30 per second
c decisions:                          1433994                1.49 per conflict
c eliminated:                             114               67 %  variables
c factored:                               142               83 %  variables
c iterations:                              25               15 %  variables
c propagations:                      35275773          3670912    per second
c reductions:                             128             7507    interval
c reordered:                               13            73918    interval
c rephased:                                21            45758    interval
c restarts:                             27485               35    interval
c strengthened:                           163                3 %  checks
c switched:                                37            25971    interval
c vivified:                             51397               84 %  checks
c walks:                                    7           137275    interval
c
c ---- [ glue usage ] --------------------------------------------------------
c
c focused glue 4   used 322622 clauses 17.78% accumulated 56.54% tier1
c focused glue 5   used 218321 clauses 12.03% accumulated 68.58%
c focused glue 6-7 used 273713 clauses 15.09% accumulated 83.66%
c focused glue 8   used  77915 clauses  4.29% accumulated 87.96%
c focused glue 9   used  56302 clauses  3.10% accumulated 91.06% tier2
c
c stable glue 6    used  96185 clauses  5.33% accumulated 51.16% tier1
c stable glue 7    used  94717 clauses  5.25% accumulated 56.40%
c stable glue 8-18 used 558389 clauses 30.92% accumulated 87.33%
c stable glue 19   used  25980 clauses  1.44% accumulated 88.77%
c stable glue 20   used  23916 clauses  1.32% accumulated 90.09% tier2
c
c ---- [ resources ] ---------------------------------------------------------
c
c maximum-resident-set-size:      60968402944 bytes      58144 MB
c process-time:                            10s               9.61 seconds
c
c ---- [ shutting down ] -----------------------------------------------------
c
c exit 20
