c ---- [ banner ] ------------------------------------------------------------
c
c Kissat SAT Solver
c 
c Copyright (c) 2021-2024 Armin Biere University of Freiburg
c Copyright (c) 2019-2021 Armin Biere Johannes Kepler University Linz
c 
c Version 4.0.4 8af8e56f174b778aef3aa45af9f739b2a5f492c2
c Apple clang version 17.0.0 (clang-1700.6.3.2) -W -Wall -O3 -DNDEBUG
c Mon Mar 30 18:25:47 CEST 2026 Darwin Mac 24.6.0 arm64
c
c ---- [ parsing ] -----------------------------------------------------------
c
c opened and reading DIMACS file:
c
c   tmp.cnf
c
c parsed 'p cnf 120 151008' header
c closing input after reading 4791518 bytes (5 MB)
c finished parsing after 0.02 seconds
c
c ---- [ solving ] -----------------------------------------------------------
c
c seconds switched rate     size/glue tier1 binary        remaining
c        MB reductions conflicts size  tier2   irredundant
c         level restarts redundant glue  trail        variables
c
c *  0.02 26 0 0 0  0 0   0   0 0.0 0 0 0 0 0%   0 151008 120 100%
c (  0.02 33 0 0 0  0 0   0   0 0.0 0 0 0 0 0%   0 151008 120 100%
c .  0.02 33 0 0 0  0 0   0   0 0.0 0 0 0 0 0%   0 151008 120 100%
c f  0.24 40 0 0 0  0 0   0   0 0.0 0 0 0 0 0% 495 144526 356 297%
c )  0.24 42 0 0 0  0 0   0   0 0.0 0 0 0 0 0% 495 144526 356 297%
c {  0.24 46 0 0 0  0 0   0   0 0.0 0 0 2 6 0% 495 144526 356 297%
c -  0.27 48 18 0 1 95 1 1000 596 1.5 17 11 10 14 70% 495 144526 356 297%
c }  0.27 48 18 1 1 95 1 1000 596 1.5 17 11 10 14 70% 495 144526 356 297%
c [  0.27 48 0 1 1 95 0 1000 596 0.0 0 0 2 6 0% 495 144526 356 297%
c B  0.27 48 20 1 1 95 6 1002 598 1.6 15 10 2 6 74% 495 144526 356 297%
c -  0.28 47 26 1 2 95 1 2000 1419 1.7 23 14 10 17 82% 495 144526 356 297%
c W  0.29 57 26 1 2 95 1 2004 1423 1.7 23 14 10 17 82% 495 144526 356 297%
c u  0.30 57 24 1 2 96 1 2513 1851 1.6 22 14 10 17 77% 495 144526 356 297%
c v  0.31 57 24 1 2 96 1 2513 1846 1.6 22 14 10 17 77% 495 144526 356 297%
c w  0.31 58 24 1 2 96 1 2513 1843 1.6 22 14 10 17 77% 495 144526 356 297%
c x  0.31 58 24 1 2 96 1 2513 1843 1.6 22 14 10 17 77% 495 144518 356 297%
c t  0.32 59 24 1 2 96 1 2513 1843 1.6 22 14 10 17 77% 480 144518 356 297%
c f  0.32 59 24 1 2 96 1 2513 1843 1.6 22 14 10 17 77% 499 144479 365 304%
c u  0.33 63 24 1 2 96 1 2513 1843 1.6 22 14 10 17 77% 499 144479 365 304%
c v  0.33 64 24 1 2 96 1 2513 1840 1.6 22 14 10 17 77% 499 144479 365 304%
c
c seconds  switched rate       size/glue  tier1     binary        remaining
c        MB reductions conflicts     size    tier2     irredundant
c         level restarts  redundant     glue     trail        variables
c
c w  0.34 64 24 1 2 96 1 2513 1840 1.6 22 14 10 17 77% 499 144479 365 304%
c x  0.34 64 24 1 2 96 1 2513 1840 1.6 22 14 10 17 77% 499 144470 365 304%
c t  0.36 71 24 1 2 96 1 2513 1840 1.6 22 14 10 17 77% 495 144470 365 304%
c f  0.36 71 24 1 2 96 1 2513 1840 1.6 22 14 10 17 77% 513 144431 372 310%
c ]  0.36 71 24 2 2 96 1 2513 1840 1.6 22 14 10 17 77% 513 144431 372 310%
c {  0.36 71 18 2 2 96 1 2513 1840 1.5 17 11 10 14 70% 513 144431 372 310%
c -  0.39 71 17 2 3 117 1 3418 2417 1.6 17 11 10 14 68% 513 144431 372 310%
c }  0.39 71 17 3 3 119 1 3513 2502 1.6 17 11 10 14 67% 513 144431 372 310%
c [  0.39 71 24 3 3 119 1 3513 2502 1.6 22 14 10 17 77% 513 144431 372 310%
c I  0.41 71 20 3 3 119 1 4263 3051 1.6 19 12 10 17 70% 513 144431 372 310%
c ]  0.42 78 19 4 3 120 1 4676 3363 1.6 19 12 10 17 69% 513 144431 372 310%
c {  0.42 78 17 4 3 120 1 4676 3363 1.6 17 11 10 14 67% 513 144431 372 310%
c -  0.44 80 16 4 4 120 1 5151 3296 1.6 16 10 9 14 67% 513 144431 372 310%
c }  0.48 79 15 5 4 231 1 7028 4820 1.7 17 10 8 13 66% 513 144431 372 310%
c [  0.48 79 19 5 4 231 1 7028 4820 1.6 19 12 10 17 69% 513 144431 372 310%
c -  0.48 80 18 5 5 231 1 7152 4266 1.6 18 12 9 16 69% 513 144431 372 310%
c u  0.50 80 17 5 5 231 1 7738 4648 1.6 17 11 9 16 69% 513 144431 372 310%
c v  0.50 80 17 5 5 231 1 7738 4639 1.6 17 11 9 16 69% 513 144431 372 310%
c w  0.51 80 17 5 5 231 1 7738 4620 1.6 17 11 9 16 69% 513 144431 372 310%
c x  0.51 87 17 5 5 231 1 7738 4620 1.6 17 11 9 16 69% 516 144407 372 310%
c
c seconds  switched  rate       size/glue  tier1    binary        remaining
c        MB reductions conflicts      size   tier2     irredundant
c         level restarts   redundant     glue    trail        variables
c
c t  0.51 87 17 5 5 231 1 7738 4620 1.6 17 11 9 16 69% 515 144407 368 307%
c b  0.51 87 17 5 5 231 1 7738 4620 1.6 17 11 9 16 69% 515 144407 366 305%
c f  0.52 87 17 5 5 231 1 7738 4620 1.6 17 11 9 16 69% 537 144373 377 314%
c u  0.53 93 17 5 5 231 1 7738 4597 1.6 17 11 9 16 69% 537 144373 377 314%
c v  0.53 93 17 5 5 231 1 7738 4549 1.6 17 11 9 16 69% 537 144373 377 314%
c w  0.54 93 17 5 5 231 1 7738 4544 1.6 17 11 9 16 69% 537 144373 377 314%
c x  0.54 94 17 5 5 231 1 7738 4544 1.6 17 11 9 16 69% 539 144347 377 314%
c t  0.55 94 17 5 5 231 1 7738 4544 1.6 17 11 9 16 69% 535 144347 377 314%
c b  0.55 94 17 5 5 231 1 7738 4544 1.6 17 11 9 16 69% 535 144347 375 312%
c f  0.55 94 17 5 5 231 1 7738 4544 1.6 17 11 9 16 69% 566 144300 390 325%
c B  0.56 94 16 5 5 231 1 8034 4723 1.6 17 11 9 16 69% 566 144300 390 325%
c -  0.58 94 16 5 6 233 1 9388 5088 1.6 17 11 8 14 70% 544 144300 390 325%
c ]  0.59 94 15 6 6 233 1 10057 5546 1.6 16 10 8 14 70% 544 144300 390 325%
c {  0.59 94 15 6 6 233 1 10057 5546 1.7 17 10 8 13 66% 544 144300 390 325%
c -  0.63 94 13 6 7 233 1 11837 6296 1.7 16 9 8 12 67% 544 144300 390 325%
c s  0.65 96 13 6 7 233 1 12558 6751 1.7 15 9 8 12 67% 544 131333 390 325%
c e  0.66 96 13 6 7 233 1 12558 6751 1.7 15 9 8 12 67% 283 131436 244 203%
c 2  0.66 96 13 6 7 233 1 12558 6751 1.7 15 9 8 12 67% 281 131436 244 203%
c s  0.67 96 13 6 7 233 1 12558 6751 1.7 15 9 8 12 67% 281 130810 244 203%
c e  0.67 96 13 6 7 233 1 12558 6751 1.7 15 9 8 12 67% 265 130824 236 197%
c
c seconds  switched  rate        size/glue tier1    binary        remaining
c        MB reductions conflicts       size  tier2     irredundant
c         level restarts    redundant    glue    trail        variables
c
c ^  0.67 96 13 6 7 233 1 12558 6751 1.7 15 9 8 12 67% 265 130824 236 197%
c o  0.67 96 13 6 7 233 1 12558 6700 1.7 15 9 8 12 67% 265 130824 236 197%
c i  0.70 96 13 6 7 321 1 13772 7744 1.7 16 9 8 12 65% 267 130824 234 195%
c }  0.71 97 13 7 7 354 1 14128 8035 1.7 16 9 8 12 65% 268 130824 234 195%
c [  0.71 97 15 7 7 354 1 14128 8035 1.6 16 10 8 14 70% 268 130824 234 195%
c W  0.71 97 15 7 7 354 1 14128 8035 1.6 16 10 8 14 70% 263 130824 234 195%
c -  0.73 97 15 7 8 354 1 14482 7667 1.6 16 10 8 14 69% 263 130824 234 195%
c u  0.77 97 16 7 8 355 1 15852 8881 1.6 18 11 8 14 70% 265 130824 234 195%
c v  0.78 97 16 7 8 355 1 15852 8876 1.6 18 11 8 14 70% 265 130824 234 195%
c w  0.78 97 16 7 8 355 1 15852 8852 1.6 18 11 8 14 70% 265 130824 234 195%
c x  0.79 98 16 7 8 355 1 15852 8851 1.6 18 11 8 14 70% 269 130819 234 195%
c t  0.83 103 16 7 8 355 1 15852 8851 1.6 18 11 8 14 70% 258 130819 234 195%
c f  0.83 103 16 7 8 355 1 15852 8851 1.6 18 11 8 14 70% 261 130812 236 197%
c u  0.84 108 16 7 8 355 1 15852 8841 1.6 18 11 8 14 70% 261 130812 236 197%
c v  0.85 108 16 7 8 355 1 15852 8719 1.6 18 11 8 14 70% 261 130812 236 197%
c w  0.85 109 16 7 8 355 1 15852 8719 1.6 18 11 8 14 70% 261 130812 236 197%
c x  0.86 109 16 7 8 355 1 15852 8719 1.6 18 11 8 14 70% 263 130795 236 197%
c -  0.89 109 17 7 9 356 1 17311 9104 1.6 18 12 9 16 69% 263 130795 236 197%
c ]  0.91 109 18 8 9 357 1 18460 10113 1.6 19 12 9 16 68% 263 130795 236 197%
c {  0.91 109 13 8 9 357 1 18460 10113 1.7 16 9 8 12 65% 263 130795 236 197%
c
c seconds   switched   rate         size/glue  tier1    binary        remaining
c         MB  reductions conflicts        size   tier2     irredundant
c          level  restarts     redundant     glue    trail        variables
c
c -  0.96 110 13 8 10 829 1 20313 10383 1.7 16 10 8 12 63% 263 130795 236 197%
c -  1.03 110 13 8 11 1260 1 23475 11780 1.7 16 10 8 12 61% 263 130795 236 197%
c o  1.04 111 13 8 11 1295 1 23880 12127 1.7 16 10 8 12 61% 263 130795 236 197%
c }  1.06 111 14 9 11 1466 2 24619 12750 1.6 16 10 8 12 61% 263 130795 236 197%
c [  1.06 111 18 9 11 1466 1 24619 12750 1.6 19 12 9 16 68% 263 130795 236 197%
c O  1.06 111 18 9 11 1466 1 24619 12750 1.6 19 12 9 16 68% 263 130795 236 197%
c s  1.08 112 17 9 11 1466 1 25089 13068 1.6 19 12 9 16 67% 263 129458 236 197%
c e  1.09 111 17 9 11 1466 1 25089 13068 1.6 19 12 9 16 67% 173 129556 184 153%
c s  1.10 111 17 9 11 1466 1 25089 13068 1.6 19 12 9 16 67% 173 129346 184 153%
c e  1.10 111 17 9 11 1466 1 25089 13068 1.6 19 12 9 16 67% 168 129351 182 152%
c ^  1.10 111 17 9 11 1466 1 25089 13068 1.6 19 12 9 16 67% 168 129351 182 152%
c -  1.15 112 16 9 12 1468 1 26791 12613 1.6 18 11 8 16 66% 169 129351 182 152%
c b  1.16 112 16 9 12 1468 1 27005 12776 1.6 18 11 8 16 66% 169 129351 181 151%
c u  1.17 112 16 9 12 1468 1 27005 12758 1.6 18 11 8 16 66% 171 129351 181 151%
c v  1.18 112 16 9 12 1468 1 27005 12660 1.6 18 11 8 16 66% 171 129351 181 151%
c w  1.18 112 16 9 12 1468 1 27005 12628 1.6 18 11 8 16 66% 171 129351 181 151%
c x  1.19 112 16 9 12 1468 1 27005 12628 1.6 18 11 8 16 66% 184 129299 180 150%
c t  1.19 112 16 9 12 1468 1 27005 12473 1.6 18 11 8 16 66% 173 122217 180 150%
c b  1.19 112 16 9 12 1468 1 27005 12473 1.6 18 11 8 16 66% 173 122217 179 149%
c f  1.19 112 16 9 12 1468 1 27005 12473 1.6 18 11 8 16 66% 188 122162 187 156%
c
c seconds   switched    rate         size/glue  tier1    binary        remaining
c         MB  reductions  conflicts        size   tier2     irredundant
c          level   restarts     redundant     glue    trail        variables
c
c b  1.19 113 16 9 12 1468 1 27005 12473 1.6 18 11 8 16 66% 188 122162 186 155%
c u  1.20 113 16 9 12 1468 1 27005 12459 1.6 18 11 8 16 66% 188 122162 186 155%
c v  1.21 113 16 9 12 1468 1 27005 12355 1.6 18 11 8 16 66% 192 122162 186 155%
c w  1.22 113 16 9 12 1468 1 27005 12349 1.6 18 11 8 16 66% 192 122162 186 155%
c x  1.22 114 16 9 12 1468 1 27005 12349 1.6 18 11 8 16 66% 196 121997 186 155%
c t  1.23 114 16 9 12 1468 1 27005 12349 1.6 18 11 8 16 66% 189 121997 186 155%
c f  1.23 114 16 9 12 1468 1 27005 12349 1.6 18 11 8 16 66% 192 121987 188 157%
c i  1.23 114 16 9 12 1468 1 27005 12349 1.6 18 11 8 16 66% 192 121987 188 157%
c -  1.28 114 17 9 13 1470 1 30255 13527 1.7 19 11 8 16 70% 175 121987 188 157%
c ]  1.30 114 18 10 13 1471 1 31110 14302 1.7 19 11 8 16 70% 175 121987 188 157%
c {  1.30 114 14 10 13 1471 2 31110 14302 1.6 16 10 8 12 61% 175 121987 188 157%
c -  1.36 114 14 10 14 1926 2 33860 15125 1.6 16 10 8 13 60% 175 121987 188 157%
c -  1.45 114 15 10 15 2285 2 37601 16601 1.6 17 10 8 13 60% 176 121987 188 157%
c }  1.50 114 15 11 15 2363 2 39737 18438 1.6 17 10 8 13 60% 176 121987 188 157%
c [  1.50 114 18 11 15 2363 1 39737 18438 1.7 19 11 8 16 70% 176 121987 188 157%
c B  1.50 114 18 11 15 2363 1 39737 18438 1.7 19 11 8 16 70% 176 121987 188 157%
c c  1.54 114 19 11 15 2364 1 41351 19803 1.6 20 12 8 16 72% 178 110950 187 156%
c d  1.54 114 19 11 15 2364 1 41351 19357 1.6 20 12 8 16 72% 176 110950 187 156%
c b  1.54 114 19 11 15 2364 1 41351 19357 1.6 20 12 8 16 72% 176 110950 184 153%
c u  1.56 114 19 11 15 2364 1 41351 19340 1.6 20 12 8 16 72% 176 110950 184 153%
c
c seconds    switched    rate         size/glue  tier1    binary        remaining
c         MB   reductions  conflicts        size   tier2     irredundant
c          level    restarts     redundant     glue    trail        variables
c
c v  1.57 114 19 11 15 2364 1 41351 19293 1.6 20 12 8 16 72% 179 110950 184 153%
c w  1.57 114 19 11 15 2364 1 41351 19285 1.6 20 12 8 16 72% 177 110950 184 153%
c x  1.58 114 19 11 15 2364 1 41351 19282 1.6 20 12 8 16 72% 183 110495 184 153%
c =  1.62 116 19 11 15 2364 1 41351 19282 1.6 20 12 8 16 72% 188 104572 179 149%
c d  1.62 116 19 11 15 2364 1 41351 18764 1.6 20 12 8 16 72% 187 104199 179 149%
c t  1.62 116 19 11 15 2364 1 41351 18764 1.6 20 12 8 16 72% 173 104199 179 149%
c f  1.63 116 19 11 15 2364 1 41351 18764 1.6 20 12 8 16 72% 216 103894 205 171%
c b  1.63 116 19 11 15 2364 1 41351 18764 1.6 20 12 8 16 72% 216 103894 199 166%
c u  1.64 116 19 11 15 2364 1 41351 18720 1.6 20 12 8 16 72% 216 103894 199 166%
c v  1.65 116 19 11 15 2364 1 41351 18536 1.6 20 12 8 16 72% 218 103894 199 166%
c w  1.66 116 19 11 15 2364 1 41351 18536 1.6 20 12 8 16 72% 218 103894 199 166%
c x  1.67 117 19 11 15 2364 1 41351 18533 1.6 20 12 8 16 72% 221 103439 199 166%
c t  1.67 117 19 11 15 2364 1 41351 18533 1.6 20 12 8 16 72% 215 103439 199 166%
c b  1.67 117 19 11 15 2364 1 41351 18533 1.6 20 12 8 16 72% 215 103439 198 165%
c -  1.68 117 19 11 16 2364 1 41473 16474 1.6 20 12 8 17 72% 176 103439 198 165%
c -  1.74 115 21 11 17 2367 1 45474 17093 1.6 21 13 9 18 74% 176 103439 198 165%
c -  1.82 118 20 11 18 2369 1 49599 18454 1.6 21 13 9 17 71% 176 103439 198 165%
c W  1.86 118 20 11 18 2369 1 51960 20449 1.6 21 13 9 17 69% 176 103421 198 165%
c o  1.86 118 20 11 18 2369 1 51960 20449 1.6 21 13 9 17 69% 176 103421 198 165%
c s  1.88 118 20 11 18 2370 1 52252 20680 1.6 21 13 9 17 70% 176 101851 198 165%
c
c seconds    switched    rate         size/glue  tier1    binary        remaining
c         MB   reductions  conflicts        size   tier2     irredundant
c          level    restarts     redundant     glue    trail        variables
c
c e  1.89 118 20 11 18 2370 1 52252 20680 1.6 21 13 9 17 70% 105 101888 149 124%
c s  1.91 118 20 11 18 2370 1 52252 20680 1.6 21 13 9 17 70% 107 101539 149 124%
c e  1.91 118 20 11 18 2370 1 52252 20680 1.6 21 13 9 17 70%  97 101553 144 120%
c ^  1.91 118 20 11 18 2370 1 52252 20680 1.6 21 13 9 17 70%  97 101553 144 120%
c ]  1.92 118 20 12 18 2370 1 52568 20751 1.6 21 13 9 17 70%  97 101553 144 120%
c {  1.92 118 15 12 18 2370 2 52568 20751 1.6 17 10 8 13 60%  97 101553 144 120%
c -  1.96 118 15 12 19 2610 2 53841 19818 1.6 17 10 8 13 59%  97 101553 144 120%
c -  2.04 118 14 12 20 2872 2 58201 20765 1.6 16 10 8 13 58%  97 101553 144 120%
c u  2.08 124 14 12 20 2919 2 58977 20971 1.6 16 10 8 13 58% 100 101553 144 120%
c v  2.09 124 14 12 20 2919 2 58977 20711 1.6 16 10 8 13 58% 100 101553 144 120%
c w  2.09 124 14 12 20 2919 2 58977 20708 1.6 16 10 8 13 58% 100 101553 144 120%
c x  2.10 125 14 12 20 2919 2 58977 20707 1.6 16 10 8 13 58% 100 101307 144 120%
c t  2.16 128 14 12 20 2919 2 58977 20707 1.6 16 10 8 13 58%  99 101307 144 120%
c f  2.16 128 14 12 20 2919 2 58977 20707 1.6 16 10 8 13 58% 106 101261 149 124%
c u  2.18 128 14 12 20 2919 2 58977 20700 1.6 16 10 8 13 58% 106 101261 149 124%
c v  2.19 128 14 12 20 2919 2 58977 20669 1.6 16 10 8 13 58% 106 101261 149 124%
c w  2.19 128 14 12 20 2919 2 58977 20663 1.6 16 10 8 13 58% 106 101261 149 124%
c x  2.20 128 14 12 20 2919 2 58977 20662 1.6 16 10 8 13 58% 108 101009 149 124%
c t  2.20 128 14 12 20 2919 2 58977 20662 1.6 16 10 8 13 58% 106 101009 149 124%
c -  2.27 128 14 12 21 3012 2 62673 21238 1.6 16 10 8 13 57% 106 101009 149 124%
c
c seconds    switched    rate         size/glue  tier1    binary        remaining
c         MB   reductions  conflicts        size   tier2     irredundant
c          level    restarts     redundant     glue    trail        variables
c
c }  2.30 128 14 13 21 3014 2 64047 22326 1.6 16 10 8 13 56% 106 101009 149 124%
c [  2.30 128 20 13 21 3014 1 64047 22326 1.6 21 13 9 17 70% 106 101009 149 124%
c I  2.34 128 19 13 21 3016 1 66864 24584 1.6 20 13 9 17 69% 106 101009 149 124%
c -  2.35 128 19 13 22 3016 1 67255 22669 1.6 20 13 9 17 69% 106 101009 149 124%
c -  2.44 128 19 13 23 3019 1 71946 24426 1.6 20 12 9 16 66% 106 101009 149 124%
c -  2.52 128 19 13 24 3021 1 76741 26278 1.6 20 12 8 16 66% 106 101009 149 124%
c ]  2.53 128 19 14 24 3022 1 77603 26982 1.6 20 12 8 16 67% 106 101009 149 124%
c {  2.53 128 14 14 24 3022 2 77603 26982 1.6 16 10 8 13 56% 106 101009 149 124%
c u  2.60 133 14 14 24 3096 2 80028 28890 1.6 16 10 8 13 56% 106 101009 149 124%
c v  2.61 134 14 14 24 3096 2 80028 28687 1.6 16 10 8 13 56% 106 101009 149 124%
c w  2.62 134 14 14 24 3096 2 80028 28614 1.6 16 10 8 13 56% 106 101009 149 124%
c x  2.63 135 14 14 24 3096 2 80028 28614 1.6 16 10 8 13 56% 108 100844 149 124%
c t  2.63 135 14 14 24 3096 2 80028 28614 1.6 16 10 8 13 56% 106 100844 149 124%
c -  2.67 135 14 14 25 3235 2 81640 27730 1.6 16 10 8 12 55% 106 100844 149 124%
c o  2.69 135 14 14 25 3343 2 82583 28425 1.6 16 10 8 12 55% 106 100844 149 124%
c -  2.79 134 14 14 26 3551 2 86641 29292 1.6 16 10 8 12 54% 107 100844 149 124%
c -  2.92 137 14 14 27 4074 2 91741 30734 1.6 16 10 8 12 54% 107 100844 149 124%
c }  2.93 137 14 15 27 4095 2 92319 31099 1.6 16 10 8 12 54% 107 100844 149 124%
c [  2.93 137 19 15 27 4095 1 92319 31099 1.6 20 12 8 16 67% 107 100844 149 124%
c B  2.93 137 19 15 27 4095 1 92319 31099 1.6 20 12 8 16 67% 107 100844 149 124%
c
c seconds    switched    rate         size/glue  tier1    binary        remaining
c         MB   reductions  conflicts        size   tier2     irredundant
c          level    restarts     redundant     glue    trail        variables
c
c i  2.96 137 18 15 27 4096 1 93867 32382 1.7 21 12 8 16 67% 110 100844 143 119%
c s  3.03 137 18 15 27 4097 1 95902 33969 1.7 20 12 8 16 66% 110 78786 143 119%
c e  3.03 137 18 15 27 4097 1 95902 33969 1.7 20 12 8 16 66%  49 78835 126 105%
c s  3.06 137 18 15 27 4097 1 95902 33969 1.7 20 12 8 16 66%  49 78781 126 105%
c e  3.06 137 18 15 27 4097 1 95902 33969 1.7 20 12 8 16 66%  47 78787 125 104%
c ^  3.06 137 18 15 27 4097 1 95902 33969 1.7 20 12 8 16 66%  47 78787 125 104%
c -  3.09 137 18 15 28 4098 1 96937 26382 1.7 20 12 8 15 66%  57 78772 125 104%
c -  3.17 137 17 15 29 4101 1 102228 27939 1.6 19 12 8 15 63%  57 78772 125 104%
c u  3.23 142 17 15 29 4101 1 104629 29619 1.6 19 12 8 15 62%  57 78772 125 104%
c v  3.25 143 17 15 29 4101 1 104629 29553 1.6 19 12 8 15 62%  57 78772 125 104%
c w  3.25 143 17 15 29 4101 1 104629 28895 1.6 19 12 8 15 62%  57 78772 125 104%
c x  3.26 143 17 15 29 4101 1 104629 28894 1.6 19 12 8 15 62%  57 78423 125 104%
c t  3.35 144 17 15 29 4101 1 104629 28894 1.6 19 12 8 15 62%  55 78423 125 104%
c f  3.36 144 17 15 29 4101 1 104629 28894 1.6 19 12 8 15 62%  91 78149 142 118%
c u  3.38 144 17 15 29 4101 1 104629 28854 1.6 19 12 8 15 62%  91 78149 142 118%
c v  3.39 144 17 15 29 4101 1 104629 28727 1.6 19 12 8 15 62%  91 78149 142 118%
c w  3.40 144 17 15 29 4101 1 104629 28633 1.6 19 12 8 15 62%  91 78149 142 118%
c x  3.41 144 17 15 29 4101 1 104629 28633 1.6 19 12 8 15 62%  91 77981 142 118%
c t  3.41 144 17 15 29 4101 1 104629 28633 1.6 19 12 8 15 62%  90 77981 142 118%
c -  3.47 144 17 15 30 4104 1 107613 28891 1.6 19 11 8 15 61%  91 77981 142 118%
c
c seconds    switched    rate          size/glue  tier1    binary       remaining
c         MB   reductions  conflicts         size   tier2     irredundant
c          level    restarts      redundant     glue    trail       variables
c
c ]  3.54 144 16 16 30 4107 1 111421 31814 1.6 18 11 8 15 60%  91 77981 142 118%
c {  3.54 144 14 16 30 4107 2 111421 31814 1.6 16 10 8 12 54%  91 77981 142 118%
c -  3.57 144 14 16 31 4120 2 113091 31127 1.6 16 10 8 12 53%  91 77981 142 118%
c -  3.69 144 14 16 32 4274 2 118658 33438 1.6 16 10 8 12 53%  92 77981 142 118%
c o  3.80 144 14 16 32 4500 2 122598 36684 1.6 16 10 8 12 53%  93 77981 142 118%
c -  3.84 144 14 16 33 4537 2 124314 31220 1.6 16 10 7 12 53%  93 77981 142 118%
c }  3.97 144 13 17 33 4709 1 129760 35097 1.6 15 10 7 12 52%  94 77981 142 118%
c [  3.97 144 16 17 33 4709 1 129760 35097 1.6 18 11 8 15 60%  94 77981 142 118%
c W  3.97 144 16 17 33 4709 1 129760 35097 1.6 18 11 8 15 60%  94 77981 142 118%
c -  3.98 144 16 17 34 4709 1 130059 31174 1.6 18 11 8 14 60%  94 77981 142 118%
c u  4.06 144 16 17 34 4711 1 132914 33410 1.6 18 11 8 14 60%  95 77981 142 118%
c v  4.07 144 16 17 34 4711 1 132914 33258 1.6 18 11 8 14 60%  95 77981 142 118%
c w  4.08 144 16 17 34 4711 1 132914 33240 1.6 18 11 8 14 60%  95 77981 142 118%
c x  4.10 144 16 17 34 4711 1 132914 33238 1.6 18 11 8 14 60%  95 77432 142 118%
c t  4.10 144 16 17 34 4711 1 132914 33238 1.6 18 11 8 14 60%  92 77432 142 118%
c -  4.15 144 17 17 35 4713 1 135889 32150 1.6 18 11 8 14 61%  92 77432 142 118%
c -  4.23 144 17 17 36 4715 1 141806 33505 1.6 19 12 8 15 62%  92 77432 142 118%
c -  4.33 144 18 17 37 4720 1 147806 35022 1.6 19 12 8 14 64%  92 77432 142 118%
c -  4.42 144 18 17 38 4722 1 153888 37121 1.7 19 12 8 14 66%  92 77432 142 118%
c O  4.43 144 18 17 38 4722 1 153985 37214 1.7 19 12 8 14 66%  92 77432 142 118%
c
c seconds    switched    rate          size/glue  tier1    binary       remaining
c         MB   reductions  conflicts         size   tier2     irredundant
c          level    restarts      redundant     glue    trail       variables
c
c ]  4.49 144 18 18 38 4723 1 157050 39849 1.6 19 12 8 14 65%  92 77432 142 118%
c {  4.49 144 13 18 38 4723 1 157050 39849 1.6 15 10 7 12 52%  92 77432 142 118%
c s  4.56 144 13 18 38 4813 1 158045 40612 1.6 15 10 7 12 52%  92 74871 142 118%
c e  4.56 144 13 18 38 4813 1 158045 40612 1.6 15 10 7 12 52%  66 74953 128 107%
c s  4.60 144 13 18 38 4813 1 158045 40612 1.6 15 10 7 12 52%  66 74763 128 107%
c ^  4.60 144 13 18 38 4813 1 158045 40612 1.6 15 10 7 12 52%  66 74763 128 107%
c -  4.67 144 13 18 39 4861 1 160055 37535 1.6 15 10 7 12 52%  68 74763 128 107%
c i  4.74 144 13 18 39 5014 1 163669 40339 1.6 15 10 7 12 51%  68 74763 127 106%
c u  4.80 144 13 18 39 5073 1 164937 35042 1.6 15 10 7 12 51%  69 72953 127 106%
c v  4.82 144 13 18 39 5073 1 164937 34755 1.6 15 10 7 12 51%  69 72953 127 106%
c w  4.83 144 13 18 39 5073 1 164937 34723 1.6 15 10 7 12 51%  69 72953 127 106%
c x  4.84 146 13 18 39 5073 1 164937 34720 1.6 15 10 7 12 51%  69 72533 127 106%
c t  4.84 146 13 18 39 5073 1 164937 34720 1.6 15 10 7 12 51%  67 72533 127 106%
c f  4.84 146 13 18 39 5073 1 164937 34720 1.6 15 10 7 12 51%  73 72493 129 108%
c u  4.87 152 13 18 39 5073 1 164937 34661 1.6 15 10 7 12 51%  66 72493 129 108%
c v  4.89 152 13 18 39 5073 1 164937 34442 1.6 15 10 7 12 51%  66 72493 129 108%
c w  4.90 152 13 18 39 5073 1 164937 34392 1.6 15 10 7 12 51%  66 72493 129 108%
c x  4.91 153 13 18 39 5073 1 164937 34383 1.6 15 10 7 12 51%  66 72238 129 108%
c -  5.00 157 13 18 40 5200 1 166301 33457 1.6 15 10 7 12 51%  66 72238 129 108%
c -  5.16 157 13 18 41 5506 1 172627 36223 1.6 15 10 7 12 52%  66 72238 129 108%
c
c seconds    switched    rate          size/glue  tier1    binary       remaining
c         MB   reductions  conflicts         size   tier2     irredundant
c          level    restarts      redundant     glue    trail       variables
c
c o  5.20 157 13 18 41 5518 1 174366 37583 1.6 15 10 7 12 52%  66 72238 129 108%
c -  5.30 158 13 18 42 5586 1 179031 38168 1.6 15 10 7 12 52%  67 72238 129 108%
c }  5.31 158 13 19 42 5586 1 179395 38443 1.6 15 10 7 12 52%  67 72238 129 108%
c [  5.31 158 18 19 42 5586 1 179395 38443 1.6 19 12 8 14 65%  67 72238 129 108%
c B  5.33 158 18 19 42 5588 1 181726 40428 1.7 20 12 8 14 66%  67 72238 129 108%
c -  5.43 158 18 19 43 5590 1 185512 39714 1.7 20 12 8 15 65%  67 72238 129 108%
c -  5.55 158 18 19 44 5593 1 192069 41748 1.7 20 12 8 15 65%  67 72238 129 108%
c -  5.66 158 19 19 45 5598 1 198704 42778 1.7 20 12 8 15 67%  67 72238 129 108%
c u  5.73 159 19 19 45 5599 1 200840 44449 1.7 20 12 8 15 67%  67 72238 129 108%
c v  5.75 157 19 19 45 5599 1 200840 44420 1.7 20 12 8 15 67%  67 72238 129 108%
c w  5.76 158 19 19 45 5599 1 200840 44289 1.7 20 12 8 15 67%  67 72238 129 108%
c x  5.78 160 19 19 45 5599 1 200840 44286 1.7 20 12 8 15 67%  67 71967 129 108%
c -  5.88 167 19 19 46 5600 1 205413 43473 1.7 20 12 8 15 67%  67 71967 129 108%
c ]  5.99 168 18 20 46 5600 1 211628 48569 1.7 20 12 8 15 67%  67 71967 129 108%
c {  5.99 168 13 20 46 5600 1 211628 48569 1.6 15 10 7 12 52%  67 71967 129 108%
c -  6.01 168 13 20 47 5600 1 212197 45362 1.6 15 10 7 12 52%  67 71967 129 108%
c -  6.16 168 13 20 48 5855 1 219052 46190 1.6 15 9 7 11 51%  67 71967 129 108%
c -  6.31 168 13 20 49 6161 1 225980 46185 1.6 15 9 7 11 50%  67 71967 129 108%
c -  6.48 169 13 20 50 6376 1 232980 47576 1.6 14 9 7 11 50%  69 71967 129 108%
c o  6.52 169 13 20 50 6460 1 234731 48878 1.6 14 9 7 11 50%  70 71967 129 108%
c
c seconds    switched    rate          size/glue tier1    binary       remaining
c         MB   reductions  conflicts         size  tier2     irredundant
c          level    restarts      redundant    glue    trail       variables
c
c }  6.60 169 13 21 50 6575 1 238368 51527 1.6 14 9 7 11 50%  70 71967 129 108%
c [  6.60 169 18 21 50 6575 1 238368 51527 1.7 20 12 8 15 67%  70 71967 129 108%
c W  6.61 169 18 21 50 6575 1 238368 51527 1.7 20 12 8 15 67%  70 71967 129 108%
c -  6.64 169 19 21 51 6576 1 240051 49769 1.7 20 12 8 15 67%  70 71967 129 108%
c s  6.70 169 19 21 51 6576 1 240380 50052 1.7 20 12 8 15 67%  71 69794 129 108%
c e  6.70 169 19 21 51 6576 1 240380 50052 1.7 20 12 8 15 67%  48 69890 120 100%
c s  6.76 169 19 21 51 6576 1 240380 50052 1.7 20 12 8 15 67%  48 68958 120 100%
c !  6.76 169 19 21 51 6576 1 240380 50052 1.7 20 12 8 15 67%  48 68958 120 100%
c b  6.77 169 19 21 51 6577 1 240636 49374 1.7 20 12 8 15 67%  48 68958 119 99%
c u  6.80 169 19 21 51 6577 1 240636 46346 1.7 20 12 8 15 67%  48 68958 119 99%
c v  6.83 169 19 21 51 6577 1 240636 46128 1.7 20 12 8 15 67%  48 68958 119 99%
c w  6.83 169 19 21 51 6577 1 240636 46104 1.7 20 12 8 15 67%  48 68958 119 99%
c x  6.85 169 19 21 51 6577 1 240636 46101 1.7 20 12 8 15 67%  49 67134 119 99%
c f  6.86 169 19 21 51 6577 1 240636 46101 1.7 20 12 8 15 67%  65 66942 125 104%
c u  6.89 175 19 21 51 6577 1 240636 46000 1.7 20 12 8 15 67%  65 66942 125 104%
c v  6.91 176 19 21 51 6577 1 240636 45675 1.7 20 12 8 15 67%  65 66942 125 104%
c w  6.92 176 19 21 51 6577 1 240636 45666 1.7 20 12 8 15 67%  65 66942 125 104%
c x  6.94 177 19 21 51 6577 1 240636 45662 1.7 20 12 8 15 67%  66 65992 125 104%
c -  7.06 180 18 21 52 6581 1 247194 47988 1.7 20 12 8 15 66%  53 65992 125 104%
c -  7.20 180 18 21 53 6584 1 254405 50090 1.7 19 12 8 14 66%  53 65992 125 104%
c
c seconds    switched    rate          size/glue  tier1    binary       remaining
c         MB   reductions  conflicts         size   tier2     irredundant
c          level    restarts      redundant     glue    trail       variables
c
c -  7.32 180 18 21 54 6588 1 261686 51443 1.7 19 12 8 14 66%  53 65992 125 104%
c -  7.46 180 18 21 55 6589 1 269036 52004 1.6 19 12 8 14 66%  53 65992 125 104%
c ]  7.49 180 18 22 55 6589 1 270527 53230 1.6 19 12 8 14 65%  53 65992 125 104%
c {  7.49 180 13 22 55 6589 1 270527 53230 1.6 14 9 7 11 50%  53 65992 125 104%
c -  7.61 180 13 22 56 6628 1 276454 45503 1.6 14 9 6 11 51%  56 65992 125 104%
c -  7.77 180 13 22 57 6754 1 283938 44223 1.6 14 9 6 11 52%  56 65992 125 104%
c u  7.82 180 13 22 57 6761 1 284516 44461 1.6 15 9 6 11 52%  58 65992 125 104%
c v  7.84 180 13 22 57 6761 1 284516 44275 1.6 15 9 6 11 52%  58 65992 125 104%
c w  7.85 180 13 22 57 6761 1 284516 44191 1.6 15 9 6 11 52%  58 65992 125 104%
c x  7.87 180 13 22 57 6761 1 284516 44188 1.6 15 9 6 11 52%  61 64821 125 104%
c t  7.87 180 13 22 57 6761 1 284516 44188 1.6 15 9 6 11 52%  60 64821 125 104%
c f  7.87 180 13 22 57 6761 1 284516 44188 1.6 15 9 6 11 52%  64 64772 127 106%
c u  7.91 181 13 22 57 6761 1 284516 44071 1.6 15 9 6 11 52%  64 64772 127 106%
c v  7.93 181 13 22 57 6761 1 284516 43564 1.6 15 9 6 11 52%  64 64772 127 106%
c w  7.94 181 13 22 57 6761 1 284516 43562 1.6 15 9 6 11 52%  64 64772 127 106%
c x  7.96 181 13 22 57 6761 1 284516 43561 1.6 15 9 6 11 52%  64 63033 127 106%
c -  8.23 184 13 22 58 6827 1 291492 44167 1.6 15 9 6 11 54%  64 63033 127 106%
c -  8.39 184 13 22 59 7003 1 299107 45706 1.6 15 9 6 11 54%  67 63033 127 106%
c }  8.45 184 12 23 59 7003 1 302044 47817 1.6 15 9 6 11 54%  68 63033 127 106%
c [  8.45 184 18 23 59 7003 1 302044 47817 1.6 19 12 8 14 65%  68 63033 127 106%
c
c seconds    switched    rate          size/glue  tier1    binary       remaining
c         MB   reductions  conflicts         size   tier2     irredundant
c          level    restarts      redundant     glue    trail       variables
c
c I  8.45 184 18 23 59 7003 1 302044 47817 1.6 19 12 8 14 65%  68 63033 127 106%
c -  8.52 184 18 23 60 7006 1 306788 46338 1.7 19 12 8 14 66%  69 63033 127 106%
c o  8.52 184 18 23 60 7007 1 307264 46769 1.7 19 12 8 14 66%  69 63033 127 106%
c -  8.63 184 19 23 61 7009 1 314534 44987 1.6 20 12 8 14 66%  69 63033 127 106%
c -  8.74 184 19 23 62 7015 1 322344 45231 1.6 20 12 8 15 67%  69 63033 127 106%
c -  8.85 184 19 23 63 7017 1 330218 45873 1.6 20 13 8 15 67%  69 63033 127 106%
c u  8.90 184 20 23 63 7017 1 332509 47737 1.6 21 13 8 15 67%  73 63033 127 106%
c v  8.92 184 20 23 63 7017 1 332509 47706 1.6 21 13 8 15 67%  72 63033 127 106%
c w  8.93 184 20 23 63 7017 1 332509 47667 1.6 21 13 8 15 67%  72 63033 127 106%
c x  8.95 184 20 23 63 7017 1 332509 47667 1.6 21 13 8 15 67%  72 61880 127 106%
c t  8.95 184 20 23 63 7017 1 332509 47667 1.6 21 13 8 15 67%  70 61880 127 106%
c -  9.04 184 20 23 64 7019 1 338155 46380 1.6 21 13 8 15 67%  70 61880 127 106%
c B  9.11 184 20 23 64 7022 1 341485 49183 1.6 21 13 8 15 67%  70 61880 127 106%
c s  9.25 184 20 23 64 7023 1 344589 51758 1.6 21 13 8 15 67%  70 57628 127 106%
c e  9.25 184 20 23 64 7023 1 344589 51758 1.6 21 13 8 15 67%  55 57690 120 100%
c s  9.32 184 20 23 64 7023 1 344589 51758 1.6 21 13 8 15 67%  55 56214 120 100%
c -  9.37 184 20 23 65 7024 1 346157 46335 1.6 21 13 8 15 67%  55 56214 120 100%
c ]  9.41 184 20 24 65 7024 1 347891 47827 1.6 21 13 8 15 67%  55 56214 120 100%
c {  9.41 184 12 24 65 7024 1 347891 47827 1.6 15 9 6 11 54%  55 56214 120 100%
c -  9.58 184 13 24 66 7823 1 354220 47462 1.6 15 9 6 11 54%  56 56214 120 100%
c
c seconds    switched    rate          size/glue tier1    binary       remaining
c         MB   reductions  conflicts         size  tier2     irredundant
c          level    restarts      redundant    glue    trail       variables
c
c }  9.73 184 13 24 66 8258 1 361389 53001 1.6 15 9 6 11 55%  56 56214 120 100%
c 1  9.73 184 13 24 66 8258 1 361389 53001 1.6 15 9 6 11 55%  56 56214 120 100%
c
c ---- [ result ] ------------------------------------------------------------
c
s SATISFIABLE
v 1 2 3 -4 5 6 7 -8 9 10 -11 -12 -13 14 -15 -16 17 18 19 20 21 22 23 24 -25
v -26 -27 -28 29 30 -31 -32 33 -34 35 36 37 -38 39 40 -41 42 43 44 -45 46 47
v 48 49 50 51 -52 -53 54 55 -56 57 58 59 60 61 62 -63 64 -65 66 -67 -68 -69 70
v 71 72 -73 74 -75 76 77 -78 79 80 -81 82 -83 84 -85 86 -87 88 89 90 91 -92 93
v -94 -95 96 97 98 99 100 -101 -102 103 104 -105 106 -107 108 -109 110 -111
v 112 -113 114 -115 116 -117 118 -119 120 0
c
c ---- [ profiling ] ---------------------------------------------------------
c
c           7.18   73.79 %  search
c           3.68   37.79 %  focused
c           3.50   36.00 %  stable
c           2.30   23.70 %  simplify
c           1.97   20.26 %  probe
c           1.10   11.36 %  vivify
c           0.53    5.47 %  eliminate
c           0.48    4.98 %  subsume
c           0.40    4.13 %  sweep
c           0.29    2.94 %  factor
c           0.24    2.43 %  reduce
c           0.22    2.27 %  preprocess
c           0.13    1.30 %  substitute
c           0.05    0.48 %  congruence
c           0.02    0.24 %  walking
c           0.02    0.19 %  parse
c           0.01    0.06 %  lucky
c           0.00    0.05 %  transitive
c           0.00    0.01 %  backbone
c           0.00    0.00 %  extend
c =============================================
c           9.73  100.00 %  total
c
c ---- [ statistics ] --------------------------------------------------------
c
c conflicts:                           361389            37151.68 per second
c congruent:                                1                1 %  variables
c decisions:                           448690                1.24 per conflict
c eliminated:                             310              258 %  variables
c factored:                               348              290 %  variables
c iterations:                               3                2 %  variables
c propagations:                       4732967           486561    per second
c reductions:                              66             5476    interval
c reordered:                                8            45174    interval
c rephased:                                16            22587    interval
c restarts:                              8258               44    interval
c strengthened:                           806                0 %  checks
c substituted:                              4                3 %  variables
c subsumed:                             29738                0 %  checks
c switched:                                24            15058    interval
c vivified:                             22915               84 %  checks
c walks:                                    5            72278    interval
c
c ---- [ glue usage ] --------------------------------------------------------
c
c focused glue 6   used 50659 clauses 12.12% accumulated 54.20% tier1
c focused glue 7   used 45766 clauses 10.95% accumulated 65.15%
c focused glue 8-9 used 74242 clauses 17.76% accumulated 82.90%
c focused glue 10  used 25370 clauses  6.07% accumulated 88.97%
c focused glue 11  used 17805 clauses  4.26% accumulated 93.23% tier2
c
c stable glue 8     used  54000 clauses  8.72% accumulated 55.64% tier1
c stable glue 9     used  50701 clauses  8.19% accumulated 63.83%
c stable glue 10-13 used 137092 clauses 22.15% accumulated 85.98%
c stable glue 14    used  20180 clauses  3.26% accumulated 89.24%
c stable glue 15    used  16172 clauses  2.61% accumulated 91.86% tier2
c
c ---- [ resources ] ---------------------------------------------------------
c
c maximum-resident-set-size:     197836931072 bytes     188672 MB
c process-time:                            10s               9.73 seconds
c
c ---- [ shutting down ] -----------------------------------------------------
c
c exit 10
