c ---- [ banner ] ------------------------------------------------------------
c
c Kissat SAT Solver
c 
c Copyright (c) 2021-2024 Armin Biere University of Freiburg
c Copyright (c) 2019-2021 Armin Biere Johannes Kepler University Linz
c 
c Version 4.0.4 8af8e56f174b778aef3aa45af9f739b2a5f492c2
c Apple clang version 17.0.0 (clang-1700.6.3.2) -W -Wall -O3 -DNDEBUG
c Mon Mar 30 18:25:47 CEST 2026 Darwin Mac 24.6.0 arm64
c
c ---- [ parsing ] -----------------------------------------------------------
c
c opened and reading DIMACS file:
c
c   tmp.cnf
c
c parsed 'p cnf 190 19760' header
c closing input after reading 284237 bytes (278 KB)
c finished parsing after 0.00 seconds
c
c ---- [ solving ] -----------------------------------------------------------
c
c seconds switched rate     size/glue tier1 binary       remaining
c        MB reductions conflicts size  tier2   irredundant
c         level restarts redundant glue  trail       variables
c
c *  0.00  5 0 0 0  0 0   0   0 0.0 0 0 0 0 0% 321 19439 190 100%
c (  0.00  5 0 0 0  0 0   0   0 0.0 0 0 0 0 0% 321 19439 190 100%
c .  0.00  5 0 0 0  0 0   0   0 0.0 0 0 0 0 0% 321 19439 190 100%
c f  0.09  5 0 0 0  0 0   0   0 0.0 0 0 0 0 0% 1084 1997 643 338%
c )  0.09  5 0 0 0  0 0   0   0 0.0 0 0 0 0 0% 1084 1997 643 338%
c {  0.09  5 0 0 0  0 0   0   0 0.0 0 0 2 6 0% 1084 1997 643 338%
c -  0.09  5 24 0 1 80 4 1004 663 3.0 29 10 7 13 51% 1084 1997 643 338%
c }  0.09  5 24 1 1 80 4 1004 663 3.0 29 10 7 13 51% 1084 1997 643 338%
c [  0.09  5 0 1 1 80 0 1004 663 0.0 0 0 2 6 0% 1084 1997 643 338%
c B  0.09  5 0 1 1 80 0 1004 663 0.0 0 0 2 6 0% 1084 1997 643 338%
c ]  0.10  7 39 2 1 80 2 1975 1546 1.7 30 18 9 22 59% 1084 1997 643 338%
c {  0.10  7 24 2 1 80 4 1975 1546 3.0 29 10 7 13 51% 1084 1997 643 338%
c -  0.10  7 24 2 2 87 5 2005 1467 2.9 29 10 7 13 50% 1084 1997 643 338%
c }  0.11  7 22 3 2 167 4 2977 2355 2.7 28 10 7 13 47% 1084 1997 643 338%
c [  0.11  7 39 3 2 167 2 2977 2355 1.7 30 18 9 22 59% 1084 1997 643 338%
c W  0.11  7 39 3 2 167 2 2977 2355 1.7 30 18 9 22 59% 1084 1997 643 338%
c -  0.11  7 35 3 3 167 2 3422 2518 1.9 33 17 8 21 58% 1084 1997 643 338%
c u  0.12  7 35 3 3 167 2 3530 2570 2.0 34 17 8 21 58% 1084 1997 643 338%
c v  0.12  7 35 3 3 167 2 3530 2551 2.0 34 17 8 21 58% 1084 1997 643 338%
c w  0.12  7 35 3 3 167 2 3530 2548 2.0 34 17 8 21 58% 1084 1997 643 338%
c
c seconds  switched  rate       size/glue  tier1     binary      remaining
c        MB reductions conflicts      size   tier2     irredundant
c         level restarts   redundant     glue    trail       variables
c
c x  0.12  7 35 3 3 167 2 3530 2548 2.0 34 17 8 21 58% 1123 1834 643 338%
c t  0.12  7 35 3 3 167 2 3530 2548 2.0 34 17 8 21 58% 1075 1834 643 338%
c f  0.12  7 35 3 3 167 2 3530 2548 2.0 34 17 8 21 58% 1205 1582 716 377%
c u  0.13  7 35 3 3 167 2 3530 2512 2.0 34 17 8 21 58% 1205 1582 716 377%
c v  0.13  7 35 3 3 167 2 3530 2485 2.0 34 17 8 21 58% 1205 1582 716 377%
c w  0.13  7 35 3 3 167 2 3530 2473 2.0 34 17 8 21 58% 1205 1582 716 377%
c x  0.13  7 35 3 3 167 2 3530 2473 2.0 34 17 8 21 58% 1285 1322 716 377%
c t  0.14  7 35 3 3 167 2 3530 2473 2.0 34 17 8 21 58% 1204 1322 716 377%
c f  0.14  7 35 3 3 167 2 3530 2473 2.0 34 17 8 21 58% 1212 1308 720 379%
c ]  0.15  7 37 4 3 167 2 3961 2853 1.8 33 18 9 20 56% 1212 1308 720 379%
c {  0.15  7 22 4 3 167 4 3961 2853 2.7 28 10 7 13 47% 1212 1308 720 379%
c -  0.16  7 22 4 4 244 4 5154 3400 2.4 24 10 6 11 46% 1212 1308 720 379%
c }  0.16  7 20 5 4 255 3 6313 4363 2.3 22 10 6 11 45% 1212 1308 720 379%
c [  0.16  7 37 5 4 255 2 6313 4363 1.8 33 18 9 20 56% 1212 1308 720 379%
c I  0.16  7 37 5 4 255 2 6313 4363 1.8 33 18 9 20 56% 1212 1308 720 379%
c -  0.17  7 33 5 5 255 2 7156 4483 2.0 33 17 8 20 58% 1212 1308 720 379%
c ]  0.19  7 41 6 5 257 2 8989 6141 1.8 37 21 9 26 56% 1212 1308 720 379%
c {  0.19  7 20 6 5 257 3 8989 6141 2.3 22 10 6 11 45% 1212 1308 720 379%
c -  0.19  7 19 6 6 260 3 9394 5292 2.3 22 9 6 11 45% 1212 1308 720 379%
c u  0.21  7 16 6 6 260 3 11118 6594 2.4 21 8 6 11 48% 1212 1308 720 379%
c
c seconds  switched  rate        size/glue tier1     binary      remaining
c        MB reductions conflicts       size  tier2     irredundant
c         level restarts    redundant    glue    trail       variables
c
c v  0.21  7 16 6 6 260 3 11118 6572 2.4 21 8 6 11 48% 1212 1308 720 379%
c w  0.21  7 16 6 6 260 3 11118 6570 2.4 21 8 6 11 48% 1212 1308 720 379%
c x  0.22  8 16 6 6 260 3 11118 6568 2.4 21 8 6 11 48% 1215 1285 720 379%
c t  0.22  8 16 6 6 260 3 11118 6568 2.4 21 8 6 11 48% 1212 1285 720 379%
c o  0.22  8 16 6 6 260 3 11118 6568 2.4 21 8 6 11 48% 1212 1285 720 379%
c -  0.22  8 15 6 7 261 2 11843 5787 2.5 20 8 5 9 47% 1212 1285 720 379%
c }  0.24  8 14 7 7 261 2 13059 6834 2.6 20 8 5 9 47% 1212 1285 720 379%
c [  0.24  8 41 7 7 261 2 13059 6834 1.8 37 21 9 26 56% 1212 1285 720 379%
c B  0.24  8 41 7 7 261 2 13059 6834 1.8 37 21 9 26 56% 1212 1285 720 379%
c -  0.25  8 44 7 8 262 2 14490 6620 1.6 37 23 9 28 54% 1212 1285 720 379%
c ]  0.27  8 47 8 8 263 2 16390 8288 1.5 38 25 9 28 53% 1212 1285 720 379%
c {  0.27  8 14 8 8 263 2 16390 8288 2.6 20 8 5 9 47% 1212 1285 720 379%
c -  0.29  9 15 8 9 580 3 17319 7463 2.4 20 8 5 9 47% 1212 1285 720 379%
c s  0.29  9 16 8 9 700 3 17633 7755 2.4 20 9 5 9 47% 1212 1281 720 379%
c e  0.30  9 16 8 9 700 3 17633 7755 2.4 20 9 5 9 47% 977 1438 562 296%
c s  0.30  9 16 8 9 700 3 17633 7755 2.4 20 9 5 9 47% 977 1426 562 296%
c e  0.30  9 16 8 9 700 3 17633 7755 2.4 20 9 5 9 47% 976 1426 561 295%
c ^  0.30  9 16 8 9 700 3 17633 7755 2.4 20 9 5 9 47% 976 1426 561 295%
c -  0.33  9 17 8 10 1096 3 20319 7372 2.2 19 9 5 9 47% 977 1426 561 295%
c o  0.34  9 17 8 10 1289 4 21118 8115 2.1 19 9 5 9 47% 977 1426 561 295%
c
c seconds  switched    rate        size/glue tier1   binary      remaining
c        MB  reductions  conflicts       size  tier2   irredundant
c         level   restarts    redundant    glue   trail      variables
c
c }  0.35  9 17 9 10 1323 3 22549 9400 2.1 19 9 5 9 47% 977 1426 561 295%
c [  0.35  9 47 9 10 1323 2 22549 9400 1.5 38 25 9 28 53% 977 1426 561 295%
c W  0.35 10 47 9 10 1323 2 22549 9400 1.5 38 25 9 28 53% 977 1426 561 295%
c u  0.36 10 47 9 10 1323 2 22920 9646 1.5 38 25 9 28 53% 977 1426 561 295%
c v  0.36 10 47 9 10 1323 2 22920 9623 1.5 38 25 9 28 53% 977 1426 561 295%
c w  0.37 11 47 9 10 1323 2 22920 9621 1.5 38 25 9 28 53% 977 1426 561 295%
c x  0.37 11 47 9 10 1323 2 22920 9617 1.5 38 25 9 28 53% 984 1413 561 295%
c t  0.37 11 47 9 10 1323 2 22920 9617 1.5 38 25 9 28 53% 974 1413 561 295%
c f  0.37 11 47 9 10 1323 2 22920 9617 1.5 38 25 9 28 53% 984 1380 571 301%
c u  0.37 11 47 9 10 1323 2 22920 9581 1.5 38 25 9 28 53% 984 1380 571 301%
c v  0.38 11 47 9 10 1323 2 22920 9572 1.5 38 25 9 28 53% 984 1380 571 301%
c w  0.38 11 47 9 10 1323 2 22920 9571 1.5 38 25 9 28 53% 984 1380 571 301%
c x  0.38 11 47 9 10 1323 2 22920 9571 1.5 38 25 9 28 53% 996 1360 571 301%
c t  0.40 11 47 9 10 1323 2 22920 9571 1.5 38 25 9 28 53% 983 1360 571 301%
c -  0.41 12 47 9 11 1323 2 23481 8961 1.5 38 25 10 33 54% 983 1360 571 301%
c -  0.44 12 41 9 12 1326 2 26797 10107 1.5 34 22 9 27 55% 983 1360 571 301%
c O  0.47 13 36 9 12 1328 1 30077 12786 1.5 32 20 9 27 57% 983 1360 571 301%
c -  0.48 13 36 9 13 1328 1 30262 10993 1.5 32 21 8 23 57% 983 1360 571 301%
c ]  0.48 13 37 10 13 1328 1 30683 11375 1.5 32 21 8 23 56% 983 1360 571 301%
c {  0.48 13 17 10 13 1328 3 30683 11375 2.1 19 9 5 9 47% 983 1360 571 301%
c
c seconds   switched    rate         size/glue tier1   binary      remaining
c        MB   reductions  conflicts        size  tier2   irredundant
c         level    restarts     redundant    glue   trail      variables
c
c -  0.51 13 17 10 14 1555 3 33867 11558 2.0 18 9 5 9 48% 985 1360 571 301%
c s  0.54 13 17 10 14 1940 3 36020 13410 2.0 18 9 5 9 47% 985 1351 571 301%
c e  0.54 13 17 10 14 1940 3 36020 13410 2.0 18 9 5 9 47% 835 1580 472 248%
c s  0.54 13 17 10 14 1940 3 36020 13410 2.0 18 9 5 9 47% 835 1560 472 248%
c ^  0.55 13 17 10 14 1940 3 36020 13410 2.0 18 9 5 9 47% 835 1560 472 248%
c -  0.56 14 17 10 15 1970 3 37608 8235 2.0 18 9 4 9 49% 835 1560 472 248%
c }  0.57 14 17 11 15 2106 3 39310 9711 1.9 18 9 4 9 49% 835 1560 472 248%
c [  0.57 14 37 11 15 2106 1 39310 9711 1.5 32 21 8 23 56% 835 1560 472 248%
c u  0.58 14 37 11 15 2106 1 39356 9511 1.5 32 21 8 23 57% 835 1560 472 248%
c v  0.58 14 37 11 15 2106 1 39356 9303 1.5 32 21 8 23 57% 835 1560 472 248%
c w  0.58 14 37 11 15 2106 1 39356 9296 1.5 32 21 8 23 57% 835 1560 472 248%
c x  0.59 14 37 11 15 2106 1 39356 9295 1.5 32 21 8 23 57% 854 1531 472 248%
c t  0.59 14 37 11 15 2106 1 39356 9295 1.5 32 21 8 23 57% 831 1531 472 248%
c f  0.59 14 37 11 15 2106 1 39356 9295 1.5 32 21 8 23 57% 864 1427 493 259%
c u  0.59 14 37 11 15 2106 1 39356 9230 1.5 32 21 8 23 57% 864 1427 493 259%
c v  0.60 14 37 11 15 2106 1 39356 9201 1.5 32 21 8 23 57% 864 1427 493 259%
c w  0.60 14 37 11 15 2106 1 39356 9196 1.5 32 21 8 23 57% 864 1427 493 259%
c x  0.60 14 37 11 15 2106 1 39356 9195 1.5 32 21 8 23 57% 877 1412 493 259%
c t  0.60 14 37 11 15 2106 1 39356 9195 1.5 32 21 8 23 57% 862 1412 493 259%
c B  0.61 14 36 11 15 2106 1 39838 9649 1.5 32 21 8 23 57% 862 1412 493 259%
c
c seconds   switched    rate        size/glue  tier1    binary      remaining
c        MB   reductions  conflicts       size   tier2    irredundant
c         level    restarts    redundant     glue    trail      variables
c
c -  0.62 15 37 11 16 2108 1 41481 9111 1.5 32 21 8 23 57% 862 1412 493 259%
c o  0.65 15 37 11 16 2110 1 44445 11722 1.5 32 21 8 23 58% 862 1412 493 259%
c -  0.66 15 37 11 17 2111 1 45482 10027 1.5 32 21 8 25 58% 862 1412 493 259%
c ]  0.70 15 37 12 17 2112 1 48738 12841 1.5 32 21 8 25 59% 862 1412 493 259%
c {  0.70 15 17 12 17 2112 3 48738 12841 1.9 18 9 4 9 49% 862 1412 493 259%
c -  0.71 15 17 12 18 2232 3 49605 10763 1.9 18 9 4 9 50% 862 1412 493 259%
c -  0.76 15 17 12 19 2622 3 53849 11973 1.9 18 9 4 9 50% 862 1412 493 259%
c -  0.81 15 17 12 20 2887 3 58207 12743 1.9 18 9 4 9 50% 863 1412 493 259%
c }  0.83 15 16 13 20 2945 3 60217 14262 1.9 18 9 4 9 50% 865 1412 493 259%
c [  0.83 15 37 13 20 2945 1 60217 14262 1.5 32 21 8 25 59% 865 1412 493 259%
c W  0.83 15 37 13 20 2945 1 60217 14262 1.5 32 21 8 25 59% 865 1412 493 259%
c u  0.84 15 36 13 20 2945 1 60630 14505 1.5 32 21 8 25 59% 865 1412 493 259%
c v  0.85 15 36 13 20 2945 1 60630 14459 1.5 32 21 8 25 59% 865 1412 493 259%
c w  0.85 15 36 13 20 2945 1 60630 14457 1.5 32 21 8 25 59% 865 1412 493 259%
c x  0.86 15 36 13 20 2945 1 60630 14457 1.5 32 21 8 25 59% 882 1383 493 259%
c t  0.86 15 36 13 20 2945 1 60630 14457 1.5 32 21 8 25 59% 864 1383 493 259%
c -  0.88 15 35 13 21 2947 1 62679 13304 1.5 31 20 8 23 60% 864 1383 493 259%
c -  0.93 15 32 13 22 2950 1 67262 13732 1.6 29 19 7 21 60% 865 1383 493 259%
c ]  0.99 15 30 14 22 2951 1 71734 17403 1.6 29 18 6 20 60% 865 1383 493 259%
c {  0.99 15 16 14 22 2951 3 71734 17403 1.9 18 9 4 9 50% 865 1383 493 259%
c
c seconds   switched    rate         size/glue tier1   binary      remaining
c        MB   reductions  conflicts        size  tier2   irredundant
c         level    restarts     redundant    glue   trail      variables
c
c -  0.99 15 16 14 23 2958 3 71954 14587 1.9 18 9 4 9 50% 865 1383 493 259%
c o  1.02 15 16 14 23 3289 3 74579 16882 1.9 18 9 4 9 51% 865 1383 493 259%
c s  1.04 15 16 14 23 3389 3 75904 17993 1.9 18 9 4 9 51% 865 1380 493 259%
c e  1.04 15 16 14 23 3389 3 75904 17993 1.9 18 9 4 9 51% 770 1577 423 223%
c s  1.04 15 16 14 23 3389 3 75904 17993 1.9 18 9 4 9 51% 770 1547 423 223%
c e  1.04 15 16 14 23 3389 3 75904 17993 1.9 18 9 4 9 51% 767 1551 422 222%
c ^  1.04 15 16 14 23 3389 3 75904 17993 1.9 18 9 4 9 51% 767 1551 422 222%
c -  1.05 16 16 14 24 3474 3 76749 12003 1.9 18 9 4 9 51% 767 1551 422 222%
c -  1.11 16 17 14 25 3900 3 81647 13659 1.9 18 9 4 9 52% 767 1551 422 222%
c }  1.16 16 16 15 25 4244 3 86449 17642 1.9 18 9 4 9 53% 767 1551 422 222%
c [  1.16 16 30 15 25 4244 1 86449 17642 1.6 29 18 6 20 60% 767 1551 422 222%
c I  1.16 16 30 15 25 4244 1 86449 17642 1.6 29 18 6 20 60% 767 1551 422 222%
c -  1.16 16 30 15 26 4244 1 86650 15247 1.6 29 18 6 20 60% 767 1551 422 222%
c u  1.17 16 30 15 26 4244 1 86857 15352 1.6 29 18 6 20 60% 770 1551 422 222%
c v  1.18 16 30 15 26 4244 1 86857 15234 1.6 29 18 6 20 60% 773 1551 422 222%
c w  1.18 16 30 15 26 4244 1 86857 15228 1.6 29 18 6 20 60% 773 1551 422 222%
c x  1.19 16 30 15 26 4244 1 86857 15225 1.6 29 18 6 20 60% 789 1527 422 222%
c t  1.23 16 30 15 26 4244 1 86857 15225 1.6 29 18 6 20 60% 768 1527 422 222%
c f  1.23 16 30 15 26 4244 1 86857 15225 1.6 29 18 6 20 60% 782 1476 429 226%
c u  1.24 17 30 15 26 4244 1 86857 14956 1.6 29 18 6 20 60% 782 1476 429 226%
c
c seconds   switched    rate         size/glue  tier1    binary      remaining
c        MB   reductions  conflicts        size   tier2    irredundant
c         level    restarts     redundant     glue    trail      variables
c
c v  1.25 18 30 15 26 4244 1 86857 14900 1.6 29 18 6 20 60% 783 1476 429 226%
c w  1.25 18 30 15 26 4244 1 86857 14893 1.6 29 18 6 20 60% 783 1476 429 226%
c x  1.25 18 30 15 26 4244 1 86857 14893 1.6 29 18 6 20 60% 790 1465 429 226%
c t  1.26 18 30 15 26 4244 1 86857 14893 1.6 29 18 6 20 60% 782 1465 429 226%
c -  1.31 18 28 15 27 4248 1 91749 15906 1.6 28 17 6 18 61% 782 1465 429 226%
c i  1.35 18 27 15 27 4250 1 94673 18107 1.6 27 16 6 18 61% 786 1465 428 225%
c -  1.37 18 27 15 28 4250 1 96946 8258 1.6 27 16 6 18 62% 772 1465 428 225%
c -  1.42 18 27 15 29 4253 1 102237 10740 1.7 27 16 6 18 62% 772 1465 428 225%
c ]  1.42 18 27 16 29 4253 1 102509 10972 1.7 27 16 6 18 62% 772 1465 428 225%
c {  1.42 18 16 16 29 4253 3 102509 10972 1.9 18 9 4 9 53% 772 1465 428 225%
c -  1.48 18 17 16 30 4743 3 107625 13865 1.9 18 9 4 9 53% 774 1465 428 225%
c -  1.54 18 17 16 31 5142 3 113103 15976 1.9 18 9 4 9 54% 774 1465 428 225%
c o  1.57 18 16 16 31 5312 3 115727 18099 1.9 18 9 4 9 54% 775 1465 428 225%
c u  1.61 18 17 16 31 5550 3 118179 20018 1.9 18 10 4 9 54% 778 1449 428 225%
c v  1.62 18 17 16 31 5550 3 118179 19949 1.9 18 10 4 9 54% 778 1449 428 225%
c w  1.63 18 17 16 31 5550 3 118179 19929 1.9 18 10 4 9 54% 778 1449 428 225%
c x  1.63 18 17 16 31 5550 3 118179 19929 1.9 18 10 4 9 54% 780 1445 428 225%
c t  1.63 18 17 16 31 5550 3 118179 19929 1.9 18 10 4 9 54% 774 1445 428 225%
c -  1.64 18 16 16 32 5553 3 118672 16962 1.9 18 9 4 9 54% 774 1445 428 225%
c }  1.66 18 16 17 32 5586 3 120848 18735 1.9 18 9 4 9 55% 775 1445 428 225%
c
c seconds   switched    rate          size/glue  tier1    binary      remaining
c        MB   reductions  conflicts         size   tier2    irredundant
c         level    restarts      redundant     glue    trail      variables
c
c [  1.66 18 27 17 32 5586 1 120848 18735 1.7 27 16 6 18 62% 775 1445 428 225%
c B  1.66 18 27 17 32 5586 1 120848 18735 1.7 27 16 6 18 62% 775 1445 428 225%
c -  1.70 18 28 17 33 5588 1 124328 17047 1.6 28 17 6 18 63% 775 1445 428 225%
c -  1.77 19 29 17 34 5592 1 130072 16184 1.6 29 18 6 20 64% 775 1445 428 225%
c -  1.84 19 29 17 35 5595 1 135902 16682 1.7 30 18 6 20 64% 775 1445 428 225%
c ]  1.88 19 29 18 35 5597 1 138747 19170 1.7 30 18 6 20 65% 775 1445 428 225%
c {  1.88 19 16 18 35 5597 3 138747 19170 1.9 18 9 4 9 55% 775 1445 428 225%
c e  1.91 19 17 18 35 6021 3 140507 20596 1.8 18 10 4 9 55% 694 1676 376 198%
c s  1.91 19 17 18 35 6021 3 140507 20596 1.8 18 10 4 9 55% 694 1649 376 198%
c e  1.91 19 17 18 35 6021 3 140507 20596 1.8 18 10 4 9 55% 697 1654 374 197%
c ^  1.91 19 17 18 35 6021 3 140507 20596 1.8 18 10 4 9 55% 697 1654 374 197%
c -  1.94 19 17 18 36 6324 3 141819 13187 1.8 18 10 4 9 54% 697 1654 374 197%
c -  2.05 19 18 18 37 7418 3 147823 15248 1.8 19 10 4 10 54% 697 1654 374 197%
c i  2.06 19 18 18 37 7419 3 148706 15950 1.8 18 10 4 10 54% 702 1654 371 195%
c -  2.17 19 18 18 38 8384 3 153905 15010 1.7 19 11 4 10 55% 677 1654 371 195%
c u  2.20 19 18 18 38 8631 3 154863 15494 1.7 19 11 4 10 55% 679 1649 371 195%
c v  2.22 19 18 18 38 8631 3 154863 15371 1.7 19 11 4 10 55% 679 1649 371 195%
c w  2.22 19 18 18 38 8631 3 154863 15359 1.7 19 11 4 10 55% 679 1649 371 195%
c x  2.23 19 18 18 38 8631 3 154863 15355 1.7 19 11 4 10 55% 690 1622 371 195%
c t  2.23 19 18 18 38 8631 3 154863 15355 1.7 19 11 4 10 55% 674 1622 371 195%
c
c seconds   switched    rate          size/glue  tier1    binary      remaining
c        MB   reductions  conflicts         size   tier2    irredundant
c         level    restarts      redundant     glue    trail      variables
c
c f  2.23 19 18 18 38 8631 3 154863 15355 1.7 19 11 4 10 55% 684 1571 375 197%
c u  2.24 19 18 18 38 8631 3 154863 15272 1.7 19 11 4 10 55% 684 1571 375 197%
c v  2.26 19 18 18 38 8631 3 154863 15074 1.7 19 11 4 10 55% 684 1571 375 197%
c w  2.26 19 18 18 38 8631 3 154863 15058 1.7 19 11 4 10 55% 684 1571 375 197%
c x  2.27 19 18 18 38 8631 3 154863 15058 1.7 19 11 4 10 55% 691 1555 375 197%
c t  2.27 19 18 18 38 8631 3 154863 15058 1.7 19 11 4 10 55% 684 1555 375 197%
c -  2.41 19 19 18 39 9758 3 160069 16338 1.7 19 12 4 11 54% 684 1555 375 197%
c }  2.43 19 19 19 39 9923 3 161094 17248 1.7 19 12 4 11 55% 684 1555 375 197%
c [  2.43 19 29 19 39 9923 1 161094 17248 1.7 30 18 6 20 65% 684 1555 375 197%
c W  2.44 19 29 19 39 9923 1 161094 17248 1.7 30 18 6 20 65% 684 1555 375 197%
c -  2.49 19 29 19 40 9927 1 166313 18406 1.6 29 18 6 20 65% 684 1555 375 197%
c -  2.57 20 29 19 41 9929 1 172637 18736 1.6 29 18 6 20 65% 684 1555 375 197%
c -  2.67 20 28 19 42 9934 1 179040 18773 1.7 29 18 6 19 65% 684 1555 375 197%
c O  2.75 20 29 19 42 9936 1 185322 24117 1.6 29 18 6 19 66% 684 1555 375 197%
c o  2.75 20 29 19 42 9936 1 185322 24117 1.6 29 18 6 19 66% 684 1555 375 197%
c -  2.76 20 29 19 43 9936 1 185521 19364 1.6 29 18 6 19 66% 684 1555 375 197%
c -  2.86 20 29 19 44 9937 1 192078 18658 1.6 30 18 6 19 65% 684 1555 375 197%
c u  2.95 22 29 19 44 9940 1 196887 22476 1.6 30 18 6 19 65% 684 1555 375 197%
c v  2.97 22 29 19 44 9940 1 196887 22418 1.6 30 18 6 19 65% 684 1555 375 197%
c w  2.97 23 29 19 44 9940 1 196887 22372 1.6 30 18 6 19 65% 684 1555 375 197%
c
c seconds   switched    rate          size/glue  tier1    binary      remaining
c        MB   reductions  conflicts         size   tier2    irredundant
c         level    restarts      redundant     glue    trail      variables
c
c x  2.98 23 29 19 44 9940 1 196887 22372 1.6 30 18 6 19 65% 691 1543 375 197%
c t  3.09 23 29 19 44 9940 1 196887 22372 1.6 30 18 6 19 65% 684 1543 375 197%
c ]  3.11 23 28 20 44 9941 1 198133 23324 1.6 29 18 6 19 65% 684 1543 375 197%
c {  3.11 23 19 20 44 9941 3 198133 23324 1.7 19 12 4 11 55% 684 1543 375 197%
c -  3.13 24 19 20 45 10036 3 198712 18038 1.7 19 12 4 11 55% 684 1543 375 197%
c -  3.23 24 19 20 46 10139 3 205421 20336 1.7 19 11 4 11 56% 684 1543 375 197%
c -  3.32 24 18 20 47 10247 3 212206 22235 1.7 19 11 4 11 57% 685 1543 375 197%
c -  3.41 25 18 20 48 10327 3 219061 22789 1.8 19 11 4 10 58% 687 1543 375 197%
c }  3.49 25 18 21 48 10379 3 224872 27567 1.8 19 11 4 10 59% 690 1543 375 197%
c [  3.49 25 28 21 48 10379 1 224872 27567 1.6 29 18 6 19 65% 690 1543 375 197%
c B  3.49 25 28 21 48 10379 1 224872 27567 1.6 29 18 6 19 65% 690 1543 375 197%
c -  3.51 25 28 21 49 10380 1 225992 23166 1.6 29 18 6 19 65% 690 1543 375 197%
c s  3.59 25 28 21 49 10384 1 232083 28236 1.6 29 18 6 19 65% 690 1538 375 197%
c e  3.59 25 28 21 49 10384 1 232083 28236 1.6 29 18 6 19 65% 606 1917 324 171%
c s  3.59 25 28 21 49 10384 1 232083 28236 1.6 29 18 6 19 65% 606 1849 324 171%
c ^  3.59 25 28 21 49 10384 1 232083 28236 1.6 29 18 6 19 65% 606 1849 324 171%
c -  3.61 26 28 21 50 10384 1 232996 14740 1.7 29 18 6 19 65% 606 1849 324 171%
c -  3.67 26 27 21 51 10388 1 240068 17615 1.7 28 17 6 18 66% 606 1849 324 171%
c b  3.71 26 26 21 51 10391 1 244502 20713 1.7 28 17 6 18 66% 607 1849 323 170%
c u  3.73 26 26 21 51 10391 1 244502 19911 1.7 28 17 6 18 66% 608 1849 323 170%
c
c seconds   switched     rate          size/glue  tier1    binary      remaining
c        MB   reductions   conflicts         size   tier2    irredundant
c         level    restarts       redundant     glue    trail      variables
c
c v  3.74 27 26 21 51 10391 1 244502 15891 1.7 28 17 6 18 66% 608 1849 323 170%
c w  3.74 27 26 21 51 10391 1 244502 12033 1.7 28 17 6 18 66% 608 1849 323 170%
c x  3.75 27 26 21 51 10391 1 244502 12031 1.7 28 17 6 18 66% 626 1793 323 170%
c t  3.75 27 26 21 51 10391 1 244502 12031 1.7 28 17 6 18 66% 605 1793 323 170%
c u  3.77 27 26 21 51 10391 1 244502 11596 1.7 28 17 6 18 66% 606 1793 323 170%
c v  3.78 27 26 21 51 10391 1 244502 11236 1.7 28 17 6 18 66% 607 1793 323 170%
c w  3.78 27 26 21 51 10391 1 244502 11107 1.7 28 17 6 18 66% 607 1793 323 170%
c x  3.79 27 26 21 51 10391 1 244502 11107 1.7 28 17 6 18 66% 607 1792 323 170%
c t  3.79 27 26 21 51 10391 1 244502 11107 1.7 28 17 6 18 66% 605 1792 323 170%
c -  3.82 28 26 21 52 10392 1 247209 12221 1.7 28 16 6 18 67% 592 1792 323 170%
c -  3.91 28 26 21 53 10393 1 254420 16187 1.7 28 16 6 18 67% 593 1792 323 170%
c W  3.93 28 26 21 53 10393 1 256324 17805 1.7 28 16 6 18 67% 593 1792 323 170%
c o  3.93 28 26 21 53 10393 1 256324 17805 1.7 28 16 6 18 67% 593 1792 323 170%
c ]  3.95 29 26 22 53 10394 1 257948 19236 1.7 28 16 6 18 67% 593 1792 323 170%
c {  3.95 29 18 22 53 10394 3 257948 19236 1.8 19 11 4 10 59% 593 1792 323 170%
c -  3.99 29 17 22 54 10402 3 261703 18965 1.8 19 11 4 10 60% 594 1792 323 170%
c -  4.08 29 16 22 55 10402 2 269051 20937 1.9 19 10 4 10 62% 600 1792 323 170%
c i  4.14 29 16 22 55 10402 2 273599 23952 1.9 19 10 4 10 63% 622 1792 322 169%
c -  4.19 30 16 22 56 10402 2 276467 16039 1.9 19 10 4 10 62% 586 1792 322 169%
c -  4.29 30 15 22 57 10403 2 283951 19681 1.9 18 9 4 10 62% 587 1792 322 169%
c
c seconds   switched     rate          size/glue tier1    binary      remaining
c        MB   reductions   conflicts         size  tier2    irredundant
c         level    restarts       redundant    glue    trail      variables
c
c }  4.36 30 14 23 57 10403 2 289464 23720 1.9 18 9 4 10 63% 588 1792 322 169%
c [  4.36 30 26 23 57 10403 1 289464 23720 1.7 28 16 6 18 67% 588 1792 322 169%
c -  4.40 30 25 23 58 10404 1 291501 22972 1.7 28 16 6 18 67% 589 1792 322 169%
c I  4.40 30 25 23 58 10405 1 291678 23109 1.7 28 16 6 18 67% 589 1792 322 169%
c u  4.50 32 25 23 58 10408 1 297147 26972 1.7 27 16 6 18 67% 595 1757 322 169%
c v  4.52 32 25 23 58 10408 1 297147 26316 1.7 27 16 6 18 67% 595 1757 322 169%
c w  4.53 32 25 23 58 10408 1 297147 26022 1.7 27 16 6 18 67% 595 1757 322 169%
c t  4.53 32 25 23 58 10408 1 297147 26022 1.7 27 16 6 18 67% 590 1757 322 169%
c -  4.56 32 25 23 59 10409 1 299116 24260 1.7 27 16 5 18 67% 590 1757 322 169%
c -  4.66 32 24 23 60 10413 1 306797 25670 1.7 27 16 5 17 68% 590 1757 322 169%
c -  4.78 33 24 23 61 10417 1 314542 26489 1.8 27 15 5 17 69% 591 1757 322 169%
c ]  4.83 33 24 24 61 10417 1 317575 29101 1.8 27 15 5 17 69% 591 1757 322 169%
c {  4.83 33 14 24 61 10417 2 317575 29101 1.9 18 9 4 10 63% 591 1757 322 169%
c -  4.91 33 14 24 62 10537 2 322353 27739 2.0 18 9 4 9 63% 593 1757 322 169%
c o  4.99 33 14 24 62 10792 2 327528 31968 2.0 18 9 4 9 63% 596 1757 322 169%
c -  5.04 33 14 24 63 10964 2 330228 28595 2.0 18 9 4 9 64% 596 1757 322 169%
c i  5.14 33 14 24 63 11353 2 336572 33511 1.9 18 9 4 9 64% 604 1757 321 169%
c -  5.16 33 14 24 64 11386 2 338165 26369 1.9 18 9 4 9 64% 580 1757 321 169%
c -  5.27 33 14 24 65 11637 2 346168 27531 1.9 18 9 4 9 64% 584 1757 321 169%
c s  5.37 33 14 24 65 11887 2 352402 32533 1.9 18 9 4 9 65% 587 1736 321 169%
c
c seconds   switched     rate          size/glue tier1   binary      remaining
c        MB   reductions   conflicts         size  tier2   irredundant
c         level    restarts       redundant    glue   trail      variables
c
c e  5.37 33 14 24 65 11887 2 352402 32533 1.9 18 9 4 9 65% 514 2281 279 147%
c s  5.37 33 14 24 65 11887 2 352402 32533 1.9 18 9 4 9 65% 514 2197 279 147%
c e  5.37 33 14 24 65 11887 2 352402 32533 1.9 18 9 4 9 65% 517 2214 277 146%
c !  5.37 33 14 24 65 11887 2 352402 32533 1.9 18 9 4 9 65% 517 2214 277 146%
c -  5.39 33 14 24 66 11978 2 354230 16003 1.9 18 9 4 9 65% 517 2214 277 146%
c }  5.39 33 14 25 66 11978 2 354253 16022 1.9 18 9 4 9 65% 517 2214 277 146%
c [  5.39 33 24 25 66 11978 1 354253 16022 1.8 27 15 5 17 69% 517 2214 277 146%
c B  5.39 33 24 25 66 11978 1 354253 16022 1.8 27 15 5 17 69% 517 2214 277 146%
c u  5.42 33 24 25 66 11979 1 355705 16563 1.8 27 15 5 17 69% 530 2214 277 146%
c v  5.44 33 24 25 66 11979 1 355705 15157 1.8 27 15 5 17 69% 528 2214 277 146%
c w  5.45 33 24 25 66 11979 1 355705 14955 1.8 27 15 5 17 69% 528 2214 277 146%
c x  5.45 33 24 25 66 11979 1 355705 14951 1.8 27 15 5 17 69% 558 2100 277 146%
c t  5.46 33 24 25 66 11979 1 355705 14951 1.8 27 15 5 17 69% 531 2100 277 146%
c f  5.46 33 24 25 66 11979 1 355705 14951 1.8 27 15 5 17 69% 546 1948 284 149%
c u  5.48 33 24 25 66 11979 1 355705 14242 1.8 27 15 5 17 69% 547 1948 284 149%
c v  5.49 33 24 25 66 11979 1 355705 13151 1.8 27 15 5 17 69% 547 1948 284 149%
c w  5.50 33 24 25 66 11979 1 355705 12831 1.8 27 15 5 17 69% 547 1948 284 149%
c x  5.51 33 24 25 66 11979 1 355705 12831 1.8 27 15 5 17 69% 548 1938 284 149%
c t  5.51 33 24 25 66 11979 1 355705 12831 1.8 27 15 5 17 69% 547 1938 284 149%
c -  5.58 35 23 25 67 11983 1 362355 16758 1.8 27 15 5 17 70% 547 1938 284 149%
c
c seconds   switched     rate          size/glue  tier1    binary      remaining
c        MB   reductions   conflicts         size   tier2    irredundant
c         level    restarts       redundant     glue    trail      variables
c
c -  5.68 35 24 25 68 11987 1 370542 20332 1.8 27 15 5 17 70% 548 1938 284 149%
c -  5.79 35 24 25 69 11991 1 378788 21024 1.8 27 15 5 17 71% 548 1938 284 149%
c -  5.91 35 24 25 70 11992 1 387094 21518 1.8 28 16 5 17 71% 549 1938 284 149%
c -  6.04 35 24 25 71 11999 1 395460 24019 1.8 28 15 5 17 72% 549 1938 284 149%
c ]  6.06 35 24 26 71 11999 1 396571 24926 1.8 27 15 5 17 72% 549 1938 284 149%
c {  6.06 35 14 26 71 11999 2 396571 24926 1.9 18 9 4 9 65% 549 1938 284 149%
c -  6.17 35 14 26 72 12467 2 403886 26427 1.9 18 9 4 9 65% 551 1938 284 149%
c o  6.23 35 14 26 72 12651 2 407871 29573 1.9 17 9 4 9 65% 553 1938 284 149%
c -  6.30 35 14 26 73 12800 2 412372 27353 1.9 17 9 4 9 65% 558 1938 284 149%
c i  6.32 35 14 26 73 12937 2 413845 28504 1.9 17 9 4 9 65% 558 1938 283 149%
c i  6.36 35 14 26 73 13023 2 416961 31127 1.9 17 9 4 9 66% 561 1938 282 148%
c u  6.42 37 14 26 73 13219 2 419507 29899 1.9 17 9 4 9 66% 548 1901 282 148%
c v  6.45 37 14 26 73 13219 2 419507 28844 1.9 17 9 4 9 66% 540 1901 282 148%
c w  6.46 37 14 26 73 13219 2 419507 28739 1.9 17 9 4 9 66% 538 1901 282 148%
c t  6.59 39 14 26 73 13219 2 419507 28739 1.9 17 9 4 9 66% 533 1901 282 148%
c -  6.62 39 14 26 74 13318 2 420916 25302 1.9 17 9 4 9 66% 533 1901 282 148%
c i  6.69 39 14 26 74 13490 2 425714 28926 1.9 17 9 4 9 66% 545 1901 281 148%
c -  6.74 39 14 26 75 13651 2 429519 23056 1.9 17 9 4 9 66% 521 1901 281 148%
c i  6.80 39 14 26 75 13707 2 434304 26867 1.9 17 9 4 9 67% 532 1901 280 147%
c i  6.82 39 14 26 75 13738 2 435461 27725 1.9 17 9 4 9 67% 538 1901 279 147%
c
c seconds   switched     rate          size/glue tier1   binary      remaining
c        MB   reductions   conflicts         size  tier2   irredundant
c         level    restarts       redundant    glue   trail      variables
c
c -  6.86 39 14 26 76 13844 2 438179 19236 1.9 17 9 4 9 67% 503 1901 279 147%
c }  6.87 39 14 27 76 13860 2 438790 19696 1.9 17 9 4 9 67% 504 1901 279 147%
c [  6.87 39 24 27 76 13860 1 438790 19696 1.8 27 15 5 17 72% 504 1901 279 147%
c W  6.87 39 24 27 76 13860 1 438790 19696 1.8 27 15 5 17 72% 502 1805 279 147%
c -  6.98 39 23 27 77 13865 1 446898 22843 1.8 28 15 5 17 72% 502 1805 279 147%
c i  7.05 39 23 27 77 13867 1 451666 26714 1.9 27 15 5 17 71% 506 1805 264 139%
c -  7.12 39 23 27 78 13870 1 455674 14380 1.9 27 15 5 16 72% 426 1805 264 139%
c -  7.24 39 22 27 79 13874 1 464505 19152 1.9 27 14 5 16 72% 428 1805 264 139%
c i  7.30 39 22 27 79 13874 1 467795 21720 1.9 27 14 5 16 72% 433 1805 245 129%
c i  7.35 39 22 27 79 13874 1 471663 24720 1.9 26 14 5 16 72% 440 1805 146 77%
c ]  7.35 39 22 27 79 13874 1 471671 24720 1.9 26 14 5 16 71% 442 1805 105 55%
c 0  7.35 39 14 27 79 13874 2 471671 24720 1.9 17 9 4 9 67% 442 1805 105 55%
c
c ---- [ result ] ------------------------------------------------------------
c
s UNSATISFIABLE
c
c ---- [ profiling ] ---------------------------------------------------------
c
c           6.31   85.82 %  search
c           3.18   43.25 %  focused
c           3.13   42.57 %  stable
c           1.01   13.75 %  probe
c           0.95   12.98 %  simplify
c           0.57    7.81 %  vivify
c           0.33    4.49 %  sweep
c           0.12    1.61 %  reduce
c           0.08    1.15 %  preprocess
c           0.08    1.06 %  factor
c           0.02    0.30 %  substitute
c           0.02    0.24 %  eliminate
c           0.01    0.14 %  walking
c           0.00    0.05 %  congruence
c           0.00    0.04 %  subsume
c           0.00    0.03 %  transitive
c           0.00    0.03 %  parse
c           0.00    0.02 %  backbone
c           0.00    0.01 %  lucky
c =============================================
c           7.35  100.00 %  total
c
c ---- [ statistics ] --------------------------------------------------------
c
c conflicts:                           471671            64123.45 per second
c decisions:                           839149                1.78 per conflict
c eliminated:                             478              252 %  variables
c factored:                               579              305 %  variables
c iterations:                              13                7 %  variables
c propagations:                      23711987          3223633    per second
c reductions:                              79             5971    interval
c reordered:                                9            52408    interval
c rephased:                                17            27745    interval
c restarts:                             13874               34    interval
c strengthened:                            38                0 %  checks
c subsumed:                               275                0 %  checks
c switched:                                27            17469    interval
c vivified:                             21645               47 %  checks
c walks:                                    6            78612    interval
c
c ---- [ glue usage ] --------------------------------------------------------
c
c focused glue 4   used 176534 clauses 15.48% accumulated 62.65% tier1
c focused glue 5   used 112336 clauses  9.85% accumulated 72.50%
c focused glue 6-7 used 142001 clauses 12.46% accumulated 84.96%
c focused glue 8   used  45720 clauses  4.01% accumulated 88.97%
c focused glue 9   used  32954 clauses  2.89% accumulated 91.86% tier2
c
c stable glue 5    used  99468 clauses  7.31% accumulated 55.30% tier1
c stable glue 6    used  81000 clauses  5.95% accumulated 61.25%
c stable glue 7-14 used 357452 clauses 26.26% accumulated 87.51%
c stable glue 15   used  23303 clauses  1.71% accumulated 89.22%
c stable glue 16   used  20196 clauses  1.48% accumulated 90.71% tier2
c
c ---- [ resources ] ---------------------------------------------------------
c
c maximum-resident-set-size:      41859153920 bytes      39920 MB
c process-time:                             7s               7.35 seconds
c
c ---- [ shutting down ] -----------------------------------------------------
c
c exit 20
