c ---- [ banner ] ------------------------------------------------------------
c
c Kissat SAT Solver
c 
c Copyright (c) 2021-2024 Armin Biere University of Freiburg
c Copyright (c) 2019-2021 Armin Biere Johannes Kepler University Linz
c 
c Version 4.0.4 8af8e56f174b778aef3aa45af9f739b2a5f492c2
c Apple clang version 17.0.0 (clang-1700.6.3.2) -W -Wall -O3 -DNDEBUG
c Mon Mar 30 18:25:47 CEST 2026 Darwin Mac 24.6.0 arm64
c
c ---- [ parsing ] -----------------------------------------------------------
c
c opened and reading DIMACS file:
c
c   tmp.cnf
c
c parsed 'p cnf 78 9295' header
c closing input after reading 192844 bytes (188 KB)
c finished parsing after 0.00 seconds
c
c ---- [ solving ] -----------------------------------------------------------
c
c seconds switched rate     size/glue tier1 binary     remaining
c        MB reductions conflicts size  tier2  irredundant
c         level restarts redundant glue  trail     variables
c
c *  0.00  3 0 0 0  0 0   0   0 0.0 0 0 0 0 0%   0 9295 78 100%
c (  0.00  3 0 0 0  0 0   0   0 0.0 0 0 0 0 0%   0 9295 78 100%
c .  0.00  3 0 0 0  0 0   0   0 0.0 0 0 0 0 0%   0 9295 78 100%
c f  0.04  4 0 0 0  0 0   0   0 0.0 0 0 0 0 0% 339 3717 245 314%
c )  0.04  4 0 0 0  0 0   0   0 0.0 0 0 0 0 0% 339 3717 245 314%
c {  0.04  4 0 0 0  0 0   0   0 0.0 0 0 2 6 0% 339 3717 245 314%
c -  0.05  4 20 0 1 42 2 1000 628 1.5 18 12 9 16 55% 339 3717 245 314%
c }  0.05  4 20 1 1 42 2 1000 628 1.5 18 12 9 16 55% 339 3717 245 314%
c [  0.05  4 0 1 1 42 0 1000 628 0.0 0 0 2 6 0% 339 3717 245 314%
c B  0.05  4 12 1 1 42 2 1001 629 1.9 17 9 2 6 66% 339 3717 245 314%
c -  0.06  4 20 1 2 42 1 2002 1452 1.4 20 14 10 18 59% 339 3717 245 314%
c W  0.06  4 20 1 2 42 1 2002 1452 1.4 20 14 10 18 59% 339 3717 245 314%
c ]  0.06  4 20 2 2 42 1 2022 1465 1.4 20 14 10 18 59% 339 3717 245 314%
c {  0.06  4 20 2 2 42 2 2022 1465 1.5 18 12 9 16 55% 339 3717 245 314%
c }  0.07  4 19 3 2 58 2 3023 2330 1.6 17 11 9 15 55% 339 3717 245 314%
c [  0.07  4 20 3 2 58 1 3023 2330 1.4 20 14 10 18 59% 339 3717 245 314%
c u  0.07  4 18 3 2 58 1 3371 2542 1.4 19 13 10 18 58% 339 3717 245 314%
c v  0.08  4 18 3 2 58 1 3371 2468 1.4 19 13 10 18 58% 339 3717 245 314%
c w  0.08  4 18 3 2 58 1 3371 2451 1.4 19 13 10 18 58% 339 3717 245 314%
c x  0.08  4 18 3 2 58 1 3371 2451 1.4 19 13 10 18 58% 339 3333 245 314%
c
c seconds  switched rate       size/glue  tier1    binary      remaining
c        MB reductions conflicts     size   tier2    irredundant
c         level restarts  redundant     glue    trail      variables
c
c -  0.08  4 18 3 3 58 1 3417 2272 1.5 18 13 9 17 58% 339 3333 245 314%
c ]  0.08  5 17 4 3 58 1 3989 2737 1.5 18 12 9 17 58% 339 3333 245 314%
c {  0.08  5 19 4 3 58 2 3989 2737 1.6 17 11 9 15 55% 339 3333 245 314%
c -  0.09  5 17 4 4 75 1 5149 3284 1.7 17 10 8 14 55% 339 3333 245 314%
c }  0.11  5 16 5 4 130 2 6343 4347 1.7 17 10 8 14 56% 339 3333 245 314%
c [  0.11  5 17 5 4 130 1 6343 4347 1.5 18 12 9 17 58% 339 3333 245 314%
c I  0.11  5 17 5 4 130 1 6343 4347 1.5 18 12 9 17 58% 339 3333 245 314%
c -  0.11  5 16 5 5 130 1 7151 4499 1.6 17 11 8 15 58% 339 3333 245 314%
c ]  0.13  5 15 6 5 132 1 8716 5680 1.6 16 10 8 15 58% 339 3333 245 314%
c {  0.13  5 16 6 5 132 2 8716 5680 1.7 17 10 8 14 56% 339 3333 245 314%
c -  0.13  5 16 6 6 134 2 9388 5707 1.7 17 10 8 13 56% 339 3333 245 314%
c u  0.15  5 15 6 6 134 1 10498 6648 1.7 16 9 8 13 58% 339 3333 245 314%
c v  0.15  5 15 6 6 134 1 10498 6642 1.7 16 9 8 13 58% 339 3333 245 314%
c w  0.15  5 15 6 6 134 1 10498 6641 1.7 16 9 8 13 58% 339 3333 245 314%
c x  0.15  5 15 6 6 134 1 10498 6641 1.7 16 9 8 13 58% 339 3136 245 314%
c o  0.17  5 15 6 6 134 1 10498 6641 1.7 16 9 8 13 58% 339 3136 245 314%
c -  0.18  6 14 6 7 134 1 11837 6831 1.7 16 9 7 11 58% 339 3136 245 314%
c }  0.19  6 14 7 7 134 1 12785 7639 1.7 16 9 7 11 58% 339 3136 245 314%
c [  0.19  6 15 7 7 134 1 12785 7639 1.6 16 10 8 15 58% 339 3136 245 314%
c B  0.19  6 15 7 7 134 1 12785 7639 1.6 16 10 8 15 58% 339 3136 245 314%
c
c seconds  switched  rate        size/glue  tier1    binary      remaining
c        MB reductions conflicts       size   tier2    irredundant
c         level restarts    redundant     glue    trail      variables
c
c -  0.21  7 16 7 8 135 1 14482 7829 1.5 17 11 8 15 56% 339 3136 245 314%
c ]  0.23  7 16 8 8 136 1 16631 9706 1.5 17 12 8 15 55% 339 3136 245 314%
c {  0.23  7 14 8 8 136 1 16631 9706 1.7 16 9 7 11 58% 339 3136 245 314%
c s  0.23  7 14 8 8 211 1 16852 9915 1.7 16 9 7 11 58% 339 2287 245 314%
c ^  0.24  7 14 8 8 211 1 16852 9915 1.7 16 9 7 11 58% 339 2287 245 314%
c -  0.24  7 14 8 9 253 2 17313 8773 1.7 16 9 7 11 58% 339 2287 245 314%
c -  0.29  8 14 8 10 571 2 20313 9872 1.7 15 9 7 11 57% 339 2287 245 314%
c o  0.29  8 14 8 10 614 2 20498 10044 1.7 15 9 7 11 57% 339 2287 245 314%
c u  0.31  8 14 8 10 732 2 21662 11061 1.7 15 9 7 11 56% 339 2287 245 314%
c v  0.32  8 14 8 10 732 2 21662 11050 1.7 15 9 7 11 56% 339 2287 245 314%
c w  0.32  8 14 8 10 732 2 21662 11049 1.7 15 9 7 11 56% 339 2287 245 314%
c x  0.32  8 14 8 10 732 2 21662 11049 1.7 15 9 7 11 56% 339 2284 245 314%
c }  0.34  8 15 9 10 963 2 22791 12093 1.6 15 9 7 11 56% 339 2284 245 314%
c [  0.34  8 16 9 10 963 1 22791 12093 1.5 17 12 8 15 55% 339 2284 245 314%
c W  0.35  9 16 9 10 963 1 22791 12093 1.5 17 12 8 15 55% 339 2284 245 314%
c -  0.35  9 17 9 11 963 1 23478 10918 1.5 18 12 8 15 56% 339 2284 245 314%
c -  0.39 10 18 9 12 965 1 26795 11830 1.5 18 12 8 16 57% 339 2284 245 314%
c -  0.44 11 18 9 13 968 1 30259 12684 1.5 19 13 7 16 58% 339 2284 245 314%
c O  0.44 11 18 9 13 968 1 30319 12736 1.5 19 13 7 16 58% 339 2284 245 314%
c ]  0.45 11 18 10 13 969 1 31245 13537 1.5 19 13 7 16 58% 339 2284 245 314%
c
c seconds   switched   rate         size/glue tier1    binary      remaining
c        MB   reductions conflicts        size  tier2    irredundant
c         level   restarts     redundant    glue    trail      variables
c
c {  0.45 11 15 10 13 969 2 31245 13537 1.6 15 9 7 11 56% 339 2284 245 314%
c -  0.50 11 15 10 14 1206 2 33864 12842 1.6 15 9 6 11 56% 339 2284 245 314%
c e  0.52 11 15 10 14 1255 2 34962 13813 1.6 15 9 6 11 55% 296 2349 223 286%
c ^  0.52 11 15 10 14 1255 2 34962 13813 1.6 15 9 6 11 55% 296 2349 223 286%
c -  0.56 12 15 10 15 1425 2 37605 12550 1.7 15 9 6 11 55% 296 2349 223 286%
c u  0.57 12 15 10 15 1429 2 37784 12640 1.6 15 9 6 11 55% 296 2349 223 286%
c v  0.58 13 15 10 15 1429 2 37784 12569 1.6 15 9 6 11 55% 296 2349 223 286%
c w  0.59 13 15 10 15 1429 2 37784 12557 1.6 15 9 6 11 55% 296 2349 223 286%
c f  0.59 13 15 10 15 1429 2 37784 12557 1.6 15 9 6 11 55% 367 2157 256 328%
c u  0.59 13 15 10 15 1429 2 37784 12498 1.6 15 9 6 11 55% 367 2157 256 328%
c v  0.60 14 15 10 15 1429 2 37784 12489 1.6 15 9 6 11 55% 367 2157 256 328%
c w  0.60 14 15 10 15 1429 2 37784 12470 1.6 15 9 6 11 55% 367 2157 256 328%
c }  0.68 14 15 11 15 1659 2 39875 14357 1.6 15 9 6 11 55% 367 2157 256 328%
c [  0.68 14 18 11 15 1659 1 39875 14357 1.5 19 13 7 16 58% 367 2157 256 328%
c B  0.68 14 18 11 15 1659 1 40081 14525 1.5 19 13 7 16 58% 367 2157 256 328%
c -  0.71 15 18 11 16 1660 1 41478 13661 1.5 19 13 7 16 58% 367 2157 256 328%
c -  0.77 15 18 11 17 1663 1 45478 14798 1.5 18 12 7 15 58% 367 2157 256 328%
c ]  0.82 15 17 12 17 1665 1 49442 17924 1.5 18 12 7 15 58% 367 2157 256 328%
c {  0.82 15 15 12 17 1665 2 49442 17924 1.6 15 9 6 11 55% 367 2157 256 328%
c o  0.82 15 15 12 17 1669 2 49459 17941 1.6 15 9 6 11 55% 367 2157 256 328%
c
c seconds   switched    rate         size/glue tier1    binary      remaining
c        MB   reductions  conflicts        size  tier2    irredundant
c         level    restarts     redundant    glue    trail      variables
c
c -  0.83 15 15 12 18 1708 2 49601 15731 1.6 15 9 6 11 55% 367 2157 256 328%
c -  0.90 15 14 12 19 1910 2 53847 16908 1.6 15 9 6 11 54% 368 2157 256 328%
c -  0.98 15 14 12 20 2187 2 58207 16830 1.6 15 9 5 10 55% 368 2157 256 328%
c u  0.99 16 14 12 20 2187 2 58681 17079 1.6 15 9 5 10 55% 368 2157 256 328%
c v  1.01 16 14 12 20 2187 2 58681 16991 1.6 15 9 5 10 55% 368 2157 256 328%
c w  1.01 16 14 12 20 2187 2 58681 16961 1.6 15 9 5 10 55% 368 2157 256 328%
c }  1.07 16 15 13 20 2714 2 60922 19063 1.6 15 9 5 10 55% 368 2157 256 328%
c [  1.07 16 17 13 20 2714 1 60922 19063 1.5 18 12 7 15 58% 368 2157 256 328%
c W  1.08 16 17 13 20 2714 1 60922 19063 1.5 18 12 7 15 58% 368 2157 256 328%
c -  1.10 16 18 13 21 2715 1 62681 17514 1.5 18 12 7 15 58% 368 2157 256 328%
c -  1.17 16 18 13 22 2719 1 67264 17972 1.5 19 12 7 15 59% 368 2157 256 328%
c -  1.24 16 18 13 23 2720 1 71956 18053 1.5 19 13 7 15 60% 368 2157 256 328%
c s  1.28 16 18 13 23 2721 1 74177 19903 1.5 19 13 7 15 60% 368 2156 256 328%
c e  1.28 16 18 13 23 2721 1 74177 19903 1.5 19 13 7 15 60% 335 2209 229 294%
c ^  1.28 16 18 13 23 2721 1 74177 19903 1.5 19 13 7 15 60% 335 2209 229 294%
c ]  1.30 16 19 14 23 2723 1 75472 18998 1.5 19 13 7 15 60% 335 2209 229 294%
c {  1.30 16 15 14 23 2723 2 75472 18998 1.6 15 9 5 10 55% 335 2209 229 294%
c -  1.33 16 15 14 24 2866 2 76752 16698 1.6 15 9 5 10 55% 335 2209 229 294%
c o  1.38 16 14 14 24 2975 2 80037 19437 1.6 15 9 5 10 55% 335 2209 229 294%
c -  1.42 16 14 14 25 3146 2 81653 18220 1.6 15 9 5 10 55% 335 2209 229 294%
c
c seconds   switched    rate         size/glue tier1    binary      remaining
c        MB   reductions  conflicts        size  tier2    irredundant
c         level    restarts     redundant    glue    trail      variables
c
c u  1.49 16 14 14 25 3479 2 84388 20441 1.6 15 9 5 10 55% 335 2209 229 294%
c v  1.51 18 14 14 25 3479 2 84388 20272 1.6 15 9 5 10 55% 335 2209 229 294%
c w  1.51 18 14 14 25 3479 2 84388 20246 1.6 15 9 5 10 55% 335 2209 229 294%
c f  1.51 19 14 14 25 3479 2 84388 20246 1.6 15 9 5 10 55% 348 2171 234 300%
c u  1.53 22 14 14 25 3479 2 84388 20127 1.6 15 9 5 10 55% 348 2171 234 300%
c v  1.54 22 14 14 25 3479 2 84388 19987 1.6 15 9 5 10 55% 348 2171 234 300%
c w  1.54 22 14 14 25 3479 2 84388 19986 1.6 15 9 5 10 55% 348 2171 234 300%
c x  1.55 22 14 14 25 3479 2 84388 19982 1.6 15 9 5 10 55% 348 2151 234 300%
c -  1.62 22 15 14 26 3929 3 86653 19555 1.6 15 9 5 10 55% 348 2151 234 300%
c }  1.68 22 15 15 26 4077 2 90189 22637 1.6 15 9 5 10 55% 348 2151 234 300%
c [  1.68 22 19 15 26 4077 1 90189 22637 1.5 19 13 7 15 60% 348 2151 234 300%
c I  1.68 22 19 15 26 4077 1 90189 22637 1.5 19 13 7 15 60% 348 2151 234 300%
c -  1.71 22 18 15 27 4078 1 91752 21012 1.5 19 13 7 15 60% 348 2151 234 300%
c -  1.79 22 18 15 28 4082 1 96951 21545 1.5 19 12 6 15 60% 348 2151 234 300%
c -  1.87 22 17 15 29 4083 1 102242 22242 1.5 18 12 6 15 61% 348 2151 234 300%
c -  1.96 22 17 15 30 4087 1 107628 22674 1.5 18 12 6 14 61% 348 2151 234 300%
c B  1.97 22 17 15 30 4088 1 107991 22971 1.5 18 12 6 14 61% 348 2151 234 300%
c ]  2.00 22 17 16 30 4089 1 109804 24521 1.5 18 12 6 14 61% 348 2151 234 300%
c {  2.00 22 15 16 30 4089 2 109804 24521 1.6 15 9 5 10 55% 348 2151 234 300%
c -  2.08 22 15 16 31 4387 2 113106 23404 1.6 15 9 5 10 55% 348 2151 234 300%
c
c seconds   switched    rate          size/glue tier1    binary      remaining
c        MB   reductions  conflicts         size  tier2    irredundant
c         level    restarts      redundant    glue    trail      variables
c
c u  2.13 25 14 16 31 4392 2 115144 25064 1.6 15 9 5 10 55% 348 2151 234 300%
c v  2.15 25 14 16 31 4392 2 115144 24924 1.6 15 9 5 10 55% 348 2151 234 300%
c w  2.16 25 14 16 31 4392 2 115144 24843 1.6 15 9 5 10 55% 348 2151 234 300%
c -  2.32 25 14 16 32 4713 2 118673 22082 1.6 15 9 4 10 55% 348 2151 234 300%
c o  2.36 25 14 16 32 4849 2 120045 23167 1.6 15 9 4 10 55% 348 2151 234 300%
c -  2.46 25 14 16 33 5290 2 124329 22524 1.6 14 9 4 10 55% 349 2151 234 300%
c }  2.53 25 14 17 33 5420 2 128141 25766 1.6 14 9 4 10 56% 349 2151 234 300%
c [  2.53 25 17 17 33 5420 1 128141 25766 1.5 18 12 6 14 61% 349 2151 234 300%
c W  2.55 26 17 17 33 5420 1 128903 26357 1.5 18 12 6 14 61% 349 2151 234 300%
c -  2.58 27 17 17 34 5421 1 130074 23095 1.5 18 12 6 14 61% 349 2151 234 300%
c -  2.68 27 17 17 35 5425 1 135906 23394 1.5 18 12 6 14 61% 349 2151 234 300%
c s  2.71 27 17 17 35 5426 1 137759 24974 1.5 18 12 6 14 62% 349 2149 234 300%
c e  2.71 27 17 17 35 5426 1 137759 24974 1.5 18 12 6 14 62% 283 2330 200 256%
c ^  2.71 27 17 17 35 5426 1 137759 24974 1.5 18 12 6 14 62% 283 2330 200 256%
c -  2.77 28 18 17 36 5428 1 141823 19087 1.5 18 12 6 14 62% 283 2330 200 256%
c -  2.88 28 18 17 37 5432 1 147825 19886 1.5 19 12 6 14 62% 283 2330 200 256%
c u  2.94 29 18 17 37 5433 1 151087 22577 1.5 19 12 6 14 62% 283 2330 200 256%
c v  2.96 29 18 17 37 5433 1 151087 22332 1.5 19 12 6 14 62% 283 2330 200 256%
c w  2.97 29 18 17 37 5433 1 151087 21094 1.5 19 12 6 14 62% 283 2330 200 256%
c x  2.98 29 18 17 37 5433 1 151087 21092 1.5 19 12 6 14 62% 283 2310 200 256%
c
c seconds   switched    rate          size/glue  tier1    binary      remaining
c        MB   reductions  conflicts         size   tier2    irredundant
c         level    restarts      redundant     glue    trail      variables
c
c f  2.98 29 18 17 37 5433 1 151087 21092 1.5 19 12 6 14 62% 287 2287 202 259%
c u  3.00 29 18 17 37 5433 1 151087 21043 1.5 19 12 6 14 62% 287 2287 202 259%
c v  3.01 31 18 17 37 5433 1 151087 20931 1.5 19 12 6 14 62% 287 2287 202 259%
c w  3.02 32 18 17 37 5433 1 151087 20924 1.5 19 12 6 14 62% 287 2287 202 259%
c x  3.03 32 18 17 37 5433 1 151087 20924 1.5 19 12 6 14 62% 287 2281 202 259%
c O  3.07 32 18 17 37 5434 1 153130 22722 1.5 19 12 6 14 62% 287 2281 202 259%
c ]  3.07 32 18 18 37 5434 1 153406 22957 1.5 19 12 6 14 62% 287 2281 202 259%
c {  3.07 32 14 18 37 5434 2 153406 22957 1.6 14 9 4 10 56% 287 2281 202 259%
c -  3.09 32 14 18 38 5549 2 153908 19617 1.6 14 9 4 10 56% 287 2281 202 259%
c -  3.26 32 15 18 39 6125 2 160074 21636 1.6 15 9 4 10 56% 287 2281 202 259%
c -  3.44 32 15 18 40 6606 2 166318 23331 1.6 15 9 4 10 56% 287 2281 202 259%
c o  3.57 32 15 18 40 7015 2 170505 26873 1.6 15 9 4 10 56% 287 2281 202 259%
c -  3.65 33 15 18 41 7249 2 172642 24912 1.6 15 9 4 10 56% 287 2281 202 259%
c }  3.76 33 15 19 41 7610 2 175751 27464 1.6 15 9 4 10 56% 287 2281 202 259%
c [  3.76 33 18 19 41 7610 1 175751 27464 1.5 19 12 6 14 62% 287 2281 202 259%
c -  3.83 33 18 19 42 7612 1 179047 25916 1.5 19 12 6 14 62% 287 2281 202 259%
c B  3.87 33 18 19 42 7613 1 180872 27363 1.5 19 12 6 14 62% 287 2281 202 259%
c -  3.96 33 18 19 43 7616 1 185527 26493 1.5 18 12 5 14 62% 287 2281 202 259%
c -  4.08 34 18 19 44 7619 1 192085 26305 1.5 19 12 5 14 62% 287 2281 202 259%
c u  4.11 34 18 19 44 7619 1 192137 26002 1.5 19 12 5 14 62% 287 2281 202 259%
c
c seconds   switched    rate          size/glue  tier1    binary      remaining
c        MB   reductions  conflicts         size   tier2    irredundant
c         level    restarts      redundant     glue    trail      variables
c
c v  4.15 34 18 19 44 7619 1 192137 25615 1.5 19 12 5 14 62% 287 2281 202 259%
c w  4.16 34 18 19 44 7619 1 192137 25190 1.5 19 12 5 14 62% 287 2281 202 259%
c -  4.29 34 18 19 45 7623 1 198719 24981 1.5 19 13 5 14 62% 287 2281 202 259%
c -  4.42 34 17 19 46 7624 1 205427 26243 1.5 18 12 5 14 62% 287 2281 202 259%
c -  4.55 35 17 19 47 7627 1 212209 28140 1.5 18 12 5 14 62% 287 2281 202 259%
c W  4.56 35 17 19 47 7627 1 212322 28221 1.5 18 12 5 14 62% 287 2281 202 259%
c ]  4.59 35 17 20 47 7628 1 213615 29338 1.5 18 12 5 14 62% 287 2281 202 259%
c {  4.59 35 15 20 47 7628 2 213615 29338 1.6 15 9 4 10 56% 287 2281 202 259%
c -  4.71 36 15 20 48 7846 2 219065 29481 1.6 15 9 4 10 56% 287 2281 202 259%
c -  4.92 36 15 20 49 8626 2 225996 27796 1.6 15 9 3 10 56% 287 2281 202 259%
c s  4.96 36 15 20 49 8635 2 227697 29260 1.6 15 9 3 10 56% 287 2189 202 259%
c e  4.96 36 15 20 49 8635 2 227697 29260 1.6 15 9 3 10 56% 238 2420 173 222%
c ^  4.96 36 15 20 49 8635 2 227697 29260 1.6 15 9 3 10 56% 238 2420 173 222%
c o  5.02 36 15 20 49 8833 2 230685 22501 1.6 15 9 3 10 57% 238 2420 173 222%
c -  5.07 38 15 20 50 9030 2 232997 20663 1.6 15 9 3 10 57% 238 2420 173 222%
c u  5.21 38 15 20 50 9396 2 238603 25124 1.6 15 9 3 10 57% 238 2420 173 222%
c v  5.23 38 15 20 50 9396 2 238603 24876 1.6 15 9 3 10 57% 238 2420 173 222%
c w  5.24 38 15 20 50 9396 2 238603 24860 1.6 15 9 3 10 57% 238 2420 173 222%
c x  5.25 38 15 20 50 9396 2 238603 24837 1.6 15 9 3 10 57% 238 2269 173 222%
c -  5.28 39 15 20 51 9448 2 240069 22710 1.6 15 9 3 10 57% 238 2269 173 222%
c
c seconds   switched    rate          size/glue tier1    binary      remaining
c        MB   reductions  conflicts         size  tier2    irredundant
c         level    restarts      redundant    glue    trail      variables
c
c }  5.29 39 15 21 51 9491 2 240355 22952 1.6 15 9 3 10 57% 238 2269 173 222%
c [  5.29 39 17 21 51 9491 1 240355 22952 1.5 18 12 5 14 62% 238 2269 173 222%
c -  5.40 39 17 21 52 9496 1 247210 23273 1.5 18 12 5 14 62% 238 2269 173 222%
c I  5.41 39 17 21 52 9496 1 247673 23669 1.5 18 12 5 14 62% 238 2269 173 222%
c -  5.52 39 17 21 53 9499 1 254422 23498 1.5 18 12 5 14 62% 238 2269 173 222%
c -  5.65 39 17 21 54 9504 1 261703 23562 1.5 18 12 5 13 62% 238 2269 173 222%
c -  5.78 39 17 21 55 9505 1 269052 23802 1.5 18 12 4 13 62% 239 2269 173 222%
c -  5.91 39 17 21 56 9508 1 276469 23504 1.5 18 12 4 13 62% 239 2269 173 222%
c ]  5.92 39 17 22 56 9508 1 277334 24187 1.5 18 12 4 13 62% 239 2269 173 222%
c {  5.92 39 15 22 56 9508 2 277334 24187 1.6 15 9 3 10 57% 239 2269 173 222%
c -  6.04 39 14 22 57 9515 2 283952 25321 1.6 15 9 3 10 58% 239 2269 173 222%
c u  6.19 42 14 22 57 9534 2 290845 31042 1.7 15 9 3 10 58% 239 2269 173 222%
c v  6.21 43 14 22 57 9534 2 290845 30087 1.7 15 9 3 10 58% 239 2269 173 222%
c w  6.22 43 14 22 57 9534 2 290845 29304 1.7 15 9 3 10 58% 239 2269 173 222%
c x  6.23 43 14 22 57 9534 2 290845 29304 1.7 15 9 3 10 58% 239 2250 173 222%
c -  6.42 48 14 22 58 9534 2 291501 26702 1.7 15 9 3 9 59% 239 2250 173 222%
c -  6.55 48 14 22 59 9534 2 299116 28338 1.7 15 9 3 9 59% 239 2250 173 222%
c -  6.68 48 13 22 60 9534 2 306798 28778 1.7 15 9 3 9 59% 239 2250 173 222%
c }  6.71 48 13 23 60 9534 2 308850 30460 1.7 15 9 3 9 59% 239 2250 173 222%
c [  6.71 48 17 23 60 9534 1 308850 30460 1.5 18 12 4 13 62% 239 2250 173 222%
c
c seconds   switched    rate          size/glue  tier1    binary      remaining
c        MB   reductions  conflicts         size   tier2    irredundant
c         level    restarts      redundant     glue    trail      variables
c
c B  6.71 48 17 23 60 9534 1 308850 30460 1.5 18 12 4 13 62% 239 2250 173 222%
c o  6.71 48 17 23 60 9534 1 308850 30460 1.5 18 12 4 13 62% 239 2250 173 222%
c -  6.82 48 17 23 61 9538 1 314544 28028 1.5 18 12 4 13 62% 239 2250 173 222%
c -  6.97 48 17 23 62 9542 1 322357 25653 1.5 18 12 4 13 62% 239 2250 173 222%
c -  7.14 48 17 23 63 9547 1 330234 24361 1.5 18 12 4 13 63% 239 2250 173 222%
c ]  7.23 48 17 24 63 9548 1 335106 28244 1.5 18 12 4 13 63% 239 2250 173 222%
c {  7.23 48 13 24 63 9548 2 335106 28244 1.7 15 9 3 9 59% 239 2250 173 222%
c -  7.32 48 13 24 64 9832 2 338172 25950 1.7 15 9 3 9 59% 239 2250 173 222%
c -  7.52 48 13 24 65 10431 2 346173 28999 1.7 15 9 3 9 59% 239 2250 173 222%
c s  7.53 48 13 24 65 10482 2 346401 29201 1.7 15 9 3 9 59% 239 2249 173 222%
c e  7.53 48 13 24 65 10482 2 346401 29201 1.7 15 9 3 9 59% 184 2672 143 183%
c s  7.53 48 13 24 65 10482 2 346401 29201 1.7 15 9 3 9 59% 184 2670 143 183%
c !  7.53 48 13 24 65 10482 2 346401 29201 1.7 15 9 3 9 59% 184 2670 143 183%
c u  7.60 48 13 24 65 10641 2 348818 18879 1.7 15 9 3 9 59% 184 2670 143 183%
c v  7.62 51 13 24 65 10641 2 348818 18651 1.7 15 9 3 9 59% 184 2670 143 183%
c w  7.63 51 13 24 65 10641 2 348818 18400 1.7 15 9 3 9 59% 184 2670 143 183%
c x  7.65 51 13 24 65 10641 2 348818 18399 1.7 15 9 3 9 59% 184 2670 143 183%
c f  7.65 51 13 24 65 10641 2 348818 18399 1.7 15 9 3 9 59% 199 2533 149 191%
c u  7.69 52 13 24 65 10641 2 348818 17590 1.7 15 9 3 9 59% 199 2533 149 191%
c v  7.72 52 13 24 65 10641 2 348818 17293 1.7 15 9 3 9 59% 199 2533 149 191%
c
c seconds   switched     rate          size/glue tier1   binary      remaining
c        MB   reductions   conflicts         size  tier2   irredundant
c         level    restarts       redundant    glue   trail      variables
c
c w  7.74 52 13 24 65 10641 2 348818 17262 1.7 15 9 3 9 59% 199 2533 149 191%
c -  7.81 53 13 24 66 10727 2 354238 18796 1.7 14 9 3 9 59% 199 2533 149 191%
c -  7.95 53 13 24 67 11181 2 362365 22679 1.7 14 9 3 9 60% 200 2533 149 191%
c -  8.11 53 13 24 68 11981 2 370550 24988 1.7 14 9 3 9 60% 200 2533 149 191%
c }  8.14 53 13 25 68 12105 2 371784 26072 1.7 14 9 3 9 60% 200 2533 149 191%
c [  8.14 53 17 25 68 12105 1 371784 26072 1.5 18 12 4 13 63% 200 2533 149 191%
c W  8.14 54 17 25 68 12105 1 371784 26072 1.5 18 12 4 13 63% 200 2533 149 191%
c -  8.25 55 17 25 69 12110 1 378797 24660 1.5 18 12 4 13 63% 200 2533 149 191%
c -  8.39 55 17 25 70 12114 1 387104 23770 1.5 18 12 4 13 63% 200 2533 149 191%
c -  8.53 55 17 25 71 12118 1 395470 24481 1.5 18 12 4 13 64% 200 2533 149 191%
c -  8.67 55 17 25 72 12119 1 403898 25435 1.5 18 12 4 13 64% 200 2533 149 191%
c u  8.82 56 17 25 72 12125 1 411601 31143 1.5 18 12 4 13 64% 200 2533 149 191%
c v  8.84 56 17 25 72 12125 1 411601 30951 1.5 18 12 4 13 64% 200 2533 149 191%
c w  8.86 56 17 25 72 12125 1 411601 29623 1.5 18 12 4 13 64% 200 2533 149 191%
c x  8.87 57 17 25 72 12125 1 411601 29622 1.5 18 12 4 13 64% 200 2533 149 191%
c o  8.87 57 17 25 72 12125 1 411601 29622 1.5 18 12 4 13 64% 200 2533 149 191%
c -  8.89 57 17 25 73 12125 1 412383 24465 1.5 18 12 4 13 64% 200 2533 149 191%
c ]  8.96 57 17 26 73 12126 1 416489 27977 1.5 18 12 4 13 65% 200 2533 149 191%
c {  8.96 57 13 26 73 12126 2 416489 27977 1.7 14 9 3 9 60% 200 2533 149 191%
c -  9.06 57 13 26 74 12419 2 420928 25478 1.7 14 9 3 9 60% 200 2533 149 191%
c
c seconds   switched     rate          size/glue tier1   binary      remaining
c        MB   reductions   conflicts         size  tier2   irredundant
c         level    restarts       redundant    glue   trail      variables
c
c -  9.24 57 13 26 75 12912 2 429530 27117 1.7 14 9 3 9 60% 201 2533 149 191%
c -  9.41 57 13 26 76 13220 2 438190 28893 1.7 14 9 3 9 60% 202 2533 149 191%
c -  9.58 57 13 26 77 13571 2 446907 29998 1.7 14 9 3 9 60% 204 2533 149 191%
c -  9.75 57 13 26 78 13873 2 455681 30946 1.7 14 8 3 9 61% 205 2533 149 191%
c }  9.82 57 13 27 78 14112 2 458707 33443 1.7 14 8 3 9 61% 205 2533 149 191%
c [  9.82 57 17 27 78 14112 1 458707 33443 1.5 18 12 4 13 65% 205 2533 149 191%
c O  9.82 57 17 27 78 14112 1 458707 33443 1.5 18 12 4 13 65% 205 2533 149 191%
c -  9.92 57 17 27 79 14116 1 464512 30281 1.5 18 12 4 13 65% 205 2533 149 191%
c - 10.09 57 17 27 80 14121 1 473402 28894 1.5 18 12 4 13 65% 205 2533 149 191%
c u 10.26 57 17 27 80 14125 1 480175 33975 1.5 19 12 4 13 66% 205 2533 149 191%
c v 10.30 57 17 27 80 14125 1 480175 33690 1.5 19 12 4 13 66% 205 2533 149 191%
c w 10.32 57 17 27 80 14125 1 480175 33419 1.5 19 12 4 13 66% 205 2533 149 191%
c - 10.36 57 17 27 81 14125 1 482346 28535 1.5 19 13 4 13 66% 205 2533 149 191%
c - 10.53 57 18 27 82 14126 1 491347 27957 1.5 19 13 4 13 66% 205 2533 149 191%
c e 10.60 57 18 27 82 14129 1 494579 30477 1.5 19 13 4 13 66% 199 2590 145 186%
c s 10.60 57 18 27 82 14129 1 494579 30477 1.5 19 13 4 13 66% 199 2588 145 186%
c - 10.71 58 18 27 83 14133 1 500402 26209 1.5 19 13 4 13 66% 199 2588 145 186%
c ] 10.77 58 18 28 83 14133 1 503750 28643 1.5 19 13 4 13 66% 199 2588 145 186%
c { 10.77 58 13 28 83 14133 2 503750 28643 1.7 14 8 3 9 61% 199 2588 145 186%
c o 10.77 58 13 28 83 14138 2 503783 28674 1.6 14 8 3 9 61% 199 2588 145 186%
c
c seconds   switched     rate          size/glue tier1   binary      remaining
c        MB   reductions   conflicts         size  tier2   irredundant
c         level    restarts       redundant    glue   trail      variables
c
c - 10.91 58 13 28 84 14564 2 509512 28740 1.6 14 9 3 9 61% 200 2588 145 186%
c - 11.13 58 13 28 85 15241 2 518677 31938 1.6 14 9 3 9 61% 200 2588 145 186%
c - 11.31 58 13 28 86 15572 2 527897 33478 1.6 14 8 3 9 61% 200 2588 145 186%
c - 11.54 58 13 28 87 16405 2 537170 34469 1.6 14 9 3 9 61% 200 2588 145 186%
c - 11.71 58 12 28 88 16564 2 546498 35061 1.6 14 8 3 9 61% 201 2588 145 186%
c } 11.82 58 12 29 88 16609 2 551888 39065 1.6 14 8 3 9 61% 202 2588 145 186%
c [ 11.82 58 18 29 88 16609 1 551888 39065 1.5 19 13 4 13 66% 202 2588 145 186%
c B 11.82 58 18 29 88 16609 1 551888 39065 1.5 19 13 4 13 66% 202 2588 145 186%
c u 11.91 58 18 29 88 16611 1 554624 40796 1.5 19 13 4 13 66% 202 2588 145 186%
c v 11.96 58 18 29 88 16611 1 554624 40452 1.5 19 13 4 13 66% 202 2588 145 186%
c w 11.99 58 18 29 88 16611 1 554624 40169 1.5 19 13 4 13 66% 202 2588 145 186%
c f 11.99 58 18 29 88 16611 1 554624 40169 1.5 19 13 4 13 66% 207 2526 148 190%
c u 12.02 61 18 29 88 16611 1 554624 40100 1.5 19 13 4 13 66% 207 2526 148 190%
c v 12.06 62 18 29 88 16611 1 554624 39981 1.5 19 13 4 13 66% 207 2526 148 190%
c w 12.08 62 18 29 88 16611 1 554624 39968 1.5 19 13 4 13 66% 207 2526 148 190%
c x 12.10 62 18 29 88 16611 1 554624 39960 1.5 19 13 4 13 66% 207 2511 148 190%
c - 12.43 68 18 29 89 16611 1 555878 34062 1.5 19 13 4 13 66% 207 2511 148 190%
c - 12.59 68 17 29 90 16617 1 565314 33690 1.5 19 13 4 13 66% 207 2511 148 190%
c - 12.76 68 17 29 91 16622 1 574801 33456 1.5 19 13 4 13 67% 207 2511 148 190%
c - 12.96 68 18 29 92 16623 1 584340 32446 1.5 19 13 4 13 67% 207 2511 148 190%
c
c seconds   switched     rate          size/glue  tier1    binary      remaining
c        MB   reductions   conflicts         size   tier2    irredundant
c         level    restarts       redundant     glue    trail      variables
c
c - 13.16 68 18 29 93 16630 1 593932 31875 1.5 19 13 3 13 67% 207 2511 148 190%
c - 13.38 68 18 29 94 16636 1 603576 32271 1.5 19 13 3 13 67% 207 2511 148 190%
c ] 13.39 68 18 30 94 16636 1 604212 32757 1.5 19 13 3 13 67% 207 2511 148 190%
c { 13.39 68 12 30 94 16636 2 604212 32757 1.6 14 8 3 9 61% 207 2511 148 190%
c o 13.39 68 12 30 94 16647 2 604269 32807 1.6 14 8 3 9 61% 207 2511 148 190%
c - 13.61 68 12 30 95 17118 2 613272 32430 1.6 14 8 2 9 61% 208 2511 148 190%
c - 13.81 68 12 30 96 17517 2 623018 33492 1.6 13 8 2 8 61% 209 2511 148 190%
c - 14.03 68 12 30 97 17986 2 632816 33788 1.6 13 8 2 8 61% 211 2511 148 190%
c u 14.13 68 12 30 97 18215 2 635142 34846 1.6 13 8 2 8 61% 214 2511 148 190%
c v 14.18 68 12 30 97 18215 2 635142 34299 1.6 13 8 2 8 61% 216 2511 148 190%
c w 14.20 68 12 30 97 18215 2 635142 34250 1.6 13 8 2 8 61% 216 2511 148 190%
c t 14.20 68 12 30 97 18215 2 635142 34250 1.6 13 8 2 8 61% 212 2511 148 190%
c - 14.35 68 12 30 98 18493 2 642664 32926 1.6 13 8 2 8 61% 214 2511 148 190%
c i 14.40 68 12 30 98 18493 2 645243 34568 1.6 13 8 2 8 61% 225 2511 147 188%
c - 14.56 68 12 30 99 19063 2 652563 29696 1.6 13 8 2 8 61% 208 2511 147 188%
c } 14.69 68 12 31 99 19506 2 658647 34554 1.6 13 8 2 8 61% 209 2511 147 188%
c [ 14.69 68 18 31 99 19506 1 658647 34554 1.5 19 13 3 13 67% 209 2511 147 188%
c W 14.70 68 18 31 99 19506 1 658647 34554 1.5 19 13 3 13 67% 209 2511 147 188%
c - 14.77 68 18 31 100 19508 1 662512 30648 1.5 19 13 3 13 67% 209 2511 147 188%
c - 14.96 68 18 31 101 19514 1 672515 30073 1.5 19 13 3 13 67% 209 2511 147 188%
c
c seconds   switched      rate          size/glue  tier1    binary      remaining
c        MB   reductions    conflicts         size   tier2    irredundant
c         level     restarts       redundant     glue    trail      variables
c
c s 15.03 68 18 31 101 19517 1 676520 33198 1.5 19 13 3 13 67% 209 2501 147 188%
c e 15.04 68 18 31 101 19517 1 676520 33198 1.5 19 13 3 13 67% 203 2567 143 183%
c s 15.04 68 18 31 101 19517 1 676520 33198 1.5 19 13 3 13 67% 203 2566 143 183%
c - 15.15 68 18 31 102 19519 1 682564 27385 1.5 19 13 3 13 67% 203 2566 143 183%
c - 15.34 68 17 31 103 19522 1 692663 29657 1.5 19 13 3 13 67% 203 2566 143 183%
c - 15.53 68 17 31 104 19527 1 702812 31206 1.5 18 13 3 13 67% 203 2566 143 183%
c - 15.70 68 17 31 105 19534 1 713011 31810 1.5 18 12 3 13 67% 203 2566 143 183%
c I 15.85 68 17 31 105 19535 1 721198 38037 1.5 18 12 3 13 67% 204 2566 143 183%
c o 15.85 68 17 31 105 19535 1 721198 38037 1.5 18 12 3 13 67% 204 2566 143 183%
c u 15.89 68 17 31 105 19535 1 721719 37998 1.5 18 12 3 13 67% 208 2566 143 183%
c v 15.92 69 17 31 105 19535 1 721719 37479 1.5 18 12 3 13 67% 209 2566 143 183%
c w 15.94 69 17 31 105 19535 1 721719 30385 1.5 18 12 3 13 67% 209 2566 143 183%
c x 15.97 69 17 31 105 19535 1 721719 30373 1.5 18 12 3 13 67% 209 2548 143 183%
c t 15.97 69 17 31 105 19535 1 721719 30373 1.5 18 12 3 13 67% 205 2548 143 183%
c f 15.97 69 17 31 105 19535 1 721719 30373 1.5 18 12 3 13 67% 206 2530 144 185%
c u 16.00 71 17 31 105 19535 1 721719 29758 1.5 18 12 3 13 67% 207 2530 144 185%
c v 16.04 71 17 31 105 19535 1 721719 27645 1.5 18 12 3 13 67% 210 2530 144 185%
c w 16.06 71 17 31 105 19535 1 721719 27601 1.5 18 12 3 13 67% 210 2530 144 185%
c x 16.08 72 17 31 105 19535 1 721719 27598 1.5 18 12 3 13 67% 210 2518 144 185%
c t 16.08 72 17 31 105 19535 1 721719 27598 1.5 18 12 3 13 67% 206 2518 144 185%
c
c seconds   switched      rate          size/glue  tier1    binary      remaining
c        MB   reductions    conflicts         size   tier2    irredundant
c         level     restarts       redundant     glue    trail      variables
c
c - 16.11 72 17 31 106 19535 1 723261 24384 1.5 18 12 3 13 67% 206 2518 144 185%
c ] 16.11 72 17 32 106 19535 1 723362 24453 1.5 18 12 3 13 67% 206 2518 144 185%
c { 16.11 72 12 32 106 19535 2 723362 24453 1.6 13 8 2 8 61% 206 2518 144 185%
c - 16.33 72 12 32 107 20386 2 733556 28885 1.6 13 8 2 8 61% 207 2518 144 185%
c - 16.53 72 12 32 108 20835 2 743900 32532 1.6 13 8 2 8 62% 209 2518 144 185%
c - 16.75 72 12 32 109 21358 2 754294 34146 1.6 13 8 2 8 62% 212 2518 144 185%
c - 16.95 72 12 32 110 21667 2 764734 35014 1.6 13 8 2 8 62% 214 2518 144 185%
c - 17.18 72 12 32 111 22156 2 775224 35972 1.6 13 8 2 8 62% 218 2518 144 185%
c } 17.37 72 12 33 111 22559 2 784466 43131 1.6 13 8 2 8 62% 221 2518 144 185%
c [ 17.37 72 17 33 111 22559 1 784466 43131 1.5 18 12 3 13 67% 221 2518 144 185%
c - 17.39 72 17 33 112 22560 1 785760 36629 1.5 18 12 3 13 67% 222 2518 144 185%
c i 17.42 72 17 33 112 22561 1 787128 37450 1.5 18 12 3 13 67% 228 2518 143 183%
c B 17.45 72 17 33 112 22562 1 788880 38970 1.5 18 12 3 13 67% 228 2518 143 183%
c - 17.60 72 17 33 113 22565 1 796343 32360 1.5 18 12 3 13 67% 216 2518 143 183%
c i 17.72 72 16 33 113 22570 1 802109 36484 1.5 18 12 3 13 66% 223 2518 142 182%
c - 17.81 72 16 33 114 22572 1 806976 24846 1.5 18 12 3 13 67% 211 2518 142 182%
c u 18.00 72 16 33 114 22573 1 814446 29832 1.5 18 12 3 13 67% 212 2454 142 182%
c v 18.06 72 16 33 114 22573 1 814446 29581 1.5 18 12 3 13 67% 212 2454 142 182%
c w 18.09 72 16 33 114 22573 1 814446 28203 1.5 18 12 3 13 67% 212 2454 142 182%
c t 18.09 72 16 33 114 22573 1 814446 28203 1.5 18 12 3 13 67% 210 2454 142 182%
c
c seconds   switched      rate          size/glue  tier1    binary      remaining
c        MB   reductions    conflicts         size   tier2    irredundant
c         level     restarts       redundant     glue    trail      variables
c
c - 18.15 72 16 33 115 22574 1 817654 26566 1.5 18 12 3 13 67% 210 2454 142 182%
c - 18.36 72 16 33 116 22580 1 828377 30765 1.5 18 12 3 13 67% 210 2454 142 182%
c - 18.57 72 16 33 117 22587 1 839149 33314 1.5 18 12 3 13 67% 210 2454 142 182%
c ] 18.73 72 16 34 117 22588 1 846729 38980 1.5 18 12 3 13 67% 210 2454 142 182%
c { 18.73 72 12 34 117 22588 2 846729 38980 1.6 13 8 2 8 62% 210 2454 142 182%
c o 18.73 72 12 34 117 22590 2 846753 39000 1.6 13 8 2 8 62% 210 2454 142 182%
c - 18.85 72 12 34 118 23009 2 849967 34736 1.6 13 8 2 8 62% 211 2454 142 182%
c - 19.25 72 12 34 119 24605 2 860829 35150 1.6 13 8 2 8 62% 214 2454 142 182%
c - 19.67 72 13 34 120 26558 2 871738 35482 1.6 13 9 2 8 62% 214 2454 142 182%
c - 20.09 72 13 34 121 28047 2 882692 36616 1.5 14 9 2 8 62% 217 2454 142 182%
c i 20.40 72 13 34 121 28896 2 892879 43774 1.5 14 9 2 8 62% 225 2454 139 178%
c - 20.43 72 13 34 122 29037 2 893693 27173 1.5 14 9 2 8 62% 214 2454 139 178%
c s 20.44 72 13 34 122 29078 2 893910 27334 1.5 14 9 2 8 62% 209 2186 139 178%
c e 20.44 72 13 34 122 29078 2 893910 27334 1.5 14 9 2 8 62% 205 2214 137 176%
c s 20.44 72 13 34 122 29078 2 893910 27334 1.5 14 9 2 8 62% 205 2202 137 176%
c - 20.78 72 13 34 123 30420 2 904739 30765 1.5 14 9 2 8 62% 208 2202 137 176%
c u 21.13 72 13 34 123 31220 2 913774 36357 1.5 14 9 2 8 63% 216 2202 137 176%
c v 21.20 72 13 34 123 31220 2 913774 34127 1.5 14 9 2 8 63% 217 2202 137 176%
c w 21.23 72 13 34 123 31220 2 913774 33239 1.5 14 9 2 8 63% 217 2202 137 176%
c x 21.26 72 13 34 123 31220 2 913774 33161 1.5 14 9 2 8 63% 217 1850 137 176%
c
c seconds   switched      rate          size/glue tier1   binary      remaining
c        MB   reductions    conflicts         size  tier2   irredundant
c         level     restarts       redundant    glue   trail      variables
c
c t 21.27 72 13 34 123 31220 2 913774 33161 1.5 14 9 2 8 63% 209 1850 137 176%
c } 21.30 72 13 35 123 31298 2 914877 33981 1.5 14 9 2 8 63% 210 1850 137 176%
c [ 21.30 72 16 35 123 31298 1 914877 33981 1.5 18 12 3 13 67% 210 1850 137 176%
c W 21.31 72 16 35 123 31298 1 914877 33981 1.5 18 12 3 13 67% 210 1850 137 176%
c - 21.34 73 16 35 124 31298 1 915829 30727 1.5 17 12 3 12 67% 211 1850 137 176%
c i 21.58 76 16 35 124 31304 1 926901 38589 1.5 17 11 3 12 67% 216 1850 134 172%
c - 21.59 76 16 35 125 31304 1 926964 26247 1.5 17 11 3 12 67% 221 1850 134 172%
c i 21.64 76 16 35 125 31307 1 929866 28354 1.5 17 11 3 12 67% 226 1850 130 167%
c i 21.65 76 15 35 125 31307 1 930556 28792 1.5 17 11 3 12 67% 231 1850 127 163%
c i 21.66 76 15 35 125 31307 1 930933 28929 1.5 17 11 3 12 67% 235 1850 123 158%
c i 21.66 76 15 35 125 31307 1 931091 28995 1.5 17 11 3 12 67% 240 1850 119 153%
c i 21.66 76 15 35 125 31307 1 931120 28999 1.5 17 11 3 12 67% 244 1850 117 150%
c i 21.66 76 15 35 125 31307 1 931121 28999 1.5 17 11 3 12 67% 244 1850 116 149%
c i 21.66 76 15 35 125 31307 1 931126 29000 1.5 17 11 3 12 67% 246 1850 110 141%
c i 21.66 76 15 35 125 31307 1 931127 29000 1.5 17 11 3 12 67% 246 1850 79 101%
c ] 21.66 76 15 35 125 31307 1 931129 29000 1.5 17 11 3 12 67% 246 1850 65 83%
c 0 21.66 76 13 35 125 31307 2 931129 29000 1.5 14 9 2 8 63% 246 1850 65 83%
c
c ---- [ result ] ------------------------------------------------------------
c
s UNSATISFIABLE
c
c ---- [ profiling ] ---------------------------------------------------------
c
c          19.19   88.59 %  search
c          10.60   48.94 %  focused
c           8.59   39.65 %  stable
c           2.43   11.23 %  simplify
c           2.41   11.13 %  probe
c           1.72    7.93 %  vivify
c           0.60    2.79 %  sweep
c           0.24    1.13 %  reduce
c           0.04    0.21 %  factor
c           0.04    0.18 %  substitute
c           0.04    0.18 %  preprocess
c           0.03    0.14 %  walking
c           0.03    0.14 %  eliminate
c           0.01    0.05 %  subsume
c           0.00    0.01 %  congruence
c           0.00    0.01 %  transitive
c           0.00    0.01 %  parse
c           0.00    0.00 %  lucky
c           0.00    0.00 %  backbone
c =============================================
c          21.66  100.00 %  total
c
c ---- [ statistics ] --------------------------------------------------------
c
c conflicts:                           931129            42981.17 per second
c decisions:                          1384160                1.49 per conflict
c eliminated:                             152              195 %  variables
c factored:                               217              278 %  variables
c iterations:                              14               18 %  variables
c propagations:                      29675499          1369829    per second
c reductions:                             125             7449    interval
c reordered:                               13            71625    interval
c rephased:                                23            40484    interval
c restarts:                             31307               30    interval
c strengthened:                            14                0 %  checks
c subsumed:                              1124                0 %  checks
c switched:                                35            26604    interval
c vivified:                             48822               57 %  checks
c walks:                                    8           116391    interval
c
c ---- [ glue usage ] --------------------------------------------------------
c
c focused glue 2   used 375359 clauses 17.52% accumulated 56.20% tier1
c focused glue 3   used 203869 clauses  9.52% accumulated 65.71%
c focused glue 4-6 used 357579 clauses 16.69% accumulated 82.41%
c focused glue 7   used  93734 clauses  4.38% accumulated 86.78%
c focused glue 8   used  78172 clauses  3.65% accumulated 90.43% tier2
c
c stable glue 3    used 223430 clauses  8.77% accumulated 55.54% tier1
c stable glue 4    used 150467 clauses  5.90% accumulated 61.44%
c stable glue 5-10 used 619344 clauses 24.30% accumulated 85.74%
c stable glue 11   used  60886 clauses  2.39% accumulated 88.13%
c stable glue 12   used  55338 clauses  2.17% accumulated 90.30% tier2
c
c ---- [ resources ] ---------------------------------------------------------
c
c maximum-resident-set-size:      81537269760 bytes      77760 MB
c process-time:                            22s              21.66 seconds
c
c ---- [ shutting down ] -----------------------------------------------------
c
c exit 20
