c ---- [ banner ] ------------------------------------------------------------
c
c Kissat SAT Solver
c 
c Copyright (c) 2021-2024 Armin Biere University of Freiburg
c Copyright (c) 2019-2021 Armin Biere Johannes Kepler University Linz
c 
c Version 4.0.4 8af8e56f174b778aef3aa45af9f739b2a5f492c2
c Apple clang version 17.0.0 (clang-1700.6.3.2) -W -Wall -O3 -DNDEBUG
c Mon Mar 30 18:25:47 CEST 2026 Darwin Mac 24.6.0 arm64
c
c ---- [ parsing ] -----------------------------------------------------------
c
c opened and reading DIMACS file:
c
c   tmp.cnf
c
c parsed 'p cnf 171 61047' header
c closing input after reading 1178014 bytes (1 MB)
c finished parsing after 0.01 seconds
c
c ---- [ solving ] -----------------------------------------------------------
c
c seconds switched rate     size/glue tier1 binary       remaining
c        MB reductions conflicts size  tier2   irredundant
c         level restarts redundant glue  trail       variables
c
c *  0.01 10 0 0 0  0 0   0   0 0.0 0 0 0 0 0%  60 60987 171 100%
c (  0.01 10 0 0 0  0 0   0   0 0.0 0 0 0 0 0%  60 60987 171 100%
c .  0.01 10 0 0 0  0 0   0   0 0.0 0 0 0 0 0%  60 60987 171 100%
c f  1.45 15 0 0 0  0 0   0   0 0.0 0 0 0 0 0% 1431 8796 845 494%
c )  1.45 15 0 0 0  0 0   0   0 0.0 0 0 0 0 0% 1431 8796 845 494%
c {  1.45 15 0 0 0  0 0   0   0 0.0 0 0 2 6 0% 1431 8796 845 494%
c -  1.46 15 24 0 1 213 6 1000 630 1.7 20 11 8 13 37% 1431 8796 845 494%
c }  1.46 15 24 1 1 213 6 1000 630 1.7 20 11 8 13 37% 1431 8796 845 494%
c [  1.46 15 0 1 1 213 0 1000 630 0.0 0 0 2 6 0% 1431 8796 845 494%
c B  1.46 15 20 1 1 213 0 1004 634 1.3 16 12 2 6 32% 1431 8796 845 494%
c -  1.47 16 26 1 2 213 2 2000 1523 2.2 29 13 10 19 44% 1431 8796 845 494%
c W  1.47 16 26 1 2 213 2 2006 1529 2.2 29 13 10 19 44% 1431 8796 845 494%
c ]  1.47 16 30 2 2 214 2 2371 1864 1.8 30 17 10 19 44% 1431 8796 845 494%
c {  1.47 16 24 2 2 214 6 2371 1864 1.7 20 11 8 13 37% 1431 8796 845 494%
c u  1.48 17 24 2 2 367 6 2941 2334 1.6 20 12 8 13 35% 1431 8796 845 494%
c v  1.49 17 24 2 2 367 6 2941 2314 1.6 20 12 8 13 35% 1431 8796 845 494%
c w  1.49 17 24 2 2 367 6 2941 2309 1.6 20 12 8 13 35% 1431 8796 845 494%
c x  1.49 17 24 2 2 367 6 2941 2305 1.6 20 12 8 13 35% 1431 8492 845 494%
c t  1.49 17 24 2 2 367 6 2941 2305 1.6 20 12 8 13 35% 1409 8492 845 494%
c }  1.49 17 28 3 2 374 5 3374 2696 1.8 22 12 8 15 40% 1409 8492 845 494%
c
c seconds  switched  rate       size/glue  tier1      binary      remaining
c        MB reductions conflicts      size    tier2     irredundant
c         level restarts   redundant     glue     trail       variables
c
c [  1.49 17 30 3 2 374 2 3374 2696 1.8 30 17 10 19 44% 1409 8492 845 494%
c -  1.49 17 29 3 3 374 2 3414 2484 1.8 30 16 10 24 44% 1409 8492 845 494%
c I  1.50 18 34 3 3 374 2 4265 3293 1.8 29 16 10 24 48% 1409 8492 845 494%
c ]  1.51 18 32 4 3 375 2 4906 3862 1.7 28 16 10 24 46% 1409 8492 845 494%
c {  1.51 18 28 4 3 375 5 4906 3862 1.8 22 12 8 15 40% 1409 8492 845 494%
c -  1.51 18 28 4 4 383 5 5147 3564 1.8 22 12 8 15 41% 1409 8492 845 494%
c -  1.53 18 23 4 5 478 4 7148 4530 1.8 20 12 7 14 40% 1409 8492 845 494%
c }  1.53 18 23 5 5 478 4 7258 4620 1.8 20 11 7 14 40% 1409 8492 845 494%
c [  1.53 18 32 5 5 478 2 7258 4620 1.7 28 16 10 24 46% 1409 8492 845 494%
c B  1.54 18 29 5 5 478 1 8036 5176 1.7 25 15 10 24 46% 1409 8492 845 494%
c u  1.55 20 36 5 5 479 1 9085 6140 1.6 27 16 10 24 48% 1409 8492 845 494%
c v  1.56 20 36 5 5 479 1 9085 6122 1.6 27 16 10 24 48% 1409 8492 845 494%
c w  1.56 20 36 5 5 479 1 9085 6119 1.6 27 16 10 24 48% 1409 8492 845 494%
c x  1.56 20 36 5 5 479 1 9085 6119 1.6 27 16 10 24 48% 1409 8310 845 494%
c -  1.58 21 37 5 6 480 2 9385 5172 1.6 28 17 9 23 48% 1409 8310 845 494%
c ]  1.59 21 37 6 6 480 2 9982 5725 1.6 27 17 9 23 48% 1409 8310 845 494%
c {  1.59 21 23 6 6 480 4 9982 5725 1.8 20 11 7 14 40% 1409 8310 845 494%
c -  1.60 21 20 6 7 483 3 11834 6212 2.0 21 11 7 13 43% 1409 8310 845 494%
c }  1.63 21 19 7 7 485 3 14051 8342 2.2 22 10 7 13 45% 1409 8310 845 494%
c [  1.63 21 37 7 7 485 2 14051 8342 1.6 27 17 9 23 48% 1409 8310 845 494%
c
c seconds  switched  rate        size/glue  tier1     binary      remaining
c        MB reductions conflicts       size   tier2     irredundant
c         level restarts    redundant     glue    trail       variables
c
c W  1.63 22 37 7 7 485 2 14051 8342 1.6 27 17 9 23 48% 1409 8310 845 494%
c o  1.63 22 37 7 7 485 2 14051 8342 1.6 27 17 9 23 48% 1409 8310 845 494%
c -  1.63 22 39 7 8 485 2 14481 7426 1.6 28 17 10 24 49% 1409 8310 845 494%
c s  1.64 22 40 7 8 485 1 14707 7645 1.6 28 18 10 24 50% 1409 7576 845 494%
c e  1.64 22 40 7 8 485 1 14707 7645 1.6 28 18 10 24 50% 1284 7661 771 451%
c s  1.64 22 40 7 8 485 1 14707 7645 1.6 28 18 10 24 50% 1284 7599 771 451%
c e  1.64 22 40 7 8 485 1 14707 7645 1.6 28 18 10 24 50% 1282 7601 770 450%
c ^  1.64 22 40 7 8 485 1 14707 7645 1.6 28 18 10 24 50% 1282 7601 770 450%
c -  1.67 22 37 7 9 487 2 17311 8294 1.6 28 17 9 21 51% 1282 7601 770 450%
c ]  1.68 22 35 8 9 488 1 18395 9268 1.7 28 17 9 21 51% 1282 7601 770 450%
c {  1.68 22 19 8 9 488 3 18395 9268 2.2 22 10 7 13 45% 1282 7601 770 450%
c u  1.69 23 19 8 9 521 3 18650 9462 2.1 21 10 7 13 44% 1282 7601 770 450%
c v  1.70 23 19 8 9 521 3 18650 9451 2.1 21 10 7 13 44% 1283 7601 770 450%
c w  1.70 23 19 8 9 521 3 18650 9451 2.1 21 10 7 13 44% 1283 7601 770 450%
c x  1.70 23 19 8 9 521 3 18650 9451 2.1 21 10 7 13 44% 1291 7502 770 450%
c t  1.70 23 19 8 9 521 3 18650 9451 2.1 21 10 7 13 44% 1283 7502 770 450%
c f  1.70 23 19 8 9 521 3 18650 9451 2.1 21 10 7 13 44% 1288 7455 774 453%
c u  1.70 23 19 8 9 521 3 18650 9435 2.1 21 10 7 13 44% 1288 7455 774 453%
c v  1.71 23 19 8 9 521 3 18650 9417 2.1 21 10 7 13 44% 1288 7455 774 453%
c w  1.71 23 19 8 9 521 3 18650 9417 2.1 21 10 7 13 44% 1288 7455 774 453%
c
c seconds  switched  rate        size/glue  tier1     binary      remaining
c        MB reductions conflicts       size   tier2     irredundant
c         level restarts    redundant     glue    trail       variables
c
c x  1.71 23 19 8 9 521 3 18650 9417 2.1 21 10 7 13 44% 1293 7411 774 453%
c t  1.71 23 19 8 9 521 3 18650 9417 2.1 21 10 7 13 44% 1288 7411 774 453%
c f  1.71 23 19 8 9 521 3 18650 9417 2.1 21 10 7 13 44% 1309 7318 781 457%
c -  1.73 24 18 8 10 522 2 20311 9212 2.1 21 10 7 11 43% 1309 7318 781 457%
c -  1.76 24 16 8 11 615 2 23473 9455 2.0 19 10 6 11 42% 1309 7318 781 457%
c o  1.77 24 16 8 11 618 2 24209 9985 2.0 19 9 6 11 42% 1310 7318 781 457%
c }  1.77 24 16 9 11 748 2 24554 10313 2.0 19 10 6 11 42% 1310 7318 781 457%
c [  1.77 24 35 9 11 748 1 24554 10313 1.7 28 17 9 21 51% 1310 7318 781 457%
c O  1.77 24 35 9 11 748 1 24554 10313 1.7 28 17 9 21 51% 1310 7318 781 457%
c -  1.80 24 34 9 12 750 1 26790 9644 1.6 28 17 9 21 49% 1310 7318 781 457%
c s  1.83 25 35 9 12 751 1 29692 12245 1.6 29 18 9 21 49% 1310 7268 781 457%
c e  1.84 25 35 9 12 751 1 29692 12245 1.6 29 18 9 21 49% 1147 7494 694 406%
c s  1.84 25 35 9 12 751 1 29692 12245 1.6 29 18 9 21 49% 1147 7420 694 406%
c e  1.84 25 35 9 12 751 1 29692 12245 1.6 29 18 9 21 49% 1143 7426 692 405%
c ^  1.84 25 35 9 12 751 1 29692 12245 1.6 29 18 9 21 49% 1143 7426 692 405%
c ]  1.84 25 35 10 12 752 1 29881 11956 1.6 30 18 9 21 49% 1143 7426 692 405%
c {  1.84 25 16 10 12 752 2 29881 11956 2.0 19 10 6 11 42% 1143 7426 692 405%
c -  1.85 26 16 10 13 846 2 30255 9675 2.0 19 10 6 11 42% 1143 7426 692 405%
c u  1.88 27 16 10 13 1035 3 32041 11240 2.0 19 10 6 11 42% 1143 7426 692 405%
c v  1.88 27 16 10 13 1035 3 32041 11222 2.0 19 10 6 11 42% 1143 7426 692 405%
c
c seconds   switched    rate         size/glue  tier1     binary      remaining
c        MB   reductions  conflicts        size   tier2     irredundant
c         level    restarts     redundant     glue    trail       variables
c
c w  1.89 27 16 10 13 1035 3 32041 11222 2.0 19 10 6 11 42% 1143 7426 692 405%
c x  1.89 27 16 10 13 1035 3 32041 11221 2.0 19 10 6 11 42% 1149 7390 692 405%
c t  1.91 28 16 10 13 1035 3 32041 11221 2.0 19 10 6 11 42% 1142 7390 692 405%
c f  1.92 28 16 10 13 1035 3 32041 11221 2.0 19 10 6 11 42% 1167 7321 701 410%
c u  1.92 28 16 10 13 1035 3 32041 11197 2.0 19 10 6 11 42% 1167 7321 701 410%
c v  1.92 28 16 10 13 1035 3 32041 11187 2.0 19 10 6 11 42% 1167 7321 701 410%
c w  1.93 28 16 10 13 1035 3 32041 11187 2.0 19 10 6 11 42% 1167 7321 701 410%
c x  1.93 28 16 10 13 1035 3 32041 11187 2.0 19 10 6 11 42% 1172 7241 701 410%
c t  1.93 28 16 10 13 1035 3 32041 11187 2.0 19 10 6 11 42% 1165 7241 701 410%
c f  1.93 28 16 10 13 1035 3 32041 11187 2.0 19 10 6 11 42% 1187 7190 708 414%
c -  1.96 28 17 10 14 1277 3 33860 10999 2.0 20 10 6 11 43% 1187 7190 708 414%
c -  2.01 28 18 10 15 1676 3 37602 11808 2.0 20 10 5 11 44% 1187 7190 708 414%
c }  2.02 28 17 11 15 1676 3 38510 12464 2.0 20 10 5 11 44% 1187 7190 708 414%
c [  2.02 28 35 11 15 1676 1 38510 12464 1.6 30 18 9 21 49% 1187 7190 708 414%
c B  2.02 28 35 11 15 1676 1 38510 12464 1.6 30 18 9 21 49% 1187 7190 708 414%
c -  2.06 28 35 11 16 1678 1 41474 12065 1.6 30 19 9 23 50% 1187 7190 708 414%
c -  2.10 28 36 11 17 1681 1 45476 11992 1.6 31 19 9 24 50% 1187 7190 708 414%
c u  2.15 28 37 11 17 1682 1 49357 15460 1.6 32 20 9 24 51% 1187 7190 708 414%
c v  2.16 28 37 11 17 1682 1 49357 15386 1.6 32 20 9 24 51% 1187 7190 708 414%
c w  2.16 29 37 11 17 1682 1 49357 15383 1.6 32 20 9 24 51% 1187 7190 708 414%
c
c seconds   switched    rate         size/glue  tier1     binary      remaining
c        MB   reductions  conflicts        size   tier2     irredundant
c         level    restarts     redundant     glue    trail       variables
c
c x  2.17 29 37 11 17 1682 1 49357 15383 1.6 32 20 9 24 51% 1191 7173 708 414%
c t  2.17 29 37 11 17 1682 1 49357 15383 1.6 32 20 9 24 51% 1187 7173 708 414%
c f  2.17 29 37 11 17 1682 1 49357 15383 1.6 32 20 9 24 51% 1215 6928 723 423%
c u  2.18 29 37 11 17 1682 1 49357 15332 1.6 32 20 9 24 51% 1215 6928 723 423%
c v  2.18 29 37 11 17 1682 1 49357 15254 1.6 32 20 9 24 51% 1215 6928 723 423%
c w  2.19 29 37 11 17 1682 1 49357 15254 1.6 32 20 9 24 51% 1215 6928 723 423%
c x  2.19 29 37 11 17 1682 1 49357 15254 1.6 32 20 9 24 51% 1223 6873 723 423%
c t  2.19 29 37 11 17 1682 1 49357 15254 1.6 32 20 9 24 51% 1215 6873 723 423%
c f  2.20 29 37 11 17 1682 1 49357 15254 1.6 32 20 9 24 51% 1240 6632 737 431%
c o  2.20 29 37 11 17 1682 1 49357 15254 1.6 32 20 9 24 51% 1240 6632 737 431%
c -  2.20 29 37 11 18 1682 1 49600 11726 1.6 32 20 9 25 51% 1240 6632 737 431%
c ]  2.20 29 37 12 18 1682 1 49713 11833 1.6 32 20 9 25 51% 1240 6632 737 431%
c {  2.20 29 17 12 18 1682 3 49713 11833 2.0 20 10 5 11 44% 1240 6632 737 431%
c -  2.26 29 18 12 19 2127 3 53843 13120 2.1 20 10 5 11 45% 1240 6632 737 431%
c -  2.33 29 18 12 20 2452 3 58201 14310 2.0 20 10 5 10 45% 1240 6632 737 431%
c }  2.37 29 18 13 20 2609 3 61193 17009 2.0 20 10 5 10 45% 1240 6632 737 431%
c [  2.37 29 37 13 20 2609 1 61193 17009 1.6 32 20 9 25 51% 1240 6632 737 431%
c W  2.37 29 37 13 20 2609 1 61193 17009 1.6 32 20 9 25 51% 1240 6632 737 431%
c s  2.38 29 37 13 20 2610 1 62341 18054 1.6 32 20 9 25 52% 1240 6603 737 431%
c e  2.39 29 37 13 20 2610 1 62341 18054 1.6 32 20 9 25 52% 1101 6875 659 385%
c
c seconds   switched    rate         size/glue  tier1     binary      remaining
c        MB   reductions  conflicts        size   tier2     irredundant
c         level    restarts     redundant     glue    trail       variables
c
c s  2.39 29 37 13 20 2610 1 62341 18054 1.6 32 20 9 25 52% 1101 6819 659 385%
c ^  2.39 29 37 13 20 2610 1 62341 18054 1.6 32 20 9 25 52% 1101 6819 659 385%
c -  2.40 31 37 13 21 2610 1 62673 14088 1.6 32 20 9 25 52% 1101 6819 659 385%
c -  2.44 31 38 13 22 2613 1 67256 14864 1.6 32 20 9 24 52% 1101 6819 659 385%
c u  2.50 31 37 13 22 2615 1 70848 17938 1.6 32 20 9 24 52% 1101 6819 659 385%
c v  2.51 33 37 13 22 2615 1 70848 17874 1.6 32 20 9 24 52% 1101 6819 659 385%
c w  2.51 34 37 13 22 2615 1 70848 17874 1.6 32 20 9 24 52% 1101 6819 659 385%
c x  2.51 34 37 13 22 2615 1 70848 17874 1.6 32 20 9 24 52% 1109 6790 659 385%
c t  2.56 35 37 13 22 2615 1 70848 17874 1.6 32 20 9 24 52% 1102 6790 659 385%
c f  2.56 35 37 13 22 2615 1 70848 17874 1.6 32 20 9 24 52% 1162 6529 682 399%
c u  2.57 35 37 13 22 2615 1 70848 17772 1.6 32 20 9 24 52% 1162 6529 682 399%
c v  2.58 35 37 13 22 2615 1 70848 17752 1.6 32 20 9 24 52% 1162 6529 682 399%
c w  2.58 35 37 13 22 2615 1 70848 17749 1.6 32 20 9 24 52% 1162 6529 682 399%
c x  2.58 35 37 13 22 2615 1 70848 17749 1.6 32 20 9 24 52% 1165 6505 682 399%
c t  2.59 35 37 13 22 2615 1 70848 17749 1.6 32 20 9 24 52% 1160 6505 682 399%
c f  2.59 35 37 13 22 2615 1 70848 17749 1.6 32 20 9 24 52% 1208 6232 707 413%
c -  2.61 35 38 13 23 2615 1 71947 15232 1.6 32 20 9 24 52% 1208 6232 707 413%
c I  2.65 35 38 13 23 2618 1 76100 19061 1.6 32 21 9 24 52% 1208 6232 707 413%
c ]  2.66 35 38 14 23 2618 1 76344 19265 1.6 32 21 9 24 52% 1208 6232 707 413%
c {  2.66 35 18 14 23 2618 3 76344 19265 2.0 20 10 5 10 45% 1208 6232 707 413%
c
c seconds   switched    rate         size/glue  tier1     binary      remaining
c        MB   reductions  conflicts        size   tier2     irredundant
c         level    restarts     redundant     glue    trail       variables
c
c -  2.66 35 18 14 24 2639 3 76743 15629 2.0 20 10 5 10 45% 1208 6232 707 413%
c o  2.70 35 18 14 24 2960 3 79362 17928 2.0 20 10 5 10 45% 1209 6232 707 413%
c -  2.73 35 17 14 25 3001 3 81642 16174 2.0 20 10 5 10 45% 1209 6232 707 413%
c -  2.80 35 17 14 26 3290 3 86642 17319 2.0 20 10 5 10 46% 1210 6232 707 413%
c }  2.87 35 18 15 26 3602 3 91059 21117 2.0 20 10 5 10 46% 1211 6232 707 413%
c [  2.87 35 38 15 26 3602 1 91059 21117 1.6 32 21 9 24 52% 1211 6232 707 413%
c -  2.88 35 38 15 27 3602 1 91742 18547 1.6 32 21 9 24 52% 1212 6232 707 413%
c B  2.89 35 37 15 27 3604 1 93903 20527 1.6 32 20 9 24 53% 1212 6232 707 413%
c u  2.94 35 37 15 27 3606 1 96720 22904 1.6 32 21 9 24 53% 1212 6232 707 413%
c v  2.95 35 37 15 27 3606 1 96720 22793 1.6 32 21 9 24 53% 1212 6232 707 413%
c w  2.96 35 37 15 27 3606 1 96720 22784 1.6 32 21 9 24 53% 1212 6232 707 413%
c x  2.96 35 37 15 27 3606 1 96720 22782 1.6 32 21 9 24 53% 1225 6157 707 413%
c t  2.96 35 37 15 27 3606 1 96720 22782 1.6 32 21 9 24 53% 1212 6157 707 413%
c f  2.97 35 37 15 27 3606 1 96720 22782 1.6 32 21 9 24 53% 1324 5651 763 446%
c u  2.98 35 37 15 27 3606 1 96720 22720 1.6 32 21 9 24 53% 1324 5651 763 446%
c v  2.99 35 37 15 27 3606 1 96720 22656 1.6 32 21 9 24 53% 1324 5651 763 446%
c w  2.99 35 37 15 27 3606 1 96720 22645 1.6 32 21 9 24 53% 1324 5651 763 446%
c x  3.00 35 37 15 27 3606 1 96720 22645 1.6 32 21 9 24 53% 1340 5593 763 446%
c t  3.00 35 37 15 27 3606 1 96720 22645 1.6 32 21 9 24 53% 1325 5593 763 446%
c f  3.00 35 37 15 27 3606 1 96720 22645 1.6 32 21 9 24 53% 1332 5565 766 448%
c
c seconds   switched    rate         size/glue  tier1     binary      remaining
c        MB   reductions  conflicts        size   tier2     irredundant
c         level    restarts     redundant     glue    trail       variables
c
c -  3.01 35 37 15 28 3606 1 96941 18640 1.6 32 21 9 24 53% 1332 5565 766 448%
c -  3.07 36 37 15 29 3608 1 102232 18533 1.5 32 21 8 24 54% 1332 5565 766 448%
c -  3.14 36 36 15 30 3612 1 107617 18740 1.5 32 21 8 23 55% 1332 5565 766 448%
c ]  3.16 36 36 16 30 3613 1 109279 20225 1.5 32 21 8 23 55% 1332 5565 766 448%
c {  3.16 36 18 16 30 3613 3 109279 20225 2.0 20 10 5 10 46% 1332 5565 766 448%
c -  3.21 36 17 16 31 3744 3 113096 20007 2.0 19 10 5 10 46% 1337 5565 766 448%
c i  3.21 36 17 16 31 3744 3 113275 20130 2.0 19 10 5 10 46% 1340 5565 765 447%
c s  3.26 36 17 16 31 4024 3 115511 22110 1.9 19 10 5 10 46% 1340 5359 765 447%
c e  3.26 36 17 16 31 4024 3 115511 22110 1.9 19 10 5 10 46% 1063 5915 552 323%
c 2  3.26 36 17 16 31 4024 3 115511 22110 1.9 19 10 5 10 46% 1057 5915 552 323%
c s  3.26 36 17 16 31 4024 3 115511 22110 1.9 19 10 5 10 46% 1057 5612 552 323%
c e  3.27 36 17 16 31 4024 3 115511 22110 1.9 19 10 5 10 46% 1043 5651 544 318%
c ^  3.27 36 17 16 31 4024 3 115511 22110 1.9 19 10 5 10 46% 1043 5651 544 318%
c -  3.31 37 17 16 32 4244 3 118663 14433 1.9 19 10 5 10 47% 1043 5651 544 318%
c o  3.32 37 17 16 32 4340 3 119758 15313 1.9 19 10 5 10 47% 1043 5651 544 318%
c -  3.39 38 17 16 33 4742 3 124321 17283 1.9 19 10 5 10 47% 1043 5651 544 318%
c u  3.44 38 17 16 33 5043 3 127286 19707 1.9 19 10 5 10 47% 1044 5651 544 318%
c v  3.45 38 17 16 33 5043 3 127286 19566 1.9 19 10 5 10 47% 1044 5651 544 318%
c w  3.45 38 17 16 33 5043 3 127286 19565 1.9 19 10 5 10 47% 1044 5651 544 318%
c x  3.46 38 17 16 33 5043 3 127286 19564 1.9 19 10 5 10 47% 1045 5604 544 318%
c
c seconds   switched    rate          size/glue  tier1     binary      remaining
c        MB   reductions  conflicts         size   tier2     irredundant
c         level    restarts      redundant     glue    trail       variables
c
c t  3.46 38 17 16 33 5043 3 127286 19564 1.9 19 10 5 10 47% 1025 5604 544 318%
c f  3.47 38 17 16 33 5043 3 127286 19564 1.9 19 10 5 10 47% 1068 5401 561 328%
c u  3.48 40 17 16 33 5043 3 127286 19449 1.9 19 10 5 10 47% 1068 5401 561 328%
c v  3.49 40 17 16 33 5043 3 127286 19171 1.9 19 10 5 10 47% 1068 5401 561 328%
c w  3.49 40 17 16 33 5043 3 127286 19168 1.9 19 10 5 10 47% 1068 5401 561 328%
c x  3.50 40 17 16 33 5043 3 127286 19166 1.9 19 10 5 10 47% 1070 5381 561 328%
c t  3.56 41 17 16 33 5043 3 127286 19166 1.9 19 10 5 10 47% 1068 5381 561 328%
c }  3.56 41 17 17 33 5043 3 127618 19444 1.9 19 10 5 10 47% 1068 5381 561 328%
c [  3.56 41 36 17 33 5043 1 127618 19444 1.5 32 21 8 23 55% 1068 5381 561 328%
c W  3.57 42 36 17 33 5043 1 127618 19444 1.5 32 21 8 23 55% 1068 5381 561 328%
c -  3.60 44 35 17 34 5045 1 130066 18989 1.6 31 20 8 23 55% 1068 5381 561 328%
c -  3.67 45 34 17 35 5049 1 135896 20156 1.6 31 20 8 22 56% 1068 5381 561 328%
c -  3.74 45 33 17 36 5051 1 141812 20297 1.6 31 20 8 22 57% 1068 5381 561 328%
c -  3.82 45 33 17 37 5055 1 147815 19680 1.6 31 20 8 21 58% 1068 5381 561 328%
c ]  3.85 45 33 18 37 5056 1 150096 21527 1.6 31 20 8 21 59% 1068 5381 561 328%
c {  3.85 45 17 18 37 5056 3 150096 21527 1.9 19 10 5 10 47% 1068 5381 561 328%
c -  3.95 45 18 18 38 5999 3 153897 20274 1.9 19 10 5 10 47% 1068 5381 561 328%
c -  4.16 45 19 18 39 7517 3 160065 21626 1.8 20 11 5 11 47% 1068 5381 561 328%
c u  4.29 48 19 18 39 8208 3 162704 23706 1.8 20 11 5 11 46% 1069 5381 561 328%
c v  4.31 48 19 18 39 8208 3 162704 23521 1.8 20 11 5 11 46% 1069 5381 561 328%
c
c seconds   switched    rate          size/glue  tier1     binary      remaining
c        MB   reductions  conflicts         size   tier2     irredundant
c         level    restarts      redundant     glue    trail       variables
c
c w  4.32 49 19 18 39 8208 3 162704 23431 1.8 20 11 5 11 46% 1069 5381 561 328%
c x  4.33 49 19 18 39 8208 3 162704 23431 1.8 20 11 5 11 46% 1071 5325 561 328%
c t  4.33 49 19 18 39 8208 3 162704 23431 1.8 20 11 5 11 46% 1069 5325 561 328%
c -  4.49 49 20 18 40 9129 3 166310 22123 1.8 20 11 5 11 46% 1069 5325 561 328%
c o  4.62 49 20 18 40 9774 3 170388 25726 1.8 20 11 5 11 47% 1069 5325 561 328%
c }  4.72 49 21 19 40 10203 4 172441 27487 1.8 21 12 5 11 47% 1069 5325 561 328%
c [  4.72 49 33 19 40 10203 1 172441 27487 1.6 31 20 8 21 59% 1069 5325 561 328%
c O  4.72 49 33 19 40 10203 1 172441 27487 1.6 31 20 8 21 59% 1069 5325 561 328%
c -  4.72 49 33 19 41 10203 1 172634 23689 1.6 31 20 8 21 59% 1069 5325 561 328%
c -  4.82 49 35 19 42 10208 1 179037 23317 1.6 32 20 8 22 60% 1069 5325 561 328%
c -  4.92 49 35 19 43 10210 1 185517 20815 1.6 33 21 8 22 60% 1069 5325 561 328%
c -  5.04 49 36 19 44 10215 1 192074 20429 1.6 33 21 8 22 60% 1070 5325 561 328%
c s  5.06 49 36 19 44 10215 1 192918 21187 1.6 33 21 8 22 61% 1070 5303 561 328%
c e  5.06 50 36 19 44 10215 1 192918 21187 1.6 33 21 8 22 61% 961 5840 488 285%
c s  5.06 50 36 19 44 10215 1 192918 21187 1.6 33 21 8 22 61% 961 5720 488 285%
c e  5.07 50 36 19 44 10215 1 192918 21187 1.6 33 21 8 22 61% 951 5752 485 284%
c ^  5.07 50 36 19 44 10215 1 192918 21187 1.6 33 21 8 22 61% 951 5752 485 284%
c -  5.17 51 35 19 45 10217 1 198708 18010 1.6 33 21 8 22 61% 951 5752 485 284%
c B  5.19 51 35 19 45 10217 1 200182 19264 1.6 33 21 8 22 61% 951 5752 485 284%
c u  5.25 51 35 19 45 10217 1 202850 21143 1.6 33 21 8 22 61% 953 5752 485 284%
c
c seconds   switched     rate          size/glue  tier1    binary      remaining
c        MB   reductions   conflicts         size   tier2    irredundant
c         level    restarts       redundant     glue    trail      variables
c
c v  5.26 51 35 19 45 10217 1 202850 21046 1.6 33 21 8 22 61% 953 5752 485 284%
c w  5.28 51 35 19 45 10217 1 202850 21038 1.6 33 21 8 22 61% 953 5752 485 284%
c x  5.29 51 35 19 45 10217 1 202850 21033 1.6 33 21 8 22 61% 968 5594 485 284%
c t  5.29 51 35 19 45 10217 1 202850 21033 1.6 33 21 8 22 61% 943 5594 485 284%
c f  5.30 51 35 19 45 10217 1 202850 21033 1.6 33 21 8 22 61% 952 5534 488 285%
c u  5.32 51 35 19 45 10217 1 202850 20705 1.6 33 21 8 22 61% 954 5534 488 285%
c v  5.33 51 35 19 45 10217 1 202850 20651 1.6 33 21 8 22 61% 954 5534 488 285%
c w  5.35 51 35 19 45 10217 1 202850 20640 1.6 33 21 8 22 61% 954 5534 488 285%
c x  5.36 51 35 19 45 10217 1 202850 20630 1.6 33 21 8 22 61% 962 5475 488 285%
c t  5.36 51 35 19 45 10217 1 202850 20630 1.6 33 21 8 22 61% 953 5475 488 285%
c -  5.39 53 35 19 46 10218 1 205417 19034 1.6 33 21 8 22 61% 953 5475 488 285%
c -  5.49 53 34 19 47 10223 1 212199 19847 1.5 32 21 8 22 61% 953 5475 488 285%
c -  5.59 53 33 19 48 10226 1 219055 20997 1.5 32 21 8 22 60% 953 5475 488 285%
c -  5.70 53 32 19 49 10231 1 225984 22020 1.5 31 20 8 21 59% 953 5475 488 285%
c ]  5.79 53 31 20 49 10232 1 231429 26230 1.5 30 20 8 21 59% 953 5475 488 285%
c {  5.79 53 21 20 49 10232 4 231429 26230 1.8 21 12 5 11 47% 953 5475 488 285%
c o  5.79 53 21 20 49 10236 4 231450 26251 1.8 20 12 5 11 47% 953 5475 488 285%
c -  5.82 53 20 20 50 10256 4 232985 22627 1.8 20 12 5 11 47% 953 5475 488 285%
c -  5.94 53 20 20 51 10482 3 240058 23835 1.8 20 11 5 11 48% 953 5475 488 285%
c -  6.05 53 20 20 52 10704 3 247201 24824 1.8 20 11 5 11 49% 953 5475 488 285%
c
c seconds   switched     rate          size/glue  tier1    binary      remaining
c        MB   reductions   conflicts         size   tier2    irredundant
c         level    restarts       redundant     glue    trail      variables
c
c u  6.07 53 20 20 52 10704 3 247767 25156 1.8 20 11 5 11 49% 953 5475 488 285%
c v  6.08 53 20 20 52 10704 3 247767 24908 1.8 20 11 5 11 49% 953 5475 488 285%
c w  6.09 53 20 20 52 10704 3 247767 24884 1.8 20 11 5 11 49% 953 5475 488 285%
c x  6.10 53 20 20 52 10704 3 247767 24882 1.8 20 11 5 11 49% 956 5449 488 285%
c t  6.10 53 20 20 52 10704 3 247767 24882 1.8 20 11 5 11 49% 954 5449 488 285%
c -  6.20 55 19 20 53 10851 3 254413 25096 1.8 20 11 5 11 50% 956 5449 488 285%
c }  6.26 55 19 21 53 10853 3 258168 27790 1.8 20 11 5 11 50% 958 5449 488 285%
c [  6.26 55 31 21 53 10853 1 258168 27790 1.5 30 20 8 21 59% 958 5449 488 285%
c W  6.27 55 31 21 53 10853 1 258168 27790 1.5 30 20 8 21 59% 958 5449 488 285%
c -  6.32 55 31 21 54 10855 1 261693 25126 1.5 30 20 8 21 59% 958 5449 488 285%
c -  6.44 56 31 21 55 10859 1 269041 24828 1.5 30 20 8 21 60% 958 5449 488 285%
c -  6.53 56 31 21 56 10864 1 276457 25449 1.5 30 20 8 21 60% 958 5449 488 285%
c -  6.65 56 30 21 57 10867 1 283943 25854 1.5 30 20 8 21 61% 958 5449 488 285%
c ]  6.69 56 31 22 57 10867 1 287271 28858 1.6 30 20 8 21 61% 958 5449 488 285%
c {  6.69 56 19 22 57 10867 3 287271 28858 1.8 20 11 5 11 50% 958 5449 488 285%
c -  6.75 56 18 22 58 10870 3 291492 26949 1.8 20 11 5 11 51% 958 5449 488 285%
c s  6.81 56 18 22 58 10873 3 295354 30485 1.9 20 11 5 11 52% 958 5395 488 285%
c e  6.82 56 18 22 58 10873 3 295354 30485 1.9 20 11 5 11 52% 784 6509 402 235%
c s  6.82 56 18 22 58 10873 3 295354 30485 1.9 20 11 5 11 52% 784 6360 402 235%
c !  6.82 56 18 22 58 10873 3 295354 30485 1.9 20 11 5 11 52% 784 6360 402 235%
c
c seconds   switched     rate          size/glue  tier1    binary      remaining
c        MB   reductions   conflicts         size   tier2    irredundant
c         level    restarts       redundant     glue    trail      variables
c
c u  6.86 56 18 22 58 10873 3 297575 22851 1.9 20 11 5 11 53% 785 6360 402 235%
c v  6.88 56 18 22 58 10873 3 297575 22587 1.9 20 11 5 11 53% 785 6360 402 235%
c w  6.88 56 18 22 58 10873 3 297575 22558 1.9 20 11 5 11 53% 785 6360 402 235%
c x  6.89 56 18 22 58 10873 3 297575 22558 1.9 20 11 5 11 53% 790 6313 402 235%
c t  6.89 56 18 22 58 10873 3 297575 22558 1.9 20 11 5 11 53% 779 6313 402 235%
c f  6.91 56 18 22 58 10873 3 297575 22558 1.9 20 11 5 11 53% 835 5711 428 250%
c u  6.93 59 18 22 58 10873 3 297575 22356 1.9 20 11 5 11 53% 835 5711 428 250%
c v  6.94 59 18 22 58 10873 3 297575 22251 1.9 20 11 5 11 53% 835 5711 428 250%
c w  6.95 59 18 22 58 10873 3 297575 22105 1.9 20 11 5 11 53% 835 5711 428 250%
c x  6.96 59 18 22 58 10873 3 297575 22105 1.9 20 11 5 11 53% 840 5678 428 250%
c t  7.05 59 18 22 58 10873 3 297575 22105 1.9 20 11 5 11 53% 836 5678 428 250%
c -  7.08 59 18 22 59 10880 3 299108 20675 1.9 20 11 5 11 53% 836 5678 428 250%
c o  7.11 59 18 22 59 10898 3 302002 23468 1.9 20 11 5 11 54% 836 5678 428 250%
c -  7.19 59 18 22 60 10898 3 306789 25033 1.9 20 10 5 11 54% 836 5678 428 250%
c -  7.31 59 17 22 61 10898 2 314534 28201 2.0 20 10 5 10 54% 836 5678 428 250%
c }  7.38 59 17 23 61 10901 2 318789 32200 2.1 21 10 5 10 54% 836 5678 428 250%
c [  7.38 59 31 23 61 10901 1 318789 32200 1.6 30 20 8 21 61% 836 5678 428 250%
c I  7.38 59 31 23 61 10901 1 318789 32200 1.6 30 20 8 21 61% 836 5678 428 250%
c -  7.42 59 30 23 62 10903 1 322347 30297 1.6 30 19 7 21 62% 837 5678 428 250%
c -  7.54 59 30 23 63 10907 1 330222 30852 1.6 30 19 7 20 61% 837 5678 428 250%
c
c seconds   switched     rate          size/glue  tier1    binary      remaining
c        MB   reductions   conflicts         size   tier2    irredundant
c         level    restarts       redundant     glue    trail      variables
c
c -  7.64 60 29 23 64 10913 1 338160 30968 1.6 30 18 7 20 62% 837 5678 428 250%
c -  7.74 60 29 23 65 10915 1 346162 30919 1.6 30 18 7 20 63% 837 5678 428 250%
c u  7.83 61 30 23 65 10916 1 352236 36291 1.6 31 19 7 20 64% 837 5678 428 250%
c v  7.84 61 30 23 65 10916 1 352236 36171 1.6 31 19 7 20 64% 837 5678 428 250%
c w  7.86 63 30 23 65 10916 1 352236 36093 1.6 31 19 7 20 64% 837 5678 428 250%
c x  7.87 63 30 23 65 10916 1 352236 36093 1.6 31 19 7 20 64% 839 5635 428 250%
c t  7.87 63 30 23 65 10916 1 352236 36093 1.6 31 19 7 20 64% 838 5635 428 250%
c -  7.90 63 30 23 66 10918 1 354224 28894 1.6 31 19 7 20 65% 838 5635 428 250%
c ]  7.95 63 30 24 66 10921 1 357918 32223 1.6 31 19 7 20 65% 838 5635 428 250%
c {  7.95 63 17 24 66 10921 2 357918 32223 2.1 21 10 5 10 54% 838 5635 428 250%
c -  8.03 63 17 24 67 11186 2 362348 26498 2.0 20 10 4 10 54% 840 5635 428 250%
c -  8.17 63 17 24 68 11621 2 370535 28417 2.0 20 10 4 10 54% 840 5635 428 250%
c -  8.29 63 17 24 69 11958 2 378781 28853 2.0 20 10 4 10 56% 840 5635 428 250%
c o  8.35 63 17 24 69 12185 2 382158 31810 2.0 20 10 4 10 56% 841 5635 428 250%
c -  8.43 63 17 24 70 12423 2 387088 29988 2.0 20 10 4 10 56% 841 5635 428 250%
c }  8.56 63 17 25 70 12946 2 394595 36337 2.0 20 10 4 10 56% 842 5635 428 250%
c [  8.56 63 30 25 70 12946 1 394595 36337 1.6 31 19 7 20 65% 842 5635 428 250%
c B  8.56 63 30 25 70 12946 1 394595 36337 1.6 31 19 7 20 65% 842 5635 428 250%
c -  8.57 64 30 25 71 12946 1 395454 30520 1.6 31 19 7 20 65% 842 5635 428 250%
c -  8.67 64 29 25 72 12952 1 403881 31037 1.7 31 18 7 20 65% 842 5635 428 250%
c
c seconds   switched     rate          size/glue  tier1    binary      remaining
c        MB   reductions   conflicts         size   tier2    irredundant
c         level    restarts       redundant     glue    trail      variables
c
c u  8.79 64 30 25 72 12956 1 411998 37709 1.6 31 19 7 20 64% 843 5635 428 250%
c v  8.81 64 30 25 72 12956 1 411998 37282 1.6 31 19 7 20 64% 845 5635 428 250%
c w  8.82 64 30 25 72 12956 1 411998 37266 1.6 31 19 7 20 64% 845 5635 428 250%
c x  8.83 64 30 25 72 12956 1 411998 37263 1.6 31 19 7 20 64% 846 5595 428 250%
c t  8.84 64 30 25 72 12956 1 411998 37263 1.6 31 19 7 20 64% 844 5595 428 250%
c -  8.85 64 30 25 73 12957 1 412366 28488 1.6 31 19 7 20 64% 844 5595 428 250%
c -  8.94 64 30 25 74 12960 1 420910 25257 1.6 30 19 7 21 63% 844 5595 428 250%
c s  8.98 64 30 25 74 12960 1 423579 27603 1.6 30 19 7 21 62% 846 5567 428 250%
c e  8.98 64 30 25 74 12960 1 423579 27603 1.6 30 19 7 21 62% 786 5977 400 234%
c s  8.99 64 30 25 74 12960 1 423579 27603 1.6 30 19 7 21 62% 786 5957 400 234%
c -  9.07 64 29 25 75 12962 1 429512 25030 1.6 30 19 7 20 63% 786 5957 400 234%
c -  9.17 64 29 25 76 12967 1 438173 29018 1.6 30 18 7 20 63% 786 5957 400 234%
c W  9.18 64 29 25 76 12967 1 438308 29130 1.6 30 18 7 20 63% 786 5957 400 234%
c ]  9.26 66 29 26 76 12972 1 445583 35790 1.6 30 18 7 20 64% 786 5957 400 234%
c {  9.26 66 17 26 76 12972 2 445583 35790 2.0 20 10 4 10 56% 786 5957 400 234%
c -  9.29 66 17 26 77 13075 2 446891 29097 2.0 20 10 4 10 56% 786 5957 400 234%
c -  9.41 66 17 26 78 13400 2 455668 29419 2.0 20 10 4 10 57% 787 5957 400 234%
c -  9.54 66 17 26 79 13779 2 464499 31280 2.0 20 10 4 10 57% 788 5957 400 234%
c o  9.66 66 17 26 79 14110 2 472559 38095 2.0 20 10 4 10 58% 788 5957 400 234%
c -  9.68 66 17 26 80 14162 2 473387 32696 2.0 20 10 4 10 58% 788 5957 400 234%
c
c seconds   switched     rate          size/glue  tier1    binary      remaining
c        MB   reductions   conflicts         size   tier2    irredundant
c         level    restarts       redundant     glue    trail      variables
c
c u  9.75 67 17 26 80 14226 2 476952 35168 2.0 20 10 4 10 58% 788 5957 400 234%
c v  9.77 68 17 26 80 14226 2 476952 34839 2.0 20 10 4 10 58% 790 5957 400 234%
c w  9.78 68 17 26 80 14226 2 476952 34775 2.0 20 10 4 10 58% 790 5957 400 234%
c x  9.79 68 17 26 80 14226 2 476952 34768 2.0 20 10 4 10 58% 793 5905 400 234%
c t  9.79 68 17 26 80 14226 2 476952 34768 2.0 20 10 4 10 58% 785 5905 400 234%
c f  9.80 68 17 26 80 14226 2 476952 34768 2.0 20 10 4 10 58% 808 5560 416 243%
c u  9.82 68 17 26 80 14226 2 476952 34554 2.0 20 10 4 10 58% 810 5560 416 243%
c v  9.85 68 17 26 80 14226 2 476952 34467 2.0 20 10 4 10 58% 810 5560 416 243%
c w  9.85 68 17 26 80 14226 2 476952 34454 2.0 20 10 4 10 58% 810 5560 416 243%
c x  9.87 68 17 26 80 14226 2 476952 34453 2.0 20 10 4 10 58% 815 5523 416 243%
c t  9.87 68 17 26 80 14226 2 476952 34453 2.0 20 10 4 10 58% 807 5523 416 243%
c -  9.97 70 17 26 81 14569 2 482331 32992 2.0 20 10 4 10 58% 807 5523 416 243%
c } 10.06 70 17 27 81 14923 2 487805 37749 2.0 20 10 4 10 58% 811 5523 416 243%
c [ 10.06 70 29 27 81 14923 1 487805 37749 1.6 30 18 7 20 64% 811 5523 416 243%
c O 10.06 70 29 27 81 14923 1 487805 37749 1.6 30 18 7 20 64% 811 5523 416 243%
c - 10.12 70 29 27 82 14925 1 491332 33434 1.6 30 18 7 20 64% 811 5523 416 243%
c - 10.27 70 28 27 83 14930 1 500388 33450 1.6 29 18 7 20 63% 811 5523 416 243%
c - 10.42 70 28 27 84 14936 1 509498 33958 1.6 29 18 7 20 64% 811 5523 416 243%
c - 10.59 70 28 27 85 14937 1 518664 33807 1.6 29 18 7 20 64% 811 5523 416 243%
c ] 10.70 70 27 28 85 14941 1 524966 39214 1.6 29 17 7 20 64% 811 5523 416 243%
c
c seconds   switched     rate          size/glue  tier1    binary      remaining
c        MB   reductions   conflicts         size   tier2    irredundant
c         level    restarts       redundant     glue    trail      variables
c
c { 10.70 70 17 28 85 14941 2 524966 39214 2.0 20 10 4 10 58% 811 5523 416 243%
c - 10.76 70 17 28 86 15114 2 527883 35024 2.0 20 10 4 10 58% 811 5523 416 243%
c - 10.92 70 17 28 87 15608 2 537156 36754 2.0 20 10 4 10 59% 811 5523 416 243%
c - 11.10 70 17 28 88 16197 2 546483 36661 2.0 20 10 4 10 59% 812 5523 416 243%
c u 11.14 70 17 28 88 16259 2 547291 36938 2.0 20 10 4 10 59% 824 5523 415 243%
c v 11.17 70 17 28 88 16259 2 547291 36555 2.0 20 10 4 10 59% 822 5523 415 243%
c w 11.19 70 17 28 88 16259 2 547291 36535 2.0 20 10 4 10 59% 822 5523 415 243%
c x 11.20 70 17 28 88 16259 2 547291 36533 2.0 20 10 4 10 59% 823 5463 415 243%
c t 11.20 70 17 28 88 16259 2 547291 35567 2.0 20 10 4 10 59% 821 5463 415 243%
c u 11.23 70 17 28 88 16259 2 547291 35081 2.0 20 10 4 10 59% 822 5463 415 243%
c v 11.26 70 17 28 88 16259 2 547291 35043 2.0 20 10 4 10 59% 822 5463 415 243%
c w 11.27 70 17 28 88 16259 2 547291 35020 2.0 20 10 4 10 59% 822 5463 415 243%
c x 11.29 70 17 28 88 16259 2 547291 35013 2.0 20 10 4 10 59% 823 5383 415 243%
c i 11.30 70 17 28 88 16259 2 547291 35013 2.0 20 10 4 10 59% 823 5383 415 243%
c - 11.44 70 17 28 89 16702 2 555865 35125 2.0 20 10 4 10 60% 794 5383 415 243%
c } 11.53 70 17 28 89 16863 2 561061 39648 2.0 20 10 4 10 60% 795 5383 415 243%
c 1 11.53 70 17 28 89 16863 2 561061 39648 2.0 20 10 4 10 60% 795 5383 415 243%
c
c ---- [ result ] ------------------------------------------------------------
c
s SATISFIABLE
v -1 2 3 4 5 -6 7 -8 -9 -10 11 12 13 14 15 16 -17 -18 19 20 21 22 23 24 25 -26
v 27 -28 29 30 31 32 33 34 -35 36 37 38 39 -40 41 42 43 44 -45 -46 47 48 49 50
v 51 -52 53 54 -55 56 57 58 59 60 61 -62 63 64 65 66 67 68 69 70 71 72 73 74
v 75 76 77 78 79 80 81 82 83 84 -85 86 87 88 89 90 91 92 93 -94 95 96 -97 98
v 99 100 101 102 -103 104 105 106 107 108 109 110 111 112 113 114 115 -116 117
v -118 119 120 121 122 123 -124 125 -126 127 128 -129 130 131 132 133 -134
v -135 136 137 -138 139 140 141 142 143 144 145 -146 147 148 149 150 151 -152
v 153 154 155 156 157 -158 159 160 161 162 163 164 165 166 167 -168 169 170
v 171 0
c
c ---- [ profiling ] ---------------------------------------------------------
c
c           8.62   74.71 %  search
c           4.51   39.12 %  focused
c           4.10   35.59 %  stable
c           2.82   24.47 %  probe
c           1.52   13.22 %  factor
c           1.47   12.73 %  simplify
c           1.44   12.49 %  preprocess
c           1.00    8.63 %  vivify
c           0.24    2.07 %  sweep
c           0.18    1.59 %  reduce
c           0.08    0.68 %  eliminate
c           0.05    0.42 %  substitute
c           0.03    0.24 %  subsume
c           0.01    0.07 %  walking
c           0.01    0.07 %  congruence
c           0.01    0.05 %  parse
c           0.00    0.04 %  transitive
c           0.00    0.02 %  backbone
c           0.00    0.01 %  lucky
c =============================================
c          11.53  100.00 %  total
c
c ---- [ statistics ] --------------------------------------------------------
c
c conflicts:                           561061            48650.11 per second
c decisions:                          1017290                1.81 per conflict
c eliminated:                             653              382 %  variables
c factored:                               899              526 %  variables
c iterations:                               1                1 %  variables
c propagations:                      30718650          2663642    per second
c reductions:                              89             6304    interval
c reordered:                               10            56106    interval
c rephased:                                18            31170    interval
c restarts:                             16863               33    interval
c strengthened:                             5                0 %  checks
c subsumed:                              1777                0 %  checks
c switched:                                28            20038    interval
c vivified:                             18260               36 %  checks
c walks:                                    6            93510    interval
c
c ---- [ glue usage ] --------------------------------------------------------
c
c focused glue 4   used 165300 clauses 14.36% accumulated 56.83% tier1
c focused glue 5   used 107063 clauses  9.30% accumulated 66.13%
c focused glue 6-8 used 216618 clauses 18.82% accumulated 84.95%
c focused glue 9   used  46639 clauses  4.05% accumulated 89.00%
c focused glue 10  used  34663 clauses  3.01% accumulated 92.01% tier2
c
c stable glue 7    used  85777 clauses  5.39% accumulated 52.34% tier1
c stable glue 8    used  83773 clauses  5.26% accumulated 57.60%
c stable glue 9-18 used 489988 clauses 30.78% accumulated 88.38%
c stable glue 19   used  24071 clauses  1.51% accumulated 89.89%
c stable glue 20   used  21257 clauses  1.34% accumulated 91.23% tier2
c
c ---- [ resources ] ---------------------------------------------------------
c
c maximum-resident-set-size:      75598135296 bytes      72096 MB
c process-time:                            12s              11.53 seconds
c
c ---- [ shutting down ] -----------------------------------------------------
c
c exit 10
