c ---- [ banner ] ------------------------------------------------------------
c
c Kissat SAT Solver
c 
c Copyright (c) 2021-2024 Armin Biere University of Freiburg
c Copyright (c) 2019-2021 Armin Biere Johannes Kepler University Linz
c 
c Version 4.0.4 8af8e56f174b778aef3aa45af9f739b2a5f492c2
c Apple clang version 17.0.0 (clang-1700.6.3.2) -W -Wall -O3 -DNDEBUG
c Mon Mar 30 18:25:47 CEST 2026 Darwin Mac 24.6.0 arm64
c
c ---- [ parsing ] -----------------------------------------------------------
c
c opened and reading DIMACS file:
c
c   tmp.cnf
c
c parsed 'p cnf 190 80940' header
c closing input after reading 1567915 bytes (1 MB)
c finished parsing after 0.01 seconds
c
c ---- [ solving ] -----------------------------------------------------------
c
c seconds switched rate     size/glue tier1 binary       remaining
c        MB reductions conflicts size  tier2   irredundant
c         level restarts redundant glue  trail       variables
c
c *  0.01 13 0 0 0  0 0   0   0 0.0 0 0 0 0 0%  66 80874 190 100%
c (  0.01 14 0 0 0  0 0   0   0 0.0 0 0 0 0 0%  66 80874 190 100%
c .  0.01 14 0 0 0  0 0   0   0 0.0 0 0 0 0 0%  66 80874 190 100%
c f  1.46 17 0 0 0  0 0   0   0 0.0 0 0 0 0 0% 522 40627 339 178%
c )  1.46 17 0 0 0  0 0   0   0 0.0 0 0 0 0 0% 522 40627 339 178%
c {  1.46 17 0 0 0  0 0   0   0 0.0 0 0 2 6 0% 522 40627 339 178%
c -  1.46 17 24 0 1 28 2 1002 624 1.8 21 11 9 15 58% 522 40627 339 178%
c }  1.46 17 24 1 1 28 2 1002 624 1.8 21 11 9 15 58% 522 40627 339 178%
c [  1.46 17 0 1 1 28 0 1002 624 0.0 0 0 2 6 0% 522 40627 339 178%
c B  1.46 17 0 1 1 28 0 1002 624 0.0 0 0 2 6 0% 522 40627 339 178%
c -  1.47 17 54 1 2 28 1 2003 1452 1.5 32 22 14 30 60% 522 40627 339 178%
c W  1.47 19 54 1 2 28 1 2003 1452 1.5 32 22 14 30 60% 522 40627 339 178%
c ]  1.47 19 53 2 2 28 1 2050 1490 1.5 32 22 14 30 59% 522 40627 339 178%
c {  1.47 19 24 2 2 28 2 2050 1490 1.8 21 11 9 15 58% 522 40627 339 178%
c u  1.48 19 25 2 2 207 3 2567 1924 1.7 21 13 9 15 51% 522 40627 339 178%
c v  1.49 19 25 2 2 207 3 2567 1893 1.7 21 13 9 15 51% 522 40627 339 178%
c w  1.49 19 25 2 2 207 3 2567 1890 1.7 21 13 9 15 51% 522 40627 339 178%
c x  1.49 20 25 2 2 207 3 2567 1890 1.7 21 13 9 15 51% 523 40618 339 178%
c t  1.49 20 25 2 2 207 3 2567 1890 1.7 21 13 9 15 51% 522 40618 339 178%
c f  1.49 20 25 2 2 207 3 2567 1890 1.7 21 13 9 15 51% 524 40546 340 179%
c
c seconds  switched  rate       size/glue  tier1    binary       remaining
c        MB reductions conflicts      size   tier2     irredundant
c         level restarts   redundant     glue    trail       variables
c
c u  1.50 21 25 2 2 207 3 2567 1839 1.7 21 13 9 15 51% 524 40546 340 179%
c v  1.50 22 25 2 2 207 3 2567 1815 1.7 21 13 9 15 51% 524 40546 340 179%
c w  1.50 22 25 2 2 207 3 2567 1815 1.7 21 13 9 15 51% 524 40546 340 179%
c x  1.51 22 25 2 2 207 3 2567 1815 1.7 21 13 9 15 51% 530 40495 340 179%
c t  1.52 22 25 2 2 207 3 2567 1815 1.7 21 13 9 15 51% 524 40495 340 179%
c f  1.52 22 25 2 2 207 3 2567 1815 1.7 21 13 9 15 51% 526 40448 341 179%
c }  1.53 23 24 3 2 220 3 3050 2218 1.7 21 12 10 16 48% 526 40448 341 179%
c [  1.53 23 53 3 2 220 1 3050 2218 1.5 32 22 14 30 59% 526 40448 341 179%
c -  1.53 23 44 3 3 220 1 3417 2407 1.6 30 19 12 28 56% 526 40448 341 179%
c I  1.54 25 39 3 3 221 1 4264 3194 1.9 33 17 12 28 60% 526 40448 341 179%
c -  1.55 25 34 3 4 222 1 5150 3544 1.9 30 16 11 21 57% 526 40448 341 179%
c ]  1.55 25 34 4 4 222 1 5186 3577 1.9 30 16 11 21 57% 526 40448 341 179%
c {  1.55 25 24 4 4 222 3 5186 3577 1.7 21 12 10 16 48% 526 40448 341 179%
c -  1.57 26 21 4 5 283 3 7150 4633 1.9 22 12 9 15 49% 526 40448 341 179%
c }  1.57 26 21 5 5 307 3 7538 4980 1.9 22 12 9 15 49% 526 40448 341 179%
c [  1.57 26 34 5 5 307 1 7538 4980 1.9 30 16 11 21 57% 526 40448 341 179%
c u  1.58 26 33 5 5 307 1 7908 5321 1.9 31 16 11 21 59% 526 40448 341 179%
c v  1.58 26 33 5 5 307 1 7908 5311 1.9 31 16 11 21 59% 526 40448 341 179%
c w  1.58 26 33 5 5 307 1 7908 5310 1.9 31 16 11 21 59% 526 40448 341 179%
c x  1.58 26 33 5 5 307 1 7908 5310 1.9 31 16 11 21 59% 526 40289 341 179%
c
c seconds  switched  rate       size/glue  tier1     binary       remaining
c        MB reductions conflicts      size    tier2     irredundant
c         level restarts   redundant     glue     trail       variables
c
c t  1.59 26 33 5 5 307 1 7908 5310 1.9 31 16 11 21 59% 525 40289 341 179%
c f  1.59 26 33 5 5 307 1 7908 5310 1.9 31 16 11 21 59% 527 40256 342 180%
c u  1.59 26 33 5 5 307 1 7908 5288 1.9 31 16 11 21 59% 527 40256 342 180%
c v  1.60 26 33 5 5 307 1 7908 5273 1.9 31 16 11 21 59% 527 40256 342 180%
c w  1.60 26 33 5 5 307 1 7908 5273 1.9 31 16 11 21 59% 527 40256 342 180%
c x  1.60 26 33 5 5 307 1 7908 5273 1.9 31 16 11 21 59% 531 40239 342 180%
c t  1.60 26 33 5 5 307 1 7908 5273 1.9 31 16 11 21 59% 526 40239 342 180%
c B  1.61 27 34 5 5 307 1 8036 5376 1.9 31 16 11 21 59% 526 40239 342 180%
c -  1.62 27 33 5 6 308 1 9388 5586 1.9 31 17 11 23 62% 526 40239 342 180%
c ]  1.63 27 33 6 6 309 1 10582 6680 1.8 31 17 11 23 62% 526 40239 342 180%
c {  1.63 27 21 6 6 309 3 10582 6680 1.9 22 12 9 15 49% 526 40239 342 180%
c o  1.64 27 20 6 6 315 2 11773 7842 2.0 23 12 9 15 53% 526 40239 342 180%
c -  1.64 27 20 6 7 315 2 11838 6814 2.0 22 11 9 14 53% 526 40239 342 180%
c s  1.65 27 20 6 7 317 2 12835 7788 2.0 23 11 9 14 53% 526 39787 342 180%
c e  1.66 27 20 6 7 317 2 12835 7788 2.0 23 11 9 14 53% 522 39789 339 178%
c ^  1.67 27 20 6 7 317 2 12835 7788 2.0 23 11 9 14 53% 522 39789 339 178%
c -  1.68 27 19 6 8 318 2 14484 7927 2.1 23 11 8 14 54% 522 39789 339 178%
c }  1.68 27 19 7 8 318 2 14651 8086 2.1 23 11 8 14 54% 522 39789 339 178%
c [  1.68 27 33 7 8 318 1 14651 8086 1.8 31 17 11 23 62% 522 39789 339 178%
c W  1.69 29 33 7 8 318 1 14651 8086 1.8 31 17 11 23 62% 522 39789 339 178%
c
c seconds  switched  rate        size/glue  tier1     binary       remaining
c        MB reductions conflicts       size    tier2     irredundant
c         level restarts    redundant     glue     trail       variables
c
c u  1.70 31 33 7 8 319 1 16205 9489 1.8 32 18 11 23 65% 522 39789 339 178%
c v  1.71 31 33 7 8 319 1 16205 9475 1.8 32 18 11 23 65% 522 39789 339 178%
c w  1.71 32 33 7 8 319 1 16205 9475 1.8 32 18 11 23 65% 522 39789 339 178%
c x  1.71 33 33 7 8 319 1 16205 9475 1.8 32 18 11 23 65% 528 39689 339 178%
c t  1.72 34 33 7 8 319 1 16205 9475 1.8 32 18 11 23 65% 522 39689 339 178%
c -  1.74 34 33 7 9 320 1 17313 8595 1.8 32 18 11 24 66% 522 39689 339 178%
c -  1.76 34 34 7 10 322 1 20314 9100 1.7 33 19 12 24 69% 522 39689 339 178%
c ]  1.77 34 35 8 10 323 1 21170 9817 1.7 33 20 12 24 69% 522 39689 339 178%
c {  1.77 34 19 8 10 323 2 21170 9817 2.1 23 11 8 14 54% 522 39689 339 178%
c o  1.78 34 19 8 10 399 2 22310 10851 2.1 23 11 8 14 54% 522 39689 339 178%
c -  1.79 34 18 8 11 445 2 23476 9852 2.1 23 11 8 13 54% 522 39689 339 178%
c s  1.82 34 18 8 11 633 2 25685 11767 2.1 23 11 8 13 53% 522 39686 339 178%
c e  1.83 35 18 8 11 633 2 25685 11767 2.1 23 11 8 13 53% 513 39701 333 175%
c s  1.83 35 18 8 11 633 2 25685 11767 2.1 23 11 8 13 53% 513 39700 333 175%
c ^  1.83 35 18 8 11 633 2 25685 11767 2.1 23 11 8 13 53% 513 39700 333 175%
c -  1.85 36 18 8 12 661 2 26792 10837 2.1 23 11 8 13 53% 513 39700 333 175%
c }  1.85 36 18 9 12 722 2 27329 11304 2.2 23 11 8 13 54% 513 39700 333 175%
c [  1.85 36 35 9 12 722 1 27329 11304 1.7 33 20 12 24 69% 513 39700 333 175%
c O  1.85 36 35 9 12 722 1 27329 11304 1.7 33 20 12 24 69% 513 39700 333 175%
c u  1.86 36 36 9 12 722 1 27645 11556 1.6 34 20 12 24 69% 513 39700 333 175%
c
c seconds  switched   rate         size/glue  tier1     binary       remaining
c        MB  reductions conflicts        size    tier2     irredundant
c         level  restarts     redundant     glue     trail       variables
c
c v  1.86 37 36 9 12 722 1 27645 11551 1.6 34 20 12 24 69% 513 39700 333 175%
c w  1.87 37 36 9 12 722 1 27645 11550 1.6 34 20 12 24 69% 513 39700 333 175%
c x  1.87 37 36 9 12 722 1 27645 11548 1.6 34 20 12 24 69% 513 39563 333 175%
c f  1.87 37 36 9 12 722 1 27645 11548 1.6 34 20 12 24 69% 515 39523 334 176%
c u  1.88 37 36 9 12 722 1 27645 11516 1.6 34 20 12 24 69% 515 39523 334 176%
c v  1.88 37 36 9 12 722 1 27645 11514 1.6 34 20 12 24 69% 515 39523 334 176%
c w  1.89 37 36 9 12 722 1 27645 11513 1.6 34 20 12 24 69% 515 39523 334 176%
c x  1.89 37 36 9 12 722 1 27645 11513 1.6 34 20 12 24 69% 515 39466 334 176%
c t  1.89 37 36 9 12 722 1 27645 11513 1.6 34 20 12 24 69% 514 39466 334 176%
c f  1.89 37 36 9 12 722 1 27645 11513 1.6 34 20 12 24 69% 516 39406 335 176%
c -  1.92 38 36 9 13 724 1 30256 11359 1.6 33 21 12 28 65% 516 39406 335 176%
c ]  1.96 38 35 10 13 727 1 33714 14243 1.5 33 21 12 28 62% 516 39406 335 176%
c {  1.96 38 18 10 13 727 2 33714 14243 2.2 23 11 8 13 54% 516 39406 335 176%
c -  1.96 38 18 10 14 776 2 33861 12244 2.1 23 11 8 13 54% 516 39406 335 176%
c -  1.99 38 18 10 15 983 2 37603 13800 2.1 22 11 8 13 53% 516 39406 335 176%
c -  2.04 38 18 10 16 1195 2 41475 14831 2.1 23 11 8 13 53% 516 39406 335 176%
c o  2.05 38 18 10 16 1236 2 42320 15585 2.1 23 11 8 13 53% 516 39406 335 176%
c }  2.05 38 18 11 16 1241 2 42341 15604 2.1 23 11 8 13 53% 516 39406 335 176%
c [  2.05 38 35 11 16 1241 1 42341 15604 1.5 33 21 12 28 62% 516 39406 335 176%
c B  2.05 38 35 11 16 1241 1 42341 15604 1.5 33 21 12 28 62% 516 39406 335 176%
c
c seconds   switched    rate         size/glue  tier1     binary       remaining
c        MB   reductions  conflicts        size    tier2     irredundant
c         level    restarts     redundant     glue     trail       variables
c
c u  2.06 38 35 11 16 1241 1 42386 15635 1.5 33 21 12 28 62% 516 39406 335 176%
c v  2.06 38 35 11 16 1241 1 42386 15618 1.5 33 21 12 28 62% 516 39406 335 176%
c w  2.06 38 35 11 16 1241 1 42386 15617 1.5 33 21 12 28 62% 516 39406 335 176%
c x  2.07 38 35 11 16 1241 1 42386 15617 1.5 33 21 12 28 62% 516 39116 335 176%
c t  2.07 38 35 11 16 1241 1 42386 15617 1.5 33 21 12 28 62% 515 39116 335 176%
c f  2.07 38 35 11 16 1241 1 42386 15617 1.5 33 21 12 28 62% 517 38998 336 177%
c u  2.08 40 35 11 16 1241 1 42386 15612 1.5 33 21 12 28 62% 517 38998 336 177%
c v  2.09 40 35 11 16 1241 1 42386 15599 1.5 33 21 12 28 62% 517 38998 336 177%
c w  2.09 40 35 11 16 1241 1 42386 15599 1.5 33 21 12 28 62% 517 38998 336 177%
c x  2.09 41 35 11 16 1241 1 42386 15598 1.5 33 21 12 28 62% 520 38918 336 177%
c t  2.12 41 35 11 16 1241 1 42386 15598 1.5 33 21 12 28 62% 517 38918 336 177%
c f  2.12 41 35 11 16 1241 1 42386 15598 1.5 33 21 12 28 62% 519 38888 337 177%
c -  2.15 43 35 11 17 1243 1 45475 16037 1.5 32 21 12 27 62% 519 38888 337 177%
c -  2.19 43 37 11 18 1246 1 49600 17171 1.5 32 21 12 27 63% 519 38888 337 177%
c ]  2.22 43 37 12 18 1247 1 53044 20291 1.5 32 21 12 27 62% 519 38888 337 177%
c {  2.22 43 18 12 18 1247 2 53044 20291 2.1 23 11 8 13 53% 519 38888 337 177%
c s  2.23 43 18 12 18 1291 2 53551 20739 2.1 23 11 8 13 53% 519 38842 337 177%
c e  2.24 43 18 12 18 1291 2 53551 20739 2.1 23 11 8 13 53% 515 38846 334 176%
c ^  2.25 43 18 12 18 1291 2 53551 20739 2.1 23 11 8 13 53% 515 38846 334 176%
c -  2.25 43 18 12 19 1304 2 53843 18034 2.1 23 11 8 13 53% 515 38846 334 176%
c
c seconds   switched    rate         size/glue  tier1    binary       remaining
c        MB   reductions  conflicts        size   tier2     irredundant
c         level    restarts     redundant     glue    trail       variables
c
c -  2.31 43 17 12 20 1463 2 58202 18896 2.1 22 10 8 13 53% 515 38846 334 176%
c u  2.34 44 17 12 20 1489 2 60530 20714 2.1 22 10 8 13 53% 515 38846 334 176%
c v  2.35 47 17 12 20 1489 2 60530 20705 2.1 22 10 8 13 53% 515 38846 334 176%
c w  2.35 48 17 12 20 1489 2 60530 20705 2.1 22 10 8 13 53% 515 38846 334 176%
c x  2.35 48 17 12 20 1489 2 60530 20705 2.1 22 10 8 13 53% 522 38627 334 176%
c t  2.35 48 17 12 20 1489 2 60530 20705 2.1 22 10 8 13 53% 514 38627 334 176%
c f  2.36 48 17 12 20 1489 2 60530 20705 2.1 22 10 8 13 53% 516 38101 335 176%
c u  2.37 48 17 12 20 1489 2 60530 20704 2.1 22 10 8 13 53% 516 38101 335 176%
c v  2.37 48 17 12 20 1489 2 60530 20697 2.1 22 10 8 13 53% 516 38101 335 176%
c w  2.38 48 17 12 20 1489 2 60530 20697 2.1 22 10 8 13 53% 516 38101 335 176%
c x  2.38 48 17 12 20 1489 2 60530 20697 2.1 22 10 8 13 53% 523 37929 335 176%
c t  2.38 48 17 12 20 1489 2 60530 20697 2.1 22 10 8 13 53% 516 37929 335 176%
c f  2.39 48 17 12 20 1489 2 60530 20697 2.1 22 10 8 13 53% 517 37691 336 177%
c -  2.41 48 17 12 21 1526 2 62674 17543 2.1 21 10 7 12 53% 517 37691 336 177%
c }  2.43 48 17 13 21 1621 2 64523 19122 2.1 21 10 7 12 53% 517 37691 336 177%
c [  2.43 48 37 13 21 1621 1 64523 19122 1.5 32 21 12 27 62% 517 37691 336 177%
c W  2.43 50 37 13 21 1621 1 64523 19122 1.5 32 21 12 27 62% 517 37691 336 177%
c -  2.46 51 37 13 22 1623 1 67257 18382 1.5 32 21 12 27 62% 517 37691 336 177%
c -  2.50 51 37 13 23 1626 1 71947 19555 1.5 32 21 12 26 62% 517 37691 336 177%
c o  2.51 51 37 13 23 1627 1 72761 20320 1.5 32 21 12 26 62% 517 37691 336 177%
c
c seconds   switched    rate         size/glue  tier1     binary       remaining
c        MB   reductions  conflicts        size    tier2     irredundant
c         level    restarts     redundant     glue     trail       variables
c
c -  2.55 51 43 13 24 1627 1 76742 19847 1.5 34 23 12 27 64% 517 37691 336 177%
c I  2.57 51 44 13 24 1630 1 79428 22302 1.5 34 23 12 27 65% 517 37691 336 177%
c ]  2.58 51 44 14 24 1630 1 79976 22801 1.5 34 23 12 27 65% 517 37691 336 177%
c {  2.58 51 17 14 24 1630 2 79976 22801 2.1 21 10 7 12 53% 517 37691 336 177%
c -  2.60 52 17 14 25 1698 2 81641 20068 2.1 21 10 7 12 53% 517 37691 336 177%
c u  2.62 52 17 14 25 1704 2 82243 20509 2.1 21 10 7 12 53% 517 37691 336 177%
c v  2.62 53 17 14 25 1704 2 82243 20479 2.1 21 10 7 12 53% 517 37691 336 177%
c w  2.63 53 17 14 25 1704 2 82243 20479 2.1 21 10 7 12 53% 517 37691 336 177%
c x  2.63 53 17 14 25 1704 2 82243 20479 2.1 21 10 7 12 53% 524 37462 336 177%
c t  2.63 53 17 14 25 1704 2 82243 20479 2.1 21 10 7 12 53% 517 37462 336 177%
c f  2.64 53 17 14 25 1704 2 82243 20479 2.1 21 10 7 12 53% 519 37435 337 177%
c u  2.65 53 17 14 25 1704 2 82243 20474 2.1 21 10 7 12 53% 519 37435 337 177%
c v  2.65 53 17 14 25 1704 2 82243 20448 2.1 21 10 7 12 53% 519 37435 337 177%
c w  2.66 53 17 14 25 1704 2 82243 20448 2.1 21 10 7 12 53% 519 37435 337 177%
c x  2.66 53 17 14 25 1704 2 82243 20448 2.1 21 10 7 12 53% 528 37347 337 177%
c t  2.66 53 17 14 25 1704 2 82243 20448 2.1 21 10 7 12 53% 519 37347 337 177%
c f  2.67 53 17 14 25 1704 2 82243 20448 2.1 21 10 7 12 53% 520 37019 338 178%
c -  2.73 55 17 14 26 2013 2 86641 21266 2.1 21 10 7 12 53% 520 37019 338 178%
c -  2.79 55 17 14 27 2178 2 91741 22710 2.1 21 10 7 12 53% 520 37019 338 178%
c }  2.83 55 17 15 27 2401 2 94693 25244 2.1 21 10 7 12 52% 520 37019 338 178%
c
c seconds   switched    rate         size/glue  tier1     binary       remaining
c        MB   reductions  conflicts        size    tier2     irredundant
c         level    restarts     redundant     glue     trail       variables
c
c [  2.83 55 44 15 27 2401 1 94693 25244 1.5 34 23 12 27 65% 520 37019 338 178%
c -  2.85 55 42 15 28 2403 1 96937 24076 1.5 33 22 12 27 63% 520 37019 338 178%
c B  2.85 55 42 15 28 2403 1 97232 24304 1.5 33 22 12 27 63% 520 37019 338 178%
c s  2.87 55 43 15 28 2403 1 98489 25499 1.5 33 22 12 27 64% 520 35346 338 178%
c e  2.88 55 43 15 28 2403 1 98489 25499 1.5 33 22 12 27 64% 512 35370 332 175%
c s  2.90 55 43 15 28 2403 1 98489 25499 1.5 33 22 12 27 64% 512 35278 332 175%
c ^  2.90 55 43 15 28 2403 1 98489 25499 1.5 33 22 12 27 64% 512 35278 332 175%
c -  2.94 55 42 15 29 2406 1 102228 25870 1.5 33 22 11 27 64% 512 35278 332 175%
c -  2.99 55 41 15 30 2408 1 107617 27071 1.6 34 22 11 27 65% 512 35278 332 175%
c u  3.01 55 41 15 30 2408 1 107646 27089 1.6 34 22 11 27 65% 512 35278 332 175%
c v  3.01 59 41 15 30 2408 1 107646 27054 1.6 34 22 11 27 65% 512 35278 332 175%
c w  3.02 60 41 15 30 2408 1 107646 27053 1.6 34 22 11 27 65% 512 35278 332 175%
c x  3.02 60 41 15 30 2408 1 107646 27053 1.6 34 22 11 27 65% 523 35205 332 175%
c t  3.05 60 41 15 30 2408 1 107646 27053 1.6 34 22 11 27 65% 512 35205 332 175%
c f  3.06 60 41 15 30 2408 1 107646 27053 1.6 34 22 11 27 65% 516 34572 333 175%
c u  3.07 60 41 15 30 2408 1 107646 27044 1.6 34 22 11 27 65% 516 34572 333 175%
c v  3.08 60 41 15 30 2408 1 107646 27010 1.6 34 22 11 27 65% 516 34572 333 175%
c w  3.08 60 41 15 30 2408 1 107646 27005 1.6 34 22 11 27 65% 516 34572 333 175%
c f  3.10 60 41 15 30 2408 1 107646 27005 1.6 34 22 11 27 65% 520 34040 335 176%
c -  3.16 60 41 15 31 2412 1 113095 27867 1.6 34 22 11 26 66% 520 34040 335 176%
c
c seconds   switched    rate          size/glue  tier1     binary       remaining
c        MB   reductions  conflicts         size    tier2     irredundant
c         level    restarts      redundant     glue     trail       variables
c
c ]  3.18 60 40 16 31 2413 1 114975 29445 1.6 34 22 11 26 66% 520 34040 335 176%
c {  3.18 60 17 16 31 2413 2 114975 29445 2.1 21 10 7 12 52% 520 34040 335 176%
c o  3.19 60 17 16 31 2417 2 114992 29461 2.1 21 10 7 12 52% 520 34040 335 176%
c -  3.23 60 16 16 32 2583 2 118663 28738 2.0 21 10 7 12 52% 520 34040 335 176%
c -  3.31 60 16 16 33 2924 2 124319 29619 2.0 20 10 7 12 52% 520 34040 335 176%
c -  3.39 60 16 16 34 3325 2 130063 30345 2.0 20 10 7 12 51% 520 34040 335 176%
c }  3.42 60 16 17 34 3436 2 133312 32895 2.0 20 10 7 12 51% 520 34040 335 176%
c [  3.42 60 40 17 34 3436 1 133312 32895 1.6 34 22 11 26 66% 520 34040 335 176%
c W  3.43 63 40 17 34 3436 1 133312 32895 1.6 34 22 11 26 66% 520 34040 335 176%
c -  3.45 63 40 17 35 3438 1 135897 31120 1.6 34 22 10 26 66% 520 34040 335 176%
c u  3.48 66 40 17 35 3438 1 136953 32030 1.6 34 22 10 26 66% 520 34040 335 176%
c v  3.49 66 40 17 35 3438 1 136953 31959 1.6 34 22 10 26 66% 520 34040 335 176%
c w  3.50 66 40 17 35 3438 1 136953 31958 1.6 34 22 10 26 66% 520 34040 335 176%
c t  3.50 66 40 17 35 3438 1 136953 31958 1.6 34 22 10 26 66% 519 34040 335 176%
c f  3.51 66 40 17 35 3438 1 136953 31958 1.6 34 22 10 26 66% 542 33593 338 178%
c u  3.52 66 40 17 35 3438 1 136953 31938 1.6 34 22 10 26 66% 542 33593 338 178%
c v  3.53 66 40 17 35 3438 1 136953 31874 1.6 34 22 10 26 66% 542 33593 338 178%
c w  3.53 66 40 17 35 3438 1 136953 31873 1.6 34 22 10 26 66% 542 33593 338 178%
c x  3.54 66 40 17 35 3438 1 136953 31873 1.6 34 22 10 26 66% 543 33561 338 178%
c t  3.54 66 40 17 35 3438 1 136953 31873 1.6 34 22 10 26 66% 541 33561 338 178%
c
c seconds   switched    rate          size/glue  tier1     binary       remaining
c        MB   reductions  conflicts         size    tier2     irredundant
c         level    restarts      redundant     glue     trail       variables
c
c f  3.55 66 40 17 35 3438 1 136953 31873 1.6 34 22 10 26 66% 546 32886 340 179%
c -  3.60 68 41 17 36 3442 1 141813 31413 1.6 35 22 11 27 66% 546 32886 340 179%
c -  3.66 68 41 17 37 3445 1 147813 32139 1.6 35 23 11 27 67% 546 32886 340 179%
c -  3.72 68 40 17 38 3448 1 153895 33807 1.6 35 22 11 27 66% 546 32886 340 179%
c O  3.77 68 39 17 38 3449 1 157537 36885 1.6 34 22 11 27 66% 546 32886 340 179%
c ]  3.79 68 39 18 38 3450 1 159254 38399 1.6 34 22 11 27 66% 546 32886 340 179%
c {  3.79 68 16 18 38 3450 2 159254 38399 2.0 20 10 7 12 51% 546 32886 340 179%
c -  3.82 69 16 18 39 3652 2 160060 35239 2.0 20 10 7 12 51% 546 32886 340 179%
c s  3.93 69 17 18 39 4364 2 162736 37528 2.0 21 10 7 12 51% 546 31085 340 179%
c e  3.94 69 17 18 39 4364 2 162736 37528 2.0 21 10 7 12 51% 509 31183 325 171%
c s  3.96 69 17 18 39 4364 2 162736 37528 2.0 21 10 7 12 51% 509 30993 325 171%
c ^  3.97 69 17 18 39 4364 2 162736 37528 2.0 21 10 7 12 51% 509 30993 325 171%
c o  4.05 69 17 18 39 4968 2 165017 39405 1.9 21 11 7 12 50% 509 30993 325 171%
c -  4.10 72 18 18 40 5298 3 166304 36120 1.9 21 11 7 12 50% 509 30993 325 171%
c u  4.29 73 18 18 40 6327 3 170205 39436 1.9 21 11 7 12 50% 509 30993 325 171%
c v  4.30 73 18 18 40 6327 3 170205 39260 1.9 21 11 7 12 50% 509 30993 325 171%
c w  4.31 73 18 18 40 6327 3 170205 39239 1.9 21 11 7 12 50% 509 30993 325 171%
c x  4.32 74 18 18 40 6327 3 170205 39239 1.9 21 11 7 12 50% 515 30976 325 171%
c t  4.33 74 18 18 40 6327 3 170205 39239 1.9 21 11 7 12 50% 509 30976 325 171%
c f  4.34 74 18 18 40 6327 3 170205 39239 1.9 21 11 7 12 50% 515 28897 328 173%
c
c seconds   switched    rate          size/glue  tier1    binary       remaining
c        MB   reductions  conflicts         size   tier2     irredundant
c         level    restarts      redundant     glue    trail       variables
c
c u  4.36 74 18 18 40 6327 3 170205 39210 1.9 21 11 7 12 50% 515 28897 328 173%
c v  4.38 74 18 18 40 6327 3 170205 39176 1.9 21 11 7 12 50% 515 28897 328 173%
c w  4.39 74 18 18 40 6327 3 170205 39161 1.9 21 11 7 12 50% 515 28897 328 173%
c x  4.40 74 18 18 40 6327 3 170205 39161 1.9 21 11 7 12 50% 518 28868 328 173%
c t  4.40 74 18 18 40 6327 3 170205 39161 1.9 21 11 7 12 50% 515 28868 328 173%
c f  4.41 74 18 18 40 6327 3 170205 39161 1.9 21 11 7 12 50% 530 27001 333 175%
c -  4.54 74 19 18 41 6965 3 172628 36406 1.8 21 12 7 13 49% 530 27001 333 175%
c -  4.84 74 20 18 42 8613 3 179031 37537 1.8 22 12 7 14 49% 530 27001 333 175%
c }  4.96 74 20 19 42 9261 3 181599 39685 1.8 22 12 7 14 49% 530 27001 333 175%
c [  4.96 74 39 19 42 9261 1 181599 39685 1.6 34 22 11 27 66% 530 27001 333 175%
c B  5.02 74 38 19 42 9263 1 185280 42889 1.6 34 22 11 27 65% 530 27001 333 175%
c -  5.03 74 38 19 43 9263 1 185512 38345 1.6 34 22 10 26 65% 530 27001 333 175%
c -  5.09 74 38 19 44 9267 1 192070 38055 1.6 35 22 10 26 66% 530 27001 333 175%
c -  5.17 74 38 19 45 9271 1 198703 37052 1.6 35 22 10 26 67% 530 27001 333 175%
c -  5.24 74 37 19 46 9274 1 205411 37398 1.6 35 22 10 26 68% 530 27001 333 175%
c u  5.30 79 36 19 46 9275 1 208000 39505 1.6 35 21 10 26 68% 530 27001 333 175%
c v  5.32 79 36 19 46 9275 1 208000 39355 1.6 35 21 10 26 68% 530 27001 333 175%
c w  5.34 80 36 19 46 9275 1 208000 35939 1.6 35 21 10 26 68% 530 27001 333 175%
c x  5.35 80 36 19 46 9275 1 208000 35939 1.6 35 21 10 26 68% 536 26950 333 175%
c t  5.47 81 36 19 46 9275 1 208000 35939 1.6 35 21 10 26 68% 530 26950 333 175%
c
c seconds   switched    rate          size/glue  tier1     binary       remaining
c        MB   reductions  conflicts         size    tier2     irredundant
c         level    restarts      redundant     glue     trail       variables
c
c f  5.49 81 36 19 46 9275 1 208000 35939 1.6 35 21 10 26 68% 556 25911 340 179%
c u  5.51 82 36 19 46 9275 1 208000 35813 1.6 35 21 10 26 68% 556 25911 340 179%
c v  5.53 82 36 19 46 9275 1 208000 35753 1.6 35 21 10 26 68% 556 25911 340 179%
c w  5.54 82 36 19 46 9275 1 208000 35738 1.6 35 21 10 26 68% 556 25911 340 179%
c x  5.55 82 36 19 46 9275 1 208000 35738 1.6 35 21 10 26 68% 568 25868 340 179%
c t  5.56 82 36 19 46 9275 1 208000 35738 1.6 35 21 10 26 68% 553 25868 340 179%
c f  5.57 82 36 19 46 9275 1 208000 35738 1.6 35 21 10 26 68% 592 24989 347 183%
c -  5.63 86 36 19 47 9275 1 212193 34277 1.6 35 21 10 25 68% 592 24989 347 183%
c W  5.69 88 36 19 47 9278 1 216730 38245 1.6 34 21 10 25 68% 592 24989 347 183%
c -  5.71 89 37 19 48 9279 1 219048 36278 1.6 35 21 10 25 68% 592 24989 347 183%
c -  5.80 90 36 19 49 9282 1 225977 37547 1.6 35 21 10 25 68% 592 24989 347 183%
c -  5.89 95 36 19 50 9287 1 232978 38372 1.6 35 21 10 25 68% 592 24989 347 183%
c -  5.97 95 36 19 51 9290 1 240050 38128 1.6 35 21 10 25 67% 592 24989 347 183%
c -  6.07 95 36 19 52 9290 1 247191 36582 1.6 35 22 10 25 67% 592 24989 347 183%
c s  6.10 95 37 19 52 9291 1 248554 37824 1.6 35 22 10 25 67% 592 24916 347 183%
c e  6.11 95 37 19 52 9291 1 248554 37824 1.6 35 22 10 25 67% 552 25129 332 175%
c s  6.11 95 37 19 52 9291 1 248554 37824 1.6 35 22 10 25 67% 552 24937 332 175%
c e  6.11 95 37 19 52 9291 1 248554 37824 1.6 35 22 10 25 67% 551 24951 331 174%
c !  6.11 95 37 19 52 9291 1 248554 37824 1.6 35 22 10 25 67% 551 24951 331 174%
c o  6.12 95 37 19 52 9291 1 248554 37552 1.6 35 22 10 25 67% 551 24951 331 174%
c
c seconds   switched    rate          size/glue  tier1     binary       remaining
c        MB   reductions  conflicts         size    tier2     irredundant
c         level    restarts      redundant     glue     trail       variables
c
c u  6.15 96 37 19 52 9291 1 250153 38922 1.6 35 22 10 25 67% 551 24951 331 174%
c v  6.16 96 37 19 52 9291 1 250153 38875 1.6 35 22 10 25 67% 551 24951 331 174%
c w  6.17 97 37 19 52 9291 1 250153 38874 1.6 35 22 10 25 67% 551 24951 331 174%
c x  6.18 97 37 19 52 9291 1 250153 38874 1.6 35 22 10 25 67% 557 24919 331 174%
c t  6.18 97 37 19 52 9291 1 250153 38874 1.6 35 22 10 25 67% 546 24919 331 174%
c f  6.19 97 37 19 52 9291 1 250153 38874 1.6 35 22 10 25 67% 549 24826 333 175%
c u  6.20 97 37 19 52 9291 1 250153 38845 1.6 35 22 10 25 67% 549 24826 333 175%
c v  6.22 97 37 19 52 9291 1 250153 38821 1.6 35 22 10 25 67% 549 24826 333 175%
c w  6.22 97 37 19 52 9291 1 250153 38818 1.6 35 22 10 25 67% 549 24826 333 175%
c x  6.23 98 37 19 52 9291 1 250153 38818 1.6 35 22 10 25 67% 553 24777 333 175%
c t  6.23 98 37 19 52 9291 1 250153 38818 1.6 35 22 10 25 67% 549 24777 333 175%
c f  6.24 98 37 19 52 9291 1 250153 38818 1.6 35 22 10 25 67% 550 24663 334 176%
c I  6.27 98 37 19 52 9291 1 252081 40577 1.6 35 22 10 25 67% 550 24663 334 176%
c -  6.30 98 37 19 53 9291 1 254402 35471 1.6 35 22 10 25 67% 550 24663 334 176%
c -  6.39 98 36 19 54 9291 1 261682 36377 1.6 34 21 10 25 68% 550 24663 334 176%
c -  6.49 98 35 19 55 9295 1 269033 37907 1.6 34 21 10 25 68% 550 24663 334 176%
c -  6.59 98 33 19 56 9298 1 276450 39815 1.7 34 20 10 25 68% 550 24663 334 176%
c ]  6.63 98 33 20 56 9301 1 279024 42125 1.7 34 20 10 25 68% 550 24663 334 176%
c {  6.63 98 20 20 56 9301 3 279024 42125 1.8 22 12 7 14 49% 550 24663 334 176%
c -  6.70 98 20 20 57 9357 3 283933 38482 1.8 22 12 7 14 48% 550 24663 334 176%
c
c seconds   switched    rate          size/glue  tier1    binary       remaining
c        MB   reductions  conflicts         size   tier2     irredundant
c         level    restarts      redundant     glue    trail       variables
c
c -  6.79 98 19 20 58 9402 3 291482 36848 1.7 21 12 7 13 48% 550 24663 334 176%
c u  6.88 98 19 20 58 9444 3 296589 40436 1.7 21 12 7 13 48% 550 24663 334 176%
c v  6.90 98 19 20 58 9444 3 296589 34686 1.7 21 12 7 13 48% 550 24663 334 176%
c w  6.90 98 19 20 58 9444 3 296589 34683 1.7 21 12 7 13 48% 550 24663 334 176%
c x  6.91 98 19 20 58 9444 3 296589 34681 1.7 21 12 7 13 48% 562 24417 334 176%
c t  6.91 98 19 20 58 9444 3 296589 34681 1.7 21 12 7 13 48% 550 24417 334 176%
c f  6.92 98 19 20 58 9444 3 296589 34681 1.7 21 12 7 13 48% 565 23167 339 178%
c u  6.95 98 19 20 58 9444 3 296589 34628 1.7 21 12 7 13 48% 565 23167 339 178%
c v  6.96 98 19 20 58 9444 3 296589 34616 1.7 21 12 7 13 48% 565 23167 339 178%
c w  6.97 98 19 20 58 9444 3 296589 34614 1.7 21 12 7 13 48% 565 23167 339 178%
c x  6.98 98 19 20 58 9444 3 296589 34614 1.7 21 12 7 13 48% 574 23109 339 178%
c t  6.98 98 19 20 58 9444 3 296589 34614 1.7 21 12 7 13 48% 565 23109 339 178%
c f  6.99 98 19 20 58 9444 3 296589 34614 1.7 21 12 7 13 48% 574 21660 344 181%
c -  7.03 101 19 20 59 9530 3 299098 32023 1.8 21 12 7 13 49% 574 21660 344 181%
c }  7.12 101 19 21 59 9736 3 305765 37869 1.8 21 12 7 13 50% 574 21660 344 181%
c [  7.12 101 33 21 59 9736 1 305765 37869 1.7 34 20 10 25 68% 574 21660 344 181%
c B  7.12 101 33 21 59 9736 1 305765 37869 1.7 34 20 10 25 68% 574 21660 344 181%
c -  7.13 101 33 21 60 9736 1 306781 36219 1.7 34 20 10 25 68% 574 21660 344 181%
c -  7.24 101 33 21 61 9742 1 314528 39758 1.7 34 20 10 24 67% 574 21660 344 181%
c -  7.35 101 32 21 62 9746 1 322339 41980 1.7 33 20 10 24 66% 574 21660 344 181%
c
c seconds    switched    rate          size/glue  tier1     binary       remaining
c         MB   reductions  conflicts         size    tier2     irredundant
c          level    restarts      redundant     glue     trail       variables
c
c o  7.38 101 32 21 62 9748 1 324294 43677 1.7 33 20 10 24 66% 574 21660 344 181%
c -  7.45 101 34 21 63 9749 1 330215 41499 1.7 34 20 10 24 66% 574 21660 344 181%
c ]  7.47 101 34 22 63 9750 1 332503 43534 1.7 34 21 10 24 66% 574 21660 344 181%
c {  7.48 101 19 22 63 9750 3 332503 43534 1.8 21 12 7 13 50% 574 21660 344 181%
c -  7.55 101 18 22 64 9767 3 338152 35057 1.8 21 11 6 13 50% 575 21660 344 181%
c -  7.65 101 17 22 65 9767 2 346152 33277 1.8 20 11 6 12 50% 575 21660 344 181%
c u  7.69 101 17 22 65 9767 2 347894 34431 1.8 20 11 6 12 50% 575 21660 344 181%
c v  7.71 101 17 22 65 9767 2 347894 34348 1.8 20 11 6 12 50% 575 21660 344 181%
c w  7.72 101 17 22 65 9767 2 347894 34326 1.8 20 11 6 12 50% 575 21660 344 181%
c x  7.72 101 17 22 65 9767 2 347894 34326 1.8 20 11 6 12 50% 584 21622 344 181%
c t  7.73 101 17 22 65 9767 2 347894 34326 1.8 20 11 6 12 50% 573 21622 344 181%
c f  7.74 101 17 22 65 9767 2 347894 34326 1.8 20 11 6 12 50% 588 20853 350 184%
c u  7.76 105 17 22 65 9767 2 347894 34201 1.8 20 11 6 12 50% 588 20853 350 184%
c v  7.78 106 17 22 65 9767 2 347894 34161 1.8 20 11 6 12 50% 588 20853 350 184%
c w  7.78 106 17 22 65 9767 2 347894 34154 1.8 20 11 6 12 50% 588 20853 350 184%
c x  7.79 106 17 22 65 9767 2 347894 34154 1.8 20 11 6 12 50% 599 20774 350 184%
c t  7.84 107 17 22 65 9767 2 347894 34154 1.8 20 11 6 12 50% 588 20774 350 184%
c f  7.85 107 17 22 65 9767 2 347894 34154 1.8 20 11 6 12 50% 590 19918 355 187%
c -  7.95 107 16 22 66 9778 2 354215 35634 1.9 20 10 6 12 51% 590 19918 355 187%
c s  8.02 107 16 22 66 9780 2 358850 39893 1.9 20 10 6 12 52% 591 19771 355 187%
c
c seconds    switched    rate          size/glue  tier1    binary       remaining
c         MB   reductions  conflicts         size   tier2     irredundant
c          level    restarts      redundant     glue    trail       variables
c
c e  8.02 107 16 22 66 9780 2 358850 39893 1.9 20 10 6 12 52% 553 19978 341 179%
c s  8.03 107 16 22 66 9780 2 358850 39893 1.9 20 10 6 12 52% 553 19887 341 179%
c -  8.08 107 16 22 67 9781 2 362339 38764 2.0 20 10 6 12 52% 553 19887 341 179%
c }  8.11 107 16 23 67 9783 2 364019 40331 2.0 20 10 6 12 52% 553 19887 341 179%
c [  8.11 107 34 23 67 9783 1 364019 40331 1.7 34 21 10 24 66% 553 19887 341 179%
c W  8.11 107 34 23 67 9783 1 364019 40331 1.7 34 21 10 24 66% 553 19887 341 179%
c -  8.18 107 34 23 68 9788 1 370524 41008 1.6 34 21 10 25 66% 553 19887 341 179%
c -  8.28 107 34 23 69 9792 1 378770 41270 1.6 34 21 10 24 66% 553 19887 341 179%
c -  8.39 111 34 23 70 9796 1 387077 42938 1.6 33 21 10 24 65% 553 19887 341 179%
c -  8.49 111 33 23 71 9797 1 395443 44719 1.6 33 20 10 24 65% 553 19887 341 179%
c ]  8.57 112 33 24 71 9801 1 401753 50104 1.6 33 21 10 24 66% 553 19887 341 179%
c {  8.57 112 16 24 71 9801 2 401753 50104 2.0 20 10 6 12 52% 553 19887 341 179%
c -  8.61 112 16 24 72 9993 2 403869 44886 2.0 20 10 6 12 52% 553 19887 341 179%
c u  8.63 112 16 24 72 10001 2 404052 44927 2.0 20 10 6 12 52% 553 19887 341 179%
c v  8.65 113 16 24 72 10001 2 404052 44857 2.0 20 10 6 12 52% 553 19887 341 179%
c w  8.66 114 16 24 72 10001 2 404052 44855 2.0 20 10 6 12 52% 553 19887 341 179%
c x  8.67 114 16 24 72 10001 2 404052 44855 2.0 20 10 6 12 52% 560 19822 341 179%
c t  8.67 114 16 24 72 10001 2 404052 44855 2.0 20 10 6 12 52% 553 19822 341 179%
c f  8.69 114 16 24 72 10001 2 404052 44855 2.0 20 10 6 12 52% 553 19449 345 182%
c u  8.71 114 16 24 72 10001 2 404052 44715 2.0 20 10 6 12 52% 553 19449 345 182%
c
c seconds    switched     rate          size/glue  tier1    binary       remaining
c         MB   reductions   conflicts         size   tier2     irredundant
c          level    restarts       redundant     glue    trail       variables
c
c v  8.73 114 16 24 72 10001 2 404052 44679 2.0 20 10 6 12 52% 553 19449 345 182%
c w  8.74 114 16 24 72 10001 2 404052 44677 2.0 20 10 6 12 52% 553 19449 345 182%
c x  8.75 114 16 24 72 10001 2 404052 44677 2.0 20 10 6 12 52% 564 19349 345 182%
c t  8.75 114 16 24 72 10001 2 404052 44677 2.0 20 10 6 12 52% 552 19349 345 182%
c f  8.76 114 16 24 72 10001 2 404052 44677 2.0 20 10 6 12 52% 565 18525 350 184%
c o  8.77 114 16 24 72 10033 2 404330 44917 2.0 20 10 6 12 52% 565 18525 350 184%
c -  8.92 114 16 24 73 10553 2 412354 44917 2.0 20 10 6 12 52% 565 18525 350 184%
c -  9.04 114 16 24 74 10728 2 420898 44138 1.9 20 10 6 12 52% 565 18525 350 184%
c -  9.18 114 15 24 75 10828 2 429500 44187 1.9 19 10 6 12 51% 565 18525 350 184%
c -  9.34 114 15 24 76 10964 2 438160 45224 1.9 19 10 6 11 51% 565 18525 350 184%
c }  9.34 114 15 25 76 10964 2 438431 45405 1.9 19 10 6 11 51% 565 18525 350 184%
c [  9.34 114 33 25 76 10964 1 438431 45405 1.6 33 21 10 24 66% 565 18525 350 184%
c O  9.34 114 33 25 76 10964 1 438431 45405 1.6 33 21 10 24 66% 565 18525 350 184%
c -  9.47 114 34 25 77 10970 1 446877 45759 1.6 33 21 10 24 66% 565 18525 350 184%
c -  9.57 114 34 25 78 10974 1 455652 44956 1.6 34 22 10 25 66% 565 18525 350 184%
c -  9.66 114 35 25 79 10978 1 464485 44516 1.6 34 22 11 25 67% 565 18525 350 184%
c u  9.70 119 35 25 79 10978 1 465154 44972 1.5 35 22 11 25 67% 565 18525 350 184%
c v  9.71 119 35 25 79 10978 1 465154 44186 1.5 35 22 11 25 67% 565 18525 350 184%
c w  9.73 119 35 25 79 10978 1 465154 44122 1.5 35 22 11 25 67% 565 18525 350 184%
c x  9.74 120 35 25 79 10978 1 465154 44122 1.5 35 22 11 25 67% 580 18273 350 184%
c
c seconds    switched     rate          size/glue  tier1     binary       remaining
c         MB   reductions   conflicts         size    tier2     irredundant
c          level    restarts       redundant     glue     trail       variables
c
c t  9.74 120 35 25 79 10978 1 465154 44122 1.5 35 22 11 25 67% 565 18273 350 184%
c f  9.75 120 35 25 79 10978 1 465154 44122 1.5 35 22 11 25 67% 590 17074 359 189%
c u  9.78 120 35 25 79 10978 1 465154 43959 1.5 35 22 11 25 67% 590 17074 359 189%
c v  9.79 120 35 25 79 10978 1 465154 43662 1.5 35 22 11 25 67% 590 17074 359 189%
c w  9.80 120 35 25 79 10978 1 465154 43584 1.5 35 22 11 25 67% 590 17074 359 189%
c x  9.82 120 35 25 79 10978 1 465154 43584 1.5 35 22 11 25 67% 603 16840 359 189%
c t  9.82 120 35 25 79 10978 1 465154 43584 1.5 35 22 11 25 67% 586 16840 359 189%
c f  9.83 120 35 25 79 10978 1 465154 43584 1.5 35 22 11 25 67% 625 15651 373 196%
c -  9.94 120 36 25 80 10980 1 473373 44432 1.5 35 23 11 25 67% 625 15651 373 196%
c - 10.08 120 37 25 81 10985 1 482320 44719 1.5 36 24 11 25 67% 625 15651 373 196%
c ] 10.20 120 38 26 81 10991 1 490065 51322 1.5 36 24 11 25 68% 625 15651 373 196%
c { 10.20 120 15 26 81 10991 2 490065 51322 1.9 19 10 6 11 51% 625 15651 373 196%
c - 10.23 120 15 26 82 11233 2 491320 44927 1.8 19 10 6 11 51% 625 15651 373 196%
c o 10.30 120 15 26 82 11628 2 494374 47628 1.9 19 10 6 11 51% 625 15651 373 196%
c s 10.36 120 16 26 82 11850 2 496548 49560 1.9 19 10 6 11 51% 625 15569 373 196%
c e 10.36 120 16 26 82 11850 2 496548 49560 1.9 19 10 6 11 51% 596 15725 363 191%
c s 10.36 120 16 26 82 11850 2 496548 49560 1.9 19 10 6 11 51% 596 15646 363 191%
c - 10.44 120 16 26 83 12193 2 500376 48427 1.9 19 10 6 11 51% 596 15646 363 191%
c - 10.60 120 16 26 84 12518 2 509486 50941 1.9 19 10 6 11 52% 596 15646 363 191%
c - 10.80 120 16 26 85 13179 2 518651 52821 1.9 19 10 6 11 52% 596 15646 363 191%
c
c seconds    switched     rate          size/glue  tier1    binary       remaining
c         MB   reductions   conflicts         size   tier2     irredundant
c          level    restarts       redundant     glue    trail       variables
c
c - 10.98 120 16 26 86 13591 2 527873 54572 1.9 19 10 6 11 52% 596 15646 363 191%
c u 11.08 120 16 26 86 13748 2 532003 57646 1.9 19 10 6 11 52% 596 15646 363 191%
c v 11.11 120 16 26 86 13748 2 532003 57607 1.9 19 10 6 11 52% 596 15646 363 191%
c w 11.12 120 16 26 86 13748 2 532003 57591 1.9 19 10 6 11 52% 596 15646 363 191%
c x 11.14 120 16 26 86 13748 2 532003 57590 1.9 19 10 6 11 52% 609 15197 363 191%
c t 11.14 120 16 26 86 13748 2 532003 57590 1.9 19 10 6 11 52% 594 15197 363 191%
c f 11.16 120 16 26 86 13748 2 532003 57590 1.9 19 10 6 11 52% 624 13254 382 201%
c u 11.20 120 16 26 86 13748 2 532003 57546 1.9 19 10 6 11 52% 624 13254 382 201%
c v 11.22 120 16 26 86 13748 2 532003 57097 1.9 19 10 6 11 52% 624 13254 382 201%
c w 11.24 120 16 26 86 13748 2 532003 56979 1.9 19 10 6 11 52% 624 13254 382 201%
c x 11.25 120 16 26 86 13748 2 532003 56976 1.9 19 10 6 11 52% 628 13138 382 201%
c t 11.25 120 16 26 86 13748 2 532003 56976 1.9 19 10 6 11 52% 624 13138 382 201%
c f 11.28 120 16 26 86 13748 2 532003 56976 1.9 19 10 6 11 52% 682 11288 410 216%
c } 11.29 120 16 27 86 13785 2 532283 57206 1.9 19 10 6 11 52% 682 11288 410 216%
c [ 11.29 120 38 27 86 13785 1 532283 57206 1.5 36 24 11 25 68% 682 11288 410 216%
c B 11.29 120 38 27 86 13785 1 532283 57206 1.5 36 24 11 25 68% 682 11288 410 216%
c - 11.36 120 38 27 87 13788 1 537146 53500 1.5 37 25 11 26 68% 682 11288 410 216%
c - 11.51 120 39 27 88 13793 1 546473 52553 1.5 37 25 11 26 69% 682 11288 410 216%
c - 11.70 121 39 27 89 13798 1 555853 52381 1.5 37 25 11 26 69% 682 11288 410 216%
c - 11.86 121 39 27 90 13800 1 565287 51947 1.5 38 25 11 26 69% 682 11288 410 216%
c
c seconds    switched     rate          size/glue  tier1     binary       remaining
c         MB   reductions   conflicts         size    tier2     irredundant
c          level    restarts       redundant     glue     trail       variables
c
c - 12.04 121 39 27 91 13806 1 574773 51984 1.5 38 26 11 26 69% 682 11288 410 216%
c ] 12.19 121 39 28 91 13810 1 581903 58135 1.5 39 26 11 26 70% 682 11288 410 216%
c { 12.19 121 16 28 91 13810 2 581903 58135 1.9 19 10 6 11 52% 682 11288 410 216%
c - 12.25 121 16 28 92 13974 2 584312 53454 1.9 19 10 6 11 52% 682 11288 410 216%
c - 12.43 121 16 28 93 14498 2 593904 47863 1.9 19 10 5 11 53% 684 11288 410 216%
c o 12.44 121 16 28 93 14540 2 594574 48422 1.9 19 10 5 11 53% 684 11288 410 216%
c - 12.60 121 16 28 94 14837 2 603551 46358 1.9 19 10 5 11 53% 684 11288 410 216%
c u 12.68 121 16 28 94 14863 2 606249 48438 1.9 19 10 5 11 53% 684 11288 410 216%
c v 12.71 121 16 28 94 14863 2 606249 48297 1.9 19 10 5 11 53% 684 11288 410 216%
c w 12.72 121 16 28 94 14863 2 606249 48279 1.9 19 10 5 11 53% 684 11288 410 216%
c x 12.74 121 16 28 94 14863 2 606249 48258 1.9 19 10 5 11 53% 689 11158 410 216%
c t 12.74 121 16 28 94 14863 2 606249 48258 1.9 19 10 5 11 53% 683 11158 410 216%
c f 12.77 121 16 28 94 14863 2 606249 48258 1.9 19 10 5 11 53% 772 8921 462 243%
c u 12.81 125 16 28 94 14863 2 606249 48153 1.9 19 10 5 11 53% 772 8921 462 243%
c v 12.84 126 16 28 94 14863 2 606249 48063 1.9 19 10 5 11 53% 772 8921 462 243%
c w 12.85 126 16 28 94 14863 2 606249 48049 1.9 19 10 5 11 53% 772 8921 462 243%
c x 12.87 126 16 28 94 14863 2 606249 48047 1.9 19 10 5 11 53% 782 8792 462 243%
c t 13.06 127 16 28 94 14863 2 606249 48047 1.9 19 10 5 11 53% 771 8792 462 243%
c f 13.09 127 16 28 94 14863 2 606249 48047 1.9 19 10 5 11 53% 864 7280 517 272%
c - 13.25 127 16 28 95 15465 2 613246 45393 1.9 19 10 5 11 53% 865 7280 517 272%
c
c seconds    switched     rate          size/glue  tier1    binary      remaining
c         MB   reductions   conflicts         size   tier2    irredundant
c          level    restarts       redundant     glue    trail      variables
c
c - 13.48 127 16 28 96 16405 2 622993 45706 1.9 19 10 5 11 53% 865 7280 517 272%
c } 13.64 127 16 29 96 17153 2 630041 51808 1.9 20 11 5 11 53% 865 7280 517 272%
c [ 13.64 127 39 29 96 17153 1 630041 51808 1.5 39 26 11 26 70% 865 7280 517 272%
c W 13.64 128 39 29 96 17153 1 630041 51808 1.5 39 26 11 26 70% 865 7280 517 272%
c - 13.68 128 40 29 97 17155 1 632790 45373 1.5 39 26 11 26 70% 865 7280 517 272%
c - 13.83 129 41 29 98 17160 1 642638 41560 1.5 40 27 11 27 70% 865 7280 517 272%
c - 14.00 129 42 29 99 17166 1 652537 37912 1.4 40 28 11 27 70% 865 7280 517 272%
c - 14.18 129 42 29 100 17167 1 662490 37803 1.4 40 28 11 27 70% 865 7280 517 272%
c s 14.24 129 42 29 100 17169 1 664918 39771 1.4 40 28 11 27 70% 865 7251 517 272%
c e 14.24 129 42 29 100 17169 1 664918 39771 1.4 40 28 11 27 70% 718 8137 442 233%
c 2 14.24 129 42 29 100 17169 1 664918 39771 1.4 40 28 11 27 70% 717 8137 442 233%
c s 14.24 129 42 29 100 17169 1 664918 39771 1.4 40 28 11 27 70% 717 7931 442 233%
c e 14.25 129 42 29 100 17169 1 664918 39771 1.4 40 28 11 27 70% 714 7964 440 232%
c - 14.38 129 42 29 101 17174 1 672490 27661 1.4 40 28 12 28 70% 714 7964 440 232%
c - 14.55 129 43 29 102 17180 1 682540 29684 1.4 41 29 12 28 70% 714 7964 440 232%
c u 14.71 129 44 29 102 17182 1 689636 34984 1.4 42 30 12 28 70% 714 7964 440 232%
c v 14.74 129 44 29 102 17182 1 689636 34712 1.4 42 30 12 28 70% 714 7964 440 232%
c w 14.76 129 44 29 102 17182 1 689636 34451 1.4 42 30 12 28 70% 714 7964 440 232%
c x 14.77 129 44 29 102 17182 1 689636 34451 1.4 42 30 12 28 70% 723 7828 440 232%
c t 14.78 129 44 29 102 17182 1 689636 34451 1.4 42 30 12 28 70% 712 7828 440 232%
c
c seconds    switched      rate          size/glue  tier1     binary      remaining
c         MB   reductions    conflicts         size    tier2    irredundant
c          level     restarts       redundant     glue     trail      variables
c
c f 14.79 129 44 29 102 17182 1 689636 34451 1.4 42 30 12 28 70% 726 7593 451 237%
c u 14.82 129 44 29 102 17182 1 689636 34053 1.4 42 30 12 28 70% 726 7593 451 237%
c v 14.85 129 44 29 102 17182 1 689636 33736 1.4 42 30 12 28 70% 726 7593 451 237%
c w 14.87 129 44 29 102 17182 1 689636 33724 1.4 42 30 12 28 70% 726 7593 451 237%
c x 14.89 129 44 29 102 17182 1 689636 33722 1.4 42 30 12 28 70% 736 7533 451 237%
c t 14.89 129 44 29 102 17182 1 689636 33722 1.4 42 30 12 28 70% 726 7533 451 237%
c I 14.94 129 44 29 102 17182 1 692592 35850 1.4 42 30 12 28 70% 726 7533 451 237%
c - 14.94 129 44 29 103 17182 1 692639 28208 1.4 42 30 12 28 70% 726 7533 451 237%
c ] 14.99 129 43 30 103 17183 1 695978 31030 1.4 41 29 12 28 69% 727 7533 451 237%
c { 14.99 129 16 30 103 17183 2 695978 31030 1.9 20 11 5 11 53% 727 7533 451 237%
c - 15.10 129 16 30 104 17435 2 702787 33501 1.9 19 10 5 11 53% 728 7533 451 237%
c o 15.17 129 16 30 104 17607 2 708846 38073 1.8 19 10 5 11 53% 728 7533 451 237%
c - 15.24 129 16 30 105 17665 2 712986 35855 1.8 19 10 5 11 53% 730 7533 451 237%
c - 15.40 129 16 30 106 17857 2 723232 37136 1.8 19 10 5 11 53% 731 7533 451 237%
c - 15.59 129 16 30 107 18760 2 733527 38507 1.8 19 10 5 11 53% 733 7533 451 237%
c - 15.75 129 16 30 108 19321 2 743872 40067 1.8 19 10 5 11 53% 733 7533 451 237%
c } 15.87 129 16 31 108 19771 2 750412 45461 1.8 19 10 5 11 53% 733 7533 451 237%
c [ 15.87 129 43 31 108 19771 1 750412 45461 1.4 41 29 12 28 69% 733 7533 451 237%
c - 15.93 129 42 31 109 19773 1 754265 41723 1.4 40 29 12 28 69% 733 7533 451 237%
c B 16.03 129 41 31 109 19777 1 760274 47101 1.4 40 28 12 28 69% 733 7533 451 237%
c
c seconds    switched      rate          size/glue  tier1     binary      remaining
c         MB   reductions    conflicts         size    tier2    irredundant
c          level     restarts       redundant     glue     trail      variables
c
c - 16.09 129 42 31 110 19779 1 764706 42480 1.4 40 28 12 28 69% 733 7533 451 237%
c - 16.25 129 41 31 111 19785 1 775195 42210 1.4 39 27 11 28 70% 733 7533 451 237%
c u 16.33 129 41 31 111 19785 1 778158 44554 1.4 39 27 11 28 70% 733 7533 451 237%
c v 16.36 129 41 31 111 19785 1 778158 44467 1.4 39 27 11 28 70% 733 7533 451 237%
c w 16.37 129 41 31 111 19785 1 778158 44446 1.4 39 27 11 28 70% 733 7533 451 237%
c x 16.39 129 41 31 111 19785 1 778158 44446 1.4 39 27 11 28 70% 738 7444 451 237%
c t 16.40 129 41 31 111 19785 1 778158 44446 1.4 39 27 11 28 70% 733 7444 451 237%
c - 16.50 129 41 31 112 19788 1 785731 40112 1.4 39 28 11 28 70% 733 7444 451 237%
c - 16.66 129 41 31 113 19793 1 796314 39043 1.4 39 28 11 28 69% 733 7444 451 237%
c - 16.85 129 41 31 114 19799 1 806945 37744 1.4 39 28 11 28 69% 733 7444 451 237%
c ] 16.95 129 41 32 114 19800 1 812340 42377 1.4 39 28 11 28 69% 733 7444 451 237%
c { 16.95 129 16 32 114 19800 2 812340 42377 1.8 19 10 5 11 53% 733 7444 451 237%
c - 17.06 129 16 32 115 20206 2 817622 38214 1.8 19 10 5 11 53% 733 7444 451 237%
c - 17.26 129 16 32 116 20824 2 828345 40562 1.8 18 10 5 11 53% 733 7444 451 237%
c o 17.33 129 16 32 116 20929 2 832745 43936 1.8 18 10 5 11 53% 733 7444 451 237%
c - 17.47 129 16 32 117 21429 2 839116 42653 1.8 18 10 5 11 53% 733 7444 451 237%
c - 17.70 129 16 32 118 22166 2 849932 44403 1.8 19 10 5 11 53% 734 7444 451 237%
c - 17.89 129 16 32 119 22572 2 860796 45475 1.8 18 10 5 11 53% 734 7444 451 237%
c - 18.13 129 16 32 120 23211 2 871705 46657 1.8 18 10 5 11 53% 735 7444 451 237%
c u 18.17 129 16 32 120 23211 2 872168 46610 1.8 18 10 5 11 53% 735 7444 451 237%
c
c seconds    switched      rate          size/glue  tier1    binary      remaining
c         MB   reductions    conflicts         size   tier2    irredundant
c          level     restarts       redundant     glue    trail      variables
c
c v 18.21 129 16 32 120 23211 2 872168 46080 1.8 18 10 5 11 53% 735 7444 451 237%
c w 18.23 129 16 32 120 23211 2 872168 45951 1.8 18 10 5 11 53% 735 7444 451 237%
c x 18.25 129 16 32 120 23211 2 872168 45949 1.8 18 10 5 11 53% 744 7375 451 237%
c t 18.25 129 16 32 120 23211 2 872168 45949 1.8 18 10 5 11 53% 735 7375 451 237%
c } 18.28 129 16 33 120 23244 2 873444 46999 1.8 18 10 5 11 53% 735 7375 451 237%
c [ 18.28 129 41 33 120 23244 1 873444 46999 1.4 39 28 11 28 69% 735 7375 451 237%
c W 18.29 129 41 33 120 23244 1 873444 46999 1.4 39 28 11 28 69% 735 7375 451 237%
c s 18.34 129 41 33 120 23247 1 878089 50947 1.4 39 28 11 28 69% 735 7355 451 237%
c e 18.35 129 41 33 120 23247 1 878089 50947 1.4 39 28 11 28 69% 717 7558 437 230%
c s 18.35 129 41 33 120 23247 1 878089 50947 1.4 39 28 11 28 69% 717 7511 437 230%
c e 18.35 129 41 33 120 23247 1 878089 50947 1.4 39 28 11 28 69% 716 7528 436 229%
c - 18.41 129 41 33 121 23250 1 882659 41065 1.4 39 28 12 29 69% 716 7528 436 229%
c - 18.55 129 41 33 122 23256 1 893659 40044 1.4 39 29 12 29 69% 716 7528 436 229%
c - 18.74 129 41 33 123 23258 1 904705 41824 1.4 39 29 12 29 69% 716 7528 436 229%
c - 18.96 129 41 33 124 23265 1 915796 42961 1.4 39 29 12 29 69% 716 7528 436 229%
c - 19.19 129 41 33 125 23271 1 926931 44458 1.4 39 28 12 29 70% 716 7528 436 229%
c - 19.41 129 41 33 126 23273 1 938111 45516 1.4 39 28 12 28 70% 716 7528 436 229%
c ] 19.51 129 41 34 126 23274 1 943722 50133 1.4 39 28 12 28 70% 716 7528 436 229%
c { 19.51 129 16 34 126 23274 2 943722 50133 1.8 18 10 5 11 53% 716 7528 436 229%
c - 19.74 129 17 34 127 24434 2 949336 46402 1.7 19 11 5 11 52% 716 7528 436 229%
c
c seconds    switched      rate          size/glue  tier1    binary      remaining
c         MB   reductions    conflicts         size   tier2    irredundant
c          level     restarts       redundant     glue    trail      variables
c
c - 20.28 129 18 34 128 26686 3 960605 47518 1.7 20 12 5 11 51% 716 7528 436 229%
c o 20.38 129 19 34 128 27148 3 962831 49295 1.7 20 12 5 11 51% 716 7528 436 229%
c u 20.95 129 20 34 128 28868 3 971719 56525 1.6 20 12 5 11 51% 716 7528 436 229%
c v 21.00 129 20 34 128 28868 3 971719 56351 1.6 20 12 5 11 51% 716 7528 436 229%
c w 21.04 135 20 34 128 28868 3 971719 56172 1.6 20 12 5 11 51% 716 7528 436 229%
c x 21.08 136 20 34 128 28868 3 971719 56172 1.6 20 12 5 11 51% 720 7474 436 229%
c t 21.08 136 20 34 128 28868 3 971719 56172 1.6 20 12 5 11 51% 715 7474 436 229%
c f 21.09 136 20 34 128 28868 3 971719 56172 1.6 20 12 5 11 51% 720 7366 442 233%
c u 21.15 136 20 34 128 28868 3 971719 55843 1.6 20 12 5 11 51% 720 7366 442 233%
c v 21.21 136 20 34 128 28868 3 971719 55712 1.6 20 12 5 11 51% 720 7366 442 233%
c w 21.24 136 20 34 128 28868 3 971719 55591 1.6 20 12 5 11 51% 720 7366 442 233%
c x 21.27 136 20 34 128 28868 3 971719 55573 1.6 20 12 5 11 51% 726 7326 442 233%
c t 21.28 136 20 34 128 28868 3 971719 55573 1.6 20 12 5 11 51% 720 7326 442 233%
c - 21.30 136 20 34 129 28910 3 971918 46726 1.6 20 12 5 11 51% 720 7326 442 233%
c - 21.94 136 21 34 130 30885 3 983277 49018 1.6 21 13 5 11 51% 720 7326 442 233%
c - 22.62 136 22 34 131 32846 3 994678 50944 1.6 22 13 5 12 51% 720 7326 442 233%
c - 23.15 136 22 34 132 34291 3 1006125 52545 1.6 23 14 5 12 52% 720 7326 442 233%
c } 23.50 136 23 35 132 35260 3 1011869 57553 1.6 23 14 5 12 52% 720 7326 442 233%
c [ 23.50 136 41 35 132 35260 1 1011869 57553 1.4 39 28 12 28 70% 720 7326 442 233%
c O 23.50 136 41 35 132 35260 1 1011869 57553 1.4 39 28 12 28 70% 720 7326 442 233%
c
c seconds    switched      rate           size/glue  tier1     binary      remaining
c         MB   reductions     conflicts         size    tier2    irredundant
c          level     restarts        redundant     glue     trail      variables
c
c - 23.60 136 41 35 133 35264 1 1017614 52552 1.4 39 28 12 29 70% 720 7326 442 233%
c - 23.78 136 41 35 134 35270 1 1029146 51112 1.4 39 28 12 28 71% 720 7326 442 233%
c - 24.04 136 42 35 135 35274 1 1040721 49719 1.4 38 27 12 28 71% 720 7326 442 233%
c - 24.30 136 41 35 136 35280 1 1052339 49149 1.4 37 26 11 28 71% 720 7326 442 233%
c - 24.53 136 39 35 137 35287 1 1064000 48656 1.4 36 26 11 28 70% 720 7326 442 233%
c - 24.74 136 38 35 138 35289 1 1075704 48149 1.4 35 25 11 28 70% 720 7326 442 233%
c u 24.82 136 37 35 138 35289 1 1076883 47753 1.4 35 25 11 28 70% 720 7326 442 233%
c v 24.89 136 37 35 138 35289 1 1076883 47332 1.4 35 25 11 28 70% 720 7326 442 233%
c w 24.93 136 37 35 138 35289 1 1076883 42480 1.4 35 25 11 28 70% 720 7326 442 233%
c x 24.98 136 37 35 138 35289 1 1076883 42472 1.4 35 25 11 28 70% 726 7280 442 233%
c t 24.98 136 37 35 138 35289 1 1076883 42472 1.4 35 25 11 28 70% 720 7280 442 233%
c - 25.20 136 36 35 139 35290 1 1087451 44334 1.4 34 24 11 28 69% 720 7280 442 233%
c B 25.33 136 35 35 139 35292 1 1095907 51824 1.5 34 23 11 28 70% 720 7280 442 233%
c - 25.38 136 35 35 140 35295 1 1099241 47482 1.5 34 23 11 27 70% 720 7280 442 233%
c - 25.64 136 34 35 141 35301 1 1111073 47566 1.5 33 22 11 27 70% 720 7280 442 233%
c - 25.89 136 34 35 142 35305 1 1122948 46594 1.5 33 22 11 27 71% 720 7280 442 233%
c s 25.92 136 33 35 142 35305 1 1125670 49089 1.5 33 22 11 27 71% 720 7277 442 233%
c e 25.92 136 33 35 142 35305 1 1125670 49089 1.5 33 22 11 27 71% 715 7313 439 231%
c s 25.92 136 33 35 142 35305 1 1125670 49089 1.5 33 22 11 27 71% 715 7312 439 231%
c o 25.92 136 33 35 142 35305 1 1125670 48929 1.5 33 22 11 27 71% 715 7312 439 231%
c
c seconds    switched      rate           size/glue  tier1     binary      remaining
c         MB   reductions     conflicts         size    tier2    irredundant
c          level     restarts        redundant     glue     trail      variables
c
c - 26.08 136 34 35 143 35311 1 1134865 47274 1.5 34 22 11 27 72% 715 7312 439 231%
c - 26.26 136 36 35 144 35318 1 1146823 44315 1.5 34 23 11 27 72% 715 7312 439 231%
c - 26.45 136 38 35 145 35320 1 1158823 41583 1.5 35 24 11 27 73% 715 7312 439 231%
c - 26.66 136 39 35 146 35321 1 1170866 39133 1.5 37 25 11 28 73% 715 7312 439 231%
c - 26.88 136 41 35 147 35322 1 1182950 37244 1.5 38 26 11 28 74% 715 7312 439 231%
c W 26.94 136 41 35 147 35322 1 1185708 39671 1.5 38 26 11 28 74% 715 7312 439 231%
c u 27.01 136 42 35 147 35322 1 1187695 40679 1.5 38 26 11 28 73% 715 7312 439 231%
c v 27.05 136 42 35 147 35322 1 1187695 40152 1.5 38 26 11 28 73% 715 7312 439 231%
c w 27.07 136 42 35 147 35322 1 1187695 40086 1.5 38 26 11 28 73% 715 7312 439 231%
c x 27.10 136 42 35 147 35322 1 1187695 40085 1.5 38 26 11 28 73% 716 7299 439 231%
c t 27.10 136 42 35 147 35322 1 1187695 40085 1.5 38 26 11 28 73% 715 7299 439 231%
c - 27.21 136 42 35 148 35322 1 1195077 38035 1.5 38 26 11 28 74% 715 7299 439 231%
c - 27.38 136 42 35 149 35322 1 1207242 41542 1.5 39 26 11 28 75% 715 7299 439 231%
c - 27.59 136 42 35 150 35329 1 1219450 43311 1.5 38 26 11 28 74% 715 7299 439 231%
c - 27.80 136 42 35 151 35336 1 1231700 43489 1.5 39 25 11 28 74% 715 7299 439 231%
c ] 28.00 136 42 36 151 35338 1 1242183 53170 1.6 39 25 11 28 75% 715 7299 439 231%
c { 28.00 136 23 36 151 35338 3 1242183 53170 1.6 23 14 5 12 52% 715 7299 439 231%
c - 28.04 136 23 36 152 35364 3 1243989 43690 1.6 23 14 5 12 52% 715 7299 439 231%
c - 28.26 136 22 36 153 35494 3 1256318 45106 1.7 23 14 5 12 53% 715 7299 439 231%
c - 28.47 136 22 36 154 35546 3 1268688 45318 1.7 23 13 5 12 53% 715 7299 439 231%
c
c seconds    switched      rate           size/glue  tier1    binary      remaining
c         MB   reductions     conflicts         size   tier2    irredundant
c          level     restarts        redundant     glue    trail      variables
c
c o 28.59 136 21 36 154 35633 3 1276200 51558 1.7 23 13 5 12 53% 716 7299 439 231%
c - 28.70 136 21 36 155 35766 3 1281099 45800 1.7 22 13 5 12 53% 716 7299 439 231%
c - 28.89 136 21 36 156 35904 3 1293548 47569 1.8 23 13 5 12 55% 716 7299 439 231%
c u 29.11 136 21 36 156 36116 2 1304074 56414 1.9 24 13 5 12 57% 716 7299 439 231%
c v 29.17 136 21 36 156 36116 2 1304074 56355 1.9 24 13 5 12 57% 716 7299 439 231%
c w 29.20 136 21 36 156 36116 2 1304074 56341 1.9 24 13 5 12 57% 716 7299 439 231%
c - 29.59 144 21 36 157 36192 2 1306039 48518 1.9 24 13 5 12 57% 716 7299 439 231%
c } 29.80 144 21 37 157 36379 2 1317740 58684 1.9 24 12 5 12 58% 717 7299 439 231%
c [ 29.80 144 42 37 157 36379 1 1317740 58684 1.6 39 25 11 28 75% 717 7299 439 231%
c I 29.80 144 42 37 157 36379 1 1317740 58684 1.6 39 25 11 28 75% 717 7299 439 231%
c - 29.82 144 42 37 158 36379 1 1318569 49413 1.6 39 25 11 28 75% 717 7299 439 231%
c - 30.05 144 40 37 159 36387 1 1331139 49594 1.6 38 24 11 27 75% 717 7299 439 231%
c - 30.24 144 40 37 160 36393 1 1343748 47688 1.6 38 24 11 27 76% 717 7299 439 231%
c - 30.49 144 39 37 161 36398 1 1356402 46664 1.6 39 24 11 27 76% 717 7299 439 231%
c - 30.76 144 38 37 162 36406 1 1369091 48137 1.6 38 23 11 27 76% 717 7299 439 231%
c - 31.01 144 38 37 163 36408 1 1381818 48541 1.6 37 23 11 27 76% 717 7299 439 231%
c ] 31.11 144 38 38 163 36409 1 1387970 54176 1.6 37 23 11 27 76% 717 7299 439 231%
c { 31.11 144 21 38 163 36409 2 1387970 54176 1.9 24 12 5 12 58% 717 7299 439 231%
c - 31.21 144 20 38 164 36419 2 1394585 48424 1.9 24 12 5 12 59% 717 7299 439 231%
c - 31.38 144 19 38 165 36419 2 1407392 50465 2.0 23 12 5 12 62% 717 7299 439 231%
c
c seconds    switched      rate           size/glue  tier1    binary      remaining
c         MB   reductions     conflicts         size   tier2    irredundant
c          level     restarts        redundant     glue    trail      variables
c
c s 31.40 144 19 38 165 36419 2 1408614 51459 2.0 23 12 5 12 62% 717 7272 439 231%
c - 31.62 144 19 38 166 36426 2 1420237 52103 2.0 23 12 5 12 63% 717 7272 439 231%
c u 31.75 144 18 38 166 36427 2 1426105 56315 2.0 23 12 5 12 63% 718 7272 439 231%
c v 31.81 144 18 38 166 36427 2 1426105 56131 2.0 23 12 5 12 63% 718 7272 439 231%
c w 31.83 144 18 38 166 36427 2 1426105 56106 2.0 23 12 5 12 63% 718 7272 439 231%
c x 31.85 144 18 38 166 36427 2 1426105 56105 2.0 23 12 5 12 63% 721 7240 439 231%
c t 31.85 144 18 38 166 36427 2 1426105 56105 2.0 23 12 5 12 63% 717 7240 439 231%
c - 31.98 144 18 38 167 36431 2 1433122 52245 2.0 23 11 5 12 63% 717 7240 439 231%
c - 32.19 144 18 38 168 36433 2 1446044 53616 2.1 24 11 5 11 65% 717 7240 439 231%
c - 32.43 144 17 38 169 36447 2 1459005 54677 2.2 24 11 5 11 66% 717 7240 439 231%
c o 32.61 144 17 38 169 36455 2 1469448 63835 2.2 24 11 5 11 67% 717 7240 439 231%
c } 32.65 144 17 39 169 36456 2 1471304 65573 2.2 24 11 5 11 66% 717 7240 439 231%
c [ 32.65 144 38 39 169 36456 1 1471304 65573 1.6 37 23 11 27 76% 717 7240 439 231%
c B 32.65 144 38 39 169 36456 1 1471304 65573 1.6 37 23 11 27 76% 717 7240 439 231%
c - 32.67 144 38 39 170 36456 1 1472005 55261 1.6 37 23 11 27 76% 717 7240 439 231%
c - 32.89 144 38 39 171 36464 1 1485045 53729 1.6 37 23 11 27 74% 717 7240 439 231%
c - 33.16 144 38 39 172 36470 1 1498121 51400 1.6 36 23 11 27 73% 717 7240 439 231%
c - 33.42 144 38 39 173 36476 1 1511237 52195 1.6 36 23 11 27 72% 717 7240 439 231%
c - 33.68 144 38 39 174 36483 1 1524390 51913 1.5 36 23 11 27 72% 717 7240 439 231%
c - 33.85 145 39 39 175 36486 1 1537580 48506 1.5 36 24 11 27 72% 717 7240 439 231%
c
c seconds    switched      rate           size/glue  tier1     binary      remaining
c         MB   reductions     conflicts         size    tier2    irredundant
c          level     restarts        redundant     glue     trail      variables
c
c ] 34.03 145 39 40 175 36486 1 1550584 59661 1.5 37 25 11 27 73% 717 7240 439 231%
c { 34.03 145 17 40 175 36486 2 1550584 59661 2.2 24 11 5 11 66% 717 7240 439 231%
c - 34.04 145 17 40 176 36531 2 1550808 44034 2.2 24 11 5 11 66% 717 7240 439 231%
c u 34.16 145 17 40 176 36874 2 1553982 46125 2.2 24 11 5 11 66% 717 7240 439 231%
c v 34.20 145 17 40 176 36874 2 1553982 45253 2.2 24 11 5 11 66% 717 7240 439 231%
c w 34.22 145 17 40 176 36874 2 1553982 45242 2.2 24 11 5 11 66% 717 7240 439 231%
c x 34.25 145 17 40 176 36874 2 1553982 45242 2.2 24 11 5 11 66% 717 7235 439 231%
c - 34.49 145 17 40 177 37694 2 1564075 47765 2.1 23 11 5 11 65% 717 7235 439 231%
c - 34.79 145 17 40 178 38470 2 1577380 53401 2.1 23 11 5 11 64% 718 7235 439 231%
c - 35.15 145 17 40 179 39655 2 1590721 56208 2.1 23 11 5 11 63% 718 7235 439 231%
c - 35.46 145 17 40 180 40412 2 1604100 57718 2.0 22 11 5 11 62% 718 7235 439 231%
c - 35.76 145 17 40 181 40895 2 1617517 58315 2.0 22 11 5 11 61% 719 7235 439 231%
c - 36.04 145 17 40 182 41113 2 1630972 59075 2.0 21 11 5 11 61% 719 7235 439 231%
c o 36.22 145 17 40 182 41397 2 1639590 66156 2.0 21 11 5 11 61% 719 7235 439 231%
c } 36.29 145 17 41 182 41649 2 1642057 68286 2.0 21 11 5 11 60% 719 7235 439 231%
c [ 36.29 145 39 41 182 41649 1 1642057 68286 1.5 37 25 11 27 73% 719 7235 439 231%
c W 36.30 145 39 41 182 41649 1 1642057 68286 1.5 37 25 11 27 73% 719 7235 439 231%
c - 36.34 145 39 41 183 41651 1 1644463 60346 1.5 37 25 11 27 73% 719 7235 439 231%
c - 36.61 145 39 41 184 41658 1 1657990 60726 1.5 37 25 11 27 72% 719 7235 439 231%
c - 36.88 145 39 41 185 41663 1 1671554 58307 1.5 37 25 11 27 73% 719 7235 439 231%
c
c seconds    switched      rate           size/glue  tier1     binary      remaining
c         MB   reductions     conflicts         size    tier2    irredundant
c          level     restarts        redundant     glue     trail      variables
c
c - 37.14 145 40 41 186 41670 1 1685155 57479 1.5 38 25 11 27 74% 719 7235 439 231%
c u 37.27 145 40 41 186 41671 1 1687593 59062 1.5 37 25 11 27 74% 719 7235 439 231%
c v 37.34 145 40 41 186 41671 1 1687593 58236 1.5 37 25 11 27 74% 719 7235 439 231%
c w 37.39 147 40 41 186 41671 1 1687593 58173 1.5 37 25 11 27 74% 719 7235 439 231%
c - 37.64 147 38 41 187 41677 1 1698793 59107 1.5 37 24 11 27 74% 719 7235 439 231%
c - 37.92 148 38 41 188 41679 1 1712468 62037 1.6 37 24 10 27 74% 719 7235 439 231%
c - 38.21 149 37 41 189 41681 1 1726179 62460 1.6 37 23 10 27 75% 719 7235 439 231%
c s 38.25 149 37 41 189 41682 1 1727638 63714 1.6 37 23 10 27 74% 719 7213 439 231%
c e 38.25 149 37 41 189 41682 1 1727638 63714 1.6 37 23 10 27 74% 717 7231 438 231%
c s 38.25 149 37 41 189 41682 1 1727638 63714 1.6 37 23 10 27 74% 717 7213 438 231%
c - 38.56 149 37 41 190 41689 1 1739927 62936 1.6 36 23 10 27 75% 717 7213 438 231%
c ] 38.77 149 36 42 190 41694 1 1749245 71046 1.6 36 23 10 27 74% 717 7213 438 231%
c { 38.77 149 17 42 190 41694 2 1749245 71046 2.0 21 11 5 11 60% 717 7213 438 231%
c - 38.90 149 17 42 191 42110 2 1753712 63590 2.0 21 11 5 11 60% 717 7213 438 231%
c - 39.19 149 17 42 192 42557 2 1767536 62755 1.9 21 11 5 11 60% 717 7213 438 231%
c - 39.50 149 17 42 193 43013 2 1781392 61546 2.0 21 11 5 11 60% 717 7213 438 231%
c - 39.84 149 17 42 194 43886 2 1795285 62565 2.0 21 11 5 11 60% 717 7213 438 231%
c - 40.21 149 17 42 195 44734 2 1809213 63757 1.9 21 11 5 11 60% 718 7212 438 231%
c o 40.47 149 17 42 195 45482 2 1819936 72738 1.9 21 11 5 11 59% 718 7212 438 231%
c - 40.56 149 17 42 196 45630 2 1823177 64542 1.9 21 11 5 11 59% 718 7212 438 231%
c
c seconds    switched      rate           size/glue  tier1    binary      remaining
c         MB   reductions     conflicts         size   tier2    irredundant
c          level     restarts        redundant     glue    trail      variables
c
c u 40.72 149 17 42 196 45706 2 1827011 66553 1.9 20 11 5 11 59% 718 7212 438 231%
c v 40.79 149 17 42 196 45706 2 1827011 65075 1.9 20 11 5 11 59% 718 7212 438 231%
c w 40.82 149 17 42 196 45706 2 1827011 64951 1.9 20 11 5 11 59% 718 7212 438 231%
c x 40.87 149 17 42 196 45706 2 1827011 64945 1.9 20 11 5 11 59% 726 7158 438 231%
c t 40.87 149 17 42 196 45706 2 1827011 64945 1.9 20 11 5 11 59% 720 7158 438 231%
c - 41.12 149 17 42 197 46318 2 1837178 63049 1.9 20 11 5 11 59% 720 7158 438 231%
c } 41.39 149 17 43 197 46886 2 1849218 73140 1.9 20 11 5 11 59% 720 7158 438 231%
c [ 41.39 149 36 43 197 46886 1 1849218 73140 1.6 36 23 10 27 74% 720 7158 438 231%
c O 41.39 149 36 43 197 46886 1 1849218 73140 1.6 36 23 10 27 74% 720 7158 438 231%
c - 41.45 149 37 43 198 46887 1 1851214 63931 1.6 36 23 10 27 74% 720 7158 438 231%
c ] 41.58 149 38 43 198 46892 1 1859267 71159 1.6 37 24 10 27 74% 720 7158 438 231%
c 1 41.58 149 17 43 198 46892 2 1859267 71159 1.9 20 11 5 11 59% 720 7158 438 231%
c
c ---- [ result ] ------------------------------------------------------------
c
s SATISFIABLE
v 1 -2 3 4 5 6 7 8 -9 10 11 -12 -13 14 15 -16 -17 18 19 20 -21 -22 23 24 25 26
v 27 28 29 30 31 32 33 34 35 36 37 38 -39 40 41 42 43 -44 45 46 47 48 49 -50
v 51 52 53 -54 55 56 57 58 59 60 61 62 63 64 65 66 -67 68 69 70 71 -72 73 74
v 75 -76 77 78 79 80 81 82 83 84 -85 86 -87 -88 89 90 91 92 93 94 95 96 97 -98
v 99 100 -101 102 103 104 -105 106 -107 108 109 110 111 112 113 -114 115 -116
v 117 118 119 120 121 122 123 124 125 126 -127 128 129 -130 131 132 133 134
v 135 136 137 138 139 140 141 142 143 144 145 146 147 148 149 -150 151 152 153
v 154 155 -156 157 -158 -159 160 161 162 163 164 165 -166 -167 168 169 170 171
v 172 173 174 175 176 177 178 -179 180 181 182 183 184 185 186 187 188 189
v -190 0
c
c ---- [ profiling ] ---------------------------------------------------------
c
c          35.04   84.29 %  search
c          17.92   43.11 %  focused
c          17.12   41.18 %  stable
c           6.19   14.89 %  probe
c           5.08   12.21 %  simplify
c           3.38    8.14 %  vivify
c           1.85    4.44 %  factor
c           1.45    3.48 %  preprocess
c           0.80    1.94 %  reduce
c           0.78    1.88 %  sweep
c           0.29    0.70 %  eliminate
c           0.16    0.38 %  substitute
c           0.15    0.37 %  subsume
c           0.04    0.10 %  walking
c           0.02    0.04 %  congruence
c           0.01    0.02 %  parse
c           0.01    0.02 %  transitive
c           0.00    0.00 %  backbone
c           0.00    0.00 %  lucky
c =============================================
c          41.58  100.00 %  total
c
c ---- [ statistics ] --------------------------------------------------------
c
c conflicts:                          1859267            44717.51 per second
c decisions:                          3109310                1.67 per conflict
c eliminated:                             169               89 %  variables
c factored:                               417              219 %  variables
c propagations:                      72613053          1746427    per second
c reductions:                             198             9390    interval
c reordered:                               19            97856    interval
c rephased:                                30            61976    interval
c restarts:                             46892               40    interval
c subsumed:                              5295                0 %  checks
c switched:                                43            43239    interval
c vivified:                             59793               47 %  checks
c walks:                                   10           185927    interval
c
c ---- [ glue usage ] --------------------------------------------------------
c
c focused glue 5   used 385426 clauses 11.22% accumulated 60.43% tier1
c focused glue 6   used 248270 clauses  7.22% accumulated 67.65%
c focused glue 7-9 used 586200 clauses 17.06% accumulated 84.71%
c focused glue 10  used 130548 clauses  3.80% accumulated 88.51%
c focused glue 11  used  99523 clauses  2.90% accumulated 91.41% tier2
c
c stable glue 10    used  265955 clauses  4.68% accumulated 50.38% tier1
c stable glue 11    used  243883 clauses  4.29% accumulated 54.67%
c stable glue 12-25 used 1909904 clauses 33.61% accumulated 88.28%
c stable glue 26    used   72075 clauses  1.27% accumulated 89.55%
c stable glue 27    used   66428 clauses  1.17% accumulated 90.72% tier2
c
c ---- [ resources ] ---------------------------------------------------------
c
c maximum-resident-set-size:     159937200128 bytes     152528 MB
c process-time:                            42s              41.58 seconds
c
c ---- [ shutting down ] -----------------------------------------------------
c
c exit 10
