c ---- [ banner ] ------------------------------------------------------------
c
c Kissat SAT Solver
c 
c Copyright (c) 2021-2024 Armin Biere University of Freiburg
c Copyright (c) 2019-2021 Armin Biere Johannes Kepler University Linz
c 
c Version 4.0.4 8af8e56f174b778aef3aa45af9f739b2a5f492c2
c Apple clang version 17.0.0 (clang-1700.6.3.2) -W -Wall -O3 -DNDEBUG
c Mon Mar 30 18:25:47 CEST 2026 Darwin Mac 24.6.0 arm64
c
c ---- [ parsing ] -----------------------------------------------------------
c
c opened and reading DIMACS file:
c
c   tmp.cnf
c
c parsed 'p cnf 171 15846' header
c closing input after reading 226783 bytes (221 KB)
c finished parsing after 0.00 seconds
c
c ---- [ solving ] -----------------------------------------------------------
c
c seconds switched rate     size/glue tier1 binary       remaining
c        MB reductions conflicts size  tier2   irredundant
c         level restarts redundant glue  trail       variables
c
c *  0.00  3 0 0 0  0 0   0   0 0.0 0 0 0 0 0% 283 15563 171 100%
c (  0.00  3 0 0 0  0 0   0   0 0.0 0 0 0 0 0% 283 15563 171 100%
c .  0.00  3 0 0 0  0 0   0   0 0.0 0 0 0 0 0% 283 15563 171 100%
c f  0.07  5 0 0 0  0 0   0   0 0.0 0 0 0 0 0% 918 1748 558 326%
c )  0.07  5 0 0 0  0 0   0   0 0.0 0 0 0 0 0% 918 1748 558 326%
c {  0.07  5 0 0 0  0 0   0   0 0.0 0 0 2 6 0% 918 1748 558 326%
c -  0.07  5 21 0 1 31 3 1000 633 2.3 19 9 6 10 56% 918 1748 558 326%
c }  0.07  5 21 1 1 31 3 1000 633 2.3 19 9 6 10 56% 918 1748 558 326%
c [  0.07  5 0 1 1 31 0 1000 633 0.0 0 0 2 6 0% 918 1748 558 326%
c B  0.07  5 11 1 1 31 2 1002 634 1.4 3 2 2 6 30% 918 1748 558 326%
c i  0.07  5 12 1 1 31 2 1223 779 1.7 12 7 2 6 49% 923 1748 557 326%
c ]  0.08  5 34 2 1 31 2 1728 1247 1.5 25 17 2 6 46% 923 1748 557 326%
c {  0.08  5 21 2 1 31 3 1728 1247 2.3 19 9 6 10 56% 923 1748 557 326%
c -  0.08  5 22 2 2 152 4 2000 705 2.0 19 10 6 11 51% 908 1748 557 326%
c }  0.08  5 21 3 2 201 4 2728 1341 2.1 19 9 6 11 51% 908 1748 557 326%
c [  0.08  5 34 3 2 201 2 2728 1341 1.5 25 17 2 6 46% 908 1748 557 326%
c W  0.08  5 34 3 2 201 2 2728 1341 1.5 25 17 2 6 46% 908 1693 557 326%
c -  0.09  5 34 3 3 201 2 3414 1853 1.6 27 17 8 24 46% 908 1693 557 326%
c u  0.09  5 33 3 3 201 2 3613 1933 1.6 27 17 8 24 46% 908 1693 557 326%
c v  0.09  5 33 3 3 201 2 3613 1859 1.6 27 17 8 24 46% 908 1693 557 326%
c
c seconds  switched  rate       size/glue  tier1    binary      remaining
c        MB reductions conflicts      size   tier2    irredundant
c         level restarts   redundant     glue    trail      variables
c
c w  0.10  5 33 3 3 201 2 3613 1836 1.6 27 17 8 24 46% 908 1693 557 326%
c x  0.10  5 33 3 3 201 2 3613 1832 1.6 27 17 8 24 46% 971 1430 557 326%
c t  0.10  5 33 3 3 201 2 3613 1832 1.6 27 17 8 24 46% 900 1430 557 326%
c f  0.10  5 33 3 3 201 2 3613 1832 1.6 27 17 8 24 46% 1033 1169 636 372%
c u  0.10  6 33 3 3 201 2 3613 1713 1.6 27 17 8 24 46% 1033 1169 636 372%
c v  0.10  6 33 3 3 201 2 3613 1661 1.6 27 17 8 24 46% 1033 1169 636 372%
c w  0.10  6 33 3 3 201 2 3613 1614 1.6 27 17 8 24 46% 1033 1169 636 372%
c x  0.11  6 33 3 3 201 2 3613 1614 1.6 27 17 8 24 46% 1071 1035 636 372%
c t  0.11  6 33 3 3 201 2 3613 1614 1.6 27 17 8 24 46% 1032 1035 636 372%
c ]  0.11  6 33 4 3 202 2 3827 1811 1.6 27 17 8 23 47% 1032 1035 636 372%
c {  0.11  6 21 4 3 202 4 3827 1811 2.1 19 9 6 11 51% 1032 1035 636 372%
c -  0.12  6 20 4 4 314 4 5146 2760 1.9 18 9 5 10 47% 1033 1035 636 372%
c }  0.13  7 19 5 4 393 4 6180 3662 1.9 18 9 5 10 47% 1033 1035 636 372%
c [  0.13  7 33 5 4 393 2 6180 3662 1.6 27 17 8 23 47% 1033 1035 636 372%
c I  0.13  7 33 5 4 393 2 6180 3662 1.6 27 17 8 23 47% 1033 1035 636 372%
c -  0.14  8 27 5 5 393 2 7147 4085 1.8 26 14 6 19 49% 1033 1035 636 372%
c ]  0.15  8 28 6 5 395 2 8563 5327 2.0 27 14 6 19 52% 1033 1035 636 372%
c {  0.15  8 19 6 5 395 4 8563 5327 1.9 18 9 5 10 47% 1033 1035 636 372%
c -  0.16  8 18 6 6 400 3 9384 5231 2.0 17 9 5 9 49% 1034 1035 636 372%
c u  0.18  8 15 6 6 407 3 11463 7013 2.1 16 8 5 9 54% 1038 1035 636 372%
c
c seconds  switched  rate        size/glue tier1    binary      remaining
c        MB reductions conflicts       size  tier2    irredundant
c         level restarts    redundant    glue   trail       variables
c
c v  0.18  8 15 6 6 407 3 11463 7000 2.1 16 8 5 9 54% 1038 1035 636 372%
c w  0.18  8 15 6 6 407 3 11463 6997 2.1 16 8 5 9 54% 1038 1035 636 372%
c x  0.18  9 15 6 6 407 3 11463 6997 2.1 16 8 5 9 54% 1039 1024 636 372%
c o  0.18  9 15 6 6 407 3 11463 6997 2.1 16 8 5 9 54% 1039 1024 636 372%
c -  0.19 10 15 6 7 410 3 11834 6333 2.1 16 8 5 9 54% 1039 1024 636 372%
c }  0.19 10 14 7 7 410 2 12632 7082 2.2 17 8 5 9 54% 1039 1024 636 372%
c [  0.19 10 28 7 7 410 2 12632 7082 2.0 27 14 6 19 52% 1039 1024 636 372%
c B  0.19 10 28 7 7 410 2 12632 7082 2.0 27 14 6 19 52% 1039 1024 636 372%
c -  0.21 10 26 7 8 411 2 14479 7259 1.8 25 14 6 16 52% 1039 1024 636 372%
c ]  0.23 10 25 8 8 412 2 15649 8213 1.8 24 13 6 16 52% 1039 1024 636 372%
c {  0.23 10 14 8 8 412 2 15649 8213 2.2 17 8 5 9 54% 1039 1024 636 372%
c i  0.23 10 14 8 8 436 2 16202 8583 2.2 16 8 5 9 53% 1046 1024 635 371%
c -  0.25 10 15 8 9 613 3 17310 5788 2.1 16 8 4 8 52% 1032 1024 635 371%
c s  0.25 10 15 8 9 639 3 18063 6396 2.1 16 8 4 8 52% 1033 1013 635 371%
c e  0.25 10 15 8 9 639 3 18063 6396 2.1 16 8 4 8 52% 796 1152 463 271%
c s  0.25 10 15 8 9 639 3 18063 6396 2.1 16 8 4 8 52% 796 1125 463 271%
c e  0.25 10 15 8 9 639 3 18063 6396 2.1 16 8 4 8 52% 787 1125 454 265%
c ^  0.25 10 15 8 9 639 3 18063 6396 2.1 16 8 4 8 52% 787 1125 454 265%
c i  0.27 10 15 8 9 970 3 20008 5792 2.1 16 8 4 8 53% 793 1125 453 265%
c -  0.28 10 15 8 10 1038 3 20311 5156 2.0 16 8 4 8 53% 778 1109 453 265%
c
c seconds  switched    rate        size/glue tier1   binary      remaining
c        MB  reductions  conflicts       size  tier2   irredundant
c         level   restarts    redundant    glue   trail      variables
c
c i  0.29 10 15 8 10 1141 3 21713 6263 2.0 16 8 4 8 53% 787 1109 452 264%
c o  0.29 10 15 8 10 1141 3 21713 6263 2.0 16 8 4 8 53% 787 1109 452 264%
c }  0.29 10 15 9 10 1160 3 21809 6333 2.0 16 8 4 8 53% 787 1109 452 264%
c [  0.29 10 25 9 10 1160 2 21809 6333 1.8 24 13 6 16 52% 787 1109 452 264%
c W  0.29 11 25 9 10 1160 2 21809 6333 1.8 24 13 6 16 52% 772 1085 452 264%
c -  0.30 11 25 9 11 1161 2 23475 6184 1.9 25 14 5 16 55% 772 1085 452 264%
c u  0.31 11 25 9 11 1161 2 23660 6283 1.9 25 14 5 16 55% 773 1085 452 264%
c v  0.31 11 25 9 11 1161 2 23660 6256 1.9 25 14 5 16 55% 773 1085 452 264%
c w  0.31 11 25 9 11 1161 2 23660 6247 1.9 25 14 5 16 55% 773 1085 452 264%
c x  0.31 11 25 9 11 1161 2 23660 6247 1.9 25 14 5 16 55% 779 1076 452 264%
c t  0.31 11 25 9 11 1161 2 23660 6247 1.9 25 14 5 16 55% 769 1076 452 264%
c f  0.31 11 25 9 11 1161 2 23660 6247 1.9 25 14 5 16 55% 781 1043 462 270%
c u  0.32 12 25 9 11 1161 2 23660 6178 1.9 25 14 5 16 55% 781 1043 462 270%
c v  0.32 12 25 9 11 1161 2 23660 6131 1.9 25 14 5 16 55% 781 1043 462 270%
c w  0.32 12 25 9 11 1161 2 23660 6117 1.9 25 14 5 16 55% 781 1043 462 270%
c x  0.32 12 25 9 11 1161 2 23660 6086 1.9 25 14 5 16 55% 795 1000 462 270%
c t  0.34 12 25 9 11 1161 2 23660 6086 1.9 25 14 5 16 55% 784 1000 462 270%
c -  0.37 12 25 9 12 1163 1 26794 7072 1.9 26 14 5 16 57% 784 1000 462 270%
c ]  0.39 13 25 10 12 1165 1 28715 8659 1.8 26 14 5 16 59% 784 1000 462 270%
c {  0.39 13 15 10 12 1165 3 28715 8659 2.0 16 8 4 8 53% 784 1000 462 270%
c
c seconds   switched    rate        size/glue tier1   binary      remaining
c        MB   reductions  conflicts       size  tier2   irredundant
c         level    restarts    redundant    glue   trail      variables
c
c -  0.41 13 15 10 13 1299 3 30260 8269 2.0 16 8 4 8 54% 786 1000 462 270%
c i  0.42 13 15 10 13 1334 3 31454 9173 2.0 16 8 4 8 55% 793 1000 461 270%
c i  0.43 13 15 10 13 1557 3 32521 10067 2.0 16 8 4 8 55% 796 1000 460 269%
c -  0.45 13 15 10 14 1691 3 33865 6921 2.0 16 8 4 8 54% 764 1000 460 269%
c i  0.46 13 15 10 14 1840 3 34743 7633 1.9 16 8 4 8 54% 768 1000 459 268%
c s  0.48 13 15 10 14 2110 3 37192 9686 1.9 16 8 4 8 54% 768 956 459 268%
c e  0.49 13 15 10 14 2110 3 37192 9686 1.9 16 8 4 8 54% 612 1127 352 206%
c s  0.49 13 15 10 14 2110 3 37192 9686 1.9 16 8 4 8 54% 612 1074 352 206%
c e  0.49 13 15 10 14 2110 3 37192 9686 1.9 16 8 4 8 54% 608 1078 350 205%
c ^  0.49 13 15 10 14 2110 3 37192 9686 1.9 16 8 4 8 54% 608 1078 350 205%
c }  0.49 13 15 11 14 2113 3 37342 5351 1.9 16 8 4 8 54% 608 1078 350 205%
c [  0.49 13 25 11 14 2113 1 37342 5351 1.8 26 14 5 16 59% 608 1078 350 205%
c O  0.49 13 25 11 14 2113 1 37342 5351 1.8 26 14 5 16 59% 608 1078 350 205%
c -  0.49 13 25 11 15 2113 1 37608 4984 1.9 27 14 5 17 59% 608 1078 350 205%
c u  0.52 13 24 11 15 2115 1 40892 7654 1.9 25 14 5 17 61% 608 1078 350 205%
c v  0.53 13 24 11 15 2115 1 40892 7577 1.9 25 14 5 17 61% 609 1078 350 205%
c w  0.53 13 24 11 15 2115 1 40892 7539 1.9 25 14 5 17 61% 609 1078 350 205%
c x  0.53 13 24 11 15 2115 1 40892 7536 1.9 25 14 5 17 61% 620 1057 350 205%
c t  0.53 13 24 11 15 2115 1 40892 7536 1.9 25 14 5 17 61% 609 1057 350 205%
c f  0.53 13 24 11 15 2115 1 40892 7536 1.9 25 14 5 17 61% 630 979 367 215%
c
c seconds   switched    rate        size/glue  tier1    binary     remaining
c        MB   reductions  conflicts       size   tier2    irredundant
c         level    restarts    redundant     glue    trail     variables
c
c u  0.54 13 24 11 15 2115 1 40892 7415 1.9 25 14 5 17 61% 632 979 367 215%
c v  0.54 13 24 11 15 2115 1 40892 7269 1.9 25 14 5 17 61% 632 979 367 215%
c w  0.54 13 24 11 15 2115 1 40892 7237 1.9 25 14 5 17 61% 632 979 367 215%
c x  0.54 13 24 11 15 2115 1 40892 7237 1.9 25 14 5 17 61% 645 955 367 215%
c t  0.54 13 24 11 15 2115 1 40892 7237 1.9 25 14 5 17 61% 636 955 367 215%
c f  0.54 13 24 11 15 2115 1 40892 7237 1.9 25 14 5 17 61% 635 953 368 215%
c -  0.55 14 23 11 16 2116 1 41482 7067 1.9 25 13 5 16 61% 635 953 368 215%
c -  0.59 14 22 11 17 2118 1 45488 8904 1.9 24 13 5 15 64% 636 953 368 215%
c i  0.59 14 22 11 17 2119 1 46060 9317 1.9 24 13 5 15 64% 639 953 363 212%
c o  0.59 14 22 11 17 2119 1 46060 9317 1.9 24 13 5 15 64% 639 953 363 212%
c B  0.60 14 21 11 17 2119 1 47106 10265 1.9 24 13 5 15 63% 639 953 363 212%
c ]  0.62 14 21 12 17 2119 1 49184 12009 1.9 24 13 5 15 64% 640 953 363 212%
c {  0.62 14 15 12 17 2119 3 49184 12009 1.9 16 8 4 8 54% 640 953 363 212%
c -  0.63 14 15 12 18 2145 3 49612 5832 1.9 16 8 4 8 54% 607 953 363 212%
c i  0.64 14 15 12 18 2227 3 51023 6789 1.9 15 8 4 8 54% 618 952 362 212%
c -  0.67 14 15 12 19 2503 3 53855 7809 1.9 16 8 4 8 55% 605 952 362 212%
c -  0.72 14 15 12 20 2887 3 58213 9948 1.9 16 8 4 8 56% 607 952 362 212%
c }  0.74 14 15 13 20 2935 3 60663 11830 1.9 15 8 4 8 57% 610 952 362 212%
c [  0.74 14 21 13 20 2935 1 60663 11830 1.9 24 13 5 15 64% 610 952 362 212%
c W  0.75 14 21 13 20 2935 1 60663 11830 1.9 24 13 5 15 64% 610 911 362 212%
c
c seconds   switched    rate         size/glue  tier1    binary     remaining
c        MB   reductions  conflicts        size   tier2    irredundant
c         level    restarts     redundant     glue    trail     variables
c
c -  0.77 14 21 13 21 2936 1 62686 11404 1.9 24 13 5 14 64% 610 911 362 212%
c u  0.78 14 22 13 21 2937 1 63539 11983 1.9 25 13 5 14 64% 613 911 362 212%
c v  0.79 14 22 13 21 2937 1 63539 11879 1.9 25 13 5 14 64% 618 911 362 212%
c w  0.79 14 22 13 21 2937 1 63539 11847 1.9 25 13 5 14 64% 618 911 362 212%
c x  0.80 14 22 13 21 2937 1 63539 11846 1.9 25 13 5 14 64% 639 868 362 212%
c t  0.80 14 22 13 21 2937 1 63539 11846 1.9 25 13 5 14 64% 630 868 361 211%
c u  0.80 14 22 13 21 2937 1 63539 11418 1.9 25 13 5 14 64% 623 859 361 211%
c v  0.81 15 22 13 21 2937 1 63539 11165 1.9 25 13 5 14 64% 625 859 361 211%
c w  0.81 15 22 13 21 2937 1 63539 11118 1.9 25 13 5 14 64% 626 859 361 211%
c x  0.81 15 22 13 21 2937 1 63539 11117 1.9 25 13 5 14 64% 635 831 361 211%
c t  0.85 15 22 13 21 2937 1 63539 11117 1.9 25 13 5 14 64% 624 831 361 211%
c -  0.89 16 22 13 22 2940 1 67270 11048 1.8 25 13 5 15 65% 624 831 361 211%
c ]  0.94 16 22 14 22 2941 1 70990 14097 1.9 25 13 5 15 65% 624 831 361 211%
c {  0.94 16 15 14 22 2941 3 70990 14097 1.9 15 8 4 8 57% 624 831 361 211%
c i  0.95 16 14 14 22 3011 3 71805 14736 1.9 15 8 4 8 58% 631 831 360 211%
c -  0.95 16 14 14 23 3028 3 71960 11807 1.9 15 8 4 8 58% 617 831 360 211%
c i  0.95 16 14 14 23 3028 3 71986 11825 1.9 15 8 4 8 58% 618 831 359 210%
c i  0.98 16 14 14 23 3183 3 73756 13230 1.9 15 8 4 8 58% 621 831 355 208%
c i  1.00 16 14 14 23 3283 3 75322 14482 1.9 15 8 4 8 58% 629 831 352 206%
c i  1.01 16 14 14 23 3312 3 75986 14938 1.9 15 8 4 8 58% 630 831 333 195%
c
c seconds   switched    rate         size/glue tier1   binary     remaining
c        MB   reductions  conflicts        size  tier2   irredundant
c         level    restarts     redundant    glue   trail     variables
c
c i  1.01 16 14 14 23 3312 3 76126 15039 1.9 15 8 4 8 58% 632 831 250 146%
c o  1.01 16 14 14 23 3312 3 76126 15039 1.9 15 8 4 8 58% 632 831 250 146%
c i  1.02 16 14 14 23 3312 3 76704 15503 1.9 15 8 4 8 58% 645 831 241 141%
c -  1.02 16 14 14 24 3312 3 76755 2672 1.9 15 8 4 8 58% 396 336 241 141%
c i  1.02 16 14 14 24 3312 3 76835 2720 1.9 15 8 4 8 58% 401 336 236 138%
c i  1.02 16 14 14 24 3312 3 76848 2725 1.9 15 8 4 8 58% 403 336 224 131%
c i  1.02 16 14 14 24 3312 3 76905 2768 1.9 15 8 4 8 58% 405 335 213 125%
c i  1.02 16 14 14 24 3312 3 76930 2779 1.9 15 8 4 8 58% 408 335 212 124%
c i  1.02 16 14 14 24 3312 3 76953 2795 1.9 15 8 4 8 58% 410 335 211 123%
c i  1.02 16 14 14 24 3312 3 76986 2814 1.9 15 8 4 8 58% 413 335 153 89%
c i  1.02 16 14 14 24 3312 3 76994 2816 1.9 15 8 4 8 58% 413 335 152 89%
c }  1.02 16 14 14 24 3312 3 76996 2816 1.9 15 8 4 8 58% 413 335 110 64%
c 0  1.02 16 14 14 24 3312 3 76996 2816 1.9 15 8 4 8 58% 413 335 110 64%
c
c ---- [ result ] ------------------------------------------------------------
c
s UNSATISFIABLE
c
c ---- [ profiling ] ---------------------------------------------------------
c
c           0.78   76.28 %  search
c           0.42   41.57 %  focused
c           0.35   34.71 %  stable
c           0.23   22.82 %  probe
c           0.17   17.16 %  simplify
c           0.10    9.65 %  vivify
c           0.07    7.24 %  sweep
c           0.07    6.38 %  preprocess
c           0.05    5.02 %  factor
c           0.02    1.53 %  reduce
c           0.01    0.56 %  substitute
c           0.00    0.46 %  eliminate
c           0.00    0.26 %  walking
c           0.00    0.20 %  congruence
c           0.00    0.14 %  parse
c           0.00    0.10 %  transitive
c           0.00    0.07 %  subsume
c           0.00    0.05 %  backbone
c           0.00    0.03 %  lucky
c =============================================
c           1.02  100.00 %  total
c
c ---- [ statistics ] --------------------------------------------------------
c
c conflicts:                            76996            75390.41 per second
c decisions:                           156977                2.04 per conflict
c eliminated:                             290              170 %  variables
c factored:                               494              289 %  variables
c iterations:                              24               14 %  variables
c propagations:                       5048344          4943071    per second
c reductions:                              24             3208    interval
c reordered:                                4            19249    interval
c rephased:                                 8             9624    interval
c restarts:                              3312               23    interval
c strengthened:                           126                0 %  checks
c subsumed:                                91                0 %  checks
c switched:                                14             5500    interval
c vivified:                              4915               45 %  checks
c walks:                                    3            25665    interval
c
c ---- [ glue usage ] --------------------------------------------------------
c
c focused glue 3   used 39576 clauses 21.85% accumulated 50.03% tier1
c focused glue 4   used 29506 clauses 16.29% accumulated 66.32%
c focused glue 5-6 used 32669 clauses 18.04% accumulated 84.36%
c focused glue 7   used  8640 clauses  4.77% accumulated 89.13%
c focused glue 8   used  6041 clauses  3.33% accumulated 92.46% tier2
c
c stable glue 5    used 14629 clauses  8.21% accumulated 58.07% tier1
c stable glue 6    used 12025 clauses  6.75% accumulated 64.82%
c stable glue 7-13 used 41602 clauses 23.34% accumulated 88.16%
c stable glue 14   used  2886 clauses  1.62% accumulated 89.78%
c stable glue 15   used  2759 clauses  1.55% accumulated 91.33% tier2
c
c ---- [ resources ] ---------------------------------------------------------
c
c maximum-resident-set-size:      17230200832 bytes      16432 MB
c process-time:                             1s               1.02 seconds
c
c ---- [ shutting down ] -----------------------------------------------------
c
c exit 20
