c ---- [ banner ] ------------------------------------------------------------
c
c Kissat SAT Solver
c 
c Copyright (c) 2021-2024 Armin Biere University of Freiburg
c Copyright (c) 2019-2021 Armin Biere Johannes Kepler University Linz
c 
c Version 4.0.4 8af8e56f174b778aef3aa45af9f739b2a5f492c2
c Apple clang version 17.0.0 (clang-1700.6.3.2) -W -Wall -O3 -DNDEBUG
c Mon Mar 30 18:25:47 CEST 2026 Darwin Mac 24.6.0 arm64
c
c ---- [ parsing ] -----------------------------------------------------------
c
c opened and reading DIMACS file:
c
c   tmp.cnf
c
c parsed 'p cnf 210 24360' header
c closing input after reading 352356 bytes (344 KB)
c finished parsing after 0.00 seconds
c
c ---- [ solving ] -----------------------------------------------------------
c
c seconds switched rate     size/glue tier1 binary       remaining
c        MB reductions conflicts size  tier2   irredundant
c         level restarts redundant glue  trail       variables
c
c *  0.00  5 0 0 0  0 0   0   0 0.0 0 0 0 0 0% 361 23999 210 100%
c (  0.00  5 0 0 0  0 0   0   0 0.0 0 0 0 0 0% 361 23999 210 100%
c .  0.00  5 0 0 0  0 0   0   0 0.0 0 0 0 0 0% 361 23999 210 100%
c f  0.10  5 0 0 0  0 0   0   0 0.0 0 0 0 0 0% 1162 2114 693 330%
c )  0.10  5 0 0 0  0 0   0   0 0.0 0 0 0 0 0% 1162 2114 693 330%
c {  0.10  5 0 0 0  0 0   0   0 0.0 0 0 2 6 0% 1162 2114 693 330%
c -  0.10  6 31 0 1 136 7 1001 588 2.1 23 11 6 13 52% 1162 2114 693 330%
c }  0.10  6 31 1 1 136 7 1001 588 2.1 23 11 6 13 52% 1162 2114 693 330%
c [  0.10  6 0 1 1 136 0 1001 588 0.0 0 0 2 6 0% 1162 2114 693 330%
c B  0.10  6 0 1 1 136 0 1001 588 0.0 0 0 2 6 0% 1162 2114 693 330%
c ]  0.11  6 43 2 1 136 2 1839 1359 2.2 44 20 8 19 63% 1162 2114 693 330%
c {  0.11  6 31 2 1 136 7 1839 1359 2.1 23 11 6 13 52% 1162 2114 693 330%
c -  0.11  6 31 2 2 165 7 2002 1317 2.0 23 12 6 13 50% 1162 2114 693 330%
c }  0.12  6 30 3 2 349 7 2840 2102 1.8 23 13 7 14 44% 1162 2114 693 330%
c [  0.12  6 43 3 2 349 2 2840 2102 2.2 44 20 8 19 63% 1162 2114 693 330%
c W  0.12  6 43 3 2 349 2 2840 2102 2.2 44 20 8 19 63% 1162 2114 693 330%
c -  0.12  6 48 3 3 349 2 3418 2425 2.0 40 20 9 25 61% 1162 2114 693 330%
c u  0.13  6 48 3 3 349 2 3491 2428 2.0 40 20 9 25 61% 1162 2114 693 330%
c v  0.13  6 48 3 3 349 2 3491 2399 2.0 40 20 9 25 61% 1162 2114 693 330%
c w  0.13  6 48 3 3 349 2 3491 2395 2.0 40 20 9 25 61% 1162 2114 693 330%
c
c seconds  switched  rate       size/glue  tier1     binary      remaining
c        MB reductions conflicts      size   tier2     irredundant
c         level restarts   redundant     glue    trail       variables
c
c x  0.13  6 48 3 3 349 2 3491 2395 2.0 40 20 9 25 61% 1215 1878 693 330%
c t  0.13  6 48 3 3 349 2 3491 2395 2.0 40 20 9 25 61% 1157 1878 693 330%
c f  0.14  6 48 3 3 349 2 3491 2395 2.0 40 20 9 25 61% 1312 1558 780 371%
c u  0.14  6 48 3 3 349 2 3491 2297 2.0 40 20 9 25 61% 1312 1558 780 371%
c v  0.14  6 48 3 3 349 2 3491 2267 2.0 40 20 9 25 61% 1312 1558 780 371%
c w  0.14  6 48 3 3 349 2 3491 2263 2.0 40 20 9 25 61% 1312 1558 780 371%
c x  0.14  6 48 3 3 349 2 3491 2263 2.0 40 20 9 25 61% 1391 1305 780 371%
c t  0.15  6 48 3 3 349 2 3491 2263 2.0 40 20 9 25 61% 1312 1305 780 371%
c f  0.15  6 48 3 3 349 2 3491 2263 2.0 40 20 9 25 61% 1320 1291 785 374%
c ]  0.16  6 40 4 3 350 2 4240 2920 1.9 36 18 8 23 59% 1320 1291 785 374%
c {  0.16  6 30 4 3 350 7 4240 2920 1.8 23 13 7 14 44% 1320 1291 785 374%
c -  0.17  6 28 4 4 438 6 5150 3302 1.9 22 12 6 13 45% 1320 1291 785 374%
c }  0.18  6 27 5 4 566 6 6592 4632 2.0 24 12 6 13 48% 1320 1291 785 374%
c [  0.18  6 40 5 4 566 2 6592 4632 1.9 36 18 8 23 59% 1320 1291 785 374%
c I  0.18  6 40 5 4 566 2 6592 4632 1.9 36 18 8 23 59% 1320 1291 785 374%
c -  0.19  6 36 5 5 566 2 7152 4411 2.0 33 17 7 21 59% 1320 1291 785 374%
c ]  0.20  6 30 6 5 568 1 8693 5715 2.1 32 15 7 21 59% 1320 1291 785 374%
c {  0.20  6 27 6 5 568 6 8693 5715 2.0 24 12 6 13 48% 1320 1291 785 374%
c -  0.21  7 27 6 6 568 5 9388 5404 2.0 23 11 5 13 48% 1320 1291 785 374%
c u  0.23  7 24 6 6 570 4 11034 6930 2.1 23 11 5 13 50% 1320 1291 785 374%
c
c seconds  switched  rate        size/glue  tier1     binary      remaining
c        MB reductions conflicts       size   tier2     irredundant
c         level restarts    redundant     glue    trail       variables
c
c v  0.24  7 24 6 6 570 4 11034 6924 2.1 23 11 5 13 50% 1320 1291 785 374%
c w  0.24  7 24 6 6 570 4 11034 6924 2.1 23 11 5 13 50% 1320 1291 785 374%
c x  0.24  7 24 6 6 570 4 11034 6924 2.1 23 11 5 13 50% 1321 1284 785 374%
c t  0.24  7 24 6 6 570 4 11034 6924 2.1 23 11 5 13 50% 1320 1284 785 374%
c o  0.24  7 24 6 6 570 4 11034 6924 2.1 23 11 5 13 50% 1320 1284 785 374%
c -  0.25  7 24 6 7 571 4 11837 6463 2.2 22 10 5 11 52% 1320 1284 785 374%
c }  0.25  7 23 7 7 571 4 12762 7349 2.2 22 10 5 11 53% 1320 1284 785 374%
c [  0.25  7 30 7 7 571 1 12762 7349 2.1 32 15 7 21 59% 1320 1284 785 374%
c B  0.25  7 30 7 7 571 1 12762 7349 2.1 32 15 7 21 59% 1320 1284 785 374%
c -  0.27  7 28 7 8 572 1 14483 7350 2.1 31 15 6 17 59% 1320 1284 785 374%
c ]  0.29  7 26 8 8 573 1 16027 8636 2.1 29 14 6 17 59% 1322 1284 785 374%
c {  0.29  7 23 8 8 573 4 16027 8636 2.2 22 10 5 11 53% 1322 1284 785 374%
c -  0.31  7 22 8 9 609 3 17311 8273 2.2 21 10 5 11 54% 1322 1284 785 374%
c s  0.31  8 22 8 9 609 3 17450 8401 2.2 22 10 5 11 54% 1322 1266 785 374%
c e  0.31  8 22 8 9 609 3 17450 8401 2.2 22 10 5 11 54% 1066 1423 605 288%
c s  0.31  8 22 8 9 609 3 17450 8401 2.2 22 10 5 11 54% 1066 1408 605 288%
c e  0.31  8 22 8 9 609 3 17450 8401 2.2 22 10 5 11 54% 1056 1408 595 283%
c ^  0.31  8 22 8 9 609 3 17450 8401 2.2 22 10 5 11 54% 1056 1408 595 283%
c -  0.34  8 22 8 10 964 4 20311 7653 2.2 21 10 5 11 54% 1056 1408 595 283%
c o  0.35  8 21 8 10 1008 4 21082 8339 2.2 22 10 5 11 54% 1057 1408 595 283%
c
c seconds  switched    rate        size/glue  tier1     binary      remaining
c        MB  reductions  conflicts       size   tier2     irredundant
c         level   restarts    redundant     glue    trail       variables
c
c }  0.36  8 21 9 10 1135 4 22188 9349 2.2 21 10 5 11 54% 1057 1408 595 283%
c [  0.36  8 26 9 10 1135 1 22188 9349 2.1 29 14 6 17 59% 1057 1408 595 283%
c W  0.36  9 26 9 10 1135 1 22188 9349 2.1 29 14 6 17 59% 1057 1408 595 283%
c u  0.37  9 26 9 10 1135 1 22753 9725 2.0 29 14 6 17 59% 1058 1408 595 283%
c v  0.37  9 26 9 10 1135 1 22753 9665 2.0 29 14 6 17 59% 1058 1408 595 283%
c w  0.37  9 26 9 10 1135 1 22753 9664 2.0 29 14 6 17 59% 1058 1408 595 283%
c x  0.38  9 26 9 10 1135 1 22753 9648 2.0 29 14 6 17 59% 1065 1383 595 283%
c t  0.38  9 26 9 10 1135 1 22753 9648 2.0 29 14 6 17 59% 1057 1383 595 283%
c f  0.38 10 26 9 10 1135 1 22753 9648 2.0 29 14 6 17 59% 1076 1332 609 290%
c u  0.38 10 26 9 10 1135 1 22753 9626 2.0 29 14 6 17 59% 1076 1332 609 290%
c v  0.38 10 26 9 10 1135 1 22753 9589 2.0 29 14 6 17 59% 1076 1332 609 290%
c w  0.39 10 26 9 10 1135 1 22753 9576 2.0 29 14 6 17 59% 1076 1332 609 290%
c x  0.39 10 26 9 10 1135 1 22753 9568 2.0 29 14 6 17 59% 1083 1313 609 290%
c t  0.40 10 26 9 10 1135 1 22753 9568 2.0 29 14 6 17 59% 1076 1313 609 290%
c -  0.42 10 26 9 11 1136 1 23476 8595 2.0 29 14 5 15 60% 1076 1313 609 290%
c -  0.46 11 26 9 12 1138 1 26793 9090 1.9 28 15 5 16 61% 1076 1313 609 290%
c ]  0.46 11 26 10 12 1138 1 26866 9153 1.9 28 15 5 16 61% 1076 1313 609 290%
c {  0.46 11 21 10 12 1138 4 26866 9153 2.2 21 10 5 11 54% 1076 1313 609 290%
c -  0.50 12 20 10 13 1277 3 30257 9625 2.2 21 10 4 10 55% 1076 1313 609 290%
c -  0.54 12 20 10 14 1517 3 33865 10527 2.1 21 10 4 10 55% 1079 1313 609 290%
c
c seconds   switched    rate         size/glue  tier1     binary      remaining
c        MB   reductions  conflicts        size   tier2     irredundant
c         level    restarts     redundant     glue    trail       variables
c
c }  0.56 12 20 11 14 1775 3 35494 11953 2.1 21 10 4 10 55% 1079 1313 609 290%
c [  0.56 12 26 11 14 1775 1 35494 11953 1.9 28 15 5 16 61% 1079 1313 609 290%
c O  0.56 12 26 11 14 1775 1 35494 11953 1.9 28 15 5 16 61% 1079 1313 609 290%
c s  0.56 12 26 11 14 1775 1 35759 12199 1.9 28 15 5 16 61% 1079 1309 609 290%
c e  0.56 12 26 11 14 1775 1 35759 12199 1.9 28 15 5 16 61% 930 1545 499 238%
c s  0.56 12 26 11 14 1775 1 35759 12199 1.9 28 15 5 16 61% 930 1511 499 238%
c e  0.56 12 26 11 14 1775 1 35759 12199 1.9 28 15 5 16 61% 929 1515 496 236%
c ^  0.56 12 26 11 14 1775 1 35759 12199 1.9 28 15 5 16 61% 929 1515 496 236%
c -  0.58 13 28 11 15 1777 1 37607 7835 1.9 30 16 5 17 62% 929 1515 496 236%
c u  0.60 13 30 11 15 1777 1 39134 9060 1.8 31 17 5 17 63% 930 1515 496 236%
c v  0.60 13 30 11 15 1777 1 39134 9019 1.8 31 17 5 17 63% 930 1515 496 236%
c w  0.60 13 30 11 15 1777 1 39134 8968 1.8 31 17 5 17 63% 930 1515 496 236%
c x  0.61 13 30 11 15 1777 1 39134 8968 1.8 31 17 5 17 63% 939 1494 496 236%
c t  0.61 13 30 11 15 1777 1 39134 8968 1.8 31 17 5 17 63% 924 1494 496 236%
c f  0.61 13 30 11 15 1777 1 39134 8968 1.8 31 17 5 17 63% 959 1365 525 250%
c u  0.61 13 30 11 15 1777 1 39134 8849 1.8 31 17 5 17 63% 959 1365 525 250%
c v  0.62 13 30 11 15 1777 1 39134 8775 1.8 31 17 5 17 63% 959 1365 525 250%
c w  0.62 13 30 11 15 1777 1 39134 8775 1.8 31 17 5 17 63% 959 1365 525 250%
c x  0.62 13 30 11 15 1777 1 39134 8775 1.8 31 17 5 17 63% 970 1340 525 250%
c t  0.62 13 30 11 15 1777 1 39134 8775 1.8 31 17 5 17 63% 958 1340 525 250%
c
c seconds   switched    rate        size/glue  tier1    binary      remaining
c        MB   reductions  conflicts       size   tier2    irredundant
c         level    restarts    redundant     glue    trail      variables
c
c -  0.65 13 32 11 16 1779 1 41480 8250 1.8 31 17 6 19 63% 958 1340 525 250%
c B  0.68 13 32 11 16 1781 1 45255 11648 1.7 30 17 6 19 62% 958 1340 525 250%
c o  0.68 13 32 11 16 1781 1 45255 11648 1.7 30 17 6 19 62% 958 1340 525 250%
c -  0.69 13 32 11 17 1781 1 45481 9343 1.7 30 17 6 19 62% 958 1340 525 250%
c ]  0.69 13 32 12 17 1781 1 46028 9867 1.8 31 17 6 19 63% 958 1340 525 250%
c {  0.69 13 20 12 17 1781 3 46028 9867 2.1 21 10 4 10 55% 958 1340 525 250%
c -  0.73 13 20 12 18 1951 3 49604 11074 2.0 20 10 4 10 55% 958 1340 525 250%
c -  0.78 13 19 12 19 2359 3 53846 12298 2.0 20 10 4 10 55% 958 1340 525 250%
c }  0.81 13 19 13 19 2530 3 57508 15120 2.0 19 10 4 10 54% 958 1340 525 250%
c [  0.81 13 32 13 19 2530 1 57508 15120 1.8 31 17 6 19 63% 958 1340 525 250%
c W  0.82 13 32 13 19 2530 1 57508 15120 1.8 31 17 6 19 63% 958 1340 525 250%
c -  0.83 13 32 13 20 2530 1 58205 12899 1.7 30 17 6 19 62% 958 1340 525 250%
c u  0.86 13 31 13 20 2532 1 60368 14740 1.8 30 17 6 19 62% 958 1340 525 250%
c v  0.86 14 31 13 20 2532 1 60368 14684 1.8 30 17 6 19 62% 958 1340 525 250%
c w  0.87 14 31 13 20 2532 1 60368 14681 1.8 30 17 6 19 62% 958 1340 525 250%
c x  0.87 14 31 13 20 2532 1 60368 14680 1.8 30 17 6 19 62% 958 1340 525 250%
c -  0.90 15 32 13 21 2534 1 62677 13134 1.7 30 17 6 19 61% 958 1340 525 250%
c -  0.96 15 30 13 22 2536 1 67261 13427 1.8 30 17 6 18 62% 958 1340 525 250%
c ]  0.96 15 30 14 22 2536 1 67352 13508 1.8 30 17 6 18 62% 958 1340 525 250%
c {  0.96 15 19 14 22 2536 3 67352 13508 2.0 19 10 4 10 54% 958 1340 525 250%
c
c seconds   switched    rate         size/glue  tier1    binary      remaining
c        MB   reductions  conflicts        size   tier2    irredundant
c         level    restarts     redundant     glue    trail      variables
c
c -  1.01 15 18 14 23 2857 3 71951 14838 2.0 19 10 4 10 55% 958 1340 525 250%
c e  1.05 15 18 14 23 3112 3 75505 17680 1.9 19 10 4 10 55% 860 1544 456 217%
c s  1.05 15 18 14 23 3112 3 75505 17680 1.9 19 10 4 10 55% 860 1527 456 217%
c ^  1.05 15 18 14 23 3112 3 75505 17680 1.9 19 10 4 10 55% 860 1527 456 217%
c o  1.05 15 18 14 23 3112 3 75505 11657 1.9 19 10 4 10 55% 860 1527 456 217%
c -  1.07 16 18 14 24 3190 3 76746 10903 1.9 19 10 4 10 55% 860 1527 456 217%
c -  1.12 16 18 14 25 3611 3 81645 13146 2.0 19 10 4 10 56% 862 1527 456 217%
c }  1.12 16 18 15 25 3662 3 82068 13479 1.9 19 10 4 10 56% 862 1527 456 217%
c [  1.12 16 30 15 25 3662 1 82068 13479 1.8 30 17 6 18 62% 862 1527 456 217%
c I  1.12 16 30 15 25 3662 1 82068 13479 1.8 30 17 6 18 62% 862 1527 456 217%
c u  1.18 16 29 15 25 3665 1 86495 17073 1.8 29 16 6 18 62% 865 1527 456 217%
c v  1.19 16 29 15 25 3665 1 86495 16950 1.8 29 16 6 18 62% 866 1527 456 217%
c w  1.20 16 29 15 25 3665 1 86495 16947 1.8 29 16 6 18 62% 866 1527 456 217%
c t  1.24 16 29 15 25 3665 1 86495 16947 1.8 29 16 6 18 62% 861 1527 456 217%
c f  1.24 16 29 15 25 3665 1 86495 16947 1.8 29 16 6 18 62% 870 1483 462 220%
c u  1.25 17 29 15 25 3665 1 86495 16877 1.8 29 16 6 18 62% 871 1483 462 220%
c v  1.26 17 29 15 25 3665 1 86495 16871 1.8 29 16 6 18 62% 871 1483 462 220%
c w  1.26 18 29 15 25 3665 1 86495 16863 1.8 29 16 6 18 62% 871 1483 462 220%
c x  1.26 18 29 15 25 3665 1 86495 16863 1.8 29 16 6 18 62% 875 1474 462 220%
c t  1.26 18 29 15 25 3665 1 86495 16863 1.8 29 16 6 18 62% 870 1474 462 220%
c
c seconds   switched    rate         size/glue  tier1    binary      remaining
c        MB   reductions  conflicts        size   tier2    irredundant
c         level    restarts     redundant     glue    trail      variables
c
c -  1.27 18 28 15 26 3665 1 86646 14246 1.8 29 16 6 18 62% 870 1474 462 220%
c -  1.33 18 28 15 27 3668 1 91747 14595 1.8 29 16 6 17 62% 870 1474 462 220%
c ]  1.38 20 29 16 27 3670 1 96261 18378 1.8 31 17 6 17 63% 870 1474 462 220%
c {  1.38 20 18 16 27 3670 3 96261 18378 1.9 19 10 4 10 56% 870 1474 462 220%
c -  1.39 20 18 16 28 3787 3 96946 13817 1.9 19 10 4 10 56% 870 1474 462 220%
c -  1.46 20 18 16 29 4032 3 102239 14352 2.0 19 10 4 10 57% 875 1474 462 220%
c -  1.54 20 18 16 30 4618 3 107625 16854 2.0 19 10 4 10 58% 875 1474 462 220%
c -  1.61 20 18 16 31 5028 3 113103 18464 2.0 20 10 4 9 58% 877 1474 462 220%
c }  1.64 20 18 17 31 5129 3 114598 19815 2.0 20 10 4 9 58% 877 1474 462 220%
c [  1.64 20 29 17 31 5129 1 114598 19815 1.8 31 17 6 17 63% 877 1474 462 220%
c B  1.64 20 29 17 31 5129 1 114598 19815 1.8 31 17 6 17 63% 877 1474 462 220%
c u  1.68 20 29 17 31 5131 1 117590 22450 1.8 31 17 6 17 64% 878 1474 462 220%
c v  1.69 20 29 17 31 5131 1 117590 22383 1.8 31 17 6 17 64% 878 1474 462 220%
c w  1.70 21 29 17 31 5131 1 117590 22382 1.8 31 17 6 17 64% 878 1474 462 220%
c x  1.70 21 29 17 31 5131 1 117590 22381 1.8 31 17 6 17 64% 887 1449 462 220%
c t  1.70 21 29 17 31 5131 1 117590 22381 1.8 31 17 6 17 64% 878 1449 462 220%
c o  1.70 21 29 17 31 5131 1 117590 22381 1.8 31 17 6 17 64% 878 1449 462 220%
c -  1.72 22 30 17 32 5131 1 118670 18802 1.8 31 18 6 20 64% 878 1449 462 220%
c -  1.80 23 29 17 33 5135 1 124327 18878 1.8 31 17 6 19 65% 878 1449 462 220%
c -  1.88 23 28 17 34 5138 1 130071 19710 1.8 30 17 6 19 65% 878 1449 462 220%
c
c seconds   switched    rate          size/glue  tier1    binary      remaining
c        MB   reductions  conflicts         size   tier2    irredundant
c         level    restarts      redundant     glue    trail      variables
c
c ]  1.92 23 28 18 34 5140 1 132226 21373 1.8 30 17 6 19 65% 878 1449 462 220%
c {  1.92 23 18 18 34 5140 3 132226 21373 2.0 20 10 4 9 58% 878 1449 462 220%
c -  2.01 23 19 18 35 6024 3 135901 20640 2.0 20 10 4 10 57% 878 1449 462 220%
c s  2.12 23 19 18 35 7014 3 139783 23955 1.9 20 11 4 10 57% 878 1447 462 220%
c e  2.12 23 19 18 35 7014 3 139783 23955 1.9 20 11 4 10 57% 784 1712 409 195%
c s  2.12 23 19 18 35 7014 3 139783 23955 1.9 20 11 4 10 57% 784 1692 409 195%
c e  2.12 23 19 18 35 7014 3 139783 23955 1.9 20 11 4 10 57% 786 1697 407 194%
c ^  2.12 23 19 18 35 7014 3 139783 23955 1.9 20 11 4 10 57% 786 1697 407 194%
c -  2.17 23 19 18 36 7465 3 141817 14357 1.9 20 11 4 10 56% 786 1697 407 194%
c -  2.31 23 20 18 37 8705 4 147818 15660 1.8 21 11 4 11 56% 787 1697 407 194%
c -  2.47 23 21 18 38 10005 4 153900 17357 1.8 21 12 4 11 56% 787 1697 407 194%
c u  2.49 23 21 18 38 10021 4 153977 17264 1.8 21 12 4 11 56% 788 1697 407 194%
c v  2.50 23 21 18 38 10021 4 153977 16898 1.8 21 12 4 11 56% 790 1697 407 194%
c w  2.51 23 21 18 38 10021 4 153977 16872 1.8 21 12 4 11 56% 790 1697 407 194%
c x  2.52 23 21 18 38 10021 4 153977 16872 1.8 21 12 4 11 56% 818 1636 407 194%
c t  2.52 23 21 18 38 10021 4 153977 16872 1.8 21 12 4 11 56% 790 1636 407 194%
c f  2.52 23 21 18 38 10021 4 153977 16872 1.8 21 12 4 11 56% 793 1624 408 194%
c u  2.54 23 21 18 38 10021 4 153977 16724 1.8 21 12 4 11 56% 795 1624 408 194%
c v  2.56 23 21 18 38 10021 4 153977 16495 1.8 21 12 4 11 56% 796 1624 408 194%
c w  2.57 23 21 18 38 10021 4 153977 16458 1.8 21 12 4 11 56% 796 1624 408 194%
c
c seconds   switched     rate          size/glue  tier1    binary      remaining
c        MB   reductions   conflicts         size   tier2    irredundant
c         level    restarts       redundant     glue    trail      variables
c
c x  2.58 23 21 18 38 10021 4 153977 16458 1.8 21 12 4 11 56% 796 1620 408 194%
c t  2.58 23 21 18 38 10021 4 153977 16458 1.8 21 12 4 11 56% 793 1620 408 194%
c }  2.59 23 21 19 38 10123 4 154571 16901 1.8 21 12 4 11 56% 793 1620 408 194%
c [  2.59 23 28 19 38 10123 1 154571 16901 1.8 30 17 6 19 65% 793 1620 408 194%
c W  2.59 23 28 19 38 10123 1 154571 16901 1.8 30 17 6 19 65% 793 1620 408 194%
c -  2.65 25 27 19 39 10127 1 160066 18153 1.8 29 16 6 18 66% 793 1620 408 194%
c -  2.72 25 26 19 40 10129 1 166312 18810 1.8 29 16 6 18 66% 793 1620 408 194%
c -  2.80 25 27 19 41 10134 1 172636 18760 1.8 29 16 6 18 67% 793 1620 408 194%
c O  2.87 25 27 19 41 10136 1 178796 23983 1.8 29 16 6 18 68% 793 1620 408 194%
c o  2.87 25 27 19 41 10136 1 178796 23983 1.8 29 16 6 18 68% 793 1620 408 194%
c -  2.88 25 27 19 42 10136 1 179039 19045 1.8 29 16 6 18 68% 793 1620 408 194%
c -  2.95 26 27 19 43 10137 1 185520 19865 1.9 30 16 6 17 69% 793 1620 408 194%
c -  3.03 26 27 19 44 10141 1 192078 19380 1.9 30 16 6 17 70% 793 1620 408 194%
c u  3.09 26 26 19 44 10143 1 195464 22165 1.9 30 16 6 17 70% 794 1620 408 194%
c v  3.11 28 26 19 44 10143 1 195464 22097 1.9 30 16 6 17 70% 794 1620 408 194%
c w  3.12 29 26 19 44 10143 1 195464 21619 1.9 30 16 6 17 70% 794 1620 408 194%
c -  3.24 29 26 19 45 10144 1 198712 18882 1.9 30 16 6 17 70% 794 1620 408 194%
c -  3.34 30 26 19 46 10149 1 205421 19743 1.9 30 16 6 17 70% 794 1620 408 194%
c B  3.35 30 26 19 46 10150 1 206537 20703 1.9 30 16 6 17 70% 794 1620 408 194%
c ]  3.38 30 26 20 46 10151 1 208873 22778 1.9 31 16 6 17 70% 794 1620 408 194%
c
c seconds   switched     rate          size/glue  tier1    binary      remaining
c        MB   reductions   conflicts         size   tier2    irredundant
c         level    restarts       redundant     glue    trail      variables
c
c {  3.38 30 21 20 46 10151 4 208873 22778 1.8 21 12 4 11 56% 794 1620 408 194%
c -  3.43 30 21 20 47 10259 4 212205 20602 1.8 21 12 4 11 57% 794 1620 408 194%
c -  3.51 31 20 20 48 10386 3 219060 21823 1.8 21 12 4 11 58% 794 1620 408 194%
c -  3.61 31 20 20 49 10469 3 225988 23247 1.8 21 12 4 11 58% 794 1620 408 194%
c e  3.67 31 20 20 49 10547 3 230506 27014 1.8 21 11 4 11 59% 704 2046 352 168%
c s  3.67 31 20 20 49 10547 3 230506 27014 1.8 21 11 4 11 59% 704 1992 352 168%
c ^  3.67 31 20 20 49 10547 3 230506 27014 1.8 21 11 4 11 59% 704 1992 352 168%
c -  3.70 32 20 20 50 10583 3 232988 13942 1.9 21 11 4 11 60% 704 1992 352 168%
c }  3.72 32 19 21 50 10608 3 235612 16124 1.9 21 11 4 11 60% 704 1992 352 168%
c [  3.72 32 26 21 50 10608 1 235612 16124 1.9 31 16 6 17 70% 704 1992 352 168%
c W  3.74 32 26 21 50 10610 1 237987 17944 1.9 30 16 6 17 70% 704 1992 352 168%
c -  3.76 33 26 21 51 10611 1 240059 17001 1.9 30 16 6 17 70% 704 1992 352 168%
c u  3.80 34 26 21 51 10613 1 242424 18757 1.9 30 16 6 17 70% 707 1992 352 168%
c v  3.81 34 26 21 51 10613 1 242424 18363 1.9 30 16 6 17 70% 705 1992 352 168%
c w  3.82 34 26 21 51 10613 1 242424 18101 1.9 30 16 6 17 70% 705 1992 352 168%
c x  3.83 34 26 21 51 10613 1 242424 18101 1.9 30 16 6 17 70% 750 1904 352 168%
c t  3.83 34 26 21 51 10613 1 242424 18101 1.9 30 16 6 17 70% 707 1904 352 168%
c f  3.83 34 26 21 51 10613 1 242424 18101 1.9 30 16 6 17 70% 711 1877 353 168%
c u  3.84 34 26 21 51 10613 1 242424 17825 1.9 30 16 6 17 70% 715 1877 353 168%
c v  3.86 34 26 21 51 10613 1 242424 17430 1.9 30 16 6 17 70% 715 1877 353 168%
c
c seconds   switched     rate          size/glue  tier1    binary      remaining
c        MB   reductions   conflicts         size   tier2    irredundant
c         level    restarts       redundant     glue    trail      variables
c
c w  3.86 34 26 21 51 10613 1 242424 17365 1.9 30 16 6 17 70% 715 1877 353 168%
c x  3.87 34 26 21 51 10613 1 242424 17365 1.9 30 16 6 17 70% 716 1871 353 168%
c t  3.87 34 26 21 51 10613 1 242424 17365 1.9 30 16 6 17 70% 712 1871 353 168%
c o  3.87 34 26 21 51 10613 1 242424 17365 1.9 30 16 6 17 70% 712 1871 353 168%
c -  3.92 36 27 21 52 10614 1 247202 17198 1.9 30 16 6 17 70% 712 1871 353 168%
c -  4.01 36 26 21 53 10620 1 254413 18350 1.9 29 16 6 17 69% 712 1871 353 168%
c -  4.11 36 26 21 54 10622 1 261693 19376 1.9 29 16 6 17 69% 712 1871 353 168%
c ]  4.13 36 26 22 54 10622 1 262779 20217 1.9 29 16 6 17 69% 712 1871 353 168%
c {  4.13 36 19 22 54 10622 3 262779 20217 1.9 21 11 4 11 60% 712 1871 353 168%
c -  4.23 36 19 22 55 10622 3 269043 21159 1.9 21 11 4 11 61% 712 1871 353 168%
c -  4.33 36 18 22 56 10622 3 276459 22458 1.9 20 11 4 10 62% 712 1871 353 168%
c -  4.43 36 17 22 57 10622 3 283942 22816 1.9 20 10 4 10 63% 722 1871 353 168%
c i  4.44 36 17 22 57 10622 3 284269 23033 1.9 20 10 4 10 63% 730 1871 352 168%
c -  4.52 36 16 22 58 10628 2 291491 16240 2.0 20 10 4 10 63% 703 1871 352 168%
c }  4.55 36 16 23 58 10628 2 294296 18443 2.0 20 10 4 10 63% 703 1871 352 168%
c [  4.55 36 26 23 58 10628 1 294296 18443 1.9 29 16 6 17 69% 703 1871 352 168%
c I  4.55 36 26 23 58 10628 1 294296 18443 1.9 29 16 6 17 69% 703 1871 352 168%
c u  4.57 36 26 23 58 10628 1 294403 18016 1.9 29 16 6 17 69% 711 1852 352 168%
c v  4.59 36 26 23 58 10628 1 294403 17566 1.9 29 16 6 17 69% 710 1852 352 168%
c w  4.60 36 26 23 58 10628 1 294403 17561 1.9 29 16 6 17 69% 710 1852 352 168%
c
c seconds   switched     rate          size/glue  tier1    binary      remaining
c        MB   reductions   conflicts         size   tier2    irredundant
c         level    restarts       redundant     glue    trail      variables
c
c t  4.60 36 26 23 58 10628 1 294403 17561 1.9 29 16 6 17 69% 708 1852 352 168%
c -  4.66 36 26 23 59 10631 1 299107 20353 1.9 29 15 6 17 70% 708 1852 352 168%
c -  4.77 36 26 23 60 10635 1 306790 21130 1.9 29 16 6 17 70% 708 1852 352 168%
c -  4.88 37 26 23 61 10640 1 314538 20644 1.9 30 16 6 17 70% 708 1852 352 168%
c -  5.00 37 26 23 62 10642 1 322350 20315 1.9 30 16 6 17 70% 708 1852 352 168%
c ]  5.03 37 26 24 62 10642 1 324314 21996 1.9 30 16 6 17 70% 708 1852 352 168%
c {  5.03 37 16 24 62 10642 2 324314 21996 2.0 20 10 4 10 63% 708 1852 352 168%
c o  5.04 37 16 24 62 10672 2 324606 22266 2.0 20 10 4 10 64% 708 1852 352 168%
c -  5.13 37 16 24 63 11006 2 330228 22944 2.0 20 10 4 10 64% 709 1852 352 168%
c -  5.23 37 16 24 64 11221 2 338165 25547 2.0 20 10 4 10 64% 711 1852 352 168%
c i  5.31 37 16 24 64 11323 2 343444 29883 2.0 20 10 4 10 65% 720 1852 351 167%
c -  5.35 37 16 24 65 11404 2 346166 20752 2.0 19 10 4 10 65% 703 1852 351 167%
c s  5.39 37 16 24 65 11472 2 348925 22887 2.0 19 10 4 10 65% 705 1827 351 167%
c e  5.39 37 16 24 65 11472 2 348925 22887 2.0 19 10 4 10 65% 621 2369 309 147%
c s  5.39 37 16 24 65 11472 2 348925 22887 2.0 19 10 4 10 65% 621 2296 309 147%
c e  5.39 37 16 24 65 11472 2 348925 22887 2.0 19 10 4 10 65% 624 2296 308 147%
c !  5.39 37 16 24 65 11472 2 348925 22887 2.0 19 10 4 10 65% 624 2296 308 147%
c u  5.44 37 16 24 65 11682 2 352099 14342 2.0 19 10 4 10 65% 660 2296 308 147%
c v  5.46 37 16 24 65 11682 2 352099 14067 2.0 19 10 4 10 65% 657 2296 308 147%
c w  5.46 37 16 24 65 11682 2 352099 13998 2.0 19 10 4 10 65% 657 2296 308 147%
c
c seconds   switched     rate          size/glue  tier1    binary      remaining
c        MB   reductions   conflicts         size   tier2    irredundant
c         level    restarts       redundant     glue    trail      variables
c
c x  5.47 37 16 24 65 11682 2 352099 13998 2.0 19 10 4 10 65% 687 2212 308 147%
c t  5.48 37 16 24 65 11682 2 352099 13998 2.0 19 10 4 10 65% 636 2212 308 147%
c f  5.48 37 16 24 65 11682 2 352099 13998 2.0 19 10 4 10 65% 659 2019 317 151%
c u  5.50 37 16 24 65 11682 2 352099 13611 2.0 19 10 4 10 65% 663 2019 317 151%
c v  5.51 37 16 24 65 11682 2 352099 12943 2.0 19 10 4 10 65% 664 2019 317 151%
c w  5.52 37 16 24 65 11682 2 352099 12925 2.0 19 10 4 10 65% 664 2019 317 151%
c x  5.53 37 16 24 65 11682 2 352099 12924 2.0 19 10 4 10 65% 664 2014 317 151%
c t  5.53 37 16 24 65 11682 2 352099 12924 2.0 19 10 4 10 65% 662 2014 317 151%
c -  5.55 38 16 24 66 11682 2 354229 12817 2.0 19 10 4 10 65% 664 2014 317 151%
c }  5.62 38 16 25 66 11984 2 360992 18529 2.0 19 9 4 10 66% 665 2014 317 151%
c [  5.62 38 26 25 66 11984 1 360992 18529 1.9 30 16 6 17 70% 665 2014 317 151%
c B  5.62 38 26 25 66 11984 1 360992 18529 1.9 30 16 6 17 70% 665 2014 317 151%
c -  5.63 38 26 25 67 11985 1 362356 17970 1.9 30 16 6 17 70% 665 2014 317 151%
c -  5.74 38 26 25 68 11990 1 370542 20667 1.9 30 16 6 17 71% 665 2014 317 151%
c -  5.86 38 25 25 69 11995 1 378789 21584 1.9 29 16 6 17 71% 666 2014 317 151%
c -  6.00 38 25 25 70 11998 1 387095 22654 1.8 29 16 6 17 70% 666 2014 317 151%
c ]  6.05 38 25 26 70 11998 1 390125 24934 1.8 29 16 6 17 70% 666 2014 317 151%
c {  6.05 38 16 26 70 11998 2 390125 24934 2.0 19 9 4 10 66% 666 2014 317 151%
c -  6.15 38 16 26 71 12277 2 395461 23195 2.0 19 9 4 10 65% 666 2014 317 151%
c -  6.27 38 15 26 72 12634 2 403887 25688 2.0 19 9 4 9 66% 671 2014 317 151%
c
c seconds   switched     rate          size/glue tier1   binary      remaining
c        MB   reductions   conflicts         size  tier2   irredundant
c         level    restarts       redundant    glue   trail      variables
c
c o  6.28 38 15 26 72 12693 2 404797 26473 2.0 19 9 4 9 66% 671 2014 317 151%
c -  6.37 38 15 26 73 12944 2 412372 27253 2.0 19 9 4 9 67% 673 2014 317 151%
c u  6.44 41 15 26 73 13101 2 415103 27871 2.0 19 9 4 9 67% 686 2014 317 151%
c v  6.47 41 15 26 73 13101 2 415103 24985 2.0 19 9 4 9 67% 691 2014 317 151%
c w  6.48 41 15 26 73 13101 2 415103 24845 2.0 19 9 4 9 67% 691 2014 317 151%
c t  6.61 42 15 26 73 13101 2 415103 24845 2.0 19 9 4 9 67% 679 2014 317 151%
c -  6.71 42 15 26 74 13547 2 420917 25530 2.0 19 9 4 9 67% 681 2014 317 151%
c -  6.84 42 15 26 75 14089 2 429520 27681 2.0 19 9 4 9 68% 684 2014 317 151%
c }  6.87 42 15 27 75 14223 2 432343 29874 2.0 19 9 4 9 68% 684 2014 317 151%
c [  6.87 42 25 27 75 14223 1 432343 29874 1.8 29 16 6 17 70% 684 2014 317 151%
c W  6.88 42 25 27 75 14223 1 432343 29874 1.8 29 16 6 17 70% 684 2014 317 151%
c -  6.96 43 26 27 76 14227 1 438181 27932 1.9 30 16 6 17 71% 685 2014 317 151%
c -  7.08 43 26 27 77 14232 1 446899 27102 1.9 30 16 6 17 71% 685 2014 317 151%
c -  7.22 43 25 27 78 14236 1 455673 27999 1.9 29 16 5 17 72% 685 2014 317 151%
c -  7.37 43 25 27 79 14237 1 464504 29284 1.8 29 16 5 16 72% 685 2014 317 151%
c ]  7.48 43 25 28 79 14243 1 471741 35075 1.8 28 15 5 16 72% 686 2014 317 151%
c {  7.48 43 15 28 79 14243 2 471741 35075 2.0 19 9 4 9 68% 686 2014 317 151%
c -  7.52 43 15 28 80 14379 2 473392 30948 2.0 19 9 4 9 68% 686 2014 317 151%
c -  7.67 43 15 28 81 14868 2 482336 32386 2.0 19 9 4 9 68% 690 2014 317 151%
c u  7.73 43 15 28 81 14967 2 483845 32926 2.0 19 9 4 9 68% 692 2014 317 151%
c
c seconds   switched     rate          size/glue tier1   binary      remaining
c        MB   reductions   conflicts         size  tier2   irredundant
c         level    restarts       redundant    glue   trail      variables
c
c v  7.75 43 15 28 81 14967 2 483845 32746 2.0 19 9 4 9 68% 692 2014 317 151%
c w  7.77 43 15 28 81 14967 2 483845 32686 2.0 19 9 4 9 68% 692 2014 317 151%
c x  7.78 43 15 28 81 14967 2 483845 32685 2.0 19 9 4 9 68% 708 1945 317 151%
c t  7.78 43 15 28 81 14967 2 483845 32685 2.0 19 9 4 9 68% 695 1945 317 151%
c -  7.92 46 15 28 82 15333 2 491337 33018 2.0 19 9 4 9 69% 697 1945 317 151%
c s  8.01 46 15 28 82 15447 2 496534 37098 2.0 18 9 4 9 69% 698 1935 317 151%
c e  8.01 46 15 28 82 15447 2 496534 37098 2.0 18 9 4 9 69% 697 2004 312 149%
c s  8.01 46 15 28 82 15447 2 496534 37098 2.0 18 9 4 9 69% 704 1975 312 149%
c o  8.01 46 15 28 82 15447 2 496534 35681 2.0 18 9 4 9 69% 704 1975 312 149%
c -  8.08 46 15 28 83 15830 2 500394 33509 2.0 18 9 4 9 69% 706 1975 312 149%
c -  8.25 46 15 28 84 16296 2 509505 35243 2.0 18 9 4 9 70% 707 1975 312 149%
c i  8.32 46 15 28 84 16352 2 513046 37848 2.0 18 9 4 9 70% 717 1975 311 148%
c i  8.33 46 15 28 84 16358 2 513683 38276 2.0 18 9 4 9 70% 729 1975 310 148%
c -  8.40 46 15 28 85 16832 2 518670 18134 1.9 18 9 4 9 70% 678 1975 310 148%
c }  8.41 46 15 29 85 16870 2 519880 19137 1.9 18 9 4 9 70% 680 1975 310 148%
c [  8.41 46 25 29 85 16870 1 519880 19137 1.8 28 15 5 16 72% 680 1975 310 148%
c O  8.41 46 25 29 85 16870 1 519880 19137 1.8 28 15 5 16 72% 680 1975 310 148%
c -  8.50 46 25 29 86 16875 1 527894 22841 1.9 29 16 5 17 73% 680 1975 310 148%
c -  8.66 46 25 29 87 16880 1 537167 25776 1.9 29 15 5 16 73% 680 1975 310 148%
c -  8.81 46 25 29 88 16884 1 546494 28528 1.9 30 15 5 16 73% 681 1975 310 148%
c
c seconds   switched     rate          size/glue  tier1    binary      remaining
c        MB   reductions   conflicts         size   tier2    irredundant
c         level    restarts       redundant     glue    trail      variables
c
c -  8.98 51 25 29 89 16887 1 555877 29270 1.9 30 16 5 16 73% 681 1975 310 148%
c u  9.06 51 25 29 89 16889 1 558756 31435 1.9 30 16 5 16 73% 681 1943 310 148%
c v  9.09 51 25 29 89 16889 1 558756 31338 1.9 30 16 5 16 73% 681 1943 310 148%
c w  9.10 52 25 29 89 16889 1 558756 31279 1.9 30 16 5 16 73% 681 1943 310 148%
c x  9.12 52 25 29 89 16889 1 558756 31276 1.9 30 16 5 16 73% 700 1906 310 148%
c t  9.12 52 25 29 89 16889 1 558756 31276 1.9 30 16 5 16 73% 682 1906 310 148%
c f  9.12 52 25 29 89 16889 1 558756 31276 1.9 30 16 5 16 73% 684 1861 312 149%
c u  9.15 54 25 29 89 16889 1 558756 31086 1.9 30 16 5 16 73% 686 1861 312 149%
c v  9.18 54 25 29 89 16889 1 558756 30998 1.9 30 16 5 16 73% 686 1861 312 149%
c w  9.19 55 25 29 89 16889 1 558756 30958 1.9 30 16 5 16 73% 686 1861 312 149%
c x  9.21 55 25 29 89 16889 1 558756 30958 1.9 30 16 5 16 73% 694 1844 312 149%
c t  9.21 55 25 29 89 16889 1 558756 30958 1.9 30 16 5 16 73% 691 1844 312 149%
c -  9.33 58 25 29 90 16892 1 565310 29749 1.9 30 15 5 16 73% 691 1844 312 149%
c B  9.43 58 25 29 90 16897 1 572668 35718 1.9 30 15 5 16 74% 691 1844 312 149%
c ]  9.44 58 25 30 90 16897 1 572803 35808 1.9 30 15 5 16 74% 691 1844 312 149%
c {  9.44 58 15 30 90 16897 2 572803 35808 1.9 18 9 4 9 70% 691 1844 312 149%
c -  9.48 58 15 30 91 16967 2 574797 31209 1.9 18 9 4 9 70% 692 1844 312 149%
c i  9.53 58 15 30 91 17074 2 577490 33180 1.9 18 9 4 9 70% 696 1844 311 148%
c i  9.61 58 15 30 91 17244 2 581936 36682 2.0 18 9 4 9 71% 701 1844 310 148%
c -  9.66 58 15 30 92 17539 2 584336 24284 1.9 18 9 4 9 71% 669 1844 310 148%
c
c seconds   switched     rate          size/glue tier1   binary      remaining
c        MB   reductions   conflicts         size  tier2   irredundant
c         level    restarts       redundant    glue   trail      variables
c
c -  9.83 58 15 30 93 18213 2 593931 27716 1.9 18 9 4 9 71% 674 1844 310 148%
c i  9.87 58 15 30 93 18299 2 596576 29829 1.9 18 9 4 9 71% 685 1844 309 147%
c o  9.87 58 15 30 93 18299 2 596576 29829 1.9 18 9 4 9 71% 685 1844 309 147%
c i  9.92 58 15 30 93 18465 2 599612 32248 1.9 18 9 4 9 71% 693 1844 308 147%
c - 10.00 58 15 30 94 18779 2 603574 27393 1.9 18 9 4 9 71% 649 1844 308 147%
c - 10.17 58 15 30 95 19303 2 613270 30126 1.9 18 9 4 9 71% 650 1844 308 147%
c - 10.35 58 15 30 96 19940 2 623017 33600 1.9 18 9 4 9 72% 651 1844 308 147%
c } 10.41 58 15 31 96 20161 2 627237 36741 1.9 18 9 4 9 72% 654 1844 308 147%
c [ 10.41 58 25 31 96 20161 1 627237 36741 1.9 30 15 5 16 74% 654 1844 308 147%
c W 10.46 58 24 31 96 20163 1 630252 39161 1.9 29 15 5 16 74% 654 1807 308 147%
c - 10.51 58 24 31 97 20165 1 632814 34830 1.9 29 15 5 16 74% 654 1807 308 147%
c i 10.59 58 24 31 97 20167 1 637007 38179 1.9 29 15 5 16 74% 659 1807 305 145%
c b 10.66 58 24 31 97 20168 1 640233 25594 1.9 29 15 5 16 74% 675 1743 293 140%
c u 10.68 58 24 31 97 20168 1 640233 21958 1.9 29 15 5 16 74% 711 1743 293 140%
c v 10.71 58 24 31 97 20168 1 640233 21004 1.9 29 15 5 16 74% 707 1743 293 140%
c w 10.73 58 24 31 97 20168 1 640233 20793 1.9 29 15 5 16 74% 707 1743 293 140%
c x 10.74 58 24 31 97 20168 1 640233 20789 1.9 29 15 5 16 74% 823 1351 293 140%
c t 10.74 58 24 31 97 20168 1 640233 20789 1.9 29 15 5 16 74% 781 1351 293 140%
c u 10.77 58 24 31 97 20168 1 640233 20501 1.9 29 15 5 16 74% 791 1351 293 140%
c v 10.80 58 24 31 97 20168 1 640233 20360 1.9 29 15 5 16 74% 792 1351 293 140%
c
c seconds   switched     rate          size/glue  tier1    binary      remaining
c        MB   reductions   conflicts         size   tier2    irredundant
c         level    restarts       redundant     glue    trail      variables
c
c w 10.82 58 24 31 97 20168 1 640233 19980 1.9 29 15 5 16 74% 792 1351 293 140%
c x 10.83 58 24 31 97 20168 1 640233 19980 1.9 29 15 5 16 74% 794 1342 293 140%
c t 10.83 58 24 31 97 20168 1 640233 19980 1.9 29 15 5 16 74% 784 1342 293 140%
c - 10.88 58 24 31 98 20170 1 642665 17947 1.9 29 15 5 16 74% 639 1342 293 140%
c i 10.97 58 24 31 98 20174 1 648052 22398 1.9 29 15 5 16 74% 642 1342 258 123%
c i 11.03 58 23 31 98 20174 1 651631 25318 1.9 28 15 5 16 74% 648 1342 212 101%
c i 11.03 58 23 31 98 20174 1 651672 25344 1.9 28 15 5 16 74% 651 1342 206 98%
c i 11.03 58 23 31 98 20174 1 651676 25343 1.9 28 15 5 16 74% 653 1342 197 94%
c i 11.03 58 23 31 98 20174 1 651680 25345 1.9 28 15 5 16 74% 653 1342 122 58%
c i 11.03 58 23 31 98 20174 1 651684 25346 1.9 28 15 5 16 74% 654 1342 90 43%
c ] 11.03 58 23 31 98 20174 1 651686 25346 1.9 28 15 5 16 74% 654 1342 60 29%
c 0 11.03 58 15 31 98 20174 2 651686 25346 1.9 18 9 4 9 72% 654 1342 60 29%
c
c ---- [ result ] ------------------------------------------------------------
c
s UNSATISFIABLE
c
c ---- [ profiling ] ---------------------------------------------------------
c
c           9.54   86.45 %  search
c           5.01   45.40 %  focused
c           4.53   41.05 %  stable
c           1.45   13.17 %  probe
c           1.40   12.66 %  simplify
c           1.02    9.28 %  vivify
c           0.29    2.65 %  sweep
c           0.18    1.60 %  reduce
c           0.09    0.86 %  preprocess
c           0.09    0.85 %  factor
c           0.03    0.31 %  substitute
c           0.02    0.20 %  eliminate
c           0.02    0.15 %  walking
c           0.00    0.03 %  congruence
c           0.00    0.03 %  transitive
c           0.00    0.03 %  subsume
c           0.00    0.02 %  parse
c           0.00    0.01 %  backbone
c           0.00    0.00 %  lucky
c =============================================
c          11.03  100.00 %  total
c
c ---- [ statistics ] --------------------------------------------------------
c
c conflicts:                           651686            59060.41 per second
c decisions:                          1197560                1.84 per conflict
c eliminated:                             531              253 %  variables
c factored:                               637              303 %  variables
c iterations:                              16                8 %  variables
c propagations:                      32777650          2970543    per second
c reductions:                              98             6650    interval
c reordered:                               11            59244    interval
c rephased:                                20            32584    interval
c restarts:                             20174               32    interval
c strengthened:                           181                0 %  checks
c subsumed:                               280                0 %  checks
c switched:                                31            21022    interval
c vivified:                             31122               49 %  checks
c walks:                                    7            93098    interval
c
c ---- [ glue usage ] --------------------------------------------------------
c
c focused glue 4   used 275898 clauses 15.81% accumulated 62.98% tier1
c focused glue 5   used 173788 clauses  9.96% accumulated 72.94%
c focused glue 6-7 used 209677 clauses 12.02% accumulated 84.96%
c focused glue 8   used  67967 clauses  3.90% accumulated 88.86%
c focused glue 9   used  51266 clauses  2.94% accumulated 91.79% tier2
c
c stable glue 5    used 149040 clauses  8.05% accumulated 54.63% tier1
c stable glue 6    used 117247 clauses  6.33% accumulated 60.96%
c stable glue 7-14 used 495950 clauses 26.78% accumulated 87.74%
c stable glue 15   used  30739 clauses  1.66% accumulated 89.40%
c stable glue 16   used  27934 clauses  1.51% accumulated 90.91% tier2
c
c ---- [ resources ] ---------------------------------------------------------
c
c maximum-resident-set-size:      62511906816 bytes      59616 MB
c process-time:                            11s              11.03 seconds
c
c ---- [ shutting down ] -----------------------------------------------------
c
c exit 20
