c ---- [ banner ] ------------------------------------------------------------
c
c Kissat SAT Solver
c 
c Copyright (c) 2021-2024 Armin Biere University of Freiburg
c Copyright (c) 2019-2021 Armin Biere Johannes Kepler University Linz
c 
c Version 4.0.4 8af8e56f174b778aef3aa45af9f739b2a5f492c2
c gcc (Ubuntu 13.3.0-6ubuntu2~24.04.1) 13.3.0 -W -Wall -O3 -DNDEBUG
c Wed Apr 15 20:10:47 EEST 2026 Linux cluster-4 6.17.0-14-generic x86_64
c
c ---- [ parsing ] -----------------------------------------------------------
c
c opened and reading DIMACS file:
c
c   tmp.cnf
c
c parsed 'p cnf 276 1020096' header
c closing input after reading 29416210 bytes (28 MB)
c finished parsing after 0.21 seconds
c
c ---- [ solving ] -----------------------------------------------------------
c
c seconds switched rate     size/glue tier1 binary         remaining
c        MB reductions conflicts size  tier2    irredundant
c         level restarts redundant glue  trail         variables
c
c *  0.21 64 0 0 0  0 0   0   0 0.0 0 0 0 0 0%   0 1020096 276 100%
c (  0.26 91 0 0 0  0 0   0   0 0.0 0 0 0 0 0%   0 1020096 276 100%
c .  0.26 91 0 0 0  0 0   0   0 0.0 0 0 0 0 0%   0 1020096 276 100%
c f  3.37 70 0 0 0  0 0   0   0 0.0 0 0 0 0 0%   6 971646 277 100%
c )  3.39 80 0 0 0  0 0   0   0 0.0 0 0 0 0 0%   6 971646 277 100%
c {  3.42 89 0 0 0  0 0   0   0 0.0 0 0 2 6 0%   6 971646 277 100%
c -  3.71 98 18 0 1  3 2 1001 667 1.7 13 8 5 11 65%   6 971646 277 100%
c }  3.71 98 18 1 1  3 2 1001 667 1.7 13 8 5 11 65%   6 971646 277 100%
c [  3.71 98 0 1 1  3 0 1001 667 0.0 0 0 2 6 0%   6 971646 277 100%
c B  3.71 98 0 1 1  3 0 1001 667 0.0 0 0 2 6 0%   6 971646 277 100%
c ]  4.03 102 36 2 1  3 2 1967 1527 2.3 36 16 8 25 67%   6 971646 277 100%
c {  4.03 102 18 2 1  3 2 1967 1527 1.7 13 8 5 11 65%   6 971646 277 100%
c -  4.05 103 19 2 2 22 3 2002 1489 1.7 13 8 5 11 65%   6 971646 277 100%
c u  4.87 108 25 2 2 267 4 2942 2294 1.8 17 10 6 18 65%   6 971646 277 100%
c v  4.95 108 25 2 2 267 4 2942 2291 1.8 17 10 6 18 65%   6 971646 277 100%
c w  5.00 108 25 2 2 267 4 2942 2290 1.8 17 10 6 18 65%   6 971646 277 100%
c x  5.08 109 25 2 2 267 4 2942 2290 1.8 17 10 6 18 65%   6 971316 277 100%
c }  5.22 109 25 3 2 275 4 2967 2312 1.8 17 10 6 18 65%   6 971316 277 100%
c [  5.22 109 36 3 2 275 2 2967 2312 2.3 36 16 8 25 67%   6 971316 277 100%
c W  5.32 107 36 3 2 275 2 2967 2312 2.3 36 16 8 25 67%   6 971316 277 100%
c
c seconds   switched  rate       size/glue  tier1    binary        remaining
c         MB reductions conflicts      size   tier2     irredundant
c          level restarts   redundant     glue    trail        variables
c
c -  5.51 111 36 3 3 275 2 3416 2530 2.1 34 16 9 25 66%   6 971316 277 100%
c ]  6.03 113 41 4 3 276 2 4989 3877 1.7 33 20 11 29 63%   6 971316 277 100%
c {  6.03 113 25 4 3 276 4 4989 3877 1.8 17 10 6 18 65%   6 971316 277 100%
c -  6.11 114 24 4 4 287 4 5149 3525 1.8 18 10 6 18 65%   6 971316 277 100%
c -  6.47 115 20 4 5 387 3 7149 4532 1.8 18 10 6 14 62%   6 971316 277 100%
c }  6.49 115 20 5 5 388 3 7341 4667 1.8 18 10 6 14 62%   6 971316 277 100%
c [  6.49 115 41 5 5 388 2 7341 4667 1.7 33 20 11 29 63%   6 971316 277 100%
c I  6.49 115 41 5 5 388 2 7341 4667 1.7 33 20 11 29 63%   6 971316 277 100%
c ]  7.06 97 35 6 5 389 2 8935 5962 1.7 29 17 11 29 62%   6 971316 277 100%
c {  7.06 97 20 6 5 389 3 8935 5962 1.8 18 10 6 14 62%   6 971316 277 100%
c u  7.35 94 20 6 5 391 3 9055 6065 1.8 17 10 6 14 62%   6 971316 277 100%
c v  7.44 97 20 6 5 391 3 9055 6064 1.8 17 10 6 14 62%   6 971316 277 100%
c w  7.49 97 20 6 5 391 3 9055 6064 1.8 17 10 6 14 62%   6 971316 277 100%
c x  7.58 100 20 6 5 391 3 9055 6064 1.8 17 10 6 14 62%   7 970873 277 100%
c -  7.83 111 19 6 6 391 3 9385 5451 1.9 18 9 6 13 62%   7 970873 277 100%
c -  8.40 112 15 6 7 391 2 11834 6004 2.0 15 8 5 11 60%   7 970873 277 100%
c }  8.76 113 14 7 7 391 2 13004 6840 2.0 14 7 5 11 60%   8 970872 277 100%
c [  8.76 113 35 7 7 391 2 13004 6840 1.7 29 17 11 29 62%   8 970872 277 100%
c B  8.76 113 35 7 7 391 2 13004 6840 1.7 29 17 11 29 62%   8 970872 277 100%
c o  8.78 113 35 7 7 391 2 13004 6840 1.7 29 17 11 29 62%   8 970872 277 100%
c
c seconds   switched  rate        size/glue  tier1     binary        remaining
c         MB reductions conflicts       size    tier2     irredundant
c          level restarts    redundant     glue     trail        variables
c
c -  9.22 116 47 7 8 392 2 14479 6566 1.5 31 21 11 31 62%   8 970872 277 100%
c ^  9.72 116 46 7 8 392 2 14694 6744 1.5 31 21 11 31 62%   8 970872 277 100%
c ] 10.49 117 42 8 8 393 2 16841 8506 1.5 29 19 11 31 61%   8 970872 277 100%
c { 10.49 117 14 8 8 393 2 16841 8506 2.0 14 7 5 11 60%   8 970872 277 100%
c - 10.70 98 14 8 9 435 2 17308 7988 2.0 14 7 5 10 60%   8 970872 277 100%
c u 11.25 106 13 8 9 528 2 18547 8916 2.0 14 7 5 10 59%   8 970872 277 100%
c v 11.38 109 13 8 9 528 2 18547 8902 2.0 14 7 5 10 59%   8 970872 277 100%
c w 11.44 109 13 8 9 528 2 18547 8859 2.0 14 7 5 10 59%   8 970872 277 100%
c x 11.55 109 13 8 9 528 2 18547 8859 2.0 14 7 5 10 59%   9 970575 277 100%
c - 12.27 116 13 8 10 662 2 20309 9398 2.0 14 7 5 10 58%  11 970573 277 100%
c } 13.33 113 14 9 10 1061 2 23000 11537 2.0 15 7 5 10 59%  11 970573 277 100%
c [ 13.33 113 42 9 10 1061 2 23000 11537 1.5 29 19 11 31 61%  11 970573 277 100%
c W 13.44 115 42 9 10 1061 2 23000 11537 1.5 29 19 11 31 61%  11 970573 277 100%
c - 13.63 117 43 9 11 1061 2 23474 10387 1.5 30 20 10 28 62%  11 970573 277 100%
c o 13.77 118 44 9 11 1062 2 24090 10884 1.5 30 20 10 28 62%  11 970573 277 100%
c - 14.47 121 54 9 12 1063 2 26792 11261 1.4 34 24 12 37 62%  11 970573 277 100%
c s 15.58 123 53 9 12 1065 2 29389 13486 1.4 34 24 12 37 62%  11 970519 277 100%
c ^ 15.86 123 53 9 12 1065 2 29389 13486 1.4 34 24 12 37 62%  11 970519 277 100%
c ] 16.23 124 52 10 12 1066 2 29945 13968 1.4 33 24 12 37 62%  11 970519 277 100%
c { 16.23 124 14 10 12 1066 2 29945 13968 2.0 15 7 5 10 59%  11 970519 277 100%
c
c seconds    switched    rate         size/glue tier1    binary        remaining
c         MB   reductions  conflicts        size  tier2     irredundant
c          level    restarts     redundant    glue    trail        variables
c
c - 16.42 104 14 10 13 1078 2 30256 12324 2.0 15 7 5 10 58%  11 970519 277 100%
c u 17.14 118 13 10 13 1166 2 31623 13324 2.0 15 7 5 10 59%  14 970517 277 100%
c v 17.33 119 13 10 13 1166 2 31623 13287 2.0 15 7 5 10 59%  14 970517 277 100%
c w 17.41 119 13 10 13 1166 2 31623 13281 2.0 15 7 5 10 59%  14 970517 277 100%
c x 17.56 120 13 10 13 1166 2 31623 13281 2.0 15 7 5 10 59%  15 970024 277 100%
c - 18.76 109 14 10 14 1497 2 33861 13364 2.0 15 7 5 10 59%  15 970024 277 100%
c - 20.22 125 14 10 15 1902 2 37602 14179 1.9 15 8 5 10 59%  17 970023 277 100%
c } 20.51 107 14 11 15 1936 2 38573 14853 1.9 15 8 5 10 59%  17 970023 277 100%
c [ 20.51 107 52 11 15 1936 2 38573 14853 1.4 33 24 12 37 62%  17 970023 277 100%
c O 20.51 107 52 11 15 1936 2 38573 14853 1.4 33 24 12 37 62%  17 970023 277 100%
c - 21.55 121 52 11 16 1938 2 41476 15309 1.4 33 23 12 35 63%  17 970023 277 100%
c o 23.26 108 51 11 16 1941 2 44983 18318 1.5 33 23 12 35 63%  17 970023 277 100%
c - 23.48 114 52 11 17 1941 2 45479 16620 1.4 33 23 12 34 63%  17 970023 277 100%
c ] 23.97 117 55 12 17 1941 2 46811 17801 1.4 34 24 12 34 63%  17 970023 277 100%
c { 23.97 117 14 12 17 1941 2 46811 17801 1.9 15 8 5 10 59%  17 970023 277 100%
c u 25.18 109 14 12 17 2073 2 48460 19177 2.0 15 8 5 10 59%  17 970023 277 100%
c v 25.43 114 14 12 17 2073 2 48460 19149 2.0 15 8 5 10 59%  17 970023 277 100%
c w 25.54 115 14 12 17 2073 2 48460 19140 2.0 15 8 5 10 59%  17 970023 277 100%
c x 25.72 115 14 12 17 2073 2 48460 19140 2.0 15 8 5 10 59%  20 969038 277 100%
c - 26.36 123 14 12 18 2127 2 49602 17632 2.0 15 8 5 10 59%  20 969038 277 100%
c
c seconds    switched    rate         size/glue tier1    binary        remaining
c         MB   reductions  conflicts        size  tier2     irredundant
c          level    restarts     redundant    glue    trail        variables
c
c - 28.10 120 14 12 19 2347 2 53845 18536 2.0 15 8 5 10 59%  21 969037 277 100%
c - 29.97 110 14 12 20 2608 2 58204 19865 2.0 15 7 5 10 59%  22 969036 277 100%
c } 30.00 110 14 13 20 2608 2 58290 19933 2.0 15 7 5 10 59%  22 969036 277 100%
c [ 30.00 110 55 13 20 2608 2 58290 19933 1.4 34 24 12 34 63%  22 969036 277 100%
c B 30.00 110 55 13 20 2608 2 58290 19933 1.4 34 24 12 34 63%  22 969036 277 100%
c s 31.45 121 52 13 20 2610 2 61242 22553 1.5 33 23 12 34 64%  22 968674 277 100%
c ^ 31.94 124 52 13 20 2610 2 61242 22553 1.5 33 23 12 34 64%  22 968674 277 100%
c - 32.52 125 51 13 21 2611 2 62677 21818 1.5 33 23 11 33 64%  22 968674 277 100%
c - 33.70 117 47 13 22 2614 2 67259 23608 1.5 32 21 11 31 63%  22 968674 277 100%
c u 34.84 123 46 13 22 2614 2 69172 25181 1.5 31 21 11 31 63%  23 968674 277 100%
c v 35.20 123 46 13 22 2614 2 69172 25094 1.5 31 21 11 31 63%  23 968674 277 100%
c w 35.32 123 46 13 22 2614 2 69172 24946 1.5 31 21 11 31 63%  23 968674 277 100%
c x 35.60 124 46 13 22 2614 2 69172 24946 1.5 31 21 11 31 63%  32 967731 277 100%
c W 36.31 116 45 13 22 2614 2 70513 26087 1.5 31 21 11 31 63%  32 967731 277 100%
c - 36.58 117 44 13 23 2616 2 71950 24766 1.5 31 20 10 29 62%  32 967731 277 100%
c ] 36.66 117 44 14 23 2616 2 72244 25003 1.5 31 20 10 29 62%  32 967731 277 100%
c { 36.66 117 14 14 23 2616 2 72244 25003 2.0 15 7 5 10 59%  32 967731 277 100%
c o 37.98 124 14 14 23 2900 2 75443 27567 2.0 15 8 5 10 60%  32 967731 277 100%
c - 38.63 117 14 14 24 3019 2 76746 25761 2.0 15 8 5 10 60%  33 967730 277 100%
c - 40.44 113 14 14 25 3325 2 81644 26503 2.1 15 8 5 10 60%  33 967730 277 100%
c
c seconds    switched    rate         size/glue tier1    binary        remaining
c         MB   reductions  conflicts        size  tier2     irredundant
c          level    restarts     redundant    glue    trail        variables
c
c - 41.84 115 14 14 26 3886 2 86644 27683 2.0 15 8 5 10 59%  33 967730 277 100%
c } 41.90 115 14 15 26 3903 2 86959 27914 2.0 15 8 5 10 59%  33 967730 277 100%
c [ 41.90 115 44 15 26 3903 2 86959 27914 1.5 31 20 10 29 62%  33 967730 277 100%
c I 41.90 115 44 15 26 3903 2 86959 27914 1.5 31 20 10 29 62%  33 967730 277 100%
c - 44.14 119 42 15 27 3906 2 91743 29612 1.5 30 19 10 28 62%  34 967729 277 100%
c u 45.60 124 41 15 27 3908 2 93909 31353 1.6 30 19 10 28 62%  35 967729 277 100%
c v 45.98 125 41 15 27 3908 2 93909 31244 1.6 30 19 10 28 62%  35 967729 277 100%
c w 46.10 125 41 15 27 3908 2 93909 30995 1.6 30 19 10 28 62%  35 967729 277 100%
c x 46.34 126 41 15 27 3908 2 93909 30995 1.6 30 19 10 28 62%  53 966732 277 100%
c - 47.79 119 39 15 28 3909 2 96939 31140 1.6 29 19 9 27 62%  53 966732 277 100%
c ] 48.44 121 38 16 28 3909 2 99358 33148 1.6 29 18 9 27 62%  53 966732 277 100%
c { 48.44 121 14 16 28 3909 2 99358 33148 2.0 15 8 5 10 59%  53 966732 277 100%
c - 49.57 115 14 16 29 4084 2 102230 32782 2.0 15 8 5 10 59%  53 966732 277 100%
c - 51.79 124 14 16 30 4381 2 107616 33925 2.0 15 8 5 10 60%  54 966732 277 100%
c s 54.49 109 14 16 30 4834 2 112533 37734 2.0 15 8 5 10 60%  54 965672 277 100%
c ^ 55.19 121 14 16 30 4834 2 112533 37734 2.0 15 8 5 10 60%  54 965672 277 100%
c - 55.45 123 14 16 31 4899 2 113095 35125 2.0 15 8 5 10 60%  54 965672 277 100%
c } 56.85 125 14 17 31 5132 2 117695 38564 2.0 15 8 5 10 60%  54 965672 277 100%
c [ 56.85 125 38 17 31 5132 2 117695 38564 1.6 29 18 9 27 62%  54 965672 277 100%
c B 56.85 125 38 17 31 5132 2 117695 38564 1.6 29 18 9 27 62%  54 965672 277 100%
c
c seconds    switched    rate          size/glue  tier1    binary        remaining
c         MB   reductions  conflicts         size   tier2     irredundant
c          level    restarts      redundant     glue    trail        variables
c
c o 56.87 125 38 17 31 5132 2 117695 38564 1.6 29 18 9 27 62%  54 965672 277 100%
c - 57.33 126 39 17 32 5132 2 118665 36483 1.6 29 18 9 26 62%  54 965672 277 100%
c u 59.37 123 39 17 32 5135 2 122814 40071 1.6 29 18 9 26 62%  55 965672 277 100%
c v 59.78 125 39 17 32 5135 2 122814 39969 1.6 29 18 9 26 62%  55 965672 277 100%
c w 59.92 126 39 17 32 5135 2 122814 39924 1.6 29 18 9 26 62%  55 965672 277 100%
c x 60.27 112 39 17 32 5135 2 122814 39924 1.6 29 18 9 26 62% 153 965276 277 100%
c i 61.03 121 39 17 32 5137 2 124171 41048 1.6 29 18 9 26 62% 156 965274 276 100%
c - 61.10 122 39 17 33 5137 2 124322 34127 1.6 29 18 9 26 62% 155 965274 276 100%
c - 63.62 121 38 17 34 5138 2 130067 36157 1.6 29 18 9 25 62% 155 965274 276 100%
c ] 65.79 115 37 18 34 5142 2 135071 40237 1.6 28 18 9 25 62% 155 965274 276 100%
c { 65.79 115 14 18 34 5142 2 135071 40237 2.0 15 8 5 10 60% 155 965274 276 100%
c - 66.48 123 14 18 35 5364 2 135897 39322 2.0 15 8 5 10 60% 155 965274 276 100%
c - 73.23 122 16 18 36 6939 3 141813 41212 1.9 16 8 5 11 60% 155 965274 276 100%
c - 80.76 124 19 18 37 8554 3 147814 42377 1.8 17 9 5 11 61% 155 965274 276 100%
c - 87.77 122 21 18 38 10089 4 153896 43119 1.8 17 10 5 12 61% 156 965273 276 100%
c u 91.25 119 21 18 38 10494 4 155967 44884 1.8 17 10 5 12 61% 156 950678 276 100%
c v 92.13 123 21 18 38 10494 4 155967 44876 1.8 17 10 5 12 61% 156 950678 276 100%
c w 92.43 124 21 18 38 10494 4 155967 44875 1.8 17 10 5 12 61% 156 950678 276 100%
c x 93.12 125 21 18 38 10494 4 155967 44875 1.8 17 10 5 12 61% 156 950475 276 100%
c } 95.47 122 22 19 38 10782 4 157416 46121 1.8 18 10 5 12 61% 156 950475 276 100%
c
c seconds    switched     rate          size/glue  tier1    binary        remaining
c         MB   reductions   conflicts         size   tier2     irredundant
c          level    restarts       redundant     glue    trail        variables
c
c [ 95.47 122 37 19 38 10782 2 157416 46121 1.6 28 18 9 25 62% 156 950475 276 100%
c W 95.70 116 37 19 38 10782 2 157416 46121 1.6 28 18 9 25 62% 156 950475 276 100%
c - 96.47 121 36 19 39 10784 2 160061 44011 1.6 28 18 9 25 62% 156 950475 276 100%
c - 97.47 124 35 19 40 10788 2 166306 44905 1.6 28 17 9 24 62% 156 950475 276 100%
c - 98.60 126 35 19 41 10791 2 172630 44653 1.6 28 18 9 24 61% 158 950473 276 100%
c - 100.02 111 35 19 42 10795 2 179033 43889 1.6 29 18 9 25 61% 158 950473 276 100%
c O 100.57 116 35 19 42 10795 2 181641 45928 1.6 29 18 9 25 61% 158 950473 276 100%
c o 100.59 116 35 19 42 10795 2 181641 45928 1.6 29 18 9 25 61% 158 950473 276 100%
c s 102.67 124 38 19 42 10796 2 185388 49207 1.6 30 19 9 25 61% 158 943833 276 100%
c s 103.78 128 38 19 42 10796 2 185388 49207 1.6 30 19 9 25 61% 158 943796 276 100%
c ^ 103.82 128 38 19 42 10796 2 185388 49207 1.6 30 19 9 25 61% 158 943796 276 100%
c - 103.94 108 38 19 43 10796 2 185513 43955 1.6 30 19 9 26 61% 158 943796 276 100%
c - 105.94 121 39 19 44 10797 2 192070 44175 1.6 31 20 9 26 62% 158 943796 276 100%
c u 106.92 126 39 19 44 10799 2 193419 45336 1.6 31 20 9 26 62% 158 943796 276 100%
c v 107.31 128 39 19 44 10799 2 193419 45312 1.6 31 20 9 26 62% 158 943796 276 100%
c w 107.45 128 39 19 44 10799 2 193419 45283 1.6 31 20 9 26 62% 158 943796 276 100%
c x 107.79 112 39 19 44 10799 2 193419 45283 1.6 31 20 9 26 62% 160 943746 276 100%
c - 110.14 126 38 19 45 10802 2 198705 44561 1.6 31 20 9 26 62% 160 943746 276 100%
c - 113.13 124 38 19 46 10805 2 205413 44847 1.6 31 20 9 26 63% 160 943746 276 100%
c B 114.78 114 38 19 46 10808 2 209381 48120 1.6 31 20 9 26 63% 160 943746 276 100%
c
c seconds     switched     rate          size/glue  tier1    binary        remaining
c          MB   reductions   conflicts         size   tier2     irredundant
c           level    restarts       redundant     glue    trail        variables
c
c - 115.71 124 38 19 47 10810 2 212195 45240 1.6 31 20 9 26 63% 160 943746 276 100%
c - 117.65 119 37 19 48 10811 2 219050 46429 1.6 31 19 9 26 63% 160 943746 276 100%
c - 118.98 122 36 19 49 10812 2 225978 46329 1.6 31 19 9 26 62% 161 943746 276 100%
c caught signal 15 (SIGTERM)
c
c ---- [ profiling ] ---------------------------------------------------------
c
c          97.31   81.12 %  search
c          51.49   42.92 %  focused
c          45.82   38.19 %  stable
c          19.23   16.03 %  simplify
c          16.57   13.82 %  probe
c          10.12    8.44 %  vivify
c           5.33    4.44 %  eliminate
c           4.72    3.93 %  subsume
c           4.62    3.85 %  factor
c           3.13    2.61 %  preprocess
c           1.26    1.05 %  substitute
c           0.46    0.38 %  walking
c           0.34    0.28 %  congruence
c           0.28    0.23 %  reduce
c           0.21    0.18 %  parse
c           0.19    0.15 %  sweep
c           0.08    0.07 %  lucky
c           0.04    0.03 %  transitive
c           0.00    0.00 %  backbone
c =============================================
c         119.96  100.00 %  total
c
c ---- [ statistics ] --------------------------------------------------------
c
c conflicts:                           230788             1923.79 per second
c decisions:                           565456                2.45 per conflict
c factored:                                 1                0 %  variables
c iterations:                               1                0 %  variables
c propagations:                       6346136            52900    per second
c reductions:                              49             4710    interval
c reordered:                                6            38465    interval
c rephased:                                13            17753    interval
c restarts:                             10812               21    interval
c subsumed:                              8153                0 %  checks
c switched:                                19            12147    interval
c vivified:                              7382               79 %  checks
c walks:                                    4            57697    interval
c
c ---- [ glue usage ] --------------------------------------------------------
c
c focused glue 5    used 21526 clauses 15.50% accumulated 56.58% tier1
c focused glue 6    used 15987 clauses 11.51% accumulated 68.09%
c focused glue 7-11 used 27739 clauses 19.98% accumulated 88.07%
c focused glue 12   used  2083 clauses  1.50% accumulated 89.57%
c focused glue 13   used  1628 clauses  1.17% accumulated 90.75% tier2
c
c stable glue 9     used  19217 clauses  4.84% accumulated 53.97% tier1
c stable glue 10    used  17402 clauses  4.38% accumulated 58.35%
c stable glue 11-24 used 121282 clauses 30.52% accumulated 88.87%
c stable glue 25    used   4066 clauses  1.02% accumulated 89.89%
c stable glue 26    used   3441 clauses  0.87% accumulated 90.76% tier2
c
c ---- [ resources ] ---------------------------------------------------------
c
c maximum-resident-set-size:        133447680 bytes        127 MB
c process-time:                             2m             119.96 seconds
c raising signal 15 (SIGTERM)
