c ---- [ banner ] ------------------------------------------------------------
c
c Kissat SAT Solver
c 
c Copyright (c) 2021-2024 Armin Biere University of Freiburg
c Copyright (c) 2019-2021 Armin Biere Johannes Kepler University Linz
c 
c Version 4.0.4 8af8e56f174b778aef3aa45af9f739b2a5f492c2
c gcc (Ubuntu 13.3.0-6ubuntu2~24.04.1) 13.3.0 -W -Wall -O3 -DNDEBUG
c Wed Apr 15 20:10:47 EEST 2026 Linux cluster-4 6.17.0-14-generic x86_64
c
c ---- [ parsing ] -----------------------------------------------------------
c
c opened and reading DIMACS file:
c
c   tmp.cnf
c
c parsed 'p cnf 231 579348' header
c closing input after reading 16063079 bytes (15 MB)
c finished parsing after 0.14 seconds
c
c ---- [ solving ] -----------------------------------------------------------
c
c seconds switched rate     size/glue tier1 binary        remaining
c        MB reductions conflicts size  tier2   irredundant
c         level restarts redundant glue  trail        variables
c
c *  0.14 43 0 0 0  0 0   0   0 0.0 0 0 0 0 0%   0 579348 231 100%
c (  0.16 52 0 0 0  0 0   0   0 0.0 0 0 0 0 0%   0 579348 231 100%
c .  0.16 52 0 0 0  0 0   0   0 0.0 0 0 0 0 0%   0 579348 231 100%
c f  2.75 39 0 0 0  0 0   0   0 0.0 0 0 0 0 0%  20 527478 232 100%
c )  2.76 46 0 0 0  0 0   0   0 0.0 0 0 0 0 0%  20 527478 232 100%
c {  2.78 52 0 0 0  0 0   0   0 0.0 0 0 2 6 0%  20 527478 232 100%
c -  2.95 59 15 0 1 54 2 1000 674 1.7 11 7 5 10 60%  22 527477 232 100%
c }  2.95 59 15 1 1 54 2 1000 674 1.7 11 7 5 10 60%  22 527477 232 100%
c [  2.95 59 0 1 1 54 0 1000 674 0.0 0 0 2 6 0%  22 527477 232 100%
c B  2.95 59 17 1 1 54 7 1001 675 4.1 37 9 2 6 63%  22 527477 232 100%
c -  3.01 60 28 1 2 54 2 2000 1457 1.7 23 14 8 21 62%  22 527477 232 100%
c W  3.06 59 27 1 2 54 2 2003 1460 1.7 23 14 8 21 62%  22 527477 232 100%
c u  3.17 60 23 1 2 55 2 2735 2060 1.6 20 12 7 17 60%  24 527477 232 100%
c v  3.19 60 23 1 2 55 2 2735 2055 1.6 20 12 7 17 60%  24 527477 232 100%
c w  3.21 60 23 1 2 55 2 2735 2054 1.6 20 12 7 17 60%  24 527477 232 100%
c x  3.24 61 23 1 2 55 2 2735 2054 1.6 20 12 7 17 60%  25 527421 232 100%
c ]  3.35 61 22 2 2 56 2 3215 2388 1.6 20 12 7 17 59%  25 527421 232 100%
c {  3.35 61 15 2 2 56 2 3215 2388 1.7 11 7 5 10 60%  25 527421 232 100%
c -  3.41 62 17 2 3 127 3 3415 2330 1.6 13 8 5 13 60%  25 527421 232 100%
c }  3.96 62 24 3 3 392 5 4216 3032 1.6 15 10 5 13 63%  25 527421 232 100%
c
c seconds  switched  rate       size/glue  tier1    binary        remaining
c        MB reductions conflicts      size   tier2     irredundant
c         level restarts   redundant     glue    trail        variables
c
c [  3.96 62 22 3 3 392 2 4216 3032 1.6 20 12 7 17 59%  25 527421 232 100%
c I  3.97 62 22 3 3 392 2 4262 3075 1.6 20 12 7 17 59%  25 527421 232 100%
c -  4.18 63 23 3 4 392 2 5147 3343 1.6 20 12 7 16 61%  25 527421 232 100%
c ]  4.47 65 29 4 4 394 2 7110 4964 1.5 24 16 7 16 62%  25 527421 232 100%
c {  4.47 65 24 4 4 394 5 7110 4964 1.6 15 10 5 13 63%  25 527421 232 100%
c -  4.51 54 24 4 5 408 5 7147 3788 1.6 15 10 5 17 63%  25 527421 232 100%
c u  4.94 52 22 4 5 464 4 8424 4904 2.0 18 9 5 17 64%  25 527421 232 100%
c v  4.99 53 22 4 5 464 4 8424 4886 2.0 18 9 5 17 64%  25 527421 232 100%
c w  5.02 54 22 4 5 464 4 8424 4881 2.0 18 9 5 17 64%  25 527421 232 100%
c x  5.08 55 22 4 5 464 4 8424 4881 2.0 18 9 5 17 64%  30 527179 232 100%
c -  5.34 62 21 4 6 510 3 9383 4907 2.0 18 9 6 14 64%  30 527179 232 100%
c }  5.37 62 21 5 6 517 3 9462 4984 2.0 18 9 6 14 64%  30 527179 232 100%
c [  5.37 62 29 5 6 517 2 9462 4984 1.5 24 16 7 16 62%  30 527179 232 100%
c B  5.37 62 29 5 6 517 2 9462 4984 1.5 24 16 7 16 62%  30 527179 232 100%
c ]  5.85 58 32 6 6 519 2 11679 6843 1.5 26 18 8 28 63%  30 527179 232 100%
c {  5.85 58 21 6 6 519 3 11679 6843 2.0 18 9 6 14 64%  30 527179 232 100%
c -  5.90 60 21 6 7 520 3 11832 6161 2.0 18 9 6 14 64%  30 527179 232 100%
c s  6.32 64 16 6 7 520 3 13673 7793 2.5 18 7 6 14 64%  31 526808 232 100%
c ^  6.48 66 16 6 7 520 3 13673 7793 2.5 18 7 6 14 64%  31 526808 232 100%
c o  6.50 66 16 6 7 520 3 13673 7793 2.5 18 7 6 14 64%  31 526808 232 100%
c
c seconds  switched  rate        size/glue tier1    binary        remaining
c        MB reductions conflicts       size  tier2     irredundant
c         level restarts    redundant    glue    trail        variables
c
c -  6.70 60 15 6 8 520 3 14478 6912 2.6 18 7 4 11 64%  33 526807 232 100%
c }  6.97 62 14 7 8 520 2 15748 8134 2.8 18 7 4 11 64%  33 526807 232 100%
c [  6.97 62 32 7 8 520 2 15748 8134 1.5 26 18 8 28 63%  33 526807 232 100%
c W  7.03 56 32 7 8 520 2 15748 8134 1.5 26 18 8 28 63%  33 526807 232 100%
c u  7.44 59 33 7 8 521 2 17257 9378 1.4 26 18 8 28 63%  33 526807 232 100%
c v  7.51 60 33 7 8 521 2 17257 9333 1.4 26 18 8 28 63%  33 526807 232 100%
c w  7.54 60 33 7 8 521 2 17257 9308 1.4 26 18 8 28 63%  33 526807 232 100%
c x  7.60 61 33 7 8 521 2 17257 9308 1.4 26 18 8 28 63%  41 526481 232 100%
c -  7.71 62 33 7 9 521 2 17306 7822 1.4 26 18 10 29 63%  41 526481 232 100%
c ]  8.17 63 34 8 9 523 2 20042 10094 1.5 27 18 10 29 63%  41 526481 232 100%
c {  8.17 63 14 8 9 523 2 20042 10094 2.8 18 7 4 11 64%  41 526481 232 100%
c -  8.27 55 14 8 10 580 2 20307 9171 2.8 18 7 4 10 64%  41 526481 232 100%
c -  8.88 52 14 8 11 907 2 23469 9996 2.5 17 7 4 10 63%  43 526481 232 100%
c i  9.31 61 13 8 11 1032 2 25390 11400 2.3 16 7 4 10 62%  58 526476 231 100%
c o  9.32 61 13 8 11 1032 2 25390 11400 2.3 16 7 4 10 62%  58 526476 231 100%
c }  9.50 62 13 9 11 1136 2 26201 12054 2.3 16 7 4 10 62%  58 526476 231 100%
c [  9.50 62 34 9 11 1136 2 26201 12054 1.5 27 18 10 29 63%  58 526476 231 100%
c O  9.50 62 34 9 11 1136 2 26201 12054 1.5 27 18 10 29 63%  58 526476 231 100%
c -  9.69 51 34 9 12 1136 2 26785 7649 1.5 27 19 10 29 63%  41 526476 231 100%
c s 10.00 57 35 9 12 1137 2 27348 8127 1.4 27 19 10 29 63%  41 519095 231 100%
c
c seconds  switched    rate        size/glue  tier1     binary        remaining
c        MB  reductions  conflicts       size    tier2     irredundant
c         level   restarts    redundant     glue     trail        variables
c
c ^ 10.17 63 35 9 12 1137 2 27348 8127 1.4 27 19 10 29 63%  41 519095 231 100%
c u 10.70 60 37 9 12 1138 2 29430 9932 1.4 28 20 10 29 63%  41 519095 231 100%
c v 10.80 62 37 9 12 1138 2 29430 9911 1.4 28 20 10 29 63%  41 519095 231 100%
c w 10.84 62 37 9 12 1138 2 29430 9858 1.4 28 20 10 29 63%  41 519095 231 100%
c x 10.91 63 37 9 12 1138 2 29430 9858 1.4 28 20 10 29 63%  54 518555 231 100%
c - 11.19 64 37 9 13 1138 2 30250 9191 1.4 28 19 10 30 63%  54 518555 231 100%
c ] 11.60 60 36 10 13 1140 2 32507 11018 1.4 28 19 10 30 62%  54 518555 231 100%
c { 11.60 60 13 10 13 1140 2 32507 11018 2.3 16 7 4 10 62%  54 518555 231 100%
c - 11.85 54 13 10 14 1345 2 33856 11581 2.3 15 7 5 9 62%  55 518554 231 100%
c - 12.83 51 13 10 15 1746 2 37598 13238 2.2 15 7 5 9 61%  57 518552 231 100%
c } 13.76 58 13 11 15 2021 2 41135 15818 2.1 15 7 5 9 61%  63 518549 231 100%
c [ 13.76 58 36 11 15 2021 2 41135 15818 1.4 28 19 10 30 62%  63 518549 231 100%
c B 13.76 58 36 11 15 2021 2 41135 15818 1.4 28 19 10 30 62%  63 518549 231 100%
c - 13.87 62 36 11 16 2021 2 41473 14297 1.4 28 19 10 29 62%  63 518549 231 100%
c u 14.63 58 35 11 16 2023 2 45076 17176 1.5 27 19 10 29 62%  63 518549 231 100%
c v 14.73 60 35 11 16 2023 2 45076 17157 1.5 27 19 10 29 62%  63 518549 231 100%
c w 14.78 61 35 11 16 2023 2 45076 17093 1.5 27 19 10 29 62%  63 518549 231 100%
c x 14.89 62 35 11 16 2023 2 45076 17093 1.5 27 19 10 29 62%  68 518287 231 100%
c - 15.08 65 34 11 17 2024 2 45474 15609 1.5 27 18 9 28 62%  68 518287 231 100%
c - 15.72 56 33 11 18 2027 2 49597 17129 1.5 26 18 9 27 61%  69 518287 231 100%
c
c seconds   switched    rate         size/glue  tier1    binary        remaining
c        MB   reductions  conflicts        size   tier2     irredundant
c         level    restarts     redundant     glue    trail        variables
c
c W 16.26 60 33 11 18 2027 2 53357 20186 1.5 27 18 9 27 62%  69 518287 231 100%
c o 16.28 60 33 11 18 2027 2 53357 20186 1.5 27 18 9 27 62%  69 518287 231 100%
c - 16.34 61 34 11 19 2028 2 53839 17978 1.5 27 18 9 27 62%  69 518287 231 100%
c ] 16.36 61 34 12 19 2028 2 53989 18114 1.5 27 18 9 27 62%  69 518287 231 100%
c { 16.36 61 13 12 19 2028 2 53989 18114 2.1 15 7 5 9 61%  69 518287 231 100%
c s 17.25 63 13 12 19 2220 2 56944 20400 2.1 14 7 5 9 61%  72 517610 231 100%
c ^ 17.51 65 13 12 19 2220 2 56944 20400 2.1 14 7 5 9 61%  72 517610 231 100%
c - 17.87 64 13 12 20 2310 2 58198 18851 2.1 14 7 5 9 61%  73 517610 231 100%
c - 18.99 63 13 12 21 2718 2 62672 19826 2.0 14 7 5 9 61%  76 517609 231 100%
c u 19.61 64 13 12 21 2808 2 64324 21170 2.0 14 7 5 9 61%  78 517609 231 100%
c v 19.77 65 13 12 21 2808 2 64324 21136 2.0 14 7 5 9 61%  78 517609 231 100%
c w 19.83 65 13 12 21 2808 2 64324 21133 2.0 14 7 5 9 61%  78 517609 231 100%
c x 19.94 65 13 12 21 2808 2 64324 21133 2.0 14 7 5 9 61%  79 517504 231 100%
c } 20.31 61 13 13 21 2827 2 65468 22004 2.0 14 7 5 9 61%  81 517503 231 100%
c [ 20.31 61 34 13 21 2827 2 65468 22004 1.5 27 18 9 27 62%  81 517503 231 100%
c - 20.60 63 33 13 22 2828 2 67257 21555 1.5 26 18 9 27 62%  82 517503 231 100%
c I 20.73 64 33 13 22 2829 2 68263 22367 1.5 26 18 9 27 62%  82 517503 231 100%
c i 21.27 65 31 13 22 2832 2 71846 25124 1.5 25 17 9 27 61%  86 517503 230 100%
c - 21.30 65 31 13 23 2832 2 71947 18309 1.5 25 17 8 25 61%  79 517503 230 100%
c - 22.31 62 33 13 24 2833 2 76743 20770 1.5 25 17 8 26 62%  79 517503 230 100%
c
c seconds   switched    rate         size/glue  tier1    binary        remaining
c        MB   reductions  conflicts        size   tier2     irredundant
c         level    restarts     redundant     glue    trail        variables
c
c ] 22.87 63 33 14 24 2835 2 79217 22951 1.5 25 17 8 26 62%  79 517503 230 100%
c { 22.87 63 13 14 24 2835 2 79217 22951 2.0 14 7 5 9 61%  79 517503 230 100%
c - 23.44 58 13 14 25 3010 2 81644 23701 2.0 14 7 5 9 61%  80 517503 230 100%
c i 23.96 61 13 14 25 3139 2 83552 25229 2.1 14 7 5 9 60%  94 517503 229 99%
c o 23.97 61 13 14 25 3139 2 83552 25229 2.1 14 7 5 9 60%  94 517503 229 99%
c - 24.62 62 13 14 26 3409 2 86645 24606 2.1 15 7 5 9 60%  77 517502 229 99%
c u 25.00 58 13 14 26 3445 2 87307 25041 2.1 15 7 5 9 60%  82 504695 229 99%
c v 25.18 61 13 14 26 3445 2 87307 24932 2.1 15 7 5 9 60%  83 504695 229 99%
c w 25.25 63 13 14 26 3445 2 87307 24918 2.1 15 7 5 9 60%  83 504695 229 99%
c x 25.39 63 13 14 26 3445 2 87307 24918 2.1 15 7 5 9 60%  91 504613 229 99%
c i 26.07 64 13 14 26 3547 2 89506 26725 2.1 15 7 5 9 60%  98 504612 228 99%
c - 26.65 65 13 14 27 3718 2 91744 22503 2.1 15 7 4 9 60%  83 504611 228 99%
c } 27.33 60 13 15 27 3930 2 93932 24255 2.1 15 7 4 9 60%  86 504609 228 99%
c [ 27.33 60 33 15 27 3930 2 93932 24255 1.5 25 17 8 26 62%  86 504609 228 99%
c B 27.33 60 33 15 27 3930 2 93932 24255 1.5 25 17 8 26 62%  86 504609 228 99%
c - 27.87 64 32 15 28 3932 2 96940 23563 1.5 25 17 8 25 62%  86 504609 228 99%
c - 28.59 60 32 15 29 3935 2 102231 24917 1.5 25 17 8 25 61%  87 504608 228 99%
c s 29.31 62 31 15 29 3936 2 104600 26947 1.5 25 17 8 25 61%  87 495143 228 99%
c s 29.67 66 31 15 29 3936 2 104600 26947 1.5 25 17 8 25 61%  87 495100 228 99%
c ^ 29.69 66 31 15 29 3936 2 104600 26947 1.5 25 17 8 25 61%  87 495100 228 99%
c
c seconds   switched    rate          size/glue  tier1    binary        remaining
c        MB   reductions  conflicts         size   tier2     irredundant
c         level    restarts      redundant     glue    trail        variables
c
c - 30.33 63 31 15 30 3938 2 107619 26260 1.5 25 17 8 24 61%  87 495100 228 99%
c - 31.15 60 30 15 31 3942 2 113096 27255 1.5 24 16 8 23 61%  87 495100 228 99%
c u 31.48 63 30 15 31 3942 2 114097 28017 1.5 24 16 8 23 61%  91 495099 228 99%
c v 31.64 64 30 15 31 3942 2 114097 27724 1.5 24 16 8 23 61%  93 495099 228 99%
c w 31.70 64 30 15 31 3942 2 114097 27326 1.5 24 16 8 23 61%  93 495099 228 99%
c x 31.84 64 30 15 31 3942 2 114097 27326 1.5 24 16 8 23 61%  98 493793 228 99%
c t 31.87 64 30 15 31 3942 2 114097 27326 1.5 24 16 8 23 61%  96 493793 228 99%
c ] 32.00 64 30 16 31 3942 2 114210 27424 1.5 24 16 8 23 61%  96 493793 228 99%
c { 32.00 64 13 16 31 3942 2 114210 27424 2.1 15 7 4 9 60%  96 493793 228 99%
c i 32.92 58 13 16 31 4197 2 117914 30320 2.1 14 7 4 9 60% 116 493791 227 98%
c i 33.06 61 13 16 31 4236 2 118548 30826 2.1 14 7 4 9 60% 124 493790 226 98%
c - 33.10 62 13 16 32 4250 2 118663 25898 2.1 14 7 4 9 60% 101 493790 226 98%
c i 33.84 59 13 16 32 4478 2 122004 28590 2.1 15 7 4 9 60% 119 493790 205 89%
c - 34.51 61 13 16 33 4665 2 124322 17939 2.1 15 7 4 9 60%  86 396287 205 89%
c o 34.63 53 13 16 33 4671 2 124731 18264 2.1 14 7 4 9 60%  89 396287 205 89%
c i 35.74 58 13 16 33 5098 2 129239 21826 2.1 14 7 4 9 60% 118 396280 204 88%
c - 36.01 58 13 16 34 5169 2 130066 20874 2.1 14 7 4 9 60%  99 396279 204 88%
c i 36.27 57 13 16 34 5215 2 130840 21457 2.0 14 7 4 9 60% 113 396278 203 88%
c } 36.79 55 13 17 34 5315 2 132548 22801 2.1 14 7 4 9 60% 126 396273 203 88%
c [ 36.79 55 30 17 34 5315 2 132548 22801 1.5 24 16 8 23 61% 126 396273 203 88%
c
c seconds   switched    rate          size/glue  tier1    binary        remaining
c        MB   reductions  conflicts         size   tier2     irredundant
c         level    restarts      redundant     glue    trail        variables
c
c W 36.85 50 30 17 34 5315 2 132548 22801 1.5 24 16 8 23 61% 103 385906 203 88%
c - 37.25 54 29 17 35 5317 2 135896 23033 1.5 24 16 8 23 60% 109 385901 203 88%
c i 37.32 54 29 17 35 5317 2 136397 23401 1.5 24 16 8 23 60% 114 385899 202 87%
c - 38.20 53 29 17 36 5321 2 141812 23192 1.5 24 16 7 22 60% 112 385896 202 87%
c u 38.88 55 29 17 36 5321 2 144769 25587 1.5 24 16 7 22 60% 125 382615 202 87%
c v 39.08 57 29 17 36 5321 2 144769 25365 1.5 24 16 7 22 60% 125 382615 202 87%
c w 39.16 57 29 17 36 5321 2 144769 25329 1.5 24 16 7 22 60% 125 382615 202 87%
c x 39.33 58 29 17 36 5321 2 144769 25329 1.5 24 16 7 22 60% 125 381475 202 87%
c - 40.01 59 29 17 37 5324 2 147812 25349 1.5 24 16 7 22 60% 128 381472 202 87%
c - 40.85 54 29 17 38 5328 2 153894 26701 1.5 24 16 7 22 59% 129 381471 202 87%
c O 41.23 58 28 17 38 5328 2 156776 28906 1.5 24 16 7 22 59% 131 381470 202 87%
c i 41.50 52 28 17 38 5329 2 158589 30203 1.5 23 16 7 22 59% 135 381470 198 86%
c ] 41.51 52 28 17 38 5329 2 158600 30204 1.5 23 16 7 22 59% 138 381470 189 82%
c 0 41.51 52 13 17 38 5329 2 158600 30204 2.1 14 7 4 9 60% 138 381470 189 82%
c
c ---- [ result ] ------------------------------------------------------------
c
s UNSATISFIABLE
c
c ---- [ profiling ] ---------------------------------------------------------
c
c          31.88   76.80 %  search
c          17.00   40.97 %  focused
c          14.88   35.84 %  stable
c           7.48   18.03 %  probe
c           6.85   16.51 %  simplify
c           3.47    8.37 %  vivify
c           3.13    7.55 %  factor
c           2.60    6.26 %  preprocess
c           1.77    4.28 %  eliminate
c           1.53    3.67 %  subsume
c           0.59    1.42 %  substitute
c           0.19    0.46 %  walking
c           0.17    0.42 %  congruence
c           0.15    0.36 %  reduce
c           0.14    0.33 %  parse
c           0.10    0.23 %  sweep
c           0.04    0.10 %  lucky
c           0.02    0.04 %  transitive
c           0.00    0.00 %  backbone
c =============================================
c          41.51  100.00 %  total
c
c ---- [ statistics ] --------------------------------------------------------
c
c conflicts:                           158600             3820.73 per second
c decisions:                           319407                2.01 per conflict
c factored:                                 1                0 %  variables
c iterations:                              12                5 %  variables
c propagations:                       3917136            94365    per second
c reductions:                              38             4174    interval
c reordered:                                5            31720    interval
c rephased:                                12            13217    interval
c restarts:                              5329               30    interval
c subsumed:                              2118                0 %  checks
c switched:                                17             9329    interval
c vivified:                              6774               31 %  checks
c walks:                                    4            39650    interval
c
c ---- [ glue usage ] --------------------------------------------------------
c
c focused glue 4   used 20428 clauses 18.57% accumulated 54.59% tier1
c focused glue 5   used 15537 clauses 14.12% accumulated 68.71%
c focused glue 6-7 used 17404 clauses 15.82% accumulated 84.52%
c focused glue 8   used  4698 clauses  4.27% accumulated 88.79%
c focused glue 9   used  3307 clauses  3.01% accumulated 91.80% tier2
c
c stable glue 7    used 15873 clauses  5.96% accumulated 53.51% tier1
c stable glue 8    used 14494 clauses  5.44% accumulated 58.95%
c stable glue 9-19 used 77584 clauses 29.12% accumulated 88.07%
c stable glue 20   used  3260 clauses  1.22% accumulated 89.30%
c stable glue 21   used  2673 clauses  1.00% accumulated 90.30% tier2
c
c ---- [ resources ] ---------------------------------------------------------
c
c maximum-resident-set-size:         70234112 bytes         67 MB
c process-time:                            42s              41.51 seconds
c
c ---- [ shutting down ] -----------------------------------------------------
c
c exit 20
