c ---- [ banner ] ------------------------------------------------------------
c
c Kissat SAT Solver
c 
c Copyright (c) 2021-2024 Armin Biere University of Freiburg
c Copyright (c) 2019-2021 Armin Biere Johannes Kepler University Linz
c 
c Version 4.0.4 8af8e56f174b778aef3aa45af9f739b2a5f492c2
c gcc (Ubuntu 13.3.0-6ubuntu2~24.04.1) 13.3.0 -W -Wall -O3 -DNDEBUG
c Wed Apr 15 20:10:47 EEST 2026 Linux cluster-4 6.17.0-14-generic x86_64
c
c ---- [ parsing ] -----------------------------------------------------------
c
c opened and reading DIMACS file:
c
c   tmp.cnf
c
c parsed 'p cnf 171 767448' header
c closing input after reading 18971573 bytes (18 MB)
c finished parsing after 0.17 seconds
c
c ---- [ solving ] -----------------------------------------------------------
c
c seconds switched rate     size/glue tier1 binary        remaining
c        MB reductions conflicts size  tier2   irredundant
c         level restarts redundant glue  trail        variables
c
c *  0.17 48 0 0 0  0 0   0   0 0.0 0 0 0 0 0%   0 767448 171 100%
c (  0.21 63 0 0 0  0 0   0   0 0.0 0 0 0 0 0%   0 767448 171 100%
c .  0.21 63 0 0 0  0 0   0   0 0.0 0 0 0 0 0%   0 767448 171 100%
c f  3.27 71 0 0 0  0 0   0   0 0.0 0 0 0 0 0%   2 751432 172 101%
c )  3.28 71 0 0 0  0 0   0   0 0.0 0 0 0 0 0%   2 751432 172 101%
c {  3.30 71 0 0 0  0 0   0   0 0.0 0 0 2 6 0%   2 751432 172 101%
c -  3.51 74 22 0 1 19 2 1001 677 1.8 18 10 8 13 63%   2 751432 172 101%
c }  3.51 74 22 1 1 19 2 1001 677 1.8 18 10 8 13 63%   2 751432 172 101%
c [  3.51 74 0 1 1 19 0 1001 677 0.0 0 0 2 6 0%   2 751432 172 101%
c B  3.51 74 0 1 1 19 0 1001 677 0.0 0 0 2 6 0%   2 751432 172 101%
c -  3.63 75 42 1 2 19 1 2001 1461 1.6 24 15 10 21 61%   2 751432 172 101%
c W  3.69 76 42 1 2 19 1 2002 1462 1.6 24 15 10 21 61%   2 751432 172 101%
c ]  3.80 77 36 2 2 20 2 2782 2124 1.7 26 15 10 21 62%   2 751432 172 101%
c {  3.80 77 22 2 2 20 2 2782 2124 1.8 18 10 8 13 63%   2 751432 172 101%
c u  3.92 79 22 2 2 50 2 2846 2179 1.8 18 10 8 13 63%   2 751432 172 101%
c v  3.96 79 22 2 2 50 2 2846 2176 1.8 18 10 8 13 63%   2 751432 172 101%
c w  3.98 79 22 2 2 50 2 2846 2176 1.8 18 10 8 13 63%   2 751432 172 101%
c x  4.02 80 22 2 2 50 2 2846 2176 1.8 18 10 8 13 63%   2 751221 172 101%
c -  4.44 84 27 2 3 266 3 3415 2445 1.7 20 12 8 18 64%   2 751221 172 101%
c }  4.70 86 29 3 3 371 3 3782 2774 1.7 21 12 8 18 65%   2 751221 172 101%
c
c seconds  switched  rate       size/glue  tier1     binary        remaining
c        MB reductions conflicts      size    tier2     irredundant
c         level restarts   redundant     glue     trail        variables
c
c [  4.70 86 36 3 3 371 2 3782 2774 1.7 26 15 10 21 62%   2 751221 172 101%
c I  4.80 86 36 3 3 371 2 4262 3214 1.7 26 15 10 21 63%   2 751221 172 101%
c -  4.95 86 34 3 4 372 2 5147 3362 1.7 27 16 9 23 61%   2 751221 172 101%
c -  5.27 87 35 3 5 373 1 7148 3909 1.4 29 20 12 30 58%   2 751221 172 101%
c ]  5.30 87 35 4 5 373 1 7332 4053 1.4 29 20 12 30 58%   2 751221 172 101%
c {  5.30 87 29 4 5 373 3 7332 4053 1.7 21 12 8 18 65%   2 751221 172 101%
c u  5.78 74 24 4 5 438 3 8764 5193 1.7 20 12 8 18 61%   2 751221 172 101%
c v  5.84 76 24 4 5 438 3 8764 5190 1.7 20 12 8 18 61%   2 751221 172 101%
c w  5.88 77 24 4 5 438 3 8764 5190 1.7 20 12 8 18 61%   2 751221 172 101%
c x  5.94 78 24 4 5 438 3 8764 5190 1.7 20 12 8 18 61%   2 750599 172 101%
c -  6.24 84 23 4 6 476 3 9384 4934 1.7 20 12 8 16 60%   2 750599 172 101%
c }  6.29 84 23 5 6 476 3 9684 5183 1.7 20 12 8 16 60%   2 750599 172 101%
c [  6.29 84 35 5 6 476 1 9684 5183 1.4 29 20 12 30 58%   2 750599 172 101%
c B  6.29 84 35 5 6 476 1 9684 5183 1.4 29 20 12 30 58%   2 750599 172 101%
c -  6.61 86 37 5 7 478 1 11835 5884 1.4 30 21 12 31 60%   2 750599 172 101%
c ]  6.82 86 37 6 7 478 1 13354 7149 1.4 30 22 12 31 61%   2 750599 172 101%
c {  6.82 86 23 6 7 478 3 13354 7149 1.7 20 12 8 16 60%   2 750599 172 101%
c ^  7.29 87 22 6 7 479 2 14226 7973 1.8 21 11 8 16 61%   2 750599 172 101%
c o  7.31 87 22 6 7 479 2 14226 7973 1.8 21 11 8 16 61%   2 750599 172 101%
c -  7.38 87 21 6 8 479 2 14480 6932 1.9 21 11 8 15 61%   2 750599 172 101%
c
c seconds  switched  rate        size/glue  tier1    binary        remaining
c        MB reductions conflicts       size   tier2     irredundant
c         level restarts    redundant     glue    trail        variables
c
c -  7.97 88 19 6 9 492 2 17308 8300 2.0 21 10 8 14 62%   2 750599 172 101%
c }  7.99 88 19 7 9 492 2 17424 8393 2.0 21 10 8 14 62%   2 750599 172 101%
c [  7.99 88 37 7 9 492 1 17424 8393 1.4 30 22 12 31 61%   2 750599 172 101%
c W  8.06 70 37 7 9 492 1 17424 8393 1.4 30 22 12 31 61%   2 750599 172 101%
c u  8.27 74 38 7 9 492 1 17954 8833 1.4 30 22 12 31 61%   2 750599 172 101%
c v  8.34 75 38 7 9 492 1 17954 8811 1.4 30 22 12 31 61%   2 750599 172 101%
c w  8.38 75 38 7 9 492 1 17954 8806 1.4 30 22 12 31 61%   2 750599 172 101%
c x  8.44 78 38 7 9 492 1 17954 8806 1.4 30 22 12 31 61%   2 750167 172 101%
c -  8.93 79 37 7 10 494 1 20309 9026 1.3 30 22 12 31 61%   2 750167 172 101%
c ]  9.30 80 37 8 10 496 1 23017 11251 1.3 30 22 12 31 62%   2 750167 172 101%
c {  9.30 80 19 8 10 496 2 23017 11251 2.0 21 10 8 14 62%   2 750167 172 101%
c -  9.39 80 19 8 11 545 2 23471 10071 2.0 21 10 8 14 62%   2 750167 172 101%
c -  9.95 82 18 8 12 813 2 26787 11238 2.0 21 10 8 13 62%   2 750167 172 101%
c ^ 10.52 86 18 8 12 914 2 28450 12614 2.0 20 10 8 13 61%   2 750167 172 101%
c o 10.55 86 18 8 12 914 2 28450 12614 2.0 20 10 8 13 61%   2 750167 172 101%
c } 10.75 87 18 9 12 963 2 29177 13261 2.0 21 10 8 13 61%   2 750167 172 101%
c [ 10.75 87 37 9 12 963 1 29177 13261 1.3 30 22 12 31 62%   2 750167 172 101%
c O 10.75 87 37 9 12 963 1 29177 13261 1.3 30 22 12 31 62%   2 750167 172 101%
c - 10.94 87 38 9 13 963 1 30252 12054 1.4 31 22 12 30 63%   2 750167 172 101%
c u 11.16 87 38 9 13 964 1 30613 12333 1.4 31 23 12 30 63%   2 750167 172 101%
c
c seconds  switched   rate         size/glue  tier1     binary        remaining
c        MB  reductions conflicts        size    tier2     irredundant
c         level  restarts     redundant     glue     trail        variables
c
c v 11.25 88 38 9 13 964 1 30613 12318 1.4 31 23 12 30 63%   2 750167 172 101%
c w 11.29 88 38 9 13 964 1 30613 12312 1.4 31 23 12 30 63%   2 750167 172 101%
c x 11.37 88 38 9 13 964 1 30613 12312 1.4 31 23 12 30 63%   2 749493 172 101%
c - 12.26 73 39 9 14 966 1 33857 12704 1.3 31 23 12 31 63%   2 749493 172 101%
c ] 12.44 74 39 10 14 967 1 34876 13563 1.3 31 23 12 31 63%   2 749493 172 101%
c { 12.44 74 18 10 14 967 2 34876 13563 2.0 21 10 8 13 61%   2 749493 172 101%
c - 13.30 87 18 10 15 1255 2 37599 13864 1.9 20 11 8 13 61%   2 749493 172 101%
c - 14.03 76 18 10 16 1363 2 41472 15241 1.9 20 10 8 13 60%   2 749493 172 101%
c } 14.54 83 18 11 16 1471 2 43504 16912 1.9 20 10 8 13 59%   2 749493 172 101%
c [ 14.54 83 39 11 16 1471 1 43504 16912 1.3 31 23 12 31 63%   2 749493 172 101%
c B 14.54 83 39 11 16 1471 1 43504 16912 1.3 31 23 12 31 63%   2 749493 172 101%
c - 14.83 85 38 11 17 1472 1 45474 16315 1.4 31 23 12 31 62%   2 749493 172 101%
c u 15.26 74 38 11 17 1473 1 46913 17352 1.3 31 23 12 31 62%   2 749493 172 101%
c v 15.39 79 38 11 17 1473 1 46913 17332 1.3 31 23 12 31 62%   2 749493 172 101%
c w 15.45 80 38 11 17 1473 1 46913 17330 1.3 31 23 12 31 62%   2 749493 172 101%
c x 15.55 81 38 11 17 1473 1 46913 17330 1.3 31 23 12 31 62%   2 747905 172 101%
c - 16.27 84 37 11 18 1475 1 49597 17470 1.4 31 23 12 31 63%   2 747905 172 101%
c - 16.96 85 37 11 19 1477 1 53839 18917 1.4 31 22 12 30 63%   2 747905 172 101%
c ] 17.23 85 37 12 19 1477 1 55555 20433 1.4 30 22 12 30 63%   2 747905 172 101%
c { 17.23 85 18 12 19 1477 2 55555 20433 1.9 20 10 8 13 59%   2 747905 172 101%
c
c seconds   switched    rate         size/glue  tier1    binary        remaining
c        MB   reductions  conflicts        size   tier2     irredundant
c         level    restarts     redundant     glue    trail        variables
c
c - 17.77 87 17 12 20 1572 2 58198 20147 1.9 19 10 8 13 59%   2 747905 172 101%
c ^ 18.53 87 17 12 20 1595 2 59287 21071 1.9 19 10 8 13 59%   2 747905 172 101%
c o 18.56 87 17 12 20 1595 2 59287 21071 1.9 19 10 8 13 59%   2 747905 172 101%
c - 19.27 88 17 12 21 1626 2 62672 20933 1.9 19 10 8 13 59%   2 747905 172 101%
c u 20.83 89 17 12 21 1988 2 66961 24435 1.8 19 10 8 13 59%   2 747905 172 101%
c v 20.99 89 17 12 21 1988 2 66961 24354 1.8 19 10 8 13 59%   2 747905 172 101%
c w 21.06 89 17 12 21 1988 2 66961 24332 1.8 19 10 8 13 59%   2 747905 172 101%
c x 21.17 89 17 12 21 1988 2 66961 24332 1.8 19 10 8 13 59%   2 746240 172 101%
c } 21.41 89 17 13 21 1992 2 67035 24399 1.9 19 10 8 13 59%   2 746240 172 101%
c [ 21.41 89 37 13 21 1992 1 67035 24399 1.4 30 22 12 30 63%   2 746240 172 101%
c W 21.49 71 37 13 21 1992 1 67035 24399 1.4 30 22 12 30 63%   2 746240 172 101%
c - 21.56 72 37 13 22 1992 1 67255 22138 1.4 30 22 12 30 63%   2 746240 172 101%
c - 22.39 74 37 13 23 1995 1 71946 24178 1.4 31 22 12 29 64%   2 746240 172 101%
c - 23.18 76 36 13 24 1998 1 76742 25844 1.4 31 22 11 29 65%   2 746240 172 101%
c - 24.07 76 36 13 25 2001 1 81640 27134 1.4 31 21 11 28 65%   2 746240 172 101%
c I 24.12 76 36 13 25 2001 1 81940 27404 1.4 31 21 11 28 65%   2 746240 172 101%
c ] 24.25 78 35 14 25 2001 1 82936 28218 1.5 31 21 11 28 65%   2 746240 172 101%
c { 24.25 78 17 14 25 2001 2 82936 28218 1.9 19 10 8 13 59%   2 746240 172 101%
c - 25.07 81 17 14 26 2173 2 86641 28354 1.8 18 10 8 13 59%   2 746240 172 101%
c u 26.20 83 17 14 26 2389 2 90898 31903 1.8 18 10 8 13 58%   2 746240 172 101%
c
c seconds   switched    rate         size/glue  tier1    binary        remaining
c        MB   reductions  conflicts        size   tier2     irredundant
c         level    restarts     redundant     glue    trail        variables
c
c v 26.39 83 17 14 26 2389 2 90898 31859 1.8 18 10 8 13 58%   2 746240 172 101%
c w 26.47 83 17 14 26 2389 2 90898 31859 1.8 18 10 8 13 58%   2 746240 172 101%
c x 26.58 86 17 14 26 2389 2 90898 31859 1.8 18 10 8 13 58%   2 744667 172 101%
c o 26.79 86 17 14 26 2389 2 90898 31859 1.8 18 10 8 13 58%   2 744667 172 101%
c - 27.03 86 17 14 27 2409 2 91740 29088 1.8 18 10 8 13 58%   2 744667 172 101%
c - 28.14 87 16 14 28 2453 2 96938 30463 1.8 18 10 8 12 58%   2 744667 172 101%
c } 28.29 87 16 15 28 2499 2 97651 31089 1.8 18 10 8 12 58%   2 744667 172 101%
c [ 28.29 87 35 15 28 2499 1 97651 31089 1.5 31 21 11 28 65%   2 744667 172 101%
c B 28.53 87 34 15 28 2501 1 99743 32651 1.4 30 21 11 28 65%   2 744667 172 101%
c ] 28.90 87 34 15 28 2502 1 101936 34576 1.5 30 20 11 28 65%   2 744667 172 101%
c 1 28.90 87 16 15 28 2502 2 101936 34576 1.8 18 10 8 12 58%   2 744667 172 101%
c
c ---- [ result ] ------------------------------------------------------------
c
s SATISFIABLE
v 1 2 3 -4 -5 -6 7 -8 9 10 11 12 13 14 -15 -16 17 18 19 20 21 22 -23 -24 -25
v -26 27 28 29 30 31 32 -33 -34 35 36 37 38 39 -40 41 -42 -43 -44 -45 46 47 48
v 49 -50 51 52 53 54 -55 -56 57 58 59 -60 -61 62 63 64 -65 -66 67 68 69 -70
v -71 72 73 74 -75 -76 77 78 79 -80 81 82 83 -84 -85 86 87 88 -89 -90 -91 92
v 93 94 95 96 -97 98 99 100 101 102 -103 -104 -105 106 107 -108 -109 110 111
v 112 113 114 115 -116 117 118 -119 120 121 122 123 124 125 -126 127 -128 -129
v 130 131 132 133 134 135 136 -137 -138 139 140 141 142 143 144 -145 -146 147
v 148 149 150 151 -152 -153 154 155 156 157 -158 -159 160 161 162 -163 -164
v 165 166 -167 -168 169 170 171 0
c
c ---- [ profiling ] ---------------------------------------------------------
c
c          20.37   70.47 %  search
c          11.62   40.19 %  focused
c           8.75   30.28 %  stable
c           6.96   24.09 %  probe
c           5.23   18.09 %  simplify
c           3.59   12.42 %  factor
c           3.07   10.64 %  preprocess
c           2.42    8.38 %  vivify
c           1.16    4.02 %  eliminate
c           0.93    3.21 %  subsume
c           0.65    2.23 %  substitute
c           0.19    0.66 %  congruence
c           0.18    0.61 %  walking
c           0.17    0.59 %  parse
c           0.11    0.38 %  reduce
c           0.09    0.32 %  sweep
c           0.06    0.21 %  lucky
c           0.02    0.07 %  transitive
c           0.00    0.01 %  backbone
c =============================================
c          28.90  100.00 %  total
c
c ---- [ statistics ] --------------------------------------------------------
c
c conflicts:                           101936             3526.79 per second
c decisions:                           170060                1.67 per conflict
c factored:                                 1                1 %  variables
c propagations:                       1973075            68265    per second
c reductions:                              28             3641    interval
c reordered:                                4            25484    interval
c rephased:                                10            10194    interval
c restarts:                              2502               41    interval
c switched:                                15             6796    interval
c vivified:                              7551               96 %  checks
c walks:                                    3            33979    interval
c
c ---- [ glue usage ] --------------------------------------------------------
c
c focused glue 8  used 9974 clauses 12.42% accumulated 61.45% tier1
c focused glue 9  used 8200 clauses 10.21% accumulated 71.66%
c focused glue 10 used 6855 clauses  8.53% accumulated 80.19%
c focused glue 11 used 4872 clauses  6.06% accumulated 86.26%
c focused glue 12 used 3443 clauses  4.29% accumulated 90.54% tier2
c
c stable glue 11    used  9236 clauses  5.90% accumulated 54.78% tier1
c stable glue 12    used  7536 clauses  4.81% accumulated 59.59%
c stable glue 13-25 used 43689 clauses 27.90% accumulated 87.49%
c stable glue 26    used  2084 clauses  1.33% accumulated 88.82%
c stable glue 27    used  2077 clauses  1.33% accumulated 90.15% tier2
c
c ---- [ resources ] ---------------------------------------------------------
c
c maximum-resident-set-size:         94466048 bytes         90 MB
c process-time:                            29s              28.90 seconds
c
c ---- [ shutting down ] -----------------------------------------------------
c
c exit 10
