c ---- [ banner ] ------------------------------------------------------------
c
c Kissat SAT Solver
c 
c Copyright (c) 2021-2024 Armin Biere University of Freiburg
c Copyright (c) 2019-2021 Armin Biere Johannes Kepler University Linz
c 
c Version 4.0.4 8af8e56f174b778aef3aa45af9f739b2a5f492c2
c gcc (Ubuntu 13.3.0-6ubuntu2~24.04.1) 13.3.0 -W -Wall -O3 -DNDEBUG
c Wed Apr 15 20:10:47 EEST 2026 Linux cluster-4 6.17.0-14-generic x86_64
c
c ---- [ parsing ] -----------------------------------------------------------
c
c opened and reading DIMACS file:
c
c   tmp.cnf
c
c parsed 'p cnf 153 45288' header
c closing input after reading 891110 bytes (870 KB)
c finished parsing after 0.02 seconds
c
c ---- [ solving ] -----------------------------------------------------------
c
c seconds switched rate     size/glue tier1 binary       remaining
c        MB reductions conflicts size  tier2   irredundant
c         level restarts redundant glue  trail       variables
c
c *  0.02  6 0 0 0  0 0   0   0 0.0 0 0 0 0 0%   0 45288 153 100%
c (  0.02  7 0 0 0  0 0   0   0 0.0 0 0 0 0 0%   0 45288 153 100%
c .  0.02  7 0 0 0  0 0   0   0 0.0 0 0 0 0 0%   0 45288 153 100%
c f  0.45  7 0 0 0  0 0   0   0 0.0 0 0 0 0 0% 576 4896 441 288%
c )  0.45  7 0 0 0  0 0   0   0 0.0 0 0 0 0 0% 576 4896 441 288%
c {  0.45  7 0 0 0  0 0   0   0 0.0 0 0 2 6 0% 576 4896 441 288%
c -  0.47  8 32 0 1 89 4 1003 650 2.1 25 12 8 16 62% 576 4896 441 288%
c }  0.47  8 32 1 1 89 4 1003 650 2.1 25 12 8 16 62% 576 4896 441 288%
c [  0.47  8 0 1 1 89 0 1003 650 0.0 0 0 2 6 0% 576 4896 441 288%
c B  0.47  8 0 1 1 89 0 1003 650 0.0 0 0 2 6 0% 576 4896 441 288%
c ]  0.48  8 69 2 1 89 1 1979 1585 2.0 28 14 9 18 67% 576 4896 441 288%
c {  0.48  8 32 2 1 89 4 1979 1585 2.1 25 12 8 16 62% 576 4896 441 288%
c -  0.48  8 32 2 2 89 4 2004 1556 2.1 25 12 8 16 62% 576 4896 441 288%
c }  0.50  8 33 3 2 107 3 2982 2530 2.1 25 12 8 16 62% 576 4896 441 288%
c [  0.50  8 69 3 2 107 1 2982 2530 2.0 28 14 9 18 67% 576 4896 441 288%
c W  0.50  8 69 3 2 107 1 2982 2530 2.0 28 14 9 18 67% 576 4896 441 288%
c u  0.51  8 62 3 2 107 1 3216 2715 1.9 29 15 9 18 66% 576 4896 441 288%
c v  0.51  8 62 3 2 107 1 3216 2712 1.9 29 15 9 18 66% 576 4896 441 288%
c w  0.52  8 62 3 2 107 1 3216 2710 1.9 29 15 9 18 66% 576 4896 441 288%
c x  0.52  8 62 3 2 107 1 3216 2710 1.9 29 15 9 18 66% 576 4634 441 288%
c
c seconds  switched  rate       size/glue  tier1    binary      remaining
c        MB reductions conflicts      size   tier2    irredundant
c         level restarts   redundant     glue    trail      variables
c
c -  0.52  8 57 3 3 107 1 3418 2594 1.9 28 15 9 18 65% 576 4634 441 288%
c ]  0.54  8 47 4 3 108 1 4147 3275 1.8 29 16 9 19 64% 576 4634 441 288%
c {  0.54  8 33 4 3 108 3 4147 3275 2.1 25 12 8 16 62% 576 4634 441 288%
c -  0.55  8 32 4 4 177 3 5151 3564 2.2 25 12 8 15 62% 576 4634 441 288%
c }  0.58  8 30 5 4 214 3 6499 4865 2.3 25 11 7 14 62% 576 4634 441 288%
c [  0.58  8 47 5 4 214 1 6499 4865 1.8 29 16 9 19 64% 576 4634 441 288%
c I  0.58  8 47 5 4 214 1 6499 4865 1.8 29 16 9 19 64% 576 4634 441 288%
c -  0.59  8 48 5 5 214 1 7152 4332 1.6 30 19 10 25 61% 576 4634 441 288%
c ]  0.61  8 45 6 5 216 1 8590 5655 1.5 31 21 10 29 60% 576 4634 441 288%
c {  0.61  8 30 6 5 216 3 8590 5655 2.3 25 11 7 14 62% 576 4634 441 288%
c -  0.64  8 30 6 6 315 3 9388 5071 2.3 25 11 7 14 61% 576 4634 441 288%
c u  0.65  8 29 6 6 319 3 9956 5595 2.4 25 11 7 14 62% 576 4634 441 288%
c v  0.66  8 29 6 6 319 3 9956 5588 2.4 25 11 7 14 62% 576 4634 441 288%
c w  0.66  8 29 6 6 319 3 9956 5588 2.4 25 11 7 14 62% 576 4634 441 288%
c x  0.66  8 29 6 6 319 3 9956 5588 2.4 25 11 7 14 62% 576 4442 441 288%
c o  0.69  9 29 6 6 323 3 10025 5655 2.4 25 11 7 14 62% 576 4442 441 288%
c -  0.73  9 27 6 7 507 3 11838 6093 2.5 25 10 6 13 61% 576 4442 441 288%
c }  0.75  9 27 7 7 507 3 12660 6887 2.6 26 10 6 13 61% 576 4442 441 288%
c [  0.75  9 45 7 7 507 1 12660 6887 1.5 31 21 10 29 60% 576 4442 441 288%
c B  0.75  9 45 7 7 507 1 12660 6887 1.5 31 21 10 29 60% 576 4442 441 288%
c
c seconds  switched  rate        size/glue  tier1     binary      remaining
c        MB reductions conflicts       size    tier2    irredundant
c         level restarts    redundant     glue     trail      variables
c
c -  0.78  9 46 7 8 508 1 14483 6980 1.4 31 22 10 30 60% 576 4442 441 288%
c s  0.82  9 44 7 8 509 1 16081 8513 1.4 32 22 10 30 59% 576 3647 441 288%
c ^  0.82  9 44 7 8 509 1 16081 8513 1.4 32 22 10 30 59% 576 3647 441 288%
c -  0.84  8 42 7 9 510 1 17311 7920 1.4 32 22 9 28 60% 576 3647 441 288%
c W  0.86  8 41 7 9 511 1 18190 8753 1.4 32 22 9 28 60% 576 3647 441 288%
c ]  0.86  8 41 8 9 511 1 18307 8859 1.4 31 22 9 28 60% 576 3647 441 288%
c {  0.86  8 27 8 9 511 3 18307 8859 2.6 26 10 6 13 61% 576 3647 441 288%
c o  0.94  8 28 8 9 1088 5 20029 10547 2.4 25 10 6 13 60% 576 3647 441 288%
c -  0.96  8 28 8 10 1151 5 20311 9216 2.4 25 10 6 12 60% 576 3647 441 288%
c u  0.97  8 29 8 10 1194 5 20483 9296 2.3 25 11 6 12 60% 576 3647 441 288%
c v  0.98  8 29 8 10 1194 5 20483 9268 2.3 25 11 6 12 60% 576 3647 441 288%
c w  0.98  8 29 8 10 1194 5 20483 9268 2.3 25 11 6 12 60% 576 3647 441 288%
c x  0.99  8 29 8 10 1194 5 20483 9268 2.3 25 11 6 12 60% 576 3631 441 288%
c -  1.09  9 29 8 11 1620 5 23474 9836 2.3 25 11 5 12 60% 576 3631 441 288%
c }  1.12  9 29 9 11 1757 6 24466 10796 2.3 25 11 5 12 59% 576 3631 441 288%
c [  1.12  9 41 9 11 1757 1 24466 10796 1.4 31 22 9 28 60% 576 3631 441 288%
c O  1.15  9 40 9 11 1758 1 25718 11993 1.5 31 21 9 28 60% 576 3631 441 288%
c -  1.17  9 39 9 12 1759 1 26790 10494 1.5 31 21 9 27 60% 576 3631 441 288%
c -  1.24  9 35 9 13 1761 1 30255 11005 1.5 30 20 8 24 60% 576 3631 441 288%
c e  1.31  9 33 9 13 1763 1 32824 13391 1.5 29 19 8 24 59% 468 3793 387 253%
c
c seconds  switched    rate         size/glue  tier1    binary      remaining
c        MB  reductions  conflicts        size   tier2    irredundant
c         level   restarts     redundant     glue    trail      variables
c
c ^  1.31  9 33 9 13 1763 1 32824 13391 1.5 29 19 8 24 59% 468 3793 387 253%
c -  1.33 10 33 9 14 1763 1 33861 11066 1.5 29 19 8 23 59% 468 3793 387 253%
c u  1.38 10 32 9 14 1763 1 35394 12433 1.5 29 19 8 23 59% 468 3793 387 253%
c v  1.39 10 32 9 14 1763 1 35394 12399 1.5 29 19 8 23 59% 468 3793 387 253%
c w  1.40 13 32 9 14 1763 1 35394 12399 1.5 29 19 8 23 59% 468 3793 387 253%
c x  1.41 13 32 9 14 1763 1 35394 12399 1.5 29 19 8 23 59% 468 3775 387 253%
c f  1.42 10 32 9 14 1763 1 35394 12399 1.5 29 19 8 23 59% 540 3343 423 276%
c u  1.43 10 32 9 14 1763 1 35394 12381 1.5 29 19 8 23 59% 540 3343 423 276%
c v  1.44 10 32 9 14 1763 1 35394 12377 1.5 29 19 8 23 59% 540 3343 423 276%
c w  1.45 13 32 9 14 1763 1 35394 12374 1.5 29 19 8 23 59% 540 3343 423 276%
c x  1.45 13 32 9 14 1763 1 35394 12374 1.5 29 19 8 23 59% 540 3328 423 276%
c ]  1.51 11 32 10 14 1763 1 35442 12414 1.5 29 19 8 23 59% 540 3328 423 276%
c {  1.51 11 29 10 14 1763 6 35442 12414 2.3 25 11 5 12 59% 540 3328 423 276%
c -  1.59 11 30 10 15 2105 6 37603 11639 2.3 25 11 5 12 60% 540 3328 423 276%
c o  1.68 11 30 10 15 2426 6 40030 13995 2.3 25 11 5 12 60% 540 3328 423 276%
c -  1.76 11 30 10 16 2764 6 41475 12431 2.2 25 11 5 12 60% 540 3328 423 276%
c }  1.87 11 30 11 16 3113 6 44069 14966 2.2 25 11 5 12 61% 540 3328 423 276%
c [  1.87 11 32 11 16 3113 1 44069 14966 1.5 29 19 8 23 59% 540 3328 423 276%
c B  1.88 11 32 11 16 3113 1 44069 14966 1.5 29 19 8 23 59% 540 3328 423 276%
c -  1.91 11 34 11 17 3114 1 45475 12861 1.5 29 20 8 23 60% 540 3328 423 276%
c
c seconds   switched    rate         size/glue  tier1    binary      remaining
c        MB   reductions  conflicts        size   tier2    irredundant
c         level    restarts     redundant     glue    trail      variables
c
c -  2.00 12 36 11 18 3117 1 49600 12242 1.5 31 21 8 25 62% 540 3328 423 276%
c -  2.10 12 36 11 19 3119 1 53842 11765 1.5 32 22 8 26 63% 540 3328 423 276%
c u  2.14 12 36 11 19 3119 1 54856 12538 1.5 32 22 8 26 63% 540 3328 423 276%
c v  2.16 12 36 11 19 3119 1 54856 12502 1.5 32 22 8 26 63% 540 3328 423 276%
c w  2.16 13 36 11 19 3119 1 54856 12502 1.5 32 22 8 26 63% 540 3328 423 276%
c W  2.22 11 36 11 19 3119 1 56291 13747 1.5 32 22 8 26 63% 540 3328 423 276%
c -  2.27 11 36 11 20 3121 1 58200 12355 1.5 32 22 8 26 63% 540 3328 423 276%
c ]  2.31 11 36 12 20 3122 1 60382 14348 1.5 32 22 8 26 64% 540 3328 423 276%
c {  2.32 11 30 12 20 3122 6 60382 14348 2.2 25 11 5 12 61% 540 3328 423 276%
c -  2.43 11 31 12 21 3537 6 62674 13833 2.2 25 12 5 12 61% 540 3328 423 276%
c -  2.56 11 30 12 22 3776 6 67256 15426 2.2 26 11 5 12 62% 540 3328 423 276%
c ^  2.63 11 30 12 22 3944 6 69074 17188 2.3 26 11 5 12 62% 540 3328 423 276%
c o  2.68 11 30 12 22 4134 6 70040 18126 2.2 26 12 5 12 62% 540 3328 423 276%
c }  2.73 11 30 13 22 4208 6 71863 19879 2.3 26 11 5 12 62% 540 3328 423 276%
c [  2.73 11 36 13 22 4208 1 71863 19879 1.5 32 22 8 26 64% 540 3328 423 276%
c I  2.73 11 36 13 22 4208 1 71863 19879 1.5 32 22 8 26 64% 540 3328 423 276%
c -  2.74 11 36 13 23 4208 1 71946 16741 1.5 32 22 8 26 64% 540 3328 423 276%
c -  2.85 11 37 13 24 4211 1 76741 16222 1.4 32 22 8 27 62% 540 3328 423 276%
c u  2.93 11 37 13 24 4213 1 78803 17975 1.4 32 23 8 27 62% 540 3328 423 276%
c v  2.96 13 37 13 24 4213 1 78803 17932 1.4 32 23 8 27 62% 540 3328 423 276%
c
c seconds   switched    rate         size/glue  tier1    binary      remaining
c        MB   reductions  conflicts        size   tier2    irredundant
c         level    restarts     redundant     glue    trail      variables
c
c w  2.97 14 37 13 24 4213 1 78803 17926 1.4 32 23 8 27 62% 540 3328 423 276%
c -  3.07 12 37 13 25 4214 1 81639 15067 1.4 32 23 8 27 61% 540 3328 423 276%
c -  3.21 12 36 13 26 4217 1 86639 15438 1.4 32 23 8 27 61% 540 3328 423 276%
c ]  3.22 12 36 14 26 4217 1 86754 15538 1.4 32 23 8 27 61% 540 3328 423 276%
c {  3.22 12 30 14 26 4217 6 86754 15538 2.3 26 11 5 12 62% 540 3328 423 276%
c -  3.60 12 31 14 27 5425 6 91738 16084 2.1 26 12 4 12 62% 540 3328 423 276%
c -  3.88 12 31 14 28 6096 6 96935 17453 2.1 26 12 4 12 62% 540 3328 423 276%
c }  3.98 12 29 15 28 6096 6 101469 21618 2.2 26 11 4 12 62% 540 3328 423 276%
c [  3.98 12 36 15 28 6096 1 101469 21618 1.4 32 23 8 27 61% 540 3328 423 276%
c B  3.98 12 36 15 28 6096 1 101469 21618 1.4 32 23 8 27 61% 540 3328 423 276%
c -  4.00 12 36 15 29 6096 1 102226 17896 1.4 32 23 8 27 61% 540 3328 423 276%
c u  4.17 13 36 15 29 6100 1 107401 22158 1.4 32 23 8 27 61% 540 3328 423 276%
c v  4.20 14 36 15 29 6100 1 107401 22115 1.4 32 23 8 27 61% 540 3328 423 276%
c w  4.22 15 36 15 29 6100 1 107401 22104 1.4 32 23 8 27 61% 540 3328 423 276%
c x  4.24 15 36 15 29 6100 1 107401 22104 1.4 32 23 8 27 61% 540 3327 423 276%
c -  4.25 12 36 15 30 6100 1 107611 16774 1.4 32 23 8 27 61% 540 3327 423 276%
c -  4.43 12 35 15 31 6102 1 113088 16453 1.4 31 23 8 26 60% 540 3327 423 276%
c -  4.59 12 35 15 32 6106 1 118657 17658 1.4 31 23 8 26 61% 540 3327 423 276%
c W  4.71 11 34 15 32 6109 1 122380 20756 1.4 31 23 8 26 61% 540 3327 423 276%
c o  4.71 11 34 15 32 6109 1 122380 20756 1.4 31 23 8 26 61% 540 3327 423 276%
c
c seconds   switched    rate          size/glue  tier1    binary      remaining
c        MB   reductions  conflicts         size   tier2    irredundant
c         level    restarts      redundant     glue    trail      variables
c
c -  4.76 11 34 15 33 6109 1 124313 18237 1.4 31 22 8 26 61% 540 3327 423 276%
c ]  4.78 11 34 16 33 6109 1 125410 19206 1.4 31 22 8 26 61% 540 3327 423 276%
c {  4.78 11 29 16 33 6109 6 125410 19206 2.2 26 11 4 12 62% 540 3327 423 276%
c ^  4.93 11 29 16 33 6515 6 128375 22076 2.3 26 11 4 12 62% 540 3327 423 276%
c -  5.07 11 29 16 34 6951 6 130057 19689 2.2 26 12 4 11 62% 540 3327 423 276%
c -  5.34 11 29 16 35 7605 6 135887 20893 2.3 26 12 4 11 63% 540 3327 423 276%
c u  5.60 14 28 16 35 7955 6 140826 25208 2.4 27 11 4 11 63% 540 3327 423 276%
c v  5.64 15 28 16 35 7955 6 140826 25092 2.4 27 11 4 11 63% 540 3327 423 276%
c w  5.67 15 28 16 35 7955 6 140826 25085 2.4 27 11 4 11 63% 540 3327 423 276%
c -  5.97 13 28 16 36 8216 6 141803 21245 2.4 27 11 4 10 63% 540 3327 423 276%
c }  6.16 13 29 17 36 8717 6 143747 23151 2.3 27 11 4 10 62% 540 3327 423 276%
c [  6.16 13 34 17 36 8717 1 143747 23151 1.4 31 22 8 26 61% 540 3327 423 276%
c O  6.24 13 34 17 36 8719 1 146605 25927 1.4 31 22 8 26 61% 540 3327 423 276%
c -  6.28 13 34 17 37 8719 1 147803 21988 1.4 31 22 8 25 61% 540 3327 423 276%
c -  6.45 13 33 17 38 8723 1 153885 22016 1.4 31 22 7 25 62% 540 3327 423 276%
c -  6.67 14 34 17 39 8726 1 160052 20326 1.4 31 22 7 25 62% 540 3327 423 276%
c -  6.88 13 34 17 40 8730 1 166296 18783 1.4 31 22 7 25 62% 540 3327 423 276%
c -  7.08 13 34 17 41 8731 1 172620 18385 1.4 32 23 7 26 62% 540 3327 423 276%
c B  7.13 13 34 17 41 8731 1 174345 19903 1.4 32 23 7 26 62% 540 3327 423 276%
c o  7.14 13 34 17 41 8731 1 174345 19903 1.4 32 23 7 26 62% 540 3327 423 276%
c
c seconds   switched    rate          size/glue  tier1    binary      remaining
c        MB   reductions  conflicts         size   tier2    irredundant
c         level    restarts      redundant     glue    trail      variables
c
c -  7.25 13 34 17 42 8734 1 179023 18720 1.4 32 23 7 26 63% 540 3327 423 276%
c u  7.30 14 34 17 42 8734 1 179174 18474 1.4 32 23 7 26 63% 540 3327 423 276%
c v  7.34 14 34 17 42 8734 1 179174 18159 1.4 32 23 7 26 63% 540 3327 423 276%
c w  7.36 15 34 17 42 8734 1 179174 18144 1.4 32 23 7 26 63% 540 3327 423 276%
c ]  7.38 13 34 18 42 8734 1 179723 18616 1.4 32 23 7 26 63% 540 3327 423 276%
c {  7.38 13 29 18 42 8734 6 179723 18616 2.3 27 11 4 10 62% 540 3327 423 276%
c -  7.63 13 28 18 43 8913 5 185504 20663 2.3 27 12 4 11 63% 540 3327 423 276%
c -  7.86 13 26 18 44 8987 5 192061 23678 2.3 27 11 4 11 63% 540 3327 423 276%
c -  8.08 14 25 18 45 9088 5 198694 24883 2.3 27 11 4 11 63% 540 3327 423 276%
c }  8.22 14 25 19 45 9176 4 202068 28230 2.3 27 11 4 11 63% 540 3327 423 276%
c [  8.22 14 34 19 45 9176 1 202068 28230 1.4 32 23 7 26 63% 540 3327 423 276%
c -  8.33 14 34 19 46 9178 1 205402 25528 1.4 32 23 7 26 63% 540 3327 423 276%
c W  8.35 12 34 19 46 9178 1 205796 25900 1.4 32 23 7 26 63% 540 3327 423 276%
c -  8.55 14 34 19 47 9182 1 212184 23811 1.4 32 23 7 26 63% 540 3327 423 276%
c e  8.57 12 34 19 47 9182 1 212643 24246 1.4 32 23 7 26 63% 504 3471 405 265%
c ^  8.57 12 34 19 47 9182 1 212643 24246 1.4 32 23 7 26 63% 504 3471 405 265%
c -  8.77 14 34 19 48 9186 1 219039 19098 1.4 32 23 7 26 62% 504 3471 405 265%
c u  8.92 14 34 19 48 9188 1 222582 21975 1.4 32 23 7 26 62% 504 3471 405 265%
c v  8.95 15 34 19 48 9188 1 222582 21737 1.4 32 23 7 26 62% 504 3471 405 265%
c w  8.97 17 34 19 48 9188 1 222582 21728 1.4 32 23 7 26 62% 504 3471 405 265%
c
c seconds   switched    rate          size/glue  tier1    binary      remaining
c        MB   reductions  conflicts         size   tier2    irredundant
c         level    restarts      redundant     glue    trail      variables
c
c x  8.99 17 34 19 48 9188 1 222582 21728 1.4 32 23 7 26 62% 504 3463 405 265%
c -  9.11 14 34 19 49 9189 1 225968 19296 1.4 32 23 7 26 62% 504 3463 405 265%
c ]  9.15 13 33 20 49 9190 1 227187 20387 1.4 32 23 7 26 62% 504 3463 405 265%
c {  9.15 13 25 20 49 9190 4 227187 20387 2.3 27 11 4 11 63% 504 3463 405 265%
c -  9.63 14 26 20 50 10438 5 232968 21617 2.3 27 12 4 11 63% 504 3463 405 265%
c o  9.67 14 26 20 50 10475 5 234619 23187 2.3 27 12 4 11 63% 504 3463 405 265%
c - 10.16 14 27 20 51 11491 5 240040 23905 2.2 27 12 4 11 63% 504 3463 405 265%
c - 10.73 14 27 20 52 12543 5 247182 25136 2.2 26 12 4 11 63% 504 3463 405 265%
c } 10.96 14 26 21 52 12727 5 253926 31638 2.3 27 12 4 11 63% 504 3463 405 265%
c [ 10.96 14 33 21 52 12727 1 253926 31638 1.4 32 23 7 26 62% 504 3463 405 265%
c I 10.96 14 33 21 52 12727 1 253926 31638 1.4 32 23 7 26 62% 504 3463 405 265%
c - 10.98 14 33 21 53 12727 1 254393 26121 1.4 32 23 7 26 62% 504 3463 405 265%
c - 11.22 14 33 21 54 12732 1 261675 25393 1.4 31 23 7 25 61% 504 3463 405 265%
c - 11.47 14 33 21 55 12736 1 269023 24792 1.4 31 23 7 25 60% 504 3463 405 265%
c u 11.60 15 33 21 55 12737 1 270987 26171 1.4 31 23 7 25 60% 504 3463 405 265%
c v 11.67 15 33 21 55 12737 1 270987 25770 1.4 31 23 7 25 60% 504 3463 405 265%
c w 11.71 18 33 21 55 12737 1 270987 25606 1.4 31 23 7 25 60% 504 3463 405 265%
c - 11.89 14 33 21 56 12740 1 276439 24060 1.4 31 23 7 25 60% 504 3463 405 265%
c - 12.16 14 32 21 57 12741 1 283922 23484 1.4 31 23 7 25 60% 504 3463 405 265%
c - 12.44 14 32 21 58 12745 1 291471 24564 1.4 30 23 7 25 59% 504 3463 405 265%
c
c seconds   switched     rate          size/glue  tier1    binary      remaining
c        MB   reductions   conflicts         size   tier2    irredundant
c         level    restarts       redundant     glue    trail      variables
c
c B 12.50 14 32 21 58 12747 1 293367 26195 1.4 30 23 7 25 59% 504 3463 405 265%
c - 12.68 14 32 21 59 12748 1 299086 24646 1.3 31 23 7 25 59% 504 3463 405 265%
c ] 12.75 14 33 22 59 12751 1 301317 26717 1.3 31 23 7 25 59% 504 3463 405 265%
c { 12.75 14 26 22 59 12751 5 301317 26717 2.3 27 12 4 11 63% 504 3463 405 265%
c o 12.97 13 26 22 59 12980 5 304623 29901 2.3 27 12 4 11 63% 504 3463 405 265%
c - 13.16 14 26 22 60 13204 5 306767 24797 2.3 27 12 4 11 63% 504 3463 405 265%
c - 13.58 14 26 22 61 13568 5 314513 27272 2.3 27 12 4 11 63% 504 3463 405 265%
c - 13.89 14 25 22 62 13673 4 322326 28814 2.4 27 11 4 11 63% 504 3463 405 265%
c e 13.93 12 25 22 62 13673 4 323692 30147 2.4 27 11 4 11 63% 433 4473 340 222%
c ! 13.93 12 25 22 62 13673 4 323692 30147 2.4 27 11 4 11 63% 433 4473 340 222%
c u 14.03 14 25 22 62 13680 4 324636 15151 2.4 27 11 4 11 63% 433 4473 340 222%
c v 14.10 15 25 22 62 13680 4 324636 15069 2.4 27 11 4 11 63% 433 4473 340 222%
c w 14.13 15 25 22 62 13680 4 324636 15039 2.4 27 11 4 11 63% 433 4473 340 222%
c f 14.14 12 25 22 62 13680 4 324636 15039 2.4 27 11 4 11 63% 449 4233 353 231%
c u 14.20 12 25 22 62 13680 4 324636 14352 2.4 27 11 4 11 63% 449 4233 353 231%
c v 14.28 12 25 22 62 13680 4 324636 14189 2.4 27 11 4 11 63% 449 4233 353 231%
c w 14.30 12 25 22 62 13680 4 324636 14057 2.4 27 11 4 11 63% 449 4233 353 231%
c - 14.56 11 25 22 63 13853 4 330200 16913 2.4 27 11 4 11 63% 449 4233 353 231%
c } 14.66 11 25 23 63 13980 4 332835 19459 2.5 27 11 4 11 64% 449 4233 353 231%
c [ 14.66 11 33 23 63 13980 1 332835 19459 1.3 31 23 7 25 59% 449 4233 353 231%
c
c seconds   switched     rate          size/glue  tier1    binary      remaining
c        MB   reductions   conflicts         size   tier2    irredundant
c         level    restarts       redundant     glue    trail      variables
c
c W 14.76 12 33 23 63 13983 1 337078 23559 1.4 31 23 7 25 60% 449 4233 353 231%
c - 14.79 12 33 23 64 13984 1 338137 21156 1.4 31 23 7 25 60% 449 4233 353 231%
c - 15.02 12 33 23 65 13987 1 346137 21874 1.4 31 23 7 25 60% 449 4233 353 231%
c - 15.25 14 33 23 66 13993 1 354199 20952 1.4 31 23 7 25 61% 449 4233 353 231%
c - 15.53 14 33 23 67 13994 1 362324 20188 1.4 31 23 7 25 61% 449 4233 353 231%
c - 15.82 14 33 23 68 13998 1 370509 20382 1.4 31 23 7 25 61% 449 4233 353 231%
c - 16.06 14 33 23 69 14002 1 378755 21586 1.4 32 23 7 25 61% 449 4233 353 231%
c u 16.20 15 33 23 69 14005 1 382123 24294 1.4 32 23 7 25 61% 449 4233 353 231%
c v 16.23 16 33 23 69 14005 1 382123 24159 1.4 32 23 7 25 61% 449 4233 353 231%
c w 16.26 18 33 23 69 14005 1 382123 24066 1.4 32 23 7 25 61% 449 4233 353 231%
c ] 16.32 14 33 24 69 14005 1 382873 24692 1.4 32 23 7 25 61% 449 4233 353 231%
c { 16.32 14 25 24 69 14005 4 382873 24692 2.5 27 11 4 11 64% 449 4233 353 231%
c o 16.47 14 25 24 69 14358 4 384626 26412 2.4 27 11 4 11 64% 449 4233 353 231%
c - 16.66 14 25 24 70 14767 4 387061 22033 2.4 27 11 4 11 64% 449 4233 353 231%
c - 17.32 14 26 24 71 16245 4 395428 24726 2.3 27 12 4 11 64% 449 4233 353 231%
c - 17.87 15 26 24 72 17203 5 403855 26725 2.3 27 12 4 11 64% 449 4233 353 231%
c - 18.64 14 27 24 73 18742 5 412341 26747 2.2 27 12 3 11 64% 449 4233 353 231%
c } 19.25 15 28 25 73 19894 5 419550 33786 2.2 27 12 3 11 64% 449 4233 353 231%
c [ 19.25 15 33 25 73 19894 1 419550 33786 1.4 32 23 7 25 61% 449 4233 353 231%
c O 19.25 15 33 25 73 19894 1 419550 33786 1.4 32 23 7 25 61% 449 4233 353 231%
c
c seconds   switched     rate          size/glue  tier1    binary      remaining
c        MB   reductions   conflicts         size   tier2    irredundant
c         level    restarts       redundant     glue    trail      variables
c
c - 19.30 15 33 25 74 19895 1 420886 27180 1.4 32 23 7 25 61% 449 4233 353 231%
c - 19.58 14 32 25 75 19900 1 429488 26742 1.4 31 23 7 25 62% 449 4233 353 231%
c - 19.88 15 31 25 76 19906 1 438149 25879 1.4 30 22 7 25 62% 449 4233 353 231%
c u 20.24 16 31 25 76 19908 1 444914 30149 1.4 30 22 7 25 62% 449 4233 353 231%
c v 20.35 17 31 25 76 19908 1 444914 29745 1.4 30 22 7 25 62% 449 4233 353 231%
c w 20.41 19 31 25 76 19908 1 444914 29679 1.4 30 22 7 25 62% 449 4233 353 231%
c - 20.49 15 31 25 77 19908 1 446866 24179 1.4 30 22 7 24 62% 449 4233 353 231%
c - 20.80 15 30 25 78 19911 1 455643 24907 1.4 30 21 7 24 62% 449 4233 353 231%
c e 20.91 13 30 25 78 19914 1 459380 28351 1.4 30 21 7 24 62% 443 4332 347 227%
c - 21.05 15 29 25 79 19915 1 464476 25413 1.4 30 21 7 24 62% 443 4332 347 227%
c B 21.28 15 29 25 79 19921 1 472337 32536 1.4 30 21 7 24 63% 443 4332 347 227%
c - 21.31 15 29 25 80 19922 1 473365 24913 1.4 30 21 7 24 63% 443 4332 347 227%
c - 21.56 15 30 25 81 19923 1 482312 22264 1.4 30 21 7 24 63% 443 4332 347 227%
c - 21.87 13 30 25 82 19924 1 491314 19493 1.4 30 21 7 24 63% 443 4332 347 227%
c - 22.17 14 30 25 83 19924 1 500369 20443 1.5 31 21 7 24 64% 443 4332 347 227%
c o 22.21 14 30 25 83 19925 1 501653 21574 1.4 31 21 7 24 64% 443 4332 347 227%
c ] 22.36 14 31 26 83 19928 1 505780 25459 1.4 31 22 7 24 64% 443 4332 347 227%
c { 22.36 14 28 26 83 19928 5 505780 25459 2.2 27 12 3 11 64% 443 4332 347 227%
c - 22.54 15 28 26 84 20206 5 509480 21895 2.2 27 12 3 11 64% 443 4332 347 227%
c u 22.81 15 28 26 84 20632 5 513108 24912 2.2 27 12 3 11 64% 443 4332 347 227%
c
c seconds   switched     rate          size/glue  tier1    binary      remaining
c        MB   reductions   conflicts         size   tier2    irredundant
c         level    restarts       redundant     glue    trail      variables
c
c v 22.88 16 28 26 84 20632 5 513108 24748 2.2 27 12 3 11 64% 443 4332 347 227%
c w 22.92 18 28 26 84 20632 5 513108 24743 2.2 27 12 3 11 64% 443 4332 347 227%
c f 22.92 13 28 26 84 20632 5 513108 24743 2.2 27 12 3 11 64% 451 4236 352 230%
c u 22.99 15 28 26 84 20632 5 513108 24416 2.2 27 12 3 11 64% 451 4236 352 230%
c v 23.06 16 28 26 84 20632 5 513108 24267 2.2 27 12 3 11 64% 451 4236 352 230%
c w 23.10 17 28 26 84 20632 5 513108 24262 2.2 27 12 3 11 64% 451 4236 352 230%
c - 23.42 15 28 26 85 21186 5 518645 23259 2.1 27 12 3 11 64% 451 4236 352 230%
c - 24.03 14 28 26 86 22287 5 527865 25779 2.1 27 13 3 11 64% 451 4236 352 230%
c - 24.52 15 28 26 87 22989 5 537142 27121 2.2 27 12 3 11 64% 451 4236 352 230%
c - 25.23 15 28 26 88 24119 5 546471 28153 2.1 27 13 3 11 64% 451 4236 352 230%
c } 25.34 15 28 27 88 24315 5 547999 29653 2.1 27 13 3 11 64% 451 4236 352 230%
c [ 25.34 15 31 27 88 24315 1 547999 29653 1.4 31 22 7 24 64% 451 4236 352 230%
c W 25.35 13 31 27 88 24315 1 547999 29653 1.4 31 22 7 24 64% 451 4236 352 230%
c - 25.61 15 31 27 89 24320 1 555851 27068 1.4 31 22 7 24 64% 451 4236 352 230%
c - 25.97 15 31 27 90 24325 1 565284 25418 1.4 31 21 7 24 64% 451 4236 352 230%
c - 26.36 15 30 27 91 24329 1 574770 26816 1.5 31 21 7 24 64% 451 4236 352 230%
c - 26.73 16 30 27 92 24332 1 584309 28248 1.5 31 21 7 24 64% 451 4236 352 230%
c u 26.92 17 30 27 92 24334 1 586760 29730 1.5 31 21 7 24 64% 451 4236 352 230%
c v 27.00 17 30 27 92 24334 1 586760 29042 1.5 31 21 7 24 64% 451 4236 352 230%
c w 27.06 20 30 27 92 24334 1 586760 28997 1.5 31 21 7 24 64% 451 4236 352 230%
c
c seconds   switched     rate          size/glue  tier1    binary      remaining
c        MB   reductions   conflicts         size   tier2    irredundant
c         level    restarts       redundant     glue    trail      variables
c
c - 27.35 16 30 27 93 24337 1 593901 27284 1.5 30 21 7 23 64% 451 4236 352 230%
c - 27.72 16 29 27 94 24343 1 603545 27334 1.5 30 20 7 23 64% 451 4236 352 230%
c I 27.96 15 29 27 94 24344 1 610553 33703 1.5 30 20 7 23 64% 451 4236 352 230%
c o 27.96 15 29 27 94 24344 1 610553 33703 1.5 30 20 7 23 64% 451 4236 352 230%
c - 28.04 15 30 27 95 24344 1 613241 26721 1.5 30 20 7 23 64% 451 4236 352 230%
c ] 28.04 14 30 28 95 24344 1 613281 26761 1.5 30 20 7 23 64% 451 4236 352 230%
c { 28.04 14 28 28 95 24344 5 613281 26761 2.1 27 13 3 11 64% 451 4236 352 230%
c - 28.59 16 28 28 96 25195 5 622988 27301 2.1 27 13 3 11 64% 451 4236 352 230%
c e 28.76 13 28 28 96 25476 5 626021 30258 2.1 27 13 3 11 65% 450 4249 351 229%
c - 29.29 15 29 28 97 26324 5 632785 28610 2.1 27 13 3 11 65% 450 4249 351 229%
c - 30.07 16 29 28 98 27532 5 642634 29771 2.1 27 13 3 11 65% 450 4249 351 229%
c - 30.87 16 29 28 99 28709 5 652535 30641 2.1 27 13 3 11 65% 450 4249 351 229%
c } 31.54 15 29 29 99 29706 5 661421 39263 2.1 27 13 3 11 65% 450 4249 351 229%
c [ 31.54 15 30 29 99 29706 1 661421 39263 1.5 30 20 7 23 64% 450 4249 351 229%
c - 31.58 15 30 29 100 29707 1 662485 31311 1.5 30 20 7 23 64% 450 4249 351 229%
c u 31.80 13 30 29 100 29709 1 665979 33814 1.5 30 20 7 23 64% 450 4249 351 229%
c v 31.90 13 30 29 100 29709 1 665979 33738 1.5 30 20 7 23 64% 450 4249 351 229%
c w 31.95 19 30 29 100 29709 1 665979 33659 1.5 30 20 7 23 64% 450 4249 351 229%
c x 32.03 19 30 29 100 29709 1 665979 33658 1.5 30 20 7 23 64% 450 4245 351 229%
c - 32.85 16 30 29 101 29712 1 672485 28327 1.5 31 20 7 23 64% 450 4245 351 229%
c
c seconds   switched      rate          size/glue  tier1    binary      remaining
c        MB   reductions    conflicts         size   tier2    irredundant
c         level     restarts       redundant     glue    trail      variables
c
c B 33.07 16 30 29 101 29716 1 678235 33739 1.5 31 21 7 23 65% 450 4245 351 229%
c - 33.22 16 30 29 102 29719 1 682536 24555 1.5 31 21 7 23 65% 450 4245 351 229%
c - 33.57 16 31 29 103 29720 1 692635 22855 1.5 31 21 7 23 65% 450 4245 351 229%
c - 33.94 14 31 29 104 29727 1 702783 21963 1.5 31 21 7 23 65% 450 4245 351 229%
c - 34.30 15 31 29 105 29733 1 712982 22254 1.5 31 22 7 23 65% 450 4245 351 229%
c - 34.65 15 32 29 106 29735 1 723229 22238 1.4 32 22 7 23 65% 450 4245 351 229%
c - 35.03 15 32 29 107 29736 1 733524 21072 1.4 32 22 7 23 65% 450 4245 351 229%
c - 35.40 15 32 29 108 29737 1 743868 21921 1.4 32 22 7 24 65% 450 4245 351 229%
c u 35.73 16 32 29 108 29742 1 750806 27720 1.4 32 23 7 24 65% 450 4245 351 229%
c v 35.80 16 32 29 108 29742 1 750806 27101 1.4 32 23 7 24 65% 450 4245 351 229%
c w 35.85 19 32 29 108 29742 1 750806 26993 1.4 32 23 7 24 65% 450 4245 351 229%
c o 35.86 19 32 29 108 29742 1 750806 26993 1.4 32 23 7 24 65% 450 4245 351 229%
c W 35.90 13 33 29 108 29742 1 751211 27379 1.4 32 23 7 24 65% 450 4245 351 229%
c ] 35.94 13 33 30 108 29743 1 752350 28396 1.4 32 23 7 24 65% 450 4245 351 229%
c { 35.94 13 29 30 108 29743 5 752350 28396 2.1 27 13 3 11 65% 450 4245 351 229%
c - 36.06 13 29 30 109 29975 5 754260 22752 2.0 27 13 3 11 65% 450 4245 351 229%
c - 36.53 13 29 30 110 30673 5 764701 26700 2.1 27 13 3 11 65% 450 4245 351 229%
c - 37.18 13 29 30 111 31747 5 775191 30926 2.0 27 13 3 11 65% 450 4245 351 229%
c - 37.90 14 30 30 112 32837 5 785726 32449 2.0 27 13 3 11 65% 450 4245 351 229%
c - 38.57 14 30 30 113 33754 5 796309 33391 2.0 27 13 3 11 65% 450 4245 351 229%
c
c seconds   switched      rate          size/glue  tier1    binary      remaining
c        MB   reductions    conflicts         size   tier2    irredundant
c         level     restarts       redundant     glue    trail      variables
c
c } 39.16 14 29 31 113 34444 5 806785 43576 2.0 27 13 3 11 65% 450 4245 351 229%
c [ 39.16 14 33 31 113 34444 1 806785 43576 1.4 32 23 7 24 65% 450 4245 351 229%
c - 39.17 14 33 31 114 34444 1 806940 34256 1.4 32 23 7 24 65% 450 4245 351 229%
c - 39.52 14 32 31 115 34450 1 817618 33169 1.4 32 22 7 23 65% 450 4245 351 229%
c - 39.96 14 32 31 116 34457 1 828341 30306 1.4 32 22 7 23 65% 450 4245 351 229%
c O 40.00 14 32 31 116 34457 1 829641 31506 1.4 32 22 7 23 65% 450 4245 351 229%
c - 40.33 14 31 31 117 34458 1 839114 30637 1.5 31 21 7 23 65% 450 4245 351 229%
c u 40.55 14 31 31 117 34460 1 841330 31679 1.5 31 21 7 23 65% 450 4245 351 229%
c v 40.67 14 31 31 117 34460 1 841330 30872 1.5 31 21 7 23 65% 450 4245 351 229%
c w 40.74 19 31 31 117 34460 1 841330 30812 1.5 31 21 7 23 65% 450 4245 351 229%
c - 41.08 17 31 31 118 34465 1 849930 30689 1.5 31 21 7 23 64% 450 4245 351 229%
c - 41.47 17 30 31 119 34472 1 860794 30809 1.5 31 21 7 23 64% 450 4245 351 229%
c - 41.85 17 30 31 120 34473 1 871703 29931 1.5 31 21 7 23 64% 450 4245 351 229%
c - 42.31 17 30 31 121 34474 1 882657 28181 1.5 31 21 7 23 64% 450 4245 351 229%
c ] 42.62 17 30 32 121 34476 1 890538 35387 1.5 31 21 7 23 64% 450 4245 351 229%
c { 42.62 17 29 32 121 34476 5 890538 35387 2.0 27 13 3 11 65% 450 4245 351 229%
c o 42.63 17 29 32 121 34477 5 890564 35410 2.0 27 13 3 11 65% 450 4245 351 229%
c - 42.89 16 29 32 122 34875 5 893658 29705 2.0 27 13 3 11 65% 450 4245 351 229%
c - 43.61 17 30 32 123 35850 5 904703 32868 2.0 27 14 3 11 65% 450 4245 351 229%
c - 44.38 17 30 32 124 36760 5 915794 34408 2.0 27 14 3 11 65% 450 4245 351 229%
c
c seconds   switched      rate          size/glue  tier1    binary      remaining
c        MB   reductions    conflicts         size   tier2    irredundant
c         level     restarts       redundant     glue    trail      variables
c
c - 44.91 16 29 32 125 37101 4 926929 35632 2.1 28 13 3 11 65% 450 4245 351 229%
c u 45.96 19 29 32 125 38141 4 937616 45217 2.0 28 13 3 11 65% 450 4245 351 229%
c v 46.14 20 29 32 125 38141 4 937616 45177 2.0 28 13 3 11 65% 450 4245 351 229%
c w 46.21 21 29 32 125 38141 4 937616 45170 2.0 28 13 3 11 65% 450 4245 351 229%
c - 46.28 17 29 32 126 38187 4 938109 35446 2.0 28 13 3 11 65% 450 4245 351 229%
c - 47.23 17 29 32 127 39341 4 949333 35668 2.0 28 14 3 11 65% 450 4245 351 229%
c } 47.39 16 29 33 127 39514 4 951645 37890 2.0 28 14 3 11 65% 450 4245 351 229%
c [ 47.39 16 30 33 127 39514 1 951645 37890 1.5 31 21 7 23 64% 450 4245 351 229%
c B 47.39 16 30 33 127 39514 1 951645 37890 1.5 31 21 7 23 64% 450 4245 351 229%
c - 47.76 17 30 33 128 39520 1 960603 33963 1.5 31 21 7 23 64% 450 4245 351 229%
c - 48.24 17 30 33 129 39526 1 971917 31396 1.5 31 20 7 23 64% 450 4245 351 229%
c - 48.73 17 30 33 130 39528 1 983274 31382 1.5 30 20 7 23 64% 450 4245 351 229%
c - 49.23 16 30 33 131 39535 1 994675 30651 1.5 30 21 7 23 64% 450 4245 351 229%
c - 49.68 17 29 33 132 39542 1 1006121 31548 1.5 30 20 6 23 65% 450 4245 351 229%
c - 50.17 17 29 33 133 39544 1 1017610 32308 1.5 30 20 6 23 65% 450 4245 351 229%
c - 50.69 16 29 33 134 39544 1 1029143 32238 1.5 30 20 6 23 65% 450 4245 351 229%
c ] 51.17 16 30 34 134 39549 1 1039031 41189 1.5 31 21 6 23 65% 450 4245 351 229%
c { 51.17 16 29 34 134 39549 4 1039031 41189 2.0 28 14 3 11 65% 450 4245 351 229%
c o 51.17 17 29 34 134 39558 4 1039070 41228 2.0 28 14 3 11 65% 450 4245 351 229%
c u 51.36 19 29 34 134 39564 4 1039731 41047 2.0 28 14 3 11 65% 450 4245 351 229%
c
c seconds   switched      rate           size/glue  tier1    binary      remaining
c        MB   reductions     conflicts         size   tier2    irredundant
c         level     restarts        redundant     glue    trail      variables
c
c v 51.49 19 29 34 134 39564 4 1039731 40025 2.0 28 14 3 11 65% 450 4245 351 229%
c w 51.58 24 29 34 134 39564 4 1039731 40013 2.0 28 14 3 11 65% 450 4245 351 229%
c - 51.63 17 29 34 135 39564 4 1040718 30485 2.0 28 14 3 11 65% 450 4245 351 229%
c - 52.01 17 28 34 136 39580 4 1052336 33796 2.0 27 13 3 12 65% 450 4245 351 229%
c - 52.42 17 26 34 137 39587 4 1063998 36281 2.0 27 13 3 12 65% 450 4245 351 229%
c - 52.83 17 25 34 138 39621 3 1075703 37601 2.1 27 13 3 12 65% 450 4245 351 229%
c - 53.23 17 25 34 139 39632 3 1087451 38629 2.1 27 13 3 12 65% 450 4245 351 229%
c - 53.64 18 24 34 140 39634 3 1099240 38434 2.1 28 13 3 12 65% 450 4245 351 229%
c } 53.94 17 23 35 140 39687 3 1107179 46119 2.2 28 13 3 12 65% 450 4245 351 229%
c [ 53.94 17 30 35 140 39687 1 1107179 46119 1.5 31 21 6 23 65% 450 4245 351 229%
c W 53.99 15 30 35 140 39687 1 1107179 46119 1.5 31 21 6 23 65% 450 4245 351 229%
c - 54.15 15 30 35 141 39689 1 1111072 37290 1.5 31 21 6 23 65% 450 4245 351 229%
c - 54.62 15 30 35 142 39696 1 1122946 33122 1.5 31 21 6 23 65% 450 4245 351 229%
c - 55.11 15 31 35 143 39701 1 1134862 28255 1.5 31 21 6 23 65% 450 4245 351 229%
c - 55.67 15 31 35 144 39707 1 1146820 28329 1.5 31 21 6 23 65% 450 4245 351 229%
c u 55.83 15 31 35 144 39707 1 1147740 28316 1.5 31 21 6 23 65% 450 4245 351 229%
c v 55.94 15 31 35 144 39707 1 1147740 27852 1.5 31 21 6 23 65% 450 4245 351 229%
c w 56.00 21 31 35 144 39707 1 1147740 27834 1.5 31 21 6 23 65% 450 4245 351 229%
c - 56.47 18 31 35 145 39714 1 1158820 27996 1.5 31 21 6 23 65% 450 4245 351 229%
c ] 56.48 17 31 36 145 39714 1 1159110 28268 1.5 31 21 6 23 65% 450 4245 351 229%
c
c seconds   switched      rate           size/glue  tier1    binary      remaining
c        MB   reductions     conflicts         size   tier2    irredundant
c         level     restarts        redundant     glue    trail      variables
c
c { 56.48 17 23 36 145 39714 3 1159110 28268 2.2 28 13 3 12 65% 450 4245 351 229%
c - 57.31 18 24 36 146 41030 3 1170863 31846 2.1 28 13 3 12 65% 450 4245 351 229%
c o 57.99 17 24 36 146 42019 3 1179365 40130 2.1 28 13 3 12 65% 450 4245 351 229%
c - 58.28 18 25 36 147 42360 3 1182949 35245 2.1 28 13 3 12 65% 450 4245 351 229%
c - 59.26 18 25 36 148 43524 3 1195074 36838 2.1 28 13 3 12 65% 450 4245 351 229%
c - 60.29 17 26 36 149 44753 4 1207239 37871 2.1 27 13 3 12 65% 450 4245 351 229%
c - 60.81 19 25 36 150 44961 3 1219446 38867 2.1 28 13 3 12 65% 450 4245 351 229%
c - 61.58 18 25 36 151 45665 3 1231693 39816 2.1 28 13 3 12 65% 450 4245 351 229%
c } 61.84 18 25 37 151 45953 3 1234667 42724 2.1 28 13 3 12 66% 450 4245 351 229%
c [ 61.84 18 31 37 151 45953 1 1234667 42724 1.5 31 21 6 23 65% 450 4245 351 229%
c I 61.84 18 31 37 151 45953 1 1234667 42724 1.5 31 21 6 23 65% 450 4245 351 229%
c - 62.26 18 31 37 152 45959 1 1243983 37021 1.4 31 22 6 23 64% 450 4245 351 229%
c - 62.76 19 32 37 153 45966 1 1256312 31639 1.4 32 22 6 23 64% 450 4245 351 229%
c u 63.11 19 32 37 153 45967 1 1261710 35638 1.4 32 22 6 23 64% 450 4245 351 229%
c v 63.25 20 32 37 153 45967 1 1261710 34948 1.4 32 22 6 23 64% 450 4245 351 229%
c w 63.32 22 32 37 153 45967 1 1261710 34423 1.4 32 22 6 23 64% 450 4245 351 229%
c x 63.41 22 32 37 153 45967 1 1261710 34423 1.4 32 22 6 23 64% 450 4244 351 229%
c - 63.73 18 32 37 154 45969 1 1268683 27584 1.4 32 22 6 23 64% 450 4244 351 229%
c - 64.27 18 32 37 155 45976 1 1281093 27293 1.4 32 22 6 23 65% 450 4244 351 229%
c - 64.81 18 32 37 156 45982 1 1293542 27417 1.4 32 23 6 23 65% 450 4244 351 229%
c
c seconds   switched      rate           size/glue  tier1    binary      remaining
c        MB   reductions     conflicts         size   tier2    irredundant
c         level     restarts        redundant     glue    trail      variables
c
c - 65.36 18 33 37 157 45983 1 1306035 27671 1.4 32 23 6 23 65% 450 4244 351 229%
c - 65.92 18 33 37 158 45985 1 1318565 27551 1.4 32 23 6 23 65% 450 4244 351 229%
c - 66.46 18 33 37 159 45993 1 1331137 27985 1.4 33 23 6 23 65% 450 4244 351 229%
c B 66.70 17 33 37 159 45996 1 1336444 32616 1.4 33 24 6 23 65% 450 4244 351 229%
c o 66.70 17 33 37 159 45996 1 1336444 32616 1.4 33 24 6 23 65% 450 4244 351 229%
c ] 66.94 18 33 38 159 45998 1 1342786 38426 1.4 33 23 6 23 65% 450 4244 351 229%
c { 66.94 18 25 38 159 45998 3 1342786 38426 2.1 28 13 3 12 66% 450 4244 351 229%
c - 67.02 18 25 38 160 46069 3 1343746 28241 2.1 28 13 3 12 65% 450 4244 351 229%
c - 67.56 18 25 38 161 46314 3 1356397 34123 2.2 28 13 3 12 65% 450 4244 351 229%
c - 68.38 19 25 38 162 46790 3 1369086 38423 2.2 28 13 3 12 65% 450 4244 351 229%
c u 69.48 20 24 38 162 47231 3 1381709 49737 2.2 28 12 3 12 65% 450 4244 351 229%
c v 69.73 22 24 38 162 47231 3 1381709 49649 2.2 28 12 3 12 65% 450 4244 351 229%
c w 69.82 23 24 38 162 47231 3 1381709 49637 2.2 28 12 3 12 65% 450 4244 351 229%
c - 69.88 19 24 38 163 47253 3 1381813 40322 2.2 28 12 3 12 65% 450 4244 351 229%
c - 70.78 19 24 38 164 47676 3 1394581 41888 2.2 27 12 3 12 65% 450 4244 351 229%
c - 71.97 19 24 38 165 48364 3 1407388 43095 2.3 27 12 3 12 65% 450 4244 351 229%
c - 73.31 18 23 38 166 49297 3 1420233 44419 2.2 27 12 3 12 64% 450 4244 351 229%
c } 73.92 19 23 39 166 49683 3 1426121 49978 2.2 27 12 3 12 64% 450 4244 351 229%
c [ 73.92 19 33 39 166 49683 1 1426121 49978 1.4 33 23 6 23 65% 450 4244 351 229%
c - 74.26 19 32 39 167 49688 1 1433117 45210 1.4 32 23 6 23 64% 450 4244 351 229%
c
c seconds   switched      rate           size/glue  tier1    binary      remaining
c        MB   reductions     conflicts         size   tier2    irredundant
c         level     restarts        redundant     glue    trail      variables
c
c W 74.83 16 32 39 167 49694 1 1444432 54849 1.4 32 22 6 23 64% 450 4244 351 229%
c - 74.91 16 32 39 168 49695 1 1446039 43474 1.4 32 23 6 23 64% 450 4244 351 229%
c - 75.50 16 32 39 169 49698 1 1459003 40013 1.4 32 23 6 23 64% 450 4244 351 229%
c - 76.05 16 32 39 170 49705 1 1472005 37725 1.4 32 22 6 23 65% 450 4244 351 229%
c - 76.67 16 32 39 171 49712 1 1485044 37569 1.4 32 22 6 23 65% 450 4244 351 229%
c - 77.37 16 32 39 172 49713 1 1498120 36671 1.4 32 23 6 23 65% 450 4244 351 229%
c u 78.11 21 32 39 172 49713 1 1507768 44593 1.4 32 22 6 23 65% 450 4244 351 229%
c v 78.36 21 32 39 172 49713 1 1507768 43689 1.4 32 22 6 23 65% 450 4244 351 229%
c w 78.47 25 32 39 172 49713 1 1507768 43635 1.4 32 22 6 23 65% 450 4244 351 229%
c o 78.48 25 32 39 172 49713 1 1507768 43635 1.4 32 22 6 23 65% 450 4244 351 229%
c - 78.65 19 32 39 173 49716 1 1511234 36183 1.4 32 22 6 23 65% 450 4244 351 229%
c - 79.16 19 31 39 174 49723 1 1524386 40635 1.5 32 22 6 23 65% 450 4244 351 229%
c - 79.73 18 31 39 175 49728 1 1537576 41977 1.5 32 22 6 23 65% 450 4244 351 229%
c - 80.37 19 31 39 176 49735 1 1550805 40494 1.5 32 22 6 23 65% 450 4244 351 229%
c ] 80.49 18 31 40 176 49736 1 1553546 43013 1.5 32 22 6 23 65% 450 4244 351 229%
c { 80.49 18 23 40 176 49736 3 1553546 43013 2.2 27 12 3 12 64% 450 4244 351 229%
c - 81.97 19 24 40 177 51705 3 1564071 41699 2.2 27 12 3 12 64% 450 4244 351 229%
c - 83.72 19 25 40 178 53848 4 1577375 44715 2.1 27 13 3 12 64% 450 4244 351 229%
c - 85.08 19 26 40 179 55206 4 1590716 46431 2.1 27 13 3 12 64% 450 4244 351 229%
c - 86.38 20 26 40 180 56429 4 1604095 47857 2.1 27 13 3 12 65% 450 4244 351 229%
c
c seconds   switched      rate           size/glue  tier1    binary      remaining
c        MB   reductions     conflicts         size   tier2    irredundant
c         level     restarts        redundant     glue    trail      variables
c
c - 88.11 20 26 40 181 58078 4 1617511 48463 2.1 27 13 3 12 65% 450 4244 351 229%
c - 89.60 20 26 40 182 59320 4 1630964 49113 2.1 27 13 3 12 65% 450 4244 351 229%
c u 91.21 22 27 40 182 60522 4 1639952 55784 2.1 27 13 3 12 65% 450 4244 351 229%
c v 91.61 23 27 40 182 60522 4 1639952 55715 2.1 27 13 3 12 65% 450 4244 351 229%
c w 91.78 23 27 40 182 60522 4 1639952 55703 2.1 27 13 3 12 65% 450 4244 351 229%
c - 92.08 20 27 40 183 60667 4 1644454 47630 2.1 27 13 3 12 65% 450 4244 351 229%
c } 92.11 19 27 41 183 60667 4 1645020 48161 2.1 27 13 3 12 65% 450 4244 351 229%
c [ 92.11 19 31 41 183 60667 1 1645020 48161 1.5 32 22 6 23 65% 450 4244 351 229%
c O 92.11 19 31 41 183 60667 1 1645020 48161 1.5 32 22 6 23 65% 450 4244 351 229%
c - 92.71 19 30 41 184 60674 1 1657982 47086 1.5 32 21 6 23 65% 450 4244 351 229%
c - 93.41 20 29 41 185 60681 1 1671548 44908 1.5 31 21 6 23 65% 450 4244 351 229%
c - 94.09 19 29 41 186 60687 1 1685149 43237 1.5 31 21 6 23 65% 450 4244 351 229%
c - 94.76 18 28 41 187 60695 1 1698788 44244 1.5 30 20 6 23 64% 450 4244 351 229%
c - 95.41 20 29 41 188 60697 1 1712464 43708 1.5 31 21 6 23 64% 450 4244 351 229%
c - 96.09 19 29 41 189 60697 1 1726176 38844 1.5 31 21 6 23 64% 450 4244 351 229%
c - 96.79 19 30 41 190 60705 1 1739924 37888 1.5 31 22 6 23 64% 450 4244 351 229%
c - 97.56 19 30 41 191 60712 1 1753709 38207 1.4 31 22 6 23 64% 450 4244 351 229%
c B 98.21 17 30 41 191 60717 1 1765856 49010 1.4 31 22 6 23 64% 450 4244 351 229%
c o 98.21 17 30 41 191 60717 1 1765856 49010 1.4 31 22 6 23 64% 450 4244 351 229%
c - 98.29 19 30 41 192 60718 1 1767530 39655 1.4 31 22 6 23 64% 450 4244 351 229%
c
c seconds   switched      rate           size/glue  tier1    binary      remaining
c        MB   reductions     conflicts         size   tier2    irredundant
c         level     restarts        redundant     glue    trail      variables
c
c u 98.94 21 30 41 192 60724 1 1778328 47804 1.4 31 22 6 23 64% 450 4244 351 229%
c v 99.16 22 30 41 192 60724 1 1778328 46729 1.4 31 22 6 23 64% 450 4244 351 229%
c w 99.27 25 30 41 192 60724 1 1778328 46699 1.4 31 22 6 23 64% 450 4244 351 229%
c - 99.44 19 30 41 193 60726 1 1781387 38376 1.4 31 22 6 23 64% 450 4244 351 229%
c - 100.08 19 31 41 194 60728 1 1795281 36274 1.4 32 22 6 23 64% 450 4244 351 229%
c - 100.76 18 31 41 195 60729 1 1809209 35026 1.4 32 22 6 23 64% 450 4244 351 229%
c ] 101.19 19 31 42 195 60729 1 1818092 43058 1.4 32 22 6 23 64% 450 4244 351 229%
c { 101.19 19 27 42 195 60729 4 1818092 43058 2.1 27 13 3 12 65% 450 4244 351 229%
c - 101.58 18 27 42 196 61142 4 1823173 36100 2.1 27 13 3 12 65% 450 4244 351 229%
c - 102.87 19 27 42 197 62675 4 1837173 40864 2.1 27 13 3 12 65% 450 4244 351 229%
c - 104.04 19 27 42 198 63851 4 1851209 44460 2.1 27 13 3 12 65% 450 4244 351 229%
c - 105.47 19 27 42 199 65214 4 1865280 46093 2.0 27 13 3 12 65% 450 4244 351 229%
c - 106.82 20 28 42 200 66343 4 1879388 47231 2.0 28 13 3 12 65% 450 4244 351 229%
c - 108.59 19 28 42 201 68057 4 1893530 47989 2.0 28 14 3 12 65% 450 4244 351 229%
c - 109.87 19 28 42 202 69023 4 1907707 48731 2.0 28 14 3 12 65% 450 4244 351 229%
c } 110.64 19 28 43 202 69488 4 1918065 58770 2.1 28 14 3 12 65% 450 4244 351 229%
c [ 110.64 19 31 43 202 69488 1 1918065 58770 1.4 32 22 6 23 64% 450 4244 351 229%
c W 110.75 16 31 43 202 69488 1 1918065 58770 1.4 32 22 6 23 64% 450 4244 351 229%
c - 110.93 16 31 43 203 69490 1 1921919 48999 1.4 32 22 6 23 64% 450 4244 351 229%
c u 111.28 21 31 43 203 69491 1 1922894 47804 1.4 32 22 6 23 64% 450 4244 351 229%
c
c seconds    switched      rate           size/glue  tier1    binary      remaining
c         MB   reductions     conflicts         size   tier2    irredundant
c          level     restarts        redundant     glue    trail      variables
c
c v 111.65 23 31 43 203 69491 1 1922894 47713 1.4 32 22 6 23 64% 450 4244 351 229%
c w 111.79 23 31 43 203 69491 1 1922894 47674 1.4 32 22 6 23 64% 450 4244 351 229%
c - 112.45 20 31 43 204 69499 1 1936166 43007 1.4 32 22 6 23 64% 450 4244 351 229%
c - 113.09 20 31 43 205 69502 1 1950451 38258 1.4 32 22 6 23 64% 450 4244 351 229%
c - 113.81 19 31 43 206 69511 1 1964768 37024 1.4 32 22 6 23 64% 450 4244 351 229%
c - 114.55 20 31 43 207 69517 1 1979120 36687 1.4 32 22 6 23 64% 450 4244 351 229%
c - 115.26 19 31 43 208 69518 1 1993507 36875 1.4 32 22 6 23 64% 450 4244 351 229%
c - 116.00 19 31 43 209 69524 1 2007930 37206 1.4 32 22 6 23 64% 450 4244 351 229%
c - 116.78 19 31 43 210 69532 1 2022386 37642 1.4 32 22 6 23 65% 450 4244 351 229%
c - 117.46 19 31 43 211 69536 1 2036877 38293 1.4 32 22 6 23 65% 450 4244 351 229%
c - 118.24 20 31 43 212 69545 1 2051402 37557 1.4 32 22 6 23 65% 450 4244 351 229%
c I 118.28 19 31 43 212 69546 1 2052304 38349 1.4 32 22 6 23 65% 450 4244 351 229%
c o 118.29 19 31 43 212 69546 1 2052304 38349 1.4 32 22 6 23 65% 450 4244 351 229%
c - 118.82 20 34 43 213 69549 1 2065963 36849 1.4 33 23 6 23 65% 450 4244 351 229%
c u 119.39 22 35 43 213 69549 1 2073749 43146 1.4 33 23 6 23 65% 450 4244 351 229%
c v 119.61 22 35 43 213 69549 1 2073749 42054 1.4 33 23 6 23 65% 450 4244 351 229%
c w 119.73 25 35 43 213 69549 1 2073749 41999 1.4 33 23 6 23 65% 450 4244 351 229%
c caught signal 15 (SIGTERM)
c
c ---- [ profiling ] ---------------------------------------------------------
c
c         109.50   91.27 %  search
c          58.00   48.35 %  focused
c          51.49   42.92 %  stable
c          10.14    8.45 %  probe
c          10.02    8.35 %  simplify
c           8.53    7.11 %  vivify
c           0.93    0.78 %  reduce
c           0.90    0.75 %  sweep
c           0.45    0.38 %  factor
c           0.44    0.36 %  preprocess
c           0.27    0.23 %  walking
c           0.24    0.20 %  substitute
c           0.04    0.04 %  eliminate
c           0.02    0.01 %  parse
c           0.01    0.01 %  congruence
c           0.01    0.01 %  subsume
c           0.01    0.00 %  transitive
c           0.00    0.00 %  lucky
c           0.00    0.00 %  backbone
c =============================================
c         119.97  100.00 %  total
c
c ---- [ statistics ] --------------------------------------------------------
c
c conflicts:                          2079128            17330.32 per second
c decisions:                          4863302                2.34 per conflict
c eliminated:                             144               94 %  variables
c factored:                               342              224 %  variables
c propagations:                     157321303          1311332    per second
c reductions:                             213             9761    interval
c reordered:                               19           109428    interval
c rephased:                                33            63004    interval
c restarts:                             69549               30    interval
c subsumed:                               795                0 %  checks
c switched:                                43            48352    interval
c vivified:                             65855               56 %  checks
c walks:                                   11           189012    interval
c
c ---- [ glue usage ] --------------------------------------------------------
c
c focused glue 3    used 609792 clauses 17.92% accumulated 57.16% tier1
c focused glue 4    used 302175 clauses  8.88% accumulated 66.05%
c focused glue 5-10 used 739205 clauses 21.73% accumulated 87.77%
c focused glue 11   used  67380 clauses  1.98% accumulated 89.75%
c focused glue 12   used  62924 clauses  1.85% accumulated 91.60% tier2
c
c stable glue 6    used  500651 clauses  7.12% accumulated 51.49% tier1
c stable glue 7    used  421065 clauses  5.99% accumulated 57.48%
c stable glue 8-21 used 2176602 clauses 30.96% accumulated 88.44%
c stable glue 22   used   83045 clauses  1.18% accumulated 89.62%
c stable glue 23   used   80981 clauses  1.15% accumulated 90.78% tier2
c
c ---- [ resources ] ---------------------------------------------------------
c
c maximum-resident-set-size:         25743360 bytes         25 MB
c process-time:                             2m             119.97 seconds
c raising signal 15 (SIGTERM)
