c ---- [ banner ] ------------------------------------------------------------
c
c Kissat SAT Solver
c 
c Copyright (c) 2021-2024 Armin Biere University of Freiburg
c Copyright (c) 2019-2021 Armin Biere Johannes Kepler University Linz
c 
c Version 4.0.4 8af8e56f174b778aef3aa45af9f739b2a5f492c2
c gcc (Ubuntu 13.3.0-6ubuntu2~24.04.1) 13.3.0 -W -Wall -O3 -DNDEBUG
c Wed Apr 15 20:10:47 EEST 2026 Linux cluster-4 6.17.0-14-generic x86_64
c
c ---- [ parsing ] -----------------------------------------------------------
c
c opened and reading DIMACS file:
c
c   tmp.cnf
c
c parsed 'p cnf 153 461448' header
c closing input after reading 11301875 bytes (11 MB)
c finished parsing after 0.10 seconds
c
c ---- [ solving ] -----------------------------------------------------------
c
c seconds switched rate     size/glue tier1 binary        remaining
c        MB reductions conflicts size  tier2   irredundant
c         level restarts redundant glue  trail        variables
c
c *  0.10 29 0 0 0  0 0   0   0 0.0 0 0 0 0 0%   0 461448 153 100%
c (  0.12 40 0 0 0  0 0   0   0 0.0 0 0 0 0 0%   0 461448 153 100%
c .  0.12 40 0 0 0  0 0   0   0 0.0 0 0 0 0 0%   0 461448 153 100%
c f  2.80 33 0 0 0  0 0   0   0 0.0 0 0 0 0 0%   6 431418 154 101%
c )  2.81 38 0 0 0  0 0   0   0 0.0 0 0 0 0 0%   6 431418 154 101%
c {  2.83 41 0 0 0  0 0   0   0 0.0 0 0 2 6 0%   6 431418 154 101%
c -  2.97 45 24 0 1 83 2 1000 615 1.8 20 11 8 15 61%   6 431418 154 101%
c }  2.97 45 24 1 1 83 2 1000 615 1.8 20 11 8 15 61%   6 431418 154 101%
c [  2.97 45 0 1 1 83 0 1000 615 0.0 0 0 2 6 0%   6 431418 154 101%
c B  2.97 45 35 1 1 83 9 1003 618 1.4 17 12 2 6 69%   6 431418 154 101%
c -  3.07 45 35 1 2 83 2 2000 1408 1.6 26 17 10 25 66%   6 431418 154 101%
c W  3.10 46 35 1 2 83 2 2005 1413 1.6 26 17 10 25 66%   6 431418 154 101%
c ]  3.15 47 32 2 2 84 2 2465 1826 1.8 27 15 9 24 68%   6 431418 154 101%
c {  3.15 47 24 2 2 84 2 2465 1826 1.8 20 11 8 15 61%   6 431418 154 101%
c u  3.21 47 24 2 2 92 2 2683 2013 1.9 21 11 8 15 63%   6 431418 154 101%
c v  3.23 47 24 2 2 92 2 2683 2012 1.9 21 11 8 15 63%   6 431418 154 101%
c w  3.25 48 24 2 2 92 2 2683 2012 1.9 21 11 8 15 63%   6 431418 154 101%
c x  3.27 48 24 2 2 92 2 2683 2012 1.9 21 11 8 15 63%   6 431307 154 101%
c -  3.55 51 28 2 3 242 3 3415 2518 1.8 21 12 9 16 65%   6 431307 154 101%
c }  3.56 51 28 3 3 246 3 3465 2565 1.7 21 12 9 16 65%   6 431307 154 101%
c
c seconds  switched  rate       size/glue  tier1    binary        remaining
c        MB reductions conflicts      size   tier2     irredundant
c         level restarts   redundant     glue    trail        variables
c
c [  3.56 51 32 3 3 246 2 3465 2565 1.8 27 15 9 24 68%   6 431307 154 101%
c I  3.69 51 31 3 3 246 2 4264 3287 1.8 26 15 9 24 67%   6 431307 154 101%
c -  3.81 52 29 3 4 247 2 5149 3594 1.7 24 15 9 22 63%   6 431307 154 101%
c ]  3.84 52 29 4 4 247 2 5369 3744 1.7 24 14 9 22 63%   6 431307 154 101%
c {  3.84 52 28 4 4 247 3 5369 3744 1.7 21 12 9 16 65%   6 431307 154 101%
c -  4.09 46 23 4 5 299 2 7150 4717 1.9 21 11 9 15 66%   6 431307 154 101%
c }  4.14 46 22 5 5 299 2 7721 5225 1.9 21 11 9 15 66%   6 431307 154 101%
c [  4.14 46 29 5 5 299 2 7721 5225 1.7 24 14 9 22 63%   6 431307 154 101%
c B  4.16 46 28 5 5 299 2 8038 5473 1.7 24 14 9 22 62%   6 431307 154 101%
c u  4.28 45 28 5 5 299 2 8261 5656 1.7 24 14 9 22 63%   6 431307 154 101%
c v  4.32 46 28 5 5 299 2 8261 5655 1.7 24 14 9 22 63%   6 431307 154 101%
c w  4.34 47 28 5 5 299 2 8261 5651 1.7 24 14 9 22 63%   6 431307 154 101%
c x  4.38 48 28 5 5 299 2 8261 5651 1.7 24 14 9 22 63%   6 430973 154 101%
c -  4.57 50 26 5 6 300 2 9387 5783 1.7 24 14 9 19 64%   6 430973 154 101%
c ]  4.66 50 25 6 6 301 2 10474 6656 1.7 23 14 9 19 63%   6 430973 154 101%
c {  4.66 50 22 6 6 301 2 10474 6656 1.9 21 11 9 15 66%   6 430973 154 101%
c -  4.83 51 20 6 7 301 2 11837 6811 1.9 21 11 8 13 66%   6 430973 154 101%
c ^  5.19 51 19 6 7 303 2 13408 8242 2.0 21 10 8 13 65%   6 430973 154 101%
c o  5.20 51 19 6 7 303 2 13408 8242 2.0 21 10 8 13 65%   6 430973 154 101%
c -  5.34 52 18 6 8 303 2 14482 8130 2.1 20 10 8 12 65%   6 430973 154 101%
c
c seconds  switched  rate        size/glue  tier1    binary        remaining
c        MB reductions conflicts       size   tier2     irredundant
c         level restarts    redundant     glue    trail        variables
c
c }  5.35 52 18 7 8 303 2 14543 8185 2.1 20 10 8 12 65%   6 430973 154 101%
c [  5.35 52 25 7 8 303 2 14543 8185 1.7 23 14 9 19 63%   6 430973 154 101%
c W  5.39 44 25 7 8 303 2 14543 8185 1.7 23 14 9 19 63%   6 430973 154 101%
c u  5.69 47 23 7 8 305 2 16922 10093 1.7 23 14 9 19 64%   6 430973 154 101%
c v  5.74 48 23 7 8 305 2 16922 10091 1.7 23 14 9 19 64%   6 430973 154 101%
c w  5.76 48 23 7 8 305 2 16922 10080 1.7 23 14 9 19 64%   6 430973 154 101%
c x  5.80 50 23 7 8 305 2 16922 10080 1.7 23 14 9 19 64%   6 430497 154 101%
c -  5.92 50 23 7 9 305 2 17313 9122 1.7 23 14 8 17 65%   6 430497 154 101%
c ]  6.15 50 24 8 9 307 1 19785 11121 1.6 24 14 8 17 65%   6 430497 154 101%
c {  6.15 50 18 8 9 307 2 19785 11121 2.1 20 10 8 12 65%   6 430497 154 101%
c -  6.21 50 18 8 10 322 2 20316 9403 2.0 20 10 7 12 64%   6 430497 154 101%
c o  6.79 47 18 8 10 581 2 23431 12062 2.0 20 10 7 12 63%   6 430497 154 101%
c -  6.82 48 18 8 11 596 2 23480 10168 2.0 20 10 7 12 63%   6 430497 154 101%
c }  7.24 45 17 9 11 854 2 25945 12244 2.0 19 10 7 12 62%   6 430497 154 101%
c [  7.24 45 24 9 11 854 1 25945 12244 1.6 24 14 8 17 65%   6 430497 154 101%
c O  7.24 45 24 9 11 854 1 25945 12244 1.6 24 14 8 17 65%   6 430497 154 101%
c -  7.32 47 25 9 12 854 1 26798 11063 1.6 24 15 8 18 65%   6 430497 154 101%
c ^  7.51 51 25 9 12 854 1 26813 11077 1.6 24 15 8 18 65%   6 430497 154 101%
c u  7.77 52 27 9 12 856 1 28855 12733 1.5 24 16 8 18 64%   6 430497 154 101%
c v  7.83 52 27 9 12 856 1 28855 12728 1.5 24 16 8 18 64%   6 430497 154 101%
c
c seconds  switched   rate         size/glue  tier1    binary        remaining
c        MB  reductions conflicts        size   tier2     irredundant
c         level  restarts     redundant     glue    trail        variables
c
c w  7.86 53 27 9 12 856 1 28855 12726 1.5 24 16 8 18 64%   6 430497 154 101%
c x  7.91 53 27 9 12 856 1 28855 12726 1.5 24 16 8 18 64%   6 429484 154 101%
c -  8.12 53 28 9 13 856 1 30263 11553 1.5 25 16 9 22 63%   6 429484 154 101%
c -  8.34 53 30 9 14 859 1 33868 11872 1.4 26 18 10 25 62%   6 429484 154 101%
c B  8.44 53 30 9 14 860 1 35706 13321 1.4 27 19 10 25 61%   6 429484 154 101%
c ]  8.64 54 32 10 14 860 1 37481 14892 1.4 27 19 10 25 62%   6 429484 154 101%
c {  8.64 54 17 10 14 860 2 37481 14892 2.0 19 10 7 12 62%   6 429484 154 101%
c -  8.69 54 17 10 15 894 2 37610 12560 2.0 19 10 7 12 62%   6 429484 154 101%
c -  9.31 54 17 10 16 1151 2 41482 14097 2.0 19 10 7 12 62%   6 429484 154 101%
c o  9.65 50 17 10 16 1299 2 43619 15831 1.9 19 10 7 12 61%   6 429484 154 101%
c u  9.92 47 17 10 16 1397 2 44218 16360 1.9 19 10 7 12 61%   6 429484 154 101%
c v 10.01 49 17 10 16 1397 2 44218 16351 1.9 19 10 7 12 61%   6 429484 154 101%
c w 10.04 50 17 10 16 1397 2 44218 16349 1.9 19 10 7 12 61%   6 429484 154 101%
c x 10.11 51 17 10 16 1397 2 44218 16349 1.9 19 10 7 12 61%   6 428565 154 101%
c - 10.43 53 17 10 17 1510 2 45482 15274 1.9 19 10 7 12 61%   6 428565 154 101%
c } 10.55 54 17 11 17 1590 2 46109 15789 1.9 19 10 7 12 61%   6 428565 154 101%
c [ 10.55 54 32 11 17 1590 1 46109 15789 1.4 27 19 10 25 62%   6 428565 154 101%
c W 10.75 45 31 11 17 1591 1 47929 17269 1.4 27 19 10 25 62%   6 428565 154 101%
c - 10.94 47 31 11 18 1592 1 49605 16566 1.4 27 19 10 26 62%   6 428565 154 101%
c - 11.42 48 30 11 19 1595 1 53849 17639 1.5 27 18 10 25 63%   6 428565 154 101%
c
c seconds   switched    rate         size/glue  tier1     binary        remaining
c        MB   reductions  conflicts        size    tier2     irredundant
c         level    restarts     redundant     glue     trail        variables
c
c s 11.75 51 30 11 19 1596 1 55875 19341 1.5 27 18 10 25 63%   6 428495 154 101%
c ^ 11.93 51 30 11 19 1596 1 55875 19341 1.5 27 18 10 25 63%   6 428495 154 101%
c - 12.14 51 30 11 20 1596 1 58207 18625 1.5 28 18 10 25 65%   6 428495 154 101%
c ] 12.30 51 30 12 20 1598 1 59853 20064 1.5 28 19 10 25 65%   6 428495 154 101%
c { 12.30 51 17 12 20 1598 2 59853 20064 1.9 19 10 7 12 61%   6 428495 154 101%
c - 12.71 54 17 12 21 1871 2 62679 20620 1.9 19 10 8 13 61%   6 428495 154 101%
c u 12.86 55 17 12 21 1877 2 63112 20929 1.9 19 10 8 13 61%   6 428495 154 101%
c v 12.97 55 17 12 21 1877 2 63112 20922 1.9 19 10 8 13 61%   6 428495 154 101%
c w 13.01 55 17 12 21 1877 2 63112 20917 1.9 19 10 8 13 61%   6 428495 154 101%
c x 13.07 55 17 12 21 1877 2 63112 20917 1.9 19 10 8 13 61%   6 428372 154 101%
c - 13.76 54 17 12 22 2024 2 67263 20944 1.9 19 10 7 12 60%   6 428372 154 101%
c } 14.41 52 17 13 22 2198 2 71332 24333 1.9 18 10 7 12 60%   6 428372 154 101%
c [ 14.41 52 30 13 22 2198 1 71332 24333 1.5 28 19 10 25 65%   6 428372 154 101%
c I 14.41 52 30 13 22 2198 1 71332 24333 1.5 28 19 10 25 65%   6 428372 154 101%
c - 14.50 54 30 13 23 2198 1 71953 21770 1.5 28 18 10 25 65%   6 428372 154 101%
c - 14.98 54 29 13 24 2202 1 76748 23240 1.5 28 18 10 24 65%   6 428372 154 101%
c - 15.45 55 29 13 25 2204 1 81646 24621 1.5 27 18 10 24 64%   6 428372 154 101%
c u 15.99 56 29 13 25 2206 1 85677 27935 1.5 28 18 10 24 64%   6 428372 154 101%
c v 16.11 56 29 13 25 2206 1 85677 27881 1.5 28 18 10 24 64%   6 428372 154 101%
c w 16.16 57 29 13 25 2206 1 85677 27875 1.5 28 18 10 24 64%   6 428372 154 101%
c
c seconds   switched    rate         size/glue  tier1     binary        remaining
c        MB   reductions  conflicts        size    tier2     irredundant
c         level    restarts     redundant     glue     trail        variables
c
c x 16.25 57 29 13 25 2206 1 85677 27875 1.5 28 18 10 24 64%   6 428316 154 101%
c o 16.36 57 29 13 25 2206 1 85677 27875 1.5 28 18 10 24 64%   6 428316 154 101%
c - 16.51 50 29 13 26 2207 1 86646 25695 1.5 28 18 10 24 64%   6 428316 154 101%
c ] 16.54 50 29 14 26 2207 1 86951 25959 1.5 28 18 10 24 64%   6 428316 154 101%
c { 16.54 50 17 14 26 2207 2 86951 25959 1.9 18 10 7 12 60%   6 428316 154 101%
c - 17.10 55 16 14 27 2426 2 91747 26393 1.8 18 10 7 12 59%   6 428316 154 101%
c - 17.89 56 17 14 28 2802 2 96944 28560 1.8 18 10 8 12 59%   6 428316 154 101%
c } 18.45 52 16 15 28 2974 2 101666 32348 1.8 18 10 8 12 58%   6 428316 154 101%
c [ 18.45 52 29 15 28 2974 1 101666 32348 1.5 28 18 10 24 64%   6 428316 154 101%
c B 18.45 52 29 15 28 2974 1 101666 32348 1.5 28 18 10 24 64%   6 428316 154 101%
c - 18.51 53 29 15 29 2974 1 102236 30760 1.5 28 18 10 24 64%   6 428316 154 101%
c s 18.78 53 29 15 29 2974 1 102663 31109 1.5 28 18 10 24 64%   6 428290 154 101%
c ^ 19.05 54 29 15 29 2974 1 102663 31109 1.5 28 18 10 24 64%   6 428290 154 101%
c - 19.52 55 29 15 30 2978 1 107621 32304 1.5 28 18 10 24 65%   6 428290 154 101%
c u 20.07 56 29 15 30 2980 1 112045 35900 1.5 28 18 10 24 65%   6 428290 154 101%
c v 20.19 56 29 15 30 2980 1 112045 35873 1.5 28 18 10 24 65%   6 428290 154 101%
c w 20.24 56 29 15 30 2980 1 112045 35794 1.5 28 18 10 24 65%   6 428290 154 101%
c x 20.32 56 29 15 30 2980 1 112045 35794 1.5 28 18 10 24 65%   6 428261 154 101%
c - 20.58 47 28 15 31 2980 1 113098 33871 1.5 28 18 10 23 65%   6 428261 154 101%
c - 21.18 50 29 15 32 2984 1 118666 35416 1.5 28 18 10 23 66%   6 428261 154 101%
c
c seconds   switched    rate          size/glue  tier1     binary        remaining
c        MB   reductions  conflicts         size    tier2     irredundant
c         level    restarts      redundant     glue     trail        variables
c
c ] 21.47 51 28 16 32 2986 1 121723 37966 1.5 27 18 10 23 65%   6 428261 154 101%
c { 21.47 51 16 16 32 2986 2 121723 37966 1.8 18 10 8 12 58%   6 428261 154 101%
c - 21.83 53 16 16 33 3130 2 124322 36309 1.8 18 10 8 12 58%   6 428261 154 101%
c o 22.06 56 16 16 33 3200 2 125962 37691 1.8 18 10 8 12 58%   6 428261 154 101%
c - 22.64 54 16 16 34 3328 2 130066 35007 1.8 18 10 7 12 58%   6 428261 154 101%
c - 23.40 52 16 16 35 3510 2 135897 34869 1.8 18 10 7 12 58%   6 428261 154 101%
c } 23.92 54 16 17 35 3572 2 140060 38100 1.8 17 10 7 12 58%   6 428261 154 101%
c [ 23.92 54 28 17 35 3572 1 140060 38100 1.5 27 18 10 23 65%   6 428261 154 101%
c W 23.98 46 28 17 35 3572 1 140060 38100 1.5 27 18 10 23 65%   6 428261 154 101%
c - 24.18 48 28 17 36 3573 1 141814 35901 1.5 28 18 10 23 66%   6 428261 154 101%
c u 24.45 51 28 17 36 3574 1 142301 36285 1.5 27 18 10 23 66%   6 428261 154 101%
c v 24.59 54 28 17 36 3574 1 142301 36244 1.5 27 18 10 23 66%   6 428261 154 101%
c w 24.65 55 28 17 36 3574 1 142301 36236 1.5 27 18 10 23 66%   6 428261 154 101%
c x 24.74 56 28 17 36 3574 1 142301 36236 1.5 27 18 10 23 66%   6 428216 154 101%
c - 25.42 57 27 17 37 3577 1 147814 37575 1.6 27 17 10 23 65%   6 428216 154 101%
c - 25.99 57 27 17 38 3580 1 153896 38863 1.6 27 17 9 22 65%   6 428216 154 101%
c - 26.53 58 26 17 39 3584 1 160063 39529 1.6 26 17 9 22 64%   6 428216 154 101%
c ] 26.93 58 26 18 39 3585 1 163889 42808 1.6 26 17 9 22 64%   6 428216 154 101%
c { 26.93 58 16 18 39 3585 2 163889 42808 1.8 17 10 7 12 58%   6 428216 154 101%
c - 28.20 58 17 18 40 4195 2 166307 40410 1.8 18 10 7 12 58%   6 428216 154 101%
c
c seconds   switched    rate          size/glue  tier1    binary        remaining
c        MB   reductions  conflicts         size   tier2     irredundant
c         level    restarts      redundant     glue    trail        variables
c
c ^ 30.43 58 17 18 40 4846 2 169143 42963 1.8 18 10 7 12 59%   6 428216 154 101%
c - 32.36 57 18 18 41 5721 2 172631 41269 1.8 18 10 8 13 59%   6 428216 154 101%
c o 34.17 57 19 18 41 6450 2 175969 44254 1.8 18 10 8 13 59%   6 428216 154 101%
c u 34.81 60 19 18 41 6602 2 176546 44734 1.8 18 10 8 13 60%   6 428216 154 101%
c v 35.11 60 19 18 41 6602 2 176546 44730 1.8 18 10 8 13 60%   6 428216 154 101%
c w 35.23 61 19 18 41 6602 2 176546 44725 1.8 18 10 8 13 60%   6 428216 154 101%
c x 35.42 62 19 18 41 6602 2 176546 44725 1.8 18 10 8 13 60%   6 423322 154 101%
c - 37.04 52 20 18 42 7120 3 179034 41801 1.7 18 10 8 13 60%   6 423322 154 101%
c - 40.30 58 21 18 43 8426 3 185514 42792 1.7 19 11 8 14 60%   6 423322 154 101%
c } 40.62 58 21 19 43 8553 3 186236 43452 1.7 19 11 8 14 60%   6 423322 154 101%
c [ 40.62 58 26 19 43 8553 1 186236 43452 1.6 26 17 9 22 64%   6 423322 154 101%
c O 40.62 58 26 19 43 8553 1 186236 43452 1.6 26 17 9 22 64%   6 423322 154 101%
c - 41.21 60 27 19 44 8557 1 192073 42368 1.5 26 17 9 22 64%   6 423322 154 101%
c - 41.99 55 28 19 45 8559 1 198706 42008 1.5 27 18 9 22 64%   6 423322 154 101%
c - 42.81 57 29 19 46 8564 1 205416 42768 1.5 27 18 9 23 65%   6 423322 154 101%
c - 43.67 57 29 19 47 8567 1 212198 43125 1.5 28 18 9 23 65%   6 423322 154 101%
c B 43.87 58 29 19 47 8567 1 213976 44623 1.5 28 18 9 23 65%   6 423322 154 101%
c u 44.30 60 29 19 47 8567 1 214851 45359 1.5 28 18 9 23 65%   6 423322 154 101%
c v 44.56 61 29 19 47 8567 1 214851 45331 1.5 28 18 9 23 65%   6 423322 154 101%
c w 44.65 61 29 19 47 8567 1 214851 45328 1.5 28 18 9 23 65%   6 423322 154 101%
c
c seconds   switched    rate          size/glue  tier1    binary        remaining
c        MB   reductions  conflicts         size   tier2     irredundant
c         level    restarts      redundant     glue    trail        variables
c
c x 44.85 68 29 19 47 8567 1 214851 45328 1.5 28 18 9 23 65%   6 417730 154 101%
c - 45.58 60 29 19 48 8567 1 219053 43802 1.5 28 18 9 23 66%   6 417730 154 101%
c - 46.29 63 29 19 49 8572 1 225982 44747 1.5 28 18 10 23 65%   6 417730 154 101%
c - 47.00 63 29 19 50 8575 1 232983 44835 1.5 28 18 10 23 65%   6 417730 154 101%
c - 47.78 64 29 19 51 8580 1 240055 46134 1.5 28 18 9 23 65%   6 417730 154 101%
c W 48.46 63 28 19 51 8582 1 245426 50462 1.5 27 18 9 23 65%   6 417730 154 101%
c o 48.47 63 28 19 51 8582 1 245426 50462 1.5 27 18 9 23 65%   6 417730 154 101%
c - 48.67 65 29 19 52 8582 1 247196 47887 1.5 27 18 9 22 65%   6 417730 154 101%
c - 49.37 66 30 19 53 8583 1 254410 46487 1.5 28 19 9 23 65%   6 417730 154 101%
c s 50.18 67 30 19 53 8583 1 257141 48886 1.5 28 19 9 23 65%   6 417598 154 101%
c ! 50.72 67 30 19 53 8583 1 257141 48886 1.5 28 19 9 23 65%   6 417598 154 101%
c u 51.01 69 30 19 53 8583 1 257253 48969 1.5 28 19 9 23 65%   6 417598 154 101%
c v 51.18 69 30 19 53 8583 1 257253 48951 1.5 28 19 9 23 65%   6 417598 154 101%
c w 51.25 69 30 19 53 8583 1 257253 48819 1.5 28 19 9 23 65%   6 417598 154 101%
c x 51.38 70 30 19 53 8583 1 257253 48819 1.5 28 19 9 23 65%   6 413654 154 101%
c ] 51.91 70 31 20 53 8583 1 260258 51380 1.5 28 19 9 23 65%   6 413654 154 101%
c { 51.91 70 21 20 53 8583 3 260258 51380 1.7 19 11 8 14 60%   6 413654 154 101%
c - 52.09 71 21 20 54 8604 3 261693 44361 1.7 19 11 8 14 60%   6 413654 154 101%
c - 53.24 70 21 20 55 8887 3 269041 46043 1.7 19 11 8 13 60%   6 413654 154 101%
c - 54.18 69 20 20 56 8993 2 276459 45292 1.7 18 10 7 13 59%   6 413654 154 101%
c
c seconds   switched    rate          size/glue  tier1    binary        remaining
c        MB   reductions  conflicts         size   tier2     irredundant
c         level    restarts      redundant     glue    trail        variables
c
c - 55.12 65 19 20 57 9072 2 283942 46111 1.7 18 10 7 13 59%   6 413654 154 101%
c } 55.53 68 19 21 57 9142 2 286997 48433 1.7 18 10 7 13 59%   6 413654 154 101%
c [ 55.53 68 31 21 57 9142 1 286997 48433 1.5 28 19 9 23 65%   6 413654 154 101%
c I 55.53 68 31 21 57 9142 1 286997 48433 1.5 28 19 9 23 65%   6 413654 154 101%
c - 56.09 70 30 21 58 9145 1 291491 47318 1.5 28 19 10 23 64%   6 413654 154 101%
c - 56.81 71 30 21 59 9148 1 299106 48813 1.5 28 19 10 23 64%   6 413654 154 101%
c u 57.46 72 29 21 59 9152 1 303866 52722 1.5 28 19 10 23 63%   6 413654 154 101%
c v 57.65 72 29 21 59 9152 1 303866 52615 1.5 28 19 10 23 63%   6 413654 154 101%
c w 57.72 72 29 21 59 9152 1 303866 52584 1.5 28 19 10 23 63%   6 413654 154 101%
c x 57.89 72 29 21 59 9152 1 303866 52584 1.5 28 19 10 23 63%   6 409248 154 101%
c - 58.41 64 29 21 60 9154 1 306788 49889 1.5 27 18 10 23 63%   6 409248 154 101%
c - 59.20 66 28 21 61 9156 1 314533 51069 1.5 27 18 10 22 62%   6 409248 154 101%
c ] 59.70 66 28 22 61 9156 1 319386 54783 1.5 27 18 10 22 62%   6 409248 154 101%
c { 59.70 66 19 22 61 9156 2 319386 54783 1.7 18 10 7 13 59%   6 409248 154 101%
c - 60.10 68 19 22 62 9161 2 322343 51434 1.7 18 10 7 13 59%   6 409248 154 101%
c - 60.99 69 18 22 63 9161 2 330217 51855 1.7 17 10 7 13 59%   6 409248 154 101%
c - 61.93 69 17 22 64 9161 2 338155 52125 1.7 17 10 7 12 58%   6 409248 154 101%
c - 62.76 69 16 22 65 9162 2 346155 53293 1.7 16 10 7 12 58%   6 409248 154 101%
c } 63.31 70 16 23 65 9164 2 350903 56886 1.7 16 9 7 12 58%   6 409248 154 101%
c [ 63.31 70 28 23 65 9164 1 350903 56886 1.5 27 18 10 22 62%   6 409248 154 101%
c
c seconds   switched    rate          size/glue  tier1     binary        remaining
c        MB   reductions  conflicts         size    tier2     irredundant
c         level    restarts      redundant     glue     trail        variables
c
c B 63.31 70 28 23 65 9164 1 350903 56886 1.5 27 18 10 22 62%   6 409248 154 101%
c o 63.32 70 28 23 65 9164 1 350903 56886 1.5 27 18 10 22 62%   6 409248 154 101%
c - 63.61 70 29 23 66 9166 1 354217 54287 1.5 27 18 10 22 62%   6 409248 154 101%
c u 63.99 65 29 23 66 9166 1 354730 54433 1.5 27 18 10 22 62%   6 409248 154 101%
c v 64.16 66 29 23 66 9166 1 354730 53146 1.5 27 18 10 22 62%   6 409248 154 101%
c w 64.24 67 29 23 66 9166 1 354730 53036 1.5 27 18 10 22 62%   6 409248 154 101%
c x 64.39 67 29 23 66 9166 1 354730 53036 1.5 27 18 10 22 62%   6 405796 154 101%
c - 65.99 69 29 23 67 9170 1 362341 53554 1.5 27 19 10 23 62%   6 405796 154 101%
c s 67.04 69 29 23 67 9174 1 368061 58157 1.5 27 18 10 23 62%   6 405630 154 101%
c - 67.84 69 29 23 68 9176 1 370526 55928 1.5 27 18 10 22 63%   6 405630 154 101%
c - 68.71 70 28 23 69 9178 1 378772 58080 1.5 27 18 10 22 63%   6 405630 154 101%
c - 69.58 70 27 23 70 9181 1 387081 59365 1.5 26 18 9 22 63%   6 405630 154 101%
c ] 69.65 70 27 24 70 9181 1 387798 59990 1.5 26 18 9 22 63%   6 405630 154 101%
c { 69.65 70 16 24 70 9181 2 387798 59990 1.7 16 9 7 12 58%   6 405630 154 101%
c - 70.69 67 16 24 71 9313 2 395448 59740 1.7 16 9 7 12 58%   6 405630 154 101%
c - 72.04 70 16 24 72 9679 2 403874 59264 1.7 16 9 7 12 58%   6 405630 154 101%
c u 73.45 71 16 24 72 10140 2 409928 63993 1.7 16 9 7 12 58%   6 405630 154 101%
c v 73.70 72 16 24 72 10140 2 409928 63724 1.7 16 9 7 12 58%   6 405630 154 101%
c w 73.79 73 16 24 72 10140 2 409928 63667 1.7 16 9 7 12 58%   6 405630 154 101%
c x 73.99 73 16 24 72 10140 2 409928 63667 1.7 16 9 7 12 58%   6 401614 154 101%
c
c seconds   switched     rate          size/glue tier1    binary        remaining
c        MB   reductions   conflicts         size  tier2     irredundant
c         level    restarts       redundant    glue    trail        variables
c
c - 74.63 70 16 24 73 10230 2 412359 60115 1.7 16 9 7 12 57%   6 401614 154 101%
c - 76.25 70 16 24 74 10746 2 420903 61927 1.7 16 9 7 12 57%   6 401614 154 101%
c } 76.86 71 16 25 74 10946 2 424478 64849 1.7 16 9 7 12 57%   6 401614 154 101%
c [ 76.86 71 27 25 74 10946 1 424478 64849 1.5 26 18 9 22 63%   6 401614 154 101%
c W 76.92 63 27 25 74 10946 1 424478 64849 1.5 26 18 9 22 63%   6 401614 154 101%
c - 77.54 67 27 25 75 10949 1 429506 63743 1.5 26 18 9 22 63%   6 401614 154 101%
c - 78.53 68 27 25 76 10954 1 438170 65212 1.5 26 18 9 22 63%   6 401614 154 101%
c - 79.46 69 26 25 77 10959 1 446887 67018 1.5 26 17 9 22 63%   6 401614 154 101%
c - 80.51 70 26 25 78 10960 1 455663 68041 1.5 26 17 9 21 64%   6 401614 154 101%
c - 81.54 70 26 25 79 10966 1 464494 68472 1.5 26 17 9 21 64%   6 401614 154 101%
c u 82.42 72 26 25 79 10967 1 469498 72324 1.5 26 17 9 21 65%   6 401614 154 101%
c v 82.70 72 26 25 79 10967 1 469498 71708 1.5 26 17 9 21 65%   6 401614 154 101%
c w 82.81 72 26 25 79 10967 1 469498 71557 1.5 26 17 9 21 65%   6 401614 154 101%
c x 82.98 73 26 25 79 10967 1 469498 71557 1.5 26 17 9 21 65%   6 397794 154 101%
c o 83.20 73 26 25 79 10967 1 469498 71557 1.5 26 17 9 21 65%   6 397794 154 101%
c O 83.61 66 26 25 79 10970 1 472641 74133 1.5 25 17 9 21 65%   6 397794 154 101%
c - 83.74 68 26 25 80 10970 1 473385 67772 1.5 26 17 9 21 65%   6 397794 154 101%
c ] 83.79 69 26 26 80 10970 1 473748 68085 1.5 26 17 9 21 65%   6 397794 154 101%
c { 83.79 69 16 26 80 10970 2 473748 68085 1.7 16 9 7 12 57%   6 397794 154 101%
c - 85.38 69 16 26 81 11824 2 482329 69456 1.7 16 9 7 12 57%   6 397794 154 101%
c
c seconds   switched     rate          size/glue tier1    binary        remaining
c        MB   reductions   conflicts         size  tier2     irredundant
c         level    restarts       redundant    glue    trail        variables
c
c - 87.21 72 16 26 82 12379 2 491330 71060 1.8 17 9 7 12 57%   6 397794 154 101%
c - 89.22 69 16 26 83 13036 2 500386 72916 1.8 17 10 7 12 58%   6 397794 154 101%
c s 90.29 71 16 26 83 13133 2 503356 75225 1.8 17 10 7 12 58%   6 397741 154 101%
c - 91.95 72 16 26 84 13313 2 509496 74949 1.8 17 9 7 12 58%   6 397741 154 101%
c } 92.87 72 16 27 84 13612 2 515968 80013 1.8 17 9 7 12 57%   6 397741 154 101%
c [ 92.87 72 26 27 84 13612 1 515968 80013 1.5 26 17 9 21 65%   6 397741 154 101%
c - 93.16 61 26 27 85 13614 1 518661 76475 1.5 25 17 9 21 64%   6 397741 154 101%
c B 93.89 66 25 27 85 13618 1 525428 82013 1.5 25 17 9 21 64%   6 397741 154 101%
c - 94.20 69 26 27 86 13618 1 527881 77613 1.5 25 17 9 21 64%   6 397741 154 101%
c u 95.19 73 26 27 86 13622 1 533517 82143 1.5 26 17 9 21 64%   6 397741 154 101%
c v 95.51 73 26 27 86 13622 1 533517 82007 1.5 26 17 9 21 64%   6 397741 154 101%
c w 95.64 73 26 27 86 13622 1 533517 81949 1.5 26 17 9 21 64%   6 397741 154 101%
c x 95.86 74 26 27 86 13622 1 533517 81949 1.5 26 17 9 21 64%   6 394151 154 101%
c - 96.56 65 26 27 87 13625 1 537155 75859 1.5 26 17 9 21 65%   6 394151 154 101%
c - 97.47 67 27 27 88 13626 1 546488 73146 1.5 27 18 9 21 65%   6 394151 154 101%
c - 98.40 68 27 27 89 13632 1 555869 71852 1.5 27 18 9 22 66%   6 394151 154 101%
c - 99.40 69 28 27 90 13636 1 565303 72830 1.5 27 18 9 22 66%   6 394151 154 101%
c - 100.50 70 28 27 91 13641 1 574790 74457 1.5 27 18 9 22 66%   6 394151 154 101%
c ] 100.96 70 28 28 91 13641 1 579111 77908 1.5 27 18 9 22 66%   6 394151 154 101%
c { 100.96 70 16 28 91 13641 2 579111 77908 1.8 17 9 7 12 57%   6 394151 154 101%
c
c seconds    switched     rate          size/glue tier1    binary        remaining
c         MB   reductions   conflicts         size  tier2     irredundant
c          level    restarts       redundant    glue    trail        variables
c
c o 101.24 72 16 28 91 13755 2 581645 79980 1.8 17 9 7 12 57%   6 394151 154 101%
c - 101.71 72 16 28 92 13946 2 584331 76068 1.8 17 9 7 12 57%   6 394151 154 101%
c - 103.15 72 16 28 93 14385 2 593922 76994 1.8 17 9 7 12 57%   6 394151 154 101%
c u 104.89 74 16 28 93 14932 2 602031 83008 1.7 17 9 7 12 57%   6 394151 154 101%
c v 105.19 75 16 28 93 14932 2 602031 82943 1.7 17 9 7 12 57%   6 394151 154 101%
c w 105.30 75 16 28 93 14932 2 602031 82935 1.7 17 9 7 12 57%   6 394151 154 101%
c x 105.54 76 16 28 93 14932 2 602031 82935 1.7 17 9 7 12 57%   6 393905 154 101%
c - 106.03 70 16 28 94 15035 2 603567 76367 1.7 16 9 7 12 57%   6 393905 154 101%
c - 108.15 72 16 28 95 15818 2 613262 77012 1.7 17 10 7 12 57%   6 393905 154 101%
c - 109.72 73 16 28 96 16228 2 623008 77295 1.7 17 10 7 12 57%   6 393905 154 101%
c } 110.47 73 16 29 96 16375 2 627251 80779 1.7 17 10 7 12 57%   6 393905 154 101%
c [ 110.47 73 28 29 96 16375 1 627251 80779 1.5 27 18 9 22 66%   6 393905 154 101%
c W 110.55 65 28 29 96 16375 1 627251 80779 1.5 27 18 9 22 66%   6 393905 154 101%
c - 111.20 68 28 29 97 16379 1 632805 76397 1.5 27 19 9 22 66%   6 393905 154 101%
c - 112.21 69 28 29 98 16384 1 642654 76330 1.5 27 19 9 22 66%   6 393905 154 101%
c - 113.32 70 28 29 99 16389 1 652553 77224 1.5 27 19 9 22 66%   6 393905 154 101%
c - 114.48 71 28 29 100 16391 1 662503 78076 1.5 28 19 9 22 66%   6 393905 154 101%
c s 115.45 71 28 29 100 16392 1 664554 79636 1.5 28 19 9 22 66%   6 393823 154 101%
c - 117.08 72 28 29 101 16396 1 672504 78804 1.5 28 19 9 22 66%   6 393823 154 101%
c u 117.80 73 28 29 101 16398 1 675142 80875 1.5 28 19 9 22 66%   6 393823 154 101%
c
c seconds    switched      rate          size/glue  tier1    binary        remaining
c         MB   reductions    conflicts         size   tier2     irredundant
c          level     restarts       redundant     glue    trail        variables
c
c v 118.18 74 28 29 101 16398 1 675142 80732 1.5 28 19 9 22 66%   6 393823 154 101%
c w 118.31 74 28 29 101 16398 1 675142 80667 1.5 28 19 9 22 66%   6 393823 154 101%
c x 118.56 74 28 29 101 16398 1 675142 80667 1.5 28 19 9 22 66%   6 393578 154 101%
c - 119.86 68 28 29 102 16403 1 682553 76904 1.5 28 19 9 22 66%   6 393578 154 101%
c caught signal 15 (SIGTERM)
c
c ---- [ profiling ] ---------------------------------------------------------
c
c          94.96   79.15 %  search
c          51.11   42.61 %  focused
c          43.84   36.55 %  stable
c          22.18   18.49 %  simplify
c          17.77   14.81 %  probe
c          10.79    8.99 %  vivify
c           6.74    5.61 %  eliminate
c           6.33    5.28 %  subsume
c           5.05    4.21 %  factor
c           2.69    2.25 %  preprocess
c           1.09    0.91 %  substitute
c           0.68    0.56 %  reduce
c           0.62    0.52 %  sweep
c           0.37    0.31 %  walking
c           0.18    0.15 %  congruence
c           0.10    0.08 %  parse
c           0.04    0.03 %  lucky
c           0.03    0.03 %  transitive
c           0.00    0.00 %  backbone
c =============================================
c         119.96  100.00 %  total
c
c ---- [ statistics ] --------------------------------------------------------
c
c conflicts:                           683488             5697.39 per second
c decisions:                          1113365                1.63 per conflict
c factored:                                 1                1 %  variables
c propagations:                      13052443           108802    per second
c reductions:                             102             6701    interval
c reordered:                               10            68349    interval
c rephased:                                20            34174    interval
c restarts:                             16403               42    interval
c subsumed:                               529                0 %  checks
c switched:                                29            23569    interval
c vivified:                             47293               75 %  checks
c walks:                                    7            97641    interval
c
c ---- [ glue usage ] --------------------------------------------------------
c
c focused glue 7    used 64238 clauses 13.27% accumulated 58.21% tier1
c focused glue 8    used 54068 clauses 11.17% accumulated 69.38%
c focused glue 9-10 used 73259 clauses 15.14% accumulated 84.51%
c focused glue 11   used 21915 clauses  4.53% accumulated 89.04%
c focused glue 12   used 15464 clauses  3.19% accumulated 92.24% tier2
c
c stable glue 9     used 101494 clauses  7.17% accumulated 52.93% tier1
c stable glue 10    used  86253 clauses  6.09% accumulated 59.01%
c stable glue 11-20 used 408436 clauses 28.83% accumulated 87.85%
c stable glue 21    used  22333 clauses  1.58% accumulated 89.43%
c stable glue 22    used  19878 clauses  1.40% accumulated 90.83% tier2
c
c ---- [ resources ] ---------------------------------------------------------
c
c maximum-resident-set-size:         79114240 bytes         75 MB
c process-time:                             2m             119.96 seconds
c raising signal 15 (SIGTERM)
