c ---- [ banner ] ------------------------------------------------------------
c
c Kissat SAT Solver
c 
c Copyright (c) 2021-2024 Armin Biere University of Freiburg
c Copyright (c) 2019-2021 Armin Biere Johannes Kepler University Linz
c 
c Version 4.0.4 8af8e56f174b778aef3aa45af9f739b2a5f492c2
c gcc (Ubuntu 13.3.0-6ubuntu2~24.04.1) 13.3.0 -W -Wall -O3 -DNDEBUG
c Wed Apr 15 20:10:47 EEST 2026 Linux cluster-4 6.17.0-14-generic x86_64
c
c ---- [ parsing ] -----------------------------------------------------------
c
c opened and reading DIMACS file:
c
c   tmp.cnf
c
c parsed 'p cnf 91 42042' header
c closing input after reading 925515 bytes (904 KB)
c finished parsing after 0.01 seconds
c
c ---- [ solving ] -----------------------------------------------------------
c
c seconds switched rate     size/glue tier1 binary      remaining
c        MB reductions conflicts size  tier2   irredundant
c         level restarts redundant glue  trail      variables
c
c *  0.01  6 0 0 0  0 0   0   0 0.0 0 0 0 0 0%   0 42042 91 100%
c (  0.01  7 0 0 0  0 0   0   0 0.0 0 0 0 0 0%   0 42042 91 100%
c .  0.01  7 0 0 0  0 0   0   0 0.0 0 0 0 0 0%   0 42042 91 100%
c f  0.35  8 0 0 0  0 0   0   0 0.0 0 0 0 0 0% 439 19766 279 307%
c )  0.36  9 0 0 0  0 0   0   0 0.0 0 0 0 0 0% 439 19766 279 307%
c {  0.36 10 0 0 0  0 0   0   0 0.0 0 0 2 6 0% 439 19766 279 307%
c -  0.37 10 19 0 1 23 2 1001 651 1.5 14 10 7 14 56% 439 19766 279 307%
c }  0.37 10 19 1 1 23 2 1001 651 1.5 14 10 7 14 56% 439 19766 279 307%
c [  0.37 10 0 1 1 23 0 1001 651 0.0 0 0 2 6 0% 439 19766 279 307%
c B  0.37 10 0 1 1 23 0 1001 651 0.0 0 0 2 6 0% 439 19766 279 307%
c -  0.39 10 19 1 2 23 1 2005 1500 1.6 16 10 6 13 58% 439 19766 279 307%
c W  0.39 10 19 1 2 23 1 2005 1500 1.6 16 10 6 13 58% 439 19766 279 307%
c ]  0.40 10 19 2 2 24 1 2168 1634 1.6 16 10 6 13 57% 439 19766 279 307%
c {  0.40 10 19 2 2 24 2 2168 1634 1.5 14 10 7 14 56% 439 19766 279 307%
c u  0.41 10 18 2 2 35 2 2717 2106 1.6 15 9 6 14 54% 439 19766 279 307%
c v  0.41 10 18 2 2 35 2 2717 2102 1.6 15 9 6 14 54% 439 19766 279 307%
c w  0.42 10 18 2 2 35 2 2717 2100 1.6 15 9 6 14 54% 439 19766 279 307%
c }  0.43 10 18 3 2 82 2 3175 2523 1.6 15 9 6 14 55% 439 19766 279 307%
c [  0.43 10 19 3 2 82 1 3175 2523 1.6 16 10 6 13 57% 439 19766 279 307%
c -  0.44 10 18 3 3 82 1 3419 2500 1.7 16 10 6 13 56% 439 19766 279 307%
c
c seconds  switched rate       size/glue  tier1    binary       remaining
c        MB reductions conflicts     size   tier2     irredundant
c         level restarts  redundant     glue    trail       variables
c
c I  0.46 10 18 3 3 83 1 4264 3243 1.8 17 10 6 13 54% 439 19766 279 307%
c ]  0.46 10 18 4 3 83 1 4446 3406 1.7 17 10 6 13 54% 439 19766 279 307%
c {  0.46 10 18 4 3 83 2 4446 3406 1.6 15 9 6 14 55% 439 19766 279 307%
c -  0.47 10 17 4 4 84 2 5151 3548 1.6 15 9 6 12 56% 439 19766 279 307%
c }  0.51 10 17 5 4 142 2 6798 5026 1.6 14 9 5 12 57% 439 19766 279 307%
c [  0.51 10 18 5 4 142 1 6798 5026 1.7 17 10 6 13 54% 439 19766 279 307%
c -  0.52 10 19 5 5 142 1 7151 4471 1.7 17 10 6 14 55% 439 19766 279 307%
c B  0.54 10 19 5 5 143 1 8036 5264 1.6 17 11 6 14 56% 439 19766 279 307%
c u  0.56 10 19 5 5 143 1 8371 5526 1.6 17 11 6 14 56% 439 19766 279 307%
c v  0.56 10 19 5 5 143 1 8371 5522 1.6 17 11 6 14 56% 439 19766 279 307%
c w  0.56 10 19 5 5 143 1 8371 5522 1.6 17 11 6 14 56% 439 19766 279 307%
c ]  0.61 10 19 6 5 144 1 9275 6216 1.6 17 11 6 14 57% 439 19766 279 307%
c {  0.61 10 17 6 5 144 2 9275 6216 1.6 14 9 5 12 57% 439 19766 279 307%
c -  0.61 10 17 6 6 151 2 9390 5117 1.6 14 9 5 11 57% 439 19766 279 307%
c -  0.68 10 14 6 7 151 2 11839 6221 1.8 14 8 5 10 57% 439 19766 279 307%
c }  0.72 10 14 7 7 153 2 13344 7656 1.8 14 8 5 10 56% 439 19766 279 307%
c [  0.72 10 19 7 7 153 1 13344 7656 1.6 17 11 6 14 57% 439 19766 279 307%
c W  0.72 10 19 7 7 153 1 13566 7871 1.6 18 11 6 14 57% 439 19766 279 307%
c o  0.73 10 19 7 7 153 1 13566 7871 1.6 18 11 6 14 57% 439 19766 279 307%
c s  0.75 10 19 7 7 153 1 13585 7890 1.6 18 11 6 14 57% 439 18892 279 307%
c
c seconds  switched  rate        size/glue  tier1    binary       remaining
c        MB reductions conflicts       size   tier2     irredundant
c         level restarts    redundant     glue    trail       variables
c
c e  0.77 10 19 7 7 153 1 13585 7890 1.6 18 11 6 14 57% 351 18963 240 264%
c ^  0.79 10 19 7 7 153 1 13585 7890 1.6 18 11 6 14 57% 351 18963 240 264%
c -  0.81 10 21 7 8 154 1 14484 6750 1.5 19 12 7 16 59% 351 18963 240 264%
c u  0.88 10 21 7 8 155 1 17147 9132 1.5 19 13 7 16 58% 351 18963 240 264%
c v  0.89 13 21 7 8 155 1 17147 9125 1.5 19 13 7 16 58% 351 18963 240 264%
c w  0.89 13 21 7 8 155 1 17147 9112 1.5 19 13 7 16 58% 351 18963 240 264%
c f  0.91 10 21 7 8 155 1 17147 9112 1.5 19 13 7 16 58% 391 18851 258 284%
c u  0.92 12 21 7 8 155 1 17147 9082 1.5 19 13 7 16 58% 391 18851 258 284%
c v  0.93 12 21 7 8 155 1 17147 9071 1.5 19 13 7 16 58% 391 18851 258 284%
c w  0.93 13 21 7 8 155 1 17147 9068 1.5 19 13 7 16 58% 391 18851 258 284%
c -  0.94 12 21 7 9 155 1 17312 7607 1.4 19 13 7 17 58% 391 18851 258 284%
c ]  0.96 12 21 8 9 156 1 18123 8280 1.4 19 13 7 17 59% 391 18851 258 284%
c {  0.96 12 14 8 9 156 2 18123 8280 1.8 14 8 5 10 56% 391 18851 258 284%
c i  0.99 12 13 8 9 191 2 19053 8993 1.8 14 8 5 10 57% 397 18851 257 282%
c -  1.03 12 13 8 10 295 2 20317 7634 1.8 14 8 4 9 57% 391 18851 257 282%
c -  1.13 11 13 8 11 409 2 23480 8586 1.8 13 7 4 9 57% 392 18851 257 282%
c o  1.14 11 13 8 11 438 2 23613 8701 1.8 13 7 4 9 57% 392 18851 257 282%
c }  1.16 12 13 9 11 486 2 24283 9256 1.8 13 7 4 9 57% 392 18851 257 282%
c [  1.16 12 21 9 11 486 1 24283 9256 1.4 19 13 7 17 59% 392 18851 257 282%
c O  1.16 12 21 9 11 486 1 24283 9256 1.4 19 13 7 17 59% 392 18851 257 282%
c
c seconds  switched   rate        size/glue  tier1    binary       remaining
c        MB  reductions conflicts       size   tier2     irredundant
c         level  restarts    redundant     glue    trail       variables
c
c -  1.22 12 22 9 12 488 1 26796 9295 1.4 20 14 7 18 58% 392 18851 257 282%
c s  1.26 12 22 9 12 488 1 27233 9661 1.4 20 14 7 18 58% 392 18850 257 282%
c e  1.27 12 22 9 12 488 1 27233 9661 1.4 20 14 7 18 58% 331 18935 224 246%
c s  1.30 12 22 9 12 488 1 27233 9661 1.4 20 14 7 18 58% 331 18931 224 246%
c ^  1.30 12 22 9 12 488 1 27233 9661 1.4 20 14 7 18 58% 331 18931 224 246%
c u  1.37 12 22 9 12 489 1 29298 10738 1.4 20 14 7 18 59% 331 18931 224 246%
c v  1.38 13 22 9 12 489 1 29298 10731 1.4 20 14 7 18 59% 331 18931 224 246%
c w  1.39 13 22 9 12 489 1 29298 10712 1.4 20 14 7 18 59% 331 18931 224 246%
c f  1.45 10 22 9 12 489 1 29298 10712 1.4 20 14 7 18 59% 357 18871 234 257%
c u  1.46 12 22 9 12 489 1 29298 10702 1.4 20 14 7 18 59% 357 18871 234 257%
c v  1.47 12 22 9 12 489 1 29298 10700 1.4 20 14 7 18 59% 357 18871 234 257%
c w  1.48 13 22 9 12 489 1 29298 10699 1.4 20 14 7 18 59% 357 18871 234 257%
c -  1.52 11 22 9 13 490 1 30260 9486 1.4 20 14 6 18 59% 357 18871 234 257%
c ]  1.53 12 22 10 13 491 1 30600 9768 1.4 19 14 6 18 59% 357 18871 234 257%
c {  1.53 12 13 10 13 491 2 30600 9768 1.8 13 7 4 9 57% 357 18871 234 257%
c -  1.65 12 13 10 14 784 2 33866 10352 1.7 13 7 3 8 57% 357 18871 234 257%
c -  1.77 12 13 10 15 993 2 37609 11085 1.7 13 7 3 8 57% 360 18871 234 257%
c i  1.80 12 13 10 15 1034 2 38304 11595 1.7 13 7 3 8 58% 367 18871 232 255%
c }  1.83 12 12 11 15 1070 2 39227 12386 1.7 13 7 3 8 58% 368 18871 232 255%
c [  1.83 12 22 11 15 1070 1 39227 12386 1.4 19 14 6 18 59% 368 18871 232 255%
c
c seconds   switched    rate         size/glue  tier1    binary       remaining
c        MB   reductions  conflicts        size   tier2     irredundant
c         level    restarts     redundant     glue    trail       variables
c
c B  1.83 12 22 11 15 1070 1 39227 12386 1.4 19 14 6 18 59% 368 18871 232 255%
c -  1.90 12 22 11 16 1072 1 41485 11244 1.4 19 14 6 17 59% 352 18871 232 255%
c u  2.02 13 21 11 16 1074 1 44946 14170 1.4 19 14 6 17 60% 353 18870 232 255%
c v  2.03 13 21 11 16 1074 1 44946 14095 1.4 19 14 6 17 60% 353 18870 232 255%
c w  2.04 13 21 11 16 1074 1 44946 13875 1.4 19 14 6 17 60% 353 18870 232 255%
c o  2.05 13 21 11 16 1074 1 44946 13875 1.4 19 14 6 17 60% 353 18870 232 255%
c -  2.06 12 22 11 17 1075 1 45487 11411 1.4 19 14 6 17 60% 353 18870 232 255%
c ]  2.16 12 22 12 17 1076 1 49178 14682 1.4 19 14 6 17 60% 353 18870 232 255%
c {  2.16 12 12 12 17 1076 2 49178 14682 1.7 13 7 3 8 58% 353 18870 232 255%
c -  2.18 12 12 12 18 1099 2 49610 12005 1.7 12 7 3 8 58% 353 18870 232 255%
c -  2.35 12 12 12 19 1537 2 53852 13015 1.7 12 7 3 8 58% 354 18870 232 255%
c i  2.39 12 13 12 19 1646 2 54601 13696 1.7 12 7 3 8 58% 354 18870 231 254%
c s  2.54 12 13 12 19 1891 2 56831 15537 1.7 12 7 3 8 58% 354 18822 231 254%
c e  2.55 12 13 12 19 1891 2 56831 15537 1.7 12 7 3 8 58% 325 18877 212 233%
c s  2.56 12 13 12 19 1891 2 56831 15537 1.7 12 7 3 8 58% 325 18573 212 233%
c e  2.56 12 13 12 19 1891 2 56831 15537 1.7 12 7 3 8 58% 322 18577 211 232%
c ^  2.56 12 13 12 19 1891 2 56831 15537 1.7 12 7 3 8 58% 322 18577 211 232%
c -  2.60 12 12 12 20 1891 2 58210 13280 1.7 12 7 3 8 59% 323 18577 211 232%
c i  2.64 12 12 12 20 2021 2 59211 14133 1.7 12 7 3 8 59% 323 18577 210 231%
c }  2.69 12 12 13 20 2103 2 60657 15342 1.7 12 7 3 8 59% 323 18577 210 231%
c
c seconds   switched    rate         size/glue  tier1    binary       remaining
c        MB   reductions  conflicts        size   tier2     irredundant
c         level    restarts     redundant     glue    trail       variables
c
c [  2.69 12 22 13 20 2103 1 60657 15342 1.4 19 14 6 17 60% 323 18577 210 231%
c W  2.69 10 22 13 20 2103 1 60657 15342 1.4 19 14 6 17 60% 319 18577 210 231%
c -  2.74 10 22 13 21 2104 1 62683 14006 1.4 20 14 6 17 61% 319 18577 210 231%
c u  2.80 13 22 13 21 2105 1 64198 15246 1.4 20 14 6 17 61% 319 18577 210 231%
c v  2.83 13 22 13 21 2105 1 64198 15225 1.4 20 14 6 17 61% 319 18577 210 231%
c w  2.84 13 22 13 21 2105 1 64198 15213 1.4 20 14 6 17 61% 319 18577 210 231%
c f  2.84 10 22 13 21 2105 1 64198 15213 1.4 20 14 6 17 61% 320 18571 211 232%
c u  2.86 13 22 13 21 2105 1 64198 15188 1.4 20 14 6 17 61% 320 18571 211 232%
c v  2.89 13 22 13 21 2105 1 64198 15181 1.4 20 14 6 17 61% 320 18571 211 232%
c w  2.90 13 22 13 21 2105 1 64198 15122 1.4 20 14 6 17 61% 320 18571 211 232%
c -  3.02 13 22 13 22 2108 1 67266 14056 1.4 20 14 6 17 62% 320 18571 211 232%
c -  3.17 13 21 13 23 2109 1 71956 14512 1.4 19 14 5 16 61% 320 18571 211 232%
c ]  3.27 13 21 14 23 2112 1 75519 17583 1.4 19 14 5 16 61% 320 18571 211 232%
c {  3.27 13 12 14 23 2112 2 75519 17583 1.7 12 7 3 8 59% 320 18571 211 232%
c o  3.28 12 12 14 23 2118 2 75915 17911 1.7 12 7 3 8 59% 320 18571 211 232%
c -  3.32 12 12 14 24 2190 2 76752 15203 1.6 12 7 3 8 59% 321 18571 211 232%
c -  3.49 13 12 14 25 2542 2 81650 16090 1.6 12 7 3 7 59% 324 18571 211 232%
c -  3.70 13 12 14 26 2987 2 86655 16059 1.6 12 7 2 7 59% 329 18571 211 232%
c b  3.73 12 12 14 26 3015 2 87232 16512 1.6 12 7 2 7 59% 329 18571 209 230%
c u  3.74 12 12 14 26 3015 2 87232 16393 1.6 12 7 2 7 59% 330 18571 209 230%
c
c seconds   switched    rate         size/glue tier1   binary       remaining
c        MB   reductions  conflicts        size  tier2    irredundant
c         level    restarts     redundant    glue   trail       variables
c
c v  3.77 13 12 14 26 3015 2 87232 16324 1.6 12 7 2 7 59% 332 18571 209 230%
c w  3.77 13 12 14 26 3015 2 87232 16305 1.6 12 7 2 7 59% 332 18571 209 230%
c t  3.80 13 12 14 26 3015 2 87232 16305 1.6 12 7 2 7 59% 329 18571 209 230%
c u  3.83 12 12 14 26 3015 2 87232 16134 1.6 12 7 2 7 59% 330 18571 209 230%
c v  3.85 13 12 14 26 3015 2 87232 16054 1.6 12 7 2 7 59% 330 18571 209 230%
c w  3.86 13 12 14 26 3015 2 87232 16024 1.6 12 7 2 7 59% 330 18571 209 230%
c t  3.86 13 12 14 26 3015 2 87232 16024 1.6 12 7 2 7 59% 329 18571 209 230%
c i  3.87 12 12 14 26 3015 2 87448 16171 1.6 12 7 2 7 59% 333 18571 208 229%
c }  3.97 13 12 15 26 3106 2 90236 18341 1.6 12 7 2 7 59% 335 18571 208 229%
c [  3.97 13 21 15 26 3106 1 90236 18341 1.4 19 14 5 16 61% 335 18571 208 229%
c I  3.97 13 21 15 26 3106 1 90236 18341 1.4 19 14 5 16 61% 335 18571 208 229%
c -  4.01 12 21 15 27 3107 1 91754 14155 1.4 19 14 5 16 61% 315 18571 208 229%
c -  4.17 12 20 15 28 3111 1 96950 14792 1.4 19 13 5 15 61% 316 18571 208 229%
c -  4.34 13 19 15 29 3112 1 102241 15652 1.4 18 13 5 15 61% 316 18571 208 229%
c s  4.41 13 19 15 29 3114 1 104591 17723 1.4 19 13 5 15 61% 316 18482 208 229%
c e  4.42 11 19 15 29 3114 1 104591 17723 1.4 19 13 5 15 61% 260 18612 178 196%
c s  4.44 11 19 15 29 3114 1 104591 17723 1.4 19 13 5 15 61% 260 18586 178 196%
c ^  4.44 11 19 15 29 3114 1 104591 17723 1.4 19 13 5 15 61% 260 18586 178 196%
c -  4.54 12 19 15 30 3116 1 107626 14913 1.5 18 13 5 14 62% 262 18584 178 196%
c ]  4.55 12 19 16 30 3117 1 107948 15199 1.5 18 13 5 14 62% 262 18584 178 196%
c
c seconds   switched    rate          size/glue tier1   binary       remaining
c        MB   reductions  conflicts         size  tier2    irredundant
c         level    restarts      redundant    glue   trail       variables
c
c {  4.55 12 12 16 30 3117 2 107948 15199 1.6 12 7 2 7 59% 262 18584 178 196%
c i  4.55 12 12 16 30 3134 2 108095 15304 1.6 12 7 2 7 59% 268 18584 177 195%
c -  4.74 13 12 16 31 3421 2 113104 15942 1.6 12 7 2 7 60% 263 18584 177 195%
c u  4.80 13 12 16 31 3495 2 114149 16550 1.6 12 7 2 7 60% 268 18583 177 195%
c v  4.83 12 12 16 31 3495 2 114149 16420 1.6 12 7 2 7 60% 273 18583 177 195%
c w  4.85 13 12 16 31 3495 2 114149 16342 1.6 12 7 2 7 60% 273 18583 177 195%
c t  4.85 13 12 16 31 3495 2 114149 16342 1.6 12 7 2 7 60% 264 18583 177 195%
c f  4.85 10 12 16 31 3495 2 114149 16342 1.6 12 7 2 7 60% 273 18545 180 198%
c u  4.88 12 12 16 31 3495 2 114149 16171 1.6 12 7 2 7 60% 285 18545 180 198%
c v  4.91 13 12 16 31 3495 2 114149 15989 1.6 12 7 2 7 60% 289 18545 180 198%
c w  4.92 13 12 16 31 3495 2 114149 15982 1.6 12 7 2 7 60% 289 18545 180 198%
c t  4.93 13 12 16 31 3495 2 114149 15982 1.6 12 7 2 7 60% 273 18545 180 198%
c i  4.98 13 12 16 31 3526 2 115647 17132 1.6 12 7 2 7 60% 277 18545 173 190%
c o  4.99 12 12 16 31 3569 2 115918 17356 1.6 12 7 2 7 60% 277 18545 173 190%
c i  5.03 13 12 16 31 3582 2 117332 18428 1.6 12 7 2 7 60% 286 18545 170 187%
c -  5.08 12 12 16 32 3649 2 118672 11308 1.6 12 7 2 7 60% 242 18544 170 187%
c i  5.10 12 12 16 32 3649 2 119023 11540 1.6 12 7 2 7 60% 245 18544 168 185%
c i  5.13 12 12 16 32 3668 2 120181 12477 1.6 12 7 2 7 60% 249 18544 167 184%
c i  5.15 12 12 16 32 3701 2 120881 13030 1.6 12 7 2 7 60% 254 18544 164 180%
c i  5.16 12 12 16 32 3701 2 121091 13164 1.6 12 7 2 7 60% 260 18544 162 178%
c
c seconds   switched    rate          size/glue tier1   binary       remaining
c        MB   reductions  conflicts         size  tier2    irredundant
c         level    restarts      redundant    glue   trail       variables
c
c i  5.24 12 12 16 32 3794 2 123809 15364 1.6 12 7 2 7 60% 267 18544 161 177%
c -  5.26 12 12 16 33 3838 2 124328 8550 1.6 12 7 2 7 60% 220 18512 161 177%
c i  5.29 12 11 16 33 3838 2 125598 9545 1.6 12 7 2 7 60% 229 18511 160 176%
c }  5.31 12 11 17 33 3855 2 126287 10135 1.6 12 7 2 7 60% 229 18511 160 176%
c [  5.31 12 19 17 33 3855 1 126287 10135 1.5 18 13 5 14 62% 229 18511 160 176%
c B  5.31 12 19 17 33 3855 1 126287 10135 1.5 18 13 5 14 62% 229 18511 160 176%
c -  5.41 12 19 17 34 3857 1 130072 10824 1.5 18 12 4 14 61% 219 18511 160 176%
c i  5.47 12 18 17 34 3859 1 132247 12429 1.5 18 12 4 14 61% 224 18511 157 173%
c i  5.52 12 18 17 34 3860 1 134195 13944 1.5 17 12 4 14 61% 228 18511 153 168%
c i  5.53 12 18 17 34 3861 1 134595 14154 1.5 17 12 4 14 61% 235 18511 149 164%
c i  5.54 12 18 17 34 3861 1 134698 14236 1.5 17 12 4 14 61% 236 18511 142 156%
c i  5.54 12 18 17 34 3861 1 134708 14241 1.5 17 12 4 14 61% 238 18511 128 141%
c i  5.54 12 18 17 34 3861 1 134709 14241 1.5 17 12 4 14 61% 238 18511 127 140%
c i  5.54 12 18 17 34 3861 1 134711 14241 1.5 17 12 4 14 61% 239 18511 117 129%
c ]  5.54 12 18 17 34 3861 1 134713 14241 1.5 17 12 4 14 61% 239 18511 76 84%
c 0  5.54 12 11 17 34 3861 2 134713 14241 1.6 12 7 2 7 60% 239 18511 76 84%
c
c ---- [ result ] ------------------------------------------------------------
c
s UNSATISFIABLE
c
c ---- [ profiling ] ---------------------------------------------------------
c
c           4.18   75.45 %  search
c           2.32   41.81 %  focused
c           1.86   33.63 %  stable
c           1.09   19.71 %  probe
c           1.00   18.11 %  simplify
c           0.56   10.15 %  vivify
c           0.35    6.35 %  factor
c           0.34    6.21 %  preprocess
c           0.25    4.51 %  eliminate
c           0.18    3.26 %  subsume
c           0.11    2.06 %  sweep
c           0.05    0.97 %  substitute
c           0.05    0.86 %  reduce
c           0.01    0.17 %  parse
c           0.01    0.13 %  congruence
c           0.01    0.10 %  walking
c           0.00    0.05 %  lucky
c           0.00    0.04 %  transitive
c           0.00    0.01 %  backbone
c =============================================
c           5.54  100.00 %  total
c
c ---- [ statistics ] --------------------------------------------------------
c
c conflicts:                           134713            24317.53 per second
c decisions:                           216409                1.61 per conflict
c eliminated:                             122              134 %  variables
c factored:                               220              242 %  variables
c iterations:                              22               24 %  variables
c propagations:                       5657773          1021305    per second
c reductions:                              34             3962    interval
c reordered:                                5            26943    interval
c rephased:                                10            13471    interval
c restarts:                              3861               35    interval
c strengthened:                           454                0 %  checks
c subsumed:                              1346                0 %  checks
c switched:                                17             7924    interval
c vivified:                              4244               31 %  checks
c walks:                                    3            44904    interval
c
c ---- [ glue usage ] --------------------------------------------------------
c
c focused glue 2   used 75409 clauses 26.26% accumulated 54.10% tier1
c focused glue 3   used 41944 clauses 14.61% accumulated 68.70%
c focused glue 4-5 used 42055 clauses 14.64% accumulated 83.35%
c focused glue 6   used 13870 clauses  4.83% accumulated 88.18%
c focused glue 7   used 10549 clauses  3.67% accumulated 91.85% tier2
c
c stable glue 4    used 27438 clauses  9.71% accumulated 52.87% tier1
c stable glue 5    used 22065 clauses  7.81% accumulated 60.68%
c stable glue 6-12 used 75218 clauses 26.62% accumulated 87.30%
c stable glue 13   used  5932 clauses  2.10% accumulated 89.40%
c stable glue 14   used  5330 clauses  1.89% accumulated 91.28% tier2
c
c ---- [ resources ] ---------------------------------------------------------
c
c maximum-resident-set-size:         13590528 bytes         13 MB
c process-time:                             6s               5.54 seconds
c
c ---- [ shutting down ] -----------------------------------------------------
c
c exit 20
