c ---- [ banner ] ------------------------------------------------------------
c
c Kissat SAT Solver
c 
c Copyright (c) 2021-2024 Armin Biere University of Freiburg
c Copyright (c) 2019-2021 Armin Biere Johannes Kepler University Linz
c 
c Version 4.0.4 8af8e56f174b778aef3aa45af9f739b2a5f492c2
c gcc (Ubuntu 13.3.0-6ubuntu2~24.04.1) 13.3.0 -W -Wall -O3 -DNDEBUG
c Wed Apr 15 20:10:47 EEST 2026 Linux cluster-4 6.17.0-14-generic x86_64
c
c ---- [ parsing ] -----------------------------------------------------------
c
c opened and reading DIMACS file:
c
c   tmp.cnf
c
c parsed 'p cnf 153 572832' header
c closing input after reading 16087615 bytes (15 MB)
c finished parsing after 0.13 seconds
c
c ---- [ solving ] -----------------------------------------------------------
c
c seconds switched rate     size/glue tier1 binary        remaining
c        MB reductions conflicts size  tier2   irredundant
c         level restarts redundant glue  trail        variables
c
c *  0.13 46 0 0 0  0 0   0   0 0.0 0 0 0 0 0%   0 572832 153 100%
c (  0.16 57 0 0 0  0 0   0   0 0.0 0 0 0 0 0%   0 572832 153 100%
c .  0.16 57 0 0 0  0 0   0   0 0.0 0 0 0 0 0%   0 572832 153 100%
c )  0.27 57 0 0 0  0 0   0   0 0.0 0 0 0 0 0%   0 572832 153 100%
c {  0.28 58 0 0 0  0 0   0   0 0.0 0 0 2 6 0%   0 572832 153 100%
c -  0.44 64 22 0 1 19 1 1002 606 1.9 19 10 7 14 57%   0 572832 153 100%
c }  0.44 64 22 1 1 19 1 1002 606 1.9 19 10 7 14 57%   0 572832 153 100%
c [  0.44 64 0 1 1 19 0 1002 606 0.0 0 0 2 6 0%   0 572832 153 100%
c B  0.44 64 0 1 1 19 0 1002 606 0.0 0 0 2 6 0%   0 572832 153 100%
c -  0.56 65 33 1 2 19 1 2002 1415 1.3 22 17 13 24 59%   0 572832 153 100%
c W  0.61 60 33 1 2 19 1 2004 1417 1.3 22 17 13 24 59%   0 572832 153 100%
c ]  0.64 60 33 2 2 20 1 2218 1586 1.3 23 18 13 24 59%   0 572832 153 100%
c {  0.64 60 22 2 2 20 1 2218 1586 1.9 19 10 7 14 57%   0 572832 153 100%
c u  0.90 65 23 2 2 144 2 2760 2104 1.9 21 11 7 14 59%   0 572832 153 100%
c v  0.93 65 23 2 2 144 2 2760 2102 1.9 21 11 7 14 59%   0 572832 153 100%
c w  0.95 65 23 2 2 144 2 2760 2101 1.9 21 11 7 14 59%   0 572832 153 100%
c }  1.22 60 24 3 2 228 2 3220 2531 2.0 21 11 7 14 61%   0 572832 153 100%
c [  1.22 60 33 3 2 228 1 3220 2531 1.3 23 18 13 24 59%   0 572832 153 100%
c -  1.27 61 32 3 3 228 1 3418 2490 1.4 23 17 12 24 59%   0 572832 153 100%
c I  1.38 62 30 3 3 228 1 4263 3169 1.5 25 17 12 24 58%   0 572832 153 100%
c
c seconds  switched  rate       size/glue  tier1     binary        remaining
c        MB reductions conflicts      size    tier2     irredundant
c         level restarts   redundant     glue     trail        variables
c
c ]  1.60 65 28 4 3 229 1 4960 3731 1.5 23 16 11 24 55%   0 572832 153 100%
c {  1.60 65 24 4 3 229 2 4960 3731 2.0 21 11 7 14 61%   0 572832 153 100%
c -  1.67 66 23 4 4 246 2 5151 3487 1.9 21 11 8 15 60%   0 572832 153 100%
c -  2.32 64 21 4 5 356 2 7151 4602 1.9 20 11 8 14 57%   0 572832 153 100%
c }  2.36 64 21 5 5 357 2 7313 4755 1.9 20 11 8 14 57%   0 572832 153 100%
c [  2.36 64 28 5 5 357 1 7313 4755 1.5 23 16 11 24 55%   0 572832 153 100%
c B  2.53 66 28 5 5 357 1 8037 5388 1.5 24 15 11 24 57%   0 572832 153 100%
c u  2.75 60 27 5 5 358 1 8498 5763 1.5 24 16 11 23 57%   0 572832 153 100%
c v  2.83 61 27 5 5 358 1 8498 5759 1.5 24 16 11 23 57%   0 572832 153 100%
c w  2.87 62 27 5 5 358 1 8498 5758 1.5 24 16 11 23 57%   0 572832 153 100%
c ]  3.19 67 27 6 5 358 1 9386 6464 1.5 23 16 11 23 57%   0 572832 153 100%
c {  3.19 67 21 6 5 358 2 9386 6464 1.9 20 11 8 14 57%   0 572832 153 100%
c -  3.19 67 21 6 6 358 2 9390 5535 1.9 20 11 8 14 57%   0 572832 153 100%
c -  3.99 68 18 6 7 376 2 11840 6602 1.9 19 10 8 13 56%   0 572832 153 100%
c o  4.02 68 18 6 7 377 2 11901 6657 1.9 19 10 8 13 57%   0 572832 153 100%
c }  4.29 70 18 7 7 405 2 13455 7938 1.9 19 10 8 13 55%   0 572832 153 100%
c [  4.29 70 27 7 7 405 1 13455 7938 1.5 23 16 11 23 57%   0 572832 153 100%
c W  4.36 60 26 7 7 405 1 13567 8022 1.5 23 16 11 23 56%   0 572832 153 100%
c ^  4.74 65 27 7 7 405 1 13792 8225 1.5 23 16 11 23 57%   0 572832 153 100%
c -  4.84 66 28 7 8 405 1 14485 7401 1.5 25 16 10 23 59%   0 572832 153 100%
c
c seconds  switched  rate        size/glue  tier1     binary        remaining
c        MB reductions conflicts       size    tier2     irredundant
c         level restarts    redundant     glue     trail        variables
c
c -  5.18 68 29 7 9 407 1 17313 8382 1.5 25 17 11 23 60%   0 572832 153 100%
c u  5.30 69 29 7 9 407 1 17409 8467 1.5 25 17 11 23 60%   0 572832 153 100%
c v  5.38 69 29 7 9 407 1 17409 8465 1.5 25 17 11 23 60%   0 572832 153 100%
c w  5.42 70 29 7 9 407 1 17409 8457 1.5 25 17 11 23 60%   0 572832 153 100%
c -  5.88 71 30 7 10 410 1 20313 9121 1.4 26 18 11 24 60%   0 572832 153 100%
c O  6.00 71 30 7 10 410 1 21096 9778 1.4 26 18 11 24 60%   0 572832 153 100%
c ]  6.13 71 30 8 10 411 1 22347 10828 1.4 26 18 11 24 60%   0 572832 153 100%
c {  6.13 71 18 8 10 411 2 22347 10828 1.9 19 10 8 13 55%   0 572832 153 100%
c o  6.15 71 18 8 10 416 2 22369 10846 1.9 19 10 8 13 55%   0 572832 153 100%
c -  6.71 63 19 8 11 587 2 23476 9916 1.9 19 10 8 13 55%   0 572832 153 100%
c -  8.30 58 20 8 12 996 2 26792 11268 1.9 19 10 8 13 56%   0 572832 153 100%
c s  8.80 71 20 8 12 1070 2 27584 11983 1.9 19 10 8 13 56%   0 572826 153 100%
c ^  8.99 73 20 8 12 1070 2 27584 11983 1.9 19 10 8 13 56%   0 572826 153 100%
c }  9.38 69 20 9 12 1132 2 28506 12804 1.9 19 10 8 13 56%   0 572826 153 100%
c [  9.38 69 30 9 12 1132 1 28506 12804 1.4 26 18 11 24 60%   0 572826 153 100%
c u  9.79 72 30 9 12 1133 1 29685 13832 1.5 26 18 11 24 60%   0 572826 153 100%
c v  9.97 73 30 9 12 1133 1 29685 13821 1.5 26 18 11 24 60%   0 572826 153 100%
c w 10.04 73 30 9 12 1133 1 29685 13810 1.5 26 18 11 24 60%   0 572826 153 100%
c - 10.20 61 30 9 13 1133 1 30256 12439 1.5 26 18 11 25 60%   0 572826 153 100%
c B 10.29 63 30 9 13 1134 1 30858 12965 1.4 26 18 11 25 60%   0 572826 153 100%
c
c seconds  switched    rate         size/glue  tier1     binary        remaining
c        MB  reductions  conflicts        size    tier2     irredundant
c         level   restarts     redundant     glue     trail        variables
c
c - 10.78 65 33 9 14 1135 1 33862 13017 1.4 27 19 11 26 61%   0 572826 153 100%
c - 11.31 67 34 9 15 1138 1 37603 13497 1.4 27 20 11 26 61%   0 572826 153 100%
c - 11.73 67 34 9 16 1139 1 41475 14304 1.4 27 20 11 27 61%   0 572826 153 100%
c W 11.91 61 33 9 16 1140 1 43080 15550 1.4 27 20 11 27 60%   0 572826 153 100%
c o 11.92 61 33 9 16 1140 1 43080 15550 1.4 27 20 11 27 60%   0 572826 153 100%
c - 12.24 63 35 9 17 1141 1 45476 14542 1.3 28 21 11 27 60%   0 572826 153 100%
c u 12.43 61 35 9 17 1141 1 45493 14547 1.3 28 21 11 27 60%   0 572826 153 100%
c v 12.53 64 35 9 17 1141 1 45493 14531 1.3 28 21 11 27 60%   0 572826 153 100%
c w 12.58 65 35 9 17 1141 1 45493 14530 1.3 28 21 11 27 60%   0 572826 153 100%
c ] 12.70 69 35 10 17 1141 1 45815 14810 1.3 28 21 11 27 61%   0 572826 153 100%
c { 12.70 69 20 10 17 1141 2 45815 14810 1.9 19 10 8 13 56%   0 572826 153 100%
c - 14.54 69 20 10 18 1491 2 49600 15696 1.9 20 11 8 14 57%   0 572826 153 100%
c - 16.33 63 21 10 19 1762 2 53845 17196 1.9 20 11 8 14 57%   0 572826 153 100%
c } 16.54 69 21 11 19 1801 2 54444 17731 1.9 20 11 8 14 57%   0 572826 153 100%
c [ 16.54 69 35 11 19 1801 1 54444 17731 1.3 28 21 11 27 61%   0 572826 153 100%
c s 17.19 73 33 11 19 1803 1 57486 20369 1.4 27 20 11 27 59%   0 572819 153 100%
c ^ 17.49 74 33 11 19 1803 1 57486 20369 1.4 27 20 11 27 59%   0 572819 153 100%
c I 17.62 65 33 11 19 1803 1 57984 20823 1.4 27 20 11 27 60%   0 572819 153 100%
c - 17.69 68 33 11 20 1803 1 58203 18554 1.4 27 20 11 27 59%   0 572819 153 100%
c - 18.43 72 32 11 21 1806 1 62675 19802 1.4 27 19 11 26 58%   0 572819 153 100%
c
c seconds   switched    rate         size/glue  tier1     binary        remaining
c        MB   reductions  conflicts        size    tier2     irredundant
c         level    restarts     redundant     glue     trail        variables
c
c u 18.86 74 31 11 21 1807 1 64942 21638 1.4 26 19 11 26 57%   0 572819 153 100%
c v 19.07 75 31 11 21 1807 1 64942 21629 1.4 26 19 11 26 57%   0 572819 153 100%
c w 19.13 75 31 11 21 1807 1 64942 21400 1.4 26 19 11 26 57%   0 572819 153 100%
c - 19.56 62 31 11 22 1807 1 67257 20711 1.4 26 19 11 25 57%   0 572819 153 100%
c - 19.97 64 30 11 23 1811 1 71947 21567 1.4 26 19 11 24 56%   0 572819 153 100%
c B 20.29 65 29 11 23 1813 1 75788 24431 1.3 25 19 11 24 55%   0 572819 153 100%
c o 20.30 65 29 11 23 1813 1 75788 24431 1.3 25 19 11 24 55%   0 572819 153 100%
c ] 20.33 67 29 12 23 1813 1 75910 24551 1.3 25 19 11 24 55%   0 572819 153 100%
c { 20.33 67 21 12 23 1813 2 75910 24551 1.9 20 11 8 14 57%   0 572819 153 100%
c - 20.66 62 21 12 24 1877 2 76742 22502 1.9 20 11 8 14 57%   0 572819 153 100%
c - 22.44 75 21 12 25 2129 2 81640 23556 1.9 20 11 8 14 57%   0 572819 153 100%
c - 24.55 74 21 12 26 2452 2 86641 24369 1.9 20 11 8 14 57%   0 572819 153 100%
c } 24.85 71 21 13 26 2538 2 87389 25033 1.9 20 11 8 14 57%   0 572819 153 100%
c [ 24.85 71 29 13 26 2538 1 87389 25033 1.3 25 19 11 24 55%   0 572819 153 100%
c u 25.30 74 29 13 26 2538 1 88170 25662 1.3 25 19 11 24 55%   0 572819 153 100%
c v 25.56 76 29 13 26 2538 1 88170 25635 1.3 25 19 11 24 55%   0 572819 153 100%
c w 25.66 77 29 13 26 2538 1 88170 25631 1.3 25 19 11 24 55%   0 572819 153 100%
c - 26.19 69 29 13 27 2540 1 91741 25508 1.4 25 18 11 24 55%   0 572819 153 100%
c W 26.88 63 29 13 27 2544 1 96699 29787 1.4 25 18 11 24 55%   0 572819 153 100%
c - 26.92 64 29 13 28 2544 1 96937 26695 1.4 25 18 11 23 55%   0 572819 153 100%
c
c seconds   switched    rate          size/glue  tier1     binary        remaining
c        MB   reductions  conflicts         size    tier2     irredundant
c         level    restarts      redundant     glue     trail        variables
c
c - 27.54 65 30 13 29 2546 1 102234 27217 1.4 26 19 11 24 56%   0 572819 153 100%
c ^ 28.70 70 30 13 29 2548 1 105651 30184 1.4 26 19 11 24 57%   0 572819 153 100%
c - 28.91 70 30 13 30 2550 1 107619 27005 1.4 26 19 11 24 57%   0 572819 153 100%
c - 29.53 71 31 13 31 2551 1 113100 27295 1.4 26 19 11 25 58%   0 572819 153 100%
c u 29.99 72 31 13 31 2552 1 115315 29146 1.4 27 20 11 25 58%   0 572819 153 100%
c v 30.16 73 31 13 31 2552 1 115315 29125 1.4 27 20 11 25 58%   0 572819 153 100%
c w 30.23 73 31 13 31 2552 1 115315 29002 1.4 27 20 11 25 58%   0 572819 153 100%
c ] 30.43 73 31 14 31 2552 1 116194 29747 1.4 27 20 11 25 58%   0 572819 153 100%
c { 30.43 73 21 14 31 2552 2 116194 29747 1.9 20 11 8 14 57%   0 572819 153 100%
c o 30.47 73 21 14 31 2564 2 116242 29793 1.9 20 11 8 14 57%   0 572819 153 100%
c - 31.21 72 21 14 32 2628 2 118669 27835 1.9 20 11 8 14 57%   0 572819 153 100%
c - 33.72 61 21 14 33 3026 2 124326 30068 1.9 20 11 8 14 57%   0 572819 153 100%
c - 35.92 69 20 14 34 3287 2 130070 31816 1.9 20 11 8 14 57%   0 572819 153 100%
c } 36.33 69 20 15 34 3384 2 130911 32578 1.9 20 11 8 14 57%   0 572819 153 100%
c [ 36.33 69 31 15 34 3384 1 130911 32578 1.4 27 20 11 25 58%   0 572819 153 100%
c O 36.33 69 31 15 34 3384 1 130911 32578 1.4 27 20 11 25 58%   0 572819 153 100%
c - 36.95 73 32 15 35 3387 1 135900 32647 1.4 27 20 11 25 58%   0 572819 153 100%
c - 37.82 74 32 15 36 3390 1 141818 33485 1.4 27 20 11 25 58%   0 572819 153 100%
c u 39.00 69 32 15 36 3393 1 146461 37424 1.4 27 20 11 25 58%   0 572819 153 100%
c v 39.48 73 32 15 36 3393 1 146461 37355 1.4 27 20 11 25 58%   0 572819 153 100%
c
c seconds   switched    rate          size/glue  tier1     binary        remaining
c        MB   reductions  conflicts         size    tier2     irredundant
c         level    restarts      redundant     glue     trail        variables
c
c w 39.62 73 32 15 36 3393 1 146461 37140 1.4 27 20 11 25 58%   0 572819 153 100%
c - 39.92 75 32 15 37 3393 1 147822 34258 1.4 27 20 11 25 58%   0 572819 153 100%
c - 40.85 76 32 15 38 3397 1 153904 34698 1.4 27 20 11 25 58%   0 572819 153 100%
c B 41.54 77 32 15 38 3398 1 158651 38812 1.4 27 20 11 25 58%   0 572819 153 100%
c - 41.71 77 32 15 39 3398 1 160069 34828 1.4 27 20 11 25 58%   0 572819 153 100%
c - 42.48 65 32 15 40 3398 1 166314 34221 1.4 27 20 11 25 57%   0 572819 153 100%
c ] 42.69 65 32 16 40 3400 1 168348 35773 1.3 27 20 11 25 57%   0 572819 153 100%
c { 42.69 65 20 16 40 3400 2 168348 35773 1.9 20 11 8 14 57%   0 572819 153 100%
c o 42.71 66 20 16 40 3405 2 168372 35793 1.9 20 11 8 14 57%   0 572819 153 100%
c - 44.40 76 20 16 41 3702 2 172638 34719 1.9 20 11 8 14 57%   0 572819 153 100%
c s 45.50 72 20 16 41 3740 2 174091 35869 1.8 20 11 8 14 57%   0 572446 153 100%
c ^ 45.97 75 20 16 41 3740 2 174091 35869 1.8 20 11 8 14 57%   0 572446 153 100%
c - 48.04 73 21 16 42 4162 2 179041 36713 1.8 20 11 8 14 57%   0 572446 153 100%
c u 49.25 78 20 16 42 4318 2 181717 39048 1.8 20 11 8 14 57%   0 572446 153 100%
c v 49.52 79 20 16 42 4318 2 181717 39029 1.8 20 11 8 14 57%   0 572446 153 100%
c w 49.62 79 20 16 42 4318 2 181717 39006 1.8 20 11 8 14 57%   0 572446 153 100%
c - 51.68 71 21 16 43 4574 2 185523 38343 1.9 20 11 8 14 57%   0 572446 153 100%
c } 52.19 74 21 17 43 4680 2 186686 39371 1.9 20 11 8 14 57%   0 572446 153 100%
c [ 52.19 74 32 17 43 4680 1 186686 39371 1.3 27 20 11 25 57%   0 572446 153 100%
c W 52.95 63 32 17 43 4682 1 190103 42361 1.4 27 20 11 25 57%   0 572446 153 100%
c
c seconds   switched    rate          size/glue  tier1     binary        remaining
c        MB   reductions  conflicts         size    tier2     irredundant
c         level    restarts      redundant     glue     trail        variables
c
c - 53.28 67 32 17 44 4683 1 192080 39448 1.4 27 20 10 25 58%   0 572446 153 100%
c - 54.09 70 32 17 45 4686 1 198714 40326 1.4 27 20 10 25 58%   0 572446 153 100%
c - 54.77 70 32 17 46 4691 1 205422 41070 1.4 27 20 10 25 57%   0 572446 153 100%
c - 55.42 71 31 17 47 4693 1 212204 42038 1.3 27 20 11 25 57%   0 572446 153 100%
c - 56.04 71 31 17 48 4694 1 219059 42972 1.3 27 20 11 25 57%   0 572446 153 100%
c u 56.68 73 31 17 48 4694 1 221190 44675 1.3 27 20 11 25 57%   0 572446 153 100%
c v 57.01 73 31 17 48 4694 1 221190 44539 1.3 27 20 11 25 57%   0 572446 153 100%
c w 57.11 73 31 17 48 4694 1 221190 44275 1.3 27 20 11 25 57%   0 572446 153 100%
c I 57.52 60 31 17 48 4697 1 225454 47832 1.3 27 20 11 25 57%   0 572446 153 100%
c - 57.68 68 31 17 49 4698 1 225988 42646 1.3 27 20 11 25 57%   0 572446 153 100%
c - 59.16 72 31 17 50 4701 1 232990 41958 1.3 27 20 11 25 57%   0 572446 153 100%
c ] 59.23 72 31 18 50 4701 1 233436 42290 1.3 27 20 11 25 57%   0 572446 153 100%
c { 59.23 72 21 18 50 4701 2 233436 42290 1.9 20 11 8 14 57%   0 572446 153 100%
c o 59.26 72 21 18 50 4712 2 233475 42323 1.9 20 11 8 14 57%   0 572446 153 100%
c - 62.85 63 21 18 51 5476 2 240064 42256 1.9 20 11 8 14 58%   0 572446 153 100%
c - 66.34 69 22 18 52 6385 2 247205 44430 1.9 21 11 8 14 59%   0 572446 153 100%
c - 70.37 71 22 18 53 7412 2 254417 46564 1.9 21 11 8 15 59%   0 572446 153 100%
c } 71.17 61 22 19 53 7516 2 255783 47845 1.9 21 11 8 15 59%   0 572446 153 100%
c [ 71.17 61 31 19 53 7516 1 255783 47845 1.3 27 20 11 25 57%   0 572446 153 100%
c - 72.57 67 30 19 54 7520 1 261699 48315 1.4 27 20 10 25 57%   0 572446 153 100%
c
c seconds   switched    rate          size/glue  tier1     binary        remaining
c        MB   reductions  conflicts         size    tier2     irredundant
c         level    restarts      redundant     glue     trail        variables
c
c s 73.86 72 30 19 54 7522 1 264676 51007 1.4 27 19 10 25 57%   0 572417 153 100%
c ! 74.66 74 30 19 54 7522 1 264676 51007 1.4 27 19 10 25 57%   0 572417 153 100%
c B 74.73 75 30 19 54 7522 1 264894 51214 1.4 27 19 10 25 57%   0 572417 153 100%
c u 75.55 79 30 19 54 7522 1 264941 51230 1.4 27 19 10 25 57%   0 572417 153 100%
c v 76.42 79 30 19 54 7522 1 264941 51174 1.4 27 19 10 25 57%   0 572417 153 100%
c w 76.64 79 30 19 54 7522 1 264941 51149 1.4 27 19 10 25 57%   0 572417 153 100%
c - 77.37 69 30 19 55 7523 1 269047 48602 1.4 26 19 10 25 57%   0 572417 153 100%
c - 78.46 71 29 19 56 7528 1 276464 48093 1.4 26 19 10 24 56%   0 572417 153 100%
c - 80.12 73 29 19 57 7530 1 283948 47438 1.4 26 19 10 24 55%   0 572417 153 100%
c - 81.97 75 28 19 58 7532 1 291499 47884 1.4 25 19 10 24 55%   0 572417 153 100%
c - 83.78 75 28 19 59 7537 1 299114 48333 1.4 25 18 10 24 55%   0 572417 153 100%
c ] 84.04 76 28 20 59 7537 1 300156 49193 1.4 25 18 10 24 55%   0 572417 153 100%
c { 84.04 76 22 20 59 7537 2 300156 49193 1.9 21 11 8 15 59%   0 572417 153 100%
c o 85.60 76 22 20 59 7670 2 304243 52876 1.9 21 11 8 15 59%   0 572417 153 100%
c - 86.45 66 22 20 60 7758 2 306795 49424 1.9 21 11 8 15 59%   0 572417 153 100%
c u 89.11 78 22 20 60 8022 2 313075 54976 1.9 21 11 8 15 59%   0 572417 153 100%
c v 89.60 79 22 20 60 8022 2 313075 54838 1.9 21 11 8 15 59%   0 572417 153 100%
c w 89.77 80 22 20 60 8022 2 313075 54792 1.9 21 11 8 15 59%   0 572417 153 100%
c - 90.56 78 22 20 61 8076 2 314542 50335 1.9 21 11 8 15 59%   0 572417 153 100%
c - 93.42 75 21 20 62 8444 2 322352 51899 1.9 21 11 8 14 58%   0 572417 153 100%
c
c seconds   switched    rate          size/glue  tier1    binary        remaining
c        MB   reductions  conflicts         size   tier2     irredundant
c         level    restarts      redundant     glue    trail        variables
c
c } 94.93 77 21 21 62 8642 2 326897 55816 1.9 21 11 8 14 58%   0 572417 153 100%
c [ 94.93 77 28 21 62 8642 1 326897 55816 1.4 25 18 10 24 55%   0 572417 153 100%
c W 95.05 63 28 21 62 8642 1 326897 55816 1.4 25 18 10 24 55%   0 572417 153 100%
c - 95.74 69 28 21 63 8644 1 330228 53102 1.4 25 18 10 24 55%   0 572417 153 100%
c - 97.15 72 28 21 64 8648 1 338165 53927 1.4 25 18 10 24 55%   0 572417 153 100%
c - 98.73 74 27 21 65 8654 1 346167 54098 1.4 25 18 10 23 55%   0 572417 153 100%
c - 100.61 66 27 21 66 8656 1 354230 54607 1.4 25 18 10 23 55%   0 572417 153 100%
c - 102.43 68 27 21 67 8658 1 362354 54709 1.4 25 18 10 23 55%   0 572417 153 100%
c ] 103.02 68 27 22 67 8659 1 364432 56465 1.4 24 18 10 23 55%   0 572417 153 100%
c { 103.02 68 21 22 67 8659 2 364432 56465 1.9 21 11 8 14 58%   0 572417 153 100%
c u 104.46 73 21 22 67 8661 2 365650 57542 1.9 21 11 8 14 58%   0 572417 153 100%
c v 105.28 77 21 22 67 8661 2 365650 57496 1.9 21 11 8 14 58%   0 572417 153 100%
c w 105.57 78 21 22 67 8661 2 365650 57423 1.9 21 11 8 14 58%   0 572417 153 100%
c - 107.49 69 21 22 68 8729 2 370541 55265 1.9 21 11 8 14 58%   0 572417 153 100%
c - 109.28 78 20 22 69 8776 2 378788 56212 1.9 20 11 8 14 56%   0 572417 153 100%
c s 110.22 79 20 22 69 8780 2 379120 56506 1.9 20 11 8 14 56%   0 572394 153 100%
c - 113.10 71 20 22 70 8884 2 387094 57100 1.8 20 11 8 14 55%   0 572394 153 100%
c o 113.51 78 20 22 70 8918 2 388752 58509 1.8 20 11 8 14 55%   0 572394 153 100%
c - 114.94 73 19 22 71 8942 2 395461 58183 1.8 20 11 8 14 54%   0 572394 153 100%
c } 115.01 73 19 23 71 8943 2 395950 58576 1.8 20 11 8 14 54%   0 572394 153 100%
c
c seconds    switched    rate          size/glue  tier1     binary        remaining
c         MB   reductions  conflicts         size    tier2     irredundant
c          level    restarts      redundant     glue     trail        variables
c
c [ 115.01 73 27 23 71 8943 1 395950 58576 1.4 24 18 10 23 55%   0 572394 153 100%
c O 115.01 73 27 23 71 8943 1 395950 58576 1.4 24 18 10 23 55%   0 572394 153 100%
c - 116.84 81 27 23 72 8948 1 403888 58322 1.4 25 18 10 23 55%   0 572394 153 100%
c - 118.92 73 27 23 73 8952 1 412373 58993 1.4 25 18 10 23 55%   0 572394 153 100%
c caught signal 15 (SIGTERM)
c
c ---- [ profiling ] ---------------------------------------------------------
c
c         100.72   83.96 %  search
c          56.41   47.03 %  focused
c          44.31   36.94 %  stable
c          18.95   15.80 %  simplify
c          12.50   10.42 %  probe
c          10.69    8.91 %  vivify
c           6.17    5.14 %  eliminate
c           5.71    4.76 %  subsume
c           1.04    0.87 %  substitute
c           0.56    0.47 %  sweep
c           0.39    0.32 %  walking
c           0.39    0.32 %  reduce
c           0.17    0.14 %  congruence
c           0.13    0.11 %  parse
c           0.11    0.09 %  preprocess
c           0.04    0.04 %  lucky
c           0.03    0.03 %  transitive
c           0.01    0.01 %  factor
c           0.00    0.00 %  backbone
c =============================================
c         119.96  100.00 %  total
c
c ---- [ statistics ] --------------------------------------------------------
c
c conflicts:                           418696             3490.24 per second
c decisions:                           607752                1.45 per conflict
c propagations:                       8349442            69601    per second
c reductions:                              73             5736    interval
c reordered:                                9            46522    interval
c rephased:                                18            23261    interval
c restarts:                              8956               47    interval
c subsumed:                               438                0 %  checks
c switched:                                23            18204    interval
c vivified:                              6205               30 %  checks
c walks:                                    6            69783    interval
c
c ---- [ glue usage ] --------------------------------------------------------
c
c focused glue 8     used 20742 clauses  8.37% accumulated 54.69% tier1
c focused glue 9     used 19776 clauses  7.98% accumulated 62.67%
c focused glue 10-12 used 52808 clauses 21.32% accumulated 83.99%
c focused glue 13    used 11645 clauses  4.70% accumulated 88.69%
c focused glue 14    used  8558 clauses  3.45% accumulated 92.14% tier2
c
c stable glue 10    used  35856 clauses  4.34% accumulated 53.65% tier1
c stable glue 11    used  37193 clauses  4.50% accumulated 58.15%
c stable glue 12-21 used 240916 clauses 29.15% accumulated 87.30%
c stable glue 22    used  15520 clauses  1.88% accumulated 89.18%
c stable glue 23    used  14105 clauses  1.71% accumulated 90.88% tier2
c
c ---- [ resources ] ---------------------------------------------------------
c
c maximum-resident-set-size:         84082688 bytes         80 MB
c process-time:                             2m             119.96 seconds
c raising signal 15 (SIGTERM)
