c ---- [ banner ] ------------------------------------------------------------
c
c Kissat SAT Solver
c 
c Copyright (c) 2021-2024 Armin Biere University of Freiburg
c Copyright (c) 2019-2021 Armin Biere Johannes Kepler University Linz
c 
c Version 4.0.4 8af8e56f174b778aef3aa45af9f739b2a5f492c2
c gcc (Ubuntu 13.3.0-6ubuntu2~24.04.1) 13.3.0 -W -Wall -O3 -DNDEBUG
c Wed Apr 15 20:10:47 EEST 2026 Linux cluster-4 6.17.0-14-generic x86_64
c
c ---- [ parsing ] -----------------------------------------------------------
c
c opened and reading DIMACS file:
c
c   tmp.cnf
c
c parsed 'p cnf 253 773927' header
c closing input after reading 21914917 bytes (21 MB)
c finished parsing after 0.16 seconds
c
c ---- [ solving ] -----------------------------------------------------------
c
c seconds switched rate     size/glue tier1 binary        remaining
c        MB reductions conflicts size  tier2   irredundant
c         level restarts redundant glue  trail        variables
c
c *  0.16 53 0 0 0  0 0   0   0 0.0 0 0 0 0 0%   0 773927 253 100%
c (  0.19 70 0 0 0  0 0   0   0 0.0 0 0 0 0 0%   0 773927 253 100%
c .  0.19 70 0 0 0  0 0   0   0 0.0 0 0 0 0 0%   0 773927 253 100%
c f  2.96 54 0 0 0  0 0   0   0 0.0 0 0 0 0 0%  10 718847 254 100%
c )  2.98 62 0 0 0  0 0   0   0 0.0 0 0 0 0 0%  10 718847 254 100%
c {  3.00 69 0 0 0  0 0   0   0 0.0 0 0 2 6 0%  10 718847 254 100%
c -  3.22 77 16 0 1 53 2 1000 655 1.6 12 7 5 10 64%  11 718847 254 100%
c }  3.22 77 16 1 1 53 2 1000 655 1.6 12 7 5 10 64%  11 718847 254 100%
c [  3.22 77 0 1 1 53 0 1000 655 0.0 0 0 2 6 0%  11 718847 254 100%
c B  3.23 78 32 1 1 53 13 1002 657 1.5 10 6 2 6 73%  11 718847 254 100%
c ]  3.47 79 37 2 1 53 2 1918 1440 1.9 30 15 7 22 69%  11 718847 254 100%
c {  3.47 79 16 2 1 53 2 1918 1440 1.6 12 7 5 10 64%  11 718847 254 100%
c -  3.56 80 18 2 2 96 3 2000 1443 1.6 13 8 5 11 64%  11 718847 254 100%
c u  4.30 85 25 2 2 360 4 2832 2189 1.7 16 9 6 16 65%  11 718847 254 100%
c v  4.36 85 25 2 2 360 4 2832 2187 1.7 16 9 6 16 65%  11 718847 254 100%
c w  4.40 85 25 2 2 360 4 2832 2186 1.7 16 9 6 16 65%  11 718847 254 100%
c x  4.46 85 25 2 2 360 4 2832 2186 1.7 16 9 6 16 65%  15 718721 254 100%
c }  4.65 85 25 3 2 394 4 2918 2263 1.7 16 9 6 16 65%  15 718721 254 100%
c [  4.65 85 37 3 2 394 2 2918 2263 1.9 30 15 7 22 69%  15 718721 254 100%
c W  4.73 75 37 3 2 394 2 2918 2263 1.9 30 15 7 22 69%  15 718721 254 100%
c
c seconds  switched  rate       size/glue  tier1    binary        remaining
c        MB reductions conflicts      size   tier2     irredundant
c         level restarts   redundant     glue    trail        variables
c
c -  4.84 77 40 3 3 394 2 3414 2554 1.9 31 16 8 25 69%  15 718721 254 100%
c -  5.15 80 42 3 4 396 2 5148 3512 1.7 32 19 9 30 67%  15 718721 254 100%
c I  5.15 80 42 3 4 396 2 5177 3539 1.7 32 19 9 30 67%  15 718721 254 100%
c ]  5.47 81 37 4 4 396 2 6380 4535 1.8 31 17 9 30 66%  15 718721 254 100%
c {  5.47 81 25 4 4 396 4 6380 4535 1.7 16 9 6 16 65%  15 718721 254 100%
c -  5.76 82 23 4 5 431 4 7149 4470 2.1 19 9 5 16 64%  16 718720 254 100%
c u  6.38 70 21 4 5 468 3 8719 5868 2.2 19 9 5 16 66%  16 718720 254 100%
c v  6.46 72 21 4 5 468 3 8719 5867 2.2 19 9 5 16 66%  16 718720 254 100%
c w  6.50 73 21 4 5 468 3 8719 5866 2.2 19 9 5 16 66%  16 718720 254 100%
c x  6.56 75 21 4 5 468 3 8719 5866 2.2 19 9 5 16 66%  17 718499 254 100%
c }  6.72 82 21 5 5 468 3 8732 5879 2.2 19 9 5 16 66%  17 718499 254 100%
c [  6.72 82 37 5 5 468 2 8732 5879 1.8 31 17 9 30 66%  17 718499 254 100%
c B  6.78 82 38 5 5 468 2 8948 6067 1.8 31 17 9 30 66%  17 718499 254 100%
c -  6.89 83 39 5 6 468 2 9386 5489 1.7 32 18 9 29 66%  17 718499 254 100%
c -  7.25 84 38 5 7 470 2 11835 6418 1.9 34 17 9 27 66%  17 718499 254 100%
c ]  7.33 84 39 6 7 470 2 12232 6738 1.9 34 18 9 27 66%  17 718499 254 100%
c {  7.33 84 21 6 7 470 3 12232 6738 2.2 19 9 5 16 66%  17 718499 254 100%
c s  7.84 88 17 6 7 483 3 14153 8477 2.7 20 8 5 16 65%  17 718440 254 100%
c ^  8.06 88 17 6 7 483 3 14153 8477 2.7 20 8 5 16 65%  17 718440 254 100%
c o  8.09 88 17 6 7 483 3 14153 8477 2.7 20 8 5 16 65%  17 718440 254 100%
c
c seconds  switched  rate        size/glue tier1    binary        remaining
c        MB reductions conflicts       size  tier2     irredundant
c         level restarts    redundant    glue    trail        variables
c
c -  8.21 88 17 6 8 483 3 14480 7622 2.7 20 7 5 10 65%  17 718440 254 100%
c }  8.67 79 15 7 8 483 2 16302 9104 2.6 18 7 5 10 65%  17 718440 254 100%
c [  8.67 79 39 7 8 483 2 16302 9104 1.9 34 18 9 27 66%  17 718440 254 100%
c W  8.75 76 39 7 8 483 2 16302 9104 1.9 34 18 9 27 66%  17 718440 254 100%
c -  8.93 78 40 7 9 483 2 17312 8457 1.8 34 19 9 30 66%  17 718440 254 100%
c u  9.17 80 40 7 9 484 2 17861 8934 1.8 35 19 9 30 66%  17 718440 254 100%
c v  9.26 80 40 7 9 484 2 17861 8933 1.8 35 19 9 30 66%  17 718440 254 100%
c w  9.31 80 40 7 9 484 2 17861 8931 1.8 35 19 9 30 66%  17 718440 254 100%
c x  9.39 83 40 7 9 484 2 17861 8931 1.8 35 19 9 30 66%  20 718185 254 100%
c -  9.87 84 36 7 10 485 2 20312 9721 1.9 33 17 8 26 67%  20 718185 254 100%
c ] 10.16 84 38 8 10 488 2 23305 12135 1.7 34 20 8 26 66%  20 718185 254 100%
c { 10.16 84 15 8 10 488 2 23305 12135 2.6 18 7 5 10 65%  20 718185 254 100%
c - 10.28 86 15 8 11 511 2 23475 10646 2.6 18 7 5 9 65%  20 718185 254 100%
c o 10.69 77 15 8 11 590 2 24595 11605 2.6 18 7 5 9 65%  20 718185 254 100%
c - 11.39 85 15 8 12 810 2 26793 11611 2.5 17 7 5 9 64%  24 718183 254 100%
c s 12.10 82 14 8 12 858 2 28304 12824 2.4 17 7 5 9 64%  29 718058 254 100%
c ^ 12.29 87 14 8 12 858 2 28304 12824 2.4 17 7 5 9 64%  29 718058 254 100%
c } 12.75 82 14 9 12 1038 2 29464 13747 2.4 17 7 5 9 64%  30 718057 254 100%
c [ 12.75 82 38 9 12 1038 2 29464 13747 1.7 34 20 8 26 66%  30 718057 254 100%
c O 12.75 82 38 9 12 1038 2 29464 13747 1.7 34 20 8 26 66%  30 718057 254 100%
c
c seconds  switched    rate         size/glue  tier1     binary        remaining
c        MB  reductions  conflicts        size    tier2     irredundant
c         level   restarts     redundant     glue     trail        variables
c
c - 12.93 85 39 9 13 1038 2 30260 12716 1.7 34 20 10 31 66%  30 718057 254 100%
c u 13.15 88 39 9 13 1038 2 30455 12870 1.7 34 20 10 31 66%  32 718057 254 100%
c v 13.28 88 39 9 13 1038 2 30455 12853 1.7 34 20 10 31 66%  33 718057 254 100%
c w 13.33 88 39 9 13 1038 2 30455 12818 1.7 34 20 10 31 66%  33 718057 254 100%
c x 13.43 88 39 9 13 1038 2 30455 12818 1.7 34 20 10 31 66%  39 717505 254 100%
c - 14.51 84 37 9 14 1041 2 33866 14051 1.7 32 19 9 29 65%  39 717505 254 100%
c ] 15.40 76 36 10 14 1043 2 37424 17108 1.7 31 18 9 29 64%  39 717505 254 100%
c { 15.40 76 14 10 14 1043 2 37424 17108 2.4 17 7 5 9 64%  39 717505 254 100%
c - 15.47 79 14 10 15 1054 2 37608 15882 2.3 16 7 5 9 64%  39 717505 254 100%
c - 16.56 79 14 10 16 1378 2 41483 17003 2.2 16 7 5 9 63%  40 717504 254 100%
c o 17.69 79 14 10 16 1651 2 44602 19452 2.2 16 7 5 9 62%  41 717503 254 100%
c - 18.11 87 14 10 17 1692 2 45484 17809 2.2 16 7 5 9 62%  42 717502 254 100%
c } 18.32 88 14 11 17 1696 2 46051 18229 2.2 15 7 5 9 62%  42 717502 254 100%
c [ 18.32 88 36 11 17 1696 2 46051 18229 1.7 31 18 9 29 64%  42 717502 254 100%
c B 18.32 88 36 11 17 1696 2 46051 18229 1.7 31 18 9 29 64%  42 717502 254 100%
c u 18.86 75 37 11 17 1696 2 46672 18720 1.7 31 19 9 29 64%  44 717502 254 100%
c v 19.04 78 37 11 17 1696 2 46672 18680 1.7 31 19 9 29 64%  44 717502 254 100%
c w 19.12 79 37 11 17 1696 2 46672 18672 1.7 31 19 9 29 64%  44 717502 254 100%
c x 19.23 80 37 11 17 1696 2 46672 18672 1.7 31 19 9 29 64%  49 716137 254 100%
c - 20.32 86 37 11 18 1698 2 49608 18844 1.6 31 19 10 28 64%  49 716137 254 100%
c
c seconds   switched    rate         size/glue  tier1     binary        remaining
c        MB   reductions  conflicts        size    tier2     irredundant
c         level    restarts     redundant     glue     trail        variables
c
c - 21.56 83 36 11 19 1701 2 53850 20407 1.6 31 19 10 28 64%  49 716137 254 100%
c ] 22.03 85 36 12 19 1702 2 55418 21640 1.7 31 18 10 28 64%  49 716137 254 100%
c { 22.03 85 14 12 19 1702 2 55418 21640 2.2 15 7 5 9 62%  49 716137 254 100%
c - 22.95 82 14 12 20 1946 2 58208 22034 2.2 16 7 5 9 62%  49 716137 254 100%
c s 23.51 89 14 12 20 2036 2 58979 22626 2.2 16 7 5 9 62%  50 715408 254 100%
c ^ 23.86 92 14 12 20 2036 2 58979 22626 2.2 16 7 5 9 62%  50 715408 254 100%
c - 24.92 88 14 12 21 2311 2 62680 23123 2.1 15 7 5 10 61%  52 715406 254 100%
c u 26.28 91 14 12 21 2521 2 66617 26494 2.3 17 7 5 10 62%  54 715404 254 100%
c v 26.54 92 14 12 21 2521 2 66617 26476 2.3 17 7 5 10 62%  54 715404 254 100%
c w 26.62 92 14 12 21 2521 2 66617 26474 2.3 17 7 5 10 62%  54 715404 254 100%
c x 26.87 82 14 12 21 2521 2 66617 26474 2.3 17 7 5 10 62%  92 714913 254 100%
c } 27.18 86 14 13 21 2549 2 66899 26674 2.3 17 7 5 9 62%  92 714913 254 100%
c [ 27.18 86 36 13 21 2549 2 66899 26674 1.7 31 18 10 28 64%  92 714913 254 100%
c W 27.26 83 36 13 21 2549 2 66899 26674 1.7 31 18 10 28 64%  92 714913 254 100%
c - 27.37 85 36 13 22 2549 2 67264 24522 1.7 31 19 10 27 64%  92 714913 254 100%
c - 28.29 89 36 13 23 2552 2 71954 26204 1.7 31 18 9 27 65%  92 714913 254 100%
c o 29.13 90 37 13 23 2555 2 75369 29108 1.6 31 19 9 27 65%  92 714913 254 100%
c - 29.51 78 39 13 24 2555 2 76749 27488 1.6 32 20 10 28 65%  92 714913 254 100%
c - 30.38 86 42 13 25 2557 2 81651 28155 1.6 33 20 10 28 65%  92 714913 254 100%
c I 30.41 86 41 13 25 2558 2 81803 28277 1.6 32 20 10 28 65%  92 714913 254 100%
c
c seconds   switched    rate         size/glue  tier1     binary        remaining
c        MB   reductions  conflicts        size    tier2     irredundant
c         level    restarts     redundant     glue     trail        variables
c
c ] 30.51 89 41 14 25 2558 2 81981 28401 1.6 32 20 10 28 65%  92 714913 254 100%
c { 30.51 89 14 14 25 2558 2 81981 28401 2.3 17 7 5 9 62%  92 714913 254 100%
c i 31.33 86 14 14 25 2638 2 83955 29890 2.3 16 7 5 9 62% 112 714910 253 100%
c - 32.39 89 14 14 26 2908 2 86651 25959 2.3 16 7 5 9 62%  86 714910 253 100%
c u 34.08 86 14 14 26 3219 2 90434 28959 2.2 16 7 5 9 62%  87 703148 253 100%
c v 34.33 89 14 14 26 3219 2 90434 28945 2.2 16 7 5 9 62%  87 703148 253 100%
c w 34.43 90 14 14 26 3219 2 90434 28939 2.2 16 7 5 9 62%  87 703148 253 100%
c x 34.64 76 14 14 26 3219 2 90434 28939 2.2 16 7 5 9 62% 107 703052 253 100%
c - 35.18 85 14 14 27 3261 2 91750 27170 2.2 16 7 5 9 62% 109 703051 253 100%
c i 36.54 84 14 14 27 3439 2 95224 29880 2.2 16 7 5 9 62% 124 703050 252 100%
c } 37.15 89 14 15 27 3571 2 96696 31123 2.2 16 7 5 9 62% 124 703050 252 100%
c [ 37.15 89 41 15 27 3571 2 96696 31123 1.6 32 20 10 28 65% 124 703050 252 100%
c - 37.23 90 41 15 28 3571 2 96947 27333 1.6 32 20 10 28 65% 108 703050 252 100%
c B 37.70 81 40 15 28 3573 2 99605 29549 1.6 32 20 10 28 65% 108 703050 252 100%
c - 38.53 87 39 15 29 3575 2 102240 29801 1.6 31 19 9 27 65% 108 703050 252 100%
c - 39.64 78 38 15 30 3577 2 107625 32372 1.6 32 20 9 27 65% 108 703050 252 100%
c s 40.13 80 38 15 30 3577 2 108367 32955 1.6 32 20 9 27 64% 108 695843 252 100%
c ^ 40.62 89 38 15 30 3577 2 108367 32955 1.6 32 20 9 27 64% 108 695843 252 100%
c - 41.23 75 39 15 31 3580 2 113102 32968 1.6 32 20 9 28 64% 108 695843 252 100%
c o 41.57 81 39 15 31 3583 2 115724 35141 1.6 32 20 9 28 64% 108 695843 252 100%
c
c seconds   switched    rate          size/glue  tier1    binary        remaining
c        MB   reductions  conflicts         size   tier2     irredundant
c         level    restarts      redundant     glue    trail        variables
c
c u 42.67 90 40 15 31 3584 2 118212 37350 1.6 32 21 9 28 64% 108 695843 252 100%
c v 42.94 91 40 15 31 3584 2 118212 37267 1.6 32 21 9 28 64% 108 695843 252 100%
c w 43.04 91 40 15 31 3584 2 118212 37256 1.6 32 21 9 28 64% 108 695843 252 100%
c x 43.26 77 40 15 31 3584 2 118212 37256 1.6 32 21 9 28 64% 111 695762 252 100%
c - 43.60 84 40 15 32 3584 2 118669 33532 1.6 32 21 9 28 64% 111 695762 252 100%
c W 44.21 81 40 15 32 3584 2 120516 35119 1.6 32 21 9 28 64% 111 695762 252 100%
c ] 44.33 83 40 16 32 3584 2 121388 35896 1.6 33 21 9 28 64% 111 695762 252 100%
c { 44.33 83 14 16 32 3584 2 121388 35896 2.2 16 7 5 9 62% 111 695762 252 100%
c - 45.32 83 14 16 33 3812 2 124325 34495 2.2 16 7 5 9 62% 111 695762 252 100%
c i 47.39 83 14 16 33 4196 2 129811 38857 2.1 15 7 5 9 62% 130 695755 251 99%
c - 47.56 87 14 16 34 4251 3 130069 32841 2.1 15 7 5 9 62% 103 695755 251 99%
c - 49.71 85 14 16 35 4930 3 135900 34305 2.1 16 7 5 9 62% 103 695755 251 99%
c } 50.92 88 14 17 35 5286 3 139725 37368 2.1 16 7 5 9 62% 104 695754 251 99%
c [ 50.92 88 40 17 35 5286 2 139725 37368 1.6 33 21 9 28 64% 104 695754 251 99%
c - 51.34 89 40 17 36 5287 2 141817 36453 1.6 32 20 9 28 64% 105 695753 251 99%
c O 51.86 80 39 17 36 5289 2 144743 38793 1.6 32 20 9 28 63% 105 695753 251 99%
c - 52.63 87 39 17 37 5291 2 147819 38040 1.6 32 20 9 27 64% 105 695753 251 99%
c u 53.64 78 38 17 37 5292 2 150044 39923 1.6 32 20 9 27 64% 108 685176 251 99%
c v 53.96 81 38 17 37 5292 2 150044 39866 1.6 32 20 9 27 64% 108 685176 251 99%
c w 54.09 83 38 17 37 5292 2 150044 39857 1.6 32 20 9 27 64% 108 685176 251 99%
c
c seconds   switched    rate          size/glue  tier1    binary        remaining
c        MB   reductions  conflicts         size   tier2     irredundant
c         level    restarts      redundant     glue    trail        variables
c
c x 54.35 85 38 17 37 5292 2 150044 39857 1.6 32 20 9 27 64% 113 685120 251 99%
c - 55.29 81 37 17 38 5294 2 153903 39546 1.6 31 19 9 27 64% 113 685120 251 99%
c - 56.61 86 36 17 39 5298 2 160070 39988 1.6 30 19 9 26 64% 114 685119 251 99%
c ] 57.96 79 36 18 39 5299 2 164669 43744 1.6 30 19 9 26 64% 114 685119 251 99%
c { 57.96 79 14 18 39 5299 3 164669 43744 2.1 16 7 5 9 62% 114 685119 251 99%
c o 58.95 86 14 18 39 5592 3 165777 44664 2.1 16 8 5 9 61% 114 685119 251 99%
c - 59.42 84 15 18 40 5734 3 166314 39922 2.1 16 8 5 10 62% 114 685119 251 99%
c - 64.91 87 17 18 41 7393 3 172638 40786 2.0 17 8 5 11 62% 115 685118 251 99%
c s 69.70 79 18 18 41 8772 3 178318 45570 1.9 17 9 5 11 62% 115 682005 251 99%
c s 70.44 87 18 18 41 8772 3 178318 45570 1.9 17 9 5 11 62% 115 681999 251 99%
c ^ 70.46 87 18 18 41 8772 3 178318 45570 1.9 17 9 5 11 62% 115 681999 251 99%
c - 71.09 86 18 18 42 8960 3 179041 42130 1.9 17 9 5 11 62% 115 681999 251 99%
c - 76.13 85 20 18 43 10474 4 185521 43444 1.8 18 10 5 12 61% 116 681998 251 99%
c u 77.44 89 20 18 43 10570 4 186012 43787 1.8 18 10 5 12 61% 117 681998 251 99%
c v 78.11 91 20 18 43 10570 4 186012 43768 1.8 18 10 5 12 61% 117 681998 251 99%
c w 78.33 92 20 18 43 10570 4 186012 43743 1.8 18 10 5 12 61% 117 681998 251 99%
c x 78.81 93 20 18 43 10570 4 186012 43743 1.8 18 10 5 12 61% 117 681867 251 99%
c } 79.80 80 20 19 43 10742 4 187014 44573 1.8 18 10 5 12 61% 117 681867 251 99%
c [ 79.80 80 36 19 43 10742 2 187014 44573 1.6 30 19 9 26 64% 117 681867 251 99%
c B 79.80 80 36 19 43 10742 2 187014 44573 1.6 30 19 9 26 64% 117 681867 251 99%
c
c seconds   switched     rate          size/glue  tier1    binary        remaining
c        MB   reductions   conflicts         size   tier2     irredundant
c         level    restarts       redundant     glue    trail        variables
c
c - 80.89 89 36 19 44 10745 2 192078 44043 1.6 31 19 9 26 64% 117 681867 251 99%
c - 82.77 87 35 19 45 10748 2 198713 44740 1.6 30 19 9 26 64% 117 681867 251 99%
c - 84.43 86 35 19 46 10753 2 205421 45939 1.6 30 18 8 25 64% 117 681867 251 99%
c - 86.25 79 34 19 47 10756 2 212205 46488 1.6 30 18 8 25 64% 117 681867 251 99%
c W 87.91 82 35 19 47 10756 2 218467 51716 1.6 30 19 8 25 64% 118 681866 251 99%
c - 88.01 84 35 19 48 10756 2 219062 45752 1.6 31 19 8 25 64% 118 681866 251 99%
c - 89.58 82 36 19 49 10760 2 225994 45102 1.6 31 19 8 26 64% 118 681866 251 99%
c u 90.09 89 36 19 49 10761 2 226264 45265 1.6 31 19 8 26 64% 118 681866 251 99%
c v 90.42 90 36 19 49 10761 2 226264 45234 1.6 31 19 8 26 64% 118 681866 251 99%
c w 90.56 91 36 19 49 10761 2 226264 45232 1.6 31 19 8 26 64% 118 681866 251 99%
c x 90.84 92 36 19 49 10761 2 226264 45232 1.6 31 19 8 26 64% 118 681830 251 99%
c o 91.08 92 36 19 49 10761 2 226264 45232 1.6 31 19 8 26 64% 118 681830 251 99%
c - 92.39 89 37 19 50 10763 2 232994 45345 1.6 31 19 8 26 64% 118 681830 251 99%
c - 94.48 71 36 19 51 10769 2 240065 46301 1.6 30 19 8 25 64% 118 681830 251 99%
c ] 95.56 86 35 20 51 10770 2 244034 49448 1.6 30 19 8 25 64% 121 681828 251 99%
c { 95.56 86 20 20 51 10770 4 244034 49448 1.8 18 10 5 12 61% 121 681828 251 99%
c - 96.58 84 20 20 52 10865 4 247206 46927 1.8 18 10 5 12 61% 121 681828 251 99%
c - 98.56 87 20 20 53 10961 3 254418 46590 1.8 17 9 5 12 61% 126 681825 251 99%
c - 100.81 82 19 20 54 11173 3 261698 47479 1.8 17 9 5 12 61% 133 681825 251 99%
c - 103.35 88 19 20 55 11269 3 269048 49388 1.8 17 9 5 12 61% 143 681824 251 99%
c
c seconds    switched     rate          size/glue tier1    binary        remaining
c         MB   reductions   conflicts         size  tier2     irredundant
c          level    restarts       redundant    glue    trail        variables
c
c s 104.82 86 18 20 55 11280 3 270693 50727 1.8 17 9 5 12 61% 144 678633 251 99%
c s 105.75 91 18 20 55 11280 3 270693 50727 1.8 17 9 5 12 61% 144 678570 251 99%
c ! 105.78 91 18 20 55 11280 3 270693 50727 1.8 17 9 5 12 61% 144 678570 251 99%
c } 105.88 80 18 21 55 11290 3 270774 50802 1.8 17 9 5 12 61% 144 678570 251 99%
c [ 105.88 80 35 21 55 11290 2 270774 50802 1.6 30 19 8 25 64% 144 678570 251 99%
c I 105.88 80 35 21 55 11290 2 270774 50802 1.6 30 19 8 25 64% 144 678570 251 99%
c u 106.58 88 35 21 55 11290 2 270876 50876 1.6 30 19 8 25 64% 146 678570 251 99%
c v 107.09 89 35 21 55 11290 2 270876 50453 1.6 30 19 8 25 64% 146 678570 251 99%
c w 107.28 90 35 21 55 11290 2 270876 50286 1.6 30 19 8 25 64% 146 678570 251 99%
c x 107.68 90 35 21 55 11290 2 270876 50286 1.6 30 19 8 25 64% 146 678509 251 99%
c i 109.15 87 34 21 55 11293 2 275803 54188 1.6 29 18 8 25 63% 150 678508 250 99%
c - 109.33 89 34 21 56 11294 2 276464 47463 1.6 29 18 8 25 63% 146 678508 250 99%
c - 111.73 89 34 21 57 11297 2 283947 49352 1.6 29 18 8 25 63% 150 678507 250 99%
c i 113.36 87 33 21 57 11302 2 289751 54096 1.6 29 18 8 25 63% 154 678507 249 98%
c - 114.27 85 33 21 58 11302 2 291496 44179 1.6 28 18 8 24 63% 153 678507 249 98%
c ] 116.34 84 33 22 58 11304 2 295985 48106 1.6 28 18 8 24 63% 154 678507 249 98%
c { 116.34 84 18 22 58 11304 3 295985 48106 1.8 17 9 5 12 61% 154 678507 249 98%
c o 116.87 87 18 22 58 11315 3 297041 49104 1.8 17 9 5 12 61% 154 678507 249 98%
c - 117.64 85 18 22 59 11315 3 299111 41584 1.9 17 9 4 11 61% 157 678506 249 98%
c - 119.84 86 17 22 60 11315 3 306792 44401 2.0 17 9 4 11 61% 158 678506 249 98%
c caught signal 15 (SIGTERM)
c
c ---- [ profiling ] ---------------------------------------------------------
c
c          97.66   81.41 %  search
c          53.60   44.69 %  focused
c          44.05   36.72 %  stable
c          19.30   16.09 %  simplify
c          16.17   13.48 %  probe
c          10.43    8.69 %  vivify
c           5.56    4.64 %  eliminate
c           5.03    4.20 %  subsume
c           4.19    3.49 %  factor
c           2.79    2.32 %  preprocess
c           1.12    0.93 %  substitute
c           0.36    0.30 %  walking
c           0.34    0.28 %  reduce
c           0.26    0.21 %  congruence
c           0.16    0.13 %  parse
c           0.14    0.12 %  sweep
c           0.06    0.05 %  lucky
c           0.03    0.03 %  transitive
c           0.00    0.00 %  backbone
c =============================================
c         119.96  100.00 %  total
c
c ---- [ statistics ] --------------------------------------------------------
c
c conflicts:                           307155             2560.54 per second
c decisions:                           685515                2.23 per conflict
c factored:                                 1                0 %  variables
c iterations:                               5                2 %  variables
c propagations:                       7663665            63887    per second
c reductions:                              60             5119    interval
c reordered:                                8            38394    interval
c rephased:                                15            20477    interval
c restarts:                             11315               27    interval
c subsumed:                              8677                0 %  checks
c switched:                                22            13962    interval
c vivified:                              6162               64 %  checks
c walks:                                    5            61431    interval
c
c ---- [ glue usage ] --------------------------------------------------------
c
c focused glue 4   used 40939 clauses 17.88% accumulated 51.72% tier1
c focused glue 5   used 31961 clauses 13.96% accumulated 65.69%
c focused glue 6-9 used 49403 clauses 21.58% accumulated 87.27%
c focused glue 10  used  5029 clauses  2.20% accumulated 89.46%
c focused glue 11  used  3796 clauses  1.66% accumulated 91.12% tier2
c
c stable glue 8     used  28290 clauses  5.42% accumulated 53.82% tier1
c stable glue 9     used  24661 clauses  4.72% accumulated 58.54%
c stable glue 10-22 used 154551 clauses 29.60% accumulated 88.14%
c stable glue 23    used   5594 clauses  1.07% accumulated 89.21%
c stable glue 24    used   5159 clauses  0.99% accumulated 90.20% tier2
c
c ---- [ resources ] ---------------------------------------------------------
c
c maximum-resident-set-size:         96575488 bytes         92 MB
c process-time:                             2m             119.96 seconds
c raising signal 15 (SIGTERM)
