c ---- [ banner ] ------------------------------------------------------------
c
c Kissat SAT Solver
c 
c Copyright (c) 2021-2024 Armin Biere University of Freiburg
c Copyright (c) 2019-2021 Armin Biere Johannes Kepler University Linz
c 
c Version 4.0.4 8af8e56f174b778aef3aa45af9f739b2a5f492c2
c gcc (Ubuntu 13.3.0-6ubuntu2~24.04.1) 13.3.0 -W -Wall -O3 -DNDEBUG
c Wed Apr 15 20:10:47 EEST 2026 Linux cluster-4 6.17.0-14-generic x86_64
c
c ---- [ parsing ] -----------------------------------------------------------
c
c opened and reading DIMACS file:
c
c   tmp.cnf
c
c parsed 'p cnf 136 413270' header
c closing input after reading 11326461 bytes (11 MB)
c finished parsing after 0.10 seconds
c
c ---- [ solving ] -----------------------------------------------------------
c
c seconds switched rate     size/glue tier1 binary        remaining
c        MB reductions conflicts size  tier2   irredundant
c         level restarts redundant glue  trail        variables
c
c *  0.10 28 0 0 0  0 0   0   0 0.0 0 0 0 0 0%   0 413270 136 100%
c (  0.12 39 0 0 0  0 0   0   0 0.0 0 0 0 0 0%   0 413270 136 100%
c .  0.12 39 0 0 0  0 0   0   0 0.0 0 0 0 0 0%   0 413270 136 100%
c f  2.86 29 0 0 0  0 0   0   0 0.0 0 0 0 0 0%   9 388388 138 101%
c )  2.87 36 0 0 0  0 0   0   0 0.0 0 0 0 0 0%   9 388388 138 101%
c {  2.88 38 0 0 0  0 0   0   0 0.0 0 0 2 6 0%   9 388388 138 101%
c -  3.00 43 25 0 1 42 2 1002 624 1.7 19 11 8 16 60%   9 388388 138 101%
c }  3.00 43 25 1 1 42 2 1002 624 1.7 19 11 8 16 60%   9 388388 138 101%
c [  3.00 43 0 1 1 42 0 1002 624 0.0 0 0 2 6 0%   9 388388 138 101%
c B  3.00 43 0 1 1 42 0 1002 624 0.0 0 0 2 6 0%   9 388388 138 101%
c -  3.07 43 43 1 2 42 1 2003 1428 1.3 24 19 12 28 64%   9 388388 138 101%
c W  3.10 42 43 1 2 42 1 2003 1428 1.3 24 19 12 28 64%   9 388388 138 101%
c u  3.19 43 34 1 2 43 1 2660 1917 1.3 22 17 12 27 59%   9 388388 138 101%
c v  3.21 43 34 1 2 43 1 2660 1915 1.3 22 17 12 27 59%   9 388388 138 101%
c x  3.25 44 34 1 2 43 1 2660 1915 1.3 22 17 12 27 59%   9 388301 138 101%
c ]  3.29 44 34 2 2 43 1 2662 1917 1.3 22 17 12 27 59%   9 388301 138 101%
c {  3.29 44 25 2 2 43 2 2662 1917 1.7 19 11 8 16 60%   9 388301 138 101%
c -  3.44 46 25 2 3 71 2 3417 2456 1.7 20 12 9 16 61%   9 388301 138 101%
c }  3.49 38 25 3 3 94 2 3666 2675 1.7 20 12 9 16 60%   9 388301 138 101%
c [  3.49 38 34 3 3 94 1 3666 2675 1.3 22 17 12 27 59%   9 388301 138 101%
c
c seconds  switched rate       size/glue  tier1     binary        remaining
c        MB reductions conflicts     size    tier2     irredundant
c         level restarts  redundant     glue     trail        variables
c
c I  3.58 39 31 3 3 94 1 4262 3208 1.4 22 15 10 23 59%   9 388301 138 101%
c -  3.68 43 28 3 4 95 1 5150 3585 1.4 20 14 10 20 55%   9 388301 138 101%
c ]  3.68 43 27 4 4 95 1 5177 3608 1.4 20 14 10 20 55%   9 388301 138 101%
c {  3.68 43 25 4 4 95 2 5177 3608 1.7 20 12 9 16 60%   9 388301 138 101%
c -  3.89 46 20 4 5 95 2 7150 4562 1.6 18 11 8 14 53%   9 388301 138 101%
c }  3.95 46 20 5 5 96 2 7532 4874 1.6 17 11 8 14 52%   9 388301 138 101%
c [  3.95 46 27 5 5 96 1 7532 4874 1.4 20 14 10 20 55%   9 388301 138 101%
c B  4.00 38 26 5 5 96 1 8033 5245 1.4 19 13 10 20 54%   9 388301 138 101%
c u  4.12 41 26 5 5 96 1 8187 5383 1.4 19 13 10 20 54%   9 388301 138 101%
c v  4.16 42 26 5 5 96 1 8187 5380 1.4 19 13 10 20 54%   9 388301 138 101%
c w  4.18 42 26 5 5 96 1 8187 5377 1.4 19 13 10 20 54%   9 388301 138 101%
c x  4.21 43 26 5 5 96 1 8187 5377 1.4 19 13 10 20 54%   9 387990 138 101%
c ]  4.46 47 25 6 5 97 1 9372 6310 1.4 19 13 9 19 53%   9 387990 138 101%
c {  4.46 47 20 6 5 97 2 9372 6310 1.6 17 11 8 14 52%   9 387990 138 101%
c -  4.47 47 20 6 6 97 2 9387 5444 1.6 17 11 8 14 52%   9 387990 138 101%
c o  4.73 47 18 6 6 100 1 11270 7083 1.6 17 11 8 14 51%   9 387990 138 101%
c -  4.83 48 18 6 7 101 1 11836 6574 1.6 17 11 8 13 52%   9 387990 138 101%
c ^  5.26 48 18 6 7 106 1 13281 7850 1.7 17 10 8 13 52%   9 387990 138 101%
c }  5.30 48 18 7 7 106 1 13441 7983 1.7 17 10 8 13 52%   9 387990 138 101%
c [  5.30 48 25 7 7 106 1 13441 7983 1.4 19 13 9 19 53%   9 387990 138 101%
c
c seconds  switched  rate        size/glue  tier1    binary        remaining
c        MB reductions conflicts       size   tier2     irredundant
c         level restarts    redundant     glue    trail        variables
c
c W  5.35 41 24 7 7 106 1 13564 8083 1.4 19 13 9 19 54%   9 387990 138 101%
c -  5.44 42 25 7 8 106 1 14481 7548 1.4 20 14 10 20 54%   9 387990 138 101%
c u  5.69 44 25 7 8 108 1 16768 9386 1.4 21 15 10 21 54%   9 387990 138 101%
c v  5.74 44 25 7 8 108 1 16768 9378 1.4 21 15 10 21 54%   9 387990 138 101%
c w  5.76 44 25 7 8 108 1 16768 9359 1.4 21 15 10 21 54%   9 387990 138 101%
c x  5.80 46 25 7 8 108 1 16768 9359 1.4 21 15 10 21 54%   9 386796 138 101%
c -  5.93 46 26 7 9 108 1 17309 8235 1.4 21 15 10 21 54%   9 386796 138 101%
c ]  6.16 47 27 8 9 110 1 19736 10327 1.4 22 16 10 21 55%   9 386796 138 101%
c {  6.16 47 18 8 9 110 1 19736 10327 1.7 17 10 8 13 52%   9 386796 138 101%
c -  6.28 40 18 8 10 169 1 20309 9081 1.7 17 10 8 13 52%   9 386796 138 101%
c o  6.49 47 18 8 10 223 2 21383 10056 1.7 18 10 8 13 53%   9 386796 138 101%
c -  6.86 40 18 8 11 272 2 23471 10322 1.8 18 10 8 13 54%   9 386796 138 101%
c }  7.27 43 18 9 11 345 2 25895 12288 1.7 17 10 8 13 53%   9 386796 138 101%
c [  7.27 43 27 9 11 345 1 25895 12288 1.4 22 16 10 21 55%   9 386796 138 101%
c O  7.27 43 27 9 11 345 1 25895 12288 1.4 22 16 10 21 55%   9 386796 138 101%
c s  7.43 46 27 9 11 345 1 26564 12834 1.3 22 16 10 21 56%   9 386738 138 101%
c ^  7.55 48 27 9 11 345 1 26564 12834 1.3 22 16 10 21 56%   9 386738 138 101%
c -  7.57 49 27 9 12 345 1 26790 11361 1.3 22 16 10 23 56%   9 386738 138 101%
c u  7.79 44 27 9 12 347 1 28586 12819 1.4 22 16 10 23 56%   9 386738 138 101%
c v  7.85 45 27 9 12 347 1 28586 12816 1.4 22 16 10 23 56%   9 386738 138 101%
c
c seconds  switched   rate         size/glue  tier1     binary        remaining
c        MB  reductions conflicts        size    tier2     irredundant
c         level  restarts     redundant     glue     trail        variables
c
c w  7.88 45 27 9 12 347 1 28586 12771 1.4 22 16 10 23 56%   9 386738 138 101%
c x  7.92 46 27 9 12 347 1 28586 12771 1.4 22 16 10 23 56%   9 386069 138 101%
c -  8.10 46 28 9 13 347 1 30254 12233 1.3 23 17 11 23 56%   9 386069 138 101%
c -  8.38 48 28 9 14 350 1 33860 13182 1.3 23 17 10 24 57%   9 386069 138 101%
c B  8.55 49 28 9 14 351 1 35656 14719 1.3 23 17 10 24 57%   9 386069 138 101%
c -  8.76 41 28 9 15 351 1 37601 14378 1.3 23 17 10 24 57%   9 386069 138 101%
c ]  8.78 41 28 10 15 351 1 37719 14476 1.3 23 17 10 24 57%   9 386069 138 101%
c {  8.78 41 18 10 15 351 2 37719 14476 1.7 17 10 8 13 53%   9 386069 138 101%
c -  9.38 48 17 10 16 492 2 41473 15587 1.7 17 10 8 13 53%   9 386069 138 101%
c o  9.62 49 17 10 16 544 2 43373 16962 1.7 17 10 8 13 52%   9 386069 138 101%
c u  9.87 44 17 10 16 594 2 43799 17333 1.7 17 10 8 13 52%   9 386069 138 101%
c v  9.93 46 17 10 16 594 2 43799 17324 1.7 17 10 8 13 52%   9 386069 138 101%
c w  9.97 46 17 10 16 594 2 43799 17323 1.7 17 10 8 13 52%   9 386069 138 101%
c x 10.02 46 17 10 16 594 2 43799 17323 1.7 17 10 8 13 52%   9 385518 138 101%
c - 10.46 48 17 10 17 700 2 45474 16558 1.7 17 10 8 13 52%   9 385518 138 101%
c } 10.65 46 17 11 17 757 2 46346 17334 1.7 17 10 8 13 52%   9 385518 138 101%
c [ 10.65 46 28 11 17 757 1 46346 17334 1.3 23 17 10 24 57%   9 385518 138 101%
c W 10.86 41 28 11 17 758 1 47878 18668 1.4 23 17 10 24 57%   9 385518 138 101%
c - 11.02 44 28 11 18 759 1 49598 18206 1.4 23 17 10 23 58%   9 385518 138 101%
c - 11.41 45 28 11 19 762 1 53840 19435 1.4 23 17 10 23 58%   9 385518 138 101%
c
c seconds   switched   rate         size/glue  tier1     binary        remaining
c        MB   reductions conflicts        size    tier2     irredundant
c         level   restarts     redundant     glue     trail        variables
c
c s 11.68 48 28 11 19 763 1 55348 20703 1.4 23 17 10 23 58%   9 385494 138 101%
c ^ 11.85 48 28 11 19 763 1 55348 20703 1.4 23 17 10 23 58%   9 385494 138 101%
c - 12.13 48 28 11 20 763 1 58198 20661 1.4 23 17 9 23 58%   9 385494 138 101%
c ] 12.44 49 27 12 20 765 1 61263 23208 1.4 23 17 9 23 58%   9 385494 138 101%
c { 12.44 49 17 12 20 765 2 61263 23208 1.7 17 10 8 13 52%   9 385494 138 101%
c u 12.85 49 17 12 20 837 2 62514 24207 1.7 16 10 8 13 52%   9 385494 138 101%
c v 12.93 49 17 12 20 837 2 62514 24175 1.7 16 10 8 13 52%   9 385494 138 101%
c w 12.96 50 17 12 20 837 2 62514 24172 1.7 16 10 8 13 52%   9 385494 138 101%
c x 13.03 51 17 12 20 837 2 62514 24172 1.7 16 10 8 13 52%   9 385244 138 101%
c - 13.18 43 17 12 21 843 2 62670 21953 1.7 17 10 8 13 52%   9 385244 138 101%
c - 13.98 46 17 12 22 1032 2 67252 21208 1.7 16 10 7 12 52%   9 385244 138 101%
c - 14.65 49 16 12 23 1194 2 71942 21285 1.7 16 10 7 12 51%   9 385244 138 101%
c } 14.82 48 16 13 23 1247 2 72743 21957 1.7 16 10 7 12 51%   9 385244 138 101%
c [ 14.82 48 27 13 23 1247 1 72743 21957 1.4 23 17 9 23 58%   9 385244 138 101%
c I 14.82 48 27 13 23 1247 1 72743 21957 1.4 23 17 9 23 58%   9 385244 138 101%
c - 15.24 45 27 13 24 1249 1 76737 22161 1.4 23 17 9 22 57%   9 385244 138 101%
c - 15.71 47 26 13 25 1253 1 81635 23404 1.4 22 16 9 21 56%   9 385244 138 101%
c u 16.15 50 26 13 25 1253 1 84865 25880 1.4 22 16 9 21 56%   9 385244 138 101%
c v 16.25 50 26 13 25 1253 1 84865 25830 1.4 22 16 9 21 56%   9 385244 138 101%
c w 16.30 51 26 13 25 1253 1 84865 25773 1.4 22 16 9 21 56%   9 385244 138 101%
c
c seconds   switched    rate         size/glue  tier1    binary        remaining
c        MB   reductions  conflicts        size   tier2     irredundant
c         level    restarts     redundant     glue    trail        variables
c
c x 16.38 51 26 13 25 1253 1 84865 25773 1.4 22 16 9 21 56%   9 385102 138 101%
c o 16.50 51 26 13 25 1253 1 84865 25773 1.4 22 16 9 21 56%   9 385102 138 101%
c - 16.77 46 26 13 26 1255 1 86635 24537 1.4 22 16 9 21 56%   9 385102 138 101%
c ] 17.16 47 25 14 26 1257 1 90064 27377 1.4 22 16 9 21 56%   9 385102 138 101%
c { 17.16 47 16 14 26 1257 2 90064 27377 1.7 16 10 7 12 51%   9 385102 138 101%
c - 17.50 40 16 14 27 1376 2 91735 25698 1.6 16 10 7 12 51%   9 385102 138 101%
c - 18.31 50 16 14 28 1568 2 96931 26528 1.6 16 10 7 12 51%   9 385102 138 101%
c s 19.62 47 16 14 28 1721 2 101697 30480 1.6 16 10 7 12 51%   9 384675 138 101%
c ^ 19.90 49 16 14 28 1721 2 101697 30480 1.6 16 10 7 12 51%   9 384675 138 101%
c - 20.06 46 16 14 29 1759 2 102224 27734 1.6 16 10 7 12 52%   9 384675 138 101%
c } 20.64 44 16 15 29 1813 2 104780 29790 1.6 16 10 7 12 52%   9 384675 138 101%
c [ 20.64 44 25 15 29 1813 1 104780 29790 1.4 22 16 9 21 56%   9 384675 138 101%
c B 20.64 44 25 15 29 1813 1 104780 29790 1.4 22 16 9 21 56%   9 384675 138 101%
c - 20.94 49 26 15 30 1815 1 107610 28901 1.4 22 16 9 21 56%   9 384675 138 101%
c u 21.48 49 26 15 30 1817 1 110987 31764 1.4 22 16 9 21 56%   9 384675 138 101%
c v 21.62 50 26 15 30 1817 1 110987 31745 1.4 22 16 9 21 56%   9 384675 138 101%
c w 21.68 50 26 15 30 1817 1 110987 31690 1.4 22 16 9 21 56%   9 384675 138 101%
c x 21.79 52 26 15 30 1817 1 110987 31689 1.4 22 16 9 21 56%   9 384384 138 101%
c - 22.14 45 26 15 31 1818 1 113091 30148 1.4 22 16 9 21 56%   9 384384 138 101%
c - 22.63 47 26 15 32 1820 1 118658 31966 1.4 22 16 9 21 57%   9 384384 138 101%
c
c seconds   switched    rate          size/glue  tier1    binary        remaining
c        MB   reductions  conflicts         size   tier2     irredundant
c         level    restarts      redundant     glue    trail        variables
c
c - 23.21 48 26 15 33 1825 1 124316 33689 1.4 22 16 9 21 57%   9 384384 138 101%
c W 23.39 43 26 15 33 1825 1 125691 34918 1.4 22 16 9 21 57%   9 384384 138 101%
c o 23.39 43 26 15 33 1825 1 125691 34918 1.4 22 16 9 21 57%   9 384384 138 101%
c - 23.84 46 27 15 34 1826 1 130060 33929 1.4 23 17 9 21 57%   9 384384 138 101%
c ] 24.13 47 27 16 34 1827 1 132417 35915 1.4 23 17 9 21 58%   9 384384 138 101%
c { 24.13 47 16 16 34 1827 2 132417 35915 1.6 16 10 7 12 52%   9 384384 138 101%
c - 24.98 48 16 16 35 2111 2 135891 33703 1.6 16 10 7 12 51%   9 384384 138 101%
c u 26.48 47 16 16 35 2332 2 140953 38112 1.7 16 9 7 12 52%   9 384384 138 101%
c v 26.64 48 16 16 35 2332 2 140953 38028 1.7 16 9 7 12 52%   9 384384 138 101%
c w 26.69 48 16 16 35 2332 2 140953 38028 1.7 16 9 7 12 52%   9 384384 138 101%
c x 26.81 50 16 16 35 2332 2 140953 38028 1.7 16 9 7 12 52%   9 383027 138 101%
c - 27.22 51 16 16 36 2407 2 141812 35100 1.7 16 9 7 12 52%   9 383027 138 101%
c - 28.57 48 16 16 37 2799 2 147813 36796 1.7 16 9 7 12 52%   9 383027 138 101%
c } 29.15 48 16 17 37 2957 2 150755 39330 1.7 16 9 7 12 52%   9 383027 138 101%
c [ 29.15 48 27 17 37 2957 1 150755 39330 1.4 23 17 9 21 58%   9 383027 138 101%
c O 29.15 48 27 17 37 2957 1 150755 39330 1.4 23 17 9 21 58%   9 383027 138 101%
c - 29.61 44 27 17 38 2959 1 153895 38252 1.4 23 17 9 21 58%   9 383027 138 101%
c - 30.15 46 27 17 39 2963 1 160059 39488 1.4 23 16 9 21 58%   9 383027 138 101%
c - 30.95 49 27 17 40 2966 1 166303 40014 1.4 23 17 9 21 58%   9 383027 138 101%
c s 31.42 49 27 17 40 2966 1 167548 41029 1.4 23 17 9 21 58%   9 382032 138 101%
c
c seconds   switched    rate          size/glue  tier1    binary        remaining
c        MB   reductions  conflicts         size   tier2     irredundant
c         level    restarts      redundant     glue    trail        variables
c
c ^ 31.79 52 27 17 40 2966 1 167548 41029 1.4 23 17 9 21 58%   9 382032 138 101%
c - 32.46 45 27 17 41 2969 1 172631 39812 1.4 23 17 9 21 58%   9 382032 138 101%
c u 32.88 50 27 17 41 2970 1 174860 41722 1.4 23 17 9 21 58%   9 382032 138 101%
c v 33.04 51 27 17 41 2970 1 174860 41694 1.4 23 17 9 21 58%   9 382032 138 101%
c w 33.11 51 27 17 41 2970 1 174860 41687 1.4 23 17 9 21 58%   9 382032 138 101%
c B 33.71 53 27 17 41 2971 1 178497 44600 1.4 23 17 9 21 57%   9 382032 138 101%
c o 33.71 53 27 17 41 2971 1 178497 44600 1.4 23 17 9 21 57%   9 382032 138 101%
c - 33.79 53 27 17 42 2971 1 179035 40011 1.4 23 17 9 21 57%   9 382032 138 101%
c ] 34.36 46 28 18 42 2971 1 185055 45461 1.4 24 17 9 21 58%   9 382032 138 101%
c { 34.36 46 16 18 42 2971 2 185055 45461 1.7 16 9 7 12 52%   9 382032 138 101%
c - 34.52 53 16 18 43 3057 2 185515 39749 1.7 16 9 7 12 52%   9 382032 138 101%
c - 37.35 50 17 18 44 4097 2 192073 40979 1.7 16 10 7 12 53%   9 382032 138 101%
c - 39.93 48 18 18 45 5255 2 198708 43633 1.7 17 10 7 12 54%   9 382032 138 101%
c - 42.55 51 19 18 46 6244 2 205416 45578 1.7 17 10 7 13 55%   9 382032 138 101%
c } 43.31 50 19 19 46 6457 2 207400 47426 1.7 17 10 7 13 55%   9 382032 138 101%
c [ 43.31 50 28 19 46 6457 1 207400 47426 1.4 24 17 9 21 58%   9 382032 138 101%
c W 43.71 44 28 19 46 6459 1 209947 49664 1.4 24 17 9 21 58%   9 382032 138 101%
c - 44.04 48 28 19 47 6460 1 212199 46209 1.4 24 17 9 22 58%   9 382032 138 101%
c u 44.56 50 28 19 47 6460 1 212818 46681 1.4 24 17 9 22 58%   9 382032 138 101%
c v 44.99 52 28 19 47 6460 1 212818 46661 1.4 24 17 9 22 58%   9 382032 138 101%
c
c seconds   switched    rate          size/glue  tier1    binary        remaining
c        MB   reductions  conflicts         size   tier2     irredundant
c         level    restarts      redundant     glue    trail        variables
c
c w 45.15 52 28 19 47 6460 1 212818 46642 1.4 24 17 9 22 58%   9 382032 138 101%
c - 45.85 46 28 19 48 6463 1 219054 45342 1.4 24 17 9 22 58%   9 382032 138 101%
c - 46.35 48 28 19 49 6468 1 225982 45096 1.4 24 17 9 22 57%   9 382032 138 101%
c - 46.93 49 28 19 50 6470 1 232984 45816 1.4 24 17 9 22 57%   9 382032 138 101%
c - 47.48 50 28 19 51 6471 1 240056 46303 1.4 24 18 9 22 57%   9 382032 138 101%
c I 47.93 50 28 19 51 6474 1 245299 50580 1.4 24 18 9 22 57%   9 382032 138 101%
c o 47.94 50 28 19 51 6474 1 245299 50580 1.4 24 18 9 22 57%   9 382032 138 101%
c - 48.20 45 28 19 52 6476 1 247197 46699 1.4 24 17 9 22 57%   9 382032 138 101%
c - 48.92 47 28 19 53 6478 1 254410 46904 1.4 24 17 9 22 56%   9 382032 138 101%
c s 49.41 50 28 19 53 6479 1 254657 47116 1.4 24 17 9 22 56%   9 381576 138 101%
c ! 49.91 53 28 19 53 6479 1 254657 47116 1.4 24 17 9 22 56%   9 381576 138 101%
c u 50.14 52 28 19 53 6479 1 254888 47320 1.4 24 17 9 22 56%   9 381576 138 101%
c v 50.25 52 28 19 53 6479 1 254888 47293 1.4 24 17 9 22 56%   9 381576 138 101%
c w 50.31 53 28 19 53 6479 1 254888 47278 1.4 24 17 9 22 56%   9 381576 138 101%
c - 51.48 47 27 19 54 6484 1 261691 45980 1.4 23 17 9 21 56%   9 381576 138 101%
c - 52.60 49 26 19 55 6486 1 269040 46575 1.4 23 17 9 21 56%   9 381576 138 101%
c ] 52.77 49 26 20 55 6486 1 270182 47515 1.4 23 17 9 21 55%   9 381576 138 101%
c { 52.77 49 19 20 55 6486 2 270182 47515 1.7 17 10 7 13 55%   9 381576 138 101%
c - 54.42 47 19 20 56 6904 2 276456 48236 1.7 17 10 7 13 55%   9 381576 138 101%
c - 56.19 45 19 20 57 7244 2 283939 49037 1.7 17 10 7 13 55%   9 381576 138 101%
c
c seconds   switched    rate          size/glue  tier1    binary        remaining
c        MB   reductions  conflicts         size   tier2     irredundant
c         level    restarts      redundant     glue    trail        variables
c
c - 57.40 49 18 20 58 7475 2 291488 49450 1.7 17 10 7 13 54%   9 381576 138 101%
c } 58.75 50 18 21 58 7688 2 296922 54262 1.7 17 10 7 13 54%   9 381576 138 101%
c [ 58.75 50 26 21 58 7688 1 296922 54262 1.4 23 17 9 21 55%   9 381576 138 101%
c B 58.75 50 26 21 58 7688 1 296922 54262 1.4 23 17 9 21 55%   9 381576 138 101%
c - 59.12 45 26 21 59 7689 1 299103 50437 1.4 23 17 9 21 56%   9 381576 138 101%
c u 59.80 51 26 21 59 7690 1 301170 52145 1.4 23 17 9 21 55%   9 381576 138 101%
c v 60.15 51 26 21 59 7690 1 301170 52018 1.4 23 17 9 21 55%   9 381576 138 101%
c w 60.28 52 26 21 59 7690 1 301170 52004 1.4 23 17 9 21 55%   9 381576 138 101%
c - 60.91 44 26 21 60 7694 1 306784 50815 1.4 23 16 9 21 55%   9 381576 138 101%
c - 61.57 47 25 21 61 7698 1 314529 51569 1.4 22 16 9 21 55%   9 381576 138 101%
c - 62.31 49 25 21 62 7701 1 322339 52644 1.4 22 16 8 20 55%   9 381576 138 101%
c - 63.08 49 24 21 63 7702 1 330213 53598 1.4 22 16 8 20 54%   9 381576 138 101%
c - 63.94 50 24 21 64 7708 1 338150 54249 1.4 22 15 8 20 54%   9 381576 138 101%
c W 64.44 44 23 21 64 7709 1 340633 56218 1.4 22 15 8 20 54%   9 381576 138 101%
c o 64.44 44 23 21 64 7709 1 340633 56218 1.4 22 15 8 20 54%   9 381576 138 101%
c ] 65.03 49 24 22 64 7711 1 345595 60600 1.4 22 16 8 20 54%   9 381576 138 101%
c { 65.03 49 18 22 64 7711 2 345595 60600 1.7 17 10 7 13 54%   9 381576 138 101%
c - 65.14 50 18 22 65 7717 2 346151 53977 1.7 17 10 7 13 54%   9 381576 138 101%
c u 66.57 54 18 22 65 7758 2 351722 58898 1.7 17 10 7 13 54%   9 381576 138 101%
c v 66.82 55 18 22 65 7758 2 351722 58815 1.7 17 10 7 13 54%   9 381576 138 101%
c
c seconds   switched    rate          size/glue  tier1    binary        remaining
c        MB   reductions  conflicts         size   tier2     irredundant
c         level    restarts      redundant     glue    trail        variables
c
c w 66.91 55 18 22 65 7758 2 351722 58741 1.7 17 10 7 13 54%   9 381576 138 101%
c - 67.98 58 18 22 66 7800 2 354213 54628 1.7 17 10 7 12 54%   9 381576 138 101%
c - 68.98 49 17 22 67 7816 2 362339 55381 1.7 17 10 7 12 53%   9 381576 138 101%
c s 69.96 53 17 22 67 7819 2 364697 57363 1.7 17 10 7 12 53%   9 379385 138 101%
c s 70.56 56 17 22 67 7819 2 364697 57363 1.7 17 10 7 12 53%   9 379072 138 101%
c - 71.46 55 17 22 68 7837 2 370524 55960 1.7 17 10 7 12 53%   9 379072 138 101%
c } 72.45 56 16 23 68 7871 2 377111 61735 1.7 16 10 7 12 52%   9 379072 138 101%
c [ 72.45 56 24 23 68 7871 1 377111 61735 1.4 22 16 8 20 54%   9 379072 138 101%
c - 72.65 56 24 23 69 7872 1 378771 57771 1.4 22 16 8 20 54%   9 379072 138 101%
c - 73.62 57 24 23 70 7877 1 387077 59186 1.4 21 15 8 20 54%   9 379072 138 101%
c O 73.77 58 23 23 70 7877 1 388795 60533 1.4 21 15 8 20 54%   9 379072 138 101%
c - 74.68 56 24 23 71 7882 1 395443 59544 1.4 22 16 8 20 54%   9 379072 138 101%
c - 75.90 58 24 23 72 7885 1 403870 58662 1.4 22 16 8 20 54%   9 379072 138 101%
c u 76.58 57 24 23 72 7885 1 406624 60946 1.4 22 16 8 20 54%   9 379072 138 101%
c v 76.87 59 24 23 72 7885 1 406624 60886 1.4 22 16 8 20 54%   9 379072 138 101%
c w 76.96 59 24 23 72 7885 1 406624 60739 1.4 22 16 8 20 54%   9 379072 138 101%
c - 78.20 50 24 23 73 7887 1 412355 58905 1.4 22 16 8 20 54%   9 379072 138 101%
c ] 78.64 51 24 24 73 7888 1 415153 61196 1.4 22 16 8 20 54%   9 379072 138 101%
c { 78.64 51 16 24 73 7888 2 415153 61196 1.7 16 10 7 12 52%   9 379072 138 101%
c o 80.31 47 17 24 73 8290 2 420845 66173 1.7 17 10 7 12 52%   9 379072 138 101%
c
c seconds   switched    rate          size/glue  tier1    binary        remaining
c        MB   reductions  conflicts         size   tier2     irredundant
c         level    restarts      redundant     glue    trail        variables
c
c - 80.36 52 17 24 74 8298 2 420900 60813 1.7 17 10 7 12 52%   9 379072 138 101%
c - 82.37 53 16 24 75 8713 2 429502 61663 1.7 16 9 7 12 52%   9 379072 138 101%
c - 85.05 56 16 24 76 9293 2 438163 62422 1.7 16 9 7 12 52%   9 379072 138 101%
c - 87.41 47 16 24 77 9797 2 446880 63875 1.7 16 9 7 12 52%   9 379072 138 101%
c } 88.52 50 16 25 77 10083 2 451833 67921 1.7 16 9 7 12 52%   9 379072 138 101%
c [ 88.52 50 24 25 77 10083 1 451833 67921 1.4 22 16 8 20 54%   9 379072 138 101%
c B 88.52 50 24 25 77 10083 1 451833 67921 1.4 22 16 8 20 54%   9 379072 138 101%
c - 89.11 53 25 25 78 10085 1 455654 64540 1.4 22 16 8 20 55%   9 379072 138 101%
c - 90.41 52 24 25 79 10089 1 464486 66019 1.4 22 16 8 20 54%   9 379072 138 101%
c u 91.18 57 24 25 79 10090 1 465895 67156 1.4 22 16 8 20 54%   9 379072 138 101%
c v 91.87 58 24 25 79 10090 1 465895 67043 1.4 22 16 8 20 54%   9 379072 138 101%
c w 92.08 59 24 25 79 10090 1 465895 67030 1.4 22 16 8 20 54%   9 379072 138 101%
c - 93.39 54 24 25 80 10095 1 473375 68546 1.4 22 16 8 20 54%   9 379072 138 101%
c - 94.79 56 24 25 81 10097 1 482319 70398 1.4 22 16 8 20 54%   9 379072 138 101%
c - 95.90 50 24 25 82 10102 1 491320 71367 1.4 22 16 8 20 55%   9 379072 138 101%
c s 97.79 54 24 25 82 10105 1 499194 77866 1.4 22 16 8 20 55%   9 366998 138 101%
c s 98.61 55 24 25 82 10105 1 499194 77866 1.4 22 16 8 20 55%   9 358679 138 101%
c - 98.78 55 24 25 83 10106 1 500377 71609 1.4 22 16 8 20 55%   9 358679 138 101%
c W 100.15 45 24 25 83 10111 1 509418 79271 1.4 22 16 8 20 55%   9 358679 138 101%
c - 100.17 47 24 25 84 10111 1 509488 71882 1.4 22 16 8 20 55%   9 358679 138 101%
c
c seconds    switched     rate          size/glue  tier1    binary        remaining
c         MB   reductions   conflicts         size   tier2     irredundant
c          level    restarts       redundant     glue    trail        variables
c
c ] 100.53 49 24 26 84 10112 1 512610 74578 1.4 22 16 8 20 55%   9 358679 138 101%
c { 100.53 49 16 26 84 10112 2 512610 74578 1.7 16 9 7 12 52%   9 358679 138 101%
c o 100.55 49 16 26 84 10122 2 512661 74629 1.7 16 9 7 12 52%   9 358679 138 101%
c - 102.41 52 16 26 85 10600 2 518654 72354 1.7 16 9 7 12 52%   9 358679 138 101%
c - 104.64 49 16 26 86 10951 2 527873 73175 1.7 16 9 7 12 52%   9 358679 138 101%
c u 105.59 54 16 26 86 11109 2 529645 74596 1.7 16 9 7 12 52%   9 358679 138 101%
c v 106.14 55 16 26 86 11109 2 529645 74551 1.7 16 9 7 12 52%   9 358679 138 101%
c w 106.34 56 16 26 86 11109 2 529645 74531 1.7 16 9 7 12 52%   9 358679 138 101%
c - 108.79 51 16 26 87 11464 2 537148 74155 1.7 16 9 7 12 52%   9 358679 138 101%
c - 111.04 48 16 26 88 11915 2 546475 75345 1.7 16 9 7 12 52%   9 358679 138 101%
c } 113.58 47 16 27 88 12407 2 554829 82563 1.7 16 9 7 12 52%   9 358679 138 101%
c [ 113.58 47 24 27 88 12407 1 554829 82563 1.4 22 16 8 20 55%   9 358679 138 101%
c - 113.70 49 24 27 89 12407 1 555855 76795 1.4 22 16 8 20 55%   9 358679 138 101%
c - 114.77 52 23 27 90 12413 1 565288 77736 1.4 21 15 8 20 54%   9 358679 138 101%
c I 115.39 46 23 27 90 12417 1 571971 83025 1.4 21 15 8 20 54%   9 358679 138 101%
c - 115.88 52 23 27 91 12419 1 574777 79367 1.4 21 15 8 20 54%   9 358679 138 101%
c - 117.05 49 22 27 92 12421 1 584316 81243 1.4 21 15 8 20 54%   9 358679 138 101%
c - 118.44 52 22 27 93 12426 1 593907 82566 1.4 21 15 8 19 54%   9 358679 138 101%
c u 119.47 55 22 27 93 12428 1 597615 85569 1.4 21 15 8 19 54%   9 358679 138 101%
c caught signal 15 (SIGTERM)
c
c ---- [ profiling ] ---------------------------------------------------------
c
c          96.75   80.66 %  search
c          54.25   45.22 %  focused
c          42.51   35.44 %  stable
c          20.33   16.94 %  simplify
c          16.99   14.16 %  probe
c          10.66    8.88 %  vivify
c           5.75    4.80 %  eliminate
c           5.41    4.51 %  subsume
c           4.84    4.04 %  factor
c           2.74    2.29 %  preprocess
c           0.90    0.75 %  substitute
c           0.51    0.43 %  reduce
c           0.42    0.35 %  sweep
c           0.32    0.27 %  walking
c           0.15    0.12 %  congruence
c           0.10    0.08 %  parse
c           0.03    0.03 %  lucky
c           0.03    0.02 %  transitive
c           0.00    0.00 %  backbone
c =============================================
c         119.96  100.00 %  total
c
c ---- [ statistics ] --------------------------------------------------------
c
c conflicts:                           597615             4981.84 per second
c decisions:                           870322                1.46 per conflict
c factored:                                 2                1 %  variables
c propagations:                      10523357            87725    per second
c reductions:                              93             6426    interval
c reordered:                               10            59762    interval
c rephased:                                21            28458    interval
c restarts:                             12428               48    interval
c subsumed:                             24857                0 %  checks
c switched:                                27            22134    interval
c vivified:                             12194               34 %  checks
c walks:                                    7            85374    interval
c
c ---- [ glue usage ] --------------------------------------------------------
c
c focused glue 7    used 41464 clauses 10.13% accumulated 59.17% tier1
c focused glue 8    used 37077 clauses  9.06% accumulated 68.23%
c focused glue 9-10 used 61820 clauses 15.11% accumulated 83.34%
c focused glue 11   used 21515 clauses  5.26% accumulated 88.60%
c focused glue 12   used 15192 clauses  3.71% accumulated 92.31% tier2
c
c stable glue 8     used  83793 clauses  7.36% accumulated 52.45% tier1
c stable glue 9     used  62019 clauses  5.45% accumulated 57.91%
c stable glue 10-17 used 319502 clauses 28.08% accumulated 85.99%
c stable glue 18    used  24988 clauses  2.20% accumulated 88.18%
c stable glue 19    used  21974 clauses  1.93% accumulated 90.11% tier2
c
c ---- [ resources ] ---------------------------------------------------------
c
c maximum-resident-set-size:         64790528 bytes         62 MB
c process-time:                             2m             119.96 seconds
c raising signal 15 (SIGTERM)
