c ---- [ banner ] ------------------------------------------------------------
c
c Kissat SAT Solver
c 
c Copyright (c) 2021-2024 Armin Biere University of Freiburg
c Copyright (c) 2019-2021 Armin Biere Johannes Kepler University Linz
c 
c Version 4.0.4 8af8e56f174b778aef3aa45af9f739b2a5f492c2
c gcc (Ubuntu 13.3.0-6ubuntu2~24.04.1) 13.3.0 -W -Wall -O3 -DNDEBUG
c Wed Apr 15 20:10:47 EEST 2026 Linux cluster-4 6.17.0-14-generic x86_64
c
c ---- [ parsing ] -----------------------------------------------------------
c
c opened and reading DIMACS file:
c
c   tmp.cnf
c
c parsed 'p cnf 120 183040' header
c closing input after reading 4571289 bytes (4 MB)
c finished parsing after 0.04 seconds
c
c ---- [ solving ] -----------------------------------------------------------
c
c seconds switched rate     size/glue tier1 binary        remaining
c        MB reductions conflicts size  tier2   irredundant
c         level restarts redundant glue  trail        variables
c
c *  0.04 15 0 0 0  0 0   0   0 0.0 0 0 0 0 0%   0 183040 120 100%
c (  0.05 19 0 0 0  0 0   0   0 0.0 0 0 0 0 0%   0 183040 120 100%
c .  0.05 19 0 0 0  0 0   0   0 0.0 0 0 0 0 0%   0 183040 120 100%
c f  3.21 20 0 0 0  0 0   0   0 0.0 0 0 0 0 0% 205 118004 186 155%
c )  3.22 20 0 0 0  0 0   0   0 0.0 0 0 0 0 0% 205 118004 186 155%
c {  3.22 20 0 0 0  0 0   0   0 0.0 0 0 2 6 0% 205 118004 186 155%
c -  3.25 21 21 0 1  6 1 1000 593 1.4 16 12 8 16 53% 205 118004 186 155%
c }  3.25 21 21 1 1  6 1 1000 593 1.4 16 12 8 16 53% 205 118004 186 155%
c [  3.25 21 0 1 1  6 0 1000 593 0.0 0 0 2 6 0% 205 118004 186 155%
c B  3.25 21 12 1 1  6 1 1001 594 3.0 12 4 2 6 51% 205 118004 186 155%
c -  3.28 21 21 1 2  6 1 2000 1346 1.4 19 14 8 17 52% 205 118004 186 155%
c W  3.28 21 21 1 2  6 1 2005 1351 1.4 19 14 8 17 52% 205 118004 186 155%
c ]  3.29 21 20 2 2  7 1 2354 1614 1.4 18 13 8 16 52% 205 118004 186 155%
c {  3.29 21 21 2 2  7 1 2354 1614 1.4 16 12 8 16 53% 205 118004 186 155%
c u  3.31 21 21 2 2  7 1 2505 1746 1.4 16 11 8 16 54% 205 118004 186 155%
c v  3.32 21 21 2 2  7 1 2505 1701 1.4 16 11 8 16 54% 205 118004 186 155%
c w  3.32 21 21 2 2  7 1 2505 1682 1.4 16 11 8 16 54% 205 118004 186 155%
c x  3.33 21 21 2 2  7 1 2505 1682 1.4 16 11 8 16 54% 205 117981 186 155%
c f  3.34 21 21 2 2  7 1 2505 1682 1.4 16 11 8 16 54% 207 117787 187 156%
c u  3.36 21 21 2 2  7 1 2505 1681 1.4 16 11 8 16 54% 207 117787 187 156%
c
c seconds  switched rate       size/glue  tier1    binary        remaining
c        MB reductions conflicts     size   tier2     irredundant
c         level restarts  redundant     glue    trail        variables
c
c v  3.37 21 21 2 2  7 1 2505 1670 1.4 16 11 8 16 54% 207 117787 187 156%
c w  3.37 21 21 2 2  7 1 2505 1644 1.4 16 11 8 16 54% 207 117787 187 156%
c x  3.38 21 21 2 2  7 1 2505 1644 1.4 16 11 8 16 54% 207 117768 187 156%
c f  3.41 21 21 2 2  7 1 2505 1644 1.4 16 11 8 16 54% 209 117486 188 157%
c }  3.46 21 20 3 2 52 2 3355 2422 1.5 16 11 8 16 56% 209 117486 188 157%
c [  3.46 21 20 3 2 52 1 3355 2422 1.4 18 13 8 16 52% 209 117486 188 157%
c -  3.47 21 20 3 3 52 1 3415 2278 1.4 18 13 8 16 52% 209 117486 188 157%
c I  3.50 22 19 3 3 52 1 4264 3027 1.5 17 11 8 16 55% 209 117486 188 157%
c ]  3.52 22 19 4 3 53 1 4540 3281 1.5 17 11 7 15 55% 209 117486 188 157%
c {  3.52 22 20 4 3 53 2 4540 3281 1.5 16 11 8 16 56% 209 117486 188 157%
c -  3.55 22 19 4 4 65 2 5148 3392 1.5 16 11 7 14 55% 209 117486 188 157%
c }  3.65 22 19 5 4 122 2 6892 4956 1.6 16 10 7 14 55% 209 117486 188 157%
c [  3.65 22 19 5 4 122 1 6892 4956 1.5 17 11 7 15 55% 209 117486 188 157%
c -  3.66 22 19 5 5 122 1 7149 4510 1.5 17 11 7 15 55% 209 117486 188 157%
c u  3.70 22 19 5 5 122 1 7710 4967 1.5 17 11 7 15 55% 209 117486 188 157%
c v  3.71 22 19 5 5 122 1 7710 4961 1.5 17 11 7 15 55% 209 117486 188 157%
c w  3.71 22 19 5 5 122 1 7710 4960 1.5 17 11 7 15 55% 209 117486 188 157%
c x  3.73 22 19 5 5 122 1 7710 4960 1.5 17 11 7 15 55% 209 117411 188 157%
c f  3.75 22 19 5 5 122 1 7710 4960 1.5 17 11 7 15 55% 210 117001 190 158%
c u  3.76 22 19 5 5 122 1 7710 4949 1.5 17 11 7 15 55% 210 117001 190 158%
c
c seconds  switched  rate       size/glue  tier1    binary        remaining
c        MB reductions conflicts      size   tier2     irredundant
c         level restarts   redundant     glue    trail        variables
c
c v  3.78 22 19 5 5 122 1 7710 4942 1.5 17 11 7 15 55% 210 117001 190 158%
c w  3.78 22 19 5 5 122 1 7710 4940 1.5 17 11 7 15 55% 210 117001 190 158%
c x  3.79 22 19 5 5 122 1 7710 4940 1.5 17 11 7 15 55% 210 116942 190 158%
c f  3.81 22 19 5 5 122 1 7710 4940 1.5 17 11 7 15 55% 215 116510 192 160%
c B  3.83 22 19 5 5 123 1 8035 5224 1.5 17 12 7 15 55% 215 116510 192 160%
c -  3.88 22 19 5 6 124 1 9385 5420 1.5 17 12 7 15 55% 215 116510 192 160%
c ]  3.90 22 19 6 6 124 1 10033 5985 1.5 17 11 7 15 55% 215 116510 192 160%
c {  3.90 22 19 6 6 124 2 10033 5985 1.6 16 10 7 14 55% 215 116510 192 160%
c o  3.91 22 19 6 6 136 2 10157 6104 1.6 16 10 7 14 55% 215 116510 192 160%
c -  3.98 22 17 6 7 136 2 11835 6357 1.7 16 10 6 13 57% 215 116510 192 160%
c s  4.05 22 16 6 7 136 2 12511 6923 1.7 15 9 6 13 57% 215 109627 192 160%
c e  4.06 22 16 6 7 136 2 12511 6923 1.7 15 9 6 13 57% 208 109633 189 158%
c ^  4.10 22 16 6 7 136 2 12511 6923 1.7 15 9 6 13 57% 208 109633 189 158%
c }  4.18 22 16 7 7 146 2 14103 8409 1.6 15 9 6 13 57% 208 109633 189 158%
c [  4.18 22 19 7 7 146 1 14103 8409 1.5 17 11 7 15 55% 208 109633 189 158%
c W  4.19 27 19 7 7 146 1 14103 8409 1.5 17 11 7 15 55% 208 109633 189 158%
c -  4.20 27 19 7 8 146 1 14480 7449 1.5 17 12 7 15 55% 208 109633 189 158%
c u  4.27 28 19 7 8 147 1 15794 8604 1.5 17 11 7 15 56% 208 109633 189 158%
c v  4.29 28 19 7 8 147 1 15794 8599 1.5 17 11 7 15 56% 208 109633 189 158%
c w  4.29 28 19 7 8 147 1 15794 8599 1.5 17 11 7 15 56% 208 109633 189 158%
c
c seconds  switched  rate        size/glue  tier1    binary        remaining
c        MB reductions conflicts       size   tier2     irredundant
c         level restarts    redundant     glue    trail        variables
c
c x  4.30 28 19 7 8 147 1 15794 8599 1.5 17 11 7 15 56% 208 109612 189 158%
c f  4.36 28 19 7 8 147 1 15794 8599 1.5 17 11 7 15 56% 232 108817 198 165%
c u  4.38 28 19 7 8 147 1 15794 8591 1.5 17 11 7 15 56% 232 108817 198 165%
c v  4.39 28 19 7 8 147 1 15794 8583 1.5 17 11 7 15 56% 232 108817 198 165%
c w  4.40 28 19 7 8 147 1 15794 8583 1.5 17 11 7 15 56% 232 108817 198 165%
c x  4.41 28 19 7 8 147 1 15794 8583 1.5 17 11 7 15 56% 232 108806 198 165%
c f  4.43 28 19 7 8 147 1 15794 8583 1.5 17 11 7 15 56% 249 108655 202 168%
c -  4.49 28 19 7 9 148 1 17308 8408 1.5 17 11 7 15 56% 249 108655 202 168%
c ]  4.55 28 19 8 9 149 1 18959 9835 1.5 17 11 7 15 56% 250 108655 202 168%
c {  4.55 28 16 8 9 149 2 18959 9835 1.6 15 9 6 13 57% 250 108655 202 168%
c o  4.62 28 16 8 9 203 2 20198 10969 1.7 15 9 6 13 57% 250 108655 202 168%
c -  4.63 28 16 8 10 209 2 20308 9424 1.7 15 9 6 12 57% 250 108655 202 168%
c -  4.78 28 15 8 11 296 2 23471 10517 1.7 15 9 6 11 56% 255 108655 202 168%
c s  4.88 28 15 8 11 298 2 25015 11730 1.6 14 9 6 11 56% 256 108557 202 168%
c e  4.89 28 15 8 11 298 2 25015 11730 1.6 14 9 6 11 56% 247 108561 200 167%
c ^  4.93 28 15 8 11 298 2 25015 11730 1.6 14 9 6 11 56% 247 108561 200 167%
c }  4.95 28 15 9 11 308 2 25118 11825 1.6 14 9 6 11 56% 247 108561 200 167%
c [  4.95 28 19 9 11 308 1 25118 11825 1.5 17 11 7 15 56% 247 108561 200 167%
c O  4.95 28 19 9 11 308 1 25118 11825 1.5 17 11 7 15 56% 247 108561 200 167%
c -  5.02 28 20 9 12 309 1 26787 11348 1.5 18 12 6 15 56% 247 108561 200 167%
c
c seconds  switched   rate         size/glue  tier1    binary        remaining
c        MB  reductions conflicts        size   tier2     irredundant
c         level  restarts     redundant     glue    trail        variables
c
c u  5.05 28 20 9 12 309 1 26922 11444 1.5 18 12 6 15 56% 247 108561 200 167%
c v  5.06 28 20 9 12 309 1 26922 11440 1.5 18 12 6 15 56% 247 108561 200 167%
c w  5.07 28 20 9 12 309 1 26922 11439 1.5 18 12 6 15 56% 247 108561 200 167%
c f  5.12 28 20 9 12 309 1 26922 11439 1.5 18 12 6 15 56% 254 108442 203 169%
c u  5.15 28 20 9 12 309 1 26922 11422 1.5 18 12 6 15 56% 254 108442 203 169%
c v  5.17 28 20 9 12 309 1 26922 11419 1.5 18 12 6 15 56% 254 108442 203 169%
c w  5.18 28 20 9 12 309 1 26922 11418 1.5 18 12 6 15 56% 254 108442 203 169%
c f  5.20 28 20 9 12 309 1 26922 11418 1.5 18 12 6 15 56% 266 108128 209 174%
c -  5.34 28 19 9 13 311 1 30251 12061 1.5 17 11 6 14 57% 266 108128 209 174%
c ]  5.40 28 18 10 13 313 1 31673 13072 1.5 17 11 6 14 57% 266 108128 209 174%
c {  5.40 28 15 10 13 313 2 31673 13072 1.6 14 9 6 11 56% 266 108128 209 174%
c -  5.54 28 15 10 14 400 2 33857 12156 1.7 14 8 5 11 56% 266 108128 209 174%
c -  5.75 28 15 10 15 579 2 37599 13209 1.7 14 8 5 11 55% 267 108128 209 174%
c o  5.94 28 15 10 15 761 2 40282 15602 1.7 14 8 5 11 55% 271 108128 209 174%
c }  5.94 28 15 11 15 763 2 40300 15619 1.7 14 8 5 11 55% 271 108128 209 174%
c [  5.94 28 18 11 15 763 1 40300 15619 1.5 17 11 6 14 57% 271 108128 209 174%
c B  5.94 28 18 11 15 763 1 40300 15619 1.5 17 11 6 14 57% 271 108128 209 174%
c u  6.04 28 18 11 15 763 1 41251 16447 1.5 17 11 6 14 57% 271 108128 209 174%
c v  6.06 28 18 11 15 763 1 41251 16356 1.5 17 11 6 14 57% 271 108128 209 174%
c w  6.07 28 18 11 15 763 1 41251 16351 1.5 17 11 6 14 57% 271 108128 209 174%
c
c seconds   switched   rate         size/glue  tier1    binary        remaining
c        MB   reductions conflicts        size   tier2     irredundant
c         level   restarts     redundant     glue    trail        variables
c
c f  6.21 28 18 11 15 763 1 41251 16351 1.5 17 11 6 14 57% 284 107757 215 179%
c u  6.25 28 18 11 15 763 1 41251 16344 1.5 17 11 6 14 57% 284 107757 215 179%
c v  6.28 28 18 11 15 763 1 41251 16212 1.5 17 11 6 14 57% 284 107757 215 179%
c w  6.29 28 18 11 15 763 1 41251 16207 1.5 17 11 6 14 57% 284 107757 215 179%
c f  6.33 28 18 11 15 763 1 41251 16207 1.5 17 11 6 14 57% 313 107202 225 188%
c -  6.35 28 18 11 16 764 1 41471 14051 1.5 17 11 6 14 57% 313 107202 225 188%
c -  6.51 28 18 11 17 767 1 45472 14562 1.5 17 12 6 14 58% 313 107202 225 188%
c -  6.68 28 18 11 18 769 1 49598 15318 1.5 17 12 6 14 58% 313 107202 225 188%
c ]  6.78 28 18 12 18 769 1 51868 17113 1.5 17 12 6 14 58% 314 107202 225 188%
c {  6.78 28 15 12 18 769 2 51868 17113 1.7 14 8 5 11 55% 314 107202 225 188%
c s  6.91 28 15 12 18 820 2 52121 17318 1.7 14 8 5 11 55% 314 106969 225 188%
c e  6.92 28 15 12 18 820 2 52121 17318 1.7 14 8 5 11 55% 311 106977 219 182%
c s  7.03 28 15 12 18 820 2 52121 17318 1.7 14 8 5 11 55% 311 106976 219 182%
c ^  7.03 28 15 12 18 820 2 52121 17318 1.7 14 8 5 11 55% 311 106976 219 182%
c -  7.13 30 15 12 19 942 2 53843 15903 1.7 14 8 5 10 55% 311 106976 219 182%
c -  7.41 30 15 12 20 1182 2 58202 17265 1.7 14 8 5 10 55% 314 106976 219 182%
c u  7.50 30 15 12 20 1224 2 58880 17829 1.7 14 8 5 10 55% 315 106976 219 182%
c v  7.54 31 15 12 20 1224 2 58880 17708 1.7 14 8 5 10 55% 315 106976 219 182%
c w  7.56 31 15 12 20 1224 2 58880 17688 1.7 14 8 5 10 55% 315 106976 219 182%
c f  7.60 31 15 12 20 1224 2 58880 17688 1.7 14 8 5 10 55% 349 106276 234 195%
c
c seconds   switched    rate         size/glue tier1    binary        remaining
c        MB   reductions  conflicts        size  tier2     irredundant
c         level    restarts     redundant    glue    trail        variables
c
c u  7.64 31 15 12 20 1224 2 58880 17650 1.7 14 8 5 10 55% 349 106276 234 195%
c v  7.67 31 15 12 20 1224 2 58880 17640 1.7 14 8 5 10 55% 349 106276 234 195%
c w  7.68 31 15 12 20 1224 2 58880 17576 1.7 14 8 5 10 55% 349 106276 234 195%
c f  7.75 31 15 12 20 1224 2 58880 17576 1.7 14 8 5 10 55% 419 105533 264 220%
c -  8.03 31 15 12 21 1451 2 62674 18513 1.7 14 8 5 10 55% 421 105533 264 220%
c }  8.08 31 15 13 21 1478 2 63348 19100 1.7 14 8 5 10 55% 422 105533 264 220%
c [  8.08 31 18 13 21 1478 1 63348 19100 1.5 17 12 6 14 58% 422 105533 264 220%
c W  8.08 31 18 13 21 1478 1 63348 19100 1.5 17 12 6 14 58% 422 105533 264 220%
c -  8.27 31 18 13 22 1480 1 67256 18997 1.5 17 12 6 14 58% 424 105533 264 220%
c -  8.45 31 18 13 23 1484 1 71947 19322 1.5 17 12 6 14 58% 424 105533 264 220%
c -  8.67 31 18 13 24 1485 1 76744 20094 1.5 17 12 6 14 57% 426 105533 264 220%
c I  8.74 31 18 13 24 1487 1 78253 21303 1.5 18 12 6 14 57% 426 105533 264 220%
c o  8.74 31 18 13 24 1487 1 78253 21303 1.5 18 12 6 14 57% 426 105533 264 220%
c ]  8.80 31 18 14 24 1487 1 79622 22485 1.5 17 12 6 14 57% 426 105533 264 220%
c {  8.80 31 15 14 24 1487 2 79622 22485 1.7 14 8 5 10 55% 426 105533 264 220%
c u  8.89 31 15 14 24 1533 2 79933 22690 1.7 14 8 5 10 55% 426 105533 264 220%
c v  8.93 31 15 14 24 1533 2 79933 22542 1.7 14 8 5 10 55% 426 105533 264 220%
c w  8.95 31 15 14 24 1533 2 79933 22480 1.7 14 8 5 10 55% 426 105533 264 220%
c t  8.95 31 15 14 24 1533 2 79933 22480 1.7 14 8 5 10 55% 425 105533 264 220%
c f  8.99 31 15 14 24 1533 2 79933 22480 1.7 14 8 5 10 55% 560 104767 329 274%
c
c seconds   switched    rate         size/glue tier1    binary        remaining
c        MB   reductions  conflicts        size  tier2     irredundant
c         level    restarts     redundant    glue    trail        variables
c
c u  9.05 31 15 14 24 1533 2 79933 22407 1.7 14 8 5 10 55% 560 104767 329 274%
c v  9.09 31 15 14 24 1533 2 79933 22317 1.7 14 8 5 10 55% 560 104767 329 274%
c w  9.11 31 15 14 24 1533 2 79933 22203 1.7 14 8 5 10 55% 560 104767 329 274%
c -  9.46 31 15 14 25 1700 2 81642 20768 1.6 14 8 5 10 55% 562 104767 329 274%
c i  9.70 31 15 14 25 1845 2 84915 23626 1.7 14 8 5 10 54% 565 104767 328 273%
c -  9.82 31 15 14 26 1910 2 86642 20181 1.7 14 8 4 10 54% 565 104767 328 273%
c - 10.21 31 15 14 27 2126 2 91741 20828 1.7 14 8 4 10 54% 569 104767 328 273%
c } 10.40 31 14 15 27 2256 2 94337 23080 1.7 13 8 4 10 54% 571 104767 328 273%
c [ 10.40 31 18 15 27 2256 1 94337 23080 1.5 17 12 6 14 57% 571 104767 328 273%
c s 10.63 31 18 15 27 2257 1 95778 24226 1.5 17 12 6 14 57% 572 104746 328 273%
c e 10.64 31 18 15 27 2257 1 95778 24226 1.5 17 12 6 14 57% 540 104821 311 259%
c s 10.81 31 18 15 27 2257 1 95778 24226 1.5 17 12 6 14 57% 540 104817 311 259%
c ^ 10.81 31 18 15 27 2257 1 95778 24226 1.5 17 12 6 14 57% 540 104817 311 259%
c B 10.83 31 18 15 27 2257 1 96059 24133 1.5 17 12 6 14 57% 542 104817 311 259%
c - 10.88 31 18 15 28 2258 1 96939 21367 1.5 17 12 5 14 57% 542 104817 311 259%
c - 11.16 31 17 15 29 2261 1 102233 22142 1.5 17 11 5 14 57% 544 104817 311 259%
c u 11.35 31 17 15 29 2262 1 104536 23969 1.5 16 11 5 14 57% 545 104817 311 259%
c v 11.41 31 17 15 29 2262 1 104536 23868 1.5 16 11 5 14 57% 545 104817 311 259%
c w 11.43 31 17 15 29 2262 1 104536 23706 1.5 16 11 5 14 57% 545 104817 311 259%
c - 11.62 31 17 15 30 2263 1 107618 22564 1.5 16 11 5 13 56% 546 104817 311 259%
c
c seconds   switched    rate          size/glue  tier1    binary        remaining
c        MB   reductions  conflicts         size   tier2     irredundant
c         level    restarts      redundant     glue    trail        variables
c
c - 11.89 31 17 15 31 2268 1 113095 23350 1.5 16 11 5 13 56% 547 104817 311 259%
c ] 11.93 31 17 16 31 2268 1 114009 24202 1.5 16 11 5 13 56% 547 104817 311 259%
c { 11.93 31 14 16 31 2268 2 114009 24202 1.7 13 8 4 10 54% 547 104817 311 259%
c o 12.30 31 14 16 31 2482 2 118580 28209 1.7 13 8 4 10 54% 548 104817 311 259%
c - 12.31 31 14 16 32 2495 2 118663 24388 1.7 13 8 4 10 54% 548 104817 311 259%
c - 12.73 31 14 16 33 2766 2 124319 25759 1.7 13 8 4 9 54% 553 104817 311 259%
c i 12.88 31 14 16 33 2884 2 126102 27374 1.7 13 8 4 9 54% 560 104817 310 258%
c - 13.25 31 14 16 34 3212 2 130063 26991 1.6 13 8 4 9 54% 551 104817 310 258%
c } 13.41 31 14 17 34 3280 2 132349 28882 1.6 13 8 3 9 53% 554 104817 310 258%
c [ 13.41 31 17 17 34 3280 1 132349 28882 1.5 16 11 5 13 56% 554 104817 310 258%
c W 13.43 31 17 17 34 3280 1 132349 28882 1.5 16 11 5 13 56% 554 104817 310 258%
c u 13.51 31 17 17 34 3280 1 132764 29189 1.5 16 11 5 13 56% 555 104817 310 258%
c v 13.56 31 17 17 34 3280 1 132764 29157 1.5 16 11 5 13 56% 555 104817 310 258%
c w 13.59 31 17 17 34 3280 1 132764 29150 1.5 16 11 5 13 56% 555 104817 310 258%
c t 13.65 31 17 17 34 3280 1 132764 29150 1.5 16 11 5 13 56% 552 104817 310 258%
c - 13.83 31 17 17 35 3282 1 135894 24469 1.5 16 11 5 13 56% 552 104817 310 258%
c - 14.20 31 17 17 36 3286 1 141813 23440 1.5 16 11 5 13 55% 553 104817 310 258%
c - 14.49 31 17 17 37 3289 1 147813 23285 1.5 16 11 4 13 55% 554 104817 310 258%
c - 14.78 31 17 17 38 3293 1 153895 23518 1.5 16 11 4 13 55% 554 104817 310 258%
c O 14.92 31 17 17 38 3293 1 156574 25873 1.5 16 11 4 13 55% 554 104817 310 258%
c
c seconds   switched    rate          size/glue  tier1    binary        remaining
c        MB   reductions  conflicts         size   tier2     irredundant
c         level    restarts      redundant     glue    trail        variables
c
c s 15.25 31 17 17 38 3294 1 157810 27016 1.5 16 11 4 13 55% 554 104813 310 258%
c e 15.25 31 17 17 38 3294 1 157810 27016 1.5 16 11 4 13 55% 499 105095 274 228%
c s 15.49 31 17 17 38 3294 1 157810 27016 1.5 16 11 4 13 55% 499 105093 274 228%
c ^ 15.50 31 17 17 38 3294 1 157810 27016 1.5 16 11 4 13 55% 499 105093 274 228%
c ] 15.51 31 17 18 38 3294 1 157933 25999 1.5 16 11 4 13 55% 499 105093 274 228%
c { 15.51 31 14 18 38 3294 2 157933 25999 1.6 13 8 3 9 53% 499 105093 274 228%
c - 15.82 31 14 18 39 3771 2 160059 23099 1.7 13 8 3 9 53% 499 105093 274 228%
c u 16.50 31 15 18 39 4764 2 164717 27386 1.7 14 8 3 9 54% 500 105093 274 228%
c v 16.59 31 15 18 39 4764 2 164717 27224 1.7 14 8 3 9 54% 501 105093 274 228%
c w 16.63 31 15 18 39 4764 2 164717 27178 1.7 14 8 3 9 54% 501 105093 274 228%
c t 16.64 31 15 18 39 4764 2 164717 27178 1.7 14 8 3 9 54% 499 105093 274 228%
c f 16.65 31 15 18 39 4764 2 164717 27178 1.7 14 8 3 9 54% 502 105073 275 229%
c u 16.74 31 15 18 39 4764 2 164717 27101 1.7 14 8 3 9 54% 503 105073 275 229%
c v 16.83 31 15 18 39 4764 2 164717 26857 1.7 14 8 3 9 54% 503 105073 275 229%
c w 16.86 31 15 18 39 4764 2 164717 26696 1.7 14 8 3 9 54% 503 105073 275 229%
c t 16.87 31 15 18 39 4764 2 164717 26696 1.7 14 8 3 9 54% 502 105073 275 229%
c - 17.08 31 15 18 40 5123 2 166304 23985 1.7 14 8 3 9 54% 502 105073 275 229%
c o 17.41 31 15 18 40 5585 2 168602 26156 1.7 14 8 3 9 54% 502 105073 275 229%
c - 17.94 31 15 18 41 6421 2 172629 25434 1.7 14 8 3 9 54% 503 105073 275 229%
c - 18.79 31 16 18 42 7645 2 179034 26417 1.7 14 9 3 9 54% 503 105073 275 229%
c
c seconds   switched    rate          size/glue tier1   binary        remaining
c        MB   reductions  conflicts         size  tier2    irredundant
c         level    restarts      redundant    glue   trail        variables
c
c } 18.95 31 16 19 42 7879 2 180278 27591 1.7 14 9 3 9 54% 503 105073 275 229%
c [ 18.95 31 17 19 42 7879 1 180278 27591 1.5 16 11 4 13 55% 503 105073 275 229%
c B 19.17 31 17 19 42 7881 1 184314 31347 1.5 17 11 4 13 55% 503 105073 275 229%
c - 19.24 31 17 19 43 7883 1 185515 26577 1.5 17 11 4 13 55% 503 105073 275 229%
c - 19.56 31 17 19 44 7885 1 192072 25715 1.5 17 11 4 13 55% 503 105073 275 229%
c - 19.89 31 17 19 45 7890 1 198708 25024 1.5 17 11 4 13 55% 503 105073 275 229%
c u 20.10 32 17 19 45 7891 1 200496 26398 1.5 17 11 4 13 55% 503 105073 275 229%
c v 20.22 32 17 19 45 7891 1 200496 26187 1.5 17 11 4 13 55% 503 105073 275 229%
c w 20.26 32 17 19 45 7891 1 200496 26087 1.5 17 11 4 13 55% 503 105073 275 229%
c - 20.55 32 17 19 46 7893 1 205416 25184 1.5 17 11 4 13 55% 504 105073 275 229%
c - 20.90 32 17 19 47 7893 1 212198 25753 1.5 17 11 4 13 55% 504 105073 275 229%
c W 21.09 32 17 19 47 7896 1 215764 29043 1.5 17 11 4 13 55% 505 105073 275 229%
c - 21.29 32 17 19 48 7898 1 219054 26546 1.5 17 11 4 13 55% 505 105073 275 229%
c - 21.64 32 17 19 49 7901 1 225982 26510 1.5 17 11 4 13 55% 505 105073 275 229%
c ] 21.80 32 17 20 49 7903 1 229422 29564 1.5 17 11 4 13 55% 505 105073 275 229%
c { 21.80 32 16 20 49 7903 2 229422 29564 1.7 14 9 3 9 54% 505 105073 275 229%
c o 21.80 32 16 20 49 7908 2 229447 29588 1.7 14 9 3 9 54% 505 105073 275 229%
c i 21.94 32 16 20 49 7924 2 231196 30934 1.7 14 9 3 9 54% 513 105073 273 228%
c - 22.12 32 16 20 50 8084 2 232982 24928 1.7 14 9 3 9 54% 493 105073 273 228%
c s 22.98 32 15 20 50 8272 2 239920 30638 1.7 14 8 3 9 54% 497 105065 273 228%
c
c seconds   switched    rate          size/glue tier1   binary        remaining
c        MB   reductions  conflicts         size  tier2    irredundant
c         level    restarts      redundant    glue   trail        variables
c
c e 22.98 32 15 20 50 8272 2 239920 30638 1.7 14 8 3 9 54% 429 105586 236 197%
c s 23.37 32 15 20 50 8272 2 239920 30638 1.7 14 8 3 9 54% 429 105548 236 197%
c e 23.37 32 15 20 50 8272 2 239920 30638 1.7 14 8 3 9 54% 427 105566 235 196%
c ! 23.37 32 15 20 50 8272 2 239920 30638 1.7 14 8 3 9 54% 427 105566 235 196%
c - 23.39 32 15 20 51 8282 2 240053 22967 1.7 14 8 3 9 54% 427 105566 235 196%
c u 23.49 32 15 20 51 8282 2 240151 22908 1.7 14 8 3 9 54% 427 105566 235 196%
c v 23.58 32 15 20 51 8282 2 240151 22831 1.7 14 8 3 9 54% 427 105566 235 196%
c w 23.61 32 15 20 51 8282 2 240151 22821 1.7 14 8 3 9 54% 427 105566 235 196%
c t 23.93 32 15 20 51 8282 2 240151 22821 1.7 14 8 3 9 54% 426 105566 235 196%
c f 23.95 32 15 20 51 8282 2 240151 22821 1.7 14 8 3 9 54% 434 105417 242 202%
c u 24.02 32 15 20 51 8282 2 240151 22729 1.7 14 8 3 9 54% 435 105417 242 202%
c v 24.08 32 15 20 51 8282 2 240151 22709 1.7 14 8 3 9 54% 435 105417 242 202%
c w 24.10 32 15 20 51 8282 2 240151 22699 1.7 14 8 3 9 54% 435 105417 242 202%
c t 24.17 32 15 20 51 8282 2 240151 22699 1.7 14 8 3 9 54% 434 105417 242 202%
c - 24.70 32 15 20 52 8603 2 247194 25325 1.7 14 8 3 9 54% 434 105417 242 202%
c i 24.93 32 15 20 52 8744 2 250298 27907 1.7 14 8 3 9 54% 442 105417 239 199%
c - 25.27 32 15 20 53 8946 2 254408 26446 1.7 14 8 3 9 53% 414 105417 239 199%
c } 25.37 32 15 21 53 8946 2 256162 27767 1.7 14 8 3 9 53% 415 105417 239 199%
c [ 25.37 32 17 21 53 8946 1 256162 27767 1.5 17 11 4 13 55% 415 105417 239 199%
c I 25.37 32 17 21 53 8946 1 256162 27767 1.5 17 11 4 13 55% 415 105417 239 199%
c
c seconds   switched    rate          size/glue  tier1    binary        remaining
c        MB   reductions  conflicts         size   tier2     irredundant
c         level    restarts      redundant     glue    trail        variables
c
c - 25.63 32 17 21 54 8950 1 261689 26985 1.5 17 11 4 13 55% 415 105417 239 199%
c - 25.97 32 17 21 55 8953 1 269038 26752 1.5 17 11 4 13 55% 415 105417 239 199%
c - 26.30 32 17 21 56 8958 1 276454 26289 1.5 17 12 4 13 55% 415 105417 239 199%
c u 26.73 32 18 21 56 8960 1 283781 32848 1.5 17 12 4 13 55% 416 105411 239 199%
c v 26.83 32 18 21 56 8960 1 283781 32614 1.5 17 12 4 13 55% 416 105411 239 199%
c w 26.87 32 18 21 56 8960 1 283781 32439 1.5 17 12 4 13 55% 416 105411 239 199%
c t 26.88 32 18 21 56 8960 1 283781 32439 1.5 17 12 4 13 55% 415 105411 239 199%
c - 26.89 32 18 21 57 8960 1 283937 26570 1.5 17 12 4 13 55% 415 105411 239 199%
c - 27.27 32 18 21 58 8963 1 291486 26985 1.5 18 12 4 13 54% 415 105411 239 199%
c ] 27.47 32 18 22 58 8965 1 295286 30186 1.5 18 12 4 13 54% 415 105411 239 199%
c { 27.47 32 15 22 58 8965 2 295286 30186 1.7 14 8 3 9 53% 415 105411 239 199%
c - 27.78 32 15 22 59 8982 2 299101 28862 1.7 14 8 3 9 54% 416 105411 239 199%
c o 28.07 32 14 22 59 8992 2 303210 32522 1.7 14 8 3 9 54% 416 105411 239 199%
c - 28.32 32 14 22 60 8996 2 306783 31648 1.7 14 8 3 9 54% 418 105411 239 199%
c - 28.89 32 14 22 61 9003 2 314530 32813 1.7 13 8 3 9 54% 423 105411 239 199%
c i 28.99 32 14 22 61 9003 2 315873 33895 1.7 13 8 3 9 54% 434 105411 238 198%
c - 29.46 32 13 22 62 9008 2 322341 29749 1.7 13 8 3 8 54% 420 105411 238 198%
c } 29.76 32 13 23 62 9026 2 326803 33548 1.7 13 8 3 8 54% 420 105411 238 198%
c [ 29.76 32 18 23 62 9026 1 326803 33548 1.5 18 12 4 13 54% 420 105411 238 198%
c B 29.76 32 18 23 62 9026 1 326803 33548 1.5 18 12 4 13 54% 420 105411 238 198%
c
c seconds   switched    rate          size/glue  tier1    binary        remaining
c        MB   reductions  conflicts         size   tier2     irredundant
c         level    restarts      redundant     glue    trail        variables
c
c - 29.90 32 18 23 63 9028 1 330218 31809 1.5 18 12 4 13 54% 420 105411 238 198%
c u 30.08 32 18 23 63 9029 1 331438 32650 1.5 18 12 4 13 54% 420 105411 238 198%
c v 30.20 32 18 23 63 9029 1 331438 32293 1.5 18 12 4 13 54% 422 105411 238 198%
c w 30.25 32 18 23 63 9029 1 331438 32027 1.5 18 12 4 13 54% 422 105411 238 198%
c t 30.26 32 18 23 63 9029 1 331438 32027 1.5 18 12 4 13 54% 421 105411 238 198%
c - 30.56 32 18 23 64 9032 1 338155 31583 1.5 18 12 4 13 54% 421 105411 238 198%
c s 31.18 32 18 23 64 9036 1 343656 36235 1.5 18 12 4 13 54% 421 105371 238 198%
c e 31.19 32 18 23 64 9036 1 343656 36235 1.5 18 12 4 13 54% 411 105438 233 194%
c s 31.59 32 18 23 64 9036 1 343656 36235 1.5 18 12 4 13 54% 411 105433 233 194%
c - 31.73 32 18 23 65 9038 1 346157 30443 1.5 18 12 4 13 54% 411 105433 233 194%
c - 32.09 32 18 23 66 9040 1 354219 30701 1.5 18 12 4 13 54% 411 105433 233 194%
c - 32.46 32 18 23 67 9043 1 362343 30946 1.5 18 12 4 13 54% 411 105433 233 194%
c W 32.88 32 18 23 67 9047 1 370514 37555 1.5 18 12 4 13 54% 412 105433 233 194%
c - 32.88 32 18 23 68 9047 1 370528 31820 1.5 18 12 4 13 54% 412 105433 233 194%
c ] 33.14 32 18 24 68 9050 1 376326 36931 1.5 18 12 4 13 54% 412 105433 233 194%
c { 33.14 32 13 24 68 9050 2 376326 36931 1.7 13 8 3 8 54% 412 105433 233 194%
c - 33.37 32 13 24 69 9254 2 378774 33225 1.7 13 8 3 8 54% 412 105433 233 194%
c i 33.45 32 13 24 69 9263 2 379975 34117 1.7 13 8 3 8 54% 421 105433 230 192%
c u 33.85 32 13 24 69 9435 2 383196 34812 1.7 13 8 3 8 54% 426 105432 230 192%
c v 33.97 32 13 24 69 9435 2 383196 34726 1.7 13 8 3 8 54% 426 105432 230 192%
c
c seconds   switched    rate          size/glue tier1   binary        remaining
c        MB   reductions  conflicts         size  tier2    irredundant
c         level    restarts      redundant    glue   trail        variables
c
c w 34.01 32 13 24 69 9435 2 383196 34551 1.7 13 8 3 8 54% 426 105432 230 192%
c t 34.02 32 13 24 69 9435 2 383196 34551 1.7 13 8 3 8 54% 425 105432 230 192%
c f 34.03 32 13 24 69 9435 2 383196 34551 1.7 13 8 3 8 54% 432 105368 233 194%
c u 34.15 32 13 24 69 9435 2 383196 34452 1.7 13 8 3 8 54% 432 105368 233 194%
c v 34.27 32 13 24 69 9435 2 383196 34314 1.7 13 8 3 8 54% 432 105368 233 194%
c w 34.31 32 13 24 69 9435 2 383196 34286 1.7 13 8 3 8 54% 432 105368 233 194%
c o 34.36 32 13 24 69 9450 2 383762 34745 1.7 13 8 3 8 54% 432 105368 233 194%
c i 34.38 32 13 24 69 9489 2 383939 34889 1.7 13 8 3 8 54% 437 105368 232 193%
c - 34.69 32 13 24 70 9825 2 387081 31740 1.7 13 8 3 8 54% 399 105368 232 193%
c i 34.81 32 13 24 70 9925 2 388389 32908 1.7 13 8 3 8 54% 400 105368 231 192%
c i 34.93 32 13 24 70 9935 2 390258 34360 1.7 13 8 3 8 54% 409 105368 230 192%
c i 35.27 32 13 24 70 10294 2 394481 37860 1.7 13 8 3 8 54% 414 105368 229 191%
c - 35.35 32 13 24 71 10321 2 395447 30793 1.7 13 8 3 8 54% 379 105368 229 191%
c i 35.42 32 13 24 71 10336 2 396624 31675 1.7 13 8 3 8 53% 387 105368 227 189%
c i 35.54 32 13 24 71 10371 2 398649 33277 1.7 13 8 3 8 53% 398 105368 226 188%
c - 35.99 32 13 24 72 10812 2 403873 23833 1.7 13 8 2 8 53% 355 105368 226 188%
c i 36.13 32 13 24 72 10812 2 406393 25683 1.7 12 8 2 8 53% 368 105368 225 188%
c i 36.42 32 13 24 72 11057 2 410452 28900 1.6 12 8 2 8 53% 376 105368 224 187%
c - 36.57 32 13 24 73 11211 2 412360 22440 1.6 12 8 2 8 53% 349 105368 224 187%
c } 36.62 32 13 25 73 11258 2 413003 22985 1.6 12 8 2 8 53% 349 105368 224 187%
c
c seconds   switched     rate          size/glue  tier1    binary        remaining
c        MB   reductions   conflicts         size   tier2     irredundant
c         level    restarts       redundant     glue    trail        variables
c
c [ 36.62 32 18 25 73 11258 1 413003 22985 1.5 18 12 4 13 54% 349 105368 224 187%
c O 36.87 32 18 25 73 11262 1 418676 27780 1.5 18 12 4 13 54% 349 105368 224 187%
c - 36.97 32 18 25 74 11263 1 420904 24752 1.5 18 12 4 13 54% 349 105368 224 187%
c - 37.34 32 18 25 75 11267 1 429506 26792 1.5 18 12 4 13 54% 349 105368 224 187%
c - 37.72 32 17 25 76 11272 1 438170 27806 1.5 17 12 4 13 54% 349 105368 224 187%
c u 37.89 32 17 25 76 11272 1 439103 28268 1.5 17 12 4 13 53% 354 105368 224 187%
c v 38.02 32 17 25 76 11272 1 439103 27940 1.5 17 12 4 13 53% 358 105368 223 186%
c w 38.07 32 17 25 76 11272 1 439103 27502 1.5 17 12 4 13 53% 358 105368 223 186%
c t 38.08 32 17 25 76 11272 1 439103 27215 1.5 17 12 4 13 53% 356 105368 223 186%
c u 38.19 32 17 25 76 11272 1 439103 27047 1.5 17 12 4 13 53% 346 105368 223 186%
c v 38.28 32 17 25 76 11272 1 439103 26780 1.5 17 12 4 13 53% 346 105368 223 186%
c w 38.31 32 17 25 76 11272 1 439103 26498 1.5 17 12 4 13 53% 346 105368 223 186%
c t 38.91 32 17 25 76 11272 1 439103 26498 1.5 17 12 4 13 53% 345 105368 223 186%
c i 38.92 32 17 25 76 11272 1 439103 26498 1.5 17 12 4 13 53% 345 105368 223 186%
c - 39.25 32 17 25 77 11273 1 446887 27280 1.5 17 12 4 13 53% 345 105368 223 186%
c - 39.65 32 17 25 78 11279 1 455662 27205 1.5 17 12 4 13 53% 345 105368 223 186%
c - 40.01 32 17 25 79 11284 1 464493 26957 1.5 17 12 4 13 53% 345 105368 223 186%
c s 40.47 32 17 25 79 11286 1 470519 31685 1.5 17 12 4 13 53% 345 105343 223 186%
c e 40.48 32 17 25 79 11286 1 470519 31685 1.5 17 12 4 13 53% 344 105394 219 182%
c s 40.49 32 17 25 79 11286 1 470519 31685 1.5 17 12 4 13 53% 344 105376 219 182%
c
c seconds   switched     rate          size/glue  tier1    binary        remaining
c        MB   reductions   conflicts         size   tier2     irredundant
c         level    restarts       redundant     glue    trail        variables
c
c B 40.53 32 17 25 79 11287 1 471464 31630 1.5 17 12 4 13 53% 344 105376 219 182%
c - 40.64 32 17 25 80 11287 1 473381 26634 1.5 17 12 4 13 53% 344 105376 219 182%
c ] 40.66 32 17 26 80 11287 1 473726 26954 1.5 17 12 4 13 53% 344 105376 219 182%
c { 40.66 32 13 26 80 11287 2 473726 26954 1.6 12 8 2 8 53% 344 105376 219 182%
c o 40.67 32 13 26 80 11296 2 473764 26990 1.6 12 8 2 8 53% 344 105376 219 182%
c i 40.99 32 13 26 80 11576 2 477562 30058 1.6 12 8 2 8 53% 353 105376 218 182%
c - 41.35 32 13 26 81 11866 2 482326 28336 1.6 12 8 2 8 53% 341 105376 218 182%
c i 41.72 32 13 26 81 12143 2 487213 32350 1.6 12 8 2 8 53% 345 105376 217 181%
c - 42.09 32 13 26 82 12415 2 491326 27730 1.6 12 8 2 8 53% 339 105376 217 181%
c i 42.69 32 13 26 82 12932 2 498265 33344 1.6 12 8 2 8 52% 352 105376 214 178%
c u 42.91 32 13 26 82 12957 2 499236 32454 1.6 12 8 2 8 52% 357 105376 213 178%
c v 43.05 32 13 26 82 12957 2 499236 32347 1.6 12 8 2 8 52% 358 105376 213 178%
c w 43.09 32 13 26 82 12957 2 499236 32304 1.6 12 8 2 8 52% 358 105376 213 178%
c t 43.10 32 13 26 82 12957 2 499236 32253 1.6 12 8 2 8 52% 354 105376 213 178%
c f 43.11 32 13 26 82 12957 2 499236 32253 1.6 12 8 2 8 52% 357 105305 216 180%
c u 43.25 32 13 26 82 12957 2 499236 32002 1.6 12 8 2 8 52% 360 105305 216 180%
c v 43.38 32 13 26 82 12957 2 499236 31949 1.6 12 8 2 8 52% 360 105305 216 180%
c w 43.44 32 13 26 82 12957 2 499236 31914 1.6 12 8 2 8 52% 360 105305 216 180%
c t 43.45 32 13 26 82 12957 2 499236 31914 1.6 12 8 2 8 52% 357 105305 216 180%
c i 43.45 32 13 26 82 12957 2 499236 31914 1.6 12 8 2 8 52% 357 105305 216 180%
c
c seconds   switched     rate          size/glue tier1   binary        remaining
c        MB   reductions   conflicts         size  tier2    irredundant
c         level    restarts       redundant    glue   trail        variables
c
c - 43.54 32 13 26 83 12986 2 500384 26834 1.6 12 8 2 8 52% 322 105305 216 180%
c i 43.70 32 13 26 83 13142 2 502654 28706 1.6 12 8 2 8 52% 323 105305 214 178%
c i 43.95 32 13 26 83 13327 2 506009 31558 1.6 12 8 2 8 52% 326 105305 213 178%
c - 44.17 32 12 26 84 13387 2 509496 27339 1.6 12 7 2 8 52% 309 105305 213 178%
c } 44.66 32 12 27 84 13809 2 515945 32674 1.6 12 8 2 8 52% 312 105304 213 178%
c [ 44.67 32 17 27 84 13809 1 515945 32674 1.5 17 12 4 13 53% 312 105304 213 178%
c - 44.79 32 17 27 85 13811 1 518665 29387 1.5 17 12 4 13 53% 312 105304 213 178%
c - 45.19 32 17 27 86 13815 1 527884 30446 1.5 17 11 4 13 52% 312 105304 213 178%
c W 45.26 32 17 27 86 13816 1 529048 31416 1.5 17 11 4 13 52% 312 105304 213 178%
c - 45.57 32 17 27 87 13822 1 537157 30192 1.5 17 11 4 13 52% 312 105304 213 178%
c - 45.94 32 17 27 88 13823 1 546484 30053 1.5 16 11 4 13 51% 312 105304 213 178%
c - 46.39 32 16 27 89 13829 1 555867 30410 1.5 16 11 4 12 51% 312 105304 213 178%
c u 46.96 32 16 27 89 13832 1 563643 35962 1.5 16 11 4 12 51% 323 105304 212 177%
c v 47.10 32 16 27 89 13832 1 563643 35039 1.5 16 11 4 12 51% 318 105304 212 177%
c w 47.16 32 16 27 89 13832 1 563643 33659 1.5 16 11 4 12 51% 318 105304 212 177%
c t 47.16 32 16 27 89 13832 1 563643 33615 1.5 16 11 4 12 51% 316 105304 212 177%
c f 47.17 32 16 27 89 13832 1 563643 33615 1.5 16 11 4 12 51% 319 105257 214 178%
c u 47.33 32 16 27 89 13832 1 563643 33311 1.5 16 11 4 12 51% 328 105257 214 178%
c v 47.48 32 16 27 89 13832 1 563643 32911 1.5 16 11 4 12 51% 328 105257 214 178%
c w 47.53 32 16 27 89 13832 1 563643 32764 1.5 16 11 4 12 51% 328 105257 214 178%
c
c seconds   switched     rate          size/glue  tier1    binary        remaining
c        MB   reductions   conflicts         size   tier2     irredundant
c         level    restarts       redundant     glue    trail        variables
c
c t 47.54 32 16 27 89 13832 1 563643 32764 1.5 16 11 4 12 51% 325 105257 214 178%
c i 47.54 32 16 27 89 13832 1 563643 32764 1.5 16 11 4 12 51% 325 105257 214 178%
c - 47.62 32 16 27 90 13833 1 565302 28123 1.5 16 11 4 12 51% 310 105257 214 178%
c - 48.09 32 16 27 91 13838 1 574788 29403 1.5 16 11 4 12 51% 310 105257 214 178%
c ] 48.30 32 16 28 91 13838 1 579823 33564 1.5 16 11 4 12 51% 311 105257 214 178%
c { 48.30 32 12 28 91 13838 2 579823 33564 1.6 12 8 2 8 52% 311 105257 214 178%
c o 48.31 32 12 28 91 13842 2 579846 33586 1.6 12 8 2 8 52% 311 105257 214 178%
c - 48.68 32 12 28 92 14162 2 584327 30592 1.6 12 8 2 8 52% 311 105257 214 178%
c i 49.42 32 12 28 92 14686 2 593490 38048 1.6 12 8 2 8 51% 318 105257 212 177%
c - 49.47 32 12 28 93 14731 2 593920 30870 1.6 12 8 2 8 51% 300 105257 212 177%
c i 49.53 32 12 28 93 14816 2 594554 31421 1.6 12 8 2 8 51% 300 105257 211 176%
c - 50.19 32 12 28 94 15127 2 603565 31767 1.6 12 7 2 8 51% 297 105257 211 176%
c - 50.92 32 12 28 95 15521 2 613260 33046 1.6 12 7 2 8 51% 300 105257 211 176%
c s 51.84 32 12 28 95 15995 2 621937 39866 1.6 12 7 2 8 50% 303 104688 211 176%
c e 51.84 32 12 28 95 15995 2 621937 39866 1.6 12 7 2 8 50% 268 104912 194 162%
c s 51.99 32 12 28 95 15995 2 621937 39866 1.6 12 7 2 8 50% 268 104846 194 162%
c e 52.00 32 12 28 95 15995 2 621937 39866 1.6 12 7 2 8 50% 260 104867 192 160%
c - 52.10 32 12 28 96 16036 2 623007 31467 1.6 12 7 2 8 50% 260 104867 192 160%
c } 52.41 32 12 29 96 16183 2 627964 35220 1.6 12 7 2 8 50% 261 104867 192 160%
c [ 52.41 32 16 29 96 16183 1 627964 35220 1.5 16 11 4 12 51% 261 104867 192 160%
c
c seconds   switched     rate          size/glue  tier1    binary        remaining
c        MB   reductions   conflicts         size   tier2     irredundant
c         level    restarts       redundant     glue    trail        variables
c
c I 52.41 32 16 29 96 16183 1 627964 35220 1.5 16 11 4 12 51% 261 104867 192 160%
c u 52.82 32 16 29 96 16186 1 632375 38318 1.5 16 11 4 12 51% 269 104867 191 159%
c v 53.00 32 16 29 96 16186 1 632375 37971 1.5 16 11 4 12 51% 269 104867 191 159%
c w 53.06 32 16 29 96 16186 1 632375 37764 1.5 16 11 4 12 51% 269 104867 191 159%
c t 53.07 32 16 29 96 16186 1 632375 37455 1.5 16 11 4 12 51% 268 104864 190 158%
c f 53.08 32 16 29 96 16186 1 632375 37455 1.5 16 11 4 12 51% 288 104716 197 164%
c u 53.28 32 16 29 96 16186 1 632375 36900 1.5 16 11 4 12 51% 290 104716 197 164%
c v 53.50 32 16 29 96 16186 1 632375 36712 1.5 16 11 4 12 51% 291 104716 197 164%
c w 53.57 32 16 29 96 16186 1 632375 36651 1.5 16 11 4 12 51% 291 104716 197 164%
c t 53.58 32 16 29 96 16186 1 632375 36651 1.5 16 11 4 12 51% 288 104716 197 164%
c i 53.58 32 16 29 96 16186 1 632375 36651 1.5 16 11 4 12 51% 288 104716 197 164%
c - 53.61 32 16 29 97 16186 1 632808 30558 1.5 16 11 4 12 51% 241 104716 197 164%
c - 54.02 32 15 29 98 16192 1 642659 31462 1.5 16 10 4 12 50% 243 104716 197 164%
c i 54.13 32 15 29 98 16193 1 645132 33311 1.5 15 10 4 12 50% 250 104716 196 163%
c - 54.53 32 15 29 99 16196 1 652559 24351 1.5 15 10 4 12 50% 239 104716 196 163%
c - 55.00 32 15 29 100 16199 1 662508 28394 1.5 15 10 4 12 50% 239 104716 196 163%
c - 55.49 32 15 29 101 16204 1 672508 31966 1.5 15 10 4 12 50% 239 104716 196 163%
c - 55.92 32 15 29 102 16211 1 682559 34064 1.5 15 10 4 12 49% 239 104716 196 163%
c i 56.12 32 15 29 102 16211 1 686303 36797 1.5 15 10 4 12 49% 249 104716 195 162%
c - 56.47 32 14 29 103 16212 1 692658 28314 1.5 15 10 4 12 49% 247 104716 195 162%
c
c seconds   switched      rate          size/glue  tier1    binary        remaining
c        MB   reductions    conflicts         size   tier2     irredundant
c         level     restarts       redundant     glue    trail        variables
c
c i 56.51 32 14 29 103 16212 1 693460 28835 1.5 15 10 4 12 49% 253 104716 193 161%
c o 56.51 32 14 29 103 16212 1 693460 28835 1.5 15 10 4 12 49% 253 104716 193 161%
c B 56.62 32 14 29 103 16213 1 695646 30684 1.5 15 10 4 12 49% 253 104716 193 161%
c i 56.81 32 14 29 103 16213 1 699697 33359 1.5 14 9 4 12 49% 264 104716 191 159%
c ] 56.84 32 14 30 103 16213 1 700068 33634 1.5 14 9 4 12 49% 264 104716 191 159%
c { 56.84 32 12 30 103 16213 2 700068 33634 1.6 12 7 2 8 50% 264 104716 191 159%
c i 56.87 32 12 30 103 16213 2 700551 33951 1.6 12 7 2 8 50% 272 104716 190 158%
c i 56.91 32 12 30 103 16213 2 701097 34329 1.6 12 7 2 8 50% 278 104716 189 158%
c i 56.92 32 12 30 103 16213 2 701253 34425 1.6 12 7 2 8 50% 283 104716 188 157%
c i 56.94 32 12 30 103 16213 2 701509 34649 1.6 12 7 2 8 50% 285 104716 187 156%
c i 56.94 32 12 30 103 16213 2 701539 34659 1.6 12 7 2 8 50% 290 104716 179 149%
c i 56.95 32 12 30 103 16213 2 701606 34701 1.6 12 7 2 8 50% 296 104716 117 98%
c } 56.95 32 12 30 103 16213 2 701608 34701 1.6 12 7 2 8 50% 296 104716 73 61%
c 0 56.95 32 12 30 103 16213 2 701608 34701 1.6 12 7 2 8 50% 296 104716 73 61%
c
c ---- [ result ] ------------------------------------------------------------
c
s UNSATISFIABLE
c
c ---- [ profiling ] ---------------------------------------------------------
c
c          41.85   73.49 %  search
c          21.91   38.47 %  focused
c          19.94   35.01 %  stable
c          11.88   20.86 %  simplify
c          11.47   20.13 %  probe
c           6.24   10.95 %  vivify
c           3.54    6.22 %  factor
c           3.48    6.11 %  eliminate
c           3.39    5.95 %  subsume
c           3.17    5.56 %  preprocess
c           1.13    1.98 %  sweep
c           0.49    0.86 %  substitute
c           0.29    0.51 %  reduce
c           0.10    0.17 %  walking
c           0.05    0.08 %  congruence
c           0.04    0.07 %  parse
c           0.02    0.03 %  transitive
c           0.01    0.02 %  lucky
c           0.00    0.00 %  backbone
c =============================================
c          56.95  100.00 %  total
c
c ---- [ statistics ] --------------------------------------------------------
c
c conflicts:                           701608            12320.41 per second
c decisions:                          1078103                1.54 per conflict
c eliminated:                             130              108 %  variables
c factored:                               243              202 %  variables
c iterations:                              32               27 %  variables
c propagations:                      25059372           440049    per second
c reductions:                             103             6812    interval
c reordered:                               12            58467    interval
c rephased:                                22            31891    interval
c restarts:                             16213               43    interval
c strengthened:                            23                0 %  checks
c subsumed:                              8015                0 %  checks
c switched:                                30            23387    interval
c vivified:                             25412               43 %  checks
c walks:                                    7           100230    interval
c
c ---- [ glue usage ] --------------------------------------------------------
c
c focused glue 2   used 215240 clauses 20.36% accumulated 55.90% tier1
c focused glue 3   used 112691 clauses 10.66% accumulated 66.56%
c focused glue 4-6 used 195194 clauses 18.47% accumulated 85.03%
c focused glue 7   used  45232 clauses  4.28% accumulated 89.31%
c focused glue 8   used  35304 clauses  3.34% accumulated 92.65% tier2
c
c stable glue 4    used 174503 clauses  8.88% accumulated 55.44% tier1
c stable glue 5    used 149331 clauses  7.60% accumulated 63.03%
c stable glue 6-10 used 456799 clauses 23.23% accumulated 86.27%
c stable glue 11   used  59359 clauses  3.02% accumulated 89.28%
c stable glue 12   used  50785 clauses  2.58% accumulated 91.87% tier2
c
c ---- [ resources ] ---------------------------------------------------------
c
c maximum-resident-set-size:         33775616 bytes         32 MB
c process-time:                            57s              56.95 seconds
c
c ---- [ shutting down ] -----------------------------------------------------
c
c exit 20
