c ---- [ banner ] ------------------------------------------------------------
c
c Kissat SAT Solver
c 
c Copyright (c) 2021-2024 Armin Biere University of Freiburg
c Copyright (c) 2019-2021 Armin Biere Johannes Kepler University Linz
c 
c Version 4.0.4 8af8e56f174b778aef3aa45af9f739b2a5f492c2
c gcc (Ubuntu 13.3.0-6ubuntu2~24.04.1) 13.3.0 -W -Wall -O3 -DNDEBUG
c Wed Apr 15 20:10:47 EEST 2026 Linux cluster-4 6.17.0-14-generic x86_64
c
c ---- [ parsing ] -----------------------------------------------------------
c
c opened and reading DIMACS file:
c
c   tmp.cnf
c
c parsed 'p cnf 91 11102' header
c closing input after reading 197439 bytes (193 KB)
c finished parsing after 0.00 seconds
c
c ---- [ solving ] -----------------------------------------------------------
c
c seconds switched rate     size/glue tier1 binary      remaining
c        MB reductions conflicts size  tier2   irredundant
c         level restarts redundant glue  trail      variables
c
c *  0.00  4 0 0 0  0 0   0   0 0.0 0 0 0 0 0%   0 11102 91 100%
c (  0.00  4 0 0 0  0 0   0   0 0.0 0 0 0 0 0%   0 11102 91 100%
c .  0.00  4 0 0 0  0 0   0   0 0.0 0 0 0 0 0%   0 11102 91 100%
c f  0.08  5 0 0 0  0 0   0   0 0.0 0 0 0 0 0% 336 1990 259 285%
c )  0.08  5 0 0 0  0 0   0   0 0.0 0 0 0 0 0% 336 1990 259 285%
c {  0.08  5 0 0 0  0 0   0   0 0.0 0 0 2 6 0% 336 1990 259 285%
c -  0.09  6 16 0 1 17 2 1001 647 1.9 16 9 6 11 61% 336 1990 259 285%
c }  0.09  6 16 1 1 17 2 1001 647 1.9 16 9 6 11 61% 336 1990 259 285%
c [  0.09  6 0 1 1 17 0 1001 647 0.0 0 0 2 6 0% 336 1990 259 285%
c B  0.09  6 0 1 1 17 0 1001 647 0.0 0 0 2 6 0% 336 1990 259 285%
c ]  0.10  6 35 2 1 17 1 1865 1460 1.5 18 12 8 16 65% 336 1990 259 285%
c {  0.10  6 16 2 1 17 2 1865 1460 1.9 16 9 6 11 61% 336 1990 259 285%
c -  0.10  6 16 2 2 27 2 2002 1528 1.9 17 9 6 11 62% 336 1990 259 285%
c }  0.11  6 14 3 2 27 1 2866 2354 2.2 18 8 6 11 64% 336 1990 259 285%
c [  0.11  6 35 3 2 27 1 2866 2354 1.5 18 12 8 16 65% 336 1990 259 285%
c W  0.11  5 35 3 2 27 1 2866 2354 1.5 18 12 8 16 65% 336 1990 259 285%
c -  0.12  5 29 3 3 27 1 3416 2623 1.5 18 12 7 16 64% 336 1990 259 285%
c ]  0.12  5 27 4 3 27 1 3637 2824 1.5 18 12 7 16 63% 336 1990 259 285%
c {  0.12  5 14 4 3 27 1 3637 2824 2.2 18 8 6 11 64% 336 1990 259 285%
c u  0.13  5 14 4 3 30 2 3699 2815 2.2 18 8 6 11 64% 336 1990 259 285%
c
c seconds  switched rate       size/glue tier1    binary      remaining
c        MB reductions conflicts     size  tier2    irredundant
c         level restarts  redundant    glue    trail      variables
c
c v  0.13  5 14 4 3 30 2 3699 2791 2.2 18 8 6 11 64% 336 1990 259 285%
c w  0.13  5 14 4 3 30 2 3699 2789 2.2 18 8 6 11 64% 336 1990 259 285%
c x  0.14  5 14 4 3 30 2 3699 2789 2.2 18 8 6 11 64% 336 1749 259 285%
c -  0.16  6 16 4 4 272 3 5149 3632 2.0 17 8 5 10 62% 336 1749 259 285%
c }  0.18  6 16 5 4 343 3 5989 4420 2.0 17 8 5 10 62% 336 1749 259 285%
c [  0.18  6 27 5 4 343 1 5989 4420 1.5 18 12 7 16 63% 336 1749 259 285%
c I  0.18  6 27 5 4 343 1 5989 4420 1.5 18 12 7 16 63% 336 1749 259 285%
c -  0.20  6 24 5 5 344 1 7149 4567 1.4 18 13 6 16 59% 336 1749 259 285%
c ]  0.22  6 23 6 5 345 1 8405 5681 1.4 18 13 6 16 59% 336 1749 259 285%
c {  0.22  6 16 6 5 345 3 8405 5681 2.0 17 8 5 10 62% 336 1749 259 285%
c -  0.24  6 15 6 6 408 3 9385 5365 1.9 16 8 5 10 61% 336 1749 259 285%
c o  0.25  6 15 6 6 432 2 10161 6063 1.9 16 8 5 10 61% 336 1749 259 285%
c u  0.30  6 15 6 6 552 2 11538 7178 1.9 15 8 5 10 60% 336 1749 259 285%
c v  0.30  6 15 6 6 552 2 11538 7175 1.9 15 8 5 10 60% 336 1749 259 285%
c w  0.30  6 15 6 6 552 2 11538 7170 1.9 15 8 5 10 60% 336 1749 259 285%
c x  0.31  6 15 6 6 552 2 11538 7168 1.9 15 8 5 10 60% 336 1568 259 285%
c -  0.34  7 15 6 7 552 2 11834 6050 1.9 15 8 4 9 60% 336 1568 259 285%
c }  0.35  7 15 7 7 588 2 12476 6593 1.9 15 8 4 9 59% 336 1568 259 285%
c [  0.35  7 23 7 7 588 1 12476 6593 1.4 18 13 6 16 59% 336 1568 259 285%
c B  0.35  7 23 7 7 588 1 12476 6593 1.4 18 13 6 16 59% 336 1568 259 285%
c
c seconds  switched  rate        size/glue  tier1    binary      remaining
c        MB reductions conflicts       size   tier2    irredundant
c         level restarts    redundant     glue    trail      variables
c
c -  0.39  7 21 7 8 589 1 14479 6598 1.4 18 13 5 15 59% 336 1568 259 285%
c -  0.44  8 20 7 9 591 1 17308 7268 1.4 18 13 5 15 59% 336 1568 259 285%
c ]  0.45  8 20 8 9 591 1 17480 7409 1.4 18 13 5 15 59% 336 1568 259 285%
c {  0.45  8 15 8 9 591 2 17480 7409 1.9 15 8 4 9 59% 336 1568 259 285%
c s  0.48  8 15 8 9 857 3 18490 8373 1.8 15 8 4 9 59% 336 1363 259 285%
c ^  0.48  8 15 8 9 857 3 18490 8373 1.8 15 8 4 9 59% 336 1363 259 285%
c o  0.53  8 16 8 9 1228 3 20168 9992 1.8 15 8 4 9 59% 336 1363 259 285%
c -  0.54  8 16 8 10 1263 3 20309 8378 1.8 15 8 4 9 59% 336 1363 259 285%
c -  0.65  7 17 8 11 1824 3 23471 9339 1.7 15 9 4 9 59% 336 1363 259 285%
c }  0.65  8 17 9 11 1869 4 23641 9504 1.7 15 9 4 9 59% 336 1363 259 285%
c [  0.65  8 20 9 11 1869 1 23641 9504 1.4 18 13 5 15 59% 336 1363 259 285%
c W  0.65  7 20 9 11 1869 1 23641 9504 1.4 18 13 5 15 59% 336 1363 259 285%
c u  0.67  7 20 9 11 1869 1 23905 9630 1.4 18 13 5 15 59% 336 1363 259 285%
c v  0.68  7 20 9 11 1869 1 23905 9610 1.4 18 13 5 15 59% 336 1363 259 285%
c w  0.68  8 20 9 11 1869 1 23905 9603 1.4 18 13 5 15 59% 336 1363 259 285%
c x  0.69  8 20 9 11 1869 1 23905 9602 1.4 18 13 5 15 59% 336 1338 259 285%
c -  0.75  8 19 9 12 1871 1 26787 9800 1.4 17 12 5 14 60% 336 1338 259 285%
c -  0.82  8 18 9 13 1874 1 30252 9847 1.4 17 12 5 13 60% 336 1338 259 285%
c O  0.83  8 18 9 13 1874 1 31169 10631 1.4 17 12 5 13 61% 336 1338 259 285%
c -  0.87  8 17 9 14 1875 1 33858 10206 1.5 17 12 5 13 61% 336 1338 259 285%
c
c seconds   switched    rate         size/glue  tier1    binary      remaining
c        MB   reductions  conflicts        size   tier2    irredundant
c         level    restarts     redundant     glue    trail      variables
c
c ]  0.90  8 17 10 14 1875 1 35755 11870 1.5 17 12 5 13 61% 336 1338 259 285%
c {  0.90  8 17 10 14 1875 4 35755 11870 1.7 15 9 4 9 59% 336 1338 259 285%
c -  0.96  8 16 10 15 2071 3 37599 10834 1.7 15 9 4 9 59% 336 1338 259 285%
c s  0.97  8 17 10 15 2144 3 38017 11221 1.7 15 9 4 9 59% 336 1333 259 285%
c e  0.97  8 17 10 15 2144 3 38017 11221 1.7 15 9 4 9 59% 312 1369 247 271%
c ^  0.97  8 17 10 15 2144 3 38017 11221 1.7 15 9 4 9 59% 312 1369 247 271%
c o  1.06  8 16 10 15 2491 3 40910 13361 1.7 15 9 4 9 60% 312 1369 247 271%
c u  1.09  8 17 10 15 2601 3 41331 13700 1.7 15 9 4 9 60% 312 1369 247 271%
c v  1.10  8 17 10 15 2601 3 41331 13687 1.7 15 9 4 9 60% 312 1369 247 271%
c w  1.10  8 17 10 15 2601 3 41331 13686 1.7 15 9 4 9 60% 312 1369 247 271%
c f  1.11  7 17 10 15 2601 3 41331 13686 1.7 15 9 4 9 60% 324 1339 253 278%
c u  1.13  8 17 10 15 2601 3 41331 13569 1.7 15 9 4 9 60% 324 1339 253 278%
c v  1.14  8 17 10 15 2601 3 41331 13559 1.7 15 9 4 9 60% 324 1339 253 278%
c w  1.15  8 17 10 15 2601 3 41331 13554 1.7 15 9 4 9 60% 324 1339 253 278%
c -  1.22  8 17 10 16 2631 3 41471 10645 1.7 15 9 3 9 60% 324 1339 253 278%
c }  1.30  8 16 11 16 2844 3 44383 13297 1.7 16 9 3 9 60% 324 1339 253 278%
c [  1.30  8 17 11 16 2844 1 44383 13297 1.5 17 12 5 13 61% 324 1339 253 278%
c B  1.30  8 17 11 16 2844 1 44383 13297 1.5 17 12 5 13 61% 324 1339 253 278%
c -  1.32  8 17 11 17 2845 1 45471 11393 1.5 17 12 5 13 61% 324 1339 253 278%
c -  1.41  8 16 11 18 2848 1 49595 11851 1.5 17 11 4 13 61% 324 1339 253 278%
c
c seconds   switched    rate         size/glue  tier1    binary      remaining
c        MB   reductions  conflicts        size   tier2    irredundant
c         level    restarts     redundant     glue    trail      variables
c
c -  1.50  8 16 11 19 2850 1 53837 11765 1.5 17 11 4 12 62% 324 1339 253 278%
c W  1.56  7 16 11 19 2850 1 56607 13944 1.5 17 11 4 12 62% 324 1339 253 278%
c ]  1.56  7 16 12 19 2851 1 56782 14080 1.5 17 11 4 12 62% 324 1339 253 278%
c {  1.56  7 16 12 19 2851 3 56782 14080 1.7 16 9 3 9 60% 324 1339 253 278%
c -  1.61  8 16 12 20 2979 3 58196 12111 1.7 15 9 3 9 60% 324 1339 253 278%
c -  1.78  8 16 12 21 3571 3 62668 12899 1.7 16 9 3 9 60% 324 1339 253 278%
c u  1.83  8 16 12 21 3670 3 63794 13679 1.7 16 9 3 9 60% 324 1339 253 278%
c v  1.84  8 16 12 21 3670 3 63794 13614 1.7 16 9 3 9 60% 324 1339 253 278%
c w  1.85  9 16 12 21 3670 3 63794 13612 1.7 16 9 3 9 60% 324 1339 253 278%
c x  1.86  9 16 12 21 3670 3 63794 13607 1.7 16 9 3 9 60% 324 1305 253 278%
c -  1.99  8 16 12 22 3979 3 67254 13028 1.7 16 9 3 9 60% 324 1305 253 278%
c }  2.02  8 16 13 22 4134 3 68263 13960 1.7 16 9 3 9 60% 324 1305 253 278%
c [  2.02  8 16 13 22 4134 1 68263 13960 1.5 17 11 4 12 62% 324 1305 253 278%
c I  2.11  8 16 13 22 4136 1 71513 16682 1.5 17 11 4 12 62% 324 1305 253 278%
c o  2.11  8 16 13 22 4136 1 71513 16682 1.5 17 11 4 12 62% 324 1305 253 278%
c -  2.12  8 16 13 23 4136 1 71945 13306 1.5 17 11 4 12 61% 324 1305 253 278%
c -  2.23  8 16 13 24 4140 1 76742 12645 1.5 17 11 4 12 61% 324 1305 253 278%
c s  2.32  8 16 13 24 4140 1 80432 15931 1.5 17 11 4 12 61% 324 1304 253 278%
c e  2.32  8 16 13 24 4140 1 80432 15931 1.5 17 11 4 12 61% 312 1322 247 271%
c ^  2.32  8 16 13 24 4140 1 80432 15931 1.5 17 11 4 12 61% 312 1322 247 271%
c
c seconds   switched    rate         size/glue  tier1    binary      remaining
c        MB   reductions  conflicts        size   tier2    irredundant
c         level    restarts     redundant     glue    trail      variables
c
c -  2.35  8 16 13 25 4142 1 81641 11753 1.5 17 11 4 12 61% 312 1322 247 271%
c ]  2.43  8 16 14 25 4144 1 85250 14851 1.5 17 12 4 12 61% 312 1322 247 271%
c {  2.43  8 16 14 25 4144 3 85250 14851 1.7 16 9 3 9 60% 312 1322 247 271%
c -  2.49  8 16 14 26 4361 3 86643 12401 1.7 16 9 3 9 60% 312 1322 247 271%
c u  2.66  9 16 14 26 4725 3 91533 16505 1.7 16 9 3 9 60% 312 1322 247 271%
c v  2.67  9 16 14 26 4725 3 91533 16427 1.7 16 9 3 9 60% 312 1322 247 271%
c w  2.68  9 16 14 26 4725 3 91533 16280 1.7 16 9 3 9 60% 312 1322 247 271%
c x  2.70  9 16 14 26 4725 3 91533 16280 1.7 16 9 3 9 60% 312 1321 247 271%
c -  2.71  8 16 14 27 4728 3 91742 13474 1.7 16 9 3 9 60% 312 1321 247 271%
c -  2.85  8 16 14 28 5005 3 96938 14606 1.6 15 9 3 9 61% 312 1321 247 271%
c }  2.93  8 16 15 28 5020 3 99970 17023 1.6 15 9 3 9 61% 312 1321 247 271%
c [  2.93  8 16 15 28 5020 1 99970 17023 1.5 17 12 4 12 61% 312 1321 247 271%
c B  2.93  8 16 15 28 5020 1 99970 17023 1.5 17 12 4 12 61% 312 1321 247 271%
c -  2.98  8 17 15 29 5022 1 102229 15218 1.5 17 12 4 12 61% 312 1321 247 271%
c -  3.10  8 16 15 30 5025 1 107614 15758 1.5 17 11 4 12 61% 312 1321 247 271%
c -  3.24  9 16 15 31 5027 1 113094 16412 1.5 17 11 4 12 61% 312 1321 247 271%
c ]  3.37  8 15 16 31 5031 1 118450 20684 1.5 17 11 4 12 61% 312 1321 247 271%
c {  3.37  8 16 16 31 5031 3 118450 20684 1.6 15 9 3 9 61% 312 1321 247 271%
c o  3.37  8 16 16 31 5036 3 118514 20737 1.6 15 9 3 9 61% 312 1321 247 271%
c -  3.38  9 16 16 32 5075 3 118661 17147 1.6 15 9 3 9 61% 312 1321 247 271%
c
c seconds   switched    rate          size/glue tier1   binary      remaining
c        MB   reductions  conflicts         size  tier2   irredundant
c         level    restarts      redundant    glue   trail      variables
c
c -  3.58  9 15 16 33 5326 3 124318 17473 1.6 15 9 3 9 61% 312 1321 247 271%
c u  3.62  9 15 16 33 5326 3 124647 17222 1.6 15 9 3 9 61% 312 1321 247 271%
c v  3.64  9 15 16 33 5326 3 124647 17041 1.6 15 9 3 9 61% 312 1321 247 271%
c w  3.65  9 15 16 33 5326 3 124647 16590 1.6 15 9 3 9 61% 312 1321 247 271%
c -  3.88  9 15 16 34 5866 3 130062 17257 1.6 15 9 3 9 61% 312 1321 247 271%
c -  4.17  9 15 16 35 6658 3 135892 17964 1.6 15 9 3 9 61% 312 1321 247 271%
c }  4.22  8 15 17 35 6765 3 136787 18792 1.6 15 9 3 9 61% 312 1321 247 271%
c [  4.22  8 15 17 35 6765 1 136787 18792 1.5 17 11 4 12 61% 312 1321 247 271%
c W  4.23  7 15 17 35 6765 1 136787 18792 1.5 17 11 4 12 61% 312 1321 247 271%
c -  4.36  9 15 17 36 6768 1 141809 17656 1.5 17 11 4 11 61% 312 1321 247 271%
c -  4.51  9 15 17 37 6771 1 147809 17855 1.5 16 11 4 11 62% 312 1321 247 271%
c s  4.54  9 15 17 37 6771 1 149092 18731 1.5 16 11 4 11 62% 312 1320 247 271%
c e  4.55  7 15 17 37 6771 1 149092 18731 1.5 16 11 4 11 62% 276 1416 229 252%
c ^  4.55  7 15 17 37 6771 1 149092 18731 1.5 16 11 4 11 62% 276 1416 229 252%
c -  4.65  9 15 17 38 6775 1 153892 15313 1.5 16 11 4 11 62% 276 1416 229 252%
c -  4.78  9 14 17 39 6778 1 160057 16469 1.5 16 10 3 11 62% 276 1416 229 252%
c O  4.80  8 14 17 39 6778 1 161014 17156 1.5 16 10 3 11 62% 276 1416 229 252%
c u  4.87  8 14 17 39 6779 1 163346 18358 1.5 16 10 3 11 63% 276 1416 229 252%
c v  4.91  8 14 17 39 6779 1 163346 16344 1.5 16 10 3 11 63% 276 1416 229 252%
c w  4.92  8 14 17 39 6779 1 163346 15861 1.5 16 10 3 11 63% 276 1416 229 252%
c
c seconds   switched    rate          size/glue  tier1    binary      remaining
c        MB   reductions  conflicts         size   tier2    irredundant
c         level    restarts      redundant     glue    trail      variables
c
c x  4.94  8 14 17 39 6779 1 163346 15856 1.5 16 10 3 11 63% 276 1379 229 252%
c -  5.21 11 14 17 40 6779 1 166303 14589 1.5 16 10 3 11 63% 276 1379 229 252%
c ]  5.33 11 14 18 40 6782 1 172152 19173 1.5 16 10 3 11 63% 277 1379 229 252%
c {  5.33 11 15 18 40 6782 3 172152 19173 1.6 15 9 3 9 61% 277 1379 229 252%
c -  5.34 11 15 18 41 6790 3 172628 16571 1.6 15 9 3 9 61% 277 1379 229 252%
c o  5.40 11 15 18 41 6792 3 175613 19195 1.6 15 9 3 9 62% 277 1379 229 252%
c -  5.48 11 15 18 42 6796 3 179033 18939 1.7 15 9 3 9 62% 277 1379 229 252%
c -  5.64 11 15 18 43 6806 2 185514 20377 1.7 15 9 3 9 63% 277 1379 229 252%
c -  5.81 11 14 18 44 6835 2 192071 21306 1.7 15 9 3 9 63% 277 1379 229 252%
c }  5.88 11 14 19 44 6856 2 194498 23629 1.7 15 9 3 9 63% 277 1379 229 252%
c [  5.88 11 14 19 44 6856 1 194498 23629 1.5 16 10 3 11 63% 277 1379 229 252%
c B  5.88 11 14 19 44 6856 1 194498 23629 1.5 16 10 3 11 63% 277 1379 229 252%
c -  5.99 11 14 19 45 6859 1 198704 21159 1.5 16 10 3 11 63% 277 1379 229 252%
c -  6.15 11 14 19 46 6862 1 205412 19963 1.5 15 10 3 11 63% 277 1379 229 252%
c u  6.23 11 14 19 46 6863 1 207643 21688 1.5 15 10 3 11 63% 277 1379 229 252%
c v  6.26 13 14 19 46 6863 1 207643 20992 1.5 15 10 3 11 63% 277 1379 229 252%
c w  6.27 13 14 19 46 6863 1 207643 20869 1.5 15 10 3 11 63% 277 1379 229 252%
c x  6.29 14 14 19 46 6863 1 207643 20869 1.5 15 10 3 11 63% 277 1378 229 252%
c -  6.41 13 14 19 47 6867 1 212195 19199 1.5 15 10 3 11 63% 277 1378 229 252%
c ]  6.52 13 14 20 47 6869 1 216251 22619 1.6 16 10 3 11 63% 277 1378 229 252%
c
c seconds   switched    rate          size/glue tier1   binary      remaining
c        MB   reductions  conflicts         size  tier2   irredundant
c         level    restarts      redundant    glue   trail      variables
c
c {  6.52 13 14 20 47 6869 2 216251 22619 1.7 15 9 3 9 63% 277 1378 229 252%
c -  6.64 13 14 20 48 7154 2 219050 20303 1.7 15 9 3 9 63% 277 1378 229 252%
c -  6.90 13 14 20 49 7581 2 225979 21075 1.7 15 9 3 9 62% 278 1378 229 252%
c -  7.19 13 14 20 50 8410 2 232981 21441 1.7 15 9 3 9 62% 278 1378 229 252%
c o  7.30 12 14 20 50 8615 2 235723 23843 1.7 15 9 3 9 62% 278 1378 229 252%
c -  7.47 12 14 20 51 8904 2 240053 21511 1.6 15 9 3 9 62% 278 1378 229 252%
c }  7.62 13 14 21 51 9364 2 242991 24251 1.6 15 9 3 9 62% 278 1378 229 252%
c [  7.62 13 14 21 51 9364 1 242991 24251 1.6 16 10 3 11 63% 278 1378 229 252%
c W  7.64 11 14 21 51 9364 1 242991 24251 1.6 16 10 3 11 63% 278 1378 229 252%
c e  7.72 11 14 21 51 9366 1 246059 26967 1.6 16 10 3 11 63% 242 1566 205 225%
c ^  7.72 11 14 21 51 9366 1 246059 26967 1.6 16 10 3 11 63% 242 1566 205 225%
c -  7.74 11 14 21 52 9367 1 247195 15767 1.6 16 10 3 11 63% 242 1566 205 225%
c -  7.90 11 14 21 53 9370 1 254406 16584 1.6 16 10 3 10 63% 242 1566 205 225%
c u  8.01 11 14 21 53 9373 1 257786 18930 1.6 15 10 3 10 63% 242 1566 205 225%
c v  8.06 13 14 21 53 9373 1 257786 18377 1.6 15 10 3 10 63% 242 1566 205 225%
c w  8.08 13 14 21 53 9373 1 257786 17720 1.6 15 10 3 10 63% 242 1566 205 225%
c -  8.17 12 14 21 54 9376 1 261686 17732 1.6 15 10 3 10 63% 242 1566 205 225%
c -  8.35 12 13 21 55 9378 1 269034 19190 1.6 15 10 3 10 63% 242 1566 205 225%
c -  8.53 13 13 21 56 9379 1 276451 20933 1.6 15 10 3 10 63% 243 1566 205 225%
c I  8.58 13 13 21 56 9381 1 278343 22570 1.6 15 10 3 10 63% 243 1566 205 225%
c
c seconds   switched    rate          size/glue  tier1    binary      remaining
c        MB   reductions  conflicts         size   tier2    irredundant
c         level    restarts      redundant     glue    trail      variables
c
c -  8.70 13 13 21 57 9384 1 283934 20567 1.6 15 10 3 10 63% 243 1566 205 225%
c ]  8.87 13 13 22 57 9388 1 290683 26261 1.6 15 10 3 10 63% 243 1566 205 225%
c {  8.87 13 14 22 57 9388 2 290683 26261 1.6 15 9 3 9 62% 243 1566 205 225%
c -  8.91 13 14 22 58 9457 2 291485 19054 1.6 15 9 3 9 62% 243 1566 205 225%
c -  9.25 13 14 22 59 10129 2 299102 19348 1.6 15 9 3 9 62% 243 1566 205 225%
c o  9.55 12 14 22 59 10717 2 305791 24529 1.6 15 9 3 9 62% 243 1566 205 225%
c -  9.62 13 14 22 60 10886 2 306783 20217 1.6 15 9 3 9 62% 243 1566 205 225%
c u  9.93 14 14 22 60 11213 2 313068 24726 1.6 15 9 3 9 62% 243 1566 205 225%
c v  9.97 14 14 22 60 11213 2 313068 24364 1.6 15 9 3 9 62% 243 1566 205 225%
c w  9.99 14 14 22 60 11213 2 313068 24202 1.6 15 9 3 9 62% 243 1566 205 225%
c x 10.02 14 14 22 60 11213 2 313068 24195 1.6 15 9 3 9 62% 243 1535 205 225%
c - 10.09 13 14 22 61 11306 2 314528 20691 1.6 15 9 3 9 62% 243 1535 205 225%
c } 10.47 12 14 23 61 11916 2 322199 26654 1.6 15 9 3 9 62% 243 1535 205 225%
c [ 10.47 12 13 23 61 11916 1 322199 26654 1.6 15 10 3 10 63% 243 1535 205 225%
c B 10.47 12 13 23 61 11916 1 322199 26654 1.6 15 10 3 10 63% 243 1535 205 225%
c - 10.48 13 13 23 62 11916 1 322339 21756 1.6 15 10 3 10 63% 243 1535 205 225%
c - 10.68 13 13 23 63 11921 1 330213 21997 1.5 15 10 3 10 63% 243 1535 205 225%
c - 10.89 13 13 23 64 11925 1 338150 21237 1.5 15 10 3 10 62% 243 1535 205 225%
c - 11.11 13 13 23 65 11929 1 346150 21454 1.5 15 10 3 10 62% 243 1535 205 225%
c - 11.33 13 13 23 66 11930 1 354214 22183 1.5 15 10 3 10 62% 243 1535 205 225%
c
c seconds   switched     rate          size/glue  tier1    binary      remaining
c        MB   reductions   conflicts         size   tier2    irredundant
c         level    restarts       redundant     glue    trail      variables
c
c - 11.54 12 13 23 67 11936 1 362338 22833 1.5 15 10 3 10 62% 244 1535 205 225%
c W 11.65 11 13 23 67 11937 1 365910 25731 1.5 15 10 3 10 62% 244 1535 205 225%
c - 11.77 11 13 23 68 11940 1 370524 22820 1.5 15 10 3 10 62% 244 1535 205 225%
c s 11.83 11 13 23 68 11942 1 372921 24710 1.5 15 10 3 10 62% 244 1532 205 225%
c e 11.84 11 13 23 68 11942 1 372921 24710 1.5 15 10 3 10 62% 210 1930 173 190%
c s 11.84 11 13 23 68 11942 1 372921 24710 1.5 15 10 3 10 62% 210 1929 173 190%
c ! 11.84 11 13 23 68 11942 1 372921 24710 1.5 15 10 3 10 62% 210 1929 173 190%
c u 11.91 11 13 23 68 11943 1 374516 18801 1.5 15 10 3 10 62% 210 1929 173 190%
c v 11.95 11 13 23 68 11943 1 374516 18333 1.5 15 10 3 10 62% 210 1929 173 190%
c w 11.97 11 13 23 68 11943 1 374516 18188 1.5 15 10 3 10 62% 210 1929 173 190%
c x 11.99 11 13 23 68 11943 1 374516 18179 1.5 15 10 3 10 62% 210 1914 173 190%
c - 12.10 10 13 23 69 11944 1 378770 16153 1.5 15 10 3 10 63% 210 1914 173 190%
c ] 12.19 11 13 24 69 11945 1 382925 19399 1.5 15 10 3 10 63% 210 1914 173 190%
c { 12.19 11 14 24 69 11945 2 382925 19399 1.6 15 9 3 9 62% 210 1914 173 190%
c o 12.26 11 14 24 69 11994 2 386148 21927 1.6 15 9 3 9 62% 210 1914 173 190%
c - 12.29 11 14 24 70 12016 2 387077 18810 1.6 14 9 3 9 62% 210 1914 173 190%
c - 12.54 11 14 24 71 12328 2 395443 21397 1.6 14 9 3 9 62% 210 1914 173 190%
c - 12.76 11 13 24 72 12484 2 403869 22865 1.6 14 9 3 9 63% 212 1914 173 190%
c i 12.93 11 13 24 72 12491 2 410603 27906 1.6 14 9 3 9 63% 221 1914 172 189%
c - 12.98 11 13 24 73 12517 2 412355 15434 1.6 14 9 3 9 63% 207 1914 172 189%
c
c seconds   switched     rate          size/glue tier1   binary      remaining
c        MB   reductions   conflicts         size  tier2   irredundant
c         level    restarts       redundant    glue   trail      variables
c
c } 13.16 11 13 25 73 12649 2 419603 21118 1.6 14 9 3 9 63% 207 1914 172 189%
c [ 13.16 11 13 25 73 12649 1 419603 21118 1.5 15 10 3 10 63% 207 1914 172 189%
c O 13.16 11 13 25 73 12649 1 419603 21118 1.5 15 10 3 10 63% 207 1914 172 189%
c - 13.19 11 13 25 74 12650 1 420900 18431 1.5 15 10 3 10 63% 207 1914 172 189%
c - 13.39 11 13 25 75 12655 1 429502 22030 1.5 15 10 3 10 63% 208 1914 172 189%
c - 13.60 11 13 25 76 12661 1 438164 23684 1.5 15 10 3 10 63% 208 1914 172 189%
c u 13.68 13 13 25 76 12661 1 440065 24484 1.5 15 10 3 10 63% 208 1862 172 189%
c v 13.73 14 13 25 76 12661 1 440065 19833 1.5 15 10 3 10 63% 208 1862 172 189%
c w 13.75 14 13 25 76 12661 1 440065 18839 1.5 15 10 3 10 63% 208 1862 172 189%
c x 13.77 14 13 25 76 12661 1 440065 18838 1.5 15 10 3 10 63% 208 1786 172 189%
c - 14.20 13 13 25 77 12663 1 446881 19334 1.5 14 9 3 10 64% 212 1786 172 189%
c i 14.21 12 13 25 77 12663 1 447072 19420 1.5 14 9 3 10 64% 219 1786 171 188%
c - 14.41 12 12 25 78 12666 1 455656 17655 1.5 14 9 3 10 64% 206 1786 171 188%
c ] 14.55 12 12 26 78 12670 1 461559 21970 1.5 14 9 3 10 64% 208 1786 171 188%
c { 14.55 12 13 26 78 12670 2 461559 21970 1.6 14 9 3 9 63% 208 1786 171 188%
c i 14.61 13 13 26 78 12675 2 463854 23442 1.6 14 9 3 9 63% 218 1786 165 181%
c - 14.63 12 13 26 79 12676 2 464487 9856 1.6 14 9 2 9 63% 199 1786 165 181%
c i 14.68 12 13 26 79 12676 2 467687 12124 1.6 14 9 2 8 63% 209 1786 161 177%
c i 14.71 12 12 26 79 12680 2 468969 13092 1.6 13 9 2 8 64% 212 1786 159 175%
c i 14.71 12 12 26 79 12680 2 469227 13275 1.6 13 9 2 8 64% 219 1786 158 174%
c
c seconds   switched     rate          size/glue tier1   binary      remaining
c        MB   reductions   conflicts         size  tier2   irredundant
c         level    restarts       redundant    glue   trail      variables
c
c i 14.71 12 12 26 79 12680 2 469275 13301 1.6 13 9 2 8 64% 221 1786 153 168%
c i 14.72 12 12 26 79 12680 2 469317 13325 1.6 13 9 2 8 64% 227 1786 151 166%
c i 14.72 12 12 26 79 12680 2 469327 13328 1.6 13 9 2 8 64% 229 1786 136 149%
c i 14.72 12 12 26 79 12680 2 469335 13329 1.6 13 9 2 8 64% 231 1786 133 146%
c i 14.72 12 12 26 79 12680 2 469347 13330 1.6 13 9 2 8 64% 235 1786 130 143%
c i 14.72 12 12 26 79 12680 2 469359 13334 1.6 13 9 2 8 64% 239 1786 125 137%
c } 14.72 12 12 26 79 12680 2 469363 13334 1.6 13 9 2 8 64% 241 1786 114 125%
c 0 14.72 12 12 26 79 12680 2 469363 13334 1.6 13 9 2 8 64% 241 1786 114 125%
c
c ---- [ result ] ------------------------------------------------------------
c
s UNSATISFIABLE
c
c ---- [ profiling ] ---------------------------------------------------------
c
c          13.03   88.56 %  search
c           6.52   44.29 %  focused
c           6.52   44.27 %  stable
c           1.61   10.97 %  probe
c           1.61   10.91 %  simplify
c           0.93    6.32 %  vivify
c           0.57    3.86 %  sweep
c           0.14    0.96 %  reduce
c           0.07    0.51 %  preprocess
c           0.07    0.49 %  factor
c           0.05    0.35 %  walking
c           0.04    0.27 %  substitute
c           0.01    0.10 %  eliminate
c           0.00    0.02 %  congruence
c           0.00    0.02 %  parse
c           0.00    0.02 %  subsume
c           0.00    0.01 %  transitive
c           0.00    0.00 %  lucky
c           0.00    0.00 %  backbone
c =============================================
c          14.72  100.00 %  total
c
c ---- [ statistics ] --------------------------------------------------------
c
c conflicts:                           469363            31892.47 per second
c decisions:                           718851                1.53 per conflict
c eliminated:                              92              101 %  variables
c factored:                               174              191 %  variables
c iterations:                              13               14 %  variables
c propagations:                      26310377          1787748    per second
c reductions:                              79             5941    interval
c reordered:                                9            52151    interval
c rephased:                                18            26076    interval
c restarts:                             12680               37    interval
c strengthened:                             2                0 %  checks
c subsumed:                               216                0 %  checks
c switched:                                26            18052    interval
c vivified:                             23809               66 %  checks
c walks:                                    6            78227    interval
c
c ---- [ glue usage ] --------------------------------------------------------
c
c focused glue 2   used 240126 clauses 25.78% accumulated 50.45% tier1
c focused glue 3   used 133028 clauses 14.28% accumulated 64.73%
c focused glue 4-6 used 165012 clauses 17.72% accumulated 82.44%
c focused glue 7   used  37573 clauses  4.03% accumulated 86.48%
c focused glue 8   used  34252 clauses  3.68% accumulated 90.16% tier2
c
c stable glue 3   used 201490 clauses 13.76% accumulated 58.21% tier1
c stable glue 4   used 127207 clauses  8.69% accumulated 66.90%
c stable glue 5-8 used 273284 clauses 18.67% accumulated 85.56%
c stable glue 9   used  51998 clauses  3.55% accumulated 89.11%
c stable glue 10  used  44290 clauses  3.03% accumulated 92.14% tier2
c
c ---- [ resources ] ---------------------------------------------------------
c
c maximum-resident-set-size:         16375808 bytes         16 MB
c process-time:                            15s              14.72 seconds
c
c ---- [ shutting down ] -----------------------------------------------------
c
c exit 20
