c ---- [ banner ] ------------------------------------------------------------
c
c Kissat SAT Solver
c 
c Copyright (c) 2021-2024 Armin Biere University of Freiburg
c Copyright (c) 2019-2021 Armin Biere Johannes Kepler University Linz
c 
c Version 4.0.4 8af8e56f174b778aef3aa45af9f739b2a5f492c2
c gcc (Ubuntu 13.3.0-6ubuntu2~24.04.1) 13.3.0 -W -Wall -O3 -DNDEBUG
c Wed Apr 15 20:10:47 EEST 2026 Linux cluster-4 6.17.0-14-generic x86_64
c
c ---- [ parsing ] -----------------------------------------------------------
c
c opened and reading DIMACS file:
c
c   tmp.cnf
c
c parsed 'p cnf 105 75075' header
c closing input after reading 1672356 bytes (2 MB)
c finished parsing after 0.02 seconds
c
c ---- [ solving ] -----------------------------------------------------------
c
c seconds switched rate     size/glue tier1 binary       remaining
c        MB reductions conflicts size  tier2   irredundant
c         level restarts redundant glue  trail       variables
c
c *  0.02  8 0 0 0  0 0   0   0 0.0 0 0 0 0 0%   0 75075 105 100%
c (  0.03 10 0 0 0  0 0   0   0 0.0 0 0 0 0 0%   0 75075 105 100%
c .  0.03 10 0 0 0  0 0   0   0 0.0 0 0 0 0 0%   0 75075 105 100%
c f  0.86 12 0 0 0  0 0   0   0 0.0 0 0 0 0 0% 517 47623 332 316%
c )  0.87 12 0 0 0  0 0   0   0 0.0 0 0 0 0 0% 517 47623 332 316%
c {  0.87 12 0 0 0  0 0   0   0 0.0 0 0 2 6 0% 517 47623 332 316%
c -  0.89 13 16 0 1  7 1 1002 570 1.4 13 9 6 12 50% 517 47623 332 316%
c }  0.89 13 16 1 1  7 1 1002 570 1.4 13 9 6 12 50% 517 47623 332 316%
c [  0.89 13 0 1 1  7 0 1002 570 0.0 0 0 2 6 0% 517 47623 332 316%
c B  0.89 13 0 1 1  7 0 1002 570 0.0 0 0 2 6 0% 517 47623 332 316%
c ]  0.91 13 23 2 1  7 1 1984 1480 1.4 17 12 7 16 55% 517 47623 332 316%
c {  0.91 13 16 2 1  7 1 1984 1480 1.4 13 9 6 12 50% 517 47623 332 316%
c -  0.91 13 16 2 2  7 1 2004 1422 1.4 13 9 6 12 50% 517 47623 332 316%
c u  0.94 13 16 2 2 30 2 2547 1918 1.5 14 9 6 12 52% 517 47623 332 316%
c v  0.94 13 16 2 2 30 2 2547 1917 1.5 14 9 6 12 52% 517 47623 332 316%
c w  0.94 13 16 2 2 30 2 2547 1916 1.5 14 9 6 12 52% 517 47623 332 316%
c x  0.95 13 16 2 2 30 2 2547 1916 1.5 14 9 6 12 52% 517 47572 332 316%
c f  0.95 13 16 2 2 30 2 2547 1916 1.5 14 9 6 12 52% 539 47446 343 327%
c u  0.97 13 16 2 2 30 2 2547 1912 1.5 14 9 6 12 52% 539 47446 343 327%
c v  0.97 13 16 2 2 30 2 2547 1875 1.5 14 9 6 12 52% 539 47446 343 327%
c
c seconds  switched rate       size/glue tier1    binary       remaining
c        MB reductions conflicts     size  tier2     irredundant
c         level restarts  redundant    glue    trail       variables
c
c w  0.97 13 16 2 2 30 2 2547 1875 1.5 14 9 6 12 52% 539 47446 343 327%
c x  0.97 13 16 2 2 30 2 2547 1875 1.5 14 9 6 12 52% 539 47388 343 327%
c f  1.00 13 16 2 2 30 2 2547 1875 1.5 14 9 6 12 52% 567 47262 356 339%
c }  1.01 13 17 3 2 55 2 2984 2265 1.5 14 9 6 12 53% 567 47262 356 339%
c [  1.01 13 23 3 2 55 1 2984 2265 1.4 17 12 7 16 55% 567 47262 356 339%
c W  1.02 13 23 3 2 55 1 2984 2265 1.4 17 12 7 16 55% 567 47262 356 339%
c -  1.03 13 22 3 3 55 1 3419 2455 1.4 17 12 7 16 54% 567 47262 356 339%
c ]  1.04 13 21 4 3 56 1 4273 3233 1.4 17 12 7 16 55% 567 47262 356 339%
c {  1.04 13 17 4 3 56 2 4273 3233 1.5 14 9 6 12 53% 567 47262 356 339%
c -  1.07 13 17 4 4 89 2 5153 3538 1.5 14 9 6 12 54% 568 47262 356 339%
c }  1.11 13 16 5 4 110 2 6626 4893 1.6 14 9 6 12 55% 568 47262 356 339%
c [  1.11 13 21 5 4 110 1 6626 4893 1.4 17 12 7 16 55% 568 47262 356 339%
c I  1.11 13 21 5 4 110 1 6626 4893 1.4 17 12 7 16 55% 568 47262 356 339%
c -  1.12 13 20 5 5 110 1 7154 4651 1.4 17 12 7 16 55% 568 47262 356 339%
c u  1.14 13 19 5 5 111 1 7844 5270 1.4 16 11 7 16 55% 568 47262 356 339%
c v  1.15 13 19 5 5 111 1 7844 5261 1.4 16 11 7 16 55% 568 47262 356 339%
c w  1.15 13 19 5 5 111 1 7844 5261 1.4 16 11 7 16 55% 568 47262 356 339%
c f  1.17 13 19 5 5 111 1 7844 5261 1.4 16 11 7 16 55% 601 47127 370 352%
c u  1.18 13 19 5 5 111 1 7844 5248 1.4 16 11 7 16 55% 601 47127 370 352%
c v  1.18 13 19 5 5 111 1 7844 5244 1.4 16 11 7 16 55% 601 47127 370 352%
c
c seconds  switched  rate       size/glue  tier1    binary       remaining
c        MB reductions conflicts      size   tier2     irredundant
c         level restarts   redundant     glue    trail       variables
c
c w  1.19 13 19 5 5 111 1 7844 5242 1.4 16 11 7 16 55% 601 47127 370 352%
c f  1.20 13 19 5 5 111 1 7844 5242 1.4 16 11 7 16 55% 666 46962 399 380%
c -  1.23 13 17 5 6 112 1 9390 5532 1.5 15 11 6 14 56% 666 46962 399 380%
c ]  1.23 13 17 6 6 112 1 9496 5612 1.5 15 11 6 14 56% 666 46962 399 380%
c {  1.23 13 16 6 6 112 2 9496 5612 1.6 14 9 6 12 55% 666 46962 399 380%
c -  1.31 13 14 6 7 112 2 11840 6372 1.6 13 8 5 10 55% 671 46962 399 380%
c s  1.36 13 13 6 7 112 2 12726 7110 1.6 13 8 5 10 55% 671 46047 399 380%
c e  1.36 13 13 6 7 112 2 12726 7110 1.6 13 8 5 10 55% 510 46174 323 308%
c ^  1.39 13 13 6 7 112 2 12726 7110 1.6 13 8 5 10 55% 510 46174 323 308%
c o  1.39 13 13 6 7 112 2 12726 6826 1.6 13 8 5 10 55% 510 46174 323 308%
c }  1.42 13 13 7 7 114 2 13568 7628 1.7 13 8 5 10 55% 515 46174 323 308%
c [  1.42 13 17 7 7 114 1 13568 7628 1.5 15 11 6 14 56% 515 46174 323 308%
c B  1.42 13 17 7 7 114 1 13568 7628 1.5 15 11 6 14 56% 515 46174 323 308%
c -  1.46 13 16 7 8 114 1 14485 7085 1.5 15 10 5 13 56% 515 46174 323 308%
c u  1.51 13 15 7 8 116 1 16070 8333 1.5 14 10 5 13 56% 515 46174 323 308%
c v  1.52 13 15 7 8 116 1 16070 8325 1.5 14 10 5 13 56% 515 46174 323 308%
c w  1.52 13 15 7 8 116 1 16070 8208 1.5 14 10 5 13 56% 515 46174 323 308%
c f  1.58 13 15 7 8 116 1 16070 8208 1.5 14 10 5 13 56% 528 46141 331 315%
c u  1.59 13 15 7 8 116 1 16070 8187 1.5 14 10 5 13 56% 528 46141 331 315%
c v  1.60 13 15 7 8 116 1 16070 7954 1.5 14 10 5 13 56% 528 46141 331 315%
c
c seconds  switched  rate        size/glue  tier1    binary       remaining
c        MB reductions conflicts       size   tier2     irredundant
c         level restarts    redundant     glue    trail       variables
c
c w  1.60 13 15 7 8 116 1 16070 7915 1.5 14 10 5 13 56% 528 46141 331 315%
c -  1.64 13 16 7 9 116 1 17313 7611 1.5 14 10 5 12 56% 528 46141 331 315%
c ]  1.67 13 15 8 9 118 1 18788 9006 1.5 14 10 5 12 56% 528 46141 331 315%
c {  1.67 13 13 8 9 118 2 18788 9006 1.7 13 8 5 10 55% 528 46141 331 315%
c -  1.73 13 13 8 10 228 2 20314 8359 1.7 13 8 4 9 55% 529 46141 331 315%
c o  1.82 13 14 8 10 454 2 22746 10570 1.7 13 8 4 9 55% 533 46141 331 315%
c -  1.85 13 14 8 11 500 2 23476 9432 1.7 13 8 4 9 55% 533 46141 331 315%
c }  1.90 13 14 9 11 582 2 24949 10748 1.7 13 8 4 9 55% 535 46141 331 315%
c [  1.90 13 15 9 11 582 1 24949 10748 1.5 14 10 5 12 56% 535 46141 331 315%
c W  1.90 13 15 9 11 582 1 24949 10748 1.5 14 10 5 12 56% 535 46141 331 315%
c e  1.94 13 16 9 11 582 1 25472 11241 1.5 15 10 5 12 56% 449 46265 287 273%
c ^  1.97 13 16 9 11 582 1 25472 11241 1.5 15 10 5 12 56% 449 46265 287 273%
c -  2.01 13 16 9 12 583 1 26794 9349 1.5 15 10 5 12 56% 450 46265 287 273%
c u  2.04 13 16 9 12 584 1 27417 9882 1.5 15 10 5 12 56% 450 46265 287 273%
c v  2.05 13 16 9 12 584 1 27417 9835 1.5 15 10 5 12 56% 450 46265 287 273%
c w  2.06 13 16 9 12 584 1 27417 9779 1.5 15 10 5 12 56% 450 46265 287 273%
c f  2.07 13 16 9 12 584 1 27417 9779 1.5 15 10 5 12 56% 473 46204 298 284%
c u  2.08 13 16 9 12 584 1 27417 9771 1.5 15 10 5 12 56% 473 46204 298 284%
c v  2.09 13 16 9 12 584 1 27417 9767 1.5 15 10 5 12 56% 473 46204 298 284%
c w  2.09 13 16 9 12 584 1 27417 9760 1.5 15 10 5 12 56% 473 46204 298 284%
c
c seconds  switched   rate        size/glue  tier1    binary       remaining
c        MB  reductions conflicts       size   tier2     irredundant
c         level  restarts    redundant     glue    trail       variables
c
c -  2.20 14 15 9 13 586 1 30258 9793 1.5 14 10 5 11 55% 473 46204 298 284%
c O  2.26 14 15 9 13 587 1 32478 11509 1.5 14 9 5 11 56% 474 46204 298 284%
c ]  2.26 14 15 10 13 587 1 32479 11510 1.5 14 9 5 11 56% 474 46204 298 284%
c {  2.26 14 14 10 13 587 2 32479 11510 1.7 13 8 4 9 55% 474 46204 298 284%
c -  2.31 14 13 10 14 658 2 33863 10747 1.7 13 8 4 9 55% 478 46204 298 284%
c -  2.45 14 13 10 15 853 2 37607 11919 1.7 13 7 4 9 55% 483 46204 298 284%
c }  2.59 14 13 11 15 1063 2 41106 15013 1.7 12 7 4 9 55% 486 46204 298 284%
c [  2.59 14 15 11 15 1063 1 41106 15013 1.5 14 9 5 11 56% 486 46204 298 284%
c -  2.61 14 15 11 16 1063 1 41480 12961 1.5 14 9 4 11 55% 486 46204 298 284%
c u  2.64 14 15 11 16 1063 1 42025 13383 1.5 14 9 4 11 55% 486 46204 298 284%
c v  2.66 14 15 11 16 1063 1 42025 13355 1.5 14 9 4 11 55% 486 46204 298 284%
c w  2.67 14 15 11 16 1063 1 42025 13292 1.5 14 9 4 11 55% 486 46204 298 284%
c t  2.68 14 15 11 16 1063 1 42025 13292 1.5 14 9 4 11 55% 483 46204 298 284%
c B  2.69 14 15 11 16 1064 1 42239 13456 1.5 14 9 4 11 55% 483 46204 298 284%
c o  2.71 14 15 11 16 1065 1 43185 14327 1.5 14 10 4 11 55% 484 46204 298 284%
c -  2.79 14 15 11 17 1066 1 45480 13393 1.5 14 10 4 11 55% 484 46204 298 284%
c -  2.91 14 15 11 18 1069 1 49603 13952 1.5 14 10 4 11 55% 484 46204 298 284%
c ]  2.97 14 15 12 18 1069 1 51672 15785 1.5 14 10 4 11 55% 484 46204 298 284%
c {  2.97 14 13 12 18 1069 2 51672 15785 1.7 12 7 4 9 55% 484 46204 298 284%
c s  3.10 14 13 12 18 1139 2 53105 16962 1.7 12 7 4 9 55% 486 46200 298 284%
c
c seconds   switched    rate         size/glue tier1   binary       remaining
c        MB   reductions  conflicts        size  tier2    irredundant
c         level    restarts     redundant    glue   trail       variables
c
c e  3.10 14 13 12 18 1139 2 53105 16962 1.7 12 7 4 9 55% 452 46268 275 262%
c ^  3.17 14 13 12 18 1139 2 53105 16962 1.7 12 7 4 9 55% 452 46268 275 262%
c -  3.20 14 13 12 19 1151 2 53845 14402 1.7 12 7 4 9 55% 452 46268 275 262%
c -  3.38 14 13 12 20 1407 2 58203 14171 1.7 12 7 3 8 55% 457 46268 275 262%
c u  3.47 19 13 12 20 1564 2 60001 15673 1.6 12 7 3 8 54% 459 46268 275 262%
c v  3.50 19 13 12 20 1564 2 60001 15536 1.6 12 7 3 8 54% 459 46268 275 262%
c w  3.51 19 13 12 20 1564 2 60001 15445 1.6 12 7 3 8 54% 459 46268 275 262%
c t  3.51 19 13 12 20 1564 2 60001 15445 1.6 12 7 3 8 54% 458 46268 275 262%
c f  3.51 14 13 12 20 1564 2 60001 15445 1.6 12 7 3 8 54% 460 46261 276 263%
c u  3.54 18 13 12 20 1564 2 60001 15425 1.6 12 7 3 8 54% 460 46261 276 263%
c v  3.56 18 13 12 20 1564 2 60001 15379 1.6 12 7 3 8 54% 460 46261 276 263%
c w  3.57 18 13 12 20 1564 2 60001 15376 1.6 12 7 3 8 54% 460 46261 276 263%
c -  3.67 18 13 12 21 1659 2 62677 14325 1.6 12 7 3 8 54% 466 46261 276 263%
c }  3.69 18 13 13 21 1699 2 63152 14741 1.6 12 7 3 8 54% 466 46261 276 263%
c [  3.69 18 15 13 21 1699 1 63152 14741 1.5 14 10 4 11 55% 466 46261 276 263%
c W  3.70 14 15 13 21 1699 1 63152 14741 1.5 14 10 4 11 55% 466 46261 276 263%
c -  3.82 14 15 13 22 1701 1 67259 14356 1.5 15 10 4 11 55% 466 46261 276 263%
c -  3.98 14 16 13 23 1705 1 71952 14015 1.5 15 10 4 11 55% 467 46261 276 263%
c -  4.14 14 15 13 24 1707 1 76748 14509 1.5 15 10 4 11 55% 467 46261 276 263%
c ]  4.14 14 15 14 24 1707 1 76879 14602 1.5 15 10 4 11 55% 467 46261 276 263%
c
c seconds   switched    rate         size/glue tier1   binary       remaining
c        MB   reductions  conflicts        size  tier2    irredundant
c         level    restarts     redundant    glue   trail       variables
c
c {  4.14 14 13 14 24 1707 2 76879 14602 1.6 12 7 3 8 54% 467 46261 276 263%
c o  4.14 14 13 14 24 1716 2 76915 14635 1.6 12 7 3 8 54% 467 46261 276 263%
c i  4.24 14 13 14 24 1871 2 79452 16757 1.6 12 7 3 8 54% 471 46261 275 262%
c u  4.34 19 13 14 24 1931 2 81466 18398 1.6 12 7 3 8 54% 471 46261 275 262%
c v  4.36 19 13 14 24 1931 2 81466 18302 1.6 12 7 3 8 54% 471 46261 275 262%
c w  4.37 19 13 14 24 1931 2 81466 18037 1.6 12 7 3 8 54% 471 46261 275 262%
c -  4.40 18 13 14 25 1971 2 81648 15454 1.6 12 7 3 8 54% 461 46261 275 262%
c -  4.60 18 12 14 26 2158 2 86650 16916 1.6 12 7 3 8 54% 467 46261 275 262%
c }  4.79 18 12 15 26 2366 2 91594 21177 1.6 12 7 3 8 54% 471 46261 275 262%
c [  4.80 18 15 15 26 2366 1 91594 21177 1.5 15 10 4 11 55% 471 46261 275 262%
c I  4.80 18 15 15 26 2366 1 91594 21177 1.5 15 10 4 11 55% 471 46261 275 262%
c -  4.80 18 15 15 27 2366 1 91749 18016 1.5 15 10 4 11 55% 471 46261 275 262%
c -  4.94 19 16 15 28 2370 1 96945 17861 1.5 15 10 4 11 54% 471 46261 275 262%
c s  5.05 17 16 15 28 2370 1 97612 18466 1.5 15 10 4 11 54% 471 46179 275 262%
c e  5.06 18 16 15 28 2370 1 97612 18466 1.5 15 10 4 11 54% 400 46339 243 231%
c s  5.14 18 16 15 28 2370 1 97612 18466 1.5 15 10 4 11 54% 400 46319 243 231%
c ^  5.15 18 16 15 28 2370 1 97612 18466 1.5 15 10 4 11 54% 400 46319 243 231%
c -  5.28 18 16 15 29 2372 1 102236 16529 1.5 15 10 4 12 54% 400 46319 243 231%
c u  5.47 19 16 15 29 2375 1 106552 20301 1.5 15 10 4 12 54% 400 46319 243 231%
c v  5.51 19 16 15 29 2375 1 106552 20266 1.5 15 10 4 12 54% 400 46319 243 231%
c
c seconds   switched    rate          size/glue  tier1    binary       remaining
c        MB   reductions  conflicts         size   tier2     irredundant
c         level    restarts      redundant     glue    trail       variables
c
c w  5.52 19 16 15 29 2375 1 106552 20178 1.5 15 10 4 12 54% 400 46319 243 231%
c -  5.56 18 16 15 30 2375 1 107621 17310 1.5 15 11 4 12 54% 400 46319 243 231%
c B  5.62 18 16 15 30 2377 1 109396 18890 1.5 15 10 4 12 54% 400 46319 243 231%
c ]  5.67 18 16 16 30 2378 1 111195 20381 1.5 15 11 4 12 54% 400 46319 243 231%
c {  5.67 18 12 16 30 2378 2 111195 20381 1.6 12 7 3 8 54% 400 46319 243 231%
c -  5.75 17 12 16 31 2440 2 113098 18601 1.6 12 7 3 8 54% 400 46319 243 231%
c o  5.95 18 12 16 31 2665 2 117704 22290 1.6 12 7 3 8 54% 401 46319 243 231%
c -  5.99 18 12 16 32 2772 2 118667 19949 1.6 12 7 3 8 54% 402 46319 243 231%
c -  6.26 18 12 16 33 3029 2 124326 20830 1.6 12 7 3 8 54% 405 46319 243 231%
c }  6.47 18 12 17 33 3226 2 129533 25030 1.6 12 7 3 8 54% 408 46319 243 231%
c [  6.47 18 16 17 33 3226 1 129533 25030 1.5 15 11 4 12 54% 408 46319 243 231%
c -  6.50 18 16 17 34 3226 1 130070 21687 1.5 15 11 4 12 54% 409 46319 243 231%
c W  6.51 14 16 17 34 3226 1 130307 21897 1.5 15 10 4 12 54% 409 46319 243 231%
c u  6.73 14 16 17 34 3230 1 135332 26275 1.5 15 10 4 12 54% 410 46319 243 231%
c v  6.77 14 16 17 34 3230 1 135332 26190 1.5 15 10 4 12 54% 410 46319 243 231%
c w  6.79 14 16 17 34 3230 1 135332 26159 1.5 15 10 4 12 54% 410 46319 243 231%
c -  6.97 14 16 17 35 3231 1 135901 21977 1.5 15 10 4 11 54% 410 46319 243 231%
c -  7.21 14 16 17 36 3232 1 141818 21747 1.5 15 10 4 11 54% 410 46319 243 231%
c -  7.42 14 16 17 37 3237 1 147819 22299 1.5 15 10 4 11 54% 410 46319 243 231%
c ]  7.57 14 16 18 37 3239 1 151799 25922 1.5 15 10 4 11 54% 410 46319 243 231%
c
c seconds   switched    rate          size/glue tier1   binary       remaining
c        MB   reductions  conflicts         size  tier2    irredundant
c         level    restarts      redundant    glue   trail       variables
c
c {  7.57 14 12 18 37 3239 2 151799 25922 1.6 12 7 3 8 54% 410 46319 243 231%
c -  7.70 14 12 18 38 3693 2 153902 22948 1.6 12 7 3 8 54% 410 46319 243 231%
c -  8.06 14 12 18 39 4777 2 160067 21566 1.6 12 7 2 8 53% 411 46319 243 231%
c s  8.20 14 12 18 39 4900 2 160856 22263 1.6 12 7 2 8 53% 411 46102 243 231%
c e  8.21 14 12 18 39 4900 2 160856 22263 1.6 12 7 2 8 53% 318 46405 200 190%
c s  8.30 14 12 18 39 4900 2 160856 22263 1.6 12 7 2 8 53% 318 46399 200 190%
c ^  8.30 14 12 18 39 4900 2 160856 22263 1.6 12 7 2 8 53% 318 46399 200 190%
c -  8.57 14 12 18 40 5813 2 166311 19584 1.6 12 7 2 8 53% 319 46399 200 190%
c o  8.64 14 12 18 40 6041 2 167751 20797 1.6 12 7 2 8 53% 319 46399 200 190%
c u  8.69 14 12 18 40 6073 2 167910 20719 1.6 12 7 2 8 53% 321 46399 200 190%
c v  8.74 14 12 18 40 6073 2 167910 20532 1.6 12 7 2 8 53% 321 46399 200 190%
c w  8.76 15 12 18 40 6073 2 167910 20509 1.6 12 7 2 8 53% 321 46399 200 190%
c t  8.77 15 12 18 40 6073 2 167910 20509 1.6 12 7 2 8 53% 320 46399 200 190%
c -  8.99 15 12 18 41 6787 2 172635 20504 1.6 12 8 2 8 53% 320 46399 200 190%
c }  9.05 15 12 19 41 6941 2 174144 21813 1.6 12 8 2 8 53% 320 46399 200 190%
c [  9.05 15 16 19 41 6941 1 174144 21813 1.5 15 10 4 11 54% 320 46399 200 190%
c O  9.05 15 16 19 41 6941 1 174144 21813 1.5 15 10 4 11 54% 320 46399 200 190%
c -  9.22 15 16 19 42 6944 1 179038 21339 1.5 15 10 4 11 54% 320 46399 200 190%
c -  9.42 15 16 19 43 6947 1 185518 20913 1.5 15 10 3 11 54% 320 46399 200 190%
c -  9.65 15 15 19 44 6952 1 192075 20990 1.5 15 10 3 11 54% 321 46399 200 190%
c
c seconds   switched    rate          size/glue  tier1    binary       remaining
c        MB   reductions  conflicts         size   tier2     irredundant
c         level    restarts      redundant     glue    trail       variables
c
c i  9.70 15 15 19 44 6953 1 193438 22028 1.5 15 10 3 11 54% 325 46399 196 187%
c i  9.76 15 15 19 44 6954 1 195430 23667 1.5 15 10 3 11 54% 331 46399 190 181%
c i  9.80 15 15 19 44 6954 1 196317 24381 1.5 15 10 3 11 54% 336 46399 189 180%
c i  9.81 15 15 19 44 6954 1 196725 24696 1.5 15 10 3 11 54% 341 46399 182 173%
c i  9.81 15 15 19 44 6954 1 196737 24700 1.5 15 10 3 11 54% 342 46399 170 162%
c ]  9.81 15 15 19 44 6954 1 196740 24697 1.5 15 10 3 11 54% 343 46399 97 92%
c 0  9.81 15 12 19 44 6954 2 196740 24697 1.6 12 8 2 8 53% 343 46399 97 92%
c
c ---- [ result ] ------------------------------------------------------------
c
s UNSATISFIABLE
c
c ---- [ profiling ] ---------------------------------------------------------
c
c           7.21   73.48 %  search
c           3.80   38.73 %  focused
c           3.41   34.74 %  stable
c           1.92   19.62 %  probe
c           1.74   17.69 %  simplify
c           0.88    8.98 %  factor
c           0.84    8.56 %  preprocess
c           0.70    7.17 %  vivify
c           0.64    6.48 %  eliminate
c           0.61    6.26 %  subsume
c           0.22    2.26 %  sweep
c           0.10    0.97 %  substitute
c           0.08    0.80 %  reduce
c           0.02    0.23 %  parse
c           0.02    0.18 %  congruence
c           0.02    0.16 %  walking
c           0.00    0.04 %  transitive
c           0.00    0.04 %  lucky
c           0.00    0.01 %  backbone
c =============================================
c           9.81  100.00 %  total
c
c ---- [ statistics ] --------------------------------------------------------
c
c conflicts:                           196740            20052.80 per second
c decisions:                           307634                1.56 per conflict
c eliminated:                             218              208 %  variables
c factored:                               314              299 %  variables
c iterations:                               7                7 %  variables
c propagations:                       8474413           863758    per second
c reductions:                              44             4471    interval
c reordered:                                6            32790    interval
c rephased:                                12            16395    interval
c restarts:                              6954               28    interval
c subsumed:                              1244                0 %  checks
c switched:                                19            10355    interval
c vivified:                              5303               41 %  checks
c walks:                                    4            49185    interval
c
c ---- [ glue usage ] --------------------------------------------------------
c
c focused glue 2   used 68327 clauses 20.80% accumulated 53.21% tier1
c focused glue 3   used 38970 clauses 11.86% accumulated 65.07%
c focused glue 4-6 used 63061 clauses 19.20% accumulated 84.27%
c focused glue 7   used 15411 clauses  4.69% accumulated 88.96%
c focused glue 8   used 11990 clauses  3.65% accumulated 92.61% tier2
c
c stable glue 3   used  57428 clauses 11.88% accumulated 52.31% tier1
c stable glue 4   used  41957 clauses  8.68% accumulated 60.99%
c stable glue 5-9 used 118628 clauses 24.55% accumulated 85.54%
c stable glue 10  used  15838 clauses  3.28% accumulated 88.82%
c stable glue 11  used  13428 clauses  2.78% accumulated 91.59% tier2
c
c ---- [ resources ] ---------------------------------------------------------
c
c maximum-resident-set-size:         19824640 bytes         19 MB
c process-time:                            10s               9.81 seconds
c
c ---- [ shutting down ] -----------------------------------------------------
c
c exit 20
