c ---- [ banner ] ------------------------------------------------------------
c
c Kissat SAT Solver
c 
c Copyright (c) 2021-2024 Armin Biere University of Freiburg
c Copyright (c) 2019-2021 Armin Biere Johannes Kepler University Linz
c 
c Version 4.0.4 8af8e56f174b778aef3aa45af9f739b2a5f492c2
c gcc (Ubuntu 13.3.0-6ubuntu2~24.04.1) 13.3.0 -W -Wall -O3 -DNDEBUG
c Wed Apr 15 20:10:47 EEST 2026 Linux cluster-4 6.17.0-14-generic x86_64
c
c ---- [ parsing ] -----------------------------------------------------------
c
c opened and reading DIMACS file:
c
c   tmp.cnf
c
c parsed 'p cnf 171 515508' header
c closing input after reading 14128565 bytes (13 MB)
c finished parsing after 0.11 seconds
c
c ---- [ solving ] -----------------------------------------------------------
c
c seconds switched rate     size/glue tier1 binary        remaining
c        MB reductions conflicts size  tier2   irredundant
c         level restarts redundant glue  trail        variables
c
c *  0.11 35 0 0 0  0 0   0   0 0.0 0 0 0 0 0%   0 515508 171 100%
c (  0.13 51 0 0 0  0 0   0   0 0.0 0 0 0 0 0%   0 515508 171 100%
c .  0.13 51 0 0 0  0 0   0   0 0.0 0 0 0 0 0%   0 515508 171 100%
c )  0.23 51 0 0 0  0 0   0   0 0.0 0 0 0 0 0%   0 515508 171 100%
c {  0.24 52 0 0 0  0 0   0   0 0.0 0 0 2 6 0%   0 515508 171 100%
c -  0.35 56 25 0 1 12 1 1000 607 1.7 22 13 9 18 58%   0 515508 171 100%
c }  0.35 56 25 1 1 12 1 1000 607 1.7 22 13 9 18 58%   0 515508 171 100%
c [  0.35 56 0 1 1 12 0 1000 607 0.0 0 0 2 6 0%   0 515508 171 100%
c B  0.35 56 21 1 1 12 1 1004 609 2.1 18 9 2 6 50%   0 515508 171 100%
c -  0.43 57 23 1 2 12 1 2001 1336 2.0 27 13 11 17 57%   0 515508 171 100%
c W  0.47 52 23 1 2 12 1 2005 1340 2.0 27 13 11 17 57%   0 515508 171 100%
c ]  0.49 53 26 2 2 13 1 2322 1613 1.8 26 14 11 18 58%   0 515508 171 100%
c {  0.49 53 25 2 2 13 1 2322 1613 1.7 22 13 9 18 58%   0 515508 171 100%
c u  0.60 56 25 2 2 26 1 2730 1975 1.7 22 13 9 18 60%   0 515508 171 100%
c v  0.62 56 25 2 2 26 1 2730 1975 1.7 22 13 9 18 60%   0 515508 171 100%
c w  0.64 56 25 2 2 26 1 2730 1975 1.7 22 13 9 18 60%   0 515508 171 100%
c }  0.82 59 25 3 2 65 1 3325 2530 1.8 23 13 9 18 61%   0 515508 171 100%
c [  0.82 59 26 3 2 65 1 3325 2530 1.8 26 14 11 18 58%   0 515508 171 100%
c -  0.83 59 26 3 3 65 1 3415 2335 1.8 26 14 11 18 59%   0 515508 171 100%
c I  0.95 60 26 3 3 65 1 4265 3111 1.9 27 14 11 18 61%   0 515508 171 100%
c
c seconds  switched rate       size/glue  tier1     binary        remaining
c        MB reductions conflicts     size    tier2     irredundant
c         level restarts  redundant     glue     trail        variables
c
c ]  0.99 60 27 4 3 66 1 4413 3252 1.8 27 15 10 19 60%   0 515508 171 100%
c {  0.99 60 25 4 3 66 1 4413 3252 1.8 23 13 9 18 61%   0 515508 171 100%
c -  1.09 62 24 4 4 76 1 5147 3398 1.9 23 12 9 17 61%   0 515508 171 100%
c }  1.50 60 24 5 4 165 2 6766 4883 2.0 24 12 9 17 62%   0 515508 171 100%
c [  1.50 60 27 5 4 165 1 6766 4883 1.8 27 15 10 19 60%   0 515508 171 100%
c -  1.55 60 27 5 5 165 1 7147 4541 1.8 26 14 10 19 60%   0 515508 171 100%
c B  1.64 60 26 5 5 166 1 8037 5301 1.8 26 14 10 19 60%   0 515508 171 100%
c u  1.84 52 28 5 5 166 1 8406 5628 1.7 26 15 10 19 60%   0 515508 171 100%
c v  1.90 54 28 5 5 166 1 8406 5624 1.7 26 15 10 19 60%   0 515508 171 100%
c w  1.93 55 28 5 5 166 1 8406 5616 1.7 26 15 10 19 60%   0 515508 171 100%
c -  2.15 58 28 5 6 167 1 9383 5477 1.7 26 15 10 20 61%   0 515508 171 100%
c ]  2.24 59 29 6 6 167 1 10028 6061 1.7 26 15 10 20 61%   0 515508 171 100%
c {  2.24 59 24 6 6 167 2 10028 6061 2.0 24 12 9 17 62%   0 515508 171 100%
c o  2.29 60 24 6 6 173 2 10090 6118 1.9 24 12 9 17 62%   0 515508 171 100%
c -  2.83 62 22 6 7 193 2 11832 6464 1.9 23 12 9 16 60%   0 515508 171 100%
c ^  3.53 64 21 6 7 208 2 13642 7989 1.9 22 12 9 16 59%   0 515508 171 100%
c }  3.67 54 21 7 7 266 2 14098 8389 1.8 22 12 9 16 59%   0 515508 171 100%
c [  3.67 54 29 7 7 266 1 14098 8389 1.7 26 15 10 20 61%   0 515508 171 100%
c W  3.71 54 29 7 7 266 1 14098 8389 1.7 26 15 10 20 61%   0 515508 171 100%
c -  3.77 55 29 7 8 266 1 14479 7550 1.7 26 16 10 21 61%   0 515508 171 100%
c
c seconds  switched  rate        size/glue  tier1     binary        remaining
c        MB reductions conflicts       size    tier2     irredundant
c         level restarts    redundant     glue     trail        variables
c
c u  4.33 58 29 7 8 268 1 17219 9876 1.6 26 17 10 22 61%   0 515508 171 100%
c v  4.41 59 29 7 8 268 1 17219 9860 1.6 26 17 10 22 61%   0 515508 171 100%
c w  4.45 59 29 7 8 268 1 17219 9858 1.6 26 17 10 22 61%   0 515508 171 100%
c -  4.57 61 29 7 9 268 1 17307 8359 1.6 26 17 10 22 61%   0 515508 171 100%
c -  5.00 62 29 7 10 270 1 20307 8930 1.5 26 17 10 23 60%   0 515508 171 100%
c O  5.15 62 29 7 10 271 1 21626 10070 1.5 26 18 10 23 60%   0 515508 171 100%
c o  5.16 62 29 7 10 271 1 21626 10070 1.5 26 18 10 23 60%   0 515508 171 100%
c -  5.37 62 31 7 11 272 1 23469 9459 1.5 27 18 10 24 61%   0 515508 171 100%
c ]  5.42 62 31 8 11 272 1 23819 9777 1.5 27 18 10 24 61%   0 515508 171 100%
c {  5.42 62 21 8 11 272 2 23819 9777 1.8 22 12 9 16 59%   0 515508 171 100%
c -  6.31 56 22 8 12 399 2 26786 10619 1.9 23 12 9 16 60%   0 515508 171 100%
c ^  6.71 63 22 8 12 433 2 27286 11088 1.9 23 12 9 16 60%   0 515508 171 100%
c u  7.39 64 22 8 12 510 2 29361 12969 2.0 23 12 9 16 61%   0 515508 171 100%
c v  7.51 65 22 8 12 510 2 29361 12960 2.0 23 12 9 16 61%   0 515508 171 100%
c w  7.55 66 22 8 12 510 2 29361 12960 2.0 23 12 9 16 61%   0 515508 171 100%
c }  7.71 58 22 9 12 515 2 29978 13515 2.0 23 12 9 16 61%   0 515508 171 100%
c [  7.71 58 31 9 12 515 1 29978 13515 1.5 27 18 10 24 61%   0 515508 171 100%
c -  7.75 58 31 9 13 515 1 30250 12107 1.5 27 18 10 24 61%   0 515508 171 100%
c B  7.92 59 30 9 13 516 1 31388 13099 1.5 27 18 10 24 61%   0 515508 171 100%
c -  8.27 62 30 9 14 517 1 33857 13400 1.5 27 18 10 24 61%   0 515508 171 100%
c
c seconds  switched   rate         size/glue  tier1     binary        remaining
c        MB  reductions conflicts        size    tier2     irredundant
c         level  restarts     redundant     glue     trail        variables
c
c -  8.55 63 30 9 15 520 1 37600 14332 1.6 28 18 10 24 61%   0 515508 171 100%
c -  8.88 64 30 9 16 521 1 41475 15177 1.6 28 18 10 24 61%   0 515508 171 100%
c ]  8.94 64 30 10 16 521 1 42110 15692 1.5 28 18 10 24 61%   0 515508 171 100%
c {  8.94 64 22 10 16 521 2 42110 15692 2.0 23 12 9 16 61%   0 515508 171 100%
c o  8.96 64 22 10 16 522 2 42130 15708 2.0 23 12 9 16 61%   0 515508 171 100%
c u  9.90 57 22 10 16 674 2 44996 18194 2.0 23 12 9 16 61%   0 515508 171 100%
c v 10.04 59 22 10 16 674 2 44996 18180 2.0 23 12 9 16 61%   0 515508 171 100%
c w 10.09 60 22 10 16 674 2 44996 18177 2.0 23 12 9 16 61%   0 515508 171 100%
c - 10.25 61 22 10 17 683 2 45475 16316 2.0 23 12 9 15 61%   0 515508 171 100%
c - 11.19 63 22 10 18 892 2 49599 17926 2.1 24 12 9 15 61%   0 515508 171 100%
c } 11.54 59 22 11 18 985 2 50738 18953 2.1 24 12 9 15 61%   0 515508 171 100%
c [ 11.54 59 30 11 18 985 1 50738 18953 1.5 28 18 10 24 61%   0 515508 171 100%
c W 11.60 63 30 11 18 985 1 50738 18953 1.5 28 18 10 24 61%   0 515508 171 100%
c - 12.04 58 31 11 19 987 1 53841 19245 1.6 29 18 10 24 61%   0 515508 171 100%
c ^ 12.85 62 31 11 19 989 1 56860 21800 1.5 29 19 10 24 61%   0 515508 171 100%
c - 13.01 63 31 11 20 990 1 58199 20209 1.5 28 18 10 24 61%   0 515508 171 100%
c - 13.55 64 30 11 21 991 1 62673 21633 1.5 27 18 10 23 60%   0 515508 171 100%
c u 13.87 65 29 11 21 992 1 64231 22902 1.5 27 18 10 23 60%   0 515508 171 100%
c v 13.99 66 29 11 21 992 1 64231 22887 1.5 27 18 10 23 60%   0 515508 171 100%
c w 14.04 67 29 11 21 992 1 64231 22774 1.5 27 18 10 23 60%   0 515508 171 100%
c
c seconds   switched   rate         size/glue  tier1     binary        remaining
c        MB   reductions conflicts        size    tier2     irredundant
c         level   restarts     redundant     glue     trail        variables
c
c ] 14.25 67 29 12 21 993 1 65005 23433 1.5 27 18 10 23 60%   0 515508 171 100%
c { 14.25 67 22 12 21 993 2 65005 23433 2.1 24 12 9 15 61%   0 515508 171 100%
c - 14.87 55 22 12 22 1125 2 67255 23201 2.0 24 12 9 15 61%   0 515508 171 100%
c - 16.07 67 23 12 23 1368 2 71945 24843 2.0 24 12 9 15 61%   0 515508 171 100%
c o 16.17 57 23 12 23 1384 2 72271 25135 2.0 24 12 9 15 61%   0 515508 171 100%
c } 17.35 61 23 13 23 1623 2 76484 29045 2.0 24 12 9 15 62%   0 515508 171 100%
c [ 17.35 61 29 13 23 1623 1 76484 29045 1.5 27 18 10 23 60%   0 515508 171 100%
c I 17.35 61 29 13 23 1623 1 76484 29045 1.5 27 18 10 23 60%   0 515508 171 100%
c - 17.43 63 29 13 24 1623 1 76740 26502 1.5 27 17 10 23 60%   0 515508 171 100%
c - 18.23 66 29 13 25 1626 1 81639 27952 1.5 27 17 10 23 59%   0 515508 171 100%
c - 18.69 67 28 13 26 1629 1 86641 29119 1.5 26 17 10 23 57%   0 515508 171 100%
c u 19.04 69 28 13 26 1629 1 87205 29545 1.5 26 17 10 23 57%   0 515508 171 100%
c v 19.30 70 28 13 26 1629 1 87205 29503 1.5 26 17 10 23 57%   0 515508 171 100%
c w 19.38 70 28 13 26 1629 1 87205 29497 1.5 26 17 10 23 57%   0 515508 171 100%
c - 20.01 60 27 13 27 1632 1 91743 30128 1.5 25 17 10 22 56%   0 515508 171 100%
c ] 20.44 63 27 14 27 1633 1 94128 32143 1.5 25 17 10 22 56%   0 515508 171 100%
c { 20.44 63 23 14 27 1633 2 94128 32143 2.0 24 12 9 15 62%   0 515508 171 100%
c - 21.12 65 23 14 28 1705 2 96941 31519 2.1 24 12 9 15 62%   0 515508 171 100%
c - 22.62 68 23 14 29 2065 2 102233 32921 2.0 24 12 9 15 62%   0 515508 171 100%
c ^ 24.24 62 23 14 29 2153 2 104497 35026 2.1 24 12 9 15 62%   0 515508 171 100%
c
c seconds   switched    rate          size/glue  tier1    binary        remaining
c        MB   reductions  conflicts         size   tier2     irredundant
c         level    restarts      redundant     glue    trail        variables
c
c - 25.12 65 23 14 30 2343 2 107618 34706 2.1 24 12 9 15 62%   0 515508 171 100%
c } 25.42 68 23 15 30 2361 2 108843 35793 2.1 24 12 9 15 62%   0 515508 171 100%
c [ 25.42 68 27 15 30 2361 1 108843 35793 1.5 25 17 10 22 56%   0 515508 171 100%
c B 25.42 68 27 15 30 2361 1 108843 35793 1.5 25 17 10 22 56%   0 515508 171 100%
c - 25.84 60 27 15 31 2363 1 113095 35239 1.5 25 17 10 22 56%   0 515508 171 100%
c u 26.26 67 27 15 31 2364 1 114052 35980 1.5 25 17 10 22 56%   0 515508 171 100%
c v 26.55 68 27 15 31 2364 1 114052 35935 1.5 25 17 10 22 56%   0 515508 171 100%
c w 26.66 69 27 15 31 2364 1 114052 35933 1.5 25 17 10 22 56%   0 515508 171 100%
c o 26.70 69 27 15 31 2364 1 114052 35933 1.5 25 17 10 22 56%   0 515508 171 100%
c - 27.22 60 28 15 32 2367 1 118663 35615 1.4 25 18 10 23 56%   0 515508 171 100%
c - 27.72 61 28 15 33 2370 1 124319 36536 1.4 26 18 10 23 56%   0 515508 171 100%
c W 28.25 65 28 15 33 2373 1 129754 41276 1.4 26 18 10 23 56%   0 515508 171 100%
c - 28.29 58 28 15 34 2373 1 130067 37644 1.4 26 18 10 23 56%   0 515508 171 100%
c - 28.76 61 28 15 35 2375 1 135898 38139 1.4 26 18 10 23 56%   0 515508 171 100%
c - 29.18 62 28 15 36 2375 1 141815 38316 1.4 26 18 10 23 57%   0 515508 171 100%
c ] 29.34 62 28 16 36 2376 1 143914 39966 1.4 26 18 10 23 56%   0 515508 171 100%
c { 29.34 62 23 16 36 2376 2 143914 39966 2.1 24 12 9 15 62%   0 515508 171 100%
c u 29.88 62 23 16 36 2438 2 144858 40817 2.1 24 12 9 15 62%   0 515508 171 100%
c v 30.09 64 23 16 36 2438 2 144858 40787 2.1 24 12 9 15 62%   0 515508 171 100%
c w 30.16 65 23 16 36 2438 2 144858 40427 2.1 24 12 9 15 62%   0 515508 171 100%
c
c seconds   switched    rate          size/glue  tier1    binary        remaining
c        MB   reductions  conflicts         size   tier2     irredundant
c         level    restarts      redundant     glue    trail        variables
c
c - 31.07 58 23 16 37 2567 2 147817 35732 2.1 24 12 8 15 62%   0 515508 171 100%
c - 32.81 62 23 16 38 2829 2 153902 36069 2.1 24 12 8 15 62%   0 515508 171 100%
c - 34.73 67 23 16 39 3195 2 160066 36999 2.1 24 12 8 15 62%   0 515508 171 100%
c } 35.22 65 23 17 39 3303 2 162251 39081 2.1 24 12 8 15 62%   0 515508 171 100%
c [ 35.22 65 28 17 39 3303 1 162251 39081 1.4 26 18 10 23 56%   0 515508 171 100%
c O 35.22 65 28 17 39 3303 1 162251 39081 1.4 26 18 10 23 56%   0 515508 171 100%
c - 35.61 67 28 17 40 3305 1 166310 37597 1.4 26 18 10 23 57%   0 515508 171 100%
c ^ 37.17 65 28 17 40 3309 1 172185 42238 1.4 26 18 10 23 57%   0 515508 171 100%
c o 37.18 65 28 17 40 3309 1 172185 42238 1.4 26 18 10 23 57%   0 515508 171 100%
c - 37.26 66 28 17 41 3309 1 172634 37824 1.4 26 18 10 23 57%   0 515508 171 100%
c - 37.92 68 28 17 42 3312 1 179037 38578 1.4 26 18 10 23 57%   0 515508 171 100%
c u 38.24 69 28 17 42 3313 1 179726 39111 1.4 26 18 10 23 57%   0 515508 171 100%
c v 38.49 70 28 17 42 3313 1 179726 39014 1.4 26 18 10 23 57%   0 515508 171 100%
c w 38.57 70 28 17 42 3313 1 179726 39005 1.4 26 18 10 23 57%   0 515508 171 100%
c - 39.46 61 28 17 43 3316 1 185518 38848 1.4 26 18 10 23 57%   0 515508 171 100%
c B 39.83 61 27 17 43 3317 1 189991 42448 1.4 25 18 10 23 57%   0 515508 171 100%
c - 40.20 64 28 17 44 3317 1 192075 39201 1.4 25 18 10 22 57%   0 515508 171 100%
c ] 40.91 66 28 18 44 3318 1 197163 43748 1.4 25 18 10 22 57%   0 515508 171 100%
c { 40.91 66 23 18 44 3318 2 197163 43748 2.1 24 12 8 15 62%   0 515508 171 100%
c - 41.34 62 23 18 45 3430 2 198710 39754 2.1 24 12 9 15 62%   0 515508 171 100%
c
c seconds   switched    rate          size/glue  tier1    binary        remaining
c        MB   reductions  conflicts         size   tier2     irredundant
c         level    restarts      redundant     glue    trail        variables
c
c - 43.41 66 23 18 46 3815 2 205418 41415 2.1 24 12 9 15 63%   0 515508 171 100%
c - 45.41 68 23 18 47 4100 2 212200 43532 2.1 25 12 9 15 63%   0 515508 171 100%
c u 47.83 70 23 18 47 4614 2 218768 49788 2.1 25 12 9 15 63%   0 515508 171 100%
c v 48.27 72 23 18 47 4614 2 218768 49786 2.1 25 12 9 15 63%   0 515508 171 100%
c w 48.43 73 23 18 47 4614 2 218768 49785 2.1 25 12 9 15 63%   0 515508 171 100%
c - 48.59 60 23 18 48 4647 2 219055 44854 2.1 25 12 9 15 63%   0 515508 171 100%
c } 48.73 65 23 19 48 4665 2 219508 45278 2.1 25 12 9 15 63%   0 515508 171 100%
c [ 48.73 65 28 19 48 4665 1 219508 45278 1.4 25 18 10 22 57%   0 515508 171 100%
c W 49.11 57 28 19 48 4666 1 221443 47095 1.4 26 18 10 22 57%   0 515508 171 100%
c - 49.79 61 28 19 49 4670 1 225983 45342 1.4 26 18 10 22 57%   0 515508 171 100%
c - 50.75 61 27 19 50 4672 1 232984 45842 1.5 26 18 10 22 58%   0 515508 171 100%
c - 51.76 63 27 19 51 4677 1 240055 46151 1.5 26 18 10 22 58%   0 515508 171 100%
c - 52.85 63 27 19 52 4679 1 247196 46311 1.5 26 18 10 22 58%   0 515508 171 100%
c - 53.83 63 27 19 53 4680 1 254409 46351 1.5 26 18 10 22 58%   0 515508 171 100%
c ] 53.95 63 27 20 53 4681 1 255220 47047 1.5 26 18 10 22 58%   0 515508 171 100%
c { 53.95 63 23 20 53 4681 2 255220 47047 2.1 25 12 9 15 63%   0 515508 171 100%
c o 53.97 63 23 20 53 4682 2 255245 47071 2.1 25 12 9 15 63%   0 515508 171 100%
c - 55.53 65 23 20 54 4820 2 261689 46792 2.1 25 12 9 15 63%   0 515508 171 100%
c ! 57.07 70 23 20 54 4820 2 261784 46885 2.1 25 12 9 15 63%   0 515508 171 100%
c u 57.65 68 23 20 54 4833 2 262040 47062 2.1 25 12 9 15 63%   0 515508 171 100%
c
c seconds   switched    rate          size/glue  tier1    binary        remaining
c        MB   reductions  conflicts         size   tier2     irredundant
c         level    restarts      redundant     glue    trail        variables
c
c v 58.05 70 23 20 54 4833 2 262040 46995 2.1 25 12 9 15 63%   0 515508 171 100%
c w 58.17 70 23 20 54 4833 2 262040 46987 2.1 25 12 9 15 63%   0 515508 171 100%
c - 60.62 63 23 20 55 5166 2 269037 45137 2.1 24 12 8 15 63%   0 515508 171 100%
c - 62.55 68 23 20 56 5352 2 276454 45953 2.1 25 12 8 15 63%   0 515508 171 100%
c } 63.91 62 23 21 56 5482 2 281961 50943 2.1 24 12 8 15 62%   0 515508 171 100%
c [ 63.91 62 27 21 56 5482 1 281961 50943 1.5 26 18 10 22 58%   0 515508 171 100%
c I 63.91 62 27 21 56 5482 1 281961 50943 1.5 26 18 10 22 58%   0 515508 171 100%
c - 64.25 66 27 21 57 5483 1 283937 47210 1.5 26 18 10 22 58%   0 515508 171 100%
c - 64.93 67 28 21 58 5488 1 291486 46716 1.5 27 18 10 22 58%   0 515508 171 100%
c - 65.61 67 28 21 59 5491 1 299102 46097 1.5 27 18 10 22 57%   0 515508 171 100%
c - 66.53 69 28 21 60 5495 1 306783 46612 1.5 27 18 10 22 57%   0 515508 171 100%
c u 67.54 72 28 21 60 5496 1 309649 49178 1.5 27 18 10 22 58%   0 515508 171 100%
c v 68.05 73 28 21 60 5496 1 309649 49127 1.5 27 18 10 22 58%   0 515508 171 100%
c w 68.23 73 28 21 60 5496 1 309649 49091 1.5 27 18 10 22 58%   0 515508 171 100%
c - 68.95 61 28 21 61 5496 1 314529 47118 1.5 27 18 10 22 58%   0 515508 171 100%
c B 69.77 63 28 21 61 5500 1 321402 53459 1.5 27 18 10 22 58%   0 515508 171 100%
c - 69.98 64 28 21 62 5501 1 322339 47155 1.5 27 18 10 22 58%   0 515508 171 100%
c ] 70.92 65 28 22 62 5503 1 327845 51963 1.5 28 18 10 22 58%   0 515508 171 100%
c { 70.92 65 23 22 62 5503 2 327845 51963 2.1 24 12 8 15 62%   0 515508 171 100%
c o 70.95 66 23 22 62 5510 2 327871 51989 2.1 24 12 8 15 62%   0 515508 171 100%
c
c seconds   switched    rate          size/glue  tier1    binary        remaining
c        MB   reductions  conflicts         size   tier2     irredundant
c         level    restarts      redundant     glue    trail        variables
c
c - 71.73 71 22 22 63 5519 2 330213 46588 2.1 24 12 8 15 62%   0 515508 171 100%
c - 73.61 65 22 22 64 5524 2 338151 48108 2.1 24 11 8 15 62%   0 515508 171 100%
c - 75.76 61 21 22 65 5654 2 346151 50580 2.1 23 11 8 15 61%   0 515508 171 100%
c - 77.90 67 21 22 66 5885 2 354214 53115 2.0 23 11 8 15 60%   0 515508 171 100%
c } 79.11 70 20 23 66 5887 2 359361 57705 2.0 22 11 8 15 60%   0 515508 171 100%
c [ 79.11 70 28 23 66 5887 1 359361 57705 1.5 28 18 10 22 58%   0 515508 171 100%
c u 80.57 69 28 23 66 5889 1 361652 59384 1.5 27 18 10 22 58%   0 515508 171 100%
c v 81.37 73 28 23 66 5889 1 361652 59250 1.5 27 18 10 22 58%   0 515508 171 100%
c w 81.61 74 28 23 66 5889 1 361652 59223 1.5 27 18 10 22 58%   0 515508 171 100%
c - 82.26 57 28 23 67 5889 1 362338 55081 1.5 27 18 10 22 58%   0 515508 171 100%
c W 82.82 59 28 23 67 5891 1 365114 57584 1.5 27 18 10 22 58%   0 515508 171 100%
c - 83.68 65 28 23 68 5893 1 370523 56048 1.5 27 18 10 22 58%   0 515508 171 100%
c s 85.51 69 28 23 68 5896 1 374980 60062 1.5 27 18 10 22 58%   0 515507 171 100%
c - 87.27 71 28 23 69 5899 1 378769 56816 1.5 27 18 10 22 58%   0 515507 171 100%
c - 88.85 72 29 23 70 5901 1 387077 56332 1.5 27 18 10 22 59%   0 515507 171 100%
c - 90.16 73 29 23 71 5903 1 395444 55160 1.5 28 19 10 23 59%   0 515507 171 100%
c - 91.58 63 29 23 72 5908 1 403871 54707 1.5 28 19 10 23 59%   0 515507 171 100%
c ] 92.21 64 30 24 72 5910 1 407969 58259 1.5 28 19 10 23 59%   0 515507 171 100%
c { 92.21 64 20 24 72 5910 2 407969 58259 2.0 22 11 8 15 60%   0 515507 171 100%
c o 92.23 64 20 24 72 5922 2 408039 58321 2.0 22 11 8 15 60%   0 515507 171 100%
c
c seconds   switched    rate          size/glue  tier1    binary        remaining
c        MB   reductions  conflicts         size   tier2     irredundant
c         level    restarts      redundant     glue    trail        variables
c
c - 93.54 73 20 24 73 6122 2 412357 56454 2.1 23 11 8 14 60%   0 515507 171 100%
c u 96.01 69 20 24 73 6450 2 418129 61621 2.1 23 11 8 14 60%   0 515507 171 100%
c v 96.46 72 20 24 73 6450 2 418129 61607 2.1 23 11 8 14 60%   0 515507 171 100%
c w 96.60 72 20 24 73 6450 2 418129 61604 2.1 23 11 8 14 60%   0 515507 171 100%
c x 96.98 75 20 24 73 6450 2 418129 61604 2.1 23 11 8 14 60%   0 509097 171 100%
c - 98.04 65 21 24 74 6663 2 420903 59261 2.1 23 11 8 14 60%   0 509097 171 100%
c - 100.82 70 21 24 75 7108 2 429505 61695 2.1 23 11 8 14 60%   0 509097 171 100%
c - 103.93 73 21 24 76 7723 2 438165 63505 2.1 23 11 8 14 60%   0 509097 171 100%
c } 106.38 75 21 25 76 8234 2 444647 69468 2.1 23 11 8 14 60%   0 509097 171 100%
c [ 106.38 75 30 25 76 8234 1 444647 69468 1.5 28 19 10 23 59%   0 509097 171 100%
c O 106.38 75 30 25 76 8234 1 444647 69468 1.5 28 19 10 23 59%   0 509097 171 100%
c - 106.79 67 30 25 77 8236 1 446883 65213 1.5 28 19 10 23 59%   0 509097 171 100%
c - 108.07 70 29 25 78 8240 1 455658 65227 1.5 28 19 10 23 59%   0 509097 171 100%
c - 109.30 73 29 25 79 8246 1 464489 65036 1.5 28 19 10 23 60%   0 509097 171 100%
c - 110.68 74 29 25 80 8248 1 473379 66366 1.5 28 19 10 23 60%   0 509097 171 100%
c u 112.13 76 29 25 80 8249 1 479056 71444 1.5 28 19 10 23 60%   0 509097 171 100%
c v 113.04 77 29 25 80 8249 1 479056 71384 1.5 28 19 10 23 60%   0 509097 171 100%
c w 113.25 78 29 25 80 8249 1 479056 71314 1.5 28 19 10 23 60%   0 509097 171 100%
c - 113.68 64 29 25 81 8251 1 482324 67759 1.5 28 18 10 23 59%   0 509097 171 100%
c - 114.56 68 28 25 82 8255 1 491326 67665 1.5 28 18 10 23 59%   0 509097 171 100%
c
c seconds    switched    rate          size/glue  tier1     binary        remaining
c         MB   reductions  conflicts         size    tier2     irredundant
c          level    restarts      redundant     glue     trail        variables
c
c B 115.23 69 28 25 82 8260 1 497435 72722 1.5 28 18 10 23 59%   0 509097 171 100%
c - 115.61 72 29 25 83 8262 1 500381 66505 1.5 28 19 10 23 59%   0 509097 171 100%
c - 116.71 72 29 25 84 8263 1 509491 65249 1.5 28 19 10 23 60%   0 509097 171 100%
c o 119.67 74 30 25 84 8264 1 513414 68839 1.5 28 19 10 23 60%   0 509097 171 100%
c caught signal 15 (SIGTERM)
c
c ---- [ profiling ] ---------------------------------------------------------
c
c          95.83   79.88 %  search
c          53.01   44.19 %  focused
c          42.82   35.69 %  stable
c          23.89   19.91 %  simplify
c          14.22   11.86 %  probe
c          12.42   10.36 %  vivify
c           9.39    7.82 %  eliminate
c           8.94    7.45 %  subsume
c           1.10    0.92 %  substitute
c           0.52    0.43 %  reduce
c           0.51    0.43 %  sweep
c           0.38    0.31 %  walking
c           0.14    0.12 %  congruence
c           0.11    0.09 %  parse
c           0.10    0.08 %  preprocess
c           0.04    0.03 %  lucky
c           0.03    0.03 %  transitive
c           0.01    0.01 %  factor
c           0.00    0.00 %  backbone
c =============================================
c         119.96  100.00 %  total
c
c ---- [ statistics ] --------------------------------------------------------
c
c conflicts:                           515806             4299.79 per second
c decisions:                           738016                1.43 per conflict
c propagations:                      12017551           100179    per second
c reductions:                              84             6141    interval
c reordered:                               10            51581    interval
c rephased:                                19            27148    interval
c restarts:                              8264               62    interval
c subsumed:                                 1                0 %  checks
c switched:                                25            20632    interval
c vivified:                             13467               46 %  checks
c walks:                                    6            85968    interval
c
c ---- [ glue usage ] --------------------------------------------------------
c
c focused glue 8     used 30044 clauses  9.19% accumulated 55.37% tier1
c focused glue 9     used 25152 clauses  7.70% accumulated 63.06%
c focused glue 10-12 used 60060 clauses 18.38% accumulated 81.44%
c focused glue 13    used 15713 clauses  4.81% accumulated 86.25%
c focused glue 14    used 12917 clauses  3.95% accumulated 90.20% tier2
c
c stable glue 10    used  48796 clauses  4.74% accumulated 53.60% tier1
c stable glue 11    used  42751 clauses  4.15% accumulated 57.76%
c stable glue 12-21 used 304265 clauses 29.57% accumulated 87.32%
c stable glue 22    used  20695 clauses  2.01% accumulated 89.34%
c stable glue 23    used  18659 clauses  1.81% accumulated 91.15% tier2
c
c ---- [ resources ] ---------------------------------------------------------
c
c maximum-resident-set-size:         88170496 bytes         84 MB
c process-time:                             2m             119.96 seconds
c raising signal 15 (SIGTERM)
