c ---- [ banner ] ------------------------------------------------------------
c
c Kissat SAT Solver
c 
c Copyright (c) 2021-2024 Armin Biere University of Freiburg
c Copyright (c) 2019-2021 Armin Biere Johannes Kepler University Linz
c 
c Version 4.0.4 8af8e56f174b778aef3aa45af9f739b2a5f492c2
c gcc (Ubuntu 13.3.0-6ubuntu2~24.04.1) 13.3.0 -W -Wall -O3 -DNDEBUG
c Wed Apr 15 20:10:47 EEST 2026 Linux cluster-4 6.17.0-14-generic x86_64
c
c ---- [ parsing ] -----------------------------------------------------------
c
c opened and reading DIMACS file:
c
c   tmp.cnf
c
c parsed 'p cnf 153 572832' header
c closing input after reading 16307603 bytes (16 MB)
c finished parsing after 0.13 seconds
c
c ---- [ solving ] -----------------------------------------------------------
c
c seconds switched rate     size/glue tier1 binary        remaining
c        MB reductions conflicts size  tier2   irredundant
c         level restarts redundant glue  trail        variables
c
c *  0.13 44 0 0 0  0 0   0   0 0.0 0 0 0 0 0%   0 572832 153 100%
c (  0.15 53 0 0 0  0 0   0   0 0.0 0 0 0 0 0%   0 572832 153 100%
c .  0.15 53 0 0 0  0 0   0   0 0.0 0 0 0 0 0%   0 572832 153 100%
c f  2.89 39 0 0 0  0 0   0   0 0.0 0 0 0 0 0%   6 542802 154 101%
c )  2.90 48 0 0 0  0 0   0   0 0.0 0 0 0 0 0%   6 542802 154 101%
c {  2.93 52 0 0 0  0 0   0   0 0.0 0 0 2 6 0%   6 542802 154 101%
c -  3.13 60 17 0 1  8 2 1000 619 1.6 15 9 7 13 54%   6 542802 154 101%
c }  3.13 60 17 1 1  8 2 1000 619 1.6 15 9 7 13 54%   6 542802 154 101%
c [  3.13 60 0 1 1  8 0 1000 619 0.0 0 0 2 6 0%   6 542802 154 101%
c B  3.13 60 11 1 1  8 2 1001 620 2.8 11 4 2 6 47%   6 542802 154 101%
c -  3.27 61 27 1 2  8 2 2000 1437 1.9 24 13 7 19 62%   6 542802 154 101%
c W  3.32 60 27 1 2  8 2 2002 1439 1.9 24 13 7 19 62%   6 542802 154 101%
c ]  3.41 62 26 2 2  9 2 2378 1785 1.8 23 13 7 19 61%   6 542802 154 101%
c {  3.41 62 17 2 2  9 2 2378 1785 1.6 15 9 7 13 54%   6 542802 154 101%
c u  3.71 58 20 2 2 119 2 2744 2127 1.6 16 10 7 13 56%   6 542802 154 101%
c v  3.75 59 20 2 2 119 2 2744 2126 1.6 16 10 7 13 56%   6 542802 154 101%
c w  3.77 59 20 2 2 119 2 2744 2126 1.6 16 10 7 13 56%   6 542802 154 101%
c x  3.81 60 20 2 2 119 2 2744 2126 1.6 16 10 7 13 56%   6 542663 154 101%
c }  4.29 62 23 3 2 258 3 3379 2712 1.6 17 10 7 13 58%   6 542663 154 101%
c [  4.29 62 26 3 2 258 2 3379 2712 1.8 23 13 7 19 61%   6 542663 154 101%
c
c seconds  switched  rate       size/glue  tier1    binary        remaining
c        MB reductions conflicts      size   tier2     irredundant
c         level restarts   redundant     glue    trail        variables
c
c -  4.31 63 27 3 3 258 2 3414 2510 1.8 23 13 7 18 61%   6 542663 154 101%
c I  4.53 65 27 3 3 258 2 4261 3213 1.7 23 14 7 18 61%   6 542663 154 101%
c -  4.72 59 25 3 4 259 2 5146 3564 1.7 23 13 9 20 61%   6 542663 154 101%
c ]  4.85 60 24 4 4 260 1 6293 4535 1.7 22 13 9 20 59%   6 542663 154 101%
c {  4.85 60 23 4 4 260 3 6293 4535 1.6 17 10 7 13 58%   6 542663 154 101%
c -  5.03 65 20 4 5 277 2 7146 4587 1.7 17 10 7 13 56%   6 542663 154 101%
c u  5.31 60 18 4 5 277 2 8450 5597 1.7 16 9 7 13 53%   6 542663 154 101%
c v  5.36 62 18 4 5 277 2 8450 5593 1.7 16 9 7 13 53%   6 542663 154 101%
c w  5.39 62 18 4 5 277 2 8450 5593 1.7 16 9 7 13 53%   6 542663 154 101%
c x  5.44 63 18 4 5 277 2 8450 5593 1.7 16 9 7 13 53%   6 542291 154 101%
c }  5.60 68 17 5 5 283 2 8645 5761 1.7 16 9 7 13 53%   6 542291 154 101%
c [  5.60 68 24 5 5 283 1 8645 5761 1.7 22 13 9 20 59%   6 542291 154 101%
c B  5.60 68 24 5 5 283 1 8645 5761 1.7 22 13 9 20 59%   6 542291 154 101%
c -  5.74 69 23 5 6 283 2 9382 5472 1.7 22 13 8 18 58%   6 542291 154 101%
c ]  5.95 69 22 6 6 285 1 11209 6930 1.6 21 13 8 18 57%   6 542291 154 101%
c {  5.95 69 17 6 6 285 2 11209 6930 1.7 16 9 7 13 53%   6 542291 154 101%
c -  6.15 70 17 6 7 285 2 11831 6529 1.7 16 9 7 12 53%   6 542291 154 101%
c ^  6.84 67 16 6 7 287 2 13715 8235 1.8 16 9 7 12 54%   6 542291 154 101%
c o  6.86 67 16 6 7 287 2 13715 8235 1.8 16 9 7 12 54%   6 542291 154 101%
c -  7.04 69 16 6 8 287 2 14476 7980 1.9 16 9 7 11 55%   6 542291 154 101%
c
c seconds  switched  rate        size/glue tier1    binary        remaining
c        MB reductions conflicts       size  tier2     irredundant
c         level restarts    redundant    glue    trail        variables
c
c }  7.19 69 15 7 8 287 2 15278 8650 1.9 16 9 7 11 55%   6 542291 154 101%
c [  7.19 69 22 7 8 287 1 15278 8650 1.6 21 13 8 18 57%   6 542291 154 101%
c W  7.25 59 22 7 8 287 1 15278 8650 1.6 21 13 8 18 57%   6 542291 154 101%
c -  7.55 63 22 7 9 288 1 17305 8853 1.5 20 13 8 17 55%   6 542291 154 101%
c u  7.67 63 22 7 9 288 1 17309 8854 1.5 20 13 8 17 55%   6 542291 154 101%
c v  7.74 64 22 7 9 288 1 17309 8845 1.5 20 13 8 17 55%   6 542291 154 101%
c w  7.77 64 22 7 9 288 1 17309 8839 1.5 20 13 8 17 55%   6 542291 154 101%
c x  7.83 66 22 7 9 288 1 17309 8839 1.5 20 13 8 17 55%   6 541796 154 101%
c -  8.30 60 22 7 10 290 1 20306 9732 1.5 20 13 8 17 54%   6 541796 154 101%
c ]  8.46 61 21 8 10 292 1 21906 10956 1.5 20 13 8 17 53%   6 541796 154 101%
c {  8.46 61 15 8 10 292 2 21906 10956 1.9 16 9 7 11 55%   6 541796 154 101%
c -  8.97 63 15 8 11 387 2 23469 10755 1.9 16 9 7 11 55%   6 541796 154 101%
c o  9.09 65 15 8 11 403 2 24258 11371 1.9 16 9 7 11 55%   6 541796 154 101%
c -  9.78 65 15 8 12 549 2 26785 11703 1.8 15 8 7 11 54%   6 541796 154 101%
c ^ 10.19 69 14 8 12 563 2 27430 12193 1.8 15 8 7 11 54%   6 541796 154 101%
c } 10.38 64 14 9 12 604 2 28067 12706 1.8 15 8 7 11 54%   6 541796 154 101%
c [ 10.38 64 21 9 12 604 1 28067 12706 1.5 20 13 8 17 53%   6 541796 154 101%
c O 10.38 64 21 9 12 604 1 28067 12706 1.5 20 13 8 17 53%   6 541796 154 101%
c u 10.70 68 23 9 12 605 1 29513 13822 1.4 20 14 8 17 54%   6 541796 154 101%
c v 10.79 69 23 9 12 605 1 29513 13814 1.4 20 14 8 17 54%   6 541796 154 101%
c
c seconds  switched   rate         size/glue  tier1    binary        remaining
c        MB  reductions conflicts        size   tier2     irredundant
c         level  restarts     redundant     glue    trail        variables
c
c w 10.83 69 23 9 12 605 1 29513 13812 1.4 20 14 8 17 54%   6 541796 154 101%
c x 10.92 70 23 9 12 605 1 29513 13812 1.4 20 14 8 17 54%   6 541316 154 101%
c - 11.20 63 23 9 13 605 1 30251 12426 1.4 20 14 9 18 54%   6 541316 154 101%
c - 12.05 68 22 9 14 608 1 33859 13767 1.5 20 14 8 17 55%   6 541316 154 101%
c ] 12.41 68 21 10 14 609 1 36236 15733 1.5 20 13 8 17 54%   6 541316 154 101%
c { 12.41 68 14 10 14 609 2 36236 15733 1.8 15 8 7 11 54%   6 541316 154 101%
c - 12.89 65 14 10 15 696 2 37601 15506 1.8 15 8 7 11 54%   6 541316 154 101%
c - 13.98 69 14 10 16 871 2 41474 15169 1.7 14 8 6 11 54%   7 541316 154 101%
c } 14.66 67 13 11 16 1018 2 44863 17646 1.7 14 8 6 11 53%   8 541315 154 101%
c [ 14.66 67 21 11 16 1018 1 44863 17646 1.5 20 13 8 17 54%   8 541315 154 101%
c B 14.66 67 21 11 16 1018 1 44863 17646 1.5 20 13 8 17 54%   8 541315 154 101%
c o 14.67 67 21 11 16 1018 1 44863 17646 1.5 20 13 8 17 54%   8 541315 154 101%
c u 15.01 64 21 11 16 1018 1 45226 17963 1.5 20 13 8 17 54%   8 541315 154 101%
c v 15.18 67 21 11 16 1018 1 45226 17945 1.5 20 13 8 17 54%   8 541315 154 101%
c w 15.23 67 21 11 16 1018 1 45226 17934 1.5 20 13 8 17 54%   8 541315 154 101%
c x 15.35 69 21 11 16 1018 1 45226 17934 1.5 20 13 8 17 54%   8 539909 154 101%
c - 15.62 59 22 11 17 1018 1 45479 15461 1.5 20 13 8 17 54%   8 539909 154 101%
c - 16.38 68 22 11 18 1021 1 49602 16407 1.5 20 14 8 18 54%   8 539909 154 101%
c - 17.20 70 22 11 19 1024 1 53844 17935 1.5 20 14 8 18 54%   8 539909 154 101%
c ] 17.49 71 22 12 19 1024 1 55523 19342 1.5 20 14 8 18 54%   8 539909 154 101%
c
c seconds   switched    rate         size/glue tier1    binary        remaining
c        MB   reductions  conflicts        size  tier2     irredundant
c         level    restarts     redundant    glue    trail        variables
c
c { 17.49 71 13 12 19 1024 2 55523 19342 1.7 14 8 6 11 53%   8 539909 154 101%
c s 18.12 65 13 12 19 1143 2 57156 20634 1.7 14 8 6 11 53%   8 539247 154 101%
c s 18.40 70 13 12 19 1143 2 57156 20634 1.7 14 8 6 11 53%   8 539245 154 101%
c ^ 18.42 70 13 12 19 1143 2 57156 20634 1.7 14 8 6 11 53%   8 539245 154 101%
c - 18.72 64 13 12 20 1199 2 58202 19319 1.7 14 8 6 10 53%   8 539245 154 101%
c - 19.84 60 14 12 21 1649 2 62675 20257 1.7 14 8 6 11 53%   8 539245 154 101%
c u 20.61 63 13 12 21 1696 2 64554 21648 1.7 14 8 6 11 53%   8 539245 154 101%
c v 20.77 66 13 12 21 1696 2 64554 21643 1.7 14 8 6 11 53%   8 539245 154 101%
c w 20.83 67 13 12 21 1696 2 64554 21641 1.7 14 8 6 11 53%   8 539245 154 101%
c x 20.95 69 13 12 21 1696 2 64554 21641 1.7 14 8 6 11 53%   8 539083 154 101%
c } 21.79 70 13 13 21 2012 2 67002 23552 1.7 14 8 6 11 52%   8 539083 154 101%
c [ 21.79 70 22 13 21 2012 1 67002 23552 1.5 20 14 8 18 54%   8 539083 154 101%
c W 21.86 58 22 13 21 2012 1 67002 23552 1.5 20 14 8 18 54%   8 539083 154 101%
c - 21.92 61 22 13 22 2012 1 67257 21347 1.5 20 14 8 18 55%   8 539083 154 101%
c - 22.74 63 22 13 23 2015 1 71948 22363 1.5 21 14 8 18 55%   8 539083 154 101%
c - 23.52 64 22 13 24 2018 1 76743 23588 1.5 21 14 8 18 56%   8 539083 154 101%
c - 24.42 65 22 13 25 2020 1 81642 24820 1.5 21 14 8 18 56%   8 539083 154 101%
c I 24.47 65 22 13 25 2021 1 81906 25021 1.5 21 14 8 18 56%   8 539083 154 101%
c o 24.48 65 22 13 25 2021 1 81906 25021 1.5 21 14 8 18 56%   8 539083 154 101%
c ] 24.72 57 22 14 25 2021 1 83440 26251 1.5 21 14 8 18 56%   8 539083 154 101%
c
c seconds   switched    rate         size/glue tier1    binary        remaining
c        MB   reductions  conflicts        size  tier2     irredundant
c         level    restarts     redundant    glue    trail        variables
c
c { 24.72 57 13 14 25 2021 2 83440 26251 1.7 14 8 6 11 52%   8 539083 154 101%
c - 25.42 60 13 14 26 2182 2 86642 25959 1.7 14 8 6 11 52%   8 539083 154 101%
c u 25.85 65 13 14 26 2246 2 87633 26763 1.7 14 8 6 11 52%   8 539083 154 101%
c v 26.01 67 13 14 26 2246 2 87633 26735 1.7 14 8 6 11 52%   8 539083 154 101%
c w 26.08 67 13 14 26 2246 2 87633 26733 1.7 14 8 6 11 52%   8 539083 154 101%
c x 26.20 70 13 14 26 2246 2 87633 26733 1.7 14 8 6 11 52%   8 538979 154 101%
c - 27.56 66 14 14 27 2704 2 91743 26890 1.7 14 8 6 11 52%   8 538979 154 101%
c - 28.88 64 14 14 28 3050 2 96940 28381 1.7 14 8 6 11 52%   9 538978 154 101%
c } 29.33 66 14 15 28 3251 2 98155 29377 1.7 14 8 6 11 52%   9 538978 154 101%
c [ 29.33 66 22 15 28 3251 1 98155 29377 1.5 21 14 8 18 56%   9 538978 154 101%
c B 29.51 67 22 15 28 3252 1 99710 30501 1.5 21 14 8 18 55%   9 538978 154 101%
c - 29.91 59 23 15 29 3253 1 102232 29657 1.5 21 14 8 18 55%   9 538978 154 101%
c s 30.67 65 23 15 29 3256 1 105013 32019 1.5 21 14 8 18 55%   9 538026 154 101%
c ^ 31.07 69 23 15 29 3256 1 105013 32019 1.5 21 14 8 18 55%   9 538026 154 101%
c - 31.41 70 23 15 30 3257 1 107617 30913 1.5 21 14 8 18 56%   9 538026 154 101%
c - 32.20 71 22 15 31 3260 1 113096 32128 1.5 21 14 8 18 55%   9 538026 154 101%
c u 32.82 68 22 15 31 3260 1 114603 33353 1.5 21 14 8 18 55%   9 538026 154 101%
c v 33.03 70 22 15 31 3260 1 114603 33209 1.5 21 14 8 18 55%   9 538026 154 101%
c w 33.12 70 22 15 31 3260 1 114603 33146 1.5 21 14 8 18 55%   9 538026 154 101%
c x 33.28 71 22 15 31 3260 1 114603 33146 1.5 21 14 8 18 55%   9 537978 154 101%
c
c seconds   switched    rate          size/glue  tier1    binary        remaining
c        MB   reductions  conflicts         size   tier2     irredundant
c         level    restarts      redundant     glue    trail        variables
c
c - 34.16 65 22 15 32 3263 1 118663 32838 1.5 21 14 8 18 55%   9 537978 154 101%
c W 34.51 60 22 15 32 3264 1 120622 34310 1.5 21 14 8 18 55%   9 537978 154 101%
c ] 34.56 62 22 16 32 3264 1 120832 34498 1.5 21 14 8 18 55%   9 537978 154 101%
c { 34.56 62 14 16 32 3264 2 120832 34498 1.7 14 8 6 11 52%   9 537978 154 101%
c - 35.22 66 14 16 33 3303 2 124320 33435 1.7 14 8 6 11 52%   9 537978 154 101%
c o 35.72 66 14 16 33 3352 2 127033 35421 1.7 14 8 6 11 51%   9 537978 154 101%
c - 36.59 63 14 16 34 3538 2 130064 34085 1.7 14 8 6 11 51%   9 537978 154 101%
c - 37.86 59 13 16 35 3837 2 135895 35459 1.7 14 8 6 11 51%   9 537978 154 101%
c } 39.12 63 14 17 35 4266 2 139169 38166 1.7 14 8 6 11 51%   9 537978 154 101%
c [ 39.12 63 22 17 35 4266 1 139169 38166 1.5 21 14 8 18 55%   9 537978 154 101%
c - 39.48 65 22 17 36 4268 1 141811 37372 1.5 21 14 8 18 55%   9 537978 154 101%
c O 39.89 66 22 17 36 4270 1 144847 39769 1.5 21 14 8 18 54%   9 537978 154 101%
c u 40.37 69 22 17 36 4270 1 145545 40326 1.5 21 14 8 18 55%   9 537978 154 101%
c v 40.59 70 22 17 36 4270 1 145545 40291 1.5 21 14 8 18 55%   9 537978 154 101%
c w 40.66 70 22 17 36 4270 1 145545 40281 1.5 21 14 8 18 55%   9 537978 154 101%
c x 40.87 73 22 17 36 4270 1 145545 40281 1.5 21 14 8 18 55%   9 537865 154 101%
c - 41.55 68 22 17 37 4272 1 147811 38021 1.5 21 14 8 18 55%   9 537865 154 101%
c - 42.51 71 23 17 38 4274 1 153893 38092 1.5 22 15 9 19 55%   9 537865 154 101%
c - 43.33 73 24 17 39 4278 1 160062 37903 1.5 22 15 9 19 55%   9 537865 154 101%
c - 44.37 73 24 17 40 4280 1 166308 37936 1.4 23 16 9 20 55%   9 537865 154 101%
c
c seconds   switched    rate          size/glue  tier1    binary        remaining
c        MB   reductions  conflicts         size   tier2     irredundant
c         level    restarts      redundant     glue    trail        variables
c
c ] 44.60 73 24 18 40 4280 1 168079 39335 1.4 23 16 9 20 55%   9 537865 154 101%
c { 44.60 73 14 18 40 4280 2 168079 39335 1.7 14 8 6 11 51%   9 537865 154 101%
c - 48.46 71 15 18 41 5410 2 172633 39545 1.7 14 9 6 11 52%   9 537865 154 101%
c s 49.25 68 15 18 41 5501 2 173000 39876 1.7 14 9 6 11 52%   9 537642 154 101%
c ^ 49.79 71 15 18 41 5501 2 173000 39876 1.7 14 9 6 11 52%   9 537642 154 101%
c o 53.16 73 16 18 41 6359 2 177114 43630 1.7 15 9 6 11 53%   9 537642 154 101%
c - 54.54 63 16 18 42 6751 2 179036 41619 1.7 15 9 6 11 53%   9 537642 154 101%
c u 56.48 72 17 18 42 7158 2 180566 42993 1.7 15 9 6 11 54%   9 537642 154 101%
c v 57.02 74 17 18 42 7158 2 180566 42971 1.7 15 9 6 11 54%   9 537642 154 101%
c w 57.16 75 17 18 42 7158 2 180566 42946 1.7 15 9 6 11 54%   9 537642 154 101%
c x 57.48 76 17 18 42 7158 2 180566 42946 1.7 15 9 6 11 54%   9 537575 154 101%
c - 61.61 73 18 18 43 8140 2 185516 42872 1.7 15 9 6 12 54%   9 537575 154 101%
c } 65.17 70 18 19 43 9131 3 190427 47331 1.7 16 9 6 12 55%   9 537575 154 101%
c [ 65.17 70 24 19 43 9131 1 190427 47331 1.4 23 16 9 20 55%   9 537575 154 101%
c B 65.17 70 24 19 43 9131 1 190427 47331 1.4 23 16 9 20 55%   9 537575 154 101%
c - 65.43 73 24 19 44 9132 1 192076 43664 1.4 23 16 9 20 55%   9 537575 154 101%
c - 66.32 66 25 19 45 9136 1 198709 43118 1.4 23 16 9 20 55%   9 537575 154 101%
c - 67.17 68 25 19 46 9139 1 205417 42909 1.4 23 16 9 20 55%   9 537575 154 101%
c - 68.05 69 25 19 47 9144 1 212200 42940 1.4 23 16 9 20 55%   9 537575 154 101%
c - 68.99 71 24 19 48 9145 1 219055 42956 1.4 23 16 9 20 55%   9 537575 154 101%
c
c seconds   switched    rate          size/glue  tier1    binary        remaining
c        MB   reductions  conflicts         size   tier2     irredundant
c         level    restarts      redundant     glue    trail        variables
c
c u 69.47 75 24 19 48 9145 1 219778 43487 1.4 23 16 9 20 55%   9 537575 154 101%
c v 69.87 75 24 19 48 9145 1 219778 43370 1.4 23 16 9 20 55%   9 537575 154 101%
c w 69.98 75 24 19 48 9145 1 219778 42971 1.4 23 16 9 20 55%   9 537575 154 101%
c W 70.88 62 24 19 48 9145 1 221879 44637 1.4 23 16 9 20 55%   9 537575 154 101%
c - 71.40 65 25 19 49 9147 1 225983 42345 1.4 23 16 9 20 55%   9 537575 154 101%
c - 72.64 67 25 19 50 9151 1 232983 41491 1.4 23 17 9 20 55%   9 537575 154 101%
c - 73.90 60 26 19 51 9155 1 240054 40552 1.4 24 17 9 20 55%   9 537575 154 101%
c - 75.07 64 26 19 52 9159 1 247195 40543 1.4 24 17 9 21 55%   9 537575 154 101%
c - 76.34 66 26 19 53 9160 1 254406 40790 1.4 24 17 9 21 55%   9 537575 154 101%
c I 76.81 66 26 19 53 9160 1 257231 43184 1.4 24 17 9 21 55%   9 537575 154 101%
c o 76.82 66 26 19 53 9160 1 257231 43184 1.4 24 17 9 21 55%   9 537575 154 101%
c - 77.81 66 26 19 54 9161 1 261686 41912 1.4 24 17 9 21 56%   9 537575 154 101%
c s 78.81 70 26 19 54 9161 1 262987 42980 1.4 24 17 9 21 56%   9 536888 154 101%
c s 79.53 74 26 19 54 9161 1 262987 42980 1.4 24 17 9 21 56%   9 536887 154 101%
c ! 79.55 74 26 19 54 9161 1 262987 42980 1.4 24 17 9 21 56%   9 536887 154 101%
c u 80.03 69 26 19 54 9161 1 263240 43176 1.4 23 17 9 21 56%   9 536887 154 101%
c v 80.40 70 26 19 54 9161 1 263240 43151 1.4 23 17 9 21 56%   9 536887 154 101%
c w 80.52 70 26 19 54 9161 1 263240 43085 1.4 23 17 9 21 56%   9 536887 154 101%
c - 81.92 63 25 19 55 9161 1 269035 42936 1.4 23 16 9 20 56%   9 536887 154 101%
c ] 82.01 64 25 20 55 9161 1 269407 43248 1.4 23 16 9 20 56%   9 536887 154 101%
c
c seconds   switched    rate          size/glue tier1    binary        remaining
c        MB   reductions  conflicts         size  tier2     irredundant
c         level    restarts      redundant    glue    trail        variables
c
c { 82.01 64 18 20 55 9161 3 269407 43248 1.7 16 9 6 12 55%   9 536887 154 101%
c - 83.27 72 18 20 56 9434 2 276454 43513 1.7 16 9 6 12 54%   9 536887 154 101%
c - 85.09 71 17 20 57 9725 2 283937 43514 1.7 15 9 6 12 54%   9 536887 154 101%
c - 87.27 69 17 20 58 9963 2 291487 44205 1.7 15 9 6 11 54%  10 536886 154 101%
c } 88.67 67 17 21 58 10066 2 296149 48072 1.7 15 9 6 11 54%  10 536886 154 101%
c [ 88.67 67 25 21 58 10066 1 296149 48072 1.4 23 16 9 20 56%  10 536886 154 101%
c B 88.75 68 25 21 58 10066 1 296671 48515 1.4 23 16 9 20 56%  10 536886 154 101%
c - 89.19 57 25 21 59 10068 1 299105 44931 1.4 23 16 9 20 56%  10 536886 154 101%
c - 90.73 69 25 21 60 10072 1 306786 46274 1.4 23 16 9 20 55%  10 536886 154 101%
c u 91.69 74 25 21 60 10075 1 311052 49771 1.4 23 16 9 20 55%  10 536886 154 101%
c v 92.09 75 25 21 60 10075 1 311052 49646 1.4 23 16 9 20 55%  10 536886 154 101%
c w 92.23 75 25 21 60 10075 1 311052 49604 1.4 23 16 9 20 55%  10 536886 154 101%
c - 93.36 67 24 21 61 10077 1 314531 47486 1.4 23 16 9 20 55%  10 536886 154 101%
c - 94.71 71 23 21 62 10080 1 322341 48792 1.5 22 15 8 20 55%  10 536886 154 101%
c - 95.87 72 23 21 63 10081 1 330215 49810 1.5 22 15 8 20 55%  10 536886 154 101%
c ] 96.34 72 23 22 63 10083 1 333038 52082 1.5 22 15 8 20 55%  10 536886 154 101%
c { 96.34 72 17 22 63 10083 2 333038 52082 1.7 15 9 6 11 54%  10 536886 154 101%
c - 97.71 67 16 22 64 10087 2 338152 50546 1.7 15 9 6 11 54%  10 536886 154 101%
c - 99.96 74 16 22 65 10093 2 346153 51459 1.8 15 9 6 11 54%  10 536886 154 101%
c - 101.92 70 15 22 66 10095 2 354215 52112 1.8 15 9 6 11 54%  10 536886 154 101%
c
c seconds    switched     rate          size/glue tier1    binary        remaining
c         MB   reductions   conflicts         size  tier2     irredundant
c          level    restarts       redundant    glue    trail        variables
c
c - 103.72 73 15 22 67 10096 2 362340 53636 1.8 15 8 6 11 54%  10 536886 154 101%
c u 104.58 70 14 22 67 10096 2 363273 54437 1.8 15 8 6 11 54%  10 536886 154 101%
c v 105.10 72 14 22 67 10096 2 363273 54163 1.8 15 8 6 11 54%  10 536886 154 101%
c w 105.25 73 14 22 67 10096 2 363273 54072 1.8 15 8 6 11 54%  10 536886 154 101%
c o 106.06 76 14 22 67 10096 2 363273 54072 1.8 15 8 6 11 54%  10 536886 154 101%
c } 106.41 67 14 23 67 10096 2 364556 55184 1.8 15 8 6 11 54%  10 536886 154 101%
c [ 106.41 67 23 23 67 10096 1 364556 55184 1.5 22 15 8 20 55%  10 536886 154 101%
c W 106.56 63 23 23 67 10096 1 364556 55184 1.5 22 15 8 20 55%  10 536886 154 101%
c - 107.64 69 25 23 68 10100 1 370528 54450 1.4 23 16 8 20 56%  10 536886 154 101%
c s 109.60 74 25 23 68 10102 1 376660 59702 1.4 24 16 8 20 56%  10 536470 154 101%
c - 110.78 63 25 23 69 10104 1 378774 55479 1.4 24 16 9 20 56%  10 536470 154 101%
c - 111.94 71 26 23 70 10109 1 387082 56868 1.4 24 17 9 21 57%  10 536470 154 101%
c - 112.99 73 26 23 71 10110 1 395450 57246 1.4 24 17 9 21 56%  10 536470 154 101%
c - 113.98 74 26 23 72 10114 1 403879 56950 1.4 24 17 9 21 56%  10 536470 154 101%
c - 115.01 68 26 23 73 10118 1 412366 57362 1.4 24 17 9 21 56%  10 536470 154 101%
c O 115.04 68 26 23 73 10119 1 412717 57587 1.4 24 17 9 21 56%  10 536470 154 101%
c u 116.57 73 27 23 73 10123 1 419986 63290 1.4 24 18 9 21 56%  10 536470 154 101%
c v 116.98 75 27 23 73 10123 1 419986 63178 1.4 24 18 9 21 56%  10 536470 154 101%
c w 117.14 76 27 23 73 10123 1 419986 63134 1.4 24 18 9 21 56%  10 536470 154 101%
c ] 117.44 63 27 24 73 10124 1 420247 63343 1.4 24 18 9 21 56%  10 536470 154 101%
c
c seconds    switched     rate          size/glue tier1    binary        remaining
c         MB   reductions   conflicts         size  tier2     irredundant
c          level    restarts       redundant    glue    trail        variables
c
c { 117.44 63 14 24 73 10124 2 420247 63343 1.8 15 8 6 11 54%  10 536470 154 101%
c - 117.76 66 14 24 74 10191 2 420910 56323 1.8 15 8 6 10 54%  10 536470 154 101%
c caught signal 15 (SIGTERM)
c
c ---- [ profiling ] ---------------------------------------------------------
c
c          95.65   79.73 %  search
c          52.39   43.67 %  focused
c          43.26   36.06 %  stable
c          21.40   17.84 %  simplify
c          17.69   14.74 %  probe
c          10.80    9.00 %  vivify
c           6.04    5.03 %  eliminate
c           5.58    4.65 %  subsume
c           4.98    4.15 %  factor
c           2.75    2.29 %  preprocess
c           1.09    0.91 %  substitute
c           0.57    0.48 %  sweep
c           0.42    0.35 %  walking
c           0.36    0.30 %  reduce
c           0.21    0.18 %  congruence
c           0.13    0.11 %  parse
c           0.05    0.04 %  lucky
c           0.03    0.03 %  transitive
c           0.00    0.00 %  backbone
c =============================================
c         119.97  100.00 %  total
c
c ---- [ statistics ] --------------------------------------------------------
c
c conflicts:                           429212             3577.68 per second
c decisions:                           674759                1.57 per conflict
c factored:                                 1                1 %  variables
c propagations:                       7685678            64064    per second
c reductions:                              74             5800    interval
c reordered:                                8            53652    interval
c rephased:                                18            23845    interval
c restarts:                             10451               41    interval
c subsumed:                              2943                0 %  checks
c switched:                                24            17884    interval
c vivified:                              8345               25 %  checks
c walks:                                    6            71535    interval
c
c ---- [ glue usage ] --------------------------------------------------------
c
c focused glue 6  used 39650 clauses 14.36% accumulated 59.24% tier1
c focused glue 7  used 32107 clauses 11.63% accumulated 70.87%
c focused glue 8  used 24126 clauses  8.74% accumulated 79.60%
c focused glue 9  used 17611 clauses  6.38% accumulated 85.98%
c focused glue 10 used 11803 clauses  4.27% accumulated 90.26% tier2
c
c stable glue 9     used  56819 clauses  6.76% accumulated 55.32% tier1
c stable glue 10    used  48571 clauses  5.78% accumulated 61.11%
c stable glue 11-19 used 219710 clauses 26.16% accumulated 87.26%
c stable glue 20    used  14996 clauses  1.79% accumulated 89.05%
c stable glue 21    used  13802 clauses  1.64% accumulated 90.69% tier2
c
c ---- [ resources ] ---------------------------------------------------------
c
c maximum-resident-set-size:         79462400 bytes         76 MB
c process-time:                             2m             119.97 seconds
c raising signal 15 (SIGTERM)
