c ---- [ banner ] ------------------------------------------------------------
c
c Kissat SAT Solver
c 
c Copyright (c) 2021-2024 Armin Biere University of Freiburg
c Copyright (c) 2019-2021 Armin Biere Johannes Kepler University Linz
c 
c Version 4.0.4 8af8e56f174b778aef3aa45af9f739b2a5f492c2
c gcc (Ubuntu 13.3.0-6ubuntu2~24.04.1) 13.3.0 -W -Wall -O3 -DNDEBUG
c Wed Apr 15 20:10:47 EEST 2026 Linux cluster-4 6.17.0-14-generic x86_64
c
c ---- [ parsing ] -----------------------------------------------------------
c
c opened and reading DIMACS file:
c
c   tmp.cnf
c
c parsed 'p cnf 190 620160' header
c closing input after reading 17804193 bytes (17 MB)
c finished parsing after 0.14 seconds
c
c ---- [ solving ] -----------------------------------------------------------
c
c seconds switched rate     size/glue tier1 binary        remaining
c        MB reductions conflicts size  tier2   irredundant
c         level restarts redundant glue  trail        variables
c
c *  0.14 48 0 0 0  0 0   0   0 0.0 0 0 0 0 0%   0 620160 190 100%
c (  0.16 59 0 0 0  0 0   0   0 0.0 0 0 0 0 0%   0 620160 190 100%
c .  0.16 59 0 0 0  0 0   0   0 0.0 0 0 0 0 0%   0 620160 190 100%
c )  0.26 61 0 0 0  0 0   0   0 0.0 0 0 0 0 0%   0 620160 190 100%
c {  0.27 62 0 0 0  0 0   0   0 0.0 0 0 2 6 0%   0 620160 190 100%
c -  0.37 66 28 0 1 54 2 1002 631 1.9 27 14 10 19 67%   0 620160 190 100%
c }  0.37 66 28 1 1 54 2 1002 631 1.9 27 14 10 19 67%   0 620160 190 100%
c [  0.37 66 0 1 1 54 0 1002 631 0.0 0 0 2 6 0%   0 620160 190 100%
c B  0.37 66 0 1 1 54 0 1002 631 0.0 0 0 2 6 0%   0 620160 190 100%
c -  0.46 67 58 1 2 54 1 2006 1471 1.8 30 17 12 22 75%   0 620160 190 100%
c W  0.50 63 58 1 2 54 1 2006 1471 1.8 30 17 12 22 75%   0 620160 190 100%
c ]  0.52 64 56 2 2 55 1 2115 1552 1.7 29 17 12 22 74%   0 620160 190 100%
c {  0.52 64 28 2 2 55 2 2115 1552 1.9 27 14 10 19 67%   0 620160 190 100%
c u  0.68 66 28 2 2 75 2 2784 2181 2.1 30 14 10 19 69%   0 620160 190 100%
c v  0.71 66 28 2 2 75 2 2784 2178 2.1 30 14 10 19 69%   0 620160 190 100%
c w  0.73 66 28 2 2 75 2 2784 2178 2.1 30 14 10 19 69%   0 620160 190 100%
c }  0.86 70 28 3 2 97 2 3115 2495 2.1 30 14 10 19 69%   0 620160 190 100%
c [  0.86 70 56 3 2 97 1 3115 2495 1.7 29 17 12 22 74%   0 620160 190 100%
c -  0.89 70 50 3 3 97 1 3420 2553 1.8 31 17 13 23 73%   0 620160 190 100%
c I  0.96 70 44 3 3 98 1 4265 3327 1.9 36 19 13 23 73%   0 620160 190 100%
c
c seconds  switched rate       size/glue  tier1     binary        remaining
c        MB reductions conflicts     size    tier2     irredundant
c         level restarts  redundant     glue     trail        variables
c
c ]  1.02 71 50 4 3 98 1 4661 3705 1.8 36 21 13 26 72%   0 620160 190 100%
c {  1.02 71 28 4 3 98 2 4661 3705 2.1 30 14 10 19 69%   0 620160 190 100%
c -  1.09 72 29 4 4 108 2 5153 3531 2.1 30 14 11 19 69%   0 620160 190 100%
c }  1.33 73 29 5 4 179 2 7013 5208 2.1 30 14 11 19 69%   0 620160 190 100%
c [  1.33 73 50 5 4 179 1 7013 5208 1.8 36 21 13 26 72%   0 620160 190 100%
c -  1.36 73 49 5 5 179 1 7154 4610 1.8 36 20 13 26 72%   0 620160 190 100%
c B  1.43 73 45 5 5 179 1 8038 5385 1.8 36 19 13 26 72%   0 620160 190 100%
c u  1.61 60 45 5 5 180 1 8575 5836 1.8 36 20 13 26 73%   0 620160 190 100%
c v  1.66 62 45 5 5 180 1 8575 5832 1.8 36 20 13 26 73%   0 620160 190 100%
c w  1.69 63 45 5 5 180 1 8575 5832 1.8 36 20 13 26 73%   0 620160 190 100%
c -  1.84 69 46 5 6 181 1 9390 5475 1.7 37 22 13 29 72%   0 620160 190 100%
c ]  1.89 69 47 6 6 181 1 9880 5904 1.6 37 23 13 29 71%   0 620160 190 100%
c {  1.89 69 29 6 6 181 2 9880 5904 2.1 30 14 11 19 69%   0 620160 190 100%
c o  2.08 71 27 6 6 207 2 11374 7212 2.3 29 13 11 19 69%   0 620160 190 100%
c -  2.28 74 27 6 7 227 2 11839 5950 2.3 29 13 9 17 68%   0 620160 190 100%
c ^  3.21 75 28 6 7 322 2 13915 7790 2.3 29 12 9 17 68%   0 620160 190 100%
c }  3.27 76 28 7 7 331 2 13949 7824 2.3 29 12 9 17 68%   0 620160 190 100%
c [  3.27 76 47 7 7 331 1 13949 7824 1.6 37 23 13 29 71%   0 620160 190 100%
c W  3.33 64 47 7 7 331 1 13949 7824 1.6 37 23 13 29 71%   0 620160 190 100%
c -  3.40 65 47 7 8 331 1 14484 6746 1.6 37 24 13 33 70%   0 620160 190 100%
c
c seconds  switched  rate        size/glue  tier1     binary        remaining
c        MB reductions conflicts       size    tier2     irredundant
c         level restarts    redundant     glue     trail        variables
c
c -  3.71 66 47 7 9 333 1 17318 7719 1.5 39 26 14 37 70%   0 620160 190 100%
c u  3.83 67 47 7 9 333 1 17564 7920 1.5 39 26 14 37 70%   0 620160 190 100%
c v  3.89 68 47 7 9 333 1 17564 7910 1.5 39 26 14 37 70%   0 620160 190 100%
c w  3.93 68 47 7 9 333 1 17564 7910 1.5 39 26 14 37 70%   0 620160 190 100%
c -  4.29 71 47 7 10 336 1 20318 8662 1.4 39 27 14 38 70%   0 620160 190 100%
c O  4.38 71 46 7 10 336 1 21477 9673 1.4 39 27 14 38 70%   0 620160 190 100%
c o  4.39 71 46 7 10 336 1 21477 9673 1.4 39 27 14 38 70%   0 620160 190 100%
c ]  4.43 72 46 8 10 336 1 21789 9958 1.4 39 27 14 38 70%   0 620160 190 100%
c {  4.43 72 28 8 10 336 2 21789 9958 2.3 29 12 9 17 68%   0 620160 190 100%
c -  4.93 64 28 8 11 603 3 23481 9905 2.3 28 12 9 16 68%   0 620160 190 100%
c -  5.60 75 28 8 12 867 3 26798 11100 2.4 29 12 9 16 70%   0 620160 190 100%
c ^  6.14 75 28 8 12 983 3 27828 12086 2.4 29 12 9 16 71%   0 620160 190 100%
c }  6.17 75 28 9 12 997 3 27948 12201 2.4 29 12 9 16 71%   0 620160 190 100%
c [  6.17 75 46 9 12 997 1 27948 12201 1.4 39 27 14 38 70%   0 620160 190 100%
c u  6.51 77 44 9 12 998 1 29948 14021 1.5 39 26 14 38 70%   0 620160 190 100%
c v  6.61 77 44 9 12 998 1 29948 14005 1.5 39 26 14 38 70%   0 620160 190 100%
c w  6.66 77 44 9 12 998 1 29948 14005 1.5 39 26 14 38 70%   0 620160 190 100%
c -  6.76 77 44 9 13 999 1 30265 12076 1.5 39 26 13 37 70%   0 620160 190 100%
c B  6.87 77 45 9 13 999 1 31239 12931 1.5 39 26 13 37 70%   0 620160 190 100%
c -  7.17 78 49 9 14 1001 1 33870 12515 1.5 41 28 14 39 71%   0 620160 190 100%
c
c seconds  switched    rate         size/glue  tier1     binary        remaining
c        MB  reductions  conflicts        size    tier2     irredundant
c         level   restarts     redundant     glue     trail        variables
c
c -  7.47 78 52 9 15 1003 1 37611 12298 1.4 42 30 14 41 72%   0 620160 190 100%
c ]  7.67 78 53 10 15 1003 1 40251 14703 1.4 43 31 14 41 72%   0 620160 190 100%
c {  7.67 78 28 10 15 1003 3 40251 14703 2.4 29 12 9 16 71%   0 620160 190 100%
c -  7.98 74 29 10 16 1163 3 41483 12943 2.3 30 13 9 17 71%   0 620160 190 100%
c o  8.00 74 29 10 16 1167 3 41505 12964 2.3 30 13 9 17 71%   0 620160 190 100%
c -  8.86 78 28 10 17 1447 3 45483 14415 2.4 30 12 9 16 70%   0 620160 190 100%
c u  9.21 69 28 10 17 1479 3 45894 14781 2.4 29 12 9 16 70%   0 620160 190 100%
c v  9.35 72 28 10 17 1479 3 45894 14768 2.4 29 12 9 16 70%   0 620160 190 100%
c w  9.40 73 28 10 17 1479 3 45894 14767 2.4 29 12 9 16 70%   0 620160 190 100%
c } 10.06 79 28 11 17 1705 3 48878 17485 2.4 30 12 9 16 70%   0 620160 190 100%
c [ 10.06 79 53 11 17 1705 1 48878 17485 1.4 43 31 14 41 72%   0 620160 190 100%
c W 10.13 64 53 11 17 1705 1 48878 17485 1.4 43 31 14 41 72%   0 620160 190 100%
c - 10.22 65 53 11 18 1705 1 49606 15615 1.4 43 31 14 42 72%   0 620160 190 100%
c - 10.58 66 53 11 19 1708 1 53848 16432 1.3 43 32 14 43 72%   0 620160 190 100%
c ^ 11.35 71 53 11 19 1711 1 57991 20248 1.3 43 32 14 43 72%   0 620160 190 100%
c - 11.39 71 53 11 20 1711 1 58207 17283 1.3 43 32 14 43 72%   0 620160 190 100%
c - 11.73 71 52 11 21 1713 1 62680 18390 1.4 43 32 14 41 73%   0 620160 190 100%
c I 11.83 71 52 11 21 1714 1 63782 19391 1.4 43 32 14 41 73%   0 620160 190 100%
c ] 12.03 73 51 12 21 1714 1 65114 20625 1.4 43 31 14 41 72%   0 620160 190 100%
c { 12.03 73 28 12 21 1714 3 65114 20625 2.4 30 12 9 16 70%   0 620160 190 100%
c
c seconds   switched    rate         size/glue  tier1    binary        remaining
c        MB   reductions  conflicts        size   tier2     irredundant
c         level    restarts     redundant     glue    trail        variables
c
c u 12.28 76 28 12 21 1768 3 65513 20992 2.4 30 12 9 16 70%   0 620160 190 100%
c v 12.37 76 28 12 21 1768 3 65513 20969 2.4 30 12 9 16 70%   0 620160 190 100%
c w 12.43 76 28 12 21 1768 3 65513 20966 2.4 30 12 9 16 70%   0 620160 190 100%
c - 13.02 69 28 12 22 1927 3 67263 19685 2.4 30 13 9 16 70%   0 620160 190 100%
c o 14.02 75 29 12 22 2267 3 71534 23605 2.4 30 13 9 16 71%   0 620160 190 100%
c - 14.16 78 29 12 23 2306 3 71953 20952 2.4 30 13 9 17 71%   0 620160 190 100%
c } 15.26 77 29 13 23 2575 3 76593 25161 2.4 30 13 9 17 71%   0 620160 190 100%
c [ 15.26 77 51 13 23 2575 1 76593 25161 1.4 43 31 14 41 72%   0 620160 190 100%
c - 15.29 77 51 13 24 2575 1 76750 21771 1.4 43 31 14 41 72%   0 620160 190 100%
c B 15.68 78 51 13 24 2578 1 81584 26098 1.4 42 30 14 41 73%   0 620160 190 100%
c - 15.71 78 51 13 25 2578 1 81651 22802 1.4 42 30 13 40 73%   0 620160 190 100%
c - 16.30 66 51 13 26 2581 1 86654 23440 1.4 42 31 13 41 73%   0 620160 190 100%
c u 16.83 73 51 13 26 2581 1 88943 25521 1.4 42 31 13 41 73%   0 620160 190 100%
c v 17.06 74 51 13 26 2581 1 88943 25489 1.4 42 31 13 41 73%   0 620160 190 100%
c w 17.14 75 51 13 26 2581 1 88943 25489 1.4 42 31 13 41 73%   0 620160 190 100%
c - 17.49 75 51 13 27 2584 1 91756 23953 1.4 42 31 13 40 73%   0 620160 190 100%
c - 17.96 75 50 13 28 2587 1 96953 25446 1.4 42 30 13 39 74%   0 620160 190 100%
c ] 18.13 75 49 14 28 2588 1 98817 27083 1.4 42 30 13 39 74%   0 620160 190 100%
c { 18.13 75 29 14 28 2588 3 98817 27083 2.4 30 13 9 17 71%   0 620160 190 100%
c - 18.84 75 29 14 29 2810 3 102245 26850 2.4 30 13 9 16 72%   0 620160 190 100%
c
c seconds   switched    rate          size/glue  tier1    binary        remaining
c        MB   reductions  conflicts         size   tier2     irredundant
c         level    restarts      redundant     glue    trail        variables
c
c ^ 20.47 81 29 14 29 3055 3 106575 30851 2.4 30 13 9 16 72%   0 620160 190 100%
c - 20.75 75 29 14 30 3117 3 107630 28103 2.4 30 13 9 16 72%   0 620160 190 100%
c o 21.69 72 29 14 30 3379 3 111826 31929 2.4 30 13 9 16 72%   0 620160 190 100%
c - 22.08 66 29 14 31 3466 3 113107 29194 2.4 30 13 9 16 72%   0 620160 190 100%
c } 22.18 72 29 15 31 3505 3 113532 29587 2.4 30 13 9 16 72%   0 620160 190 100%
c [ 22.18 72 49 15 31 3505 1 113532 29587 1.4 42 30 13 39 74%   0 620160 190 100%
c W 22.25 67 49 15 31 3505 1 113532 29587 1.4 42 30 13 39 74%   0 620160 190 100%
c u 22.85 71 49 15 31 3507 1 116325 32165 1.4 42 30 13 39 75%   0 620160 190 100%
c v 23.05 72 49 15 31 3507 1 116325 32131 1.4 42 30 13 39 75%   0 620160 190 100%
c w 23.13 72 49 15 31 3507 1 116325 32122 1.4 42 30 13 39 75%   0 620160 190 100%
c - 23.43 73 49 15 32 3508 1 118676 30453 1.4 42 30 13 39 75%   0 620160 190 100%
c - 24.00 73 48 15 33 3511 1 124335 31832 1.4 42 30 13 38 75%   0 620160 190 100%
c - 24.60 74 47 15 34 3514 1 130080 32708 1.4 41 29 13 38 75%   0 620160 190 100%
c - 25.24 74 47 15 35 3518 1 135911 32330 1.4 41 29 13 38 74%   0 620160 190 100%
c O 25.44 74 47 15 35 3518 1 137758 33822 1.4 41 29 13 38 74%   0 620160 190 100%
c ] 25.50 75 47 16 35 3518 1 138340 34341 1.4 41 29 13 38 74%   0 620160 190 100%
c { 25.50 75 29 16 35 3518 3 138340 34341 2.4 30 13 9 16 72%   0 620160 190 100%
c - 26.45 76 29 16 36 3802 3 141829 32596 2.4 30 13 9 16 71%   0 620160 190 100%
c u 28.12 70 29 16 36 4176 3 147741 38028 2.4 30 13 9 16 71%   0 620160 190 100%
c v 28.33 74 29 16 36 4176 3 147741 37986 2.4 30 13 9 16 71%   0 620160 190 100%
c
c seconds   switched    rate          size/glue  tier1    binary        remaining
c        MB   reductions  conflicts         size   tier2     irredundant
c         level    restarts      redundant     glue    trail        variables
c
c w 28.43 76 29 16 36 4176 3 147741 37959 2.4 30 13 9 16 71%   0 620160 190 100%
c - 28.54 77 29 16 37 4182 3 147829 33988 2.4 30 13 9 16 71%   0 620160 190 100%
c - 30.64 64 29 16 38 4909 3 153914 34790 2.4 30 13 9 16 71%   0 620160 190 100%
c } 31.38 76 29 17 38 5154 3 156678 37389 2.4 30 13 9 16 71%   0 620160 190 100%
c [ 31.38 76 47 17 38 5154 1 156678 37389 1.4 41 29 13 38 74%   0 620160 190 100%
c - 31.71 78 46 17 39 5156 1 160078 35863 1.4 41 29 13 37 74%   0 620160 190 100%
c B 32.20 79 45 17 39 5160 1 165498 40630 1.4 40 28 13 37 74%   0 620160 190 100%
c o 32.21 79 45 17 39 5160 1 165498 40630 1.4 40 28 13 37 74%   0 620160 190 100%
c - 32.33 80 46 17 40 5160 1 166322 36787 1.4 40 28 12 37 74%   0 620160 190 100%
c - 33.02 81 46 17 41 5163 1 172646 36827 1.4 40 28 12 37 73%   0 620160 190 100%
c ^ 34.29 79 46 17 41 5165 1 175613 39550 1.4 40 28 12 37 73%   0 620160 190 100%
c - 34.65 80 46 17 42 5167 1 179051 36774 1.4 40 28 12 37 73%   0 620160 190 100%
c u 35.27 83 45 17 42 5168 1 183305 40642 1.4 40 28 12 37 73%   0 620160 190 100%
c v 35.47 83 45 17 42 5168 1 183305 40585 1.4 40 28 12 37 73%   0 620160 190 100%
c w 35.56 83 45 17 42 5168 1 183305 40468 1.4 40 28 12 37 73%   0 620160 190 100%
c - 35.99 84 45 17 43 5168 1 185533 37224 1.4 40 28 12 36 73%   0 620160 190 100%
c - 36.68 69 45 17 44 5170 1 192094 37852 1.4 40 28 12 36 73%   0 620160 190 100%
c ] 36.81 70 45 18 44 5171 1 193529 39165 1.4 40 28 12 36 73%   0 620160 190 100%
c { 36.81 70 29 18 44 5171 3 193529 39165 2.4 30 13 9 16 71%   0 620160 190 100%
c - 38.33 79 29 18 45 5767 3 198728 38926 2.4 30 13 9 17 71%   0 620160 190 100%
c
c seconds   switched    rate          size/glue  tier1    binary        remaining
c        MB   reductions  conflicts         size   tier2     irredundant
c         level    restarts      redundant     glue    trail        variables
c
c - 40.07 81 29 18 46 6387 3 205437 40539 2.4 31 13 9 17 71%   0 620160 190 100%
c - 42.08 77 29 18 47 6934 3 212219 41395 2.4 31 13 9 17 71%   0 620160 190 100%
c } 43.12 82 29 19 47 7136 2 215876 44849 2.4 31 13 9 17 71%   0 620160 190 100%
c [ 43.12 82 45 19 47 7136 1 215876 44849 1.4 40 28 12 36 73%   0 620160 190 100%
c W 43.20 69 45 19 47 7136 1 215876 44849 1.4 40 28 12 36 73%   0 620160 190 100%
c - 43.55 73 45 19 48 7138 1 219074 40560 1.4 40 28 12 36 73%   0 620160 190 100%
c u 44.36 75 45 19 48 7141 1 223125 44037 1.4 40 28 12 36 73%   0 620160 190 100%
c v 44.73 76 45 19 48 7141 1 223125 44000 1.4 40 28 12 36 73%   0 620160 190 100%
c w 44.87 76 45 19 48 7141 1 223125 43874 1.4 40 28 12 36 73%   0 620160 190 100%
c - 45.23 76 45 19 49 7142 1 226002 39310 1.4 40 28 12 36 73%   0 620160 190 100%
c - 45.87 76 45 19 50 7146 1 233002 39918 1.4 40 28 12 36 74%   0 620160 190 100%
c o 45.95 76 45 19 50 7147 1 233783 40645 1.4 40 28 12 36 74%   0 620160 190 100%
c - 46.51 77 45 19 51 7149 1 240073 39589 1.4 40 28 12 36 74%   0 620160 190 100%
c - 47.18 77 45 19 52 7150 1 247216 38742 1.4 40 28 12 36 74%   0 620160 190 100%
c I 47.56 77 45 19 52 7152 1 251228 42482 1.4 40 28 12 36 74%   0 620160 190 100%
c - 47.95 78 46 19 53 7154 1 254427 38736 1.4 40 28 12 36 73%   0 620160 190 100%
c - 48.61 63 46 19 54 7157 1 261707 38211 1.4 40 28 12 36 72%   0 620160 190 100%
c ] 48.78 64 46 20 54 7158 1 263518 39830 1.4 40 28 12 36 72%   0 620160 190 100%
c { 48.78 64 29 20 54 7158 2 263518 39830 2.4 31 13 9 17 71%   0 620160 190 100%
c ! 50.91 83 29 20 54 7376 2 266994 43001 2.4 31 13 9 17 71%   0 620160 190 100%
c
c seconds   switched    rate          size/glue  tier1    binary        remaining
c        MB   reductions  conflicts         size   tier2     irredundant
c         level    restarts      redundant     glue    trail        variables
c
c u 51.32 79 29 20 54 7399 2 267260 43202 2.4 31 13 9 17 71%   0 620160 190 100%
c v 51.59 82 29 20 54 7399 2 267260 43163 2.4 31 13 9 17 71%   0 620160 190 100%
c w 51.70 82 29 20 54 7399 2 267260 43158 2.4 31 13 9 17 71%   0 620160 190 100%
c - 52.16 79 29 20 55 7497 3 269055 38111 2.4 31 13 9 17 71%   0 620160 190 100%
c - 53.98 77 29 20 56 7992 3 276471 39525 2.4 31 13 9 17 71%   0 620160 190 100%
c - 55.47 78 29 20 57 8331 3 283957 41498 2.4 31 13 9 17 71%   0 620160 190 100%
c } 56.94 82 29 21 57 8693 3 290259 47445 2.4 31 13 9 17 71%   0 620160 190 100%
c [ 56.94 82 46 21 57 8693 1 290259 47445 1.4 40 28 12 36 72%   0 620160 190 100%
c B 56.97 83 46 21 57 8693 1 290668 47816 1.4 40 28 12 36 72%   0 620160 190 100%
c - 57.14 68 46 21 58 8694 1 291506 43233 1.4 40 28 12 36 72%   0 620160 190 100%
c - 57.94 73 45 21 59 8699 1 299121 45049 1.4 40 28 12 36 72%   0 620160 190 100%
c - 58.66 74 44 21 60 8702 1 306804 46513 1.4 39 28 12 36 72%   0 620160 190 100%
c - 59.43 75 44 21 61 8706 1 314549 46862 1.4 39 27 12 35 72%   0 620160 190 100%
c u 60.10 79 43 21 61 8707 1 315817 47972 1.4 39 27 12 35 72%   0 620160 190 100%
c v 60.56 79 43 21 61 8707 1 315817 47895 1.4 39 27 12 35 72%   0 620160 190 100%
c w 60.70 80 43 21 61 8707 1 315817 47784 1.4 39 27 12 35 72%   0 620160 190 100%
c o 60.76 80 43 21 61 8707 1 315817 47784 1.4 39 27 12 35 72%   0 620160 190 100%
c - 61.37 80 44 21 62 8707 1 322359 44315 1.4 39 27 12 35 71%   0 620160 190 100%
c - 62.09 81 45 21 63 8712 1 330236 41633 1.4 39 28 12 36 71%   0 620160 190 100%
c W 62.57 71 45 21 63 8714 1 334379 45423 1.4 39 28 12 36 71%   0 620160 190 100%
c
c seconds   switched    rate          size/glue  tier1     binary        remaining
c        MB   reductions  conflicts         size    tier2     irredundant
c         level    restarts      redundant     glue     trail        variables
c
c ] 62.80 72 45 22 63 8715 1 336796 47591 1.4 39 28 12 36 71%   0 620160 190 100%
c { 62.80 72 29 22 63 8715 3 336796 47591 2.4 31 13 9 17 71%   0 620160 190 100%
c - 63.03 74 29 22 64 8756 2 338173 41714 2.4 31 13 9 17 71%   0 620160 190 100%
c - 64.86 79 28 22 65 8931 2 346173 43288 2.3 30 13 9 17 70%   0 620160 190 100%
c - 66.54 62 28 22 66 9059 2 354235 45282 2.4 30 13 9 17 70%   0 620160 190 100%
c - 67.84 65 27 22 67 9130 2 362359 47537 2.3 29 13 9 16 68%   0 620160 190 100%
c } 69.88 80 27 23 67 9290 2 368314 52842 2.3 29 12 9 16 69%   0 620160 190 100%
c [ 69.88 80 45 23 67 9290 1 368314 52842 1.4 39 28 12 36 71%   0 620160 190 100%
c u 70.47 76 45 23 67 9290 1 368855 53256 1.4 39 28 12 36 71%   0 620160 190 100%
c v 70.91 79 45 23 67 9290 1 368855 53226 1.4 39 28 12 36 71%   0 620160 190 100%
c w 71.06 80 45 23 67 9290 1 368855 53212 1.4 39 28 12 36 71%   0 620160 190 100%
c - 71.32 81 45 23 68 9292 1 370546 49190 1.4 39 28 12 36 71%   0 620160 190 100%
c - 72.04 81 44 23 69 9296 1 378792 50744 1.4 39 27 12 35 72%   0 620160 190 100%
c O 72.36 82 44 23 69 9298 1 382540 54131 1.4 38 27 12 35 72%   0 620160 190 100%
c - 72.74 82 44 23 70 9301 1 387099 52719 1.4 38 27 12 35 72%   0 620160 190 100%
c - 73.54 83 43 23 71 9304 1 395466 54240 1.5 39 26 12 35 72%   0 620160 190 100%
c - 74.37 83 42 23 72 9306 1 403892 55227 1.5 39 26 12 34 72%   0 620160 190 100%
c - 75.29 83 42 23 73 9311 1 412377 56185 1.5 39 26 12 34 71%   0 620160 190 100%
c - 76.13 84 41 23 74 9316 1 420921 56816 1.5 39 25 12 34 71%   0 620160 190 100%
c o 76.42 84 40 23 74 9318 1 423856 59373 1.5 39 25 12 34 71%   0 620160 190 100%
c
c seconds   switched    rate          size/glue  tier1     binary        remaining
c        MB   reductions  conflicts         size    tier2     irredundant
c         level    restarts      redundant     glue     trail        variables
c
c u 77.01 85 41 23 74 9318 1 426456 61769 1.5 39 25 12 34 71%   0 620160 190 100%
c v 77.24 85 41 23 74 9318 1 426456 61760 1.5 39 25 12 34 71%   0 620160 190 100%
c w 77.34 86 41 23 74 9318 1 426456 61725 1.5 39 25 12 34 71%   0 620160 190 100%
c - 77.89 73 41 23 75 9319 1 429524 56682 1.5 39 25 12 33 71%   0 620160 190 100%
c ] 78.12 74 41 24 75 9319 1 432058 59031 1.5 39 25 12 33 71%   0 620160 190 100%
c { 78.12 74 27 24 75 9319 2 432058 59031 2.3 29 12 9 16 69%   0 620160 190 100%
c - 80.09 81 27 24 76 9951 2 438185 55781 2.3 29 13 9 16 69%   0 620160 190 100%
c - 82.50 76 28 24 77 10586 2 446902 55884 2.3 29 13 9 16 69%   0 620160 190 100%
c - 84.57 79 28 24 78 11046 2 455677 56494 2.4 30 13 9 16 69%   0 620160 190 100%
c - 87.09 78 28 24 79 11673 2 464508 57723 2.3 29 13 9 16 69%   0 620160 190 100%
c } 88.10 85 28 25 79 11950 2 468735 61636 2.4 30 13 9 16 70%   0 620160 190 100%
c [ 88.10 85 41 25 79 11950 1 468735 61636 1.5 39 25 12 33 71%   0 620160 190 100%
c B 88.10 85 41 25 79 11950 1 468735 61636 1.5 39 25 12 33 71%   0 620160 190 100%
c - 88.72 85 41 25 80 11953 1 473396 59359 1.5 39 25 12 33 71%   0 620160 190 100%
c - 89.56 72 41 25 81 11957 1 482340 60349 1.5 38 25 12 33 70%   0 620160 190 100%
c u 90.98 83 41 25 81 11962 1 488677 65840 1.5 38 25 12 33 70%   0 620160 190 100%
c v 91.65 84 41 25 81 11962 1 488677 65566 1.5 38 25 12 33 70%   0 620160 190 100%
c w 91.86 84 41 25 81 11962 1 488677 65500 1.5 38 25 12 33 70%   0 620160 190 100%
c - 92.22 85 41 25 82 11963 1 491340 60626 1.5 38 25 12 33 70%   0 620160 190 100%
c - 93.18 85 42 25 83 11964 1 500395 60621 1.5 38 26 12 34 71%   0 620160 190 100%
c
c seconds   switched     rate          size/glue  tier1     binary        remaining
c        MB   reductions   conflicts         size    tier2     irredundant
c         level    restarts       redundant     glue     trail        variables
c
c - 94.21 85 42 25 84 11970 1 509506 60854 1.5 38 26 12 34 71%   0 620160 190 100%
c - 95.05 85 41 25 85 11974 1 518671 62023 1.5 38 26 12 33 71%   0 620160 190 100%
c W 95.90 72 41 25 85 11978 1 526319 68689 1.5 38 26 12 33 70%   0 620160 190 100%
c o 95.91 72 41 25 85 11978 1 526319 68689 1.5 38 26 12 33 70%   0 620160 190 100%
c - 96.05 73 42 25 86 11978 1 527891 61408 1.4 38 26 12 33 70%   0 620160 190 100%
c - 96.80 74 43 25 87 11980 1 537164 58910 1.4 38 27 12 34 71%   0 620160 190 100%
c ] 97.10 74 43 26 87 11980 1 541000 62374 1.4 38 27 12 34 71%   0 620160 190 100%
c { 97.10 74 28 26 87 11980 2 541000 62374 2.4 30 13 9 16 70%   0 620160 190 100%
c - 98.80 82 28 26 88 12378 3 546492 56731 2.3 30 13 9 16 70%   0 620160 190 100%
c u 101.83 81 28 26 88 12912 3 555600 65159 2.3 30 13 9 16 70%   0 620160 190 100%
c v 102.38 83 28 26 88 12912 3 555600 65121 2.3 30 13 9 16 70%   0 620160 190 100%
c w 102.55 84 28 26 88 12912 3 555600 65119 2.3 30 13 9 16 70%   0 620160 190 100%
c - 102.73 73 28 26 89 12948 3 555872 58481 2.3 30 13 9 16 70%   0 620160 190 100%
c - 105.54 80 29 26 90 13692 3 565306 60815 2.3 30 13 9 16 70%   0 620160 190 100%
c - 108.28 76 29 26 91 14302 3 574792 62956 2.3 30 13 9 16 70%   0 620160 190 100%
c } 110.63 68 29 27 91 14791 3 583220 70726 2.3 30 13 9 16 70%   0 620160 190 100%
c [ 110.63 68 43 27 91 14791 1 583220 70726 1.4 38 27 12 34 71%   0 620160 190 100%
c - 110.78 69 43 27 92 14792 1 584333 65014 1.4 38 27 12 34 71%   0 620160 190 100%
c I 111.22 70 42 27 92 14795 1 588869 69334 1.4 38 27 12 34 71%   0 620160 190 100%
c - 111.84 77 42 27 93 14797 1 593927 66837 1.4 38 26 12 34 71%   0 620160 190 100%
c
c seconds    switched     rate          size/glue  tier1     binary        remaining
c         MB   reductions   conflicts         size    tier2     irredundant
c          level    restarts       redundant     glue     trail        variables
c
c - 112.84 80 42 27 94 14803 1 603570 67578 1.4 38 26 12 33 70%   0 620160 190 100%
c - 113.85 82 42 27 95 14805 1 613265 66993 1.4 38 26 12 33 70%   0 620160 190 100%
c - 114.79 82 42 27 96 14810 1 623013 64834 1.4 38 26 12 34 71%   0 620160 190 100%
c u 115.89 85 42 27 96 14812 1 627284 68784 1.4 38 26 12 34 71%   0 620160 190 100%
c v 116.48 86 42 27 96 14812 1 627284 68612 1.4 38 26 12 34 71%   0 620160 190 100%
c w 116.68 86 42 27 96 14812 1 627284 68558 1.4 38 26 12 34 71%   0 620160 190 100%
c o 116.75 86 42 27 96 14812 1 627284 68558 1.4 38 26 12 34 71%   0 620160 190 100%
c - 117.28 71 43 27 97 14815 1 632812 62090 1.4 38 27 12 34 71%   0 620160 190 100%
c - 118.22 73 43 27 98 14820 1 642660 59259 1.4 38 27 12 34 71%   0 620160 190 100%
c - 119.12 73 43 27 99 14821 1 652560 56411 1.4 39 27 12 34 71%   0 620160 190 100%
c B 119.47 73 43 27 99 14821 1 656551 59936 1.4 39 27 12 34 71%   0 620160 190 100%
c caught signal 15 (SIGTERM)
c
c ---- [ profiling ] ---------------------------------------------------------
c
c         101.29   84.43 %  search
c          58.24   48.55 %  focused
c          43.05   35.88 %  stable
c          18.40   15.34 %  simplify
c          14.02   11.69 %  probe
c          12.18   10.16 %  vivify
c           3.95    3.30 %  eliminate
c           3.53    2.95 %  subsume
c           1.49    1.24 %  substitute
c           0.81    0.67 %  reduce
c           0.54    0.45 %  walking
c           0.17    0.14 %  congruence
c           0.14    0.11 %  parse
c           0.12    0.10 %  sweep
c           0.11    0.09 %  preprocess
c           0.04    0.04 %  transitive
c           0.03    0.02 %  lucky
c           0.01    0.01 %  factor
c           0.00    0.00 %  backbone
c =============================================
c         119.96  100.00 %  total
c
c ---- [ statistics ] --------------------------------------------------------
c
c conflicts:                           661753             5516.25 per second
c decisions:                          1098044                1.66 per conflict
c propagations:                      18268639           152284    per second
c reductions:                              99             6684    interval
c reordered:                               11            60159    interval
c rephased:                                22            30080    interval
c restarts:                             14821               45    interval
c switched:                                27            24509    interval
c vivified:                              8477               31 %  checks
c walks:                                    7            94536    interval
c
c ---- [ glue usage ] --------------------------------------------------------
c
c focused glue 9     used 32581 clauses  8.83% accumulated 55.63% tier1
c focused glue 10    used 25902 clauses  7.02% accumulated 62.64%
c focused glue 11-14 used 75589 clauses 20.48% accumulated 83.12%
c focused glue 15    used 13771 clauses  3.73% accumulated 86.85%
c focused glue 16    used 11645 clauses  3.16% accumulated 90.01% tier2
c
c stable glue 12    used  57294 clauses  3.77% accumulated 52.87% tier1
c stable glue 13    used  48386 clauses  3.18% accumulated 56.05%
c stable glue 14-32 used 495714 clauses 32.62% accumulated 88.67%
c stable glue 33    used  16423 clauses  1.08% accumulated 89.75%
c stable glue 34    used  15546 clauses  1.02% accumulated 90.77% tier2
c
c ---- [ resources ] ---------------------------------------------------------
c
c maximum-resident-set-size:         89735168 bytes         86 MB
c process-time:                             2m             119.96 seconds
c raising signal 15 (SIGTERM)
