c ---- [ banner ] ------------------------------------------------------------
c
c Kissat SAT Solver
c 
c Copyright (c) 2021-2024 Armin Biere University of Freiburg
c Copyright (c) 2019-2021 Armin Biere Johannes Kepler University Linz
c 
c Version 4.0.4 8af8e56f174b778aef3aa45af9f739b2a5f492c2
c gcc (Ubuntu 13.3.0-6ubuntu2~24.04.1) 13.3.0 -W -Wall -O3 -DNDEBUG
c Wed Apr 15 20:10:47 EEST 2026 Linux cluster-4 6.17.0-14-generic x86_64
c
c ---- [ parsing ] -----------------------------------------------------------
c
c opened and reading DIMACS file:
c
c   tmp.cnf
c
c parsed 'p cnf 120 151008' header
c closing input after reading 3559667 bytes (3 MB)
c finished parsing after 0.03 seconds
c
c ---- [ solving ] -----------------------------------------------------------
c
c seconds switched rate     size/glue tier1 binary        remaining
c        MB reductions conflicts size  tier2   irredundant
c         level restarts redundant glue  trail        variables
c
c *  0.03 14 0 0 0  0 0   0   0 0.0 0 0 0 0 0%   0 151008 120 100%
c (  0.04 16 0 0 0  0 0   0   0 0.0 0 0 0 0 0%   0 151008 120 100%
c .  0.04 16 0 0 0  0 0   0   0 0.0 0 0 0 0 0%   0 151008 120 100%
c f  3.01 18 0 0 0  0 0   0   0 0.0 0 0 0 0 0%  72 84978 137 114%
c )  3.01 18 0 0 0  0 0   0   0 0.0 0 0 0 0 0%  72 84978 137 114%
c {  3.02 18 0 0 0  0 0   0   0 0.0 0 0 2 6 0%  72 84978 137 114%
c -  3.05 18 17 0 1 27 2 1000 587 1.8 15 8 6 11 57%  72 84978 137 114%
c }  3.05 18 17 1 1 27 2 1000 587 1.8 15 8 6 11 57%  72 84978 137 114%
c [  3.05 18 0 1 1 27 0 1000 587 0.0 0 0 2 6 0%  72 84978 137 114%
c B  3.05 18 13 1 1 27 1 1001 588 2.4 12 5 2 6 50%  72 84978 137 114%
c -  3.09 18 29 1 2 27 1 2000 1446 1.8 28 15 9 22 71%  72 84978 137 114%
c W  3.09 23 29 1 2 27 1 2003 1449 1.8 28 15 9 22 71%  72 84978 137 114%
c ]  3.11 23 29 2 2 28 1 2337 1748 1.7 27 16 9 22 70%  72 84978 137 114%
c {  3.11 23 17 2 2 28 2 2337 1748 1.8 15 8 6 11 57%  72 84978 137 114%
c u  3.13 24 18 2 2 94 2 2503 1907 1.7 15 9 6 11 59%  72 84978 137 114%
c v  3.13 24 18 2 2 94 2 2503 1906 1.7 15 9 6 11 59%  72 84978 137 114%
c w  3.14 24 18 2 2 94 2 2503 1905 1.7 15 9 6 11 59%  72 84978 137 114%
c x  3.14 24 18 2 2 94 2 2503 1905 1.7 15 9 6 11 59%  72 84956 137 114%
c }  3.24 24 20 3 2 263 3 3339 2684 1.7 16 9 6 12 60%  72 84956 137 114%
c [  3.24 24 29 3 2 263 1 3339 2684 1.7 27 16 9 22 70%  72 84956 137 114%
c
c seconds  switched  rate       size/glue  tier1    binary       remaining
c        MB reductions conflicts      size   tier2     irredundant
c         level restarts   redundant     glue    trail       variables
c
c -  3.24 24 29 3 3 263 1 3414 2569 1.8 27 15 9 22 70%  72 84956 137 114%
c I  3.28 24 27 3 3 263 1 4262 3367 1.8 25 14 9 22 68%  72 84956 137 114%
c -  3.32 24 24 3 4 264 1 5148 3689 1.8 23 13 8 19 68%  72 84956 137 114%
c ]  3.34 24 24 4 4 265 1 5660 4121 1.8 23 13 8 19 68%  72 84956 137 114%
c {  3.34 24 20 4 4 265 3 5660 4121 1.7 16 9 6 12 60%  72 84956 137 114%
c -  3.42 24 19 4 5 387 3 7148 4663 1.8 17 9 6 13 60%  72 84956 137 114%
c u  3.47 24 19 4 5 418 3 7708 5147 1.8 17 9 6 13 60%  72 84956 137 114%
c v  3.48 24 19 4 5 418 3 7708 5142 1.8 17 9 6 13 60%  72 84956 137 114%
c w  3.48 24 19 4 5 418 3 7708 5142 1.8 17 9 6 13 60%  72 84956 137 114%
c x  3.49 24 19 4 5 418 3 7708 5142 1.8 17 9 6 13 60%  72 84840 137 114%
c }  3.55 24 19 5 5 441 3 8012 5418 1.9 18 9 6 13 60%  72 84840 137 114%
c [  3.55 24 24 5 5 441 1 8012 5418 1.8 23 13 8 19 68%  72 84840 137 114%
c B  3.55 24 24 5 5 441 1 8033 5437 1.8 23 13 8 19 68%  72 84840 137 114%
c -  3.60 24 26 5 6 442 1 9386 5538 1.7 23 14 8 20 69%  72 84840 137 114%
c ]  3.67 24 25 6 6 443 1 11077 6965 1.6 23 15 8 20 69%  72 84840 137 114%
c {  3.67 24 19 6 6 443 3 11077 6965 1.9 18 9 6 13 60%  72 84840 137 114%
c o  3.67 24 19 6 6 450 3 11109 6994 1.9 18 9 6 13 60%  72 84840 137 114%
c -  3.71 24 18 6 7 454 2 11835 6261 1.9 17 9 6 12 60%  72 84840 137 114%
c s  3.77 24 17 6 7 456 2 12512 6886 1.9 17 9 6 12 62%  72 73339 137 114%
c s  3.80 24 17 6 7 456 2 12512 6886 1.9 17 9 6 12 62%  72 69806 137 114%
c
c seconds  switched  rate        size/glue tier1    binary       remaining
c        MB reductions conflicts       size  tier2     irredundant
c         level restarts    redundant    glue    trail       variables
c
c ^  3.81 24 17 6 7 456 2 12512 6886 1.9 17 9 6 12 62%  72 69806 137 114%
c -  3.89 24 15 6 8 456 2 14480 7386 1.9 16 9 6 11 62%  72 69806 137 114%
c }  3.91 24 15 7 8 456 2 15147 7974 1.9 16 8 6 11 62%  72 69806 137 114%
c [  3.91 24 25 7 8 456 1 15147 7974 1.6 23 15 8 20 69%  72 69806 137 114%
c W  3.92 24 25 7 8 456 1 15147 7974 1.6 23 15 8 20 69%  72 69806 137 114%
c u  3.96 24 26 7 8 456 1 15792 8545 1.5 23 15 8 20 70%  72 69806 137 114%
c v  3.97 24 26 7 8 456 1 15792 8540 1.5 23 15 8 20 70%  72 69806 137 114%
c w  3.97 24 26 7 8 456 1 15792 8525 1.5 23 15 8 20 70%  72 69806 137 114%
c f  4.00 24 26 7 8 456 1 15792 8525 1.5 23 15 8 20 70%  75 69240 138 115%
c u  4.02 24 26 7 8 456 1 15792 8511 1.5 23 15 8 20 70%  75 69240 138 115%
c v  4.04 24 26 7 8 456 1 15792 8492 1.5 23 15 8 20 70%  75 69240 138 115%
c w  4.04 24 26 7 8 456 1 15792 8480 1.5 23 15 8 20 70%  75 69240 138 115%
c f  4.06 24 26 7 8 456 1 15792 8480 1.5 23 15 8 20 70%  78 68336 139 116%
c -  4.11 24 26 7 9 458 1 17310 8255 1.5 23 15 8 21 71%  78 68336 139 116%
c -  4.21 24 26 7 10 459 1 20310 8987 1.5 23 16 8 20 72%  78 68336 139 116%
c ]  4.22 24 26 8 10 460 1 20750 9342 1.4 23 16 8 20 72%  78 68336 139 116%
c {  4.22 24 15 8 10 460 2 20750 9342 1.9 16 8 6 11 62%  78 68336 139 116%
c o  4.24 24 15 8 10 509 2 21219 9717 1.9 16 8 6 11 62%  78 68336 139 116%
c -  4.37 24 15 8 11 848 2 23473 10181 1.9 16 9 6 11 61%  78 68336 139 116%
c s  4.45 24 15 8 11 905 2 25067 11352 1.9 16 8 6 11 61%  78 66857 139 116%
c
c seconds  switched   rate         size/glue tier1    binary       remaining
c        MB  reductions conflicts        size  tier2     irredundant
c         level  restarts     redundant    glue    trail       variables
c
c s  4.48 24 15 8 11 905 2 25067 11352 1.9 16 8 6 11 61%  78 66092 139 116%
c ^  4.48 24 15 8 11 905 2 25067 11352 1.9 16 8 6 11 61%  78 66092 139 116%
c -  4.59 24 15 8 12 1104 2 26789 11177 1.9 16 8 6 11 61%  78 66092 139 116%
c }  4.59 24 15 9 12 1121 2 26910 11281 1.9 16 8 6 11 61%  78 66092 139 116%
c [  4.59 24 26 9 12 1121 1 26910 11281 1.4 23 16 8 20 72%  78 66092 139 116%
c O  4.59 24 26 9 12 1121 1 26910 11281 1.4 23 16 8 20 72%  78 66092 139 116%
c u  4.62 24 26 9 12 1121 1 26973 11327 1.4 23 16 8 20 72%  78 66092 139 116%
c v  4.64 24 26 9 12 1121 1 26973 11296 1.4 23 16 8 20 72%  78 66092 139 116%
c w  4.64 24 26 9 12 1121 1 26973 11294 1.4 23 16 8 20 72%  78 66092 139 116%
c f  4.76 24 26 9 12 1121 1 26973 11294 1.4 23 16 8 20 72%  82 64897 141 118%
c u  4.79 24 26 9 12 1121 1 26973 11275 1.4 23 16 8 20 72%  82 64897 141 118%
c v  4.81 24 26 9 12 1121 1 26973 11265 1.4 23 16 8 20 72%  82 64897 141 118%
c w  4.82 24 26 9 12 1121 1 26973 11265 1.4 23 16 8 20 72%  82 64897 141 118%
c f  4.84 24 26 9 12 1121 1 26973 11265 1.4 23 16 8 20 72%  92 63883 143 119%
c -  4.99 24 26 9 13 1123 1 30255 11985 1.4 23 16 8 21 70%  92 63883 143 119%
c ]  5.13 24 25 10 13 1126 1 33315 14497 1.4 22 16 8 21 68%  92 63883 143 119%
c {  5.13 24 15 10 13 1126 2 33315 14497 1.9 16 8 6 11 61%  92 63883 143 119%
c -  5.16 24 15 10 14 1174 2 33860 13041 1.9 16 9 6 11 60%  92 63883 143 119%
c -  5.33 24 15 10 15 1336 2 37603 14140 1.8 15 8 6 10 60%  92 63883 143 119%
c u  5.51 24 14 10 15 1485 2 41395 17265 1.9 16 8 6 10 59%  92 63883 143 119%
c
c seconds   switched    rate         size/glue tier1    binary       remaining
c        MB   reductions  conflicts        size  tier2     irredundant
c         level    restarts     redundant    glue    trail       variables
c
c v  5.53 24 14 10 15 1485 2 41395 17238 1.9 16 8 6 10 59%  92 63883 143 119%
c w  5.54 24 14 10 15 1485 2 41395 17122 1.9 16 8 6 10 59%  92 63883 143 119%
c f  5.57 24 14 10 15 1485 2 41395 17122 1.9 16 8 6 10 59% 106 62626 146 122%
c u  5.60 24 14 10 15 1485 2 41395 17112 1.9 16 8 6 10 59% 106 62626 146 122%
c v  5.62 24 14 10 15 1485 2 41395 17088 1.9 16 8 6 10 59% 106 62626 146 122%
c w  5.63 24 14 10 15 1485 2 41395 17086 1.9 16 8 6 10 59% 106 62626 146 122%
c f  5.68 24 14 10 15 1485 2 41395 17086 1.9 16 8 6 10 59% 115 61127 150 125%
c o  5.68 24 14 10 15 1485 2 41395 17086 1.9 16 8 6 10 59% 115 61127 150 125%
c -  5.69 24 14 10 16 1494 2 41475 13709 1.9 16 8 5 10 59% 115 61127 150 125%
c }  5.71 24 14 11 16 1536 2 41942 14121 1.9 16 8 5 10 59% 115 61127 150 125%
c [  5.71 24 25 11 16 1536 1 41942 14121 1.4 22 16 8 21 68% 115 61127 150 125%
c B  5.71 24 25 11 16 1536 1 41942 14121 1.4 22 16 8 21 68% 115 61127 150 125%
c -  5.88 24 26 11 17 1538 1 45475 14014 1.4 23 16 8 21 68% 115 61127 150 125%
c ]  6.08 24 25 12 17 1541 1 49326 17126 1.4 23 16 8 21 67% 115 61127 150 125%
c {  6.08 24 14 12 17 1541 2 49326 17126 1.9 16 8 5 10 59% 115 61127 150 125%
c -  6.09 24 14 12 18 1583 2 49598 14710 1.9 16 8 5 10 59% 115 61127 150 125%
c s  6.35 24 14 12 18 1834 2 52323 16996 1.9 16 8 5 10 59% 115 60566 150 125%
c ^  6.45 24 14 12 18 1834 2 52323 16996 1.9 16 8 5 10 59% 115 60566 150 125%
c -  6.52 24 14 12 19 2028 2 53841 16220 1.9 16 8 5 10 59% 115 60566 150 125%
c -  6.72 24 14 12 20 2368 2 58199 16972 1.8 15 8 5 10 58% 115 60566 150 125%
c
c seconds   switched    rate         size/glue tier1    binary       remaining
c        MB   reductions  conflicts        size  tier2     irredundant
c         level    restarts     redundant    glue    trail       variables
c
c u  6.79 24 14 12 20 2373 2 59164 17673 1.8 15 8 5 10 58% 115 60566 150 125%
c v  6.83 24 14 12 20 2373 2 59164 17634 1.8 15 8 5 10 58% 115 60566 150 125%
c w  6.84 24 14 12 20 2373 2 59164 17621 1.8 15 8 5 10 58% 115 60566 150 125%
c f  7.04 24 14 12 20 2373 2 59164 17621 1.8 15 8 5 10 58% 148 57603 157 131%
c u  7.08 24 14 12 20 2373 2 59164 17597 1.8 15 8 5 10 58% 148 57603 157 131%
c v  7.11 24 14 12 20 2373 2 59164 17578 1.8 15 8 5 10 58% 148 57603 157 131%
c w  7.12 24 14 12 20 2373 2 59164 17563 1.8 15 8 5 10 58% 148 57603 157 131%
c f  7.16 24 14 12 20 2373 2 59164 17563 1.8 15 8 5 10 58% 193 54071 176 147%
c }  7.23 24 14 13 20 2402 2 60806 18943 1.8 15 8 5 10 59% 193 54071 176 147%
c [  7.23 24 25 13 20 2402 1 60806 18943 1.4 23 16 8 21 67% 193 54071 176 147%
c W  7.24 24 25 13 20 2402 1 60806 18943 1.4 23 16 8 21 67% 193 54071 176 147%
c -  7.32 24 25 13 21 2403 1 62672 17996 1.4 23 16 8 20 67% 193 54071 176 147%
c -  7.53 24 25 13 22 2407 1 67254 18899 1.4 23 16 8 20 66% 193 54071 176 147%
c -  7.74 24 25 13 23 2408 1 71944 19809 1.4 23 16 8 20 67% 193 54071 176 147%
c ]  7.76 24 24 14 23 2408 1 72374 20167 1.4 23 16 8 20 67% 193 54071 176 147%
c {  7.76 24 14 14 23 2408 2 72374 20167 1.8 15 8 5 10 59% 193 54071 176 147%
c o  7.77 24 14 14 23 2419 2 72430 20220 1.8 15 8 5 10 59% 193 54071 176 147%
c -  7.98 24 14 14 24 2623 2 76740 20859 1.8 15 8 5 10 58% 194 54071 176 147%
c u  8.20 26 13 14 24 2691 2 80481 23744 1.8 14 8 5 10 58% 197 54071 176 147%
c v  8.24 26 13 14 24 2691 2 80481 23630 1.8 14 8 5 10 58% 197 54071 176 147%
c
c seconds   switched    rate         size/glue tier1    binary       remaining
c        MB   reductions  conflicts        size  tier2     irredundant
c         level    restarts     redundant    glue    trail       variables
c
c w  8.26 26 13 14 24 2691 2 80481 23523 1.8 14 8 5 10 58% 197 54071 176 147%
c t  8.27 26 13 14 24 2691 2 80481 23523 1.8 14 8 5 10 58% 195 54071 176 147%
c f  8.31 26 13 14 24 2691 2 80481 23523 1.8 14 8 5 10 58% 437 49889 281 234%
c u  8.35 26 13 14 24 2691 2 80481 23504 1.8 14 8 5 10 58% 437 49889 281 234%
c v  8.37 26 13 14 24 2691 2 80481 23435 1.8 14 8 5 10 58% 437 49889 281 234%
c w  8.39 26 13 14 24 2691 2 80481 23421 1.8 14 8 5 10 58% 437 49889 281 234%
c t  8.43 26 13 14 24 2691 2 80481 23421 1.8 14 8 5 10 58% 436 49889 281 234%
c f  8.43 26 13 14 24 2691 2 80481 23421 1.8 14 8 5 10 58% 481 49714 299 249%
c -  8.53 26 14 14 25 2813 2 81640 18974 1.8 14 8 4 9 58% 481 49714 299 249%
c i  8.65 26 13 14 25 2887 2 84143 20902 1.8 14 8 4 9 58% 486 49714 297 248%
c -  8.78 26 13 14 26 2965 2 86640 17642 1.8 14 8 4 9 58% 483 49714 297 248%
c }  8.80 26 13 15 26 2973 2 87090 17963 1.8 14 8 4 9 58% 484 49714 297 248%
c [  8.80 26 24 15 26 2973 1 87090 17963 1.4 23 16 8 20 67% 484 49714 297 248%
c I  8.80 26 24 15 26 2973 1 87090 17963 1.4 23 16 8 20 67% 484 49714 297 248%
c -  8.99 26 23 15 27 2976 1 91741 18845 1.4 22 15 7 19 66% 484 49714 297 248%
c s  9.37 26 23 15 27 2979 1 96342 22809 1.5 22 15 7 19 66% 485 49669 297 248%
c e  9.37 26 23 15 27 2979 1 96342 22809 1.5 22 15 7 19 66% 482 49727 275 229%
c ^  9.55 26 23 15 27 2979 1 96342 22809 1.5 22 15 7 19 66% 482 49727 275 229%
c -  9.58 26 23 15 28 2979 1 96937 10931 1.5 22 15 7 18 66% 482 49727 275 229%
c -  9.80 26 23 15 29 2982 1 102229 13558 1.5 22 15 7 18 67% 482 49727 275 229%
c
c seconds   switched    rate          size/glue  tier1    binary       remaining
c        MB   reductions  conflicts         size   tier2     irredundant
c         level    restarts      redundant     glue    trail       variables
c
c ]  9.93 26 22 16 29 2984 1 104797 15779 1.5 22 15 7 18 67% 482 49727 275 229%
c {  9.93 26 13 16 29 2984 2 104797 15779 1.8 14 8 4 9 58% 482 49727 275 229%
c u 10.02 26 13 16 29 3012 2 105480 16259 1.8 14 8 4 9 58% 483 49727 275 229%
c v 10.06 26 13 16 29 3012 2 105480 15916 1.8 14 8 4 9 58% 483 49727 275 229%
c w 10.08 26 13 16 29 3012 2 105480 15887 1.8 14 8 4 9 58% 483 49727 275 229%
c t 10.09 26 13 16 29 3012 2 105480 15887 1.8 14 8 4 9 58% 482 49727 275 229%
c - 10.26 26 13 16 30 3297 2 107614 16363 1.7 14 8 4 9 58% 485 49727 275 229%
c i 10.33 26 13 16 30 3375 2 108598 17193 1.7 14 8 4 9 58% 494 49727 274 228%
c i 10.47 26 14 16 30 3639 2 109825 18304 1.7 14 8 4 9 58% 504 49727 272 227%
c i 10.50 26 13 16 30 3657 2 110243 18634 1.7 14 8 4 9 58% 511 49727 271 226%
c i 10.59 26 13 16 30 3681 2 112258 20243 1.7 14 8 4 9 58% 521 49727 270 225%
c o 10.61 26 13 16 30 3717 2 112438 20417 1.7 14 8 4 9 58% 521 49727 270 225%
c - 10.66 26 13 16 31 3789 2 113091 16571 1.7 14 8 4 9 58% 466 49727 270 225%
c - 11.05 26 13 16 32 4286 2 118661 17938 1.7 14 8 4 9 57% 470 49727 270 225%
c i 11.33 26 14 16 32 4699 2 122584 21247 1.7 13 8 4 9 57% 477 49727 268 223%
c } 11.36 26 14 17 32 4700 2 123134 21709 1.7 13 8 4 9 57% 477 49727 268 223%
c [ 11.36 26 22 17 32 4700 1 123134 21709 1.5 22 15 7 18 67% 477 49727 268 223%
c B 11.36 26 22 17 32 4700 1 123134 21709 1.5 22 15 7 18 67% 477 49727 268 223%
c - 11.43 26 23 17 33 4701 1 124317 19395 1.5 22 15 7 18 66% 455 49727 268 223%
c - 11.73 26 22 17 34 4705 1 130062 20546 1.5 22 15 6 18 66% 455 49727 268 223%
c
c seconds   switched    rate          size/glue  tier1    binary       remaining
c        MB   reductions  conflicts         size   tier2     irredundant
c         level    restarts      redundant     glue    trail       variables
c
c u 12.01 26 22 17 34 4706 1 134160 23981 1.5 22 15 6 18 66% 455 49727 268 223%
c v 12.08 26 22 17 34 4706 1 134160 23888 1.5 22 15 6 18 66% 455 49727 268 223%
c w 12.11 26 22 17 34 4706 1 134160 23791 1.5 22 15 6 18 66% 455 49727 268 223%
c t 12.20 26 22 17 34 4706 1 134160 23791 1.5 22 15 6 18 66% 454 49727 268 223%
c - 12.30 26 22 17 35 4707 1 135893 21050 1.5 22 15 6 18 66% 454 49727 268 223%
c - 12.62 26 23 17 36 4712 1 141812 21338 1.5 22 15 6 18 65% 454 49727 268 223%
c W 12.77 26 22 17 36 4713 1 144046 23197 1.5 22 15 6 18 65% 454 49727 268 223%
c ] 12.88 26 23 18 36 4713 1 146008 24936 1.5 22 15 6 18 65% 454 49727 268 223%
c { 12.88 26 14 18 36 4713 2 146008 24936 1.7 13 8 4 9 57% 454 49727 268 223%
c - 13.19 26 14 18 37 5197 2 147812 21829 1.7 14 8 4 9 57% 454 49727 268 223%
c - 14.15 26 15 18 38 6758 3 153895 23634 1.7 14 8 4 9 56% 454 49727 268 223%
c s 15.54 26 16 18 38 8217 3 159367 28724 1.7 14 9 4 9 56% 454 49702 268 223%
c e 15.55 26 16 18 38 8217 3 159367 28724 1.7 14 9 4 9 56% 422 49892 241 201%
c s 15.61 26 16 18 38 8217 3 159367 28724 1.7 14 9 4 9 56% 422 49827 241 201%
c e 15.61 26 16 18 38 8217 3 159367 28724 1.7 14 9 4 9 56% 414 49839 239 199%
c ^ 15.61 26 16 18 38 8217 3 159367 28724 1.7 14 9 4 9 56% 414 49839 239 199%
c - 15.70 26 16 18 39 8385 3 160059 18511 1.7 14 9 3 9 56% 414 49839 239 199%
c o 16.03 26 16 18 39 9008 3 162453 20706 1.7 15 9 3 9 56% 414 49839 239 199%
c - 16.53 26 17 18 40 9904 3 166303 19661 1.6 15 9 3 9 56% 414 49839 239 199%
c u 16.69 26 17 18 40 9957 3 166626 19721 1.6 15 9 3 9 56% 414 49839 239 199%
c
c seconds   switched    rate          size/glue tier1   binary       remaining
c        MB   reductions  conflicts         size  tier2    irredundant
c         level    restarts      redundant    glue   trail       variables
c
c v 16.80 26 17 18 40 9957 3 166626 19472 1.6 15 9 3 9 56% 414 49839 239 199%
c w 16.85 26 17 18 40 9957 3 166626 19465 1.6 15 9 3 9 56% 414 49839 239 199%
c f 16.86 26 17 18 40 9957 3 166626 19465 1.6 15 9 3 9 56% 419 49799 241 201%
c u 16.99 26 17 18 40 9957 3 166626 19190 1.6 15 9 3 9 56% 419 49799 241 201%
c v 17.12 26 17 18 40 9957 3 166626 19101 1.6 15 9 3 9 56% 420 49799 241 201%
c w 17.17 26 17 18 40 9957 3 166626 19094 1.6 15 9 3 9 56% 420 49799 241 201%
c t 17.17 26 17 18 40 9957 3 166626 19094 1.6 15 9 3 9 56% 419 49799 241 201%
c } 17.36 26 17 19 40 10270 3 168353 20703 1.6 15 9 3 9 55% 419 49799 241 201%
c [ 17.36 26 23 19 40 10270 1 168353 20703 1.5 22 15 6 18 65% 419 49799 241 201%
c O 17.36 26 23 19 40 10270 1 168353 20703 1.5 22 15 6 18 65% 419 49799 241 201%
c - 17.58 26 24 19 41 10273 1 172628 19257 1.5 23 16 6 18 65% 419 49799 241 201%
c - 17.90 26 24 19 42 10276 1 179031 18027 1.5 23 16 6 18 64% 419 49799 241 201%
c - 18.22 26 24 19 43 10280 1 185511 17799 1.5 23 16 6 18 64% 419 49799 241 201%
c - 18.53 26 24 19 44 10283 1 192068 18430 1.4 23 16 6 18 64% 419 49799 241 201%
c B 18.72 26 24 19 44 10284 1 196097 21690 1.4 23 16 6 18 63% 419 49799 241 201%
c - 18.86 26 24 19 45 10284 1 198701 18985 1.4 23 16 6 18 63% 419 49799 241 201%
c u 19.10 26 24 19 45 10286 1 202977 22795 1.4 23 16 6 18 63% 419 49799 241 201%
c v 19.16 26 24 19 45 10286 1 202977 22739 1.4 23 16 6 18 63% 419 49799 241 201%
c w 19.18 27 24 19 45 10286 1 202977 22550 1.4 23 16 6 18 63% 419 49799 241 201%
c - 19.37 27 24 19 46 10287 1 205411 19897 1.4 23 16 6 18 63% 419 49799 241 201%
c
c seconds   switched     rate          size/glue  tier1    binary       remaining
c        MB   reductions   conflicts         size   tier2     irredundant
c         level    restarts       redundant     glue    trail       variables
c
c - 19.72 27 24 19 47 10291 1 212194 19667 1.4 23 16 6 18 63% 419 49799 241 201%
c - 20.07 27 23 19 48 10296 1 219049 20373 1.4 23 16 6 18 63% 419 49799 241 201%
c - 20.44 27 23 19 49 10298 1 225979 21858 1.5 23 16 6 18 64% 419 49799 241 201%
c ] 20.46 27 23 20 49 10299 1 226560 22291 1.5 23 16 6 18 64% 419 49799 241 201%
c { 20.46 27 17 20 49 10299 3 226560 22291 1.6 15 9 3 9 55% 419 49799 241 201%
c o 20.47 27 17 20 49 10305 3 226586 22317 1.6 15 9 3 9 55% 419 49799 241 201%
c - 20.87 27 17 20 50 10513 3 232979 23213 1.6 15 9 3 9 56% 421 49799 241 201%
c i 20.96 27 16 20 50 10533 3 235049 24736 1.6 15 9 3 9 56% 432 49799 240 200%
c - 21.26 27 16 20 51 10677 3 240051 22054 1.6 15 9 3 9 56% 414 49799 240 200%
c e 21.44 27 16 20 51 10772 3 242785 24409 1.6 15 9 3 9 56% 381 50063 221 184%
c s 21.48 27 16 20 51 10772 3 242785 24409 1.6 15 9 3 9 56% 381 49951 221 184%
c e 21.48 27 16 20 51 10772 3 242785 24409 1.6 15 9 3 9 56% 374 49978 219 182%
c ! 21.48 27 16 20 51 10772 3 242785 24409 1.6 15 9 3 9 56% 374 49978 219 182%
c u 21.61 27 16 20 51 10779 3 243266 21047 1.7 15 9 3 9 56% 375 49978 219 182%
c v 21.70 27 16 20 51 10779 3 243266 20983 1.7 15 9 3 9 56% 375 49978 219 182%
c w 21.73 27 16 20 51 10779 3 243266 20888 1.7 15 9 3 9 56% 375 49978 219 182%
c f 21.74 27 16 20 51 10779 3 243266 20888 1.7 15 9 3 9 56% 405 49844 224 187%
c u 21.83 27 16 20 51 10779 3 243266 20799 1.7 15 9 3 9 56% 406 49844 224 187%
c v 21.93 27 16 20 51 10779 3 243266 20776 1.7 15 9 3 9 56% 406 49844 224 187%
c w 21.95 27 16 20 51 10779 3 243266 20750 1.7 15 9 3 9 56% 406 49844 224 187%
c
c seconds   switched     rate          size/glue tier1   binary       remaining
c        MB   reductions   conflicts         size  tier2    irredundant
c         level    restarts       redundant    glue   trail       variables
c
c t 21.96 27 16 20 51 10779 3 243266 20750 1.7 15 9 3 9 56% 405 49844 224 187%
c - 22.20 27 16 20 52 10919 3 247192 19563 1.6 15 9 3 9 56% 406 49844 224 187%
c } 22.46 27 15 21 52 10972 3 253299 24353 1.6 14 9 3 9 56% 407 49843 224 187%
c [ 22.46 27 23 21 52 10972 1 253299 24353 1.5 23 16 6 18 64% 407 49843 224 187%
c W 22.47 27 23 21 52 10972 1 253299 24353 1.5 23 16 6 18 64% 407 49843 224 187%
c - 22.53 27 23 21 53 10973 1 254405 21877 1.5 23 16 6 17 64% 407 49843 224 187%
c - 22.89 27 23 21 54 10978 1 261685 23237 1.5 22 15 6 17 64% 407 49843 224 187%
c - 23.29 27 22 21 55 10981 1 269033 23971 1.5 22 15 5 17 64% 407 49843 224 187%
c - 23.64 27 22 21 56 10985 1 276454 24371 1.5 22 15 5 17 65% 407 49843 224 187%
c ] 23.98 27 22 22 56 10986 1 283547 30542 1.5 22 15 5 17 65% 407 49843 224 187%
c { 23.98 27 15 22 56 10986 3 283547 30542 1.6 14 9 3 9 56% 407 49843 224 187%
c - 24.01 27 15 22 57 10995 3 283938 23871 1.6 14 9 3 9 56% 407 49843 224 187%
c u 24.33 27 15 22 57 11013 3 287594 27069 1.7 14 9 3 9 57% 407 49843 224 187%
c v 24.43 27 15 22 57 11013 3 287594 26998 1.7 14 9 3 9 57% 407 49843 224 187%
c w 24.46 27 15 22 57 11013 3 287594 26979 1.7 14 9 3 9 57% 407 49843 224 187%
c - 25.05 27 15 22 58 11017 3 291489 25379 1.7 14 9 3 9 57% 408 49843 224 187%
c - 25.43 27 14 22 59 11025 2 299104 26763 1.7 14 8 3 8 58% 408 49843 224 187%
c - 25.83 27 14 22 60 11026 2 306785 27580 1.7 14 8 3 8 58% 408 49843 224 187%
c - 26.25 27 14 22 61 11029 2 314531 28374 1.7 14 8 3 8 59% 409 49843 224 187%
c } 26.29 27 13 23 61 11029 2 315063 28859 1.8 14 8 3 8 59% 409 49843 224 187%
c
c seconds   switched     rate          size/glue  tier1    binary       remaining
c        MB   reductions   conflicts         size   tier2     irredundant
c         level    restarts       redundant     glue    trail       variables
c
c [ 26.29 27 22 23 61 11029 1 315063 28859 1.5 22 15 5 17 65% 409 49843 224 187%
c I 26.29 27 22 23 61 11029 1 315063 28859 1.5 22 15 5 17 65% 409 49843 224 187%
c o 26.29 27 22 23 61 11029 1 315063 28859 1.5 22 15 5 17 65% 409 49843 224 187%
c - 26.70 27 21 23 62 11034 1 322341 29145 1.5 22 15 5 17 65% 409 49843 224 187%
c - 27.14 27 21 23 63 11038 1 330215 28507 1.5 22 15 5 16 65% 409 49843 224 187%
c u 27.56 27 21 23 63 11042 1 336011 33110 1.5 22 14 5 16 65% 412 49843 224 187%
c v 27.67 27 21 23 63 11042 1 336011 32370 1.5 22 14 5 16 65% 412 49843 224 187%
c w 27.71 28 21 23 63 11042 1 336011 31386 1.5 22 14 5 16 65% 412 49843 224 187%
c t 27.72 28 21 23 63 11042 1 336011 31386 1.5 22 14 5 16 65% 411 49843 224 187%
c - 27.82 28 21 23 64 11042 1 338152 26941 1.5 21 14 5 16 65% 411 49843 224 187%
c - 28.23 28 20 23 65 11043 1 346152 27890 1.5 21 14 5 16 65% 411 49843 224 187%
c ] 28.31 28 20 24 65 11043 1 347429 28878 1.5 21 14 5 16 64% 411 49843 224 187%
c { 28.31 28 13 24 65 11043 2 347429 28878 1.8 14 8 3 8 59% 411 49843 224 187%
c s 28.42 28 14 24 65 11136 2 348166 29535 1.7 14 8 3 8 59% 411 49787 224 187%
c e 28.42 28 14 24 65 11136 2 348166 29535 1.7 14 8 3 8 59% 410 49837 219 182%
c s 28.43 28 14 24 65 11136 2 348166 29535 1.7 14 8 3 8 59% 410 49785 219 182%
c e 28.44 28 14 24 65 11136 2 348166 29535 1.7 14 8 3 8 59% 408 49801 218 182%
c - 28.89 28 14 24 66 11545 2 354216 28104 1.7 14 8 3 8 59% 412 49801 218 182%
c i 29.04 28 14 24 66 11701 2 355879 29520 1.7 14 8 3 8 59% 414 49801 217 181%
c i 29.28 28 14 24 66 11905 2 359042 32166 1.7 14 8 3 8 59% 424 49801 216 180%
c
c seconds   switched     rate          size/glue tier1   binary       remaining
c        MB   reductions   conflicts         size  tier2    irredundant
c         level    restarts       redundant    glue   trail       variables
c
c - 29.59 28 14 24 67 12285 2 362340 28581 1.7 14 8 3 8 60% 398 49801 216 180%
c - 30.18 28 14 24 68 12764 2 370526 29808 1.7 14 8 3 8 60% 400 49801 216 180%
c - 30.83 28 14 24 69 13331 2 378772 31334 1.7 14 8 3 8 60% 401 49800 216 180%
c } 31.25 28 14 25 69 13746 2 384106 35805 1.7 14 8 3 8 60% 401 49800 216 180%
c [ 31.25 28 20 25 69 13746 1 384106 35805 1.5 21 14 5 16 64% 401 49800 216 180%
c B 31.25 28 20 25 69 13746 1 384106 35805 1.5 21 14 5 16 64% 401 49800 216 180%
c - 31.41 28 20 25 70 13748 1 387081 31919 1.5 21 14 5 16 64% 401 49800 216 180%
c u 31.63 28 20 25 70 13749 1 388593 32926 1.5 21 14 5 16 64% 403 49800 216 180%
c v 31.78 28 20 25 70 13749 1 388593 32016 1.5 21 14 5 16 64% 409 49800 215 179%
c w 31.83 28 20 25 70 13749 1 388593 31940 1.5 21 14 5 16 64% 409 49800 215 179%
c t 31.84 28 20 25 70 13749 1 388593 31655 1.5 21 14 5 16 64% 405 49800 215 179%
c f 31.84 28 20 25 70 13749 1 388593 31655 1.5 21 14 5 16 64% 409 49762 217 181%
c u 31.94 28 20 25 70 13749 1 388593 31462 1.5 21 14 5 16 64% 411 49762 217 181%
c v 32.04 28 20 25 70 13749 1 388593 31395 1.5 21 14 5 16 64% 411 49762 217 181%
c w 32.08 28 20 25 70 13749 1 388593 31349 1.5 21 14 5 16 64% 411 49762 217 181%
c x 32.19 28 20 25 70 13749 1 388593 31349 1.5 21 14 5 16 64% 411 49717 217 181%
c t 32.19 28 20 25 70 13749 1 388593 31349 1.5 21 14 5 16 64% 409 49717 217 181%
c i 32.20 28 20 25 70 13749 1 388593 31349 1.5 21 14 5 16 64% 409 49717 217 181%
c - 32.56 28 20 25 71 13752 1 395447 30557 1.5 21 14 5 16 64% 389 49716 217 181%
c - 33.02 28 21 25 72 13758 1 403873 30268 1.5 21 14 5 16 64% 389 49716 217 181%
c
c seconds   switched     rate          size/glue  tier1    binary       remaining
c        MB   reductions   conflicts         size   tier2     irredundant
c         level    restarts       redundant     glue    trail       variables
c
c - 33.41 28 21 25 73 13760 1 412359 30439 1.5 22 14 5 16 64% 389 49716 217 181%
c - 33.90 28 21 25 74 13763 1 420903 32415 1.5 21 14 5 16 63% 389 49716 217 181%
c W 34.33 28 20 25 74 13767 1 427817 38512 1.5 21 14 5 16 63% 389 49716 217 181%
c o 34.33 28 20 25 74 13767 1 427817 38512 1.5 21 14 5 16 63% 389 49716 217 181%
c - 34.41 28 21 25 75 13768 1 429505 33871 1.5 21 14 5 16 63% 389 49716 217 181%
c ] 34.59 28 21 26 75 13770 1 432705 36492 1.5 21 14 5 16 64% 389 49716 217 181%
c { 34.59 28 14 26 75 13770 2 432705 36492 1.7 14 8 3 8 60% 389 49716 217 181%
c i 34.61 28 14 26 75 13796 2 432989 36710 1.7 14 8 3 8 60% 393 49716 215 179%
c - 35.03 28 14 26 76 14063 2 438166 33704 1.7 14 8 3 8 60% 381 49716 215 179%
c u 35.76 28 13 26 76 14500 2 445398 39353 1.7 14 8 3 8 60% 387 49715 215 179%
c v 35.90 28 13 26 76 14500 2 445398 39251 1.7 14 8 3 8 60% 387 49715 215 179%
c w 35.96 36 13 26 76 14500 2 445398 39221 1.7 14 8 3 8 60% 387 49715 215 179%
c t 35.97 36 13 26 76 14500 2 445398 39221 1.7 14 8 3 8 60% 385 49715 215 179%
c f 35.97 28 13 26 76 14500 2 445398 39221 1.7 14 8 3 8 60% 388 49693 216 180%
c u 36.13 34 13 26 76 14500 2 445398 38890 1.7 14 8 3 8 60% 392 49693 216 180%
c v 36.29 36 13 26 76 14500 2 445398 38840 1.7 14 8 3 8 60% 392 49693 216 180%
c w 36.35 36 13 26 76 14500 2 445398 38808 1.7 14 8 3 8 60% 392 49693 216 180%
c t 36.35 36 13 26 76 14500 2 445398 38808 1.7 14 8 3 8 60% 389 49693 216 180%
c - 36.49 33 13 26 77 14561 2 446884 33526 1.7 14 8 3 8 60% 390 49693 216 180%
c - 37.21 33 13 26 78 14881 2 455658 34702 1.7 14 8 3 8 60% 392 49693 216 180%
c
c seconds   switched     rate          size/glue tier1   binary       remaining
c        MB   reductions   conflicts         size  tier2    irredundant
c         level    restarts       redundant    glue   trail       variables
c
c i 37.28 33 13 26 78 14893 2 456737 35482 1.7 14 8 3 8 60% 398 49693 215 179%
c - 38.00 33 13 26 79 15356 2 464490 29549 1.7 14 8 2 8 60% 383 49693 215 179%
c - 38.70 33 13 26 80 15802 2 473378 30700 1.7 13 8 2 8 60% 386 49693 215 179%
c } 38.81 32 13 27 80 15837 2 474924 31889 1.7 13 8 2 8 60% 386 49693 215 179%
c [ 38.81 32 21 27 80 15837 1 474924 31889 1.5 21 14 5 16 64% 386 49693 215 179%
c O 38.87 33 21 27 80 15838 1 475979 32629 1.5 21 14 5 16 64% 386 49693 215 179%
c s 38.95 31 21 27 80 15839 1 477060 33610 1.5 21 14 5 16 64% 386 49312 215 179%
c e 38.95 33 21 27 80 15839 1 477060 33610 1.5 21 14 5 16 64% 364 49376 208 173%
c s 38.96 33 21 27 80 15839 1 477060 33610 1.5 21 14 5 16 64% 364 49319 208 173%
c e 38.96 33 21 27 80 15839 1 477060 33610 1.5 21 14 5 16 64% 363 49335 207 172%
c - 39.31 33 21 27 81 15842 1 482322 28695 1.5 21 14 5 16 63% 363 49335 207 172%
c - 39.84 32 21 27 82 15846 1 491323 27371 1.5 21 14 5 15 63% 363 49335 207 172%
c - 40.34 33 21 27 83 15851 1 500379 27867 1.5 21 14 5 15 63% 363 49335 207 172%
c u 40.91 34 20 27 83 15851 1 506499 32570 1.5 21 14 5 15 63% 366 49334 207 172%
c v 41.05 34 20 27 83 15851 1 506499 32268 1.5 21 14 5 15 63% 367 49334 207 172%
c w 41.10 35 20 27 83 15851 1 506499 28458 1.5 21 14 5 15 63% 367 49334 207 172%
c x 41.23 36 20 27 83 15851 1 506499 28458 1.5 21 14 5 15 63% 367 49320 207 172%
c t 41.23 36 20 27 83 15851 1 506499 28458 1.5 21 14 5 15 63% 366 49320 207 172%
c - 41.40 33 20 27 84 15853 1 509489 25408 1.5 21 14 4 15 63% 366 49320 207 172%
c - 42.03 32 20 27 85 15858 1 518654 27651 1.5 21 14 4 15 63% 366 49320 207 172%
c
c seconds   switched     rate          size/glue  tier1    binary       remaining
c        MB   reductions   conflicts         size   tier2     irredundant
c         level    restarts       redundant     glue    trail       variables
c
c ] 42.38 32 20 28 85 15861 1 523855 31800 1.5 21 14 4 15 63% 366 49320 207 172%
c { 42.38 32 13 28 85 15861 2 523855 31800 1.7 13 8 2 8 60% 366 49320 207 172%
c o 42.38 32 13 28 85 15864 2 523885 31829 1.7 13 8 2 8 60% 366 49320 207 172%
c - 42.73 33 13 28 86 16106 2 527875 28912 1.7 13 8 2 8 61% 367 49320 207 172%
c - 43.63 32 13 28 87 16728 2 537148 31033 1.7 13 8 2 7 61% 368 49320 207 172%
c - 44.55 32 13 28 88 17516 2 546475 32294 1.6 13 8 2 7 61% 371 49320 207 172%
c - 45.37 33 13 28 89 17975 2 555856 33283 1.6 13 8 2 7 61% 375 49320 207 172%
c i 45.79 31 13 28 89 18224 2 560865 37205 1.6 13 8 2 7 61% 380 49320 206 172%
c - 46.19 32 13 28 90 18525 2 565290 29103 1.6 13 8 2 7 61% 369 49320 206 172%
c u 46.93 28 13 28 90 18833 2 571969 34013 1.6 13 8 2 7 61% 383 49318 206 172%
c v 47.12 28 13 28 90 18833 2 571969 33748 1.6 13 8 2 7 61% 383 49318 206 172%
c w 47.20 28 13 28 90 18833 2 571969 33694 1.6 13 8 2 7 61% 383 49318 206 172%
c t 47.63 28 13 28 90 18833 2 571969 33694 1.6 13 8 2 7 61% 374 49318 206 172%
c f 47.63 28 13 28 90 18833 2 571969 33694 1.6 13 8 2 7 61% 377 49298 207 172%
c u 47.83 28 13 28 90 18833 2 571969 33505 1.6 13 8 2 7 61% 377 49298 207 172%
c v 48.03 28 13 28 90 18833 2 571969 33421 1.6 13 8 2 7 61% 377 49298 207 172%
c w 48.10 28 13 28 90 18833 2 571969 33374 1.6 13 8 2 7 61% 377 49298 207 172%
c } 48.11 28 13 29 90 18837 2 571994 33399 1.6 13 8 2 7 61% 377 49298 207 172%
c [ 48.11 28 20 29 90 18837 1 571994 33399 1.5 21 14 4 15 63% 377 49298 207 172%
c B 48.11 28 20 29 90 18837 1 571994 33399 1.5 21 14 4 15 63% 377 49298 207 172%
c
c seconds   switched     rate          size/glue  tier1    binary       remaining
c        MB   reductions   conflicts         size   tier2     irredundant
c         level    restarts       redundant     glue    trail       variables
c
c - 48.24 28 20 29 91 18839 1 574776 29538 1.5 21 14 4 15 63% 377 49298 207 172%
c - 48.71 28 21 29 92 18843 1 584317 28957 1.5 21 14 4 15 62% 377 49298 207 172%
c - 49.24 28 21 29 93 18850 1 593909 28095 1.5 21 14 4 15 63% 377 49298 207 172%
c - 49.77 28 21 29 94 18851 1 603553 28654 1.5 21 14 4 15 63% 377 49298 207 172%
c - 50.34 28 21 29 95 18858 1 613248 27980 1.5 21 15 4 15 63% 377 49298 207 172%
c - 50.97 28 21 29 96 18863 1 622994 29326 1.5 21 15 4 15 63% 377 49298 207 172%
c W 51.36 28 21 29 96 18865 1 629580 34805 1.5 21 14 4 15 63% 377 49298 207 172%
c o 51.37 28 21 29 96 18865 1 629580 34805 1.5 21 14 4 15 63% 377 49298 207 172%
c s 51.45 28 21 29 96 18866 1 630971 36030 1.5 21 14 4 15 63% 377 49114 207 172%
c e 51.46 28 21 29 96 18866 1 630971 36030 1.5 21 14 4 15 63% 374 49167 202 168%
c s 51.47 28 21 29 96 18866 1 630971 36030 1.5 21 14 4 15 63% 374 49116 202 168%
c e 51.47 28 21 29 96 18866 1 630971 36030 1.5 21 14 4 15 63% 363 49156 199 166%
c - 51.59 28 21 29 97 18866 1 632791 27661 1.5 21 15 4 15 63% 363 49156 199 166%
c ] 51.79 28 21 30 97 18866 1 636100 30390 1.5 21 15 4 15 63% 363 49156 199 166%
c { 51.79 28 13 30 97 18866 2 636100 30390 1.6 13 8 2 7 61% 363 49156 199 166%
c i 51.93 28 13 30 97 18981 2 638016 31903 1.6 13 8 2 7 61% 370 49156 198 165%
c u 52.36 28 13 30 97 19187 2 641837 33372 1.6 13 8 2 7 61% 373 49155 198 165%
c v 52.51 28 13 30 97 19187 2 641837 33031 1.6 13 8 2 7 61% 373 49155 198 165%
c w 52.58 36 13 30 97 19187 2 641837 32612 1.6 13 8 2 7 61% 373 49155 198 165%
c f 52.59 28 13 30 97 19187 2 641837 32612 1.6 13 8 2 7 61% 376 49129 199 166%
c
c seconds   switched     rate          size/glue tier1   binary       remaining
c        MB   reductions   conflicts         size  tier2    irredundant
c         level    restarts       redundant    glue   trail       variables
c
c b 52.60 30 13 30 97 19187 2 641837 32612 1.6 13 8 2 7 61% 376 49129 198 165%
c u 52.70 34 13 30 97 19187 2 641837 32371 1.6 13 8 2 7 61% 377 49129 198 165%
c v 52.81 35 13 30 97 19187 2 641837 32318 1.6 13 8 2 7 61% 377 49129 198 165%
c w 52.86 35 13 30 97 19187 2 641837 32305 1.6 13 8 2 7 61% 377 49129 198 165%
c x 52.98 35 13 30 97 19187 2 641837 32305 1.6 13 8 2 7 61% 377 49129 198 165%
c t 52.99 35 13 30 97 19187 2 641837 32305 1.6 13 8 2 7 61% 376 49129 198 165%
c - 53.06 33 13 30 98 19218 2 642639 27198 1.6 13 8 2 7 61% 355 49129 198 165%
c i 53.18 33 13 30 98 19296 2 644240 28420 1.6 13 8 2 7 61% 362 49129 196 163%
c i 53.44 33 13 30 98 19452 2 648287 31531 1.6 13 8 2 7 61% 372 49129 194 162%
c - 53.79 32 13 30 99 19733 2 652539 25342 1.6 13 8 2 7 61% 327 49128 194 162%
c i 53.93 32 13 30 99 19753 2 654807 26991 1.6 13 8 2 7 61% 339 49128 193 161%
c - 54.49 32 13 30 100 20119 2 662489 26297 1.6 13 8 2 7 61% 316 49128 193 161%
c - 55.22 33 13 30 101 20657 2 672489 29492 1.6 13 8 2 7 61% 321 49128 193 161%
c - 56.00 32 12 30 102 21270 2 682538 31582 1.6 13 8 2 7 61% 330 49127 193 161%
c i 56.26 32 12 30 102 21409 2 685687 33995 1.6 13 8 2 7 61% 343 49127 191 159%
c } 56.57 32 12 31 102 21584 2 690534 37974 1.6 13 8 2 7 61% 344 49127 191 159%
c [ 56.57 32 21 31 102 21584 1 690534 37974 1.5 21 15 4 15 63% 344 49127 191 159%
c I 56.64 32 21 31 102 21585 1 692132 39250 1.5 21 14 4 15 63% 345 49127 191 159%
c - 56.68 33 21 31 103 21586 1 692638 31954 1.5 21 14 4 15 63% 322 49127 191 159%
c i 56.83 32 21 31 103 21587 1 695304 33943 1.5 21 14 4 15 63% 328 49127 190 158%
c
c seconds   switched      rate          size/glue  tier1    binary       remaining
c        MB   reductions    conflicts         size   tier2     irredundant
c         level     restarts       redundant     glue    trail       variables
c
c - 57.24 32 21 31 104 21590 1 702786 25789 1.5 21 14 4 15 63% 309 49127 190 158%
c - 57.82 33 21 31 105 21597 1 712985 27922 1.5 21 14 4 15 63% 309 49127 190 158%
c u 58.18 32 21 31 105 21598 1 716169 30269 1.5 21 14 4 15 63% 319 49081 190 158%
c v 58.37 34 21 31 105 21598 1 716169 29512 1.5 21 14 4 15 63% 327 49081 189 158%
c w 58.45 36 21 31 105 21598 1 716169 29463 1.5 21 14 4 15 63% 327 49081 189 158%
c t 58.45 36 21 31 105 21598 1 716169 29365 1.5 21 14 4 15 63% 320 49081 189 158%
c f 58.45 28 21 31 105 21598 1 716169 29365 1.5 21 14 4 15 63% 326 49014 191 159%
c u 58.65 33 21 31 105 21598 1 716169 28770 1.5 21 14 4 15 63% 337 49014 191 159%
c v 58.83 35 21 31 105 21598 1 716169 28615 1.5 21 14 4 15 63% 337 49014 191 159%
c w 58.90 36 21 31 105 21598 1 716169 28546 1.5 21 14 4 15 63% 337 49014 191 159%
c t 58.91 36 21 31 105 21598 1 716169 28546 1.5 21 14 4 15 63% 327 49014 191 159%
c i 58.91 36 21 31 105 21598 1 716169 28546 1.5 21 14 4 15 63% 327 49014 191 159%
c - 59.36 33 21 31 106 21598 1 723232 29742 1.5 21 14 4 15 63% 310 49014 191 159%
c - 59.98 32 20 31 107 21605 1 733528 31799 1.5 20 13 4 15 63% 311 49014 191 159%
c i 60.05 33 20 31 107 21605 1 734465 32434 1.5 20 13 4 15 63% 315 49014 189 158%
c - 60.54 32 20 31 108 21611 1 743875 21891 1.5 20 13 4 15 63% 306 49014 189 158%
c ] 61.04 32 19 32 108 21613 1 752628 28847 1.5 20 13 4 15 62% 306 49014 189 158%
c { 61.04 32 12 32 108 21613 2 752628 28847 1.6 13 8 2 7 61% 306 49014 189 158%
c o 61.05 32 12 32 108 21620 2 752680 28892 1.6 13 8 2 7 61% 306 49014 189 158%
c - 61.15 32 12 32 109 21640 2 754268 26822 1.6 13 8 2 7 61% 307 49014 189 158%
c
c seconds   switched      rate          size/glue tier1   binary       remaining
c        MB   reductions    conflicts         size  tier2    irredundant
c         level     restarts       redundant    glue   trail       variables
c
c i 61.33 33 12 32 109 21645 2 757497 29216 1.6 13 8 2 7 61% 314 49014 188 157%
c i 61.37 32 12 32 109 21704 2 757974 29638 1.6 13 8 2 7 61% 314 49014 187 156%
c i 61.37 33 12 32 109 21711 2 758035 29685 1.6 13 8 2 7 61% 314 49014 184 153%
c i 61.42 31 12 32 109 21740 2 758704 30210 1.6 13 8 2 7 61% 322 49014 183 152%
c i 61.63 33 12 32 109 21839 2 762193 32943 1.6 13 8 2 7 61% 333 49014 182 152%
c i 61.66 33 12 32 109 21840 2 762715 33285 1.6 13 8 2 7 61% 341 49014 181 151%
c - 61.80 32 12 32 110 21934 2 764708 19367 1.6 13 8 2 7 61% 332 48872 181 151%
c i 61.85 32 12 32 110 21934 2 765705 20074 1.6 13 8 2 7 61% 343 48872 180 150%
c i 62.11 33 12 32 110 22059 2 770913 24066 1.6 12 8 2 7 61% 357 48872 178 148%
c i 62.12 32 12 32 110 22080 2 771070 24199 1.6 12 8 2 7 61% 357 48872 176 147%
c i 62.15 32 12 32 110 22085 2 771674 24636 1.6 12 8 2 7 61% 368 48872 175 146%
c i 62.30 32 12 32 110 22120 2 774501 26810 1.6 12 8 2 7 61% 386 48872 174 145%
c i 62.33 32 12 32 110 22127 2 775044 27255 1.6 12 8 2 7 61% 387 48872 173 144%
c - 62.34 33 12 32 111 22127 2 775196 14796 1.6 12 8 2 7 61% 315 48872 173 144%
c i 62.42 32 12 32 111 22141 2 776642 15900 1.6 12 8 2 7 61% 325 48872 172 143%
c i 62.62 32 12 32 111 22276 2 780589 18989 1.6 12 8 2 7 61% 341 48872 171 142%
c i 62.66 31 12 32 111 22288 2 781261 19557 1.6 12 8 2 7 61% 343 48872 170 142%
c i 62.68 32 12 32 111 22298 2 781607 19825 1.6 12 8 2 7 61% 344 48872 168 140%
c i 62.71 31 12 32 111 22311 2 782216 20282 1.6 12 8 2 7 61% 349 48872 162 135%
c i 62.72 32 12 32 111 22311 2 782330 20360 1.6 12 8 2 7 61% 355 48871 161 134%
c
c seconds   switched      rate          size/glue tier1   binary       remaining
c        MB   reductions    conflicts         size  tier2    irredundant
c         level     restarts       redundant    glue   trail       variables
c
c i 62.72 32 12 32 111 22311 2 782392 20405 1.6 12 8 2 7 61% 359 48871 157 131%
c i 62.72 32 12 32 111 22311 2 782404 20406 1.6 12 8 2 7 61% 360 48871 156 130%
c i 62.72 32 12 32 111 22311 2 782413 20406 1.6 12 8 2 7 61% 366 48871 146 122%
c i 62.72 32 12 32 111 22311 2 782414 20406 1.6 12 8 2 7 61% 366 48871 145 121%
c i 62.72 32 12 32 111 22311 2 782427 20414 1.6 12 8 2 7 61% 366 48871 140 117%
c } 62.72 32 12 32 111 22311 2 782430 20414 1.6 12 8 2 7 61% 367 48871 103 86%
c 0 62.72 32 12 32 111 22311 2 782430 20414 1.6 12 8 2 7 61% 367 48871 103 86%
c
c ---- [ result ] ------------------------------------------------------------
c
s UNSATISFIABLE
c
c ---- [ profiling ] ---------------------------------------------------------
c
c          49.41   78.77 %  search
c          26.77   42.69 %  focused
c          22.63   36.08 %  stable
c          11.89   18.96 %  probe
c          10.30   16.42 %  simplify
c           7.10   11.31 %  vivify
c           3.25    5.18 %  factor
c           2.97    4.74 %  preprocess
c           1.28    2.05 %  eliminate
c           1.22    1.95 %  subsume
c           1.15    1.84 %  sweep
c           0.34    0.55 %  substitute
c           0.31    0.50 %  reduce
c           0.10    0.16 %  walking
c           0.03    0.05 %  parse
c           0.03    0.05 %  congruence
c           0.01    0.02 %  transitive
c           0.01    0.01 %  lucky
c           0.00    0.00 %  backbone
c =============================================
c          62.72  100.00 %  total
c
c ---- [ statistics ] --------------------------------------------------------
c
c conflicts:                           782430            12474.65 per second
c decisions:                          1309017                1.67 per conflict
c eliminated:                              94               78 %  variables
c factored:                               193              161 %  variables
c iterations:                              43               36 %  variables
c propagations:                      28807445           459291    per second
c reductions:                             111             7049    interval
c reordered:                               12            65202    interval
c rephased:                                21            37259    interval
c restarts:                             22311               35    interval
c subsumed:                             18867                0 %  checks
c switched:                                32            24451    interval
c vivified:                             29170               31 %  checks
c walks:                                    7           111776    interval
c
c ---- [ glue usage ] --------------------------------------------------------
c
c focused glue 2   used 449534 clauses 25.20% accumulated 58.52% tier1
c focused glue 3   used 218802 clauses 12.27% accumulated 70.79%
c focused glue 4-5 used 230137 clauses 12.90% accumulated 83.69%
c focused glue 6   used  78910 clauses  4.42% accumulated 88.11%
c focused glue 7   used  61717 clauses  3.46% accumulated 91.58% tier2
c
c stable glue 4    used 170616 clauses  7.50% accumulated 53.80% tier1
c stable glue 5    used 150711 clauses  6.63% accumulated 60.43%
c stable glue 6-13 used 627126 clauses 27.58% accumulated 88.02%
c stable glue 14   used  41793 clauses  1.84% accumulated 89.85%
c stable glue 15   used  37093 clauses  1.63% accumulated 91.49% tier2
c
c ---- [ resources ] ---------------------------------------------------------
c
c maximum-resident-set-size:         37748736 bytes         36 MB
c process-time:                          1m 3s              62.72 seconds
c
c ---- [ shutting down ] -----------------------------------------------------
c
c exit 20
