c ---- [ banner ] ------------------------------------------------------------
c
c Kissat SAT Solver
c 
c Copyright (c) 2021-2024 Armin Biere University of Freiburg
c Copyright (c) 2019-2021 Armin Biere Johannes Kepler University Linz
c 
c Version 4.0.4 8af8e56f174b778aef3aa45af9f739b2a5f492c2
c gcc (Ubuntu 13.3.0-6ubuntu2~24.04.1) 13.3.0 -W -Wall -O3 -DNDEBUG
c Wed Apr 15 20:10:47 EEST 2026 Linux cluster-4 6.17.0-14-generic x86_64
c
c ---- [ parsing ] -----------------------------------------------------------
c
c opened and reading DIMACS file:
c
c   tmp.cnf
c
c parsed 'p cnf 210 427329' header
c closing input after reading 11577539 bytes (11 MB)
c finished parsing after 0.09 seconds
c
c ---- [ solving ] -----------------------------------------------------------
c
c seconds switched rate     size/glue tier1 binary        remaining
c        MB reductions conflicts size  tier2   irredundant
c         level restarts redundant glue  trail        variables
c
c *  0.09 29 0 0 0  0 0   0   0 0.0 0 0 0 0 0%   0 427329 210 100%
c (  0.11 40 0 0 0  0 0   0   0 0.0 0 0 0 0 0%   0 427329 210 100%
c .  0.11 40 0 0 0  0 0   0   0 0.0 0 0 0 0 0%   0 427329 210 100%
c f  2.47 31 0 0 0  0 0   0   0 0.0 0 0 0 0 0%  21 387289 211 100%
c )  2.47 36 0 0 0  0 0   0   0 0.0 0 0 0 0 0%  21 387289 211 100%
c {  2.49 40 0 0 0  0 0   0   0 0.0 0 0 2 6 0%  21 387289 211 100%
c -  2.59 45 16 0 1 12 2 1000 688 1.8 13 7 5 11 60%  21 387289 211 100%
c }  2.59 45 16 1 1 12 2 1000 688 1.8 13 7 5 11 60%  21 387289 211 100%
c [  2.59 45 0 1 1 12 0 1000 688 0.0 0 0 2 6 0%  21 387289 211 100%
c B  2.60 45 10 1 1 12 3 1001 689 1.7 12 7 2 6 55%  21 387289 211 100%
c ]  2.70 46 21 2 1 12 2 1980 1498 1.7 19 11 7 17 55%  21 387289 211 100%
c {  2.70 46 16 2 1 12 2 1980 1498 1.8 13 7 5 11 60%  21 387289 211 100%
c -  2.72 46 16 2 2 17 2 2003 1469 1.7 13 8 5 11 60%  21 387289 211 100%
c u  2.87 47 16 2 2 208 3 2656 1913 1.6 13 8 5 11 59%  22 387288 211 100%
c v  2.89 47 16 2 2 208 3 2656 1901 1.6 13 8 5 11 59%  22 387288 211 100%
c w  2.91 47 16 2 2 208 3 2656 1892 1.6 13 8 5 11 59%  22 387288 211 100%
c x  2.94 47 16 2 2 208 3 2656 1892 1.6 13 8 5 11 59%  23 387162 211 100%
c }  3.11 48 19 3 2 269 3 2982 2191 1.6 14 8 5 11 60%  23 387162 211 100%
c [  3.11 48 21 3 2 269 2 2982 2191 1.7 19 11 7 17 55%  23 387162 211 100%
c W  3.15 45 21 3 2 269 2 2982 2191 1.7 19 11 7 17 55%  23 387162 211 100%
c
c seconds  switched  rate       size/glue  tier1    binary        remaining
c        MB reductions conflicts      size   tier2     irredundant
c         level restarts   redundant     glue    trail        variables
c
c -  3.22 47 22 3 3 269 2 3417 2313 1.6 19 12 6 16 57%  23 387162 211 100%
c i  3.35 49 20 3 3 270 2 4695 3306 1.6 18 11 6 16 59%  26 387160 210 100%
c ]  3.41 49 21 4 3 270 2 4960 3534 1.6 18 12 6 16 60%  26 387160 210 100%
c {  3.41 49 19 4 3 270 3 4960 3534 1.6 14 8 5 11 60%  26 387160 210 100%
c -  3.47 50 19 4 4 286 3 5149 2172 1.7 14 8 5 13 61%  24 387160 210 100%
c i  3.72 50 16 4 4 350 3 6808 3465 1.7 13 8 5 13 60%  29 387159 209 100%
c -  3.80 46 17 4 5 375 3 7149 2064 1.7 13 8 5 12 60%  24 387159 209 100%
c }  3.83 46 16 5 5 384 3 7312 2204 1.7 13 8 5 12 60%  24 387159 209 100%
c [  3.83 46 21 5 5 384 2 7312 2204 1.6 18 12 6 16 60%  24 387159 209 100%
c I  3.83 46 21 5 5 384 2 7312 2204 1.6 18 12 6 16 60%  24 387159 209 100%
c u  4.05 42 21 5 5 384 2 8181 2901 1.5 18 12 6 16 60%  24 373841 209 100%
c v  4.09 44 21 5 5 384 2 8181 2858 1.5 18 12 6 16 60%  24 373841 209 100%
c w  4.11 44 21 5 5 384 2 8181 2834 1.5 18 12 6 16 60%  24 373841 209 100%
c x  4.15 45 21 5 5 384 2 8181 2834 1.5 18 12 6 16 60%  27 373617 209 100%
c -  4.33 48 19 5 6 385 2 9385 3379 1.5 17 11 6 15 60%  27 373617 209 100%
c i  4.43 48 19 5 6 386 2 10399 4169 1.6 16 10 6 15 59%  30 373617 208 99%
c o  4.44 48 19 5 6 386 2 10399 4169 1.6 16 10 6 15 59%  30 373617 208 99%
c ]  4.45 48 20 6 6 386 2 10524 4280 1.5 16 11 6 15 59%  30 373617 208 99%
c {  4.45 48 16 6 6 386 3 10524 4280 1.7 13 8 5 12 60%  30 373617 208 99%
c -  4.68 50 14 6 7 388 2 11834 3050 1.8 12 7 4 11 61%  28 373617 208 99%
c
c seconds  switched  rate        size/glue tier1    binary        remaining
c        MB reductions conflicts       size  tier2     irredundant
c         level restarts    redundant    glue    trail        variables
c
c i  4.88 46 12 6 7 388 2 13199 4000 1.8 11 6 4 11 61%  41 373616 207 99%
c s  4.99 47 12 6 7 388 2 13279 4074 1.8 11 6 4 11 61%  41 363205 207 99%
c ^  5.12 49 12 6 7 388 2 13279 4074 1.8 11 6 4 11 61%  27 363205 207 99%
c -  5.28 45 12 6 8 388 2 14479 3243 2.0 12 6 4 9 61%  28 363205 207 99%
c }  5.29 45 11 7 8 388 2 14593 3353 2.0 12 6 4 9 61%  28 363205 207 99%
c [  5.29 45 20 7 8 388 2 14593 3353 1.5 16 11 6 15 59%  28 363205 207 99%
c B  5.29 45 20 7 8 388 2 14593 3353 1.5 16 11 6 15 59%  28 363205 207 99%
c u  5.70 46 23 7 8 390 2 16733 5153 1.5 18 12 6 15 59%  36 363201 207 99%
c v  5.75 47 23 7 8 390 2 16733 5139 1.5 18 12 6 15 59%  36 363201 207 99%
c w  5.77 47 23 7 8 390 2 16733 5085 1.5 18 12 6 15 59%  36 363201 207 99%
c x  5.82 47 23 7 8 390 2 16733 5085 1.5 18 12 6 15 59%  65 362917 207 99%
c t  5.84 47 23 7 8 390 2 16733 5085 1.5 18 12 6 15 59%  62 362917 207 99%
c -  5.96 48 23 7 9 390 2 17308 5000 1.5 19 12 7 18 59%  62 362917 207 99%
c ]  6.10 49 24 8 9 390 2 18552 6072 1.5 19 13 7 18 59%  62 362917 207 99%
c {  6.10 49 11 8 9 390 2 18552 6072 2.0 12 6 4 9 61%  62 362917 207 99%
c -  6.31 46 11 8 10 689 2 20308 6803 2.0 12 6 4 9 60%  63 362916 207 99%
c o  6.35 47 11 8 10 720 2 20583 7015 2.0 12 6 4 9 60%  63 362916 207 99%
c -  6.84 47 11 8 11 928 2 23471 8159 1.9 12 6 4 9 60%  72 362915 207 99%
c }  7.07 45 11 9 11 1093 2 24713 9122 1.9 12 6 4 9 60%  73 362915 207 99%
c [  7.07 45 24 9 11 1093 2 24713 9122 1.5 19 13 7 18 59%  73 362915 207 99%
c
c seconds  switched    rate        size/glue  tier1    binary        remaining
c        MB  reductions  conflicts       size   tier2     irredundant
c         level   restarts    redundant     glue    trail        variables
c
c W  7.11 48 24 9 11 1093 2 24713 9122 1.5 19 13 7 18 59%  73 362915 207 99%
c s  7.46 51 24 9 11 1094 2 26485 10609 1.5 20 13 7 18 60%  73 362762 207 99%
c ^  7.57 51 24 9 11 1094 2 26485 10609 1.5 20 13 7 18 60%  73 362762 207 99%
c -  7.63 51 24 9 12 1094 2 26787 9345 1.5 20 13 7 18 60%  73 362762 207 99%
c u  7.95 43 23 9 12 1095 2 28486 10631 1.5 20 13 7 18 60%  74 362762 207 99%
c v  8.02 47 23 9 12 1095 2 28486 10592 1.5 20 13 7 18 60%  76 362762 207 99%
c w  8.05 48 23 9 12 1095 2 28486 10532 1.5 20 13 7 18 60%  76 362762 207 99%
c x  8.12 50 23 9 12 1095 2 28486 10532 1.5 20 13 7 18 60% 120 362497 207 99%
c t  8.14 50 23 9 12 1095 2 28486 10532 1.5 20 13 7 18 60% 119 362497 207 99%
c -  8.39 51 24 9 13 1097 2 30252 10400 1.5 20 13 7 19 60% 121 362496 207 99%
c ]  8.49 51 24 10 13 1098 2 31568 11444 1.5 20 13 7 19 59% 121 362496 207 99%
c {  8.49 51 11 10 13 1098 2 31568 11444 1.9 12 6 4 9 60% 121 362496 207 99%
c i  8.71 51 11 10 13 1253 2 32658 12215 1.9 12 6 4 9 60% 147 362496 206 98%
c -  9.01 51 12 10 14 1456 2 33857 10754 1.9 12 6 4 9 60% 119 362496 206 98%
c -  9.73 50 12 10 15 1918 2 37599 11835 1.9 13 6 4 9 60% 124 362495 206 98%
c i  9.94 51 12 10 15 1952 2 38895 12813 1.9 12 6 4 9 60% 133 362495 205 98%
c } 10.13 49 12 11 15 2158 2 40195 13795 1.9 12 7 4 9 59% 133 362495 205 98%
c [ 10.13 49 24 11 15 2158 2 40195 13795 1.5 20 13 7 19 59% 133 362495 205 98%
c O 10.13 49 24 11 15 2158 2 40195 13795 1.5 20 13 7 19 59% 133 362495 205 98%
c o 10.35 52 26 11 15 2159 2 41331 14759 1.5 21 14 7 19 60% 133 362495 205 98%
c
c seconds   switched    rate         size/glue  tier1    binary        remaining
c        MB   reductions  conflicts        size   tier2     irredundant
c         level    restarts     redundant     glue    trail        variables
c
c - 10.38 44 26 11 16 2159 2 41471 10714 1.5 21 14 8 20 60% 116 362495 205 98%
c u 10.73 47 33 11 16 2160 2 43620 12653 1.4 23 17 8 20 60% 116 351676 205 98%
c v 10.81 49 33 11 16 2160 2 43620 12642 1.4 23 17 8 20 60% 116 351676 205 98%
c w 10.85 49 33 11 16 2160 2 43620 12613 1.4 23 17 8 20 60% 116 351676 205 98%
c x 10.91 50 33 11 16 2160 2 43620 12613 1.4 23 17 8 20 60% 140 351575 205 98%
c - 11.21 52 35 11 17 2161 2 45473 11537 1.4 24 17 9 25 61% 140 351575 205 98%
c - 11.67 50 36 11 18 2164 2 49601 12650 1.4 25 18 9 26 61% 140 351575 205 98%
c B 11.71 51 35 11 18 2164 2 49959 12943 1.4 25 18 9 26 61% 140 351575 205 98%
c ] 11.94 42 35 12 18 2164 2 52080 14738 1.4 25 18 9 26 61% 140 351575 205 98%
c { 11.94 42 12 12 18 2164 2 52080 14738 1.9 12 7 4 9 59% 140 351575 205 98%
c - 12.24 44 12 12 19 2433 2 53843 14266 1.9 13 7 4 9 59% 141 351574 205 98%
c i 12.45 51 12 12 19 2471 2 54941 15115 1.9 12 7 4 9 59% 151 351572 204 97%
c s 12.65 51 12 12 19 2493 2 55114 15254 1.9 12 7 4 9 59% 152 344446 204 97%
c ^ 12.84 52 12 12 19 2493 2 55114 15254 1.9 12 7 4 9 59% 129 344446 204 97%
c i 12.95 47 12 12 19 2513 2 55668 15157 1.9 12 7 4 9 59% 141 344444 203 97%
c i 13.27 51 12 12 19 2645 2 57422 16499 1.9 13 7 4 9 59% 154 344444 202 96%
c - 13.45 50 12 12 20 2678 2 58201 13428 2.0 13 7 4 9 59% 115 344443 202 96%
c i 13.69 51 12 12 20 2855 2 59250 14187 2.0 13 7 4 9 59% 129 344443 201 96%
c u 14.36 45 12 12 20 3164 2 62192 15432 2.0 13 7 4 9 59% 131 328540 201 96%
c v 14.46 49 12 12 20 3164 2 62192 15423 2.0 13 7 4 9 59% 131 328540 201 96%
c
c seconds   switched    rate         size/glue tier1   binary        remaining
c        MB   reductions  conflicts        size  tier2    irredundant
c         level    restarts     redundant    glue   trail        variables
c
c w 14.50 50 12 12 20 3164 2 62192 15417 2.0 13 7 4 9 59% 131 328540 201 96%
c x 14.58 50 12 12 20 3164 2 62192 15417 2.0 13 7 4 9 59% 141 328480 201 96%
c - 14.79 49 12 12 21 3217 2 62675 13485 2.0 13 7 4 9 59% 117 328478 201 96%
c } 14.96 48 12 13 21 3259 2 63560 14133 2.0 13 7 4 9 59% 121 328477 201 96%
c [ 14.96 48 35 13 21 3259 2 63560 14133 1.4 25 18 9 26 61% 121 328477 201 96%
c W 15.00 47 35 13 21 3259 2 63560 14133 1.4 25 18 9 26 61% 121 328477 201 96%
c - 15.52 51 34 13 22 3261 2 67258 15459 1.4 25 17 8 24 61% 122 328476 201 96%
c - 16.08 50 33 13 23 3265 2 71948 16964 1.5 25 17 8 23 61% 122 328476 201 96%
c - 16.75 50 31 13 24 3266 2 76749 18233 1.5 25 17 7 22 61% 122 328476 201 96%
c ] 16.92 50 31 14 24 3267 2 77901 19148 1.5 25 17 7 22 61% 122 328476 201 96%
c { 16.92 50 12 14 24 3267 2 77901 19148 2.0 13 7 4 9 59% 122 328476 201 96%
c o 16.94 51 12 14 24 3274 2 77937 19179 2.0 13 7 4 9 59% 122 328476 201 96%
c i 17.51 49 12 14 24 3446 2 80752 21269 1.9 13 7 4 9 59% 135 328472 200 95%
c - 17.73 50 12 14 25 3507 2 81648 18596 2.0 13 7 4 9 59% 126 328470 200 95%
c u 18.41 51 12 14 25 3797 2 84255 20583 1.9 13 7 4 9 59% 129 323692 200 95%
c v 18.52 52 12 14 25 3797 2 84255 20481 1.9 13 7 4 9 59% 129 323692 200 95%
c w 18.56 52 12 14 25 3797 2 84255 20266 1.9 13 7 4 9 59% 129 323692 200 95%
c x 18.67 44 12 14 25 3797 2 84255 20266 1.9 13 7 4 9 59% 132 323430 200 95%
c - 19.23 48 12 14 26 3899 2 86648 19067 1.9 13 7 4 9 59% 138 323428 200 95%
c - 20.34 47 12 14 27 4356 2 91749 20594 1.9 13 7 4 9 59% 147 323424 200 95%
c
c seconds   switched    rate         size/glue tier1   binary        remaining
c        MB   reductions  conflicts        size  tier2    irredundant
c         level    restarts     redundant    glue   trail        variables
c
c } 20.48 50 12 15 27 4425 2 92616 21243 1.9 13 7 4 9 59% 149 323424 200 95%
c [ 20.48 50 31 15 27 4425 2 92616 21243 1.5 25 17 7 22 61% 149 323424 200 95%
c I 20.48 50 31 15 27 4425 2 92616 21243 1.5 25 17 7 22 61% 149 323424 200 95%
c i 20.69 48 30 15 27 4426 2 93856 22229 1.5 24 16 7 22 61% 154 323424 199 95%
c - 21.09 48 30 15 28 4428 2 96951 20944 1.5 24 16 7 21 61% 144 323424 199 95%
c s 21.86 47 29 15 28 4431 2 101032 24054 1.5 23 16 7 21 60% 145 317563 199 95%
c s 22.15 50 29 15 28 4431 2 101032 24054 1.5 23 16 7 21 60% 145 317544 199 95%
c ^ 22.16 50 29 15 28 4431 2 101032 24054 1.5 23 16 7 21 60% 145 317544 199 95%
c - 22.33 47 29 15 29 4431 2 102243 22480 1.5 23 15 7 20 60% 145 317544 199 95%
c i 22.44 48 28 15 29 4431 2 103033 23082 1.5 23 15 7 20 60% 153 317543 177 84%
c - 23.13 50 29 15 30 4434 2 107629 16417 1.5 23 16 7 20 60% 151 256996 177 84%
c u 23.61 45 28 15 30 4435 2 110009 18128 1.5 23 15 7 20 60% 141 256996 177 84%
c v 23.75 43 28 15 30 4435 2 110009 17990 1.5 23 15 7 20 60% 151 256996 177 84%
c w 23.80 44 28 15 30 4435 2 110009 17177 1.5 23 15 7 20 60% 151 256996 177 84%
c x 23.91 45 28 15 30 4435 2 110009 17177 1.5 23 15 7 20 60% 151 254422 177 84%
c f 24.03 33 28 15 30 4435 2 110009 17177 1.5 23 15 7 20 60% 153 249585 178 85%
c u 24.20 40 28 15 30 4435 2 110009 17138 1.5 23 15 7 20 60% 154 249585 178 85%
c v 24.33 41 28 15 30 4435 2 110009 16995 1.5 23 15 7 20 60% 164 249585 178 85%
c w 24.39 57 28 15 30 4435 2 110009 16993 1.5 23 15 7 20 60% 164 249585 178 85%
c x 24.51 57 28 15 30 4435 2 110009 16993 1.5 23 15 7 20 60% 164 246671 178 85%
c
c seconds   switched    rate          size/glue  tier1    binary        remaining
c        MB   reductions  conflicts         size   tier2     irredundant
c         level    restarts      redundant     glue    trail        variables
c
c f 24.90 44 28 15 30 4435 2 110009 16993 1.5 23 15 7 20 60% 166 241813 179 85%
c B 24.99 54 28 15 30 4435 2 110418 17320 1.5 23 15 7 20 60% 166 241813 179 85%
c ] 25.15 56 28 16 30 4436 2 111588 18142 1.5 23 15 7 20 60% 167 241813 179 85%
c { 25.15 56 12 16 30 4436 2 111588 18142 1.9 13 7 4 9 59% 167 241813 179 85%
c i 25.35 55 12 16 30 4542 2 112442 18769 1.9 13 7 4 9 59% 180 241809 178 85%
c - 25.46 53 12 16 31 4581 2 113107 17651 1.9 13 7 4 9 59% 166 241723 178 85%
c i 25.48 53 12 16 31 4594 2 113238 17738 1.9 13 7 4 9 59% 172 241722 177 84%
c i 25.48 53 12 16 31 4594 2 113265 17746 1.9 13 7 4 9 59% 180 241720 176 84%
c i 25.60 56 12 16 31 4639 2 114211 18500 1.9 13 7 4 9 59% 184 241719 175 83%
c i 25.61 56 12 16 31 4639 2 114246 18510 1.9 13 7 4 9 59% 195 241717 174 83%
c i 25.69 54 12 16 31 4652 2 114618 18805 1.9 13 7 4 9 59% 202 241715 173 82%
c i 25.74 55 12 16 31 4698 2 114935 19020 1.9 13 7 4 9 59% 222 241713 172 82%
c i 25.74 55 12 16 31 4701 2 115022 19076 1.9 13 7 4 9 59% 227 241712 171 81%
c i 25.75 55 12 16 31 4705 2 115067 19087 1.9 13 7 4 9 59% 240 241710 170 81%
c i 25.81 56 12 16 31 4745 2 115649 19531 1.9 13 7 4 9 59% 252 241705 169 80%
c i 25.82 56 12 16 31 4745 2 115670 19543 1.9 13 7 4 9 59% 256 241703 168 80%
c i 25.82 56 12 16 31 4745 2 115736 19583 1.9 13 7 4 9 58% 264 241702 167 80%
c i 25.83 56 12 16 31 4745 2 115744 19585 1.9 13 7 4 9 58% 268 241701 166 79%
c i 25.84 56 12 16 31 4745 2 115864 19652 1.9 13 7 4 9 58% 277 241701 165 79%
c i 25.86 56 12 16 31 4745 2 116027 19766 1.9 13 7 4 9 58% 281 241701 163 78%
c
c seconds   switched    rate          size/glue tier1   binary        remaining
c        MB   reductions  conflicts         size  tier2    irredundant
c         level    restarts      redundant    glue   trail        variables
c
c i 25.87 56 12 16 31 4745 2 116064 19789 1.9 13 7 4 9 58% 285 241701 162 77%
c } 25.87 56 12 16 31 4745 2 116069 19789 1.9 13 7 4 9 58% 286 241701 126 60%
c 0 25.87 56 12 16 31 4745 2 116069 19789 1.9 13 7 4 9 58% 286 241701 126 60%
c
c ---- [ result ] ------------------------------------------------------------
c
s UNSATISFIABLE
c
c ---- [ profiling ] ---------------------------------------------------------
c
c          18.18   70.27 %  search
c          10.02   38.75 %  focused
c           8.15   31.52 %  stable
c           6.12   23.64 %  probe
c           5.20   20.11 %  simplify
c           2.81   10.87 %  factor
c           2.46    9.52 %  vivify
c           2.36    9.12 %  preprocess
c           1.35    5.23 %  eliminate
c           1.19    4.59 %  subsume
c           0.38    1.47 %  substitute
c           0.33    1.27 %  sweep
c           0.12    0.46 %  congruence
c           0.10    0.37 %  walking
c           0.09    0.36 %  parse
c           0.09    0.34 %  reduce
c           0.03    0.12 %  lucky
c           0.01    0.05 %  transitive
c           0.00    0.00 %  backbone
c =============================================
c          25.87  100.00 %  total
c
c ---- [ statistics ] --------------------------------------------------------
c
c conflicts:                           116069             4487.08 per second
c decisions:                           225546                1.94 per conflict
c factored:                                 3                1 %  variables
c iterations:                              30               14 %  variables
c propagations:                       2953306           114171    per second
c reductions:                              31             3744    interval
c reordered:                                4            29017    interval
c rephased:                                10            11607    interval
c restarts:                              4745               24    interval
c subsumed:                              4691                0 %  checks
c switched:                                16             7254    interval
c vivified:                              9889               43 %  checks
c walks:                                    3            38690    interval
c
c ---- [ glue usage ] --------------------------------------------------------
c
c focused glue 4   used 15497 clauses 16.98% accumulated 60.44% tier1
c focused glue 5   used 11478 clauses 12.58% accumulated 73.02%
c focused glue 6-7 used 12043 clauses 13.19% accumulated 86.21%
c focused glue 8   used  3362 clauses  3.68% accumulated 89.89%
c focused glue 9   used  2403 clauses  2.63% accumulated 92.53% tier2
c
c stable glue 6    used 11429 clauses  6.34% accumulated 50.72% tier1
c stable glue 7    used  9774 clauses  5.43% accumulated 56.15%
c stable glue 8-18 used 58023 clauses 32.21% accumulated 88.36%
c stable glue 19   used  2329 clauses  1.29% accumulated 89.65%
c stable glue 20   used  2132 clauses  1.18% accumulated 90.84% tier2
c
c ---- [ resources ] ---------------------------------------------------------
c
c maximum-resident-set-size:         60026880 bytes         57 MB
c process-time:                            26s              25.87 seconds
c
c ---- [ shutting down ] -----------------------------------------------------
c
c exit 20
