c ---- [ banner ] ------------------------------------------------------------
c
c Kissat SAT Solver
c 
c Copyright (c) 2021-2024 Armin Biere University of Freiburg
c Copyright (c) 2019-2021 Armin Biere Johannes Kepler University Linz
c 
c Version 4.0.4 8af8e56f174b778aef3aa45af9f739b2a5f492c2
c Apple clang version 17.0.0 (clang-1700.6.3.2) -W -Wall -O3 -DNDEBUG
c Mon Mar 30 18:25:47 CEST 2026 Darwin Mac 24.6.0 arm64
c
c ---- [ parsing ] -----------------------------------------------------------
c
c opened and reading DIMACS file:
c
c   tmp.cnf
c
c parsed 'p cnf 406 13775580' header
c closing input after reading 401882155 bytes (383 MB)
c finished parsing after 1.26 seconds
c
c ---- [ solving ] -----------------------------------------------------------
c
c seconds  switched rate     size/glue tier1 binary          remaining
c         MB reductions conflicts size  tier2    irredundant
c          level restarts redundant glue  trail          variables
c
c *  1.26 420 0 0 0  0 0   0   0 0.0 0 0 0 0 0%   0 13775580 406 100%
c (  1.52 1157 0 0 0  0 0   0   0 0.0 0 0 0 0 0%   0 13775580 406 100%
c .  1.52 1157 0 0 0  0 0   0   0 0.0 0 0 0 0 0%   0 13775580 406 100%
c )  2.40 1127 0 0 0  0 0   0   0 0.0 0 0 0 0 0%   0 13775580 406 100%
c {  2.53 1130 0 0 0  0 0   0   0 0.0 0 0 2 6 0%   0 13775580 406 100%
c -  4.12 1236 22 0 1 20 1 1000 671 1.4 19 13 12 18 28%   0 13775580 406 100%
c }  4.12 1236 22 1 1 20 1 1000 671 1.4 19 13 12 18 28%   0 13775580 406 100%
c [  4.12 1236 0 1 1 20 0 1000 671 0.0 0 0 2 6 0%   0 13775580 406 100%
c B  4.13 1238 58 1 1 20 12 1004 675 1.1 12 11 2 6 44%   0 13775580 406 100%
c -  5.47 1266 18 1 2 20 1 2003 1434 1.4 17 12 11 16 23%   0 13775580 406 100%
c W  5.88 1303 18 1 2 20 1 2005 1436 1.4 17 12 11 16 23%   0 13775580 406 100%
c ]  6.18 1326 17 2 2 21 1 2251 1644 1.4 17 12 11 16 23%   0 13775580 406 100%
c {  6.18 1326 22 2 2 21 1 2251 1644 1.4 19 13 12 18 28%   0 13775580 406 100%
c }  7.16 1353 20 3 2 25 1 3252 2489 1.4 19 13 12 18 26%   0 13775580 406 100%
c [  7.16 1353 17 3 2 25 1 3252 2489 1.4 17 12 11 16 23%   0 13775580 406 100%
c -  7.25 1354 18 3 3 25 1 3417 2417 1.4 17 12 11 16 23%   0 13775580 406 100%
c I  7.91 1364 20 3 3 25 1 4264 3057 1.4 18 13 11 16 25%   0 13775580 406 100%
c ]  8.13 1370 20 4 3 26 1 4380 3165 1.4 18 13 11 16 24%   0 13775580 406 100%
c {  8.13 1370 20 4 3 26 1 4380 3165 1.4 19 13 12 18 26%   0 13775580 406 100%
c u  9.11 1385 20 4 3 26 1 4561 3151 1.4 18 13 12 18 26%   0 13775580 406 100%
c
c seconds    switched rate       size/glue  tier1     binary          remaining
c          MB reductions conflicts     size    tier2      irredundant
c           level restarts  redundant     glue     trail          variables
c
c v  9.43 1385 20 4 3 26 1 4561 2910 1.4 18 13 12 18 26%   0 13775580 406 100%
c w  9.64 1385 20 4 3 26 1 4561 2905 1.4 18 13 12 18 26%   0 13775580 406 100%
c - 11.46 1416 19 4 4 34 1 5150 3003 1.4 18 13 11 16 26%   0 13775580 406 100%
c } 14.44 1455 17 5 4 34 1 6735 4311 1.4 17 12 11 16 24%   0 13775580 406 100%
c [ 14.44 1455 20 5 4 34 1 6735 4311 1.4 18 13 11 16 24%   0 13775580 406 100%
c - 14.93 1460 19 5 5 34 1 7150 4269 1.4 18 13 11 17 24%   0 13775580 406 100%
c B 15.99 1467 19 5 5 35 1 8037 5031 1.4 18 13 11 17 24%   0 13775580 406 100%
c - 17.56 1480 22 5 6 36 1 9386 5546 1.3 19 15 11 21 24%   0 13775580 406 100%
c ] 19.18 1484 22 6 6 37 1 10999 6955 1.3 20 15 11 21 24%   0 13775580 406 100%
c { 19.18 1484 17 6 6 37 1 10999 6955 1.4 17 12 11 16 24%   0 13775580 406 100%
c o 19.32 1484 18 6 6 39 1 11010 6966 1.4 17 12 11 16 24%   0 13775580 406 100%
c - 20.55 1496 17 6 7 43 1 11836 6970 1.4 17 12 11 15 23%   0 13775580 406 100%
c u 25.37 857 16 6 7 43 1 14044 8797 1.4 16 11 11 15 23%   0 13775580 406 100%
c v 26.12 1152 16 6 7 43 1 14044 8785 1.4 16 11 11 15 23%   0 13775580 406 100%
c w 26.48 1170 16 6 7 43 1 14044 8781 1.4 16 11 11 15 23%   0 13775580 406 100%
c - 28.09 1342 16 6 8 45 1 14481 7998 1.4 16 11 10 15 23%   0 13775580 406 100%
c } 28.97 1353 16 7 8 45 1 15069 8516 1.5 16 11 10 15 22%   0 13775580 406 100%
c [ 28.97 1353 22 7 8 45 1 15069 8516 1.3 20 15 11 21 24%   0 13775580 406 100%
c W 29.60 1439 22 7 8 45 1 15069 8516 1.3 20 15 11 21 24%   0 13775580 406 100%
c - 31.42 1488 23 7 9 47 1 17310 8955 1.3 20 15 12 22 24%   0 13775580 406 100%
c
c seconds    switched  rate         size/glue  tier1     binary          remaining
c          MB  reductions conflicts       size    tier2      irredundant
c           level  restarts    redundant     glue     trail          variables
c
c - 33.42 1502 23 7 10 49 1 20310 10332 1.3 21 16 12 21 24%   0 13775580 406 100%
c O 34.89 1510 23 7 10 50 1 22597 12364 1.3 21 16 12 21 24%   0 13775580 406 100%
c o 34.96 1510 23 7 10 50 1 22597 12364 1.3 21 16 12 21 24%   0 13775580 406 100%
c s 35.99 1511 24 7 10 50 1 22796 12549 1.3 21 16 12 21 24%   0 13757247 406 100%
c s 37.30 1512 24 7 10 50 1 22796 12549 1.3 21 16 12 21 24%   0 13755337 406 100%
c ^ 37.73 1512 24 7 10 50 1 22796 12549 1.3 21 16 12 21 24%   0 13755337 406 100%
c - 38.44 1519 24 7 11 51 1 23472 11688 1.3 21 16 12 22 24%   0 13755337 406 100%
c ] 39.27 1525 25 8 11 51 1 24493 12641 1.3 21 16 12 22 25%   0 13755337 406 100%
c { 39.27 1525 16 8 11 51 1 24493 12641 1.5 16 11 10 15 22%   0 13755337 406 100%
c - 43.44 1588 16 8 12 180 1 26790 12773 1.5 16 11 10 14 22%   0 13755337 406 100%
c u 48.12 1625 16 8 12 249 1 28770 14371 1.5 16 11 10 14 22%   0 13755337 406 100%
c v 48.76 1629 16 8 12 249 1 28770 14351 1.5 16 11 10 14 22%   0 13755337 406 100%
c w 49.08 1629 16 8 12 249 1 28770 14276 1.5 16 11 10 14 22%   0 13755337 406 100%
c - 53.89 1649 16 8 13 415 1 30254 13779 1.4 16 11 10 14 22%   0 13755337 406 100%
c } 54.60 1650 16 9 13 415 1 30654 14074 1.4 16 11 10 14 22%   0 13755337 406 100%
c [ 54.60 1650 25 9 13 415 1 30654 14074 1.3 21 16 12 22 25%   0 13755337 406 100%
c B 56.98 1657 24 9 13 416 1 32358 15357 1.3 21 16 12 22 24%   0 13755337 406 100%
c - 58.70 1658 24 9 14 417 1 33860 15090 1.3 21 16 12 22 25%   0 13755337 406 100%
c - 62.55 1661 23 9 15 420 1 37601 16543 1.3 20 15 12 21 25%   0 13755337 406 100%
c - 66.43 1662 23 9 16 421 1 41474 18148 1.3 20 15 12 21 25%   0 13755337 406 100%
c
c seconds     switched   rate         size/glue  tier1     binary          remaining
c          MB   reductions conflicts        size    tier2      irredundant
c           level   restarts     redundant     glue     trail          variables
c
c ] 66.80 1662 23 10 16 421 1 41841 18439 1.3 20 15 12 21 25%   0 13755337 406 100%
c { 66.80 1662 16 10 16 421 1 41841 18439 1.4 16 11 10 14 22%   0 13755337 406 100%
c o 69.63 1671 16 10 16 570 2 43044 19511 1.5 16 11 10 14 23%   0 13755337 406 100%
c - 74.02 1686 16 10 17 599 1 45474 19524 1.4 16 11 10 14 22%   0 13755337 406 100%
c s 75.08 1696 16 10 17 599 1 45585 19600 1.4 16 11 10 14 22%   0 13748131 406 100%
c s 76.40 1696 16 10 17 599 1 45585 19600 1.4 16 11 10 14 22%   0 13747283 406 100%
c ^ 76.77 1696 16 10 17 599 1 45585 19600 1.4 16 11 10 14 22%   0 13747283 406 100%
c u 86.28 1722 16 10 17 883 2 49054 22459 1.4 16 11 10 14 22%   0 13747283 406 100%
c v 87.75 1722 16 10 17 883 2 49054 22308 1.4 16 11 10 14 22%   0 13747283 406 100%
c w 88.38 1722 16 10 17 883 2 49054 22181 1.4 16 11 10 14 22%   0 13747283 406 100%
c - 89.83 1724 15 10 18 899 2 49597 20746 1.4 16 11 10 14 22%   0 13747283 406 100%
c } 91.08 1726 15 11 18 899 2 50468 21412 1.4 16 11 10 14 22%   0 13747283 406 100%
c [ 91.08 1726 23 11 18 899 1 50468 21412 1.3 20 15 12 21 25%   0 13747283 406 100%
c W 91.56 1560 23 11 18 899 1 50468 21412 1.3 20 15 12 21 25%   0 13747283 406 100%
c ] 96.32 1647 23 11 18 901 1 53714 24055 1.3 21 16 12 21 27%   0 13747283 406 100%
c 1 96.32 1647 15 11 18 901 2 53714 24055 1.4 16 11 10 14 22%   0 13747283 406 100%
c
c ---- [ result ] ------------------------------------------------------------
c
s SATISFIABLE
v 1 2 -3 -4 -5 -6 -7 -8 -9 -10 -11 -12 -13 -14 -15 -16 -17 -18 -19 -20 -21 -22
v -23 -24 -25 26 27 28 29 -30 -31 -32 -33 -34 -35 -36 -37 -38 -39 -40 -41 -42
v -43 -44 -45 -46 -47 -48 -49 -50 -51 -52 53 54 55 -56 -57 -58 -59 -60 -61 -62
v -63 -64 -65 -66 -67 -68 -69 -70 -71 -72 -73 -74 -75 -76 -77 -78 79 80 81 82
v 83 84 85 86 -87 -88 -89 -90 -91 -92 -93 -94 -95 -96 -97 -98 -99 -100 -101
v -102 -103 -104 -105 -106 107 108 109 110 -111 -112 -113 -114 -115 -116 -117
v -118 -119 -120 -121 -122 -123 -124 -125 -126 -127 -128 -129 -130 131 132 133
v -134 -135 -136 -137 -138 -139 -140 -141 -142 -143 -144 -145 -146 -147 -148
v -149 -150 -151 -152 -153 154 155 -156 -157 -158 -159 -160 -161 -162 -163
v -164 -165 -166 -167 -168 -169 -170 -171 -172 -173 -174 -175 176 -177 -178
v -179 -180 -181 -182 -183 -184 -185 -186 -187 -188 -189 -190 -191 -192 -193
v -194 -195 -196 -197 -198 -199 -200 -201 -202 -203 -204 -205 -206 -207 -208
v -209 -210 -211 -212 -213 -214 -215 -216 217 218 219 220 221 -222 -223 -224
v -225 -226 -227 -228 -229 -230 -231 -232 -233 -234 -235 236 237 238 239 -240
v -241 -242 -243 -244 -245 -246 -247 -248 -249 -250 -251 -252 -253 254 255 256
v -257 -258 -259 -260 -261 -262 -263 -264 -265 -266 -267 -268 -269 -270 271
v 272 -273 -274 -275 -276 -277 -278 -279 -280 -281 -282 -283 -284 -285 -286
v 287 -288 -289 -290 -291 -292 -293 -294 -295 -296 -297 -298 -299 -300 -301
v -302 -303 -304 -305 -306 -307 -308 -309 -310 -311 -312 -313 -314 -315 316
v 317 318 319 320 -321 -322 -323 -324 -325 -326 -327 -328 329 330 331 332 -333
v -334 -335 -336 -337 -338 -339 -340 341 342 343 -344 -345 -346 -347 -348 -349
v -350 -351 352 353 -354 -355 -356 -357 -358 -359 -360 -361 362 -363 -364 -365
v -366 -367 -368 -369 -370 -371 -372 -373 -374 -375 -376 -377 -378 379 380 381
v 382 -383 -384 -385 386 387 388 -389 -390 -391 392 393 -394 -395 -396 397
v -398 -399 -400 -401 -402 -403 404 405 406 0
c
c ---- [ profiling ] ---------------------------------------------------------
c
c          76.30   79.21 %  search
c          44.69   46.39 %  focused
c          31.61   32.82 %  stable
c          17.50   18.16 %  simplify
c          11.83   12.29 %  probe
c           8.59    8.92 %  vivify
c           5.32    5.52 %  eliminate
c           3.31    3.44 %  subsume
c           2.01    2.09 %  substitute
c           1.26    1.31 %  parse
c           1.22    1.27 %  walking
c           0.88    0.91 %  preprocess
c           0.54    0.56 %  congruence
c           0.45    0.47 %  sweep
c           0.39    0.40 %  lucky
c           0.21    0.22 %  reduce
c           0.16    0.16 %  factor
c           0.08    0.08 %  transitive
c           0.00    0.00 %  backbone
c =============================================
c          96.32  100.00 %  total
c
c ---- [ statistics ] --------------------------------------------------------
c
c conflicts:                            53714              557.67 per second
c decisions:                            73120                1.36 per conflict
c propagations:                       1601653            16629    per second
c reductions:                              18             2984    interval
c reordered:                                3            17905    interval
c rephased:                                 8             6714    interval
c restarts:                               901               60    interval
c subsumed:                             28297                0 %  checks
c switched:                                11             4883    interval
c vivified:                              1634               57 %  checks
c walks:                                    3            17905    interval
c
c ---- [ glue usage ] --------------------------------------------------------
c
c focused glue 10 used 3913 clauses 13.64% accumulated 60.49% tier1
c focused glue 11 used 3433 clauses 11.96% accumulated 72.45%
c focused glue 12 used 2613 clauses  9.11% accumulated 81.56%
c focused glue 13 used 1831 clauses  6.38% accumulated 87.94%
c focused glue 14 used 1270 clauses  4.43% accumulated 92.36% tier2
c
c stable glue 12    used  3270 clauses  5.97% accumulated 54.65% tier1
c stable glue 13    used  2890 clauses  5.28% accumulated 59.93%
c stable glue 14-19 used 14102 clauses 25.75% accumulated 85.67%
c stable glue 20    used  1459 clauses  2.66% accumulated 88.34%
c stable glue 21    used  1282 clauses  2.34% accumulated 90.68% tier2
c
c ---- [ resources ] ---------------------------------------------------------
c
c maximum-resident-set-size:     1853781704704 bytes    1767904 MB
c process-time:                         1m 36s              96.32 seconds
c
c ---- [ shutting down ] -----------------------------------------------------
c
c exit 10
