c ---- [ banner ] ------------------------------------------------------------
c
c Kissat SAT Solver
c 
c Copyright (c) 2021-2024 Armin Biere University of Freiburg
c Copyright (c) 2019-2021 Armin Biere Johannes Kepler University Linz
c 
c Version 4.0.4 8af8e56f174b778aef3aa45af9f739b2a5f492c2
c Apple clang version 17.0.0 (clang-1700.6.3.2) -W -Wall -O3 -DNDEBUG
c Mon Mar 30 18:25:47 CEST 2026 Darwin Mac 24.6.0 arm64
c
c ---- [ parsing ] -----------------------------------------------------------
c
c opened and reading DIMACS file:
c
c   tmp.cnf
c
c parsed 'p cnf 105 52845' header
c closing input after reading 1549018 bytes (1 MB)
c finished parsing after 0.01 seconds
c
c ---- [ solving ] -----------------------------------------------------------
c
c seconds switched rate     size/glue tier1 binary       remaining
c        MB reductions conflicts size  tier2   irredundant
c         level restarts redundant glue  trail       variables
c
c *  0.01 13 0 0 0  0 0   0   0 0.0 0 0 0 0 0%   0 52845 105 100%
c (  0.01 13 0 0 0  0 0   0   0 0.0 0 0 0 0 0%   0 52845 105 100%
c .  0.01 13 0 0 0  0 0   0   0 0.0 0 0 0 0 0%   0 52845 105 100%
c )  0.01 13 0 0 0  0 0   0   0 0.0 0 0 0 0 0%   0 52845 105 100%
c {  0.01 13 0 0 0  0 0   0   0 0.0 0 0 2 6 0%   0 52845 105 100%
c -  0.05 13 12 0 1 161 2 1000 572 1.5 12 8 6 11 50%   0 52845 105 100%
c }  0.05 13 12 1 1 161 2 1000 572 1.5 12 8 6 11 50%   0 52845 105 100%
c [  0.05 13 0 1 1 161 0 1000 572 0.0 0 0 2 6 0%   0 52845 105 100%
c B  0.05 13 15 1 1 161 8 1001 573 1.2 11 9 2 6 41%   0 52845 105 100%
c -  0.07 13 16 1 2 161 1 2001 1401 1.4 14 10 7 13 48%   0 52845 105 100%
c W  0.07 13 16 1 2 161 1 2003 1403 1.4 14 10 7 13 48%   0 52845 105 100%
c u  0.08 13 17 1 2 162 1 2535 1830 1.4 15 11 7 13 49%   0 52845 105 100%
c v  0.08 13 17 1 2 162 1 2535 1818 1.4 15 11 7 13 49%   0 52845 105 100%
c w  0.08 13 17 1 2 162 1 2535 1808 1.4 15 11 7 13 49%   0 52845 105 100%
c x  0.08 13 17 1 2 162 1 2535 1808 1.4 15 11 7 13 49%   0 52569 105 100%
c ]  0.09 13 17 2 2 162 1 2859 2065 1.4 16 11 8 15 48%   0 52569 105 100%
c {  0.09 13 12 2 2 162 2 2859 2065 1.5 12 8 6 11 50%   0 52569 105 100%
c -  0.10 13 12 2 3 232 2 3416 2363 1.5 12 8 6 11 49%   0 52569 105 100%
c }  0.11 13 12 3 3 245 2 3860 2748 1.5 12 8 6 11 50%   0 52569 105 100%
c [  0.11 13 17 3 3 245 1 3860 2748 1.4 16 11 8 15 48%   0 52569 105 100%
c
c seconds  switched  rate       size/glue  tier1    binary       remaining
c        MB reductions conflicts      size   tier2     irredundant
c         level restarts   redundant     glue    trail       variables
c
c I  0.12 13 16 3 3 245 1 4265 3072 1.4 15 11 8 15 49%   0 52569 105 100%
c ]  0.13 13 16 4 3 246 1 5141 3842 1.5 15 11 8 15 51%   0 52569 105 100%
c {  0.13 13 12 4 3 246 2 5141 3842 1.5 12 8 6 11 50%   0 52569 105 100%
c -  0.13 13 12 4 4 246 2 5150 3432 1.5 12 8 6 11 50%   0 52569 105 100%
c -  0.19 14 12 4 5 494 2 7151 4527 1.5 12 8 6 11 50%   0 52569 105 100%
c }  0.21 14 12 5 5 567 2 7493 4829 1.5 12 8 6 11 50%   0 52569 105 100%
c [  0.21 14 16 5 5 567 1 7493 4829 1.5 15 11 8 15 51%   0 52569 105 100%
c u  0.22 16 15 5 5 567 1 7809 5049 1.5 15 10 8 15 51%   0 52569 105 100%
c v  0.23 17 15 5 5 567 1 7809 5039 1.5 15 10 8 15 51%   0 52569 105 100%
c w  0.23 17 15 5 5 567 1 7809 5033 1.5 15 10 8 15 51%   0 52569 105 100%
c x  0.23 17 15 5 5 567 1 7809 5033 1.5 15 10 8 15 51%   0 52217 105 100%
c B  0.24 17 15 5 5 567 1 8037 5239 1.5 15 10 8 15 51%   0 52217 105 100%
c -  0.27 18 15 5 6 568 1 9388 5489 1.5 15 10 7 13 51%   0 52217 105 100%
c ]  0.29 18 15 6 6 569 1 10325 6255 1.5 15 10 7 13 51%   0 52217 105 100%
c {  0.29 18 12 6 6 569 2 10325 6255 1.5 12 8 6 11 50%   0 52217 105 100%
c -  0.33 18 12 6 7 607 2 11839 6556 1.6 13 8 6 11 51%   0 52217 105 100%
c o  0.34 18 12 6 7 649 2 12103 6792 1.6 13 8 6 11 51%   0 52217 105 100%
c s  0.38 18 12 6 7 687 2 12676 7291 1.6 13 8 6 11 52%   0 51267 105 100%
c ^  0.40 19 12 6 7 687 2 12676 7291 1.6 13 8 6 11 52%   0 51267 105 100%
c }  0.45 19 12 7 7 719 2 14395 8850 1.6 13 8 6 11 53%   0 51267 105 100%
c
c seconds  switched  rate        size/glue  tier1    binary       remaining
c        MB reductions conflicts       size   tier2     irredundant
c         level restarts    redundant     glue    trail       variables
c
c [  0.45 19 15 7 7 719 1 14395 8850 1.5 15 10 7 13 51%   0 51267 105 100%
c W  0.45 22 15 7 7 719 1 14395 8850 1.5 15 10 7 13 51%   0 51267 105 100%
c -  0.45 23 15 7 8 719 1 14484 7805 1.5 15 10 7 13 51%   0 51267 105 100%
c u  0.50 24 14 7 8 720 1 16001 9050 1.5 15 10 7 13 51%   0 51267 105 100%
c v  0.50 24 14 7 8 720 1 16001 9028 1.5 15 10 7 13 51%   0 51267 105 100%
c w  0.51 24 14 7 8 720 1 16001 9024 1.5 15 10 7 13 51%   0 51267 105 100%
c x  0.51 26 14 7 8 720 1 16001 9024 1.5 15 10 7 13 51%   0 50808 105 100%
c -  0.54 26 14 7 9 721 1 17312 8744 1.5 15 10 7 13 51%   0 50808 105 100%
c ]  0.59 26 14 8 9 723 1 19633 10657 1.5 14 9 7 12 51%   0 50808 105 100%
c {  0.59 26 12 8 9 723 2 19633 10657 1.6 13 8 6 11 53%   0 50808 105 100%
c -  0.61 26 12 8 10 787 2 20313 10420 1.6 13 8 7 10 53%   0 50808 105 100%
c o  0.67 26 12 8 10 839 2 22661 12126 1.6 13 8 7 10 52%   0 50808 105 100%
c -  0.69 26 12 8 11 1006 2 23476 10783 1.6 13 8 6 10 51%   0 50808 105 100%
c ^  0.80 26 12 8 11 1179 2 25367 12386 1.6 13 8 6 10 51%   0 50808 105 100%
c }  0.82 26 12 9 11 1230 2 25792 12743 1.6 13 8 6 10 51%   0 50808 105 100%
c [  0.82 26 14 9 11 1230 1 25792 12743 1.5 14 9 7 12 51%   0 50808 105 100%
c O  0.82 26 14 9 11 1230 1 25792 12743 1.5 14 9 7 12 51%   0 50808 105 100%
c -  0.85 26 14 9 12 1230 1 26792 11571 1.5 14 9 7 12 51%   0 50808 105 100%
c u  0.87 26 14 9 12 1231 1 27301 11893 1.5 14 9 7 12 51%   0 50808 105 100%
c v  0.88 26 14 9 12 1231 1 27301 11820 1.5 14 9 7 12 51%   0 50808 105 100%
c
c seconds  switched    rate         size/glue tier1    binary       remaining
c        MB  reductions  conflicts        size  tier2     irredundant
c         level   restarts     redundant    glue    trail       variables
c
c w  0.88 26 14 9 12 1231 1 27301 11732 1.5 14 9 7 12 51%   0 50808 105 100%
c x  0.89 26 14 9 12 1231 1 27301 11731 1.5 14 9 7 12 51%   0 49392 105 100%
c -  0.95 27 13 9 13 1233 1 30256 12598 1.5 14 9 6 12 51%   0 49392 105 100%
c ]  1.03 27 13 10 13 1235 1 32975 14917 1.6 14 9 6 12 51%   0 49392 105 100%
c {  1.03 27 12 10 13 1235 2 32975 14917 1.6 13 8 6 10 51%   0 49392 105 100%
c -  1.06 27 12 10 14 1316 2 33863 14188 1.6 13 8 6 10 51%   0 49392 105 100%
c -  1.15 27 12 10 15 1450 2 37605 15396 1.5 12 8 6 10 50%   0 49392 105 100%
c -  1.27 27 12 10 16 1758 2 41477 16695 1.5 12 8 6 10 50%   0 49392 105 100%
c }  1.28 27 12 11 16 1791 2 41602 16814 1.5 12 8 6 10 50%   0 49392 105 100%
c [  1.28 27 13 11 16 1791 1 41602 16814 1.6 14 9 6 12 51%   0 49392 105 100%
c B  1.28 27 13 11 16 1791 1 41602 16814 1.6 14 9 6 12 51%   0 49392 105 100%
c u  1.30 29 13 11 16 1791 1 41868 16862 1.6 14 9 6 12 51%   0 49392 105 100%
c v  1.32 32 13 11 16 1791 1 41868 16611 1.6 14 9 6 12 51%   0 49392 105 100%
c w  1.32 32 13 11 16 1791 1 41868 16601 1.6 14 9 6 12 51%   0 49392 105 100%
c x  1.33 34 13 11 16 1791 1 41868 16597 1.6 14 9 6 12 51%   0 47917 105 100%
c -  1.46 36 13 11 17 1793 1 45478 17576 1.5 14 9 6 11 51%   0 47917 105 100%
c -  1.55 36 13 11 18 1796 1 49601 18934 1.5 13 9 6 11 51%   0 47917 105 100%
c s  1.64 36 13 11 18 1797 1 52888 21630 1.5 13 9 6 11 50%   0 47114 105 100%
c s  1.67 36 13 11 18 1797 1 52888 21630 1.5 13 9 6 11 50%   0 46949 105 100%
c ^  1.68 36 13 11 18 1797 1 52888 21630 1.5 13 9 6 11 50%   0 46949 105 100%
c
c seconds   switched    rate         size/glue tier1    binary       remaining
c        MB   reductions  conflicts        size  tier2     irredundant
c         level    restarts     redundant    glue    trail       variables
c
c o  1.68 36 13 11 18 1797 1 52888 21630 1.5 13 9 6 11 50%   0 46949 105 100%
c W  1.70 39 13 11 18 1797 1 53825 22445 1.5 13 9 6 11 50%   0 46949 105 100%
c -  1.70 39 13 11 19 1797 1 53843 20268 1.5 13 9 6 11 50%   0 46949 105 100%
c ]  1.70 39 13 12 19 1797 1 53864 20288 1.5 13 9 6 11 50%   0 46949 105 100%
c {  1.70 39 12 12 19 1797 2 53864 20288 1.5 12 8 6 10 50%   0 46949 105 100%
c -  1.85 41 12 12 20 2070 2 58201 21974 1.5 12 8 6 10 50%   0 46949 105 100%
c u  1.91 41 12 12 20 2123 2 59819 23272 1.6 12 8 6 10 50%   0 46949 105 100%
c v  1.93 41 12 12 20 2123 2 59819 23024 1.6 12 8 6 10 50%   0 46949 105 100%
c w  1.93 41 12 12 20 2123 2 59819 22996 1.6 12 8 6 10 50%   0 46949 105 100%
c x  1.94 41 12 12 20 2123 2 59819 22995 1.6 12 8 6 10 50%   0 45726 105 100%
c -  2.03 42 12 12 21 2269 2 62675 23285 1.5 12 8 6 10 50%   0 45726 105 100%
c }  2.13 42 12 13 21 2603 2 65344 25491 1.5 12 8 6 10 50%   0 45726 105 100%
c [  2.13 42 13 13 21 2603 1 65344 25491 1.5 13 9 6 11 50%   0 45726 105 100%
c -  2.19 42 13 13 22 2604 1 67258 24859 1.5 13 9 6 11 50%   0 45726 105 100%
c I  2.24 42 13 13 22 2605 1 68731 26085 1.5 13 9 6 11 50%   0 45726 105 100%
c -  2.33 43 12 13 23 2608 1 71948 26902 1.5 13 9 6 11 50%   0 45726 105 100%
c -  2.46 43 12 13 24 2609 1 76745 28753 1.6 13 9 6 11 51%   0 45726 105 100%
c ]  2.49 48 12 14 24 2610 1 78107 29863 1.6 13 8 6 11 51%   0 45726 105 100%
c {  2.49 48 12 14 24 2610 2 78107 29863 1.5 12 8 6 10 50%   0 45726 105 100%
c u  2.62 49 11 14 24 2618 2 81307 32355 1.6 12 8 6 10 50%   1 45725 105 100%
c
c seconds   switched    rate         size/glue tier1    binary       remaining
c        MB   reductions  conflicts        size  tier2     irredundant
c         level    restarts     redundant    glue    trail       variables
c
c v  2.63 49 11 14 24 2618 2 81307 31970 1.6 12 8 6 10 50%   1 45725 105 100%
c w  2.64 49 11 14 24 2618 2 81307 31934 1.6 12 8 6 10 50%   1 45725 105 100%
c x  2.66 50 11 14 24 2618 2 81307 31931 1.6 12 8 6 10 50%   1 45062 105 100%
c -  2.68 50 11 14 25 2681 2 81643 30365 1.6 12 8 6 10 50%   1 45062 105 100%
c -  2.85 50 11 14 26 2910 2 86643 27739 1.6 12 8 5 9 50%   1 45062 105 100%
c o  2.85 50 11 14 26 2918 2 86673 27768 1.6 12 8 5 9 50%   1 45062 105 100%
c -  3.03 50 11 14 27 3348 2 91742 27699 1.5 12 8 5 9 49%   1 45062 105 100%
c }  3.06 50 11 15 27 3394 2 92823 28553 1.5 12 8 5 9 49%   1 45062 105 100%
c [  3.06 50 12 15 27 3394 1 92823 28553 1.6 13 8 6 11 51%   1 45062 105 100%
c B  3.06 50 12 15 27 3394 1 92823 28553 1.6 13 8 6 11 51%   1 45062 105 100%
c -  3.18 50 12 15 28 3396 1 96941 28624 1.6 13 9 6 11 51%   1 45062 105 100%
c s  3.27 50 12 15 28 3397 1 97384 28997 1.6 13 9 6 11 51%   1 37953 105 100%
c s  3.34 50 12 15 28 3397 1 97384 28997 1.6 13 9 6 11 51%   1 24591 105 100%
c ^  3.35 50 12 15 28 3397 1 97384 28997 1.6 13 9 6 11 51%   1 24591 105 100%
c -  3.47 50 12 15 29 3400 1 102233 29939 1.6 13 8 6 11 51%   1 24591 105 100%
c u  3.59 50 12 15 29 3402 1 106438 33163 1.6 13 8 6 11 51%   1 24591 105 100%
c v  3.61 50 12 15 29 3402 1 106438 32812 1.6 13 8 6 11 51%   1 24591 105 100%
c w  3.62 50 12 15 29 3402 1 106438 32630 1.6 13 8 6 11 51%   1 24591 105 100%
c x  3.64 51 12 15 29 3402 1 106438 32628 1.6 13 8 6 11 51%   1 24462 105 100%
c -  3.67 51 12 15 30 3403 1 107620 30466 1.6 13 8 5 10 51%   1 24462 105 100%
c
c seconds   switched    rate          size/glue tier1    binary       remaining
c        MB   reductions  conflicts         size  tier2     irredundant
c         level    restarts      redundant    glue    trail       variables
c
c -  3.80 51 12 15 31 3406 1 113097 32191 1.6 13 8 5 10 51%   1 24462 105 100%
c W  3.81 51 12 15 31 3407 1 113734 32692 1.6 13 8 5 10 51%   1 24462 105 100%
c ]  3.81 51 12 16 31 3407 1 113867 32804 1.6 13 8 5 10 51%   1 24462 105 100%
c {  3.81 51 11 16 31 3407 2 113867 32804 1.5 12 8 5 9 49%   1 24462 105 100%
c -  3.95 51 11 16 32 3602 2 118664 33709 1.5 12 8 5 9 49%   2 24462 105 100%
c -  4.12 53 11 16 33 3817 2 124321 35319 1.5 12 8 5 9 49%   2 24462 105 100%
c o  4.20 53 11 16 33 3921 2 127279 37576 1.5 12 8 5 9 49%   2 24462 105 100%
c -  4.29 53 11 16 34 4063 2 130068 36783 1.5 12 8 5 9 49%   2 24462 105 100%
c }  4.35 53 11 17 34 4109 2 132204 38418 1.5 12 8 5 9 49%   2 24462 105 100%
c [  4.35 53 12 17 34 4109 1 132204 38418 1.6 13 8 5 10 51%   2 24462 105 100%
c -  4.45 53 12 17 35 4111 1 135898 38247 1.6 13 8 5 10 50%   3 24462 105 100%
c u  4.50 56 12 17 35 4112 1 136565 38401 1.6 13 8 5 10 50%   3 24462 105 100%
c v  4.52 57 12 17 35 4112 1 136565 37330 1.6 13 8 5 10 50%   3 24462 105 100%
c w  4.52 57 12 17 35 4112 1 136565 37207 1.6 13 8 5 10 50%   3 24462 105 100%
c x  4.55 57 12 17 35 4112 1 136565 37197 1.6 13 8 5 10 50%   3 23689 105 100%
c O  4.69 58 11 17 35 4113 1 137959 38316 1.6 13 8 5 10 50%   4 23689 105 100%
c -  4.81 58 11 17 36 4115 1 141816 38827 1.6 13 8 5 10 50%   6 23689 105 100%
c i  4.83 58 11 17 36 4115 1 142707 39449 1.6 13 8 5 10 50%  17 23689 104 99%
c i  4.91 58 11 17 36 4116 1 145200 41269 1.6 12 8 5 10 50%  26 23689 103 98%
c i  4.94 58 11 17 36 4117 1 146639 42234 1.6 12 8 5 10 50%  38 23689 102 97%
c
c seconds   switched    rate          size/glue tier1    binary       remaining
c        MB   reductions  conflicts         size  tier2     irredundant
c         level    restarts      redundant    glue    trail       variables
c
c i  4.96 58 11 17 36 4118 1 147264 42652 1.6 12 8 5 10 50%  44 23689 101 96%
c -  4.97 59 11 17 37 4118 1 147816 27415 1.6 12 8 5 10 50%   6 23689 101 96%
c i  4.99 59 11 17 37 4118 1 148404 27811 1.6 12 8 5 10 50%  16 23689 100 95%
c i  5.00 59 11 17 37 4119 1 148812 28097 1.6 12 8 5 10 50%  21 23689 99 94%
c i  5.01 59 11 17 37 4119 1 149144 28335 1.6 12 8 5 10 50%  29 23689 92 88%
c i  5.01 59 11 17 37 4119 1 149169 28346 1.6 12 8 5 10 50%  31 23689 91 87%
c i  5.01 59 11 17 37 4119 1 149182 28348 1.6 12 8 5 10 50%  35 23689 86 82%
c i  5.01 59 11 17 37 4119 1 149183 28348 1.6 12 8 5 10 50%  35 23689 78 74%
c i  5.01 59 11 17 37 4119 1 149185 28347 1.6 12 8 5 10 50%  36 23689 74 70%
c i  5.01 59 11 17 37 4119 1 149186 28347 1.6 12 8 5 10 50%  36 23689 68 65%
c ]  5.01 59 11 17 37 4119 1 149190 28347 1.6 12 8 5 10 50%  38 23689 47 45%
c 0  5.01 59 11 17 37 4119 2 149190 28347 1.5 12 8 5 9 49%  38 23689 47 45%
c
c ---- [ result ] ------------------------------------------------------------
c
s UNSATISFIABLE
c
c ---- [ profiling ] ---------------------------------------------------------
c
c           4.13   82.46 %  search
c           2.11   42.14 %  focused
c           2.02   40.33 %  stable
c           0.86   17.24 %  simplify
c           0.55   10.91 %  probe
c           0.36    7.23 %  vivify
c           0.31    6.28 %  eliminate
c           0.30    5.92 %  subsume
c           0.15    3.08 %  sweep
c           0.05    0.98 %  reduce
c           0.02    0.43 %  substitute
c           0.01    0.14 %  walking
c           0.01    0.13 %  parse
c           0.00    0.09 %  preprocess
c           0.00    0.08 %  congruence
c           0.00    0.07 %  lucky
c           0.00    0.07 %  factor
c           0.00    0.02 %  transitive
c           0.00    0.00 %  backbone
c =============================================
c           5.01  100.00 %  total
c
c ---- [ statistics ] --------------------------------------------------------
c
c conflicts:                           149190            29767.72 per second
c decisions:                           206303                1.38 per conflict
c iterations:                              13               12 %  variables
c propagations:                       2575080           513803    per second
c reductions:                              37             4032    interval
c reordered:                                5            29838    interval
c rephased:                                12            12432    interval
c restarts:                              4119               36    interval
c subsumed:                             22389                0 %  checks
c switched:                                17             8776    interval
c vivified:                             12833               82 %  checks
c walks:                                    4            37298    interval
c
c ---- [ glue usage ] --------------------------------------------------------
c
c focused glue 5 used 19295 clauses 13.31% accumulated 59.26% tier1
c focused glue 6 used 17256 clauses 11.90% accumulated 71.17%
c focused glue 7 used 13244 clauses  9.14% accumulated 80.30%
c focused glue 8 used 10042 clauses  6.93% accumulated 87.23%
c focused glue 9 used  7031 clauses  4.85% accumulated 92.08% tier2
c
c stable glue 5   used 31221 clauses 13.41% accumulated 60.98% tier1
c stable glue 6   used 24459 clauses 10.51% accumulated 71.49%
c stable glue 7-8 used 31910 clauses 13.71% accumulated 85.20%
c stable glue 9   used 11037 clauses  4.74% accumulated 89.94%
c stable glue 10  used  8282 clauses  3.56% accumulated 93.50% tier2
c
c ---- [ resources ] ---------------------------------------------------------
c
c maximum-resident-set-size:      63132663808 bytes      60208 MB
c process-time:                             5s               5.01 seconds
c
c ---- [ shutting down ] -----------------------------------------------------
c
c exit 20
