c ---- [ banner ] ------------------------------------------------------------
c
c Kissat SAT Solver
c 
c Copyright (c) 2021-2024 Armin Biere University of Freiburg
c Copyright (c) 2019-2021 Armin Biere Johannes Kepler University Linz
c 
c Version 4.0.4 8af8e56f174b778aef3aa45af9f739b2a5f492c2
c gcc (Ubuntu 13.3.0-6ubuntu2~24.04.1) 13.3.0 -W -Wall -O3 -DNDEBUG
c Wed Apr 15 20:10:47 EEST 2026 Linux cluster-4 6.17.0-14-generic x86_64
c
c ---- [ parsing ] -----------------------------------------------------------
c
c opened and reading DIMACS file:
c
c   tmp.cnf
c
c parsed 'p cnf 190 262276' header
c closing input after reading 5470381 bytes (5 MB)
c finished parsing after 0.06 seconds
c
c ---- [ solving ] -----------------------------------------------------------
c
c seconds switched rate     size/glue tier1 binary        remaining
c        MB reductions conflicts size  tier2   irredundant
c         level restarts redundant glue  trail        variables
c
c *  0.06 21 0 0 0  0 0   0   0 0.0 0 0 0 0 0%   0 262276 176 100%
c (  0.08 26 0 0 0  0 0   0   0 0.0 0 0 0 0 0%   0 262276 176 100%
c .  0.08 26 0 0 0  0 0   0   0 0.0 0 0 0 0 0%   0 262276 176 100%
c f  2.71 36 0 0 0  0 0   0   0 0.0 0 0 0 0 0%   3 236536 177 101%
c )  2.72 36 0 0 0  0 0   0   0 0.0 0 0 0 0 0%   3 236536 177 101%
c {  2.72 36 0 0 0  0 0   0   0 0.0 0 0 2 6 0%   3 236536 177 101%
c -  2.77 37 19 0 1 34 2 1001 648 2.1 15 7 5 9 47%   3 236536 177 101%
c }  2.77 37 19 1 1 34 2 1001 648 2.1 15 7 5 9 47%   3 236536 177 101%
c [  2.77 37 0 1 1 34 0 1001 648 0.0 0 0 2 6 0%   3 236536 177 101%
c B  2.77 37 0 1 1 34 0 1001 648 0.0 0 0 2 6 0%   3 236536 177 101%
c -  2.80 37 80 1 2 34 1 2001 1396 1.5 17 11 7 15 85%   3 236536 177 101%
c W  2.81 37 80 1 2 34 1 2002 1397 1.5 17 11 7 15 85%   3 236536 177 101%
c u  2.85 37 56 1 2 35 1 2564 1820 1.5 16 10 7 15 67%   3 236536 177 101%
c v  2.86 37 56 1 2 35 1 2564 1813 1.5 16 10 7 15 67%   3 236536 177 101%
c w  2.87 37 56 1 2 35 1 2564 1813 1.5 16 10 7 15 67%   3 236536 177 101%
c x  2.88 37 56 1 2 35 1 2564 1813 1.5 16 10 7 15 67%   3 236531 177 101%
c ]  2.91 37 49 2 2 35 1 2826 2006 1.5 16 10 7 15 63%   3 236531 177 101%
c {  2.91 37 19 2 2 35 2 2826 2006 2.1 15 7 5 9 47%   3 236531 177 101%
c -  2.94 38 19 2 3 96 2 3416 2307 2.1 15 7 5 9 48%   3 236531 177 101%
c }  2.95 38 19 3 3 134 2 3828 2634 2.0 15 7 5 9 46%   3 236531 177 101%
c
c seconds  switched  rate       size/glue  tier1    binary        remaining
c        MB reductions conflicts      size   tier2     irredundant
c         level restarts   redundant     glue    trail        variables
c
c [  2.95 38 49 3 3 134 1 3828 2634 1.5 16 10 7 15 63%   3 236531 177 101%
c I  2.96 38 43 3 3 134 1 4261 2944 1.5 15 10 7 15 57%   3 236531 177 101%
c -  2.99 38 37 3 4 135 1 5148 3153 1.5 16 10 6 14 55%   3 236531 177 101%
c ]  3.00 38 35 4 4 135 1 5577 3499 1.5 16 11 6 14 54%   3 236531 177 101%
c {  3.00 38 19 4 4 135 2 5577 3499 2.0 15 7 5 9 46%   3 236531 177 101%
c -  3.09 38 18 4 5 281 2 7150 3894 2.1 15 7 4 9 46%   3 236531 177 101%
c u  3.15 38 17 4 5 320 2 7898 4478 2.1 15 7 4 9 45%   3 236531 177 101%
c v  3.16 38 17 4 5 320 2 7898 4476 2.1 15 7 4 9 45%   3 236531 177 101%
c w  3.17 38 17 4 5 320 2 7898 4475 2.1 15 7 4 9 45%   3 236531 177 101%
c x  3.19 38 17 4 5 320 2 7898 4475 2.1 15 7 4 9 45%   3 236497 177 101%
c }  3.26 38 18 5 5 332 2 7931 4505 2.0 15 7 4 9 45%   3 236497 177 101%
c [  3.26 38 35 5 5 332 1 7931 4505 1.5 16 11 6 14 54%   3 236497 177 101%
c B  3.27 38 34 5 5 332 1 8033 4573 1.5 16 11 6 14 54%   3 236497 177 101%
c -  3.31 38 32 5 6 333 1 9386 4594 1.5 17 12 6 15 51%   3 236497 177 101%
c -  3.38 38 30 5 7 334 1 11835 5028 1.4 18 13 7 17 48%   3 236497 177 101%
c ]  3.38 38 30 6 7 334 1 12128 5258 1.4 18 13 7 17 48%   3 236497 177 101%
c {  3.38 38 18 6 7 334 2 12128 5258 2.0 15 7 4 9 45%   3 236497 177 101%
c o  3.39 38 18 6 7 347 2 12161 5287 2.0 15 7 4 9 45%   3 236497 177 101%
c s  3.45 38 16 6 7 366 2 12814 5766 2.0 14 7 4 9 43%   4 235264 177 101%
c e  3.47 38 16 6 7 366 2 12814 5766 2.0 14 7 4 9 43%   4 120471 114 65%
c
c seconds  switched  rate        size/glue tier1   binary        remaining
c        MB reductions conflicts       size  tier2    irredundant
c         level restarts    redundant    glue   trail        variables
c
c s  3.50 38 16 6 7 366 2 12814 5766 2.0 14 7 4 9 43%   4 120454 114 65%
c ^  3.50 38 16 6 7 366 2 12814 5766 2.0 14 7 4 9 43%   4 120454 114 65%
c -  3.56 38 15 6 8 397 2 14480 5661 1.9 13 7 4 8 45%   4 120454 114 65%
c u  3.61 38 13 6 8 410 2 16177 6912 1.9 12 7 4 8 46%   5 120454 114 65%
c v  3.62 38 13 6 8 410 2 16177 6905 1.9 12 7 4 8 46%   5 120454 114 65%
c w  3.63 38 13 6 8 410 2 16177 6896 1.9 12 7 4 8 46%   5 120454 114 65%
c x  3.63 38 13 6 8 410 2 16177 6896 1.9 12 7 4 8 46%   5 120333 114 65%
c }  3.65 38 13 7 8 410 2 16200 6919 1.9 12 7 4 8 46%   5 120333 114 65%
c [  3.65 38 30 7 8 410 1 16200 6919 1.4 18 13 7 17 48%   5 120333 114 65%
c W  3.66 38 30 7 8 410 1 16200 6919 1.4 18 13 7 17 48%   5 120333 114 65%
c -  3.69 38 30 7 9 411 1 17310 6470 1.3 19 14 7 17 50%   5 120333 114 65%
c -  3.76 38 28 7 10 412 1 20311 6904 1.3 20 15 7 18 53%   5 120333 114 65%
c o  3.82 38 27 7 10 415 1 22619 8645 1.3 20 15 7 18 55%   5 120333 114 65%
c -  3.83 38 28 7 11 415 1 23474 7510 1.3 21 16 8 19 56%   5 120333 114 65%
c O  3.84 38 28 7 11 415 1 23728 7731 1.3 21 16 8 19 57%   5 120333 114 65%
c ]  3.85 38 28 8 11 415 1 24452 8213 1.3 21 15 8 19 56%   5 120333 114 65%
c {  3.85 38 13 8 11 415 2 24452 8213 1.9 12 7 4 8 46%   5 120333 114 65%
c s  3.90 38 13 8 11 521 2 25330 8806 1.8 12 7 4 8 46%   6 120303 114 65%
c ^  3.93 38 13 8 11 521 2 25330 8806 1.8 12 7 4 8 46%   6 120303 114 65%
c -  3.97 38 13 8 12 595 2 26793 8353 1.9 12 6 4 8 47%   8 120302 114 65%
c
c seconds  switched   rate        size/glue tier1   binary        remaining
c        MB  reductions conflicts       size  tier2    irredundant
c         level  restarts    redundant    glue   trail        variables
c
c u  4.00 38 14 8 12 695 2 27315 8802 1.9 12 7 4 8 47%   8 120302 114 65%
c v  4.01 38 14 8 12 695 2 27315 8794 1.9 12 7 4 8 47%   8 120302 114 65%
c w  4.02 38 14 8 12 695 2 27315 8793 1.9 12 7 4 8 47%   8 120302 114 65%
c x  4.03 38 14 8 12 695 2 27315 8793 1.9 12 7 4 8 47%   8 120172 114 65%
c -  4.14 38 14 8 13 1048 2 30258 9370 1.8 12 7 4 8 49%   9 120172 114 65%
c }  4.15 38 14 9 13 1053 2 30613 9656 1.9 12 7 4 8 49%   9 120172 114 65%
c [  4.15 38 28 9 13 1053 1 30613 9656 1.3 21 15 8 19 56%   9 120172 114 65%
c B  4.21 38 26 9 13 1055 1 33489 11673 1.3 19 15 7 18 54%   9 120172 114 65%
c -  4.22 38 26 9 14 1055 1 33865 10293 1.3 19 14 7 18 55%   9 120172 114 65%
c -  4.31 38 25 9 15 1058 1 37607 11062 1.4 20 14 7 17 56%   9 120172 114 65%
c ]  4.38 38 25 10 15 1059 1 41349 13802 1.4 20 15 7 17 56%   9 120172 114 65%
c {  4.38 38 14 10 15 1059 2 41349 13802 1.9 12 7 4 8 49%   9 120172 114 65%
c -  4.39 38 14 10 16 1092 2 41481 11117 1.8 12 7 4 8 49%   9 120172 114 65%
c u  4.42 38 14 10 16 1121 2 41657 11207 1.8 12 7 4 8 49%   9 120172 114 65%
c v  4.43 38 14 10 16 1121 2 41657 11166 1.8 12 7 4 8 49%   9 120172 114 65%
c w  4.44 38 14 10 16 1121 2 41657 11161 1.8 12 7 4 8 49%   9 120172 114 65%
c x  4.45 38 14 10 16 1121 2 41657 11161 1.8 12 7 4 8 49%   9 119964 114 65%
c o  4.53 38 14 10 16 1240 2 42758 12009 1.8 12 7 4 8 49%  10 119964 114 65%
c -  4.66 38 14 10 17 1702 2 45481 12076 1.8 13 7 4 8 50%  10 119964 114 65%
c -  4.80 38 14 10 18 2167 2 49605 13244 1.8 13 7 4 8 50%  11 119964 114 65%
c
c seconds   switched    rate         size/glue tier1   binary        remaining
c        MB   reductions  conflicts        size  tier2    irredundant
c         level    restarts     redundant    glue   trail        variables
c
c }  4.81 38 14 11 18 2230 2 49976 13540 1.8 13 7 4 8 50%  11 119964 114 65%
c [  4.81 38 25 11 18 2230 1 49976 13540 1.4 20 15 7 17 56%  11 119964 114 65%
c W  4.82 38 25 11 18 2230 1 49976 13540 1.4 20 15 7 17 56%  11 119964 114 65%
c s  4.92 38 25 11 18 2232 1 52462 15285 1.3 20 15 7 17 56%  11 119066 114 65%
c s  4.97 38 25 11 18 2232 1 52462 15285 1.3 20 15 7 17 56%  11 119057 114 65%
c ^  4.97 38 25 11 18 2232 1 52462 15285 1.3 20 15 7 17 56%  11 119057 114 65%
c -  5.01 38 25 11 19 2232 1 53853 13507 1.3 21 15 7 18 56%  11 119057 114 65%
c -  5.10 38 24 11 20 2235 1 58211 13603 1.3 20 15 7 17 55%  11 119057 114 65%
c u  5.15 38 24 11 20 2236 1 59303 14383 1.3 20 15 7 17 55%  11 119057 114 65%
c v  5.17 38 24 11 20 2236 1 59303 14345 1.3 20 15 7 17 55%  11 119057 114 65%
c w  5.18 38 24 11 20 2236 1 59303 14342 1.3 20 15 7 17 55%  11 119057 114 65%
c x  5.20 38 24 11 20 2236 1 59303 14342 1.3 20 15 7 17 55%  11 118717 114 65%
c -  5.32 38 24 11 21 2236 1 62683 14257 1.3 21 15 7 18 56%  11 118717 114 65%
c I  5.38 38 24 11 21 2238 1 64883 15889 1.3 21 15 7 18 56%  11 118717 114 65%
c ]  5.39 38 24 12 21 2239 1 65117 16086 1.3 21 15 7 18 56%  11 118717 114 65%
c {  5.39 38 14 12 21 2239 2 65117 16086 1.8 13 7 4 8 50%  11 118717 114 65%
c -  5.48 38 14 12 22 2482 2 67265 15044 1.8 13 7 4 8 50%  11 118717 114 65%
c -  5.63 38 14 12 23 2818 2 71958 16635 1.8 13 7 4 8 50%  12 118717 114 65%
c o  5.71 38 14 12 23 2952 2 74227 18311 1.8 13 7 4 8 50%  14 118716 114 65%
c }  5.81 38 14 13 23 3246 2 76598 20240 1.8 13 7 4 8 50%  14 118716 114 65%
c
c seconds   switched    rate         size/glue  tier1    binary        remaining
c        MB   reductions  conflicts        size   tier2     irredundant
c         level    restarts     redundant     glue    trail        variables
c
c [  5.81 38 24 13 23 3246 1 76598 20240 1.3 21 15 7 18 56%  14 118716 114 65%
c -  5.82 38 24 13 24 3246 1 76755 17663 1.3 21 15 7 18 56%  14 118716 114 65%
c u  5.95 38 23 13 24 3248 1 80376 20231 1.3 20 15 7 18 55%  15 118716 114 65%
c v  5.98 38 23 13 24 3248 1 80376 20210 1.3 20 15 7 18 55%  15 118716 114 65%
c w  5.99 38 23 13 24 3248 1 80376 20200 1.3 20 15 7 18 55%  15 118716 114 65%
c x  6.02 38 23 13 24 3248 1 80376 20197 1.3 20 15 7 18 55%  15 118028 114 65%
c t  6.02 38 23 13 24 3248 1 80376 20197 1.3 20 15 7 18 55%  14 118028 114 65%
c -  6.08 38 23 13 25 3249 1 81654 18254 1.3 20 15 7 17 55%  14 118028 114 65%
c B  6.12 38 23 13 25 3250 1 82685 19026 1.3 20 15 7 17 55%  14 118028 114 65%
c -  6.23 38 23 13 26 3252 1 86657 19001 1.4 20 15 7 17 56%  14 118028 114 65%
c -  6.38 38 23 13 27 3255 1 91757 19070 1.4 20 15 7 17 56%  14 118028 114 65%
c ]  6.41 38 23 14 27 3255 1 92932 20095 1.4 21 15 7 17 56%  14 118028 114 65%
c {  6.41 38 14 14 27 3255 2 92932 20095 1.8 13 7 4 8 50%  14 118028 114 65%
c s  6.60 38 14 14 27 3523 2 96158 22652 1.8 13 7 4 8 50%  14 116810 114 65%
c s  6.67 38 14 14 27 3523 2 96158 22652 1.8 13 7 4 8 50%  14 116796 114 65%
c ^  6.68 38 14 14 27 3523 2 96158 22652 1.8 13 7 4 8 50%  14 116796 114 65%
c -  6.71 38 14 14 28 3618 2 96953 17229 1.8 13 7 3 8 50%  15 116796 114 65%
c -  6.92 38 14 14 29 4024 2 102244 17740 1.8 13 7 3 8 51%  15 116796 114 65%
c u  7.06 38 14 14 29 4355 2 105001 19711 1.8 13 7 3 8 50%  17 116796 114 65%
c v  7.09 38 14 14 29 4355 2 105001 19677 1.8 13 7 3 8 50%  17 116796 114 65%
c
c seconds   switched    rate          size/glue tier1   binary        remaining
c        MB   reductions  conflicts         size  tier2    irredundant
c         level    restarts      redundant    glue   trail        variables
c
c w  7.10 38 14 14 29 4355 2 105001 19643 1.8 13 7 3 8 50%  17 116796 114 65%
c x  7.13 38 14 14 29 4355 2 105001 19641 1.8 13 7 3 8 50%  17 115776 114 65%
c -  7.25 38 14 14 30 4565 2 107630 18052 1.8 13 7 3 8 50%  17 115776 114 65%
c }  7.25 38 14 15 30 4565 2 107647 18066 1.8 13 7 3 8 50%  17 115776 114 65%
c [  7.25 38 23 15 30 4565 1 107647 18066 1.4 21 15 7 17 56%  17 115776 114 65%
c W  7.26 38 23 15 30 4565 1 107647 18066 1.4 21 15 7 17 56%  17 115776 114 65%
c -  7.40 38 23 15 31 4569 1 113107 17623 1.4 21 15 6 17 56%  17 115776 114 65%
c -  7.54 38 22 15 32 4571 1 118677 16986 1.4 21 15 6 17 56%  17 115776 114 65%
c -  7.69 38 22 15 33 4574 1 124334 17126 1.3 20 15 6 17 55%  17 115776 114 65%
c -  7.85 38 22 15 34 4578 1 130078 17173 1.3 21 15 7 17 56%  17 115776 114 65%
c O  7.90 38 22 15 34 4578 1 131872 18559 1.3 21 16 7 17 56%  17 115776 114 65%
c o  7.90 38 22 15 34 4578 1 131872 18559 1.3 21 16 7 17 56%  17 115776 114 65%
c ]  7.90 38 22 16 34 4578 1 131901 18582 1.3 21 16 7 17 56%  17 115776 114 65%
c {  7.90 38 14 16 34 4578 2 131901 18582 1.8 13 7 3 8 50%  17 115776 114 65%
c u  7.98 38 13 16 34 4653 2 133247 19533 1.7 13 7 3 8 50%  17 115776 114 65%
c v  8.00 38 13 16 34 4653 2 133247 19482 1.7 13 7 3 8 50%  17 115776 114 65%
c w  8.01 38 13 16 34 4653 2 133247 19472 1.7 13 7 3 8 50%  17 115776 114 65%
c x  8.03 38 13 16 34 4653 2 133247 19463 1.7 13 7 3 8 50%  17 114466 114 65%
c -  8.20 38 13 16 35 4847 2 135909 17897 1.7 13 7 3 8 50%  18 114466 114 65%
c -  8.41 38 13 16 36 5296 2 141825 19225 1.7 13 7 3 8 50%  19 114466 114 65%
c
c seconds   switched    rate          size/glue tier1   binary        remaining
c        MB   reductions  conflicts         size  tier2    irredundant
c         level    restarts      redundant    glue   trail        variables
c
c -  8.62 38 13 16 37 5792 2 147826 20677 1.7 13 7 3 8 50%  21 114466 114 65%
c i  8.64 38 13 16 37 5792 2 148564 21147 1.7 13 7 3 8 50%  31 114466 113 64%
c }  8.69 38 13 17 37 5874 2 150243 22421 1.7 13 7 3 8 50%  31 114466 113 64%
c [  8.69 38 22 17 37 5874 1 150243 22421 1.3 21 16 7 17 56%  31 114466 113 64%
c -  8.80 38 22 17 38 5876 1 153909 19439 1.3 21 15 7 17 55%  16 114466 113 64%
c s  9.01 38 22 17 38 5879 1 158234 22532 1.3 20 15 7 17 55%  16 103308 113 64%
c s  9.14 38 22 17 38 5879 1 158234 22532 1.3 20 15 7 17 55%  16 103206 113 64%
c ^  9.14 38 22 17 38 5879 1 158234 22532 1.3 20 15 7 17 55%  16 103206 113 64%
c B  9.19 38 22 17 38 5880 1 159612 23460 1.3 20 15 7 17 55%  16 103206 113 64%
c -  9.21 38 22 17 39 5880 1 160074 19447 1.3 20 15 6 17 55%  16 103206 113 64%
c u  9.37 38 22 17 39 5882 1 165217 23321 1.3 20 15 6 17 55%  16 103206 113 64%
c v  9.40 38 22 17 39 5882 1 165217 23003 1.3 20 15 6 17 55%  16 103206 113 64%
c w  9.42 38 22 17 39 5882 1 165217 22999 1.3 20 15 6 17 55%  16 103206 113 64%
c x  9.45 38 22 17 39 5882 1 165217 22999 1.3 20 15 6 17 55%  16 102113 113 64%
c -  9.52 38 22 17 40 5883 1 166318 18738 1.3 20 15 6 17 55%  16 102113 113 64%
c -  9.70 38 22 17 41 5887 1 172644 18404 1.3 20 15 6 17 55%  16 102113 113 64%
c ]  9.80 38 22 18 41 5888 1 176327 21230 1.3 20 15 6 17 55%  16 102113 113 64%
c {  9.80 38 13 18 41 5888 2 176327 21230 1.7 13 7 3 8 50%  16 102113 113 64%
c -  9.91 38 13 18 42 6134 2 179049 20605 1.7 13 7 3 8 50%  16 102113 113 64%
c o 10.02 38 13 18 42 6427 2 181890 22938 1.8 13 7 3 8 50%  16 102113 113 64%
c
c seconds   switched    rate          size/glue tier1   binary        remaining
c        MB   reductions  conflicts         size  tier2    irredundant
c         level    restarts      redundant    glue   trail        variables
c
c - 10.14 38 13 18 43 6995 2 185529 22412 1.7 13 8 3 8 50%  16 102113 113 64%
c - 10.41 38 13 18 44 7985 2 192088 22828 1.7 13 8 3 8 49%  16 102113 113 64%
c } 10.67 38 13 19 44 8471 2 198672 27478 1.7 13 8 3 8 49%  16 102113 113 64%
c [ 10.67 38 22 19 44 8471 1 198672 27478 1.3 20 15 6 17 55%  16 102113 113 64%
c W 10.68 38 22 19 44 8471 1 198672 27478 1.3 20 15 6 17 55%  16 102113 113 64%
c - 10.69 38 22 19 45 8471 1 198721 23446 1.3 20 15 6 17 55%  16 102113 113 64%
c u 10.79 38 21 19 45 8473 1 200993 24817 1.3 20 15 6 17 55%  16 102113 113 64%
c v 10.83 38 21 19 45 8473 1 200993 24551 1.3 20 15 6 17 55%  16 102113 113 64%
c w 10.85 38 21 19 45 8473 1 200993 24452 1.3 20 15 6 17 55%  16 102113 113 64%
c x 10.89 38 21 19 45 8473 1 200993 24434 1.3 20 15 6 17 55%  16 100993 113 64%
c - 11.06 38 21 19 46 8476 1 205430 23558 1.3 20 15 6 17 54%  16 100993 113 64%
c - 11.25 38 21 19 47 8478 1 212216 23410 1.3 20 15 6 16 54%  16 100993 113 64%
c - 11.43 38 20 19 48 8483 1 219071 23402 1.3 19 15 6 16 54%  16 100993 113 64%
c - 11.64 38 20 19 49 8485 1 225999 23710 1.3 19 14 6 16 53%  16 100993 113 64%
c ] 11.77 38 19 20 49 8485 1 230674 27151 1.3 18 14 6 16 52%  16 100993 113 64%
c { 11.77 38 13 20 49 8485 2 230674 27151 1.7 13 8 3 8 49%  16 100993 113 64%
c - 11.86 38 13 20 50 8543 2 233000 24547 1.7 13 8 3 8 49%  19 100993 113 64%
c i 11.88 38 13 20 50 8543 2 233551 24883 1.7 13 8 3 8 49%  30 100993 112 64%
c i 11.96 38 13 20 50 8704 2 236131 26718 1.7 13 8 3 8 49%  34 100993 111 63%
c i 12.02 38 13 20 50 8704 2 237881 27864 1.7 13 8 3 8 49%  49 100993 109 62%
c
c seconds   switched    rate          size/glue tier1   binary        remaining
c        MB   reductions  conflicts         size  tier2    irredundant
c         level    restarts      redundant    glue   trail        variables
c
c i 12.07 38 12 20 50 8728 2 239419 28852 1.7 13 7 3 8 49%  61 100993 108 61%
c - 12.09 38 12 20 51 8762 2 240072 12576 1.7 13 7 3 8 48%  11 100991 108 61%
c s 12.23 38 12 20 51 8764 2 240336 12760 1.7 13 7 3 8 48%   8 67004 108 61%
c s 12.37 32 12 20 51 8764 2 240336 12760 1.7 13 7 3 8 48%   8 66918 108 61%
c ! 12.37 32 12 20 51 8764 2 240336 12760 1.7 13 7 3 8 48%   8 66918 108 61%
c u 12.41 32 12 20 51 8767 2 240644 12457 1.7 13 7 3 8 48%  10 66918 108 61%
c v 12.44 32 12 20 51 8767 2 240644 12068 1.7 13 7 3 8 48%  16 66918 108 61%
c w 12.45 32 12 20 51 8767 2 240644 11866 1.7 13 7 3 8 48%  14 66918 108 61%
c x 12.47 32 12 20 51 8767 2 240644 11855 1.7 13 7 3 8 48%  14 65286 108 61%
c t 12.48 32 12 20 51 8767 2 240644 11855 1.7 13 7 3 8 48%  12 65286 108 61%
c o 12.56 32 12 20 51 8865 2 242711 13324 1.7 13 7 3 8 48%  13 65286 108 61%
c i 12.62 32 12 20 51 9057 2 245170 15004 1.7 12 7 3 8 48%  21 65286 107 61%
c - 12.67 32 12 20 52 9061 2 247213 13651 1.7 12 7 3 8 48%  22 65285 107 61%
c i 12.69 32 12 20 52 9061 2 248116 14371 1.7 12 7 3 8 48%  27 65285 105 60%
c i 12.73 32 12 20 52 9107 2 249709 15322 1.7 12 7 3 8 48%  35 65284 101 57%
c i 12.73 32 12 20 52 9107 2 249869 15403 1.7 12 7 3 8 48%  41 65284 99 56%
c i 12.73 32 12 20 52 9107 2 249870 15403 1.7 12 7 3 8 48%  41 65284 94 53%
c i 12.73 32 12 20 52 9107 2 249875 15403 1.7 12 7 3 8 48%  45 65284 93 53%
c i 12.73 32 12 20 52 9107 2 249888 15405 1.7 12 7 3 8 48%  48 65284 92 52%
c } 12.73 32 12 20 52 9107 2 249892 15404 1.7 12 7 3 8 48%  50 65284 68 39%
c
c seconds   switched    rate          size/glue tier1   binary      remaining
c        MB   reductions  conflicts         size  tier2    irredundant
c         level    restarts      redundant    glue   trail      variables
c
c 0 12.73 32 12 20 52 9107 2 249892 15404 1.7 12 7 3 8 48%  50 65284 68 39%
c
c ---- [ result ] ------------------------------------------------------------
c
s UNSATISFIABLE
c
c ---- [ profiling ] ---------------------------------------------------------
c
c           7.68   60.35 %  search
c           4.04   31.75 %  probe
c           3.92   30.83 %  focused
c           3.76   29.52 %  stable
c           2.83   22.22 %  factor
c           2.64   20.74 %  preprocess
c           2.33   18.28 %  simplify
c           0.89    6.98 %  eliminate
c           0.83    6.53 %  vivify
c           0.82    6.45 %  subsume
c           0.18    1.38 %  substitute
c           0.13    1.03 %  sweep
c           0.11    0.90 %  reduce
c           0.07    0.52 %  congruence
c           0.06    0.48 %  parse
c           0.04    0.30 %  walking
c           0.02    0.14 %  lucky
c           0.01    0.05 %  transitive
c           0.00    0.01 %  backbone
c =============================================
c          12.73  100.00 %  total
c
c ---- [ statistics ] --------------------------------------------------------
c
c conflicts:                           249892            19626.75 per second
c decisions:                           350446                1.40 per conflict
c eliminated:                              63               36 %  variables
c factored:                                 1                1 %  variables
c iterations:                              13                7 %  variables
c propagations:                       3877283           304525    per second
c reductions:                              52             4806    interval
c reordered:                                7            35699    interval
c rephased:                                14            17849    interval
c restarts:                              9107               27    interval
c subsumed:                             10545                0 %  checks
c switched:                                20            12495    interval
c vivified:                             13906               83 %  checks
c walks:                                    5            49978    interval
c
c ---- [ glue usage ] --------------------------------------------------------
c
c focused glue 3   used 78335 clauses 18.10% accumulated 60.16% tier1
c focused glue 4   used 48660 clauses 11.24% accumulated 71.40%
c focused glue 5-6 used 59502 clauses 13.75% accumulated 85.15%
c focused glue 7   used 20090 clauses  4.64% accumulated 89.79%
c focused glue 8   used 14282 clauses  3.30% accumulated 93.09% tier2
c
c stable glue 6    used  41350 clauses  6.23% accumulated 54.46% tier1
c stable glue 7    used  38918 clauses  5.86% accumulated 60.32%
c stable glue 8-14 used 182614 clauses 27.50% accumulated 87.82%
c stable glue 15   used  13494 clauses  2.03% accumulated 89.86%
c stable glue 16   used  11750 clauses  1.77% accumulated 91.63% tier2
c
c ---- [ resources ] ---------------------------------------------------------
c
c maximum-resident-set-size:         39489536 bytes         38 MB
c process-time:                            13s              12.73 seconds
c
c ---- [ shutting down ] -----------------------------------------------------
c
c exit 20
