c ---- [ banner ] ------------------------------------------------------------
c
c Kissat SAT Solver
c 
c Copyright (c) 2021-2024 Armin Biere University of Freiburg
c Copyright (c) 2019-2021 Armin Biere Johannes Kepler University Linz
c 
c Version 4.0.4 8af8e56f174b778aef3aa45af9f739b2a5f492c2
c gcc (Ubuntu 13.3.0-6ubuntu2~24.04.1) 13.3.0 -W -Wall -O3 -DNDEBUG
c Wed Apr 15 20:10:47 EEST 2026 Linux cluster-4 6.17.0-14-generic x86_64
c
c ---- [ parsing ] -----------------------------------------------------------
c
c opened and reading DIMACS file:
c
c   tmp.cnf
c
c parsed 'p cnf 231 346104' header
c closing input after reading 9058688 bytes (9 MB)
c finished parsing after 0.08 seconds
c
c ---- [ solving ] -----------------------------------------------------------
c
c seconds switched rate     size/glue tier1 binary        remaining
c        MB reductions conflicts size  tier2   irredundant
c         level restarts redundant glue  trail        variables
c
c *  0.08 27 0 0 0  0 0   0   0 0.0 0 0 0 0 0%   0 346104 225 100%
c (  0.13 45 0 0 0  0 0   0   0 0.0 0 0 0 0 0%   0 346104 225 100%
c .  0.13 45 0 0 0  0 0   0   0 0.0 0 0 0 0 0%   0 346104 225 100%
c f  0.38 25 0 0 0  0 0   0   0 0.0 0 0 0 0 0% 368 321224 409 182%
c )  0.39 34 0 0 0  0 0   0   0 0.0 0 0 0 0 0% 368 321224 409 182%
c {  0.41 42 0 0 0  0 0   0   0 0.0 0 0 2 6 0% 368 321224 409 182%
c -  0.63 45 20 0 1 19 2 1001 612 1.7 16 9 7 12 40% 368 321224 409 182%
c }  0.63 45 20 1 1 19 2 1001 612 1.7 16 9 7 12 40% 368 321224 409 182%
c [  0.63 45 0 1 1 19 0 1001 612 0.0 0 0 2 6 0% 368 321224 409 182%
c B  0.63 45 0 1 1 19 0 1001 612 0.0 0 0 2 6 0% 368 321224 409 182%
c -  0.85 44 96 1 2 19 1 2003 1399 1.4 21 15 10 19 61% 368 321224 409 182%
c W  0.88 52 96 1 2 19 1 2003 1399 1.4 21 15 10 19 61% 368 321224 409 182%
c ]  0.90 52 92 2 2 20 1 2080 1462 1.4 21 15 10 19 60% 368 321224 409 182%
c {  0.90 52 20 2 2 20 2 2080 1462 1.7 16 9 7 12 40% 368 321224 409 182%
c u  1.07 51 19 2 2 24 2 2616 1974 1.9 17 9 7 12 44% 368 321224 409 182%
c v  1.10 51 19 2 2 24 2 2616 1974 1.9 17 9 7 12 44% 368 321224 409 182%
c w  1.11 51 19 2 2 24 2 2616 1974 1.9 17 9 7 12 44% 368 321224 409 182%
c }  1.26 51 20 3 2 26 2 3081 2400 1.8 16 9 7 11 45% 368 321224 409 182%
c [  1.26 51 92 3 2 26 1 3081 2400 1.4 21 15 10 19 60% 368 321224 409 182%
c -  1.28 52 74 3 3 26 1 3417 2457 1.5 20 13 8 17 56% 368 321224 409 182%
c
c seconds  switched rate       size/glue  tier1    binary        remaining
c        MB reductions conflicts     size   tier2     irredundant
c         level restarts  redundant     glue    trail        variables
c
c I  1.32 53 54 3 3 27 1 4262 3223 1.5 19 12 8 17 52% 368 321224 409 182%
c -  1.42 49 43 3 4 27 1 5149 3510 1.5 18 12 7 15 47% 368 321224 409 182%
c ]  1.43 49 43 4 4 28 1 5231 3568 1.5 18 12 7 15 47% 368 321224 409 182%
c {  1.43 49 20 4 4 28 2 5231 3568 1.8 16 9 7 11 45% 368 321224 409 182%
c -  1.66 53 18 4 5 94 2 7152 4500 1.8 15 8 6 10 41% 368 321224 409 182%
c }  1.70 53 18 5 5 94 2 7583 4853 1.8 15 8 6 10 41% 368 321224 409 182%
c [  1.70 53 43 5 5 94 1 7583 4853 1.5 18 12 7 15 47% 368 321224 409 182%
c B  1.74 47 39 5 5 94 1 8033 5267 1.6 18 11 7 15 46% 368 321224 409 182%
c u  1.82 37 39 5 5 94 1 8059 5285 1.5 18 11 7 15 46% 368 321224 409 182%
c v  1.87 57 39 5 5 94 1 8059 5284 1.5 18 11 7 15 46% 368 321224 409 182%
c w  1.89 57 39 5 5 94 1 8059 5284 1.5 18 11 7 15 46% 368 321224 409 182%
c -  2.06 55 33 5 6 95 1 9389 5532 1.6 17 11 7 14 43% 368 321224 409 182%
c ]  2.14 55 28 6 6 96 1 10834 6838 1.5 16 11 7 14 41% 368 321224 409 182%
c {  2.14 55 18 6 6 96 2 10834 6838 1.8 15 8 6 10 41% 368 321224 409 182%
c -  2.25 52 17 6 7 99 2 11838 6771 1.8 14 8 6 9 39% 368 321224 409 182%
c o  2.27 53 16 6 7 100 2 12172 7044 1.8 14 8 6 9 39% 368 321224 409 182%
c s  2.59 52 16 6 7 124 2 13079 7865 1.8 14 8 6 9 39% 368 321215 409 182%
c e  2.62 60 16 6 7 124 2 13079 7865 1.8 14 8 6 9 39% 167 270288 205 91%
c ^  2.72 60 16 6 7 124 2 13079 7865 1.8 14 8 6 9 39% 167 270288 205 91%
c -  3.04 50 16 6 8 154 2 14484 5953 1.8 14 8 6 9 41% 167 270288 205 91%
c
c seconds  switched  rate        size/glue tier1   binary        remaining
c        MB reductions conflicts       size  tier2    irredundant
c         level restarts    redundant    glue   trail        variables
c
c }  3.10 54 15 7 8 166 2 14903 6275 1.8 14 8 6 9 41% 167 270288 205 91%
c [  3.10 54 28 7 8 166 1 14903 6275 1.5 16 11 7 14 41% 167 270288 205 91%
c W  3.13 58 28 7 8 166 1 14903 6275 1.5 16 11 7 14 41% 167 270288 205 91%
c u  3.32 59 25 7 8 167 1 16509 7611 1.5 16 10 7 14 43% 167 270288 205 91%
c v  3.36 59 25 7 8 167 1 16509 7607 1.5 16 10 7 14 43% 167 270288 205 91%
c w  3.38 59 25 7 8 167 1 16509 7607 1.5 16 10 7 14 43% 167 270288 205 91%
c f  3.46 42 25 7 8 167 1 16509 7607 1.5 16 10 7 14 43% 185 270231 214 95%
c u  3.54 57 25 7 8 167 1 16509 7601 1.5 16 10 7 14 43% 185 270231 214 95%
c v  3.60 58 25 7 8 167 1 16509 7595 1.5 16 10 7 14 43% 185 270231 214 95%
c w  3.63 59 25 7 8 167 1 16509 7594 1.5 16 10 7 14 43% 185 270231 214 95%
c -  3.71 56 24 7 9 168 1 17312 7354 1.5 16 10 6 12 44% 185 270231 214 95%
c -  3.88 57 24 7 10 170 1 20314 8182 1.5 18 12 7 14 48% 185 270231 214 95%
c O  3.99 57 25 7 10 171 1 22431 9998 1.4 19 13 7 14 51% 185 270231 214 95%
c o  3.99 57 25 7 10 171 1 22431 9998 1.4 19 13 7 14 51% 185 270231 214 95%
c -  4.03 57 25 7 11 172 1 23477 8717 1.5 19 13 7 16 52% 185 270231 214 95%
c ]  4.09 57 25 8 11 172 1 24925 9999 1.4 19 13 7 16 53% 185 270231 214 95%
c {  4.09 57 15 8 11 172 2 24925 9999 1.8 14 8 6 9 41% 185 270231 214 95%
c s  4.31 58 15 8 11 250 2 26001 10882 1.8 14 8 6 9 42% 185 270158 214 95%
c e  4.33 62 15 8 11 250 2 26001 10882 1.8 14 8 6 9 42% 181 270164 212 94%
c s  4.39 62 15 8 11 250 2 26001 10882 1.8 14 8 6 9 42% 181 270146 212 94%
c
c seconds  switched   rate         size/glue tier1   binary        remaining
c        MB  reductions conflicts        size  tier2    irredundant
c         level  restarts     redundant    glue   trail        variables
c
c ^  4.41 62 15 8 11 250 2 26001 10882 1.8 14 8 6 9 42% 181 270146 212 94%
c -  4.55 57 15 8 12 296 2 26793 9557 1.8 14 8 6 9 43% 181 270146 212 94%
c u  4.76 42 15 8 12 300 2 28009 10551 1.8 14 8 6 9 44% 181 270146 212 94%
c v  4.81 42 15 8 12 300 2 28009 10540 1.8 14 8 6 9 44% 181 270146 212 94%
c w  4.83 42 15 8 12 300 2 28009 10535 1.8 14 8 6 9 44% 181 270146 212 94%
c -  5.31 58 15 8 13 404 2 30257 11065 1.8 13 7 6 9 45% 181 270146 212 94%
c }  5.36 59 14 9 13 444 2 31084 11687 1.8 13 7 6 9 45% 181 270146 212 94%
c [  5.36 59 25 9 13 444 1 31084 11687 1.4 19 13 7 16 53% 181 270146 212 94%
c B  5.41 56 24 9 13 445 1 32193 12649 1.4 19 13 7 16 52% 181 270146 212 94%
c -  5.61 54 24 9 14 446 1 33862 12449 1.4 19 13 7 16 53% 181 270146 212 94%
c -  5.79 56 23 9 15 449 1 37604 13972 1.5 19 13 7 15 55% 181 270146 212 94%
c -  5.98 57 22 9 16 450 1 41478 15630 1.5 18 12 7 15 55% 181 270146 212 94%
c ]  6.00 57 22 10 16 450 1 41733 15872 1.5 18 12 7 15 55% 181 270146 212 94%
c {  6.00 57 14 10 16 450 2 41733 15872 1.8 13 7 6 9 45% 181 270146 212 94%
c o  6.08 55 14 10 16 505 2 42630 16564 1.7 13 7 6 9 44% 181 270146 212 94%
c u  6.19 60 14 10 16 520 2 42815 16699 1.7 13 7 6 9 44% 181 270146 212 94%
c v  6.24 61 14 10 16 520 2 42815 16698 1.7 13 7 6 9 44% 181 270146 212 94%
c w  6.26 61 14 10 16 520 2 42815 16697 1.7 13 7 6 9 44% 181 270146 212 94%
c x  6.31 62 14 10 16 520 2 42815 16697 1.7 13 7 6 9 44% 181 270138 212 94%
c -  6.61 59 14 10 17 720 2 45480 14875 1.7 12 7 5 9 45% 181 270138 212 94%
c
c seconds   switched   rate         size/glue tier1   binary        remaining
c        MB   reductions conflicts        size  tier2    irredundant
c         level   restarts     redundant    glue   trail        variables
c
c -  7.05 50 14 10 18 990 2 49604 14939 1.7 12 7 5 8 46% 182 270138 212 94%
c }  7.11 57 14 11 18 1003 2 50360 15506 1.7 12 7 5 8 46% 182 270138 212 94%
c [  7.11 57 22 11 18 1003 1 50360 15506 1.5 18 12 7 15 55% 182 270138 212 94%
c W  7.14 58 22 11 18 1003 1 50360 15506 1.5 18 12 7 15 55% 182 270138 212 94%
c -  7.35 55 22 11 19 1005 1 53847 15269 1.5 19 13 6 15 56% 182 270138 212 94%
c s  7.50 55 22 11 19 1005 1 54010 15376 1.5 19 13 6 15 56% 182 269704 212 94%
c e  7.52 60 22 11 19 1005 1 54010 15376 1.5 19 13 6 15 56% 168 269732 205 91%
c s  7.66 60 22 11 19 1005 1 54010 15376 1.5 19 13 6 15 56% 168 269689 205 91%
c ^  7.67 60 22 11 19 1005 1 54010 15376 1.5 19 13 6 15 56% 168 269689 205 91%
c -  7.85 54 21 11 20 1008 1 58208 15226 1.5 19 13 6 15 57% 168 269689 205 91%
c u  8.03 58 20 11 20 1009 1 61033 17379 1.5 18 13 6 15 57% 168 269689 205 91%
c v  8.09 59 20 11 20 1009 1 61033 17267 1.5 18 13 6 15 57% 168 269689 205 91%
c w  8.12 59 20 11 20 1009 1 61033 17263 1.5 18 13 6 15 57% 168 269689 205 91%
c -  8.22 59 20 11 21 1009 1 62681 16167 1.5 18 12 6 14 57% 168 269689 205 91%
c I  8.32 59 20 11 21 1012 1 65264 18346 1.5 19 13 6 14 57% 168 269689 205 91%
c -  8.41 59 20 11 22 1013 1 67264 16884 1.5 18 13 6 14 57% 168 269689 205 91%
c ]  8.41 50 20 12 22 1013 1 67396 16988 1.5 18 13 6 14 57% 168 269689 205 91%
c {  8.41 50 14 12 22 1013 2 67396 16988 1.7 12 7 5 8 46% 168 269689 205 91%
c -  8.83 59 13 12 23 1206 2 71957 17190 1.7 12 7 5 8 46% 169 269689 205 91%
c o  9.00 56 13 12 23 1296 2 72722 17841 1.7 12 7 5 8 46% 169 269689 205 91%
c
c seconds   switched    rate         size/glue tier1   binary        remaining
c        MB   reductions  conflicts        size  tier2    irredundant
c         level    restarts     redundant    glue   trail        variables
c
c -  9.42 57 13 12 24 1544 2 76754 18437 1.7 12 7 5 8 46% 169 269689 205 91%
c }  9.74 58 13 13 24 1758 2 78876 20139 1.6 12 7 5 8 46% 169 269688 205 91%
c [  9.74 58 20 13 24 1758 1 78876 20139 1.5 18 13 6 14 57% 169 269688 205 91%
c - 10.01 56 20 13 25 1760 1 81652 20084 1.5 18 12 6 14 57% 169 269688 205 91%
c u 10.15 61 19 13 25 1760 1 82791 20919 1.5 18 12 6 14 56% 170 269688 205 91%
c v 10.22 62 19 13 25 1760 1 82791 20820 1.5 18 12 6 14 56% 170 269688 205 91%
c w 10.26 62 19 13 25 1760 1 82791 20815 1.5 18 12 6 14 56% 170 269688 205 91%
c x 10.32 63 19 13 25 1760 1 82791 20815 1.5 18 12 6 14 56% 170 269524 205 91%
c t 10.34 63 19 13 25 1760 1 82791 20815 1.5 18 12 6 14 56% 169 269524 205 91%
c B 10.38 56 19 13 25 1761 1 83066 21007 1.5 18 12 6 14 56% 169 269524 205 91%
c - 10.58 59 20 13 26 1763 1 86654 21383 1.5 18 12 6 14 57% 169 269524 205 91%
c - 10.80 55 20 13 27 1765 1 91757 22699 1.5 18 12 6 14 57% 169 269524 205 91%
c - 11.02 56 19 13 28 1769 1 96953 22706 1.5 19 13 6 14 58% 169 269524 205 91%
c s 11.27 57 19 13 28 1770 1 99126 24584 1.5 19 13 6 14 58% 169 267331 205 91%
c e 11.29 63 19 13 28 1770 1 99126 24584 1.5 19 13 6 14 58% 158 267364 199 88%
c s 11.45 63 19 13 28 1770 1 99126 24584 1.5 19 13 6 14 58% 158 267206 199 88%
c ^ 11.46 63 19 13 28 1770 1 99126 24584 1.5 19 13 6 14 58% 158 267206 199 88%
c ] 11.59 54 19 14 28 1771 1 101502 25069 1.5 19 13 6 14 58% 158 267206 199 88%
c { 11.59 54 13 14 28 1771 2 101502 25069 1.6 12 7 5 8 46% 158 267206 199 88%
c - 11.66 57 13 14 29 1817 2 102244 21016 1.7 12 7 5 8 47% 158 267206 199 88%
c
c seconds   switched    rate          size/glue tier1   binary        remaining
c        MB   reductions  conflicts         size  tier2    irredundant
c         level    restarts      redundant    glue   trail        variables
c
c - 12.30 54 13 14 30 2255 2 107629 22413 1.6 12 7 5 8 47% 158 267206 199 88%
c u 12.41 42 13 14 30 2269 2 108214 22893 1.6 12 7 5 8 47% 158 267206 199 88%
c v 12.47 42 13 14 30 2269 2 108214 22791 1.6 12 7 5 8 47% 158 267206 199 88%
c w 12.51 58 13 14 30 2269 2 108214 22790 1.6 12 7 5 8 47% 158 267206 199 88%
c x 12.57 59 13 14 30 2269 2 108214 22787 1.6 12 7 5 8 47% 158 267004 199 88%
c - 13.45 56 13 14 31 2739 2 113107 24439 1.7 12 7 5 8 48% 158 267004 199 88%
c o 13.49 56 13 14 31 2741 2 113867 25009 1.7 12 7 5 8 48% 159 267004 199 88%
c } 13.90 59 13 15 31 3041 2 116217 26929 1.7 12 7 5 8 48% 159 267004 199 88%
c [ 13.90 59 19 15 31 3041 1 116217 26929 1.5 19 13 6 14 58% 159 267004 199 88%
c W 13.92 42 19 15 31 3041 1 116217 26929 1.5 19 13 6 14 58% 159 267004 199 88%
c - 14.10 58 20 15 32 3043 1 118675 25343 1.5 19 13 6 14 59% 159 267004 199 88%
c - 14.39 60 20 15 33 3046 1 124332 24843 1.4 20 14 6 15 59% 159 267004 199 88%
c - 14.61 56 20 15 34 3049 1 130077 24755 1.4 20 14 6 15 59% 159 267004 199 88%
c - 14.87 57 20 15 35 3053 1 135907 25934 1.4 20 14 6 15 59% 159 267004 199 88%
c u 15.01 59 20 15 35 3054 1 137366 27163 1.4 20 14 6 15 59% 160 267004 199 88%
c v 15.07 61 20 15 35 3054 1 137366 26979 1.4 20 14 6 15 59% 160 267004 199 88%
c w 15.11 61 20 15 35 3054 1 137366 26979 1.4 20 14 6 15 59% 160 267004 199 88%
c x 15.19 62 20 15 35 3054 1 137366 26972 1.4 20 14 6 15 59% 160 266924 199 88%
c t 15.21 62 20 15 35 3054 1 137366 26972 1.4 20 14 6 15 59% 159 266924 199 88%
c O 15.37 55 20 15 35 3054 1 140442 29625 1.4 20 14 6 15 59% 159 266924 199 88%
c
c seconds   switched    rate          size/glue  tier1    binary        remaining
c        MB   reductions  conflicts         size   tier2     irredundant
c         level    restarts      redundant     glue    trail        variables
c
c - 15.48 58 20 15 36 3055 1 141824 26095 1.4 20 14 6 15 59% 159 266924 199 88%
c ] 15.91 59 21 16 36 3055 1 147754 31584 1.4 21 15 6 15 60% 159 266924 199 88%
c { 15.91 59 13 16 36 3055 2 147754 31584 1.7 12 7 5 8 48% 159 266924 199 88%
c - 15.93 59 13 16 37 3072 2 147824 26019 1.7 12 7 5 8 48% 159 266924 199 88%
c - 16.71 55 13 16 38 3560 2 153907 27509 1.6 12 7 5 8 48% 159 266924 199 88%
c - 17.57 55 13 16 39 4102 2 160071 29314 1.6 12 7 5 8 48% 160 266924 199 88%
c s 18.39 59 13 16 39 4422 2 163187 31938 1.6 12 7 5 8 49% 161 261893 199 88%
c e 18.41 63 13 16 39 4422 2 163187 31938 1.6 12 7 5 8 49% 139 262013 185 82%
c s 18.69 63 13 16 39 4422 2 163187 31938 1.6 12 7 5 8 49% 139 261531 185 82%
c ^ 18.71 63 13 16 39 4422 2 163187 31938 1.6 12 7 5 8 49% 139 261531 185 82%
c o 18.82 58 13 16 39 4466 2 164163 24185 1.6 12 7 5 8 49% 139 261531 185 82%
c } 19.03 54 13 17 39 4594 2 166092 25768 1.6 12 7 5 8 49% 139 261530 185 82%
c [ 19.03 54 21 17 39 4594 1 166092 25768 1.4 21 15 6 15 60% 139 261530 185 82%
c - 19.06 54 21 17 40 4594 1 166315 24008 1.4 21 15 6 16 60% 139 261530 185 82%
c B 19.17 56 20 17 40 4596 1 168182 25731 1.4 20 14 6 16 60% 139 261530 185 82%
c u 19.44 60 20 17 40 4597 1 170365 27689 1.4 21 14 6 16 60% 139 261530 185 82%
c v 19.54 62 20 17 40 4597 1 170365 27635 1.4 21 14 6 16 60% 139 261530 185 82%
c w 19.58 62 20 17 40 4597 1 170365 27618 1.4 21 14 6 16 60% 139 261530 185 82%
c x 19.70 63 20 17 40 4597 1 170365 27614 1.4 21 14 6 16 60% 139 261088 185 82%
c - 19.90 57 21 17 41 4599 1 172640 26360 1.4 21 14 6 16 60% 139 261088 185 82%
c
c seconds   switched    rate          size/glue  tier1    binary        remaining
c        MB   reductions  conflicts         size   tier2     irredundant
c         level    restarts      redundant     glue    trail        variables
c
c - 20.28 58 21 17 42 4601 1 179044 27281 1.4 21 15 6 16 61% 139 261088 185 82%
c - 20.68 59 21 17 43 4606 1 185524 27759 1.4 21 15 6 16 61% 139 261088 185 82%
c - 21.08 59 21 17 44 4608 1 192083 28400 1.4 21 15 6 16 61% 139 261088 185 82%
c - 21.41 59 21 17 45 4608 1 198718 29274 1.4 21 15 6 16 61% 139 261088 185 82%
c W 21.48 42 21 17 45 4609 1 199633 30087 1.4 21 15 6 16 61% 139 261088 185 82%
c ] 21.54 59 21 18 45 4610 1 200403 30738 1.4 21 15 6 16 61% 139 261088 185 82%
c { 21.54 59 13 18 45 4610 2 200403 30738 1.6 12 7 5 8 49% 139 261088 185 82%
c - 22.21 58 13 18 46 4840 2 205426 26646 1.7 12 7 4 8 50% 139 261088 185 82%
c u 22.47 59 13 18 46 4881 2 207261 28300 1.7 13 7 4 8 51% 139 261088 185 82%
c v 22.55 60 13 18 46 4881 2 207261 28255 1.7 13 7 4 8 51% 139 261088 185 82%
c w 22.58 60 13 18 46 4881 2 207261 28251 1.7 13 7 4 8 51% 139 261088 185 82%
c x 22.68 62 13 18 46 4881 2 207261 28251 1.7 13 7 4 8 51% 139 260898 185 82%
c - 23.35 58 13 18 47 5249 2 212209 27453 1.8 13 7 4 8 52% 139 260898 185 82%
c - 24.03 60 13 18 48 5592 2 219064 28472 1.8 13 7 4 8 52% 139 260898 185 82%
c } 24.53 59 13 19 48 5984 2 222750 31975 1.9 14 7 4 8 53% 139 260898 185 82%
c [ 24.53 59 21 19 48 5984 1 222750 31975 1.4 21 15 6 16 61% 139 260898 185 82%
c - 24.74 53 20 19 49 5986 1 225994 29622 1.4 21 15 6 16 61% 139 260898 185 82%
c o 24.90 57 20 19 49 5988 1 227923 31278 1.4 21 15 6 16 61% 139 260898 185 82%
c - 25.20 58 20 19 50 5990 1 232994 30210 1.4 21 14 6 16 61% 139 260898 185 82%
c I 25.29 59 20 19 50 5990 1 234984 31900 1.4 21 14 6 16 60% 139 260898 185 82%
c
c seconds   switched    rate          size/glue  tier1    binary        remaining
c        MB   reductions  conflicts         size   tier2     irredundant
c         level    restarts      redundant     glue    trail        variables
c
c - 25.61 58 20 19 51 5994 1 240065 29617 1.4 20 14 6 16 60% 139 260898 185 82%
c - 26.00 53 19 19 52 5997 1 247206 29405 1.4 20 14 6 16 59% 140 260898 185 82%
c s 26.41 53 19 19 52 5998 1 247866 30000 1.4 20 14 6 16 59% 140 251131 185 82%
c e 26.44 59 19 19 52 5998 1 247866 30000 1.4 20 14 6 16 59% 111 251427 163 72%
c ! 26.83 59 19 19 52 5998 1 247866 30000 1.4 20 14 6 16 59% 111 251427 163 72%
c u 26.98 59 19 19 52 5998 1 248152 18762 1.4 20 14 6 16 59% 111 251427 163 72%
c v 27.09 59 19 19 52 5998 1 248152 16244 1.4 20 14 6 16 59% 111 251427 163 72%
c w 27.13 59 19 19 52 5998 1 248152 13660 1.4 20 14 6 16 59% 111 251427 163 72%
c x 27.22 60 19 19 52 5998 1 248152 13660 1.4 20 14 6 16 59% 111 250767 163 72%
c f 27.25 42 19 19 52 5998 1 248152 13660 1.4 20 14 6 16 59% 113 250744 164 73%
c u 27.39 42 19 19 52 5998 1 248152 13479 1.4 20 14 6 16 59% 114 250744 164 73%
c v 27.50 42 19 19 52 5998 1 248152 13098 1.4 20 14 6 16 59% 115 250744 164 73%
c w 27.53 42 19 19 52 5998 1 248152 13077 1.4 20 14 6 16 59% 115 250744 164 73%
c x 27.64 42 19 19 52 5998 1 248152 13077 1.4 20 14 6 16 59% 115 249962 164 73%
c t 27.88 58 19 19 52 5998 1 248152 13077 1.4 20 14 6 16 59% 113 249962 164 73%
c - 28.16 54 19 19 53 5998 1 254417 16274 1.4 20 14 6 15 60% 113 249962 164 73%
c - 28.46 55 19 19 54 6003 1 261700 20326 1.5 20 14 6 15 60% 113 249962 164 73%
c - 28.81 56 19 19 55 6006 1 269048 23100 1.5 20 14 6 15 59% 113 249962 164 73%
c ] 29.06 57 19 20 55 6008 1 271812 25339 1.5 20 13 6 15 59% 113 249962 164 73%
c { 29.06 57 13 20 55 6008 2 271812 25339 1.9 14 7 4 8 53% 113 249962 164 73%
c
c seconds   switched    rate          size/glue tier1   binary        remaining
c        MB   reductions  conflicts         size  tier2    irredundant
c         level    restarts      redundant    glue   trail        variables
c
c - 29.58 55 13 20 56 6480 2 276464 24934 1.8 14 7 4 8 53% 114 249961 164 73%
c - 30.61 57 13 20 57 6871 2 283947 25889 1.8 13 7 4 8 52% 114 249961 164 73%
c - 31.31 58 13 20 58 7282 2 291497 25906 1.8 13 7 4 8 52% 117 249961 164 73%
c u 31.56 58 13 20 58 7351 2 293023 26544 1.8 13 7 4 8 52% 122 249961 164 73%
c v 31.66 58 13 20 58 7351 2 293023 22968 1.8 13 7 4 8 52% 122 249961 164 73%
c w 31.69 58 13 20 58 7351 2 293023 22170 1.8 13 7 4 8 52% 122 249961 164 73%
c x 31.80 59 13 20 58 7351 2 293023 22169 1.8 13 7 4 8 52% 122 249088 164 73%
c t 31.82 59 13 20 58 7351 2 293023 22169 1.8 13 7 4 8 52% 118 249088 164 73%
c o 32.27 58 13 20 58 7819 2 297954 25977 1.7 13 7 4 8 52% 118 249088 164 73%
c } 32.33 58 13 21 58 7913 2 298553 26461 1.7 13 7 4 8 52% 118 249088 164 73%
c [ 32.33 58 19 21 58 7913 1 298553 26461 1.5 20 13 6 15 59% 118 249088 164 73%
c B 32.33 58 19 21 58 7913 1 298553 26461 1.5 20 13 6 15 59% 118 249088 164 73%
c - 32.36 58 19 21 59 7913 1 299113 22761 1.5 20 14 6 15 59% 118 249088 164 73%
c - 32.74 59 19 21 60 7919 1 306794 24632 1.5 20 14 6 15 60% 118 249088 164 73%
c - 33.14 55 19 21 61 7922 1 314540 25292 1.5 21 14 6 15 61% 118 249088 164 73%
c - 33.52 56 19 21 62 7926 1 322350 26892 1.5 21 14 6 15 61% 118 249088 164 73%
c - 33.98 57 19 21 63 7927 1 330226 28668 1.5 21 14 6 15 62% 118 249088 164 73%
c - 34.46 58 19 21 64 7933 1 338164 31102 1.6 21 13 6 15 62% 118 249088 164 73%
c u 34.80 58 19 21 64 7934 1 342022 33684 1.6 21 13 6 15 62% 120 249088 164 73%
c v 34.90 59 19 21 64 7934 1 342022 33677 1.6 21 13 6 15 62% 120 249088 164 73%
c
c seconds   switched    rate          size/glue  tier1    binary        remaining
c        MB   reductions  conflicts         size   tier2     irredundant
c         level    restarts      redundant     glue    trail        variables
c
c w 34.95 60 19 21 64 7934 1 342022 33672 1.6 21 13 6 15 62% 120 249088 164 73%
c x 35.04 61 19 21 64 7934 1 342022 33669 1.6 21 13 6 15 62% 120 248350 164 73%
c t 35.06 61 19 21 64 7934 1 342022 33669 1.6 21 13 6 15 62% 118 248350 164 73%
c W 35.13 42 19 21 64 7934 1 342266 33894 1.6 21 14 6 15 62% 118 248350 164 73%
c - 35.33 42 19 21 65 7937 1 346164 29272 1.6 21 14 6 15 62% 118 248350 164 73%
c ] 35.54 42 19 22 65 7939 1 350017 32793 1.6 21 14 6 15 62% 118 248350 164 73%
c { 35.54 42 13 22 65 7939 2 350017 32793 1.7 13 7 4 8 52% 118 248350 164 73%
c - 35.80 54 13 22 66 8031 2 354226 28032 1.7 13 7 4 8 52% 118 248350 164 73%
c s 36.19 55 13 22 66 8036 2 354589 28302 1.7 13 7 4 8 52% 118 230276 164 73%
c e 36.21 60 13 22 66 8036 2 354589 28302 1.7 13 7 4 8 52% 117 230287 163 72%
c s 36.58 60 13 22 66 8036 2 354589 28302 1.7 13 7 4 8 52% 117 228422 163 72%
c - 37.28 58 12 22 67 8193 2 362350 28990 1.7 13 7 4 8 52% 118 228422 163 72%
c - 37.94 57 12 22 68 8329 2 370536 30169 1.7 12 7 4 8 52% 119 228422 163 72%
c - 38.55 58 12 22 69 8544 2 378782 31553 1.7 12 7 4 8 53% 122 228422 163 72%
c } 38.71 58 12 23 69 8583 2 381534 33573 1.7 12 7 4 8 53% 123 228422 163 72%
c [ 38.71 58 19 23 69 8583 1 381534 33573 1.6 21 14 6 15 62% 123 228422 163 72%
c - 39.01 58 19 23 70 8587 1 387088 32379 1.6 21 13 6 15 62% 124 228422 163 72%
c i 39.10 52 18 23 70 8588 1 388443 33168 1.6 21 13 6 15 62% 137 228422 161 72%
c o 39.11 52 18 23 70 8588 1 388443 33168 1.6 21 13 6 15 62% 137 228422 161 72%
c O 39.19 53 19 23 70 8589 1 390430 35001 1.6 21 13 6 15 62% 137 228422 161 72%
c
c seconds   switched    rate          size/glue  tier1    binary        remaining
c        MB   reductions  conflicts         size   tier2     irredundant
c         level    restarts      redundant     glue    trail        variables
c
c u 39.54 52 19 23 70 8591 1 395229 24349 1.6 21 13 6 15 62% 142 186839 161 72%
c v 39.64 53 19 23 70 8591 1 395229 23854 1.6 21 13 6 15 62% 142 186839 161 72%
c w 39.69 53 19 23 70 8591 1 395229 23736 1.6 21 13 6 15 62% 142 186839 161 72%
c x 39.79 55 19 23 70 8591 1 395229 23735 1.6 21 13 6 15 62% 142 185436 161 72%
c t 39.81 55 19 23 70 8591 1 395229 23735 1.6 21 13 6 15 62% 137 185436 161 72%
c - 39.84 51 19 23 71 8591 1 395457 20534 1.6 21 13 6 15 62% 115 185436 161 72%
c - 40.27 52 19 23 72 8596 1 403883 24554 1.5 21 13 6 15 62% 115 185436 161 72%
c - 40.70 53 19 23 73 8597 1 412368 27780 1.5 21 13 6 15 62% 115 185436 161 72%
c - 41.17 55 19 23 74 8603 1 420913 29934 1.5 21 13 6 15 62% 115 185436 161 72%
c ] 41.69 53 19 24 74 8606 1 429004 37045 1.5 21 13 6 15 62% 115 185436 161 72%
c { 41.69 53 12 24 74 8606 2 429004 37045 1.7 12 7 4 8 53% 115 185436 161 72%
c - 41.77 55 12 24 75 8693 2 429516 30141 1.7 12 7 4 8 53% 115 185436 161 72%
c - 42.67 55 12 24 76 10203 2 438176 31237 1.7 12 7 4 8 53% 116 185436 161 72%
c i 43.48 55 12 24 76 11359 2 446595 38420 1.6 12 8 4 8 53% 127 185435 160 71%
c - 43.53 55 12 24 77 11413 2 446899 29859 1.6 12 8 4 8 53% 110 185435 160 71%
c u 44.06 49 12 24 77 11814 2 451857 33319 1.6 12 8 4 8 53% 124 111588 160 71%
c v 44.17 51 12 24 77 11814 2 451857 32849 1.6 12 8 4 8 53% 124 111588 160 71%
c w 44.21 51 12 24 77 11814 2 451857 32830 1.6 12 8 4 8 53% 124 111588 160 71%
c x 44.31 51 12 24 77 11814 2 451857 32805 1.6 12 8 4 8 53% 124 110519 160 71%
c t 44.32 51 12 24 77 11814 2 451857 32805 1.6 12 8 4 8 53% 121 110519 160 71%
c
c seconds   switched     rate          size/glue tier1   binary        remaining
c        MB   reductions   conflicts         size  tier2    irredundant
c         level    restarts       redundant    glue   trail        variables
c
c - 44.56 50 12 24 78 12140 2 455673 30298 1.6 12 8 4 8 54% 122 110519 160 71%
c - 45.29 51 12 24 79 13254 2 464504 32073 1.6 13 8 4 8 54% 122 110519 160 71%
c } 45.38 50 12 25 79 13378 2 465681 33080 1.6 13 8 4 8 54% 122 110519 160 71%
c [ 45.38 50 19 25 79 13378 1 465681 33080 1.5 21 13 6 15 62% 122 110519 160 71%
c B 45.38 50 19 25 79 13378 1 465681 33080 1.5 21 13 6 15 62% 122 110519 160 71%
c - 45.79 51 19 25 80 13383 1 473392 33228 1.5 21 13 6 15 62% 122 110519 160 71%
c - 46.30 50 19 25 81 13388 1 482336 33663 1.5 21 13 6 15 62% 122 110519 160 71%
c s 46.84 50 18 25 81 13390 1 484382 35378 1.5 21 13 6 15 63% 122 73582 160 71%
c e 46.85 36 18 25 81 13390 1 484382 35378 1.5 21 13 6 15 63% 124 73593 159 71%
c s 47.26 36 18 25 81 13390 1 484382 35378 1.5 21 13 6 15 63% 124 70952 159 71%
c o 47.27 37 18 25 81 13390 1 484382 33417 1.5 21 13 6 15 63% 124 70952 159 71%
c - 47.53 39 19 25 82 13392 1 491336 33073 1.5 21 13 6 15 63% 124 70952 159 71%
c - 47.89 40 19 25 83 13394 1 500392 32768 1.5 21 13 5 15 63% 124 70952 159 71%
c - 48.20 39 19 25 84 13399 1 509502 33654 1.5 21 13 5 15 63% 124 70952 159 71%
c u 48.37 39 18 25 84 13400 1 512004 34751 1.5 21 13 5 15 63% 128 70952 159 71%
c v 48.44 40 18 25 84 13400 1 512004 34637 1.5 21 13 5 15 63% 128 70952 159 71%
c w 48.47 41 18 25 84 13400 1 512004 34630 1.5 21 13 5 15 63% 128 70952 159 71%
c x 48.54 42 18 25 84 13400 1 512004 34618 1.5 21 13 5 15 63% 128 69841 159 71%
c t 48.54 42 18 25 84 13400 1 512004 34618 1.5 21 13 5 15 63% 124 69841 159 71%
c - 48.80 40 18 25 85 13405 1 518667 35209 1.5 20 13 5 15 63% 124 69841 159 71%
c
c seconds   switched     rate          size/glue  tier1    binary       remaining
c        MB   reductions   conflicts         size   tier2     irredundant
c         level    restarts       redundant     glue    trail       variables
c
c W 49.00 34 18 25 85 13406 1 523265 39283 1.5 20 13 5 15 63% 124 69841 159 71%
c - 49.20 34 18 25 86 13407 1 527889 36887 1.5 20 13 5 14 63% 124 69841 159 71%
c ] 49.50 34 18 26 86 13408 1 534271 41903 1.5 20 13 5 14 63% 124 69841 159 71%
c { 49.50 34 12 26 86 13408 2 534271 41903 1.6 13 8 4 8 54% 124 69841 159 71%
c - 49.75 34 13 26 87 13727 2 537164 36961 1.6 13 8 4 8 54% 124 69841 159 71%
c - 50.31 34 12 26 88 14358 2 546493 34542 1.6 13 8 3 8 54% 127 69840 159 71%
c - 50.73 34 12 26 89 14683 2 555873 32985 1.6 13 8 3 8 55% 129 69840 159 71%
c i 50.91 34 12 26 89 14899 2 559518 35902 1.6 13 8 3 8 55% 140 69840 158 70%
c - 51.19 34 12 26 90 15264 2 565306 28279 1.6 13 8 3 7 55% 126 69840 158 70%
c i 51.23 34 12 26 90 15264 2 566828 29302 1.6 12 8 3 7 55% 135 69840 156 69%
c i 51.41 34 12 26 90 15423 2 571194 32594 1.6 12 8 3 7 55% 147 69840 155 69%
c - 51.59 34 12 26 91 15544 2 574792 20633 1.6 12 8 3 7 55% 119 69839 155 69%
c } 51.66 34 12 27 91 15607 2 576489 22044 1.6 12 8 3 7 55% 119 69839 155 69%
c [ 51.66 34 18 27 91 15607 1 576489 22044 1.5 20 13 5 14 63% 119 69839 155 69%
c u 51.76 34 18 27 91 15607 1 576685 21434 1.5 20 13 5 14 63% 119 54847 155 69%
c v 51.83 34 18 27 91 15607 1 576685 21156 1.5 20 13 5 14 63% 119 54847 155 69%
c w 51.85 34 18 27 91 15607 1 576685 21102 1.5 20 13 5 14 63% 119 54847 155 69%
c x 51.94 34 18 27 91 15607 1 576685 21074 1.5 20 13 5 14 63% 119 46721 155 69%
c t 52.18 34 18 27 91 15607 1 576685 21074 1.5 20 13 5 14 63% 118 46721 155 69%
c - 52.46 34 17 27 92 15612 1 584331 24267 1.5 20 13 5 14 62% 118 46721 155 69%
c
c seconds   switched     rate          size/glue  tier1    binary       remaining
c        MB   reductions   conflicts         size   tier2     irredundant
c         level    restarts       redundant     glue    trail       variables
c
c I 52.52 34 17 27 92 15613 1 585815 25446 1.5 19 13 5 14 62% 118 46721 155 69%
c o 52.52 34 17 27 92 15613 1 585815 25446 1.5 19 13 5 14 62% 118 46721 155 69%
c - 52.88 34 17 27 93 15617 1 593923 28420 1.5 19 12 5 14 62% 121 46721 155 69%
c i 52.92 34 16 27 93 15618 1 595025 29130 1.5 19 12 5 14 62% 127 46721 149 66%
c - 53.27 34 16 27 94 15621 1 603566 23166 1.6 18 12 5 14 61% 106 46721 149 66%
c i 53.56 34 15 27 94 15624 1 612956 30057 1.5 18 11 5 14 61% 110 46721 140 62%
c - 53.58 34 15 27 95 15624 1 613262 13557 1.5 18 11 5 14 61% 127 33699 140 62%
c i 53.60 34 15 27 95 15625 1 613860 13969 1.5 17 11 5 14 61% 134 33699 138 61%
c i 53.63 34 15 27 95 15626 1 614716 14603 1.6 17 11 5 14 61% 138 33699 135 60%
c i 53.63 34 15 27 95 15626 1 614874 14683 1.6 17 11 5 14 61% 144 33699 133 59%
c i 53.63 34 15 27 95 15626 1 614961 14737 1.6 17 11 5 14 61% 149 33699 132 59%
c i 53.63 34 15 27 95 15626 1 615011 14774 1.6 17 11 5 14 61% 153 33699 126 56%
c i 53.63 34 15 27 95 15626 1 615019 14775 1.6 17 11 5 14 61% 156 33699 109 48%
c ] 53.63 34 15 27 95 15626 1 615021 14775 1.6 17 11 5 14 61% 156 33699 97 43%
c 0 53.64 34 12 27 95 15626 2 615021 14775 1.6 12 8 3 7 55% 156 33699 97 43%
c
c ---- [ result ] ------------------------------------------------------------
c
s UNSATISFIABLE
c
c ---- [ profiling ] ---------------------------------------------------------
c
c          42.32   78.89 %  search
c          22.18   41.36 %  focused
c          20.13   37.53 %  stable
c          10.91   20.34 %  simplify
c           6.88   12.83 %  probe
c           5.02    9.37 %  vivify
c           4.12    7.68 %  eliminate
c           3.83    7.14 %  subsume
c           0.83    1.54 %  sweep
c           0.62    1.16 %  substitute
c           0.35    0.65 %  reduce
c           0.31    0.58 %  factor
c           0.26    0.48 %  preprocess
c           0.16    0.31 %  walking
c           0.08    0.14 %  lucky
c           0.08    0.14 %  parse
c           0.07    0.14 %  congruence
c           0.02    0.04 %  transitive
c           0.00    0.00 %  backbone
c =============================================
c          53.64  100.00 %  total
c
c ---- [ statistics ] --------------------------------------------------------
c
c conflicts:                           615021            11466.61 per second
c decisions:                           883828                1.44 per conflict
c eliminated:                             257              114 %  variables
c factored:                               194               86 %  variables
c iterations:                              14                6 %  variables
c propagations:                      20315633           378770    per second
c reductions:                              95             6474    interval
c reordered:                               11            55911    interval
c rephased:                                21            29287    interval
c restarts:                             15626               39    interval
c subsumed:                             77724                0 %  checks
c switched:                                27            22779    interval
c vivified:                             41870               88 %  checks
c walks:                                    7            87860    interval
c
c ---- [ glue usage ] --------------------------------------------------------
c
c focused glue 3 used 140815 clauses 15.72% accumulated 54.51% tier1
c focused glue 4 used 115520 clauses 12.90% accumulated 67.41%
c focused glue 5 used  91522 clauses 10.22% accumulated 77.63%
c focused glue 6 used  68575 clauses  7.66% accumulated 85.29%
c focused glue 7 used  46698 clauses  5.21% accumulated 90.50% tier2
c
c stable glue 5    used 176497 clauses  8.70% accumulated 55.16% tier1
c stable glue 6    used 152162 clauses  7.50% accumulated 62.65%
c stable glue 7-12 used 492548 clauses 24.27% accumulated 86.93%
c stable glue 13   used  47820 clauses  2.36% accumulated 89.28%
c stable glue 14   used  42732 clauses  2.11% accumulated 91.39% tier2
c
c ---- [ resources ] ---------------------------------------------------------
c
c maximum-resident-set-size:         65945600 bytes         63 MB
c process-time:                            54s              53.64 seconds
c
c ---- [ shutting down ] -----------------------------------------------------
c
c exit 20
