c ---- [ banner ] ------------------------------------------------------------
c
c Kissat SAT Solver
c 
c Copyright (c) 2021-2024 Armin Biere University of Freiburg
c Copyright (c) 2019-2021 Armin Biere Johannes Kepler University Linz
c 
c Version 4.0.4 8af8e56f174b778aef3aa45af9f739b2a5f492c2
c gcc (Ubuntu 13.3.0-6ubuntu2~24.04.1) 13.3.0 -W -Wall -O3 -DNDEBUG
c Wed Apr 15 20:10:47 EEST 2026 Linux cluster-4 6.17.0-14-generic x86_64
c
c ---- [ parsing ] -----------------------------------------------------------
c
c opened and reading DIMACS file:
c
c   tmp.cnf
c
c parsed 'p cnf 276 2095852' header
c closing input after reading 56913086 bytes (54 MB)
c finished parsing after 0.46 seconds
c
c ---- [ solving ] -----------------------------------------------------------
c
c seconds  switched rate     size/glue tier1 binary         remaining
c         MB reductions conflicts size  tier2    irredundant
c          level restarts redundant glue  trail         variables
c
c *  0.46 129 0 0 0  0 0   0   0 0.0 0 0 0 0 0%   0 2095852 266 100%
c (  0.84 249 0 0 0  0 0   0   0 0.0 0 0 0 0 0%   0 2095852 266 100%
c .  0.84 249 0 0 0  0 0   0   0 0.0 0 0 0 0 0%   0 2095852 266 100%
c f  3.54 119 0 0 0  0 0   0   0 0.0 0 0 0 0 0%  15 2066812 269 101%
c )  3.59 177 0 0 0  0 0   0   0 0.0 0 0 0 0 0%  15 2066812 269 101%
c {  3.73 202 0 0 0  0 0   0   0 0.0 0 0 2 6 0%  15 2066812 269 101%
c -  4.44 237 17 0 1 31 2 1002 483 1.6 14 9 7 10 37%  15 2066812 269 101%
c }  4.44 237 17 1 1 31 2 1002 483 1.6 14 9 7 10 37%  15 2066812 269 101%
c [  4.44 237 0 1 1 31 0 1002 483 0.0 0 0 2 6 0%  15 2066812 269 101%
c B  4.44 237 0 1 1 31 0 1002 483 0.0 0 0 2 6 0%  15 2066812 269 101%
c -  5.22 210 119 1 2 31 2 2004 1237 1.7 23 13 8 17 76%  15 2066812 269 101%
c W  5.41 236 119 1 2 31 2 2004 1237 1.7 23 13 8 17 76%  15 2066812 269 101%
c ]  5.66 241 98 2 2 32 2 2312 1466 1.6 22 13 8 17 68%  15 2066812 269 101%
c {  5.66 241 17 2 2 32 2 2312 1466 1.6 14 9 7 10 37%  15 2066812 269 101%
c u  7.26 235 20 2 2 43 2 3280 2320 2.1 18 9 7 10 44%  15 2066812 269 101%
c v  7.40 235 20 2 2 43 2 3280 2315 2.1 18 9 7 10 44%  15 2066812 269 101%
c w  7.49 235 20 2 2 43 2 3280 2315 2.1 18 9 7 10 44%  15 2066812 269 101%
c }  7.95 241 21 3 2 44 2 3312 2347 2.1 18 9 7 10 44%  15 2066812 269 101%
c [  7.95 241 98 3 2 44 2 3312 2347 1.6 22 13 8 17 68%  15 2066812 269 101%
c -  8.10 242 92 3 3 44 2 3419 2283 1.7 22 13 8 18 67%  15 2066812 269 101%
c
c seconds   switched rate       size/glue  tier1    binary         remaining
c         MB reductions conflicts     size   tier2      irredundant
c          level restarts  redundant     glue    trail         variables
c
c I  8.47 242 65 3 3 44 2 4263 3060 2.0 21 11 8 18 60%  15 2066812 269 101%
c -  8.93 221 51 3 4 45 1 5151 3365 1.8 20 11 7 15 51%  15 2066812 269 101%
c ]  9.08 223 44 4 4 46 1 5868 3921 1.7 19 11 7 15 46%  15 2066812 269 101%
c {  9.08 223 21 4 4 46 2 5868 3921 2.1 18 9 7 10 44%  15 2066812 269 101%
c -  9.70 237 22 4 5 107 2 7151 4289 2.2 19 9 6 10 49%  15 2066812 269 101%
c } 10.92 217 23 5 5 142 2 8220 5182 2.2 18 8 6 10 48%  15 2066812 269 101%
c [ 10.92 217 44 5 5 142 1 8220 5182 1.7 19 11 7 15 46%  15 2066812 269 101%
c B 10.92 217 44 5 5 142 1 8220 5182 1.7 19 11 7 15 46%  15 2066812 269 101%
c - 11.20 222 39 5 6 142 1 9387 5115 1.6 18 11 8 15 43%  15 2066812 269 101%
c u 11.71 204 36 5 6 143 1 10101 5630 1.6 18 12 8 15 41%  15 2066812 269 101%
c v 11.93 209 36 5 6 143 1 10101 5625 1.6 18 12 8 15 41%  15 2066812 269 101%
c w 12.02 209 36 5 6 143 1 10101 5625 1.6 18 12 8 15 41%  15 2066812 269 101%
c o 12.41 251 36 5 6 143 1 10101 5625 1.6 18 12 8 15 41%  15 2066812 269 101%
c - 13.06 230 33 5 7 144 1 11837 5742 1.5 17 11 8 15 37%  15 2066812 269 101%
c W 13.74 232 29 5 7 145 1 13750 7092 1.5 17 11 8 15 35%  15 2066812 269 101%
c ] 13.85 243 29 6 7 145 1 13847 7172 1.5 17 11 8 15 35%  15 2066812 269 101%
c { 13.85 243 23 6 7 145 2 13847 7172 2.2 18 8 6 10 48%  15 2066812 269 101%
c - 14.49 249 23 6 8 166 2 14483 6473 2.2 18 8 6 10 47%  15 2066812 269 101%
c e 17.56 256 20 6 8 335 2 16392 7964 2.0 16 8 6 10 41%  14 1621701 159 60%
c s 17.87 256 20 6 8 335 2 16392 7964 2.0 16 8 6 10 41%  14 1621589 159 60%
c
c seconds   switched  rate        size/glue tier1    binary         remaining
c         MB reductions conflicts       size  tier2      irredundant
c          level restarts    redundant    glue    trail         variables
c
c ^ 17.95 256 20 6 8 335 2 16392 7964 2.0 16 8 6 10 41%  14 1621589 159 60%
c - 18.26 190 19 6 9 357 2 17312 6948 1.9 16 8 6 10 41%  14 1621589 159 60%
c } 18.48 199 19 7 9 372 2 17916 7428 1.9 16 8 6 10 42%  14 1621589 159 60%
c [ 18.48 199 29 7 9 372 1 17916 7428 1.5 17 11 8 15 35%  14 1621589 159 60%
c - 18.93 200 26 7 10 374 1 20313 8066 1.6 17 11 7 13 39%  14 1621589 159 60%
c u 19.31 208 26 7 10 374 1 20691 8388 1.6 17 11 7 13 40%  14 1621589 159 60%
c v 19.51 217 26 7 10 374 1 20691 8330 1.6 17 11 7 13 40%  14 1621589 159 60%
c w 19.63 219 26 7 10 374 1 20691 8330 1.6 17 11 7 13 40%  14 1621589 159 60%
c f 20.03 124 26 7 10 374 1 20691 8330 1.6 17 11 7 13 40%  18 1619444 160 60%
c u 20.50 203 26 7 10 374 1 20691 8311 1.6 17 11 7 13 40%  18 1619444 160 60%
c v 20.82 210 26 7 10 374 1 20691 8309 1.6 17 11 7 13 40%  18 1619444 160 60%
c w 20.96 215 26 7 10 374 1 20691 8299 1.6 17 11 7 13 40%  18 1619444 160 60%
c f 21.18 124 26 7 10 374 1 20691 8299 1.6 17 11 7 13 40%  25 1616677 162 61%
c o 21.25 182 26 7 10 374 1 20691 8299 1.6 17 11 7 13 40%  25 1616677 162 61%
c O 21.44 191 26 7 10 374 1 21279 8830 1.6 17 11 7 13 40%  25 1616677 162 61%
c - 21.95 197 26 7 11 375 1 23477 8814 1.6 18 11 7 14 43%  25 1616677 162 61%
c - 22.55 200 26 7 12 377 1 26794 9133 1.5 19 13 7 16 47%  25 1616677 162 61%
c - 23.04 200 27 7 13 378 1 30258 9288 1.5 21 14 8 17 50%  25 1616677 162 61%
c B 23.14 200 27 7 13 379 1 31040 9872 1.5 21 14 8 17 50%  25 1616677 162 61%
c s 23.47 202 27 7 13 380 1 32186 10858 1.5 22 14 8 17 51%  25 1616664 162 61%
c
c seconds   switched   rate         size/glue  tier1    binary         remaining
c         MB  reductions conflicts        size   tier2      irredundant
c          level  restarts     redundant     glue    trail         variables
c
c s 23.76 223 27 7 13 380 1 32186 10858 1.5 22 14 8 17 51%  25 1616655 162 61%
c ^ 23.82 223 27 7 13 380 1 32186 10858 1.5 22 14 8 17 51%  25 1616655 162 61%
c ] 23.88 176 27 8 13 380 1 32203 10873 1.5 22 14 8 17 51%  25 1616655 162 61%
c { 23.88 176 19 8 13 380 2 32203 10873 1.9 16 8 6 10 42%  25 1616655 162 61%
c - 24.89 214 18 8 14 424 2 33865 10185 1.9 15 8 6 10 41%  25 1616655 162 61%
c u 25.55 209 18 8 14 443 2 34748 10767 1.8 15 8 6 10 41%  25 1616655 162 61%
c v 25.81 218 18 8 14 443 2 34748 10763 1.8 15 8 6 10 41%  25 1616655 162 61%
c w 25.90 221 18 8 14 443 2 34748 10758 1.8 15 8 6 10 41%  25 1616655 162 61%
c f 26.27 128 18 8 14 443 2 34748 10758 1.8 15 8 6 10 41%  31 1614675 164 62%
c u 26.60 204 18 8 14 443 2 34748 10753 1.8 15 8 6 10 41%  31 1614675 164 62%
c v 26.79 210 18 8 14 443 2 34748 10750 1.8 15 8 6 10 41%  31 1614675 164 62%
c w 26.87 211 18 8 14 443 2 34748 10748 1.8 15 8 6 10 41%  31 1614675 164 62%
c f 27.20 128 18 8 14 443 2 34748 10748 1.8 15 8 6 10 41%  46 1611391 169 64%
c - 30.09 224 18 8 15 719 2 37606 11780 1.9 16 8 6 10 45%  46 1611391 169 64%
c } 30.54 194 18 9 15 746 2 38362 12338 1.9 15 8 6 10 44%  46 1611391 169 64%
c [ 30.54 194 27 9 15 746 1 38362 12338 1.5 22 14 8 17 51%  46 1611391 169 64%
c - 31.52 207 26 9 16 748 1 41480 12924 1.5 21 14 7 18 51%  46 1611391 169 64%
c W 31.97 203 26 9 16 749 1 43262 14349 1.5 22 14 7 18 51%  46 1611391 169 64%
c o 32.00 203 26 9 16 749 1 43262 14349 1.5 22 14 7 18 51%  46 1611391 169 64%
c - 32.64 204 27 9 17 751 1 45481 13308 1.5 22 15 8 18 52%  46 1611391 169 64%
c
c seconds   switched   rate         size/glue  tier1    binary         remaining
c         MB  reductions conflicts        size   tier2      irredundant
c          level  restarts     redundant     glue    trail         variables
c
c - 33.58 170 27 9 18 752 1 49604 13685 1.5 23 15 8 19 52%  46 1611391 169 64%
c u 34.67 190 27 9 18 754 1 52833 16226 1.5 23 16 8 19 52%  46 1611391 169 64%
c v 35.12 195 27 9 18 754 1 52833 16180 1.5 23 16 8 19 52%  46 1611391 169 64%
c w 35.28 195 27 9 18 754 1 52833 16180 1.5 23 16 8 19 52%  46 1611391 169 64%
c f 35.52 111 27 9 18 754 1 52833 16180 1.5 23 16 8 19 52% 328 1600574 320 120%
c u 36.15 186 27 9 18 754 1 52833 16156 1.5 23 16 8 19 52% 328 1600574 320 120%
c v 36.65 191 27 9 18 754 1 52833 16114 1.5 23 16 8 19 52% 328 1600574 320 120%
c w 36.77 193 27 9 18 754 1 52833 16112 1.5 23 16 8 19 52% 328 1600574 320 120%
c ] 36.90 193 27 10 18 754 1 52878 16151 1.5 23 16 8 19 52% 328 1600574 320 120%
c { 36.90 193 18 10 18 754 2 52878 16151 1.9 15 8 6 10 44% 328 1600574 320 120%
c - 37.68 197 18 10 19 833 2 53847 14279 1.9 15 8 6 10 46% 328 1600574 320 120%
c - 40.14 206 18 10 20 1094 2 58207 15921 1.8 15 8 6 10 45% 328 1600574 320 120%
c } 42.34 202 17 11 20 1239 2 61505 18530 1.8 14 8 6 10 44% 328 1600574 320 120%
c [ 42.34 202 27 11 20 1239 1 61505 18530 1.5 23 16 8 19 52% 328 1600574 320 120%
c I 42.34 202 27 11 20 1239 1 61505 18530 1.5 23 16 8 19 52% 328 1600574 320 120%
c - 43.02 204 26 11 21 1240 1 62683 17150 1.5 23 16 8 19 52% 328 1600574 320 120%
c s 44.28 214 26 11 21 1242 1 66412 20452 1.5 24 16 8 19 53% 328 1600209 320 120%
c s 44.90 230 26 11 21 1242 1 66412 20452 1.5 24 16 8 19 53% 328 1600083 320 120%
c ^ 44.97 230 26 11 21 1242 1 66412 20452 1.5 24 16 8 19 53% 328 1600083 320 120%
c - 45.13 182 26 11 22 1243 1 67265 18327 1.5 24 16 8 19 53% 328 1600083 320 120%
c
c seconds    switched    rate         size/glue  tier1    binary         remaining
c         MB   reductions  conflicts        size   tier2      irredundant
c          level    restarts     redundant     glue    trail         variables
c
c - 45.55 184 26 11 23 1245 1 71955 18830 1.5 24 16 8 19 53% 328 1600083 320 120%
c u 46.51 196 26 11 23 1247 1 75061 21417 1.5 24 16 8 19 53% 328 1600083 320 120%
c v 46.93 202 26 11 23 1247 1 75061 21321 1.5 24 16 8 19 53% 328 1600083 320 120%
c w 47.09 205 26 11 23 1247 1 75061 21313 1.5 24 16 8 19 53% 328 1600083 320 120%
c o 48.24 220 26 11 23 1247 1 75061 21313 1.5 24 16 8 19 53% 328 1600083 320 120%
c - 49.01 177 26 11 24 1248 1 76753 19506 1.5 24 16 8 19 53% 328 1600083 320 120%
c B 49.90 196 26 11 24 1250 1 79309 21637 1.5 24 16 8 19 53% 328 1600083 320 120%
c ] 50.44 199 26 12 24 1251 1 81284 23355 1.5 24 16 8 19 53% 328 1600083 320 120%
c { 50.44 199 17 12 24 1251 2 81284 23355 1.8 14 8 6 10 44% 328 1600083 320 120%
c - 50.85 218 17 12 25 1323 2 81652 20471 1.8 14 8 6 10 44% 328 1600083 320 120%
c - 54.02 204 17 12 26 1638 2 86653 21707 1.8 14 8 6 10 43% 328 1600083 320 120%
c - 56.82 201 17 12 27 1863 2 91753 23135 1.8 14 8 6 10 44% 328 1600083 320 120%
c } 57.56 214 17 13 27 1909 2 92764 23984 1.8 14 8 6 10 44% 328 1600083 320 120%
c [ 57.56 214 26 13 27 1909 1 92764 23984 1.5 24 16 8 19 53% 328 1600083 320 120%
c - 58.35 216 25 13 28 1912 1 96952 24710 1.5 24 16 8 19 52% 328 1600083 320 120%
c W 59.17 208 24 13 28 1914 1 100221 27581 1.5 23 16 8 19 52% 328 1600083 320 120%
c u 60.05 185 25 13 28 1915 1 101606 28823 1.5 24 16 8 19 52% 328 1600083 320 120%
c v 60.48 190 25 13 28 1915 1 101606 28733 1.5 24 16 8 19 52% 328 1600083 320 120%
c w 60.66 195 25 13 28 1915 1 101606 28730 1.5 24 16 8 19 52% 328 1600083 320 120%
c x 61.10 206 25 13 28 1915 1 101606 28729 1.5 24 16 8 19 52% 328 1599970 320 120%
c
c seconds    switched    rate          size/glue  tier1    binary         remaining
c         MB   reductions  conflicts         size   tier2      irredundant
c          level    restarts      redundant     glue    trail         variables
c
c - 61.47 210 25 13 29 1915 1 102245 26054 1.5 24 16 8 18 52% 328 1599970 320 120%
c - 62.69 186 26 13 30 1918 1 107633 26063 1.5 24 17 8 19 53% 328 1599970 320 120%
c - 63.60 187 26 13 31 1921 1 113110 25350 1.5 25 17 8 19 53% 328 1599970 320 120%
c - 64.56 191 26 13 32 1923 1 118680 26201 1.5 25 17 8 19 53% 328 1599970 320 120%
c s 65.68 201 26 13 32 1923 1 121456 28641 1.5 25 17 8 19 53% 328 1599845 320 120%
c e 65.84 234 26 13 32 1923 1 121456 28641 1.5 25 17 8 19 53% 282 1599976 296 111%
c ^ 66.46 234 26 13 32 1923 1 121456 28641 1.5 25 17 8 19 53% 282 1599976 296 111%
c o 66.51 234 26 13 32 1923 1 121456 25177 1.5 25 17 8 19 53% 282 1599976 296 111%
c ] 66.78 185 26 14 32 1923 1 123154 26813 1.5 25 17 8 19 53% 282 1599976 296 111%
c { 66.78 185 17 14 32 1923 2 123154 26813 1.8 14 8 6 10 44% 282 1599976 296 111%
c - 67.26 210 17 14 33 1973 2 124336 24765 1.8 14 8 6 10 44% 282 1599976 296 111%
c - 68.61 205 17 14 34 2229 2 130081 26621 1.7 14 8 6 9 43% 282 1599976 296 111%
c u 69.88 231 16 14 34 2299 2 132628 28596 1.7 14 8 6 9 42% 282 1599976 296 111%
c v 70.32 239 16 14 34 2299 2 132628 28502 1.7 14 8 6 9 42% 282 1599976 296 111%
c w 70.50 241 16 14 34 2299 2 132628 28500 1.7 14 8 6 9 42% 282 1599976 296 111%
c f 70.66 122 16 14 34 2299 2 132628 28500 1.7 14 8 6 9 42% 295 1599906 302 114%
c u 71.19 198 16 14 34 2299 2 132628 28497 1.7 14 8 6 9 42% 295 1599906 302 114%
c v 71.56 204 16 14 34 2299 2 132628 28457 1.7 14 8 6 9 42% 295 1599906 302 114%
c w 71.68 209 16 14 34 2299 2 132628 28455 1.7 14 8 6 9 42% 295 1599906 302 114%
c x 72.03 211 16 14 34 2299 2 132628 28455 1.7 14 8 6 9 42% 295 1599730 302 114%
c
c seconds    switched    rate          size/glue tier1   binary         remaining
c         MB   reductions  conflicts         size  tier2     irredundant
c          level    restarts      redundant    glue   trail         variables
c
c - 73.01 221 16 14 35 2489 2 135911 27913 1.7 14 8 6 9 42% 295 1599730 302 114%
c } 73.31 221 16 15 35 2590 2 137869 29496 1.7 14 8 6 9 42% 295 1599730 302 114%
c [ 73.31 221 26 15 35 2590 1 137869 29496 1.5 25 17 8 19 53% 295 1599730 302 114%
c O 73.31 221 26 15 35 2590 1 137869 29496 1.5 25 17 8 19 53% 295 1599730 302 114%
c - 74.12 205 27 15 36 2592 1 141828 28947 1.5 25 17 8 20 54% 295 1599730 302 114%
c - 74.88 206 27 15 37 2596 1 147828 28845 1.4 26 18 8 20 55% 295 1599730 302 114%
c - 75.43 206 27 15 38 2599 1 153910 28609 1.4 26 18 8 20 56% 295 1599730 302 114%
c - 76.05 208 27 15 39 2603 1 160075 28409 1.4 27 19 8 20 56% 295 1599730 302 114%
c B 76.47 208 27 15 39 2604 1 165611 33331 1.4 27 19 8 20 57% 295 1599730 302 114%
c - 76.54 208 27 15 40 2604 1 166320 28617 1.4 27 19 8 20 57% 295 1599730 302 114%
c u 77.08 221 27 15 40 2604 1 168220 30154 1.4 27 19 8 20 57% 295 1599730 302 114%
c v 77.34 222 27 15 40 2604 1 168220 30134 1.4 27 19 8 20 57% 295 1599730 302 114%
c w 77.44 222 27 15 40 2604 1 168220 30131 1.4 27 19 8 20 57% 295 1599730 302 114%
c x 77.65 223 27 15 40 2604 1 168220 30131 1.4 27 19 8 20 57% 295 1599502 302 114%
c ] 77.97 183 27 16 40 2604 1 169445 31146 1.4 27 19 8 20 57% 295 1599502 302 114%
c { 77.97 183 16 16 40 2604 2 169445 31146 1.7 14 8 6 9 42% 295 1599502 302 114%
c - 79.75 202 16 16 41 2734 2 172648 28409 1.7 13 8 6 9 41% 295 1599502 302 114%
c - 81.31 207 15 16 42 3024 2 179051 30103 1.6 13 8 6 9 41% 295 1599502 302 114%
c - 82.91 188 15 16 43 3232 2 185534 26675 1.6 13 8 5 9 42% 296 1599502 302 114%
c } 83.67 210 15 17 43 3427 2 187782 28500 1.6 13 8 5 9 41% 296 1599502 302 114%
c
c seconds    switched    rate          size/glue  tier1    binary         remaining
c         MB   reductions  conflicts         size   tier2      irredundant
c          level    restarts      redundant     glue    trail         variables
c
c [ 83.67 210 27 17 43 3427 1 187782 28500 1.4 27 19 8 20 57% 296 1599502 302 114%
c - 84.46 212 27 17 44 3430 1 192092 27118 1.4 26 18 8 20 57% 296 1599502 302 114%
c W 86.04 202 26 17 44 3433 1 197062 31494 1.4 26 18 8 20 57% 296 1599502 302 114%
c o 86.07 202 26 17 44 3433 1 197062 31494 1.4 26 18 8 20 57% 296 1599502 302 114%
c - 86.17 202 27 17 45 3433 1 198726 28411 1.5 26 18 8 20 57% 296 1599502 302 114%
c s 86.84 215 27 17 45 3433 1 199671 29307 1.5 26 18 8 20 57% 296 1599373 302 114%
c e 86.98 215 27 17 45 3433 1 199671 29307 1.5 26 18 8 20 57% 247 1599578 276 104%
c ^ 87.62 215 27 17 45 3433 1 199671 29307 1.5 26 18 8 20 57% 247 1599578 276 104%
c - 88.75 219 27 17 46 3438 1 205434 25049 1.5 27 18 8 20 58% 247 1599578 276 104%
c u 90.10 204 27 17 46 3440 1 208508 27526 1.5 27 18 8 20 58% 247 1599578 276 104%
c v 90.58 204 27 17 46 3440 1 208508 27467 1.5 27 18 8 20 58% 247 1599578 276 104%
c w 90.74 207 27 17 46 3440 1 208508 27454 1.5 27 18 8 20 58% 247 1599578 276 104%
c x 91.18 212 27 17 46 3440 1 208508 27454 1.5 27 18 8 20 58% 247 1599292 276 104%
c f 92.61 128 27 17 46 3440 1 208508 27454 1.5 27 18 8 20 58% 251 1599252 278 105%
c u 93.16 213 27 17 46 3440 1 208508 27356 1.5 27 18 8 20 58% 251 1599252 278 105%
c v 93.49 215 27 17 46 3440 1 208508 27263 1.5 27 18 8 20 58% 251 1599252 278 105%
c w 93.64 215 27 17 46 3440 1 208508 27240 1.5 27 18 8 20 58% 251 1599252 278 105%
c x 94.13 215 27 17 46 3440 1 208508 27240 1.5 27 18 8 20 58% 251 1598797 278 105%
c - 94.81 215 27 17 47 3440 1 212218 23492 1.4 27 18 8 20 58% 251 1598797 278 105%
c ] 94.94 216 27 18 47 3441 1 213536 24584 1.4 27 18 8 20 58% 251 1598797 278 105%
c
c seconds    switched    rate          size/glue tier1   binary         remaining
c         MB   reductions  conflicts         size  tier2     irredundant
c          level    restarts      redundant    glue   trail         variables
c
c { 94.94 216 15 18 47 3441 2 213536 24584 1.6 13 8 5 9 41% 251 1598797 278 105%
c - 108.13 195 16 18 48 4558 2 219074 25756 1.6 13 8 5 9 44% 251 1598797 278 105%
c caught signal 15 (SIGTERM)
c
c ---- [ profiling ] ---------------------------------------------------------
c
c          87.94   73.30 %  search
c          59.22   49.37 %  focused
c          28.72   23.94 %  stable
c          28.29   23.59 %  simplify
c          24.75   20.63 %  probe
c          14.51   12.10 %  vivify
c           5.36    4.47 %  eliminate
c           4.13    3.44 %  subsume
c           3.58    2.98 %  factor
c           3.29    2.74 %  substitute
c           2.76    2.30 %  preprocess
c           2.74    2.28 %  sweep
c           0.95    0.79 %  walking
c           0.53    0.44 %  congruence
c           0.52    0.43 %  lucky
c           0.48    0.40 %  reduce
c           0.46    0.38 %  parse
c           0.10    0.08 %  transitive
c           0.00    0.00 %  backbone
c =============================================
c         119.96  100.00 %  total
c
c ---- [ statistics ] --------------------------------------------------------
c
c conflicts:                           224753             1873.49 per second
c decisions:                           375714                1.67 per conflict
c eliminated:                             160               60 %  variables
c factored:                               172               65 %  variables
c propagations:                       8831625            73618    per second
c reductions:                              48             4682    interval
c reordered:                                6            37459    interval
c rephased:                                14            16054    interval
c restarts:                              5590               40    interval
c subsumed:                               879                0 %  checks
c switched:                                18            12486    interval
c vivified:                              4954               25 %  checks
c walks:                                    5            44951    interval
c
c ---- [ glue usage ] --------------------------------------------------------
c
c focused glue 5 used 33045 clauses 18.60% accumulated 53.47% tier1
c focused glue 6 used 26829 clauses 15.10% accumulated 68.56%
c focused glue 7 used 19050 clauses 10.72% accumulated 79.28%
c focused glue 8 used 13307 clauses  7.49% accumulated 86.77%
c focused glue 9 used  8641 clauses  4.86% accumulated 91.64% tier2
c
c stable glue 8     used  45350 clauses  6.98% accumulated 50.84% tier1
c stable glue 9     used  35956 clauses  5.53% accumulated 56.37%
c stable glue 10-18 used 196676 clauses 30.26% accumulated 86.63%
c stable glue 19    used  11872 clauses  1.83% accumulated 88.45%
c stable glue 20    used  10389 clauses  1.60% accumulated 90.05% tier2
c
c ---- [ resources ] ---------------------------------------------------------
c
c maximum-resident-set-size:        309665792 bytes        295 MB
c process-time:                             2m             119.96 seconds
c raising signal 15 (SIGTERM)
