c ---- [ banner ] ------------------------------------------------------------
c
c Kissat SAT Solver
c 
c Copyright (c) 2021-2024 Armin Biere University of Freiburg
c Copyright (c) 2019-2021 Armin Biere Johannes Kepler University Linz
c 
c Version 4.0.4 8af8e56f174b778aef3aa45af9f739b2a5f492c2
c gcc (Ubuntu 13.3.0-6ubuntu2~24.04.1) 13.3.0 -W -Wall -O3 -DNDEBUG
c Wed Apr 15 20:10:47 EEST 2026 Linux cluster-4 6.17.0-14-generic x86_64
c
c ---- [ parsing ] -----------------------------------------------------------
c
c opened and reading DIMACS file:
c
c   tmp.cnf
c
c parsed 'p cnf 253 1597235' header
c closing input after reading 38034407 bytes (36 MB)
c finished parsing after 0.34 seconds
c
c ---- [ solving ] -----------------------------------------------------------
c
c seconds  switched rate     size/glue tier1 binary         remaining
c         MB reductions conflicts size  tier2    irredundant
c          level restarts redundant glue  trail         variables
c
c *  0.34 109 0 0 0  0 0   0   0 0.0 0 0 0 0 0%   0 1597235 238 100%
c (  0.52 169 0 0 0  0 0   0   0 0.0 0 0 0 0 0%   0 1597235 238 100%
c .  0.52 169 0 0 0  0 0   0   0 0.0 0 0 0 0 0%   0 1597235 238 100%
c )  0.84 169 0 0 0  0 0   0   0 0.0 0 0 0 0 0%   0 1597235 238 100%
c {  0.89 171 0 0 0  0 0   0   0 0.0 0 0 2 6 0%   0 1597235 238 100%
c -  1.61 154 18 0 1 62 2 1000 548 1.7 14 8 6 11 31%   0 1597235 238 100%
c }  1.61 154 18 1 1 62 2 1000 548 1.7 14 8 6 11 31%   0 1597235 238 100%
c [  1.61 154 0 1 1 62 0 1000 548 0.0 0 0 2 6 0%   0 1597235 238 100%
c B  1.63 156 82 1 1 62 71 1001 549 1.1 14 13 2 6 66%   0 1597235 238 100%
c -  1.95 168 30 1 2 62 1 2003 1257 1.6 16 10 7 13 40%   0 1597235 238 100%
c W  2.09 159 30 1 2 62 1 2003 1257 1.6 16 10 7 13 40%   0 1597235 238 100%
c u  2.48 166 22 1 2 63 1 3156 2061 1.5 15 10 7 13 33%   0 1597235 238 100%
c v  2.56 168 22 1 2 63 1 3156 2059 1.5 15 10 7 13 33%   0 1597235 238 100%
c w  2.62 168 22 1 2 63 1 3156 2059 1.5 15 10 7 13 33%   0 1597235 238 100%
c x  2.71 174 22 1 2 63 1 3156 2059 1.5 15 10 7 13 33%   0 1597233 238 100%
c -  2.88 174 22 1 3 64 1 3419 2047 1.5 15 10 7 13 32%   0 1597233 238 100%
c ]  2.93 174 21 2 3 64 1 3803 2337 1.5 15 10 7 13 32%   0 1597233 238 100%
c {  2.93 174 18 2 3 64 2 3803 2337 1.7 14 8 6 11 31%   0 1597233 238 100%
c }  3.10 174 17 3 3 197 2 4804 3034 1.5 14 9 6 11 28%   0 1597233 238 100%
c [  3.10 174 21 3 3 197 1 4804 3034 1.5 15 10 7 13 32%   0 1597233 238 100%
c
c seconds   switched  rate       size/glue  tier1    binary         remaining
c         MB reductions conflicts      size   tier2      irredundant
c          level restarts   redundant     glue    trail         variables
c
c I  3.10 174 21 3 3 197 1 4804 3034 1.5 15 10 7 13 32%   0 1597233 238 100%
c -  3.21 175 20 3 4 197 1 5152 2839 1.5 15 10 6 13 31%   0 1597233 238 100%
c ]  3.31 175 20 4 4 197 1 5352 2981 1.5 15 10 6 13 31%   0 1597233 238 100%
c {  3.31 175 17 4 4 197 2 5352 2981 1.5 14 9 6 11 28%   0 1597233 238 100%
c -  3.76 178 14 4 5 241 2 7155 3683 1.5 12 8 5 10 25%   0 1597233 238 100%
c }  3.94 178 14 5 5 241 2 7705 4060 1.5 12 8 5 10 25%   0 1597233 238 100%
c [  3.94 178 20 5 5 241 1 7705 4060 1.5 15 10 6 13 31%   0 1597233 238 100%
c B  4.09 179 20 5 5 241 1 8576 4651 1.4 15 10 6 12 30%   1 1597233 238 100%
c -  4.62 182 20 5 6 242 1 9391 4518 1.5 15 10 6 12 33%   1 1597233 238 100%
c u  4.99 148 20 5 6 242 1 9713 4206 1.5 15 10 6 12 34%   1 1597233 238 100%
c v  5.11 157 20 5 6 242 1 9713 3783 1.5 15 10 6 12 34%   1 1597233 238 100%
c w  5.18 157 20 5 6 242 1 9713 3631 1.5 15 10 6 12 34%   1 1597233 238 100%
c ]  5.46 183 20 6 6 242 1 9713 3631 1.5 15 10 6 12 34%   1 1597233 238 100%
c {  5.46 183 14 6 6 242 2 9713 3631 1.5 12 8 5 10 25%   1 1597233 238 100%
c -  5.82 185 13 6 7 245 2 11840 4472 1.6 12 8 5 9 27%   1 1597233 238 100%
c o  6.20 188 13 6 7 252 1 13103 5522 1.7 12 7 5 9 31%   1 1597233 238 100%
c }  6.83 190 13 7 7 277 1 13783 6045 1.6 12 7 5 9 31%   1 1597233 238 100%
c [  6.83 190 20 7 7 277 1 13783 6045 1.5 15 10 6 12 34%   1 1597233 238 100%
c W  7.08 162 20 7 7 277 1 14111 6288 1.5 15 10 6 12 33%   1 1597233 238 100%
c -  7.16 162 21 7 8 277 1 14486 5652 1.5 15 10 6 13 34%   1 1597233 238 100%
c
c seconds   switched  rate        size/glue  tier1    binary         remaining
c         MB reductions conflicts       size   tier2      irredundant
c          level restarts    redundant     glue    trail         variables
c
c s  7.54 176 23 7 8 278 1 15759 6647 1.5 17 11 6 13 37%   1 1597154 238 100%
c e  7.68 176 23 7 8 278 1 15759 6647 1.5 17 11 6 13 37%   1 1039328 151 63%
c ^  7.89 178 23 7 8 278 1 15759 6647 1.5 17 11 6 13 37%   1 1039328 151 63%
c -  8.23 139 24 7 9 279 1 17315 6465 1.6 18 12 7 15 42%   1 1039328 151 63%
c u  8.70 144 25 7 9 281 1 19893 8505 1.6 20 13 7 15 46%   1 1039328 151 63%
c v  8.79 144 25 7 9 281 1 19893 8486 1.6 20 13 7 15 46%   1 1039328 151 63%
c w  8.84 144 25 7 9 281 1 19893 8486 1.6 20 13 7 15 46%   1 1039328 151 63%
c -  9.10 147 25 7 10 281 1 20320 6982 1.6 21 13 6 16 47%   1 1039328 151 63%
c O  9.24 147 25 7 10 282 1 21642 7988 1.6 21 13 6 16 48%   1 1039328 151 63%
c ]  9.26 148 25 8 10 282 1 21672 8017 1.6 21 13 6 16 48%   1 1039328 151 63%
c {  9.26 148 13 8 10 282 1 21672 8017 1.6 12 7 5 9 31%   1 1039328 151 63%
c -  9.90 156 14 8 11 472 2 23482 7876 1.7 13 7 5 9 34%   1 1039328 151 63%
c o  9.93 156 14 8 11 476 2 23583 7953 1.7 13 7 5 9 34%   1 1039328 151 63%
c - 11.62 159 15 8 12 819 2 26803 9188 1.8 14 7 5 9 39%   1 1039328 151 63%
c } 12.11 144 16 9 12 935 2 27835 10045 1.8 14 7 5 9 40%   1 1039328 151 63%
c [ 12.11 144 25 9 12 935 1 27835 10045 1.6 21 13 6 16 48%   1 1039328 151 63%
c - 12.55 149 27 9 13 937 1 30268 10205 1.6 22 13 7 17 50%   1 1039328 151 63%
c s 12.75 149 27 9 13 937 1 30587 10470 1.6 22 13 7 17 51%   1 1039291 151 63%
c ^ 13.01 159 27 9 13 937 1 30587 10470 1.6 22 13 7 17 51%   1 1039291 151 63%
c B 13.10 159 27 9 13 937 1 31404 11169 1.6 22 14 7 17 51%   1 1039291 151 63%
c
c seconds   switched   rate         size/glue  tier1    binary         remaining
c         MB  reductions conflicts        size   tier2      irredundant
c          level  restarts     redundant     glue    trail         variables
c
c u 13.59 160 28 9 13 938 1 33091 12539 1.6 23 14 7 18 53%   1 1039291 151 63%
c v 13.77 160 28 9 13 938 1 33091 12510 1.6 23 14 7 18 53%   1 1039291 151 63%
c w 13.85 160 28 9 13 938 1 33091 12510 1.6 23 14 7 18 53%   1 1039291 151 63%
c - 14.03 160 28 9 14 939 1 33873 10507 1.6 23 15 7 18 53%   1 1039291 151 63%
c - 14.42 160 29 9 15 941 1 37614 10608 1.6 24 16 7 20 55%   1 1039291 151 63%
c - 14.77 160 29 9 16 942 1 41488 10853 1.6 25 16 7 20 56%   1 1039291 151 63%
c W 15.07 136 29 9 16 944 1 43628 12687 1.6 26 16 7 20 57%   1 1039291 151 63%
c o 15.09 136 29 9 16 944 1 43628 12687 1.6 26 16 7 20 57%   1 1039291 151 63%
c - 15.24 137 30 9 17 944 1 45491 11690 1.6 26 17 7 21 57%   1 1039291 151 63%
c ] 15.36 137 30 10 17 945 1 46607 12595 1.6 26 17 7 21 57%   1 1039291 151 63%
c { 15.36 137 16 10 17 945 2 46607 12595 1.8 14 7 5 9 40%   1 1039291 151 63%
c - 16.59 147 16 10 18 1252 2 49614 12941 1.8 14 8 5 9 41%   1 1039291 151 63%
c u 17.10 139 16 10 18 1289 2 50082 13301 1.8 14 8 5 9 41%   1 1039291 151 63%
c v 17.27 143 16 10 18 1289 2 50082 13256 1.8 14 8 5 9 41%   1 1039291 151 63%
c w 17.34 144 16 10 18 1289 2 50082 13255 1.8 14 8 5 9 41%   1 1039291 151 63%
c - 17.91 152 15 10 19 1528 2 53856 14036 1.8 14 8 5 9 40%   1 1039291 151 63%
c } 18.01 153 15 11 19 1562 2 55235 15004 1.8 13 8 5 9 40%   1 1039291 151 63%
c [ 18.01 153 30 11 19 1562 1 55235 15004 1.6 26 17 7 21 57%   1 1039291 151 63%
c - 18.28 154 30 11 20 1564 1 58216 14442 1.6 26 17 7 21 58%   2 1039290 151 63%
c I 18.31 154 30 11 20 1564 1 58534 14683 1.6 26 17 7 21 58%   2 1039290 151 63%
c
c seconds    switched    rate         size/glue  tier1    binary         remaining
c         MB   reductions  conflicts        size   tier2      irredundant
c          level    restarts     redundant     glue    trail         variables
c
c - 18.59 154 29 11 21 1567 1 62688 15513 1.6 26 17 7 20 58%   2 1039290 151 63%
c s 18.77 154 29 11 21 1567 1 62729 15543 1.6 26 17 7 20 58%   2 1039231 151 63%
c ^ 19.05 154 29 11 21 1567 1 62729 15543 1.6 26 17 7 20 58%   2 1039231 151 63%
c - 19.33 154 28 11 22 1568 1 67271 16685 1.5 26 17 7 20 57%   2 1039231 151 63%
c u 19.71 156 28 11 22 1571 1 70987 19368 1.5 26 17 7 20 57%   2 1039231 151 63%
c v 19.82 156 28 11 22 1571 1 70987 19357 1.5 26 17 7 20 57%   2 1039231 151 63%
c w 19.88 156 28 11 22 1571 1 70987 19357 1.5 26 17 7 20 57%   2 1039231 151 63%
c - 20.12 156 28 11 23 1571 1 71962 17175 1.5 26 17 7 20 57%   2 1039231 151 63%
c ] 20.47 160 29 12 23 1574 1 75832 20195 1.5 26 17 7 20 58%   2 1039231 151 63%
c { 20.47 160 15 12 23 1574 2 75832 20195 1.8 13 8 5 9 40%   2 1039231 151 63%
c o 20.49 160 15 12 23 1577 2 75848 20208 1.8 13 8 5 9 40%   2 1039231 151 63%
c - 20.88 160 15 12 24 1703 2 76760 17438 1.7 13 8 5 9 40%   2 1039231 151 63%
c - 22.50 162 15 12 25 2091 2 81660 18074 1.7 13 8 5 9 40%   2 1039231 151 63%
c - 23.74 145 15 12 26 2406 2 86662 19150 1.7 13 8 5 9 40%   2 1039231 151 63%
c } 23.97 151 15 13 26 2442 2 87313 19653 1.7 13 8 5 9 40%   2 1039231 151 63%
c [ 23.97 151 29 13 26 2442 1 87313 19653 1.5 26 17 7 20 58%   2 1039231 151 63%
c B 23.97 151 29 13 26 2442 1 87313 19653 1.5 26 17 7 20 58%   2 1039231 151 63%
c - 24.47 152 29 13 27 2445 1 91766 19671 1.5 26 18 7 20 58%   2 1039231 151 63%
c u 25.28 158 29 13 27 2448 1 95958 22569 1.5 26 17 7 20 58%   2 1039231 151 63%
c v 25.60 160 29 13 27 2448 1 95958 22173 1.5 26 17 7 20 58%   2 1039231 151 63%
c
c seconds    switched    rate         size/glue  tier1    binary         remaining
c         MB   reductions  conflicts        size   tier2      irredundant
c          level    restarts     redundant     glue    trail         variables
c
c w 25.71 160 29 13 27 2448 1 95958 22171 1.5 26 17 7 20 58%   2 1039231 151 63%
c - 25.91 160 29 13 28 2448 1 96962 20037 1.5 26 17 7 20 57%   2 1039231 151 63%
c - 26.47 162 28 13 29 2451 1 102253 21268 1.4 25 17 7 20 56%   2 1039231 151 63%
c - 26.99 162 27 13 30 2454 1 107638 21509 1.4 25 17 7 19 54%   2 1039231 151 63%
c W 27.16 136 27 13 30 2454 1 108225 21908 1.4 25 17 7 19 54%   2 1039231 151 63%
c ] 27.52 139 27 14 30 2455 1 110543 23687 1.4 25 17 7 19 55%   2 1039231 151 63%
c { 27.52 139 15 14 30 2455 2 110543 23687 1.7 13 8 5 9 40%   2 1039231 151 63%
c - 28.49 144 15 14 31 2753 2 113115 22591 1.7 14 8 5 9 41%   2 1039231 151 63%
c s 29.28 152 16 14 31 2822 2 114501 23753 1.8 14 8 5 9 41%   2 1039170 151 63%
c ^ 29.74 152 16 14 31 2822 2 114501 23753 1.8 14 8 5 9 41%   2 1039170 151 63%
c o 30.47 154 16 14 31 2958 2 117143 25930 1.8 14 8 5 9 42%   2 1039170 151 63%
c - 31.22 154 16 14 32 3125 2 118684 23678 1.8 14 8 5 9 42%   2 1039170 151 63%
c - 33.03 140 16 14 33 3500 2 124341 24676 1.8 14 8 5 9 42%   2 1039170 151 63%
c u 33.65 145 16 14 33 3546 2 125138 24962 1.8 14 8 5 9 42%   2 1039170 151 63%
c v 34.06 147 16 14 33 3546 2 125138 24867 1.8 14 8 5 9 42%   2 1039170 151 63%
c w 34.18 148 16 14 33 3546 2 125138 24859 1.8 14 8 5 9 42%   2 1039170 151 63%
c } 34.35 148 16 15 33 3559 2 125259 24968 1.8 14 8 5 9 42%   2 1039170 151 63%
c [ 34.35 148 27 15 33 3559 1 125259 24968 1.4 25 17 7 19 55%   2 1039170 151 63%
c - 35.09 149 26 15 34 3562 1 130085 25576 1.4 24 16 7 19 54%   2 1039170 151 63%
c O 35.28 149 25 15 34 3564 1 132450 27413 1.4 23 16 7 19 53%   2 1039170 151 63%
c
c seconds    switched    rate          size/glue  tier1    binary         remaining
c         MB   reductions  conflicts         size   tier2      irredundant
c          level    restarts      redundant     glue    trail         variables
c
c - 35.59 149 25 15 35 3565 1 135915 26853 1.5 23 16 7 19 53%   2 1039170 151 63%
c - 36.03 149 25 15 36 3568 1 141834 27435 1.5 23 16 7 19 53%   2 1039170 151 63%
c - 36.59 149 26 15 37 3572 1 147835 26438 1.4 24 16 7 19 53%   2 1039170 151 63%
c - 37.17 149 26 15 38 3573 1 153917 24413 1.4 24 17 7 19 54%   2 1039170 151 63%
c u 38.18 146 27 15 38 3573 1 158615 28136 1.4 24 17 7 19 54%   2 1039170 151 63%
c v 38.46 151 27 15 38 3573 1 158615 27950 1.4 24 17 7 19 54%   2 1039170 151 63%
c w 38.57 151 27 15 38 3573 1 158615 27946 1.4 24 17 7 19 54%   2 1039170 151 63%
c - 38.98 162 27 15 39 3574 1 160085 24346 1.4 24 17 7 20 54%   2 1039170 151 63%
c B 39.00 162 27 15 39 3574 1 160191 24420 1.4 24 17 7 20 54%   2 1039170 151 63%
c ] 39.39 162 27 16 39 3576 1 162392 26081 1.4 24 17 7 20 54%   2 1039170 151 63%
c { 39.39 162 16 16 39 3576 2 162392 26081 1.8 14 8 5 9 42%   2 1039170 151 63%
c - 40.36 165 16 16 40 4063 2 166329 25405 1.7 14 8 5 9 42%   2 1039170 151 63%
c o 40.67 165 16 16 40 4136 2 167194 26162 1.8 14 8 5 9 43%   2 1039170 151 63%
c - 42.50 152 16 16 41 4533 2 172654 27431 1.8 14 8 5 9 43%   2 1039170 151 63%
c - 44.00 161 16 16 42 5073 2 179057 28990 1.8 14 8 5 9 44%   2 1039170 151 63%
c } 44.54 164 16 17 42 5247 2 180729 30253 1.8 14 8 5 9 44%   2 1039170 151 63%
c [ 44.54 164 27 17 42 5247 1 180729 30253 1.4 24 17 7 20 54%   2 1039170 151 63%
c - 45.40 166 27 17 43 5250 1 185538 30177 1.4 24 17 7 20 55%   2 1039170 151 63%
c s 46.14 141 27 17 43 5252 1 188066 32267 1.4 24 17 7 20 55%   2 1038801 151 63%
c ^ 46.70 157 27 17 43 5252 1 188066 32267 1.4 24 17 7 20 55%   2 1038801 151 63%
c
c seconds    switched    rate          size/glue  tier1    binary         remaining
c         MB   reductions  conflicts         size   tier2      irredundant
c          level    restarts      redundant     glue    trail         variables
c
c W 47.23 134 27 17 43 5253 1 191641 35212 1.5 24 17 7 20 55%   2 1038801 151 63%
c - 47.29 136 27 17 44 5253 1 192095 31335 1.5 24 17 7 19 55%   2 1038801 151 63%
c u 48.16 143 27 17 44 5256 1 196511 35054 1.5 25 17 7 19 56%   2 1038801 151 63%
c v 48.51 145 27 17 44 5256 1 196511 35034 1.5 25 17 7 19 56%   2 1038801 151 63%
c w 48.62 145 27 17 44 5256 1 196511 35015 1.5 25 17 7 19 56%   2 1038801 151 63%
c - 49.05 147 27 17 45 5257 1 198729 32096 1.5 25 17 7 19 56%   2 1038801 151 63%
c - 49.56 147 27 17 46 5260 1 205437 31586 1.5 25 17 7 19 56%   2 1038801 151 63%
c - 50.11 147 28 17 47 5261 1 212220 30741 1.5 25 17 7 19 56%   2 1038801 151 63%
c - 50.79 148 29 17 48 5264 1 219075 29995 1.5 26 18 7 20 57%   2 1038801 151 63%
c ] 51.21 148 29 18 48 5268 1 225127 35061 1.5 26 18 7 20 57%   2 1038801 151 63%
c { 51.21 148 16 18 48 5268 2 225127 35061 1.8 14 8 5 9 44%   2 1038801 151 63%
c - 51.55 149 16 18 49 5306 2 226004 30395 1.8 14 8 5 9 44%   2 1038801 151 63%
c o 52.04 149 16 18 49 5370 2 227388 31601 1.8 15 8 5 9 44%   2 1038801 151 63%
c - 53.56 152 16 18 50 5647 2 233004 31769 1.9 15 8 5 9 45%   2 1038801 151 63%
c u 55.85 147 17 18 50 6001 2 238941 36919 2.0 16 8 5 9 46%   2 1038801 151 63%
c v 56.16 147 17 18 50 6001 2 238941 36906 2.0 16 8 5 9 46%   2 1038801 151 63%
c w 56.28 147 17 18 50 6001 2 238941 36906 2.0 16 8 5 9 46%   2 1038801 151 63%
c - 56.66 149 17 18 51 6032 2 240076 28436 2.0 16 8 4 9 47%   2 1038801 151 63%
c - 59.07 150 17 18 52 6564 2 247217 28297 2.1 16 8 4 9 48%   2 1038801 151 63%
c } 59.11 150 17 19 52 6564 2 247472 28515 2.1 16 8 4 9 48%   2 1038801 151 63%
c
c seconds    switched    rate          size/glue  tier1    binary         remaining
c         MB   reductions  conflicts         size   tier2      irredundant
c          level    restarts      redundant     glue    trail         variables
c
c [ 59.11 150 29 19 52 6564 1 247472 28515 1.5 26 18 7 20 57%   2 1038801 151 63%
c I 59.11 150 29 19 52 6564 1 247472 28515 1.5 26 18 7 20 57%   2 1038801 151 63%
c - 59.93 150 28 19 53 6569 1 254428 27786 1.5 26 18 7 20 56%   2 1038801 151 63%
c - 60.39 150 28 19 54 6572 1 261709 27076 1.5 26 17 7 19 56%   2 1038801 151 63%
c - 60.93 150 27 19 55 6577 1 269058 27812 1.5 26 17 7 19 56%   2 1038801 151 63%
c - 61.39 150 27 19 56 6578 1 276474 28340 1.5 25 17 7 19 56%   2 1038801 151 63%
c - 61.78 150 26 19 57 6581 1 283958 27822 1.5 25 17 7 19 55%   2 1038801 151 63%
c s 62.34 154 26 19 57 6581 1 285436 28889 1.5 25 17 7 19 55%   2 1038677 151 63%
c ! 62.94 159 26 19 57 6581 1 285436 28889 1.5 25 17 7 19 55%   2 1038677 151 63%
c u 63.34 139 26 19 57 6582 1 285967 29292 1.5 25 17 7 19 55%   2 1038677 151 63%
c v 63.57 141 26 19 57 6582 1 285967 29173 1.5 25 17 7 19 55%   2 1038677 151 63%
c w 63.68 141 26 19 57 6582 1 285967 29155 1.5 25 17 7 19 55%   2 1038677 151 63%
c B 63.86 141 26 19 57 6583 1 286912 29946 1.5 25 17 7 19 54%   2 1038677 151 63%
c - 64.22 143 26 19 58 6585 1 291509 27136 1.5 25 17 7 19 54%   2 1038677 151 63%
c - 64.81 144 26 19 59 6589 1 299127 25728 1.4 25 17 7 19 53%   2 1038677 151 63%
c - 65.40 144 26 19 60 6592 1 306810 24234 1.4 25 17 7 19 54%   2 1038677 151 63%
c - 65.85 144 27 19 61 6593 1 314555 23523 1.4 25 18 7 19 54%   2 1038677 151 63%
c ] 66.07 144 26 20 61 6594 1 318816 26938 1.4 25 18 7 19 54%   2 1038677 151 63%
c { 66.07 144 17 20 61 6594 2 318816 26938 2.1 16 8 4 9 48%   2 1038677 151 63%
c o 66.10 144 17 20 61 6598 2 318838 26955 2.1 16 8 4 9 48%   2 1038677 151 63%
c
c seconds    switched    rate          size/glue tier1   binary         remaining
c         MB   reductions  conflicts         size  tier2     irredundant
c          level    restarts      redundant    glue   trail         variables
c
c - 67.28 151 17 20 62 6982 2 322365 24966 2.0 16 8 4 9 48%   2 1038677 151 63%
c - 69.15 148 17 20 63 7371 2 330239 26969 2.0 16 8 4 9 46%   3 1038676 151 63%
c u 70.75 152 16 20 63 7607 2 337706 32190 2.0 16 8 4 9 46%   4 1038676 151 63%
c v 71.08 152 16 20 63 7607 2 337706 31984 2.0 16 8 4 9 46%   4 1038676 151 63%
c w 71.21 152 16 20 63 7607 2 337706 31943 2.0 16 8 4 9 46%   4 1038676 151 63%
c - 71.53 155 16 20 64 7659 2 338177 26995 2.0 16 8 4 9 46%   4 1038676 151 63%
c } 74.03 148 16 21 64 8281 2 345555 32832 1.9 15 8 4 9 45%   4 1038676 151 63%
c [ 74.03 148 26 21 64 8281 1 345555 32832 1.4 25 18 7 19 54%   4 1038676 151 63%
c W 74.17 137 26 21 64 8281 1 345555 32832 1.4 25 18 7 19 54%   4 1038676 151 63%
c - 74.25 138 27 21 65 8281 1 346177 28120 1.4 25 18 7 19 54%   4 1038676 151 63%
c - 75.04 139 27 21 66 8287 1 354241 26399 1.4 26 18 7 20 54%   4 1038676 151 63%
c - 75.87 140 28 21 67 8290 1 362367 24391 1.4 26 19 8 20 54%   4 1038676 151 63%
c - 76.77 141 28 21 68 8294 1 370554 25222 1.4 27 19 8 20 55%   4 1038676 151 63%
c - 77.50 141 28 21 69 8295 1 378800 26244 1.4 27 19 8 20 54%   4 1038676 151 63%
c - 78.33 142 28 21 70 8301 1 387106 26870 1.4 27 19 8 20 55%   4 1038676 151 63%
c O 78.82 142 28 21 70 8303 1 393716 32187 1.4 27 19 8 20 55%   4 1038676 151 63%
c u 79.42 143 28 21 70 8304 1 394219 32364 1.4 27 19 8 20 55%   4 1038676 151 63%
c v 79.88 150 28 21 70 8304 1 394219 32329 1.4 27 19 8 20 55%   4 1038676 151 63%
c w 80.03 151 28 21 70 8304 1 394219 32317 1.4 27 19 8 20 55%   4 1038676 151 63%
c - 80.48 174 28 21 71 8305 1 395474 26006 1.4 27 19 8 20 55%   4 1038676 151 63%
c
c seconds    switched    rate          size/glue  tier1    binary         remaining
c         MB   reductions  conflicts         size   tier2      irredundant
c          level    restarts      redundant     glue    trail         variables
c
c - 81.36 174 28 21 72 8309 1 403900 25994 1.4 27 20 8 20 55%   4 1038676 151 63%
c ] 81.41 174 28 22 72 8309 1 404391 26433 1.4 27 20 8 20 55%   4 1038676 151 63%
c { 81.41 174 16 22 72 8309 2 404391 26433 1.9 15 8 4 9 45%   4 1038676 151 63%
c o 81.43 174 16 22 72 8310 2 404410 26452 1.9 15 8 4 9 45%   4 1038676 151 63%
c s 83.88 150 16 22 72 8310 2 408452 29381 1.9 15 8 4 9 45%   5 1029008 151 63%
c s 84.53 168 16 22 72 8310 2 408452 29381 1.9 15 8 4 9 45%   5 1028897 151 63%
c - 86.07 167 16 22 73 8393 2 412385 27423 1.9 15 8 4 9 45%   5 1028897 151 63%
c - 88.21 174 15 22 74 8536 2 420929 29770 1.9 15 8 4 9 45%   5 1028897 151 63%
c - 90.23 177 14 22 75 8665 2 429531 31182 1.9 14 8 4 9 44%   5 1028897 151 63%
c } 92.48 159 14 23 75 8804 2 435908 35892 1.9 14 8 4 9 44%   6 1028897 151 63%
c [ 92.48 159 28 23 75 8804 1 435908 35892 1.4 27 20 8 20 55%   6 1028897 151 63%
c - 92.89 160 28 23 76 8806 1 438192 32341 1.4 27 19 8 20 55%   6 1028897 151 63%
c B 94.01 163 27 23 76 8810 1 446503 38716 1.4 26 18 8 20 53%   7 1028897 151 63%
c - 94.08 163 27 23 77 8810 1 446911 33165 1.4 26 18 8 20 53%   7 1028897 151 63%
c u 95.70 169 27 23 77 8816 1 455594 40470 1.4 26 19 8 20 54%   7 1028897 151 63%
c v 96.24 171 27 23 77 8816 1 455594 34008 1.4 26 19 8 20 54%   7 1028897 151 63%
c w 96.39 172 27 23 77 8816 1 455594 33773 1.4 26 19 8 20 54%   7 1028897 151 63%
c x 96.65 172 27 23 77 8816 1 455594 33771 1.4 26 19 8 20 54%   7 1028894 151 63%
c - 96.74 172 27 23 78 8816 1 455685 27510 1.4 26 19 8 20 54%   7 1028894 151 63%
c - 97.49 174 28 23 79 8818 1 464518 29748 1.4 26 19 8 20 55%   7 1028894 151 63%
c
c seconds    switched    rate          size/glue  tier1    binary         remaining
c         MB   reductions  conflicts         size   tier2      irredundant
c          level    restarts      redundant     glue    trail         variables
c
c - 98.20 174 27 23 80 8821 1 473406 30823 1.4 26 19 8 20 54%   7 1028894 151 63%
c - 98.79 174 27 23 81 8825 1 482351 31749 1.4 26 19 8 20 54%   7 1028894 151 63%
c - 99.33 174 27 23 82 8832 1 491351 31758 1.4 26 19 8 20 53%   7 1028894 151 63%
c - 100.33 174 27 23 83 8833 1 500407 31561 1.4 26 19 8 20 53%   7 1028894 151 63%
c W 100.75 167 27 23 83 8834 1 504088 34452 1.4 26 19 8 20 53%   7 1028894 151 63%
c o 100.76 167 27 23 83 8834 1 504088 34452 1.4 26 19 8 20 53%   7 1028894 151 63%
c - 101.02 168 27 23 84 8834 1 509518 31734 1.4 27 19 8 20 54%   7 1028894 151 63%
c - 101.58 168 28 23 85 8834 1 518684 29691 1.4 27 19 8 20 54%   7 1028894 151 63%
c u 102.10 169 28 23 85 8835 1 521807 31940 1.4 27 19 8 20 54%   7 1028894 151 63%
c v 102.39 170 28 23 85 8835 1 521807 31883 1.4 27 19 8 20 54%   7 1028894 151 63%
c w 102.50 172 28 23 85 8835 1 521807 31818 1.4 27 19 8 20 54%   7 1028894 151 63%
c - 102.87 172 28 23 86 8840 1 527905 28245 1.4 27 19 8 20 54%   7 1028894 151 63%
c ] 103.07 172 28 24 86 8841 1 532734 31520 1.4 27 19 8 20 53%   7 1028894 151 63%
c { 103.07 172 14 24 86 8841 2 532734 31520 1.9 14 8 4 9 44%   7 1028894 151 63%
c - 104.09 175 14 24 87 9223 2 537179 29894 1.8 14 8 4 9 44%   7 1028894 151 63%
c - 106.66 165 14 24 88 10057 2 546506 33430 1.8 14 8 4 9 44%   7 1028894 151 63%
c - 109.71 178 15 24 89 11073 2 555886 34957 1.8 14 8 4 9 44%   8 1028893 151 63%
c s 111.42 159 15 24 89 11241 2 558704 37084 1.8 14 8 4 9 44%   8 1023063 151 63%
c s 112.29 169 15 24 89 11241 2 558704 37084 1.8 14 8 4 9 44%   8 1023008 151 63%
c - 113.90 174 15 24 90 11819 2 565319 36227 1.8 14 8 4 9 44%   8 1023008 151 63%
c
c seconds     switched     rate          size/glue tier1   binary         remaining
c          MB   reductions   conflicts         size  tier2     irredundant
c           level    restarts       redundant    glue   trail         variables
c
c } 115.01 176 15 25 90 12064 2 569411 39332 1.8 14 8 4 9 44%   8 1023008 151 63%
c [ 115.01 176 28 25 90 12064 1 569411 39332 1.4 27 19 8 20 53%   8 1023008 151 63%
c I 115.01 176 28 25 90 12064 1 569411 39332 1.4 27 19 8 20 53%   8 1023008 151 63%
c - 115.60 176 28 25 91 12068 1 574805 36498 1.4 27 19 8 20 54%   8 1023008 151 63%
c - 116.89 176 27 25 92 12072 1 584347 36764 1.4 26 19 8 20 54%   8 1023008 151 63%
c u 118.44 177 27 25 92 12077 1 593026 42877 1.4 26 18 8 20 54%   8 1023008 151 63%
c v 119.08 178 27 25 92 12077 1 593026 42698 1.4 26 18 8 20 54%   8 1023008 151 63%
c w 119.30 178 27 25 92 12077 1 593026 42670 1.4 26 18 8 20 54%   8 1023008 151 63%
c - 119.48 178 27 25 93 12077 1 593941 36814 1.4 26 18 8 20 54%   8 1023008 151 63%
c caught signal 15 (SIGTERM)
c
c ---- [ profiling ] ---------------------------------------------------------
c
c          95.24   79.39 %  search
c          55.26   46.06 %  focused
c          39.98   33.32 %  stable
c          23.83   19.87 %  simplify
c          15.86   13.22 %  probe
c          12.40   10.33 %  vivify
c           7.46    6.22 %  eliminate
c           6.37    5.31 %  subsume
c           2.29    1.91 %  substitute
c           0.83    0.69 %  walking
c           0.71    0.59 %  sweep
c           0.57    0.48 %  reduce
c           0.36    0.30 %  congruence
c           0.34    0.28 %  parse
c           0.32    0.27 %  preprocess
c           0.23    0.20 %  lucky
c           0.07    0.06 %  transitive
c           0.04    0.03 %  factor
c           0.00    0.00 %  backbone
c =============================================
c         119.96  100.00 %  total
c
c ---- [ statistics ] --------------------------------------------------------
c
c conflicts:                           599000             4993.08 per second
c decisions:                           828479                1.38 per conflict
c eliminated:                              87               37 %  variables
c propagations:                      10912682            90965    per second
c reductions:                              93             6441    interval
c reordered:                               10            59900    interval
c rephased:                                21            28524    interval
c restarts:                             12078               50    interval
c subsumed:                             16393                0 %  checks
c switched:                                25            23960    interval
c vivified:                             17703               33 %  checks
c walks:                                    7            85571    interval
c
c ---- [ glue usage ] --------------------------------------------------------
c
c focused glue 4   used 78834 clauses 15.78% accumulated 54.28% tier1
c focused glue 5   used 64245 clauses 12.86% accumulated 67.14%
c focused glue 6-7 used 84711 clauses 16.96% accumulated 84.09%
c focused glue 8   used 26820 clauses  5.37% accumulated 89.46%
c focused glue 9   used 17980 clauses  3.60% accumulated 93.06% tier2
c
c stable glue 8     used 113548 clauses  5.90% accumulated 55.17% tier1
c stable glue 9     used 107851 clauses  5.60% accumulated 60.77%
c stable glue 10-18 used 521533 clauses 27.10% accumulated 87.87%
c stable glue 19    used  31869 clauses  1.66% accumulated 89.52%
c stable glue 20    used  28586 clauses  1.49% accumulated 91.01% tier2
c
c ---- [ resources ] ---------------------------------------------------------
c
c maximum-resident-set-size:        204996608 bytes        196 MB
c process-time:                             2m             119.96 seconds
c raising signal 15 (SIGTERM)
