c ---- [ banner ] ------------------------------------------------------------
c
c Kissat SAT Solver
c 
c Copyright (c) 2021-2024 Armin Biere University of Freiburg
c Copyright (c) 2019-2021 Armin Biere Johannes Kepler University Linz
c 
c Version 4.0.4 8af8e56f174b778aef3aa45af9f739b2a5f492c2
c Apple clang version 17.0.0 (clang-1700.6.3.2) -W -Wall -O3 -DNDEBUG
c Mon Mar 30 18:25:47 CEST 2026 Darwin Mac 24.6.0 arm64
c
c ---- [ parsing ] -----------------------------------------------------------
c
c opened and reading DIMACS file:
c
c   tmp.cnf
c
c parsed 'p cnf 325 723580' header
c closing input after reading 21447289 bytes (20 MB)
c finished parsing after 0.07 seconds
c
c ---- [ solving ] -----------------------------------------------------------
c
c seconds switched rate     size/glue tier1 binary        remaining
c        MB reductions conflicts size  tier2   irredundant
c         level restarts redundant glue  trail        variables
c
c *  0.07 76 0 0 0  0 0   0   0 0.0 0 0 0 0 0%   0 723580 325 100%
c (  0.09 124 0 0 0  0 0   0   0 0.0 0 0 0 0 0%   0 723580 325 100%
c .  0.09 124 0 0 0  0 0   0   0 0.0 0 0 0 0 0%   0 723580 325 100%
c )  0.55 126 0 0 0  0 0   0   0 0.0 0 0 0 0 0%   0 723580 325 100%
c {  0.56 128 0 0 0  0 0   0   0 0.0 0 0 2 6 0%   0 723580 325 100%
c -  0.62 133 22 0 1 22 2 1001 684 1.7 17 10 8 14 36%   0 723580 325 100%
c }  0.62 133 22 1 1 22 2 1001 684 1.7 17 10 8 14 36%   0 723580 325 100%
c [  0.62 133 0 1 1 22 0 1001 684 0.0 0 0 2 6 0%   0 723580 325 100%
c B  0.62 133 0 1 1 22 0 1001 684 0.0 0 0 2 6 0%   0 723580 325 100%
c -  0.65 133 56 1 2 22 2 2002 1572 1.4 25 18 11 27 47%   0 723580 325 100%
c W  0.67 117 56 1 2 22 2 2002 1572 1.4 25 18 11 27 47%   0 723580 325 100%
c ]  0.71 119 43 2 2 23 1 2654 2132 1.4 23 17 11 27 43%   0 723580 325 100%
c {  0.71 119 22 2 2 23 2 2654 2132 1.7 17 10 8 14 36%   0 723580 325 100%
c u  0.75 121 22 2 2 34 2 2833 2305 1.7 17 10 8 14 36%   0 723580 325 100%
c v  0.76 121 22 2 2 34 2 2833 2301 1.7 17 10 8 14 36%   0 723580 325 100%
c w  0.77 121 22 2 2 34 2 2833 2301 1.7 17 10 8 14 36%   0 723580 325 100%
c -  0.86 127 21 2 3 80 2 3420 2679 1.6 16 10 8 14 33%   0 723580 325 100%
c }  0.89 127 20 3 3 80 2 3654 2896 1.7 16 10 8 14 33%   0 723580 325 100%
c [  0.89 127 43 3 3 80 1 3654 2896 1.4 23 17 11 27 43%   0 723580 325 100%
c I  0.92 127 37 3 3 80 1 4262 3481 1.4 22 15 11 27 40%   0 723580 325 100%
c
c seconds   switched rate       size/glue  tier1    binary        remaining
c         MB reductions conflicts     size   tier2     irredundant
c          level restarts  redundant     glue    trail        variables
c
c -  0.97 128 33 3 4 81 1 5152 3816 1.4 21 15 9 21 39%   0 723580 325 100%
c ]  0.99 128 32 4 4 81 1 5445 4065 1.4 21 15 9 21 38%   0 723580 325 100%
c {  0.99 128 20 4 4 81 2 5445 4065 1.7 16 10 8 14 33%   0 723580 325 100%
c -  1.13 129 21 4 5 303 3 7153 5010 1.6 16 10 8 14 32%   0 723580 325 100%
c }  1.16 129 21 5 5 354 3 7797 5595 1.5 16 10 8 14 30%   0 723580 325 100%
c [  1.16 129 32 5 5 354 1 7797 5595 1.4 21 15 9 21 38%   0 723580 325 100%
c B  1.16 129 31 5 5 354 1 8034 5783 1.4 21 14 9 21 37%   0 723580 325 100%
c u  1.25 121 34 5 5 354 1 8726 6445 1.4 22 15 9 21 39%   0 723580 325 100%
c v  1.27 123 34 5 5 354 1 8726 6427 1.4 22 15 9 21 39%   0 723580 325 100%
c w  1.29 124 34 5 5 354 1 8726 6427 1.4 22 15 9 21 39%   0 723580 325 100%
c -  1.35 124 34 5 6 355 1 9390 5993 1.4 22 16 9 23 39%   0 723580 325 100%
c -  1.42 125 33 5 7 356 1 11840 6937 1.4 23 16 9 23 40%   0 723580 325 100%
c W  1.49 123 32 5 7 358 1 13564 8546 1.4 23 16 9 23 40%   0 723580 325 100%
c o  1.50 131 32 5 7 358 1 13564 8546 1.4 23 16 9 23 40%   0 723580 325 100%
c ]  1.50 132 32 6 7 358 1 13564 8546 1.4 23 16 9 23 40%   0 723580 325 100%
c {  1.50 132 21 6 7 358 3 13564 8546 1.5 16 10 8 14 30%   0 723580 325 100%
c e  1.59 143 21 6 7 372 3 14163 9129 1.6 16 10 8 14 32%   0 700616 309 95%
c ^  1.63 145 21 6 7 372 3 14163 9129 1.6 16 10 8 14 32%   0 700616 309 95%
c -  1.65 146 21 6 8 374 3 14485 8098 1.5 16 10 8 14 31%   0 700616 309 95%
c -  1.74 147 19 6 9 385 2 17313 9347 1.6 16 10 8 13 30%   0 700616 309 95%
c
c seconds   switched  rate        size/glue  tier1    binary        remaining
c         MB reductions conflicts       size   tier2     irredundant
c          level restarts    redundant     glue    trail        variables
c
c }  1.74 147 19 7 9 399 2 17633 9615 1.6 16 10 8 13 30%   0 700616 309 95%
c [  1.74 147 32 7 9 399 1 17633 9615 1.4 23 16 9 23 40%   0 700616 309 95%
c u  1.79 148 32 7 9 399 2 17876 9836 1.4 23 16 9 22 40%   0 700616 309 95%
c v  1.81 148 32 7 9 399 2 17876 9828 1.4 23 16 9 22 40%   0 700616 309 95%
c w  1.82 148 32 7 9 399 2 17876 9825 1.4 23 16 9 22 40%   0 700616 309 95%
c -  1.93 152 29 7 10 401 1 20314 10282 1.4 22 16 9 21 36%   0 700616 309 95%
c O  1.95 152 28 7 10 401 1 21092 10905 1.4 22 15 9 21 35%   0 700616 309 95%
c ]  1.99 153 29 8 10 402 1 22044 11810 1.4 22 15 9 21 35%   0 700616 309 95%
c {  1.99 153 19 8 10 402 2 22044 11810 1.6 16 10 8 13 30%   0 700616 309 95%
c -  2.07 154 19 8 11 461 2 23476 11451 1.6 15 10 8 13 29%   0 700616 309 95%
c o  2.10 154 18 8 11 463 2 24151 12056 1.6 15 10 8 13 29%   0 700616 309 95%
c -  2.24 155 19 8 12 617 2 26792 12698 1.6 16 10 8 13 32%   0 700616 309 95%
c }  2.31 156 19 9 12 685 2 28203 13995 1.6 16 10 8 13 32%   0 700616 309 95%
c [  2.31 156 29 9 12 685 1 28203 13995 1.4 22 15 9 21 35%   0 700616 309 95%
c ^  2.39 158 29 9 12 685 1 28271 14061 1.4 22 15 9 21 35%   0 700616 309 95%
c -  2.45 158 29 9 13 686 1 30256 13914 1.4 22 16 9 22 36%   0 700616 309 95%
c u  2.50 158 29 9 13 687 1 30434 14042 1.4 22 16 9 22 36%   0 700616 309 95%
c v  2.53 158 29 9 13 687 1 30434 14022 1.4 22 16 9 22 36%   0 700616 309 95%
c w  2.54 158 29 9 13 687 1 30434 14015 1.4 22 16 9 22 36%   0 700616 309 95%
c B  2.59 158 29 9 13 687 1 30854 14399 1.4 22 16 9 22 36%   0 700616 309 95%
c
c seconds   switched   rate         size/glue  tier1    binary        remaining
c         MB  reductions conflicts        size   tier2     irredundant
c          level  restarts     redundant     glue    trail        variables
c
c -  2.70 159 31 9 14 689 1 33862 15058 1.4 23 16 9 23 37%   0 700616 309 95%
c ]  2.80 159 32 10 14 691 1 37086 17970 1.4 23 17 9 23 36%   0 700616 309 95%
c {  2.80 159 19 10 14 691 2 37086 17970 1.6 16 10 8 13 32%   0 700616 309 95%
c -  2.85 159 19 10 15 788 3 37603 16030 1.6 16 10 8 13 32%   0 700616 309 95%
c -  3.16 160 19 10 16 1232 3 41475 17672 1.6 16 10 8 13 31%   0 700616 309 95%
c o  3.35 165 19 10 16 1468 3 44594 20502 1.6 16 10 8 13 31%   0 700616 309 95%
c -  3.46 165 20 10 17 1627 3 45475 19409 1.6 16 10 8 13 31%   0 700616 309 95%
c }  3.48 165 20 11 17 1646 3 45713 19629 1.6 16 10 8 13 31%   0 700616 309 95%
c [  3.48 165 32 11 17 1646 1 45713 19629 1.4 23 17 9 23 36%   0 700616 309 95%
c W  3.50 208 32 11 17 1646 1 45713 19629 1.4 23 17 9 23 36%   0 700616 309 95%
c u  3.60 203 32 11 17 1646 1 46604 20429 1.4 24 17 9 23 37%   0 700616 309 95%
c v  3.65 206 32 11 17 1646 1 46604 20412 1.4 24 17 9 23 37%   0 700616 309 95%
c w  3.67 207 32 11 17 1646 1 46604 20412 1.4 24 17 9 23 37%   0 700616 309 95%
c -  3.91 214 32 11 18 1648 1 49598 20672 1.4 24 17 9 23 36%   0 700616 309 95%
c -  4.01 216 31 11 19 1651 1 53842 21940 1.4 24 17 9 23 36%   0 700616 309 95%
c -  4.10 217 31 11 20 1653 1 58201 23118 1.4 24 17 9 22 36%   0 700616 309 95%
c ^  4.24 223 30 11 20 1653 1 58858 23675 1.4 24 17 9 22 36%   0 700616 309 95%
c I  4.29 223 30 11 20 1655 1 60617 25278 1.4 24 17 9 22 36%   0 700616 309 95%
c -  4.34 224 30 11 21 1656 1 62674 24323 1.4 23 17 9 22 35%   0 700616 309 95%
c u  4.49 225 29 11 21 1659 1 66498 27615 1.4 23 17 9 22 36%   0 700616 309 95%
c
c seconds    switched    rate         size/glue  tier1    binary        remaining
c         MB   reductions  conflicts        size   tier2     irredundant
c          level    restarts     redundant     glue    trail        variables
c
c v  4.51 226 29 11 21 1659 1 66498 27608 1.4 23 17 9 22 36%   0 700616 309 95%
c w  4.53 226 29 11 21 1659 1 66498 27605 1.4 23 17 9 22 36%   0 700616 309 95%
c -  4.61 229 29 11 22 1659 1 67260 25125 1.4 23 17 9 22 36%   0 700616 309 95%
c ]  4.70 230 29 12 22 1660 1 71604 29006 1.4 24 17 9 22 37%   0 700616 309 95%
c {  4.70 230 20 12 22 1660 3 71604 29006 1.6 16 10 8 13 31%   0 700616 309 95%
c -  4.72 230 20 12 23 1705 3 71950 25614 1.6 16 10 8 13 31%   0 700616 309 95%
c o  4.90 221 20 12 23 1891 3 74704 28216 1.6 16 10 8 13 31%   0 700616 309 95%
c -  5.07 234 20 12 24 2073 3 76746 27190 1.5 16 10 8 13 31%   0 700616 309 95%
c -  5.36 230 20 12 25 2429 3 81645 29102 1.5 16 10 8 13 30%   0 700616 309 95%
c }  5.42 233 20 13 25 2475 3 83083 30426 1.5 15 10 8 13 30%   0 700616 309 95%
c [  5.42 233 29 13 25 2475 1 83083 30426 1.4 24 17 9 22 37%   0 700616 309 95%
c B  5.42 233 29 13 25 2475 1 83083 30426 1.4 24 17 9 22 37%   0 700616 309 95%
c -  5.54 233 30 13 26 2477 1 86648 30306 1.4 24 17 9 23 38%   0 700616 309 95%
c u  5.72 235 31 13 26 2480 1 90260 33455 1.4 24 18 9 23 38%   0 700616 309 95%
c v  5.77 235 31 13 26 2480 1 90260 33376 1.4 24 18 9 23 38%   0 700616 309 95%
c w  5.80 235 31 13 26 2480 1 90260 33374 1.4 24 18 9 23 38%   0 700616 309 95%
c -  5.91 236 31 13 27 2481 1 91748 30980 1.4 24 18 9 23 39%   0 700616 309 95%
c -  6.03 220 31 13 28 2483 1 96945 32519 1.4 25 18 9 23 40%   0 700616 309 95%
c -  6.16 221 31 13 29 2487 1 102237 33366 1.4 25 18 9 23 41%   0 700616 309 95%
c W  6.22 242 31 13 29 2488 1 103995 34953 1.4 26 18 9 23 41%   0 700616 309 95%
c
c seconds    switched    rate          size/glue  tier1    binary        remaining
c         MB   reductions  conflicts         size   tier2     irredundant
c          level    restarts      redundant     glue    trail        variables
c
c ]  6.22 242 31 13 29 2488 1 103995 34953 1.4 26 18 9 23 41%   0 700616 309 95%
c 1  6.22 242 20 13 29 2488 3 103995 34953 1.5 15 10 8 13 30%   0 700616 309 95%
c
c ---- [ result ] ------------------------------------------------------------
c
s SATISFIABLE
v 1 2 3 4 5 6 7 8 -9 -10 -11 -12 -13 -14 -15 -16 -17 -18 -19 -20 -21 22 23 -24
v -25 26 27 28 29 30 31 32 33 -34 -35 -36 -37 -38 -39 -40 -41 -42 -43 -44 -45
v -46 -47 -48 -49 50 51 -52 -53 -54 -55 -56 -57 -58 -59 -60 -61 -62 -63 -64
v -65 -66 -67 -68 69 70 -71 72 73 -74 -75 -76 -77 -78 -79 -80 -81 -82 -83 -84
v -85 -86 -87 -88 -89 -90 91 92 -93 94 95 -96 -97 -98 -99 -100 -101 -102 -103
v -104 -105 -106 -107 -108 -109 -110 -111 112 113 -114 115 116 117 118 119 120
v -121 -122 -123 -124 -125 -126 -127 -128 -129 -130 -131 -132 -133 -134 -135
v 136 137 138 139 140 -141 142 -143 -144 -145 -146 -147 -148 -149 -150 -151
v -152 -153 -154 155 156 157 158 159 -160 161 -162 -163 -164 -165 -166 -167
v -168 -169 -170 -171 -172 173 174 175 -176 177 -178 -179 -180 -181 -182 -183
v -184 -185 -186 -187 -188 -189 190 191 192 193 -194 -195 -196 -197 -198 -199
v -200 -201 -202 -203 -204 -205 206 207 208 209 210 -211 -212 -213 -214 -215
v -216 -217 -218 -219 -220 221 222 223 224 225 -226 -227 -228 -229 -230 -231
v -232 -233 -234 235 236 237 238 239 240 -241 -242 -243 -244 -245 -246 -247
v 248 249 250 251 -252 -253 -254 -255 -256 -257 -258 -259 260 261 262 263 264
v -265 -266 -267 -268 -269 -270 271 272 273 274 275 -276 -277 -278 -279 -280
v 281 282 283 284 285 -286 -287 -288 -289 290 291 292 293 -294 -295 296 -297
v 298 299 300 -301 -302 303 -304 305 306 -307 -308 309 310 311 -312 -313 314
v 315 -316 -317 318 319 320 321 322 323 324 325 0
c
c ---- [ profiling ] ---------------------------------------------------------
c
c           4.25   68.26 %  search
c           2.21   35.45 %  focused
c           2.04   32.81 %  stable
c           1.49   23.88 %  probe
c           1.42   22.75 %  simplify
c           0.58    9.31 %  vivify
c           0.55    8.89 %  factor
c           0.47    7.49 %  preprocess
c           0.31    4.96 %  eliminate
c           0.21    3.44 %  subsume
c           0.17    2.72 %  substitute
c           0.12    1.98 %  sweep
c           0.09    1.39 %  walking
c           0.07    1.10 %  parse
c           0.06    0.95 %  reduce
c           0.05    0.85 %  congruence
c           0.02    0.39 %  lucky
c           0.01    0.12 %  transitive
c           0.00    0.01 %  backbone
c           0.00    0.00 %  extend
c =============================================
c           6.22  100.00 %  total
c
c ---- [ statistics ] --------------------------------------------------------
c
c conflicts:                           103995            16714.29 per second
c decisions:                           204961                1.97 per conflict
c eliminated:                              16                5 %  variables
c propagations:                       3044869           489378    per second
c reductions:                              29             3586    interval
c reordered:                                4            25999    interval
c rephased:                                11             9454    interval
c restarts:                              2488               42    interval
c switched:                                13             8000    interval
c vivified:                               863               32 %  checks
c walks:                                    4            25999    interval
c
c ---- [ glue usage ] --------------------------------------------------------
c
c focused glue 8     used 5278 clauses 11.65% accumulated 57.31% tier1
c focused glue 9     used 4182 clauses  9.23% accumulated 66.54%
c focused glue 10-11 used 6833 clauses 15.08% accumulated 81.62%
c focused glue 12    used 2502 clauses  5.52% accumulated 87.14%
c focused glue 13    used 1914 clauses  4.22% accumulated 91.37% tier2
c
c stable glue 9     used 12867 clauses  5.90% accumulated 52.55% tier1
c stable glue 10    used 10374 clauses  4.76% accumulated 57.30%
c stable glue 11-21 used 64709 clauses 29.68% accumulated 86.98%
c stable glue 22    used  3656 clauses  1.68% accumulated 88.66%
c stable glue 23    used  3489 clauses  1.60% accumulated 90.26% tier2
c
c ---- [ resources ] ---------------------------------------------------------
c
c maximum-resident-set-size:     259493199872 bytes     247472 MB
c process-time:                             6s               6.22 seconds
c
c ---- [ shutting down ] -----------------------------------------------------
c
c exit 10
