c ---- [ banner ] ------------------------------------------------------------
c
c Kissat SAT Solver
c 
c Copyright (c) 2021-2024 Armin Biere University of Freiburg
c Copyright (c) 2019-2021 Armin Biere Johannes Kepler University Linz
c 
c Version 4.0.4 8af8e56f174b778aef3aa45af9f739b2a5f492c2
c Apple clang version 17.0.0 (clang-1700.6.3.2) -W -Wall -O3 -DNDEBUG
c Mon Mar 30 18:25:47 CEST 2026 Darwin Mac 24.6.0 arm64
c
c ---- [ parsing ] -----------------------------------------------------------
c
c opened and reading DIMACS file:
c
c   tmp.cnf
c
c parsed 'p cnf 465 8058636' header
c closing input after reading 287798949 bytes (274 MB)
c finished parsing after 0.83 seconds
c
c ---- [ solving ] -----------------------------------------------------------
c
c seconds  switched rate     size/glue tier1 binary         remaining
c         MB reductions conflicts size  tier2    irredundant
c          level restarts redundant glue  trail         variables
c
c *  0.83 283 0 0 0  0 0   0   0 0.0 0 0 0 0 0%   0 8058636 465 100%
c (  1.13 813 0 0 0  0 0   0   0 0.0 0 0 0 0 0%   0 8058636 465 100%
c .  1.13 813 0 0 0  0 0   0   0 0.0 0 0 0 0 0%   0 8058636 465 100%
c )  2.83 876 0 0 0  0 0   0   0 0.0 0 0 0 0 0%   0 8058636 465 100%
c {  3.10 923 0 0 0  0 0   0   0 0.0 0 0 2 6 0%   0 8058636 465 100%
c -  3.60 932 29 0 1  7 2 1000 683 1.7 20 12 9 16 28%   0 8058636 465 100%
c }  3.60 932 29 1 1  7 2 1000 683 1.7 20 12 9 16 28%   0 8058636 465 100%
c [  3.60 932 0 1 1  7 0 1000 683 0.0 0 0 2 6 0%   0 8058636 465 100%
c B  3.60 932 59 1 1  7 41 1001 684 3.4 17 5 2 6 48%   0 8058636 465 100%
c -  3.85 938 50 1 2  7 2 2000 1525 1.4 31 22 11 31 33%   0 8058636 465 100%
c W  4.07 1001 50 1 2  7 2 2002 1527 1.4 31 22 11 31 33%   0 8058636 465 100%
c ]  4.34 1020 47 2 2  8 2 2449 1914 1.3 31 23 12 32 31%   0 8058636 465 100%
c {  4.34 1020 29 2 2  8 2 2449 1914 1.7 20 12 9 16 28%   0 8058636 465 100%
c -  4.94 1059 26 2 3 32 2 3417 2583 1.6 19 12 9 16 26%   0 8058636 465 100%
c }  4.96 1059 26 3 3 32 2 3449 2614 1.6 19 12 9 16 25%   0 8058636 465 100%
c [  4.96 1059 47 3 3 32 2 3449 2614 1.3 31 23 12 32 31%   0 8058636 465 100%
c u  5.49 1063 39 3 3 32 2 4136 3211 1.4 27 20 12 32 28%   0 8058636 465 100%
c v  5.63 1063 39 3 3 32 2 4136 3198 1.4 27 20 12 32 28%   0 8058636 465 100%
c w  5.75 1063 39 3 3 32 2 4136 3197 1.4 27 20 12 32 28%   0 8058636 465 100%
c I  6.25 1077 40 3 3 32 2 4261 3318 1.4 27 20 12 32 28%   0 8058636 465 100%
c
c seconds    switched rate       size/glue  tier1     binary         remaining
c          MB reductions conflicts     size    tier2      irredundant
c           level restarts  redundant     glue     trail         variables
c
c ]  6.54 1080 38 4 3 33 2 4815 3851 1.4 27 19 12 32 28%   0 8058636 465 100%
c {  6.54 1080 26 4 3 33 2 4815 3851 1.6 19 12 9 16 25%   0 8058636 465 100%
c -  6.73 953 25 4 4 67 2 5149 3741 1.6 19 12 9 16 25%   0 8058636 465 100%
c -  7.21 1033 22 4 5 135 2 7149 4861 1.6 19 12 9 15 23%   0 8058636 465 100%
c }  7.21 1033 22 5 5 135 2 7168 4879 1.6 19 12 9 15 23%   0 8058636 465 100%
c [  7.21 1033 38 5 5 135 2 7168 4879 1.4 27 19 12 32 28%   0 8058636 465 100%
c B  7.52 1047 34 5 5 135 2 8033 5693 1.4 25 18 12 32 27%   0 8058636 465 100%
c ]  7.88 1076 36 6 5 136 2 9060 6661 1.4 26 18 12 32 29%   0 8058636 465 100%
c {  7.88 1076 22 6 5 136 2 9060 6661 1.6 19 12 9 15 23%   0 8058636 465 100%
c -  8.15 1091 23 6 6 150 2 9385 5954 1.6 19 12 9 15 23%   0 8058636 465 100%
c -  8.78 1099 21 6 7 162 2 11834 6885 1.6 18 11 8 14 25%   0 8058636 465 100%
c o  8.89 1099 21 6 7 165 2 12309 7279 1.6 18 11 8 14 24%   0 8058636 465 100%
c u  9.79 849 20 6 7 195 2 12738 7553 1.6 18 11 8 14 24%   0 8058636 465 100%
c v 10.03 875 20 6 7 195 2 12738 7530 1.6 18 11 8 14 24%   0 8058636 465 100%
c w 10.17 887 20 6 7 195 2 12738 7529 1.6 18 11 8 14 24%   0 8058636 465 100%
c } 10.79 1016 20 7 7 210 2 13129 7868 1.6 18 11 8 14 24%   0 8058636 465 100%
c [ 10.79 1016 36 7 7 210 2 13129 7868 1.4 26 18 12 32 29%   0 8058636 465 100%
c W 11.21 1018 35 7 7 210 2 13563 8267 1.4 25 18 12 32 28%   0 8058636 465 100%
c - 11.48 1049 40 7 8 211 2 14479 7584 1.4 26 19 11 29 30%   0 8058636 465 100%
c - 12.46 1059 41 7 9 213 2 17308 8262 1.3 29 22 12 33 30%   0 8058636 465 100%
c
c seconds    switched  rate        size/glue  tier1     binary         remaining
c          MB reductions conflicts       size    tier2      irredundant
c           level restarts    redundant     glue     trail         variables
c
c ] 12.67 1065 41 8 9 213 2 17870 8761 1.3 29 22 12 33 30%   0 8058636 465 100%
c { 12.67 1065 20 8 9 213 2 17870 8761 1.6 18 11 8 14 24%   0 8058636 465 100%
c - 14.46 1037 21 8 10 568 3 20309 9934 1.6 18 11 9 15 25%   0 8058636 465 100%
c e 15.08 1154 21 8 10 568 3 20677 10287 1.7 18 11 9 15 26%   0 8001179 443 95%
c ^ 15.43 1154 21 8 10 568 3 20677 10287 1.7 18 11 9 15 26%   0 8001179 443 95%
c o 17.06 1088 22 8 10 812 3 22875 12379 1.6 19 11 9 15 26%   0 8001179 443 95%
c - 17.61 1109 22 8 11 941 3 23472 11729 1.6 18 11 9 15 25%   0 8001179 443 95%
c } 17.70 1109 22 9 11 951 3 24029 12180 1.6 18 11 9 15 25%   0 8001179 443 95%
c [ 17.70 1109 41 9 11 951 2 24029 12180 1.3 29 22 12 33 30%   0 8001179 443 95%
c O 17.70 1109 41 9 11 951 2 24029 12180 1.3 29 22 12 33 30%   0 8001179 443 95%
c u 18.59 1125 41 9 11 953 2 26097 14017 1.3 29 22 12 33 29%   0 8001179 443 95%
c v 18.86 1125 41 9 11 953 2 26097 14008 1.3 29 22 12 33 29%   0 8001179 443 95%
c w 19.00 1125 41 9 11 953 2 26097 14008 1.3 29 22 12 33 29%   0 8001179 443 95%
c - 19.81 1134 41 9 12 953 2 26790 12719 1.3 29 22 13 33 29%   0 8001179 443 95%
c - 20.53 1136 40 9 13 956 2 30255 13633 1.3 29 23 13 32 29%   0 8001179 443 95%
c B 21.32 1136 39 9 13 957 2 33790 16731 1.3 29 23 13 32 28%   0 8001179 443 95%
c - 21.36 1138 39 9 14 957 2 33860 14747 1.3 29 23 13 32 28%   0 8001179 443 95%
c - 22.32 1146 43 9 15 959 2 37602 15360 1.3 31 24 13 33 30%   0 8001179 443 95%
c ] 22.78 1147 43 10 15 960 2 38737 16372 1.3 31 24 13 33 30%   0 8001179 443 95%
c { 22.78 1147 22 10 15 960 3 38737 16372 1.6 18 11 9 15 25%   0 8001179 443 95%
c
c seconds     switched    rate         size/glue  tier1    binary         remaining
c          MB   reductions  conflicts        size   tier2      irredundant
c           level    restarts     redundant     glue    trail         variables
c
c ^ 25.22 1159 22 10 15 1212 3 41328 18797 1.6 18 11 9 15 25%   0 8001179 443 95%
c - 25.35 1171 22 10 16 1221 3 41474 16138 1.6 18 11 9 15 25%   0 8001179 443 95%
c o 26.73 1046 22 10 16 1310 3 43459 17984 1.6 18 11 9 15 25%   0 8001179 443 95%
c u 27.88 1125 22 10 16 1379 3 44476 18891 1.6 18 11 9 15 25%   0 8001179 443 95%
c v 28.25 1142 22 10 16 1379 3 44476 18858 1.6 18 11 9 15 25%   0 8001179 443 95%
c w 28.43 1148 22 10 16 1379 3 44476 18855 1.6 18 11 9 15 25%   0 8001179 443 95%
c - 29.62 1160 23 10 17 1462 3 45474 17852 1.6 18 11 9 15 26%   0 8001179 443 95%
c } 30.96 1176 23 11 17 1603 3 47364 19621 1.6 18 11 9 15 26%   0 8001179 443 95%
c [ 30.96 1176 43 11 17 1603 2 47364 19621 1.3 31 24 13 33 30%   0 8001179 443 95%
c W 31.21 1140 43 11 17 1603 2 47364 19621 1.3 31 24 13 33 30%   0 8001179 443 95%
c - 32.03 1167 42 11 18 1605 2 49597 19279 1.3 31 24 12 33 30%   0 8001179 443 95%
c - 33.14 1169 43 11 19 1608 2 53839 20245 1.3 32 25 12 33 31%   0 8001179 443 95%
c - 34.08 1172 43 11 20 1609 2 58200 21019 1.3 32 25 12 33 32%   0 8001179 443 95%
c I 35.03 1178 42 11 20 1612 2 62268 24512 1.3 32 25 12 33 32%   0 8001179 443 95%
c - 35.35 1187 42 11 21 1612 2 62672 22102 1.3 32 25 12 33 32%   0 8001179 443 95%
c ] 36.47 1194 40 12 21 1615 1 66842 25818 1.3 31 24 12 33 30%   0 8001179 443 95%
c { 36.47 1194 23 12 21 1615 3 66842 25818 1.6 18 11 9 15 26%   0 8001179 443 95%
c - 36.80 1199 23 12 22 1670 3 67254 23750 1.6 18 11 9 15 26%   0 8001179 443 95%
c u 38.03 1030 23 12 22 1770 3 68141 24427 1.6 18 11 9 15 26%   0 8001179 443 95%
c v 38.44 1076 23 12 22 1770 3 68141 24378 1.6 18 11 9 15 26%   0 8001179 443 95%
c
c seconds     switched    rate         size/glue  tier1    binary         remaining
c          MB   reductions  conflicts        size   tier2      irredundant
c           level    restarts     redundant     glue    trail         variables
c
c w 38.65 1087 23 12 22 1770 3 68141 24376 1.6 18 11 9 15 26%   0 8001179 443 95%
c - 41.70 1122 23 12 23 2089 3 71945 25093 1.6 18 12 9 15 26%   0 8001179 443 95%
c o 42.68 1173 24 12 23 2305 4 73516 26588 1.6 18 12 9 15 26%   0 8001179 443 95%
c - 44.74 1215 23 12 24 2545 4 76740 26367 1.6 18 12 9 15 26%   0 8001179 443 95%
c } 45.73 1227 23 13 24 2634 4 78323 27856 1.6 18 12 9 15 26%   0 8001179 443 95%
c [ 45.73 1227 40 13 24 2634 1 78323 27856 1.3 31 24 12 33 30%   0 8001179 443 95%
c B 46.22 1231 39 13 24 2635 2 80071 29496 1.3 30 23 12 33 30%   0 8001179 443 95%
c - 46.68 1234 41 13 25 2636 2 81639 27807 1.3 31 24 12 33 31%   0 8001179 443 95%
c ^ 49.21 1233 41 13 25 2639 2 86098 31843 1.3 31 24 12 33 33%   0 8001179 443 95%
c - 49.39 1241 41 13 26 2640 2 86642 28657 1.3 31 24 11 33 33%   0 8001179 443 95%
c - 49.95 1243 41 13 27 2642 2 91741 29579 1.3 32 24 11 33 35%   0 8001179 443 95%
c - 50.56 1243 40 13 28 2646 2 96939 30758 1.3 32 24 11 32 36%   0 8001179 443 95%
c u 51.07 1254 40 13 28 2646 2 97258 30939 1.3 32 24 11 32 36%   0 8001179 443 95%
c v 51.42 1261 40 13 28 2646 2 97258 30914 1.3 32 24 11 32 36%   0 8001179 443 95%
c w 51.59 1261 40 13 28 2646 2 97258 30906 1.3 32 24 11 32 36%   0 8001179 443 95%
c W 52.90 1158 41 13 28 2647 2 100982 34336 1.3 32 25 11 32 36%   0 8001179 443 95%
c - 53.16 1163 40 13 29 2647 2 102230 31880 1.3 32 24 11 32 36%   0 8001179 443 95%
c - 53.94 1181 40 13 30 2648 2 107615 33235 1.3 32 24 11 32 36%   0 8001179 443 95%
c - 54.79 1192 40 13 31 2650 2 113092 34558 1.3 32 24 11 32 37%   0 8001179 443 95%
c ] 56.04 1203 39 14 31 2654 2 117975 38894 1.3 32 23 11 32 37%   0 8001179 443 95%
c
c seconds     switched    rate          size/glue  tier1    binary         remaining
c          MB   reductions  conflicts         size   tier2      irredundant
c           level    restarts      redundant     glue    trail         variables
c
c { 56.04 1203 23 14 31 2654 4 117975 38894 1.6 18 12 9 15 26%   0 8001179 443 95%
c o 56.10 1203 23 14 31 2662 4 118004 38923 1.6 18 12 9 15 26%   0 8001179 443 95%
c - 56.45 1210 23 14 32 2684 3 118660 35573 1.6 18 12 9 15 26%   0 8001179 443 95%
c - 59.31 1136 23 14 33 2929 3 124317 37044 1.6 18 12 9 15 27%   0 8001179 443 95%
c - 62.77 1224 23 14 34 3298 3 130063 38672 1.6 18 11 9 15 27%   0 8001179 443 95%
c u 63.80 1234 23 14 34 3318 3 132032 40331 1.6 18 11 9 15 27%   0 8001179 443 95%
c v 64.30 1236 23 14 34 3318 3 132032 40253 1.6 18 11 9 15 27%   0 8001179 443 95%
c w 64.54 1237 23 14 34 3318 3 132032 40252 1.6 18 11 9 15 27%   0 8001179 443 95%
c } 65.67 1147 23 15 34 3360 3 132691 40864 1.6 18 11 9 15 27%   0 8001179 443 95%
c [ 65.67 1147 39 15 34 3360 2 132691 40864 1.3 32 23 11 32 37%   0 8001179 443 95%
c O 65.67 1147 39 15 34 3360 2 132691 40864 1.3 32 23 11 32 37%   0 8001179 443 95%
c - 66.32 1172 40 15 35 3362 2 135893 40134 1.3 32 24 11 32 37%   0 8001179 443 95%
c - 66.94 1177 40 15 36 3366 2 141809 40557 1.3 32 24 11 32 38%   0 8001179 443 95%
c - 67.62 1177 39 15 37 3369 2 147809 41870 1.4 32 24 11 31 38%   0 8001179 443 95%
c - 68.22 1177 39 15 38 3373 2 153892 42892 1.4 32 24 11 31 38%   0 8001179 443 95%
c ^ 70.09 1249 39 15 38 3374 2 158206 46626 1.3 32 24 11 31 38%   0 8001179 443 95%
c - 70.34 1033 39 15 39 3374 2 160057 42968 1.3 32 24 11 31 38%   0 8001179 443 95%
c B 70.36 1033 39 15 39 3374 2 160431 43251 1.3 32 24 11 31 38%   0 8001179 443 95%
c - 71.53 1074 39 15 40 3375 2 166301 43261 1.3 32 24 11 30 38%   0 8001179 443 95%
c - 72.30 1077 38 15 41 3380 2 172625 42801 1.3 32 24 11 30 37%   0 8001179 443 95%
c
c seconds     switched    rate          size/glue  tier1     binary         remaining
c          MB   reductions  conflicts         size    tier2      irredundant
c           level    restarts      redundant     glue     trail         variables
c
c u 72.77 1123 38 15 41 3380 2 172673 42790 1.3 32 24 11 30 37%   0 8001179 443 95%
c v 73.12 1133 38 15 41 3380 2 172673 42742 1.3 32 24 11 30 37%   0 8001179 443 95%
c w 73.30 1133 38 15 41 3380 2 172673 42709 1.3 32 24 11 30 37%   0 8001179 443 95%
c o 73.71 1133 38 15 41 3380 2 172673 42709 1.3 32 24 11 30 37%   0 8001179 443 95%
c - 74.97 1141 39 15 42 3382 2 179028 42516 1.3 32 24 11 30 37%   0 8001179 443 95%
c ] 75.87 1151 39 16 42 3386 2 184018 46893 1.3 31 23 11 30 37%   0 8001179 443 95%
c { 75.87 1151 23 16 42 3386 3 184018 46893 1.6 18 11 9 15 27%   0 8001179 443 95%
c - 77.13 1186 23 16 43 3559 3 185511 43544 1.6 18 11 9 15 27%   0 8001179 443 95%
c - 80.99 1055 23 16 44 4085 3 192068 45136 1.6 18 11 9 15 27%   0 8001179 443 95%
c - 83.32 1207 23 16 45 4365 3 198701 46261 1.6 19 11 9 15 27%   0 8001179 443 95%
c } 85.53 1138 24 17 45 4753 3 202355 49698 1.6 18 11 9 15 26%   0 8001179 443 95%
c [ 85.53 1138 39 17 45 4753 2 202355 49698 1.3 31 23 11 30 37%   0 8001179 443 95%
c W 85.85 1178 39 17 45 4753 2 202355 49698 1.3 31 23 11 30 37%   0 8001179 443 95%
c - 86.26 1186 39 17 46 4755 2 205409 47934 1.3 31 23 11 30 37%   0 8001179 443 95%
c - 87.18 1190 38 17 47 4759 2 212191 49529 1.3 31 23 11 30 36%   0 8001179 443 95%
c - 88.68 1197 38 17 48 4763 2 219048 49763 1.3 31 23 11 29 36%   0 8001179 443 95%
c u 89.67 1060 38 17 48 4763 2 219300 49796 1.3 31 23 11 29 36%   0 8001179 443 95%
c v 90.35 1072 38 17 48 4763 2 219300 49723 1.3 31 23 11 29 36%   0 8001179 443 95%
c w 90.66 1074 38 17 48 4763 2 219300 49712 1.3 31 23 11 29 36%   0 8001179 443 95%
c - 92.97 1198 38 17 49 4766 2 225977 49169 1.4 31 23 11 29 37%   0 8001179 443 95%
c
c seconds     switched    rate          size/glue  tier1     binary         remaining
c          MB   reductions  conflicts         size    tier2      irredundant
c           level    restarts      redundant     glue     trail         variables
c
c ] 93.71 1198 38 17 49 4767 2 230735 53489 1.4 31 23 11 29 38%   0 8001179 443 95%
c 1 93.71 1198 24 17 49 4767 3 230735 53489 1.6 18 11 9 15 26%   0 8001179 443 95%
c
c ---- [ result ] ------------------------------------------------------------
c
s SATISFIABLE
v 1 2 3 4 5 6 -7 -8 -9 -10 -11 -12 -13 -14 -15 -16 -17 -18 -19 -20 -21 -22 -23
v -24 25 26 -27 28 29 -30 31 32 33 34 35 36 37 38 39 40 41 -42 -43 -44 -45 -46
v -47 -48 -49 -50 -51 -52 -53 -54 -55 -56 -57 -58 -59 60 61 62 63 64 65 66 67
v 68 -69 -70 -71 -72 -73 -74 -75 -76 -77 -78 -79 -80 -81 -82 -83 -84 -85 -86
v -87 88 89 90 -91 -92 -93 -94 -95 -96 -97 -98 -99 -100 -101 -102 -103 -104
v -105 -106 -107 -108 109 -110 -111 112 113 -114 115 116 -117 -118 -119 -120
v -121 -122 -123 -124 -125 -126 -127 -128 -129 -130 -131 -132 -133 -134 135
v -136 -137 138 139 -140 141 142 143 144 -145 146 -147 -148 -149 -150 -151
v -152 -153 -154 -155 -156 -157 -158 -159 -160 -161 -162 -163 -164 -165 -166
v -167 -168 -169 -170 -171 -172 -173 -174 -175 -176 -177 -178 -179 -180 -181
v -182 -183 184 -185 -186 187 188 -189 190 191 192 193 194 195 -196 -197 -198
v -199 -200 -201 -202 -203 -204 -205 -206 -207 -208 -209 -210 -211 -212 213
v 214 215 216 217 218 -219 -220 -221 -222 -223 -224 -225 -226 -227 -228 -229
v -230 -231 -232 -233 -234 235 236 237 238 239 240 241 -242 -243 -244 -245
v -246 -247 -248 -249 -250 -251 -252 -253 -254 -255 256 257 258 259 260 -261
v 262 263 -264 -265 -266 -267 -268 -269 -270 -271 -272 -273 -274 -275 276 277
v 278 279 -280 281 -282 -283 -284 -285 -286 -287 -288 -289 -290 -291 -292 -293
v -294 295 296 297 298 299 300 -301 -302 -303 -304 -305 -306 -307 -308 -309
v -310 -311 -312 313 314 -315 316 317 318 -319 -320 -321 -322 -323 -324 -325
v -326 -327 -328 -329 330 331 332 333 334 335 -336 -337 -338 -339 -340 -341
v -342 -343 -344 -345 346 347 348 349 350 351 352 -353 -354 -355 -356 -357
v -358 -359 -360 361 362 363 364 365 366 367 368 -369 -370 -371 -372 -373 -374
v 375 376 377 -378 379 -380 381 -382 -383 -384 -385 -386 -387 388 389 -390 391
v -392 393 -394 -395 -396 -397 -398 -399 400 401 402 403 404 -405 -406 -407
v -408 -409 -410 411 412 413 414 -415 -416 -417 -418 -419 -420 421 422 423
v -424 425 426 -427 -428 429 430 431 -432 433 434 -435 -436 437 438 -439 440
v 441 -442 -443 444 -445 446 447 -448 -449 450 451 452 453 454 455 456 457 458
v 459 460 461 462 463 464 465 0
c
c ---- [ profiling ] ---------------------------------------------------------
c
c          69.32   73.96 %  search
c          37.89   40.43 %  focused
c          31.43   33.54 %  stable
c          21.30   22.73 %  simplify
c          16.75   17.87 %  probe
c           8.82    9.41 %  vivify
c           5.12    5.46 %  eliminate
c           3.33    3.56 %  factor
c           3.25    3.46 %  subsume
c           2.52    2.69 %  substitute
c           1.71    1.82 %  preprocess
c           1.33    1.42 %  sweep
c           1.14    1.22 %  walking
c           0.83    0.89 %  parse
c           0.65    0.69 %  congruence
c           0.56    0.60 %  lucky
c           0.43    0.46 %  reduce
c           0.10    0.11 %  transitive
c           0.00    0.00 %  backbone
c           0.00    0.00 %  extend
c =============================================
c          93.72  100.00 %  total
c
c ---- [ statistics ] --------------------------------------------------------
c
c conflicts:                           230735             2462.07 per second
c decisions:                           477416                2.07 per conflict
c eliminated:                              22                5 %  variables
c propagations:                       8472160            90402    per second
c reductions:                              49             4709    interval
c reordered:                                6            38456    interval
c rephased:                                14            16481    interval
c restarts:                              4767               48    interval
c switched:                                17            13573    interval
c vivified:                              2584               28 %  checks
c walks:                                    5            46147    interval
c
c ---- [ glue usage ] --------------------------------------------------------
c
c focused glue 9     used  9228 clauses 10.07% accumulated 59.25% tier1
c focused glue 10    used  6806 clauses  7.43% accumulated 66.68%
c focused glue 11-13 used 16300 clauses 17.79% accumulated 84.46%
c focused glue 14    used  3704 clauses  4.04% accumulated 88.51%
c focused glue 15    used  2915 clauses  3.18% accumulated 91.69% tier2
c
c stable glue 11    used  28718 clauses  4.74% accumulated 51.16% tier1
c stable glue 12    used  26874 clauses  4.44% accumulated 55.60%
c stable glue 13-27 used 196162 clauses 32.40% accumulated 88.00%
c stable glue 28    used   7759 clauses  1.28% accumulated 89.28%
c stable glue 29    used   7555 clauses  1.25% accumulated 90.53% tier2
c
c ---- [ resources ] ---------------------------------------------------------
c
c maximum-resident-set-size:     1356370804736 bytes    1293536 MB
c process-time:                         1m 34s              93.72 seconds
c
c ---- [ shutting down ] -----------------------------------------------------
c
c exit 10
