c ---- [ banner ] ------------------------------------------------------------
c
c Kissat SAT Solver
c 
c Copyright (c) 2021-2024 Armin Biere University of Freiburg
c Copyright (c) 2019-2021 Armin Biere Johannes Kepler University Linz
c 
c Version 4.0.4 8af8e56f174b778aef3aa45af9f739b2a5f492c2
c Apple clang version 17.0.0 (clang-1700.6.3.2) -W -Wall -O3 -DNDEBUG
c Mon Mar 30 18:25:47 CEST 2026 Darwin Mac 24.6.0 arm64
c
c ---- [ parsing ] -----------------------------------------------------------
c
c opened and reading DIMACS file:
c
c   tmp.cnf
c
c parsed 'p cnf 153 44574' header
c closing input after reading 1405639 bytes (1 MB)
c finished parsing after 0.01 seconds
c
c ---- [ solving ] -----------------------------------------------------------
c
c seconds switched rate     size/glue tier1 binary       remaining
c        MB reductions conflicts size  tier2   irredundant
c         level restarts redundant glue  trail       variables
c
c *  0.01 12 0 0 0  0 0   0   0 0.0 0 0 0 0 0%   0 44574 153 100%
c (  0.01 13 0 0 0  0 0   0   0 0.0 0 0 0 0 0%   0 44574 153 100%
c .  0.01 13 0 0 0  0 0   0   0 0.0 0 0 0 0 0%   0 44574 153 100%
c )  0.02 13 0 0 0  0 0   0   0 0.0 0 0 0 0 0%   0 44574 153 100%
c {  0.02 13 0 0 0  0 0   0   0 0.0 0 0 2 6 0%   0 44574 153 100%
c -  0.04 13 16 0 1 210 4 1001 685 1.8 15 8 6 11 55%   0 44574 153 100%
c }  0.04 13 16 1 1 210 4 1001 685 1.8 15 8 6 11 55%   0 44574 153 100%
c [  0.04 13 0 1 1 210 0 1001 685 0.0 0 0 2 6 0%   0 44574 153 100%
c B  0.04 13 0 1 1 210 0 1001 685 0.0 0 0 2 6 0%   0 44574 153 100%
c ]  0.05 13 30 2 1 210 1 1926 1518 1.4 19 13 10 19 57%   0 44574 153 100%
c {  0.05 13 16 2 1 210 4 1926 1518 1.8 15 8 6 11 55%   0 44574 153 100%
c -  0.05 13 17 2 2 242 4 2001 1561 1.8 15 8 6 11 55%   0 44574 153 100%
c u  0.06 13 17 2 2 279 4 2556 2082 1.8 15 8 6 11 53%   0 44574 153 100%
c v  0.07 13 17 2 2 279 4 2556 2080 1.8 15 8 6 11 53%   0 44574 153 100%
c w  0.07 13 17 2 2 279 4 2556 2080 1.8 15 8 6 11 53%   0 44574 153 100%
c x  0.07 13 17 2 2 279 4 2556 2080 1.8 15 8 6 11 53%   0 44492 153 100%
c }  0.08 13 17 3 2 322 3 2927 2434 1.7 14 8 6 11 51%   0 44492 153 100%
c [  0.08 13 30 3 2 322 1 2927 2434 1.4 19 13 10 19 57%   0 44492 153 100%
c W  0.08 13 30 3 2 322 1 2927 2434 1.4 19 13 10 19 57%   0 44492 153 100%
c -  0.09 13 27 3 3 322 1 3417 2686 1.5 19 13 10 18 56%   0 44492 153 100%
c
c seconds  switched  rate       size/glue  tier1     binary       remaining
c        MB reductions conflicts      size    tier2     irredundant
c         level restarts   redundant     glue     trail       variables
c
c ]  0.09 13 25 4 3 323 1 4009 3227 1.4 19 13 10 18 54%   0 44492 153 100%
c {  0.09 13 17 4 3 323 3 4009 3227 1.7 14 8 6 11 51%   0 44492 153 100%
c -  0.12 14 16 4 4 507 4 5152 3783 1.6 14 9 6 12 50%   0 44492 153 100%
c }  0.14 14 15 5 4 507 3 6363 4797 1.6 13 8 6 12 48%   0 44492 153 100%
c [  0.14 14 25 5 4 507 1 6363 4797 1.4 19 13 10 18 54%   0 44492 153 100%
c I  0.14 14 25 5 4 507 1 6363 4797 1.4 19 13 10 18 54%   0 44492 153 100%
c -  0.15 14 22 5 5 507 1 7153 4786 1.5 18 12 9 17 54%   0 44492 153 100%
c u  0.17 16 21 5 5 508 1 7873 5427 1.5 18 12 9 17 54%   0 44492 153 100%
c v  0.17 16 21 5 5 508 1 7873 5412 1.5 18 12 9 17 54%   0 44492 153 100%
c w  0.17 17 21 5 5 508 1 7873 5412 1.5 18 12 9 17 54%   0 44492 153 100%
c x  0.17 18 21 5 5 508 1 7873 5412 1.5 18 12 9 17 54%   0 44464 153 100%
c ]  0.19 18 20 6 5 509 1 8962 6371 1.6 18 11 9 17 54%   0 44464 153 100%
c {  0.19 18 15 6 5 509 3 8962 6371 1.6 13 8 6 12 48%   0 44464 153 100%
c -  0.20 18 15 6 6 515 3 9390 5854 1.6 14 8 6 11 49%   0 44464 153 100%
c o  0.22 18 15 6 6 558 3 10423 6811 1.6 14 8 6 11 50%   0 44464 153 100%
c -  0.24 19 15 6 7 635 2 11841 7144 1.7 14 8 6 11 50%   0 44464 153 100%
c e  0.27 20 14 6 7 655 2 12777 8001 1.7 14 8 6 11 50%   0 44175 131 86%
c ^  0.28 20 14 6 7 655 2 12777 8001 1.7 14 8 6 11 50%   0 44175 131 86%
c }  0.29 20 15 7 7 709 2 13031 8101 1.7 14 8 6 11 51%   0 44175 131 86%
c [  0.29 20 20 7 7 709 1 13031 8101 1.6 18 11 9 17 54%   0 44175 131 86%
c
c seconds  switched  rate        size/glue  tier1    binary       remaining
c        MB reductions conflicts       size   tier2     irredundant
c         level restarts    redundant     glue    trail       variables
c
c B  0.29 20 20 7 7 709 1 13031 8101 1.6 18 11 9 17 54%   0 44175 131 86%
c -  0.31 20 18 7 8 710 1 14486 8110 1.6 17 11 7 15 54%   0 44175 131 86%
c u  0.34 20 18 7 8 711 1 16129 9513 1.6 17 11 7 15 53%   0 44175 131 86%
c v  0.34 20 18 7 8 711 1 16129 9497 1.6 17 11 7 15 53%   0 44175 131 86%
c w  0.35 21 18 7 8 711 1 16129 9497 1.6 17 11 7 15 53%   0 44175 131 86%
c -  0.37 22 18 7 9 712 1 17314 9076 1.6 17 11 6 14 54%   0 44175 131 86%
c ]  0.38 22 18 8 9 713 1 18288 9963 1.6 17 11 6 14 54%   0 44175 131 86%
c {  0.38 22 15 8 9 713 2 18288 9963 1.7 14 8 6 11 51%   0 44175 131 86%
c -  0.42 22 14 8 10 792 2 20314 9953 1.6 13 8 6 10 50%   0 44175 131 86%
c o  0.42 22 14 8 10 821 2 20431 10057 1.6 13 8 6 10 50%   0 44175 131 86%
c -  0.49 22 14 8 11 1251 3 23476 11044 1.6 13 8 6 11 50%   0 44175 131 86%
c }  0.50 22 14 9 11 1272 2 24448 11856 1.6 13 8 6 11 50%   0 44175 131 86%
c [  0.50 22 18 9 11 1272 1 24448 11856 1.6 17 11 6 14 54%   0 44175 131 86%
c W  0.50 25 18 9 11 1272 1 24448 11856 1.6 17 11 6 14 54%   0 44175 131 86%
c ^  0.54 26 18 9 11 1273 1 25561 12849 1.6 17 11 6 14 54%   0 44175 131 86%
c -  0.56 26 18 9 12 1274 1 26794 11981 1.6 17 11 6 14 54%   0 44175 131 86%
c u  0.58 27 18 9 12 1274 1 27508 12505 1.6 17 11 6 14 53%   0 44175 131 86%
c v  0.58 27 18 9 12 1274 1 27508 12457 1.6 17 11 6 14 53%   0 44175 131 86%
c w  0.59 27 18 9 12 1274 1 27508 12453 1.6 17 11 6 14 53%   0 44175 131 86%
c -  0.62 27 17 9 13 1276 1 30258 12980 1.6 17 11 6 14 53%   0 44175 131 86%
c
c seconds  switched    rate         size/glue  tier1    binary       remaining
c        MB  reductions  conflicts        size   tier2     irredundant
c         level   restarts     redundant     glue    trail       variables
c
c O  0.65 27 17 9 13 1277 1 31976 14499 1.6 17 11 6 14 54%   0 44175 131 86%
c -  0.67 27 17 9 14 1278 1 33863 14210 1.6 17 11 6 14 53%   0 44175 131 86%
c ]  0.68 27 17 10 14 1278 1 34082 14410 1.6 17 11 6 14 53%   0 44175 131 86%
c {  0.68 27 14 10 14 1278 2 34082 14410 1.6 13 8 6 11 50%   0 44175 131 86%
c -  0.77 27 15 10 15 1750 3 37605 15318 1.6 13 8 6 11 50%   0 44175 131 86%
c -  0.86 27 14 10 16 1771 2 41477 16398 1.6 13 8 6 10 50%   0 44175 131 86%
c u  0.89 27 14 10 16 1771 2 42159 16873 1.6 13 8 6 10 50%   0 44175 131 86%
c v  0.90 27 14 10 16 1771 2 42159 16806 1.6 13 8 6 10 50%   0 44175 131 86%
c w  0.90 27 14 10 16 1771 2 42159 16760 1.6 13 8 6 10 50%   0 44175 131 86%
c x  0.91 27 14 10 16 1771 2 42159 16759 1.6 13 8 6 10 50%   0 44141 131 86%
c o  0.93 28 14 10 16 1771 2 42159 16759 1.6 13 8 6 10 50%   0 44141 131 86%
c }  0.95 28 14 11 16 1909 2 42710 17269 1.6 13 8 6 10 50%   0 44141 131 86%
c [  0.95 28 17 11 16 1909 1 42710 17269 1.6 17 11 6 14 53%   0 44141 131 86%
c B  0.95 28 17 11 16 1909 1 42710 17269 1.6 17 11 6 14 53%   0 44141 131 86%
c -  0.98 28 17 11 17 1911 1 45477 17598 1.6 17 11 6 14 53%   0 44141 131 86%
c -  1.04 28 17 11 18 1914 1 49601 18776 1.6 17 11 6 13 53%   0 44141 131 86%
c ^  1.13 32 17 11 18 1915 1 53274 22115 1.6 17 11 6 13 53%   0 44141 131 86%
c -  1.15 33 17 11 19 1915 1 53844 20103 1.6 17 11 6 13 53%   0 44141 131 86%
c W  1.17 37 17 11 19 1915 1 54932 20968 1.6 17 11 6 13 53%   0 44141 131 86%
c -  1.22 38 17 11 20 1918 1 58202 21368 1.6 17 11 6 13 53%   0 44141 131 86%
c
c seconds   switched    rate         size/glue  tier1    binary       remaining
c        MB   reductions  conflicts        size   tier2     irredundant
c         level    restarts     redundant     glue    trail       variables
c
c ]  1.24 38 17 12 20 1918 1 59165 22252 1.6 17 11 6 13 54%   0 44141 131 86%
c {  1.24 38 14 12 20 1918 2 59165 22252 1.6 13 8 6 10 50%   0 44141 131 86%
c u  1.27 39 14 12 20 1985 2 60185 23081 1.6 13 8 6 10 50%   0 44141 131 86%
c v  1.28 39 14 12 20 1985 2 60185 22902 1.6 13 8 6 10 50%   0 44141 131 86%
c w  1.28 39 14 12 20 1985 2 60185 22902 1.6 13 8 6 10 50%   0 44141 131 86%
c -  1.38 39 15 12 21 2522 3 62674 22384 1.6 13 9 6 10 50%   0 44141 131 86%
c -  1.52 39 15 12 22 2966 3 67256 23540 1.6 13 9 6 10 50%   0 44141 131 86%
c }  1.61 39 14 13 22 3240 3 70646 26509 1.6 13 9 6 10 50%   0 44141 131 86%
c [  1.61 39 17 13 22 3240 1 70646 26509 1.6 17 11 6 13 54%   0 44141 131 86%
c I  1.61 39 17 13 22 3240 1 70646 26509 1.6 17 11 6 13 54%   0 44141 131 86%
c -  1.64 40 17 13 23 3241 1 71946 24963 1.6 17 11 6 13 54%   0 44141 131 86%
c -  1.71 40 17 13 24 3244 1 76741 26200 1.6 17 11 6 13 54%   0 44141 131 86%
c -  1.79 40 17 13 25 3246 1 81641 27323 1.6 17 11 6 13 54%   0 44141 131 86%
c u  1.81 40 17 13 25 3246 1 81714 27174 1.6 17 11 6 13 54%   0 44141 131 86%
c v  1.83 40 17 13 25 3246 1 81714 26755 1.6 17 11 6 13 54%   0 44141 131 86%
c w  1.84 40 17 13 25 3246 1 81714 26751 1.6 17 11 6 13 54%   0 44141 131 86%
c o  1.84 40 17 13 25 3246 1 81714 26751 1.6 17 11 6 13 54%   0 44141 131 86%
c -  1.92 40 17 13 26 3249 1 86641 28062 1.6 18 11 6 13 55%   0 44141 131 86%
c B  1.95 40 17 13 26 3251 1 88449 29733 1.6 18 11 6 13 55%   0 44141 131 86%
c ]  2.00 40 18 14 26 3252 1 91258 32386 1.6 18 11 6 13 55%   0 44141 131 86%
c
c seconds   switched    rate         size/glue tier1    binary       remaining
c        MB   reductions  conflicts        size  tier2     irredundant
c         level    restarts     redundant    glue    trail       variables
c
c {  2.00 40 14 14 26 3252 3 91258 32386 1.6 13 9 6 10 50%   0 44141 131 86%
c -  2.02 40 15 14 27 3306 3 91740 29011 1.6 13 9 6 10 50%   0 44141 131 86%
c -  2.17 40 14 14 28 3473 2 96938 30828 1.6 13 9 6 10 50%   0 44141 131 86%
c s  2.23 40 14 14 28 3473 2 97914 31591 1.6 13 9 6 10 50%   0 44098 131 86%
c ^  2.26 40 14 14 28 3473 2 97914 31591 1.6 13 9 6 10 50%   0 44098 131 86%
c -  2.39 40 14 14 29 3784 2 102230 32679 1.6 13 9 6 10 50%   0 44098 131 86%
c }  2.48 40 14 15 29 3971 2 105973 35672 1.6 13 8 6 10 50%   0 44098 131 86%
c [  2.48 40 18 15 29 3971 1 105973 35672 1.6 18 11 6 13 55%   0 44098 131 86%
c u  2.53 40 18 15 29 3971 1 106875 35196 1.6 18 11 6 13 55%   0 44098 131 86%
c v  2.54 41 18 15 29 3971 1 106875 35020 1.6 18 11 6 13 55%   0 44098 131 86%
c w  2.54 41 18 15 29 3971 1 106875 34885 1.6 18 11 6 13 55%   0 44098 131 86%
c x  2.56 41 18 15 29 3971 1 106875 34883 1.6 18 11 6 13 55%   0 44073 131 86%
c -  2.58 41 18 15 30 3972 1 107615 32936 1.6 18 11 6 13 55%   0 44073 131 86%
c W  2.61 41 18 15 30 3973 1 109360 34573 1.6 18 11 6 13 55%   0 44073 131 86%
c -  2.68 46 18 15 31 3976 1 113094 34474 1.6 18 11 6 14 55%   0 44073 131 86%
c -  2.81 46 18 15 32 3978 1 118662 35934 1.6 18 11 6 14 55%   0 44073 131 86%
c -  2.93 46 18 15 33 3982 1 124318 36803 1.6 18 12 6 14 55%   0 44073 131 86%
c ]  2.93 46 18 16 33 3982 1 124321 36806 1.6 18 12 6 14 55%   0 44073 131 86%
c {  2.93 46 14 16 33 3982 2 124321 36806 1.6 13 8 6 10 50%   0 44073 131 86%
c o  2.93 46 14 16 33 3987 2 124364 36845 1.6 13 8 6 10 50%   0 44073 131 86%
c
c seconds   switched    rate          size/glue tier1    binary       remaining
c        MB   reductions  conflicts         size  tier2     irredundant
c         level    restarts      redundant    glue    trail       variables
c
c -  3.15 46 14 16 34 4768 2 130063 38182 1.5 13 9 6 10 50%   0 44073 131 86%
c u  3.43 52 14 16 34 5742 3 135743 43185 1.5 13 9 6 10 50%   0 44073 131 86%
c v  3.45 52 14 16 34 5742 3 135743 42983 1.5 13 9 6 10 50%   0 44073 131 86%
c w  3.46 53 14 16 34 5742 3 135743 42973 1.5 13 9 6 10 50%   0 44073 131 86%
c x  3.48 53 14 16 34 5742 3 135743 42969 1.5 13 9 6 10 50%   0 43766 131 86%
c -  3.55 54 14 16 35 5781 3 135893 39603 1.5 13 9 6 10 50%   0 43766 131 86%
c -  3.73 54 14 16 36 5971 3 141810 35594 1.5 13 9 5 10 50%   0 43766 131 86%
c }  3.77 54 14 17 36 6150 3 142660 36390 1.5 13 9 5 10 50%   0 43766 131 86%
c [  3.77 54 18 17 36 6150 1 142660 36390 1.6 18 12 6 14 55%   0 43766 131 86%
c O  3.77 54 18 17 36 6150 1 142660 36390 1.6 18 12 6 14 55%   0 43766 131 86%
c -  3.87 54 18 17 37 6153 1 147810 34436 1.6 18 12 6 14 55%   0 43766 131 86%
c -  3.99 54 18 17 38 6156 1 153892 34628 1.6 18 12 6 14 54%   0 43766 131 86%
c -  4.10 54 18 17 39 6160 1 160057 35081 1.6 18 12 6 14 54%   0 43766 131 86%
c s  4.19 54 18 17 39 6162 1 161350 36237 1.6 18 12 6 14 54%   0 42953 131 86%
c s  4.26 55 18 17 39 6162 1 161350 36237 1.6 18 12 6 14 54%   0 42595 131 86%
c e  4.26 55 18 17 39 6162 1 161350 36237 1.6 18 12 6 14 54%   0 42594 130 85%
c ^  4.26 55 18 17 39 6162 1 161350 36237 1.6 18 12 6 14 54%   0 42594 130 85%
c -  4.36 58 18 17 40 6163 1 166301 35408 1.6 18 12 6 14 54%   0 42594 130 85%
c u  4.43 58 18 17 40 6164 1 168434 37022 1.6 18 12 6 14 54%   0 42594 130 85%
c v  4.44 58 18 17 40 6164 1 168434 36324 1.6 18 12 6 14 54%   0 42594 130 85%
c
c seconds   switched    rate          size/glue  tier1    binary       remaining
c        MB   reductions  conflicts         size   tier2     irredundant
c         level    restarts      redundant     glue    trail       variables
c
c w  4.45 58 18 17 40 6164 1 168434 36319 1.6 18 12 6 14 54%   0 42594 130 85%
c x  4.47 58 18 17 40 6164 1 168434 36317 1.6 18 12 6 14 54%   0 42569 130 85%
c B  4.52 59 18 17 40 6164 1 170402 38061 1.6 18 12 6 14 54%   0 42569 130 85%
c -  4.55 61 18 17 41 6164 1 172626 35742 1.6 18 12 6 14 54%   0 42569 130 85%
c ]  4.67 61 18 18 41 6166 1 177834 40385 1.6 18 12 6 14 54%   0 42569 130 85%
c {  4.67 61 14 18 41 6166 3 177834 40385 1.5 13 9 5 10 50%   0 42569 130 85%
c o  4.67 61 14 18 41 6176 3 177869 40415 1.5 13 9 5 10 50%   0 42569 130 85%
c -  4.70 61 14 18 42 6185 3 179031 37160 1.5 13 9 5 10 50%   0 42569 130 85%
c -  4.85 61 14 18 43 6253 2 185513 37799 1.5 13 9 5 10 49%   0 42569 130 85%
c -  5.03 61 14 18 44 6445 2 192070 38062 1.5 13 8 5 10 49%   0 42569 130 85%
c -  5.24 61 14 18 45 6826 2 198705 39368 1.5 13 8 5 10 49%   0 42569 130 85%
c }  5.29 61 13 19 45 6884 2 200179 40448 1.5 13 8 5 10 49%   0 42569 130 85%
c [  5.29 61 18 19 45 6884 1 200179 40448 1.6 18 12 6 14 54%   0 42569 130 85%
c W  5.32 61 18 19 45 6885 1 201852 41831 1.6 18 12 6 14 54%   0 42569 130 85%
c u  5.40 66 18 19 45 6887 1 205095 44432 1.6 18 12 6 14 54%   0 42569 130 85%
c v  5.42 66 18 19 45 6887 1 205095 42754 1.6 18 12 6 14 54%   0 42569 130 85%
c w  5.43 66 18 19 45 6887 1 205095 42626 1.6 18 12 6 14 54%   0 42569 130 85%
c x  5.45 67 18 19 45 6887 1 205095 42625 1.6 18 12 6 14 54%   0 41834 130 85%
c -  5.47 70 18 19 46 6888 1 205413 39023 1.6 18 12 6 14 54%   0 41834 130 85%
c -  5.58 70 18 19 47 6890 1 212198 39895 1.6 18 12 6 14 54%   0 41834 130 85%
c
c seconds   switched    rate          size/glue  tier1    binary       remaining
c        MB   reductions  conflicts         size   tier2     irredundant
c         level    restarts      redundant     glue    trail       variables
c
c -  5.70 70 18 19 48 6896 1 219055 41032 1.6 18 12 6 14 54%   0 41834 130 85%
c -  5.83 70 18 19 49 6898 1 225984 42163 1.6 18 12 6 14 54%   0 41834 130 85%
c -  5.96 70 18 19 50 6898 1 232984 43240 1.6 18 12 6 14 54%   0 41834 130 85%
c I  6.03 70 18 19 50 6901 1 237205 46750 1.6 18 12 6 14 53%   0 41834 130 85%
c ]  6.07 70 18 20 50 6904 1 239468 48824 1.6 18 12 6 14 54%   0 41834 130 85%
c {  6.07 70 13 20 50 6904 2 239468 48824 1.5 13 8 5 10 49%   0 41834 130 85%
c o  6.07 70 13 20 50 6905 2 239500 48854 1.5 13 8 5 10 49%   0 41834 130 85%
c -  6.10 70 14 20 51 7032 2 240055 43734 1.5 13 8 5 10 49%   0 41834 130 85%
c s  6.32 70 14 20 51 7560 2 245480 48434 1.5 13 9 5 10 49%   0 41569 130 85%
c !  6.32 71 14 20 51 7560 2 245480 48434 1.5 13 9 5 10 49%   0 41569 130 85%
c u  6.36 71 14 20 51 7597 2 245770 48530 1.5 13 9 5 10 49%   0 41569 130 85%
c v  6.38 72 14 20 51 7597 2 245770 48457 1.5 13 9 5 10 49%   0 41569 130 85%
c w  6.40 72 14 20 51 7597 2 245770 48434 1.5 13 9 5 10 49%   0 41569 130 85%
c x  6.41 72 14 20 51 7597 2 245770 48434 1.5 13 9 5 10 49%   0 41435 130 85%
c -  6.46 72 14 20 52 7661 2 247197 44095 1.5 13 9 5 10 49%   0 41435 130 85%
c -  6.64 77 13 20 53 7814 2 254408 44517 1.5 13 8 5 10 49%   0 41435 130 85%
c -  6.90 77 13 20 54 8458 2 261689 45504 1.5 13 8 5 10 49%   0 41435 130 85%
c }  7.03 77 13 21 54 8664 2 266212 49064 1.5 13 8 5 10 49%   0 41435 130 85%
c [  7.03 77 18 21 54 8664 1 266212 49064 1.6 18 12 6 14 54%   0 41435 130 85%
c -  7.10 77 18 21 55 8666 1 269037 46868 1.6 18 12 6 14 54%   0 41435 130 85%
c
c seconds   switched    rate          size/glue  tier1    binary       remaining
c        MB   reductions  conflicts         size   tier2     irredundant
c         level    restarts      redundant     glue    trail       variables
c
c -  7.24 77 17 21 56 8670 1 276453 47992 1.6 18 11 6 13 54%   0 41435 130 85%
c B  7.25 77 17 21 56 8670 1 276647 48161 1.6 18 11 6 13 54%   0 41435 130 85%
c -  7.42 78 17 21 57 8675 1 283937 49097 1.6 18 11 6 13 54%   0 41435 130 85%
c u  7.60 79 17 21 57 8677 1 290545 54530 1.6 18 11 6 13 53%   0 41435 130 85%
c v  7.63 79 17 21 57 8677 1 290545 54517 1.6 18 11 6 13 53%   0 41435 130 85%
c w  7.65 79 17 21 57 8677 1 290545 54514 1.6 18 11 6 13 53%   0 41435 130 85%
c x  7.67 80 17 21 57 8677 1 290545 54513 1.6 18 11 6 13 53%   0 41356 130 85%
c -  7.70 82 17 21 58 8678 1 291487 49285 1.6 18 11 5 13 53%   0 41356 130 85%
c -  7.88 86 17 21 59 8678 1 299102 50234 1.6 18 11 5 13 53%   0 41356 130 85%
c ]  7.99 86 17 22 59 8682 1 304183 54794 1.6 18 11 5 13 53%   0 41356 130 85%
c {  7.99 86 13 22 59 8682 2 304183 54794 1.5 13 8 5 10 49%   0 41356 130 85%
c -  8.10 86 13 22 60 8829 2 306785 51209 1.5 13 8 5 10 49%   0 41356 130 85%
c o  8.20 86 13 22 60 8927 2 309517 53784 1.5 13 8 5 10 50%   0 41356 130 85%
c -  8.41 86 13 22 61 9209 2 314532 52544 1.6 13 8 5 10 50%   0 41356 130 85%
c -  8.74 86 13 22 62 9652 2 322342 53864 1.6 13 8 5 10 50%   0 41356 130 85%
c -  9.06 86 13 22 63 10048 2 330221 55231 1.6 14 8 5 10 51%   0 41356 130 85%
c }  9.28 86 13 23 63 10290 2 335699 60308 1.6 14 8 5 10 51%   0 41356 130 85%
c [  9.28 86 17 23 63 10290 1 335699 60308 1.6 18 11 5 13 53%   0 41356 130 85%
c W  9.29 90 17 23 63 10290 1 335699 60308 1.6 18 11 5 13 53%   0 41356 130 85%
c -  9.35 92 17 23 64 10292 1 338158 56267 1.6 18 11 5 13 53%   0 41356 130 85%
c
c seconds   switched     rate          size/glue  tier1    binary       remaining
c        MB   reductions   conflicts         size   tier2     irredundant
c         level    restarts       redundant     glue    trail       variables
c
c u  9.43 93 16 23 64 10292 1 339457 56625 1.6 18 11 5 13 53%   0 41356 130 85%
c v  9.47 93 16 23 64 10292 1 339457 56546 1.6 18 11 5 13 53%   0 41356 130 85%
c w  9.49 93 16 23 64 10292 1 339457 56544 1.6 18 11 5 13 53%   0 41356 130 85%
c x  9.52 93 16 23 64 10292 1 339457 56537 1.6 18 11 5 13 53%   0 40833 130 85%
c -  9.82 95 16 23 65 10296 1 346160 55758 1.6 18 11 5 13 54%   0 40833 130 85%
c s  9.99 95 16 23 65 10299 1 351917 60893 1.6 18 11 5 13 54%   0 39503 130 85%
c - 10.05 95 16 23 66 10301 1 354222 56636 1.6 18 11 5 13 54%   0 39503 130 85%
c - 10.26 95 16 23 67 10304 1 362346 56585 1.6 18 11 5 13 54%   0 39503 130 85%
c - 10.45 95 16 23 68 10306 1 370531 56412 1.6 18 11 5 13 54%   0 39503 130 85%
c - 10.63 95 16 23 69 10311 1 378779 56839 1.6 18 11 5 13 54%   0 39503 130 85%
c O 10.75 95 16 23 69 10314 1 383860 61250 1.6 18 11 5 13 54%   0 39503 130 85%
c - 10.84 95 16 23 70 10316 1 387086 57909 1.6 18 11 5 13 54%   0 39503 130 85%
c ] 10.89 95 16 24 70 10317 1 388702 59246 1.6 18 11 5 13 54%   0 39503 130 85%
c { 10.89 95 13 24 70 10317 2 388702 59246 1.6 14 8 5 10 51%   0 39503 130 85%
c o 10.93 95 13 24 70 10467 2 389531 60013 1.6 14 8 5 10 51%   0 39503 130 85%
c u 11.10 95 13 24 70 10783 2 392616 62133 1.6 14 9 5 10 51%   0 39503 130 85%
c v 11.14 95 13 24 70 10783 2 392616 62089 1.6 14 9 5 10 51%   0 39503 130 85%
c w 11.16 95 13 24 70 10783 2 392616 62087 1.6 14 9 5 10 51%   0 39503 130 85%
c x 11.19 95 13 24 70 10783 2 392616 62077 1.6 14 9 5 10 51%   0 39175 130 85%
c - 11.32 95 13 24 71 11025 2 395453 58338 1.6 14 9 5 10 51%   0 39175 130 85%
c
c seconds   switched     rate          size/glue tier1    binary       remaining
c        MB   reductions   conflicts         size  tier2     irredundant
c         level    restarts       redundant    glue    trail       variables
c
c - 11.68 95 13 24 72 11685 2 403879 59201 1.6 14 9 5 10 51%   0 39175 130 85%
c - 12.02 95 13 24 73 12199 2 412364 60085 1.6 14 9 5 10 51%   0 39175 130 85%
c - 12.37 95 13 24 74 12699 2 420909 61122 1.6 14 9 5 10 51%   0 39175 130 85%
c } 12.55 95 13 25 74 12986 2 425379 65087 1.6 14 9 5 10 51%   0 39175 130 85%
c [ 12.55 95 16 25 74 12986 1 425379 65087 1.6 18 11 5 13 54%   0 39175 130 85%
c - 12.65 95 16 25 75 12988 1 429511 62147 1.6 18 11 5 13 54%   0 39175 130 85%
c B 12.80 95 16 25 75 12992 1 436647 68219 1.6 18 11 5 13 54%   0 39175 130 85%
c - 12.84 95 16 25 76 12993 1 438171 62536 1.6 18 11 5 13 54%   0 39175 130 85%
c - 13.05 95 17 25 77 12999 1 446889 62306 1.6 18 11 5 13 53%   0 39175 130 85%
c u 13.17 95 17 25 77 12999 1 450183 64722 1.6 18 11 5 13 53%   0 39175 130 85%
c v 13.22 95 17 25 77 12999 1 450183 64566 1.6 18 11 5 13 53%   0 39175 130 85%
c w 13.24 101 17 25 77 12999 1 450183 64552 1.6 18 11 5 13 53%   0 39175 130 85%
c x 13.28 102 17 25 77 12999 1 450183 64538 1.6 18 11 5 13 53%   0 38781 130 85%
c - 13.42 111 17 25 78 13000 1 455665 61774 1.6 18 11 5 13 53%   0 38781 130 85%
c - 13.62 112 17 25 79 13005 1 464496 63248 1.6 18 11 5 13 53%   0 38781 130 85%
c - 13.84 112 17 25 80 13010 1 473384 64272 1.6 18 11 5 13 53%   0 38781 130 85%
c - 14.06 112 17 25 81 13014 1 482329 64808 1.6 18 11 5 13 53%   0 38781 130 85%
c s 14.10 112 17 25 81 13014 1 482480 64909 1.6 18 11 5 13 53%   0 34609 130 85%
c o 14.10 112 17 25 81 13014 1 482480 64909 1.6 18 11 5 13 53%   0 34609 130 85%
c ] 14.30 112 17 26 81 13015 1 490868 72606 1.5 18 12 5 13 53%   0 34609 130 85%
c
c seconds    switched     rate          size/glue tier1    binary       remaining
c         MB   reductions   conflicts         size  tier2     irredundant
c          level    restarts       redundant    glue    trail       variables
c
c { 14.30 112 13 26 81 13015 2 490868 72606 1.6 14 9 5 10 51%   0 34609 130 85%
c - 14.34 112 13 26 82 13104 2 491329 64720 1.6 14 9 5 10 51%   0 34609 130 85%
c - 14.74 112 13 26 83 13808 2 500384 65410 1.6 14 9 5 9 51%   0 34609 130 85%
c - 15.24 112 14 26 84 15011 2 509494 58177 1.6 14 9 4 10 51%   0 34609 130 85%
c u 15.37 113 14 26 84 15043 2 512139 59655 1.6 14 9 4 10 51%   0 34609 130 85%
c v 15.42 113 14 26 84 15043 2 512139 59584 1.6 14 9 4 10 51%   0 34609 130 85%
c w 15.44 113 14 26 84 15043 2 512139 59577 1.6 14 9 4 10 51%   0 34609 130 85%
c x 15.48 113 14 26 84 15043 2 512139 59566 1.6 14 9 4 10 51%   0 34138 130 85%
c - 15.73 113 14 26 85 15319 2 518659 55611 1.6 14 9 4 9 51%   0 34138 130 85%
c - 16.11 113 14 26 86 16027 2 527879 55660 1.6 14 9 4 9 51%   0 34138 130 85%
c } 16.33 113 14 27 86 16573 2 533089 60416 1.6 14 9 4 9 51%   0 34138 130 85%
c [ 16.33 113 17 27 86 16573 1 533089 60416 1.5 18 12 5 13 53%   0 34138 130 85%
c W 16.34 117 17 27 86 16573 1 533089 60416 1.5 18 12 5 13 53%   0 34138 130 85%
c - 16.44 119 17 27 87 16575 1 537153 55861 1.5 18 12 5 13 53%   0 34138 130 85%
c - 16.69 119 18 27 88 16580 1 546481 55378 1.5 18 12 5 13 53%   0 34138 130 85%
c - 16.91 119 17 27 89 16586 1 555861 56433 1.5 18 12 5 13 52%   0 34138 130 85%
c - 17.14 119 17 27 90 16587 1 565294 57526 1.5 18 12 5 13 52%   0 34138 130 85%
c - 17.40 119 17 27 91 16594 1 574780 57406 1.5 18 12 5 13 52%   0 34138 130 85%
c u 17.57 120 17 27 91 16595 1 579064 60469 1.5 18 12 5 13 53%   0 34138 130 85%
c v 17.62 121 17 27 91 16595 1 579064 60352 1.5 18 12 5 13 53%   0 34138 130 85%
c
c seconds    switched     rate          size/glue  tier1    binary       remaining
c         MB   reductions   conflicts         size   tier2     irredundant
c          level    restarts       redundant     glue    trail       variables
c
c w 17.64 121 17 27 91 16595 1 579064 60332 1.5 18 12 5 13 53%   0 34138 130 85%
c x 17.69 121 17 27 91 16595 1 579064 60310 1.5 18 12 5 13 53%   0 33853 130 85%
c - 17.82 121 17 27 92 16599 1 584319 56899 1.5 18 12 5 13 53%   0 33853 130 85%
c - 18.06 121 17 27 93 16602 1 593910 55885 1.5 18 12 5 13 53%   0 33853 130 85%
c I 18.10 121 17 27 93 16602 1 595640 57306 1.5 18 12 5 13 53%   0 33853 130 85%
c o 18.10 121 17 27 93 16602 1 595640 57306 1.5 18 12 5 13 53%   0 33853 130 85%
c - 18.26 121 17 27 94 16603 1 603554 55627 1.5 18 12 5 13 53%   0 33853 130 85%
c ] 18.36 121 17 28 94 16603 1 607948 59637 1.5 18 12 5 13 53%   0 33853 130 85%
c { 18.36 121 14 28 94 16603 2 607948 59637 1.6 14 9 4 9 51%   0 33853 130 85%
c - 18.62 121 14 28 95 17130 2 613251 56812 1.6 14 9 4 9 51%   0 33853 130 85%
c - 18.99 121 14 28 96 17669 2 622997 58306 1.6 14 9 4 9 51%   0 33853 130 85%
c - 19.43 121 14 28 97 18507 2 632794 59434 1.6 14 9 4 9 51%   0 33853 130 85%
c s 19.75 121 14 28 97 18792 2 639664 64872 1.6 14 9 4 9 51%   0 32874 130 85%
c - 19.91 121 14 28 98 19119 2 642642 60291 1.6 14 9 4 9 51%   0 32874 130 85%
c u 20.29 121 14 28 98 19620 2 650526 66186 1.6 14 9 4 9 51%   0 32874 130 85%
c v 20.35 121 14 28 98 19620 2 650526 64464 1.6 14 9 4 9 51%   0 32874 130 85%
c w 20.38 121 14 28 98 19620 2 650526 64219 1.6 14 9 4 9 51%   0 32874 130 85%
c x 20.43 120 14 28 98 19620 2 650526 64214 1.6 14 9 4 9 51%   0 32747 130 85%
c - 20.52 121 14 28 99 19828 2 652542 59047 1.6 14 9 4 9 51%   0 32747 130 85%
c } 20.69 121 14 29 99 20275 2 656086 62209 1.6 14 9 4 9 51%   0 32747 130 85%
c
c seconds    switched     rate          size/glue  tier1    binary       remaining
c         MB   reductions   conflicts         size   tier2     irredundant
c          level    restarts       redundant     glue    trail       variables
c
c [ 20.69 121 17 29 99 20275 1 656086 62209 1.5 18 12 5 13 53%   0 32747 130 85%
c - 20.87 121 17 29 100 20280 1 662492 61384 1.5 18 11 5 13 52%   0 32747 130 85%
c B 20.89 121 17 29 100 20280 1 663323 62062 1.5 18 11 5 13 52%   0 32747 130 85%
c - 21.13 121 17 29 101 20284 1 672493 61403 1.6 18 12 5 13 53%   0 32747 130 85%
c - 21.41 121 17 29 102 20289 1 682542 60744 1.6 18 12 5 13 53%   0 32747 130 85%
c - 21.67 121 18 29 103 20292 1 692642 60577 1.6 18 12 5 13 53%   0 32747 130 85%
c - 21.98 121 18 29 104 20298 1 702790 60370 1.6 18 12 5 13 53%   0 32747 130 85%
c - 22.27 121 18 29 105 20303 1 712989 61778 1.6 18 12 5 13 53%   0 32747 130 85%
c - 22.56 121 18 29 106 20305 1 723237 62282 1.6 18 12 5 13 53%   0 32747 130 85%
c u 22.72 122 18 29 106 20305 1 726718 64456 1.6 18 12 5 13 53%   0 32747 130 85%
c v 22.78 123 18 29 106 20305 1 726718 64413 1.6 18 12 5 13 53%   0 32747 130 85%
c w 22.80 123 18 29 106 20305 1 726718 64380 1.6 18 12 5 13 53%   0 32747 130 85%
c x 22.85 123 18 29 106 20305 1 726718 64378 1.6 18 12 5 13 53%   0 32564 130 85%
c o 23.13 125 18 29 106 20305 1 726718 64378 1.6 18 12 5 13 53%   0 32564 130 85%
c ] 23.21 125 17 30 106 20305 1 730628 67805 1.6 18 12 5 13 53%   0 32564 130 85%
c { 23.21 125 14 30 106 20305 2 730628 67805 1.6 14 9 4 9 51%   0 32564 130 85%
c - 23.31 125 14 30 107 20355 2 733532 61408 1.6 14 9 4 9 51%   0 32564 130 85%
c - 23.70 125 14 30 108 20784 2 743878 63014 1.6 14 9 4 9 50%   0 32564 130 85%
c - 24.11 125 14 30 109 21464 2 754270 63999 1.5 14 9 4 9 50%   0 32564 130 85%
c - 24.49 125 14 30 110 21884 2 764711 65539 1.5 14 9 4 9 50%   0 32564 130 85%
c
c seconds    switched      rate          size/glue tier1   binary       remaining
c         MB   reductions    conflicts         size  tier2    irredundant
c          level     restarts       redundant    glue   trail       variables
c
c - 24.90 125 14 30 111 22509 2 775200 67235 1.6 14 9 4 9 50%   0 32564 130 85%
c } 25.36 125 14 31 111 23427 2 785063 75577 1.5 14 9 4 9 50%   0 32564 130 85%
c [ 25.36 125 17 31 111 23427 1 785063 75577 1.6 18 12 5 13 53%   0 32564 130 85%
c W 25.38 125 17 31 111 23427 1 785063 75577 1.6 18 12 5 13 53%   0 32564 130 85%
c - 25.41 129 17 31 112 23427 1 785735 67653 1.6 18 12 5 13 53%   0 32564 130 85%
c - 25.69 132 17 31 113 23433 1 796318 67236 1.6 18 12 4 13 53%   0 32564 130 85%
c - 25.98 132 17 31 114 23440 1 806948 66945 1.6 18 12 4 13 53%   0 32564 130 85%
c u 26.06 132 17 31 114 23440 1 807556 66462 1.6 18 12 4 13 53%   0 32564 130 85%
c v 26.13 133 17 31 114 23440 1 807556 66402 1.6 18 12 4 13 53%   0 32564 130 85%
c w 26.16 133 17 31 114 23440 1 807556 66352 1.6 18 12 4 13 53%   0 32564 130 85%
c x 26.22 133 17 31 114 23440 1 807556 66343 1.6 18 12 4 13 53%   0 31728 130 85%
c - 26.56 133 17 31 115 23441 1 817625 66692 1.6 18 12 4 13 53%   0 31728 130 85%
c s 26.80 133 17 31 115 23447 1 824359 72433 1.6 18 12 4 13 53%   0 30685 130 85%
c - 26.92 133 17 31 116 23448 1 828348 67538 1.6 18 12 4 13 53%   0 30685 130 85%
c - 27.22 133 17 31 117 23455 1 839118 68205 1.6 18 11 4 13 53%   0 30685 130 85%
c - 27.53 133 17 31 118 23456 1 849934 68584 1.6 18 11 4 13 53%   0 30685 130 85%
c - 27.83 133 17 31 119 23457 1 860796 66891 1.6 18 11 4 12 53%   0 30685 130 85%
c ] 27.87 133 17 32 119 23457 1 862203 68050 1.6 18 11 4 12 53%   0 30685 130 85%
c { 27.87 133 14 32 119 23457 2 862203 68050 1.5 14 9 4 9 50%   0 30685 130 85%
c o 27.87 133 14 32 119 23465 2 862262 68095 1.5 14 9 4 9 50%   0 30685 130 85%
c
c seconds    switched      rate          size/glue tier1   binary       remaining
c         MB   reductions    conflicts         size  tier2    irredundant
c          level     restarts       redundant    glue   trail       variables
c
c - 28.25 133 14 32 120 23828 2 871705 68245 1.6 14 9 4 9 50%   0 30685 130 85%
c - 28.67 133 13 32 121 24102 2 882660 69349 1.5 14 9 4 9 50%   1 30685 130 85%
c u 29.16 133 13 32 121 24735 2 893224 76959 1.5 14 9 4 9 50%   1 30685 130 85%
c v 29.23 132 13 32 121 24735 2 893224 75595 1.5 14 9 4 9 50%   1 30685 130 85%
c w 29.25 133 13 32 121 24735 2 893224 75397 1.5 14 9 4 9 50%   1 30685 130 85%
c x 29.31 133 13 32 121 24735 2 893224 75382 1.5 14 9 4 9 50%   1 29305 130 85%
c - 29.35 137 13 32 122 24823 2 893663 67399 1.5 14 9 4 9 50%   1 29305 130 85%
c - 29.83 137 13 32 123 25671 2 904709 69465 1.6 14 9 4 9 50%   1 29305 130 85%
c - 30.30 141 13 32 124 26287 2 915799 71093 1.6 14 9 4 9 50%   1 29305 130 85%
c } 30.60 141 13 33 124 26668 2 923308 77401 1.6 14 9 4 9 50%   1 29305 130 85%
c [ 30.60 141 17 33 124 26668 1 923308 77401 1.6 18 11 4 12 53%   1 29305 130 85%
c O 30.60 141 17 33 124 26668 1 923308 77401 1.6 18 11 4 12 53%   1 29305 130 85%
c - 30.72 141 17 33 125 26670 1 926935 72060 1.5 18 11 4 12 53%   1 29305 130 85%
c - 31.09 141 16 33 126 26677 1 938115 71862 1.5 18 11 4 12 53%   1 29305 130 85%
c - 31.48 141 16 33 127 26682 1 949339 70883 1.5 18 11 4 12 53%   1 29305 130 85%
c - 31.86 141 16 33 128 26686 1 960608 71256 1.5 17 11 4 12 53%   1 29305 130 85%
c - 32.24 141 16 33 129 26692 1 971924 72853 1.5 17 11 4 12 53%   1 29305 130 85%
c - 32.63 141 16 33 130 26697 1 983282 73784 1.6 17 11 4 12 54%   1 29305 130 85%
c u 32.74 141 16 33 130 26697 1 984174 73352 1.6 17 11 4 12 54%   1 29305 130 85%
c v 32.83 141 16 33 130 26697 1 984174 71490 1.6 17 11 4 12 54%   1 29305 130 85%
c
c seconds    switched      rate          size/glue  tier1    binary       remaining
c         MB   reductions    conflicts         size   tier2     irredundant
c          level     restarts       redundant     glue    trail       variables
c
c w 32.86 141 16 33 130 26697 1 984174 71114 1.6 17 11 4 12 54%   1 29305 130 85%
c x 32.93 141 16 33 130 26697 1 984174 71068 1.6 17 11 4 12 54%   1 28353 130 85%
c - 33.30 142 16 33 131 26698 1 994686 71605 1.5 17 11 4 12 53%   1 28353 130 85%
c ] 33.38 142 15 34 131 26698 1 997480 73872 1.5 17 11 4 12 53%   1 28353 130 85%
c { 33.38 142 13 34 131 26698 2 997480 73872 1.6 14 9 4 9 50%   1 28353 130 85%
c o 33.40 142 13 34 131 26737 2 997940 74249 1.6 14 9 4 9 50%   1 28353 130 85%
c - 33.80 142 13 34 132 27128 2 1006131 65570 1.6 14 9 3 9 50%   1 28353 130 85%
c - 34.29 146 13 34 133 27725 2 1017621 64475 1.6 14 9 3 9 50%   1 28353 130 85%
c - 34.75 146 13 34 134 28115 2 1029154 64813 1.6 14 9 3 9 50%   1 28353 130 85%
c s 35.12 146 13 34 134 28238 2 1038438 72117 1.6 14 9 3 9 50%   1 27912 130 85%
c - 35.25 146 13 34 135 28408 2 1040731 65110 1.6 14 9 3 9 50%   1 27912 130 85%
c - 35.71 146 13 34 136 28968 2 1052349 65647 1.6 14 9 3 9 50%   1 27912 130 85%
c - 36.11 146 13 34 137 29157 2 1064012 66541 1.6 13 9 3 9 50%   2 27912 130 85%
c } 36.19 146 13 35 137 29263 2 1065626 67929 1.6 13 9 3 9 50%   2 27912 130 85%
c [ 36.19 146 15 35 137 29263 1 1065626 67929 1.5 17 11 4 12 53%   2 27912 130 85%
c B 36.19 146 15 35 137 29263 1 1065626 67929 1.5 17 11 4 12 53%   2 27912 130 85%
c - 36.48 146 15 35 138 29269 1 1075721 66429 1.6 17 11 4 12 53%   2 27912 130 85%
c u 36.70 146 15 35 138 29272 1 1080186 68451 1.6 17 11 4 12 54%   2 27912 130 85%
c v 36.80 147 15 35 138 29272 1 1080186 67925 1.6 17 11 4 12 54%   2 27912 130 85%
c w 36.83 147 15 35 138 29272 1 1080186 67880 1.6 17 11 4 12 54%   2 27912 130 85%
c
c seconds    switched      rate           size/glue  tier1    binary       remaining
c         MB   reductions     conflicts         size   tier2     irredundant
c          level     restarts        redundant     glue    trail       variables
c
c x 36.91 147 15 35 138 29272 1 1080186 67862 1.6 17 11 4 12 54%   2 26684 130 85%
c - 37.15 147 15 35 139 29276 1 1087469 62713 1.6 17 11 4 12 54%   2 26684 130 85%
c - 37.51 147 15 35 140 29278 1 1099258 63115 1.6 17 11 4 12 53%   2 26684 130 85%
c - 37.87 147 15 35 141 29285 1 1111090 63849 1.6 17 11 4 12 53%   2 26684 130 85%
c - 38.22 147 15 35 142 29291 1 1122964 64108 1.6 17 11 4 12 54%   2 26684 130 85%
c - 38.56 147 15 35 143 29293 1 1134881 64418 1.5 17 11 4 12 53%   2 26684 130 85%
c - 38.89 147 15 35 144 29293 1 1146839 65309 1.6 16 11 4 12 53%   2 26684 130 85%
c W 39.14 149 15 35 144 29299 1 1155426 72530 1.6 16 11 4 12 53%   2 26684 130 85%
c o 39.14 149 15 35 144 29299 1 1155426 72530 1.6 16 11 4 12 53%   2 26684 130 85%
c - 39.25 156 15 35 145 29300 1 1158841 64756 1.6 17 11 4 12 54%   2 26684 130 85%
c ] 39.47 156 15 36 145 29305 1 1166115 71315 1.6 17 11 4 12 54%   2 26684 130 85%
c { 39.47 156 13 36 145 29305 2 1166115 71315 1.6 13 9 3 9 50%   2 26684 130 85%
c - 39.66 156 13 36 146 29566 2 1170883 63791 1.6 13 9 3 9 50%   2 26684 130 85%
c u 40.12 157 13 36 146 29863 2 1181554 69359 1.6 13 8 3 9 50%   3 26683 130 85%
c v 40.19 157 13 36 146 29863 2 1181554 64327 1.6 13 8 3 9 50%   3 26683 130 85%
c w 40.22 158 13 36 146 29863 2 1181554 64310 1.6 13 8 3 9 50%   3 26683 130 85%
c x 40.28 158 13 36 146 29863 2 1181554 64301 1.6 13 8 3 9 50%   3 26528 130 85%
c - 40.35 158 13 36 147 30023 2 1182967 57563 1.6 13 8 3 9 50%   3 26528 130 85%
c - 40.88 158 13 36 148 31149 2 1195092 60723 1.6 13 9 3 9 50%   3 26528 130 85%
c - 41.33 158 13 36 149 31577 2 1207257 64159 1.6 13 8 3 9 50%   4 26527 130 85%
c
c seconds    switched      rate           size/glue tier1   binary       remaining
c         MB   reductions     conflicts         size  tier2    irredundant
c          level     restarts        redundant    glue   trail       variables
c
c - 41.85 158 13 36 150 32561 2 1219463 65938 1.6 13 9 3 9 50%   4 26527 130 85%
c - 42.30 158 13 36 151 33216 2 1231712 66668 1.6 13 9 3 9 50%   4 26527 130 85%
c } 42.73 158 13 37 151 34031 2 1241671 75301 1.6 13 9 3 9 50%   4 26527 130 85%
c [ 42.73 158 15 37 151 34031 1 1241671 75301 1.6 17 11 4 12 54%   4 26527 130 85%
c - 42.81 158 15 37 152 34033 1 1244000 67274 1.6 17 11 4 12 54%   4 26527 130 85%
c I 43.00 158 15 37 152 34037 1 1251140 72638 1.6 17 11 4 12 53%   4 26527 130 85%
c - 43.17 158 15 37 153 34040 1 1256328 67270 1.6 17 11 4 12 53%   4 26527 130 85%
c - 43.53 158 15 37 154 34045 1 1268699 67248 1.6 16 10 4 12 54%   4 26527 130 85%
c - 43.87 158 14 37 155 34051 1 1281109 67910 1.6 16 10 4 12 53%   4 26527 130 85%
c s 43.96 158 14 37 155 34052 1 1284022 70340 1.6 16 10 4 12 53%   4 25347 130 85%
c u 44.15 158 14 37 155 34053 1 1287901 72838 1.6 16 10 4 12 53%   4 25347 130 85%
c v 44.25 158 14 37 155 34053 1 1287901 72359 1.6 16 10 4 12 53%   4 25347 130 85%
c w 44.29 157 14 37 155 34053 1 1287901 72044 1.6 16 10 4 12 53%   4 25347 130 85%
c x 44.37 158 14 37 155 34053 1 1287901 72028 1.6 16 10 4 12 53%   4 25101 130 85%
c - 44.54 165 14 37 156 34058 1 1293558 66130 1.6 16 10 4 12 53%   4 25101 130 85%
c - 44.93 165 14 37 157 34060 1 1306047 66466 1.6 16 10 4 12 53%   4 25101 130 85%
c - 45.31 165 14 37 158 34061 1 1318580 67674 1.6 16 10 4 12 53%   4 25101 130 85%
c - 45.69 165 14 37 159 34067 1 1331150 69605 1.6 16 10 4 12 53%   4 25101 130 85%
c - 46.09 165 13 37 160 34074 1 1343759 68771 1.6 15 10 4 11 53%   5 25101 130 85%
c ] 46.10 165 13 38 160 34074 1 1344419 69374 1.6 15 10 4 11 53%   5 25101 130 85%
c
c seconds    switched      rate           size/glue tier1   binary       remaining
c         MB   reductions     conflicts         size  tier2    irredundant
c          level     restarts        redundant    glue   trail       variables
c
c { 46.10 165 13 38 160 34074 2 1344419 69374 1.6 13 9 3 9 50%   5 25101 130 85%
c o 46.38 165 13 38 160 34151 2 1354100 77444 1.6 13 9 3 9 50%   5 25101 130 85%
c - 46.48 165 13 38 161 34186 2 1356408 70287 1.6 14 9 3 9 50%   5 25101 130 85%
c - 46.96 165 13 38 162 34504 2 1369097 71501 1.6 14 8 3 9 51%   5 25101 130 85%
c - 47.48 165 12 38 163 34863 2 1381825 72209 1.6 14 8 3 9 51%   5 25101 130 85%
c - 48.03 165 12 38 164 35185 2 1394593 72805 1.6 14 8 3 9 51%   5 25101 130 85%
c u 48.30 166 12 38 164 35217 2 1399760 76263 1.6 14 8 3 9 52%   5 25101 130 85%
c v 48.40 166 12 38 164 35217 2 1399760 76200 1.6 14 8 3 9 52%   5 25101 130 85%
c w 48.43 166 12 38 164 35217 2 1399760 76170 1.6 14 8 3 9 52%   5 25101 130 85%
c x 48.51 166 12 38 164 35217 2 1399760 76165 1.6 14 8 3 9 52%   5 24363 130 85%
c - 49.46 167 12 38 165 35374 2 1407399 72283 1.6 14 8 3 9 52%   5 24363 130 85%
c - 49.96 167 12 38 166 35716 2 1420245 72838 1.7 14 8 3 9 52%   5 24363 130 85%
c } 50.19 167 12 39 166 35757 1 1427753 78801 1.7 14 8 3 9 52%   5 24363 130 85%
c [ 50.19 167 13 39 166 35757 1 1427753 78801 1.6 15 10 4 11 53%   5 24363 130 85%
c B 50.19 167 13 39 166 35757 1 1427753 78801 1.6 15 10 4 11 53%   5 24363 130 85%
c - 50.34 167 13 39 167 35761 1 1433130 72215 1.6 15 10 4 11 53%   5 24363 130 85%
c - 50.79 167 13 39 168 35768 1 1446052 70721 1.6 15 10 4 11 53%   6 24363 130 85%
c - 51.20 167 13 39 169 35771 1 1459015 70618 1.6 15 10 3 11 53%   6 24363 130 85%
c - 51.65 167 13 39 170 35778 1 1472016 71152 1.6 15 9 3 11 53%   6 24363 130 85%
c - 52.09 167 13 39 171 35785 1 1485054 72493 1.6 15 9 3 11 53%   7 24363 130 85%
c
c seconds    switched      rate           size/glue tier1    binary       remaining
c         MB   reductions     conflicts         size  tier2     irredundant
c          level     restarts        redundant    glue    trail       variables
c
c i 52.49 167 12 39 171 35787 1 1496669 80457 1.6 14 9 3 11 52%  16 24363 129 84%
c - 52.54 167 12 39 172 35787 1 1498133 57368 1.6 14 9 3 11 53%   6 24363 129 84%
c - 52.92 167 13 39 173 35789 1 1511248 61879 1.6 15 9 3 11 52%   6 24363 129 84%
c u 53.18 167 13 39 173 35793 1 1516935 65133 1.6 15 9 3 11 52%   5 24350 129 84%
c v 53.28 167 13 39 173 35793 1 1516935 63761 1.6 15 9 3 11 52%   5 24350 129 84%
c w 53.32 167 13 39 173 35793 1 1516935 63149 1.6 15 9 3 11 52%   5 24350 129 84%
c x 53.40 167 13 39 173 35793 1 1516935 63146 1.6 15 9 3 11 52%   5 24213 129 84%
c o 53.40 167 13 39 173 35793 1 1516935 63146 1.6 15 9 3 11 52%   5 24213 129 84%
c ] 53.55 167 13 40 173 35794 1 1521647 67565 1.6 15 9 3 11 52%   5 24213 129 84%
c { 53.55 167 12 40 173 35794 1 1521647 67565 1.7 14 8 3 9 52%   5 24213 129 84%
c - 53.67 167 12 40 174 35991 2 1524401 63882 1.7 14 8 3 9 52%   5 24213 129 84%
c - 54.20 167 12 40 175 36804 2 1537592 67377 1.6 14 8 3 9 51%   5 24213 129 84%
c - 54.72 167 12 40 176 37449 2 1550820 70146 1.6 14 8 3 9 51%   5 24213 129 84%
c s 55.21 167 12 40 176 38002 2 1563006 79669 1.6 13 8 3 9 51%   5 23577 129 84%
c - 55.26 167 12 40 177 38002 2 1564088 71516 1.6 13 8 3 9 51%   5 23577 129 84%
c - 55.80 167 12 40 178 38592 2 1577393 72154 1.6 13 8 3 9 51%   7 23577 129 84%
c - 56.36 167 12 40 179 39066 2 1590734 72940 1.6 13 8 3 8 51%   9 23575 129 84%
c - 56.92 167 12 40 180 39985 2 1604113 73142 1.6 13 8 3 8 51%   9 23575 129 84%
c } 57.28 167 12 41 180 40462 2 1613119 80249 1.6 13 8 3 8 51%   9 23575 129 84%
c [ 57.28 167 13 41 180 40462 1 1613119 80249 1.6 15 9 3 11 52%   9 23575 129 84%
c
c seconds    switched      rate           size/glue tier1    binary       remaining
c         MB   reductions     conflicts         size  tier2     irredundant
c          level     restarts        redundant    glue    trail       variables
c
c W 57.29 167 13 41 180 40462 1 1613119 80249 1.6 15 9 3 11 52%   9 23575 129 84%
c - 57.43 167 13 41 181 40465 1 1617529 72814 1.6 15 9 3 11 52%   9 23575 129 84%
c - 57.93 167 13 41 182 40473 1 1630983 72335 1.6 15 9 3 11 52%  10 23575 129 84%
c i 58.14 167 13 41 182 40475 1 1636057 75761 1.6 15 9 3 11 52%  20 23575 128 84%
c u 58.35 167 13 41 182 40476 1 1639275 59003 1.6 15 9 3 11 52%  21 23560 128 84%
c v 58.47 167 13 41 182 40476 1 1639275 58801 1.6 15 9 3 11 52%  21 23560 128 84%
c w 58.51 167 13 41 182 40476 1 1639275 58610 1.6 15 9 3 11 52%  21 23560 128 84%
c x 58.61 167 13 41 182 40476 1 1639275 58558 1.6 15 9 3 11 52%  21 21830 128 84%
c - 58.80 167 13 41 183 40476 1 1644474 55076 1.6 15 9 3 11 52%   9 21830 128 84%
c - 59.27 167 13 41 184 40483 1 1658001 61982 1.6 14 9 3 11 52%   9 21830 128 84%
c - 59.75 167 12 41 185 40491 1 1671568 67245 1.6 14 9 3 11 52%  12 21830 128 84%
c i 59.77 167 12 41 185 40491 1 1672006 67473 1.6 14 9 3 11 52%  18 21830 125 82%
c i 59.91 167 12 41 185 40491 1 1676219 70640 1.6 14 9 3 11 52%  24 21830 124 81%
c i 60.04 167 12 41 185 40492 1 1679867 73116 1.6 14 9 3 11 52%  30 21830 119 78%
c i 60.07 167 12 41 185 40492 1 1680709 73693 1.6 14 9 3 11 52%  33 21830 116 76%
c i 60.08 167 12 41 185 40492 1 1680980 73860 1.6 14 9 3 11 52%  39 21830 115 75%
c i 60.08 167 12 41 185 40492 1 1681106 73934 1.6 14 9 3 11 52%  45 21830 111 73%
c i 60.08 167 12 41 185 40492 1 1681116 73935 1.6 14 9 3 11 52%  49 21830 102 67%
c ] 60.08 167 12 41 185 40492 1 1681122 73936 1.6 14 9 3 11 52%  50 21830 50 33%
c 0 60.08 167 12 41 185 40492 2 1681122 73936 1.6 13 8 3 8 51%  50 21830 50 33%
c
c ---- [ result ] ------------------------------------------------------------
c
s UNSATISFIABLE
c
c ---- [ profiling ] ---------------------------------------------------------
c
c          53.96   89.82 %  search
c          27.48   45.73 %  focused
c          26.49   44.09 %  stable
c           6.10   10.15 %  simplify
c           5.40    8.99 %  probe
c           4.16    6.92 %  vivify
c           1.11    1.85 %  sweep
c           0.64    1.06 %  eliminate
c           0.63    1.04 %  reduce
c           0.57    0.94 %  subsume
c           0.11    0.18 %  substitute
c           0.07    0.12 %  walking
c           0.01    0.02 %  preprocess
c           0.01    0.01 %  congruence
c           0.01    0.01 %  factor
c           0.01    0.01 %  parse
c           0.00    0.01 %  transitive
c           0.00    0.00 %  lucky
c           0.00    0.00 %  backbone
c =============================================
c          60.08  100.00 %  total
c
c ---- [ statistics ] --------------------------------------------------------
c
c conflicts:                          1681122            27981.28 per second
c decisions:                          2423187                1.44 per conflict
c eliminated:                              23               15 %  variables
c iterations:                              10                7 %  variables
c propagations:                      35280018           587215    per second
c reductions:                             185             9087    interval
c reordered:                               17            98890    interval
c rephased:                                29            57970    interval
c restarts:                             40492               42    interval
c subsumed:                             11260                0 %  checks
c switched:                                41            41003    interval
c vivified:                             74016               44 %  checks
c walks:                                   10           168112    interval
c
c ---- [ glue usage ] --------------------------------------------------------
c
c focused glue 3   used 342316 clauses 12.19% accumulated 61.37% tier1
c focused glue 4   used 206822 clauses  7.36% accumulated 68.73%
c focused glue 5-6 used 359850 clauses 12.81% accumulated 81.54%
c focused glue 7   used 135459 clauses  4.82% accumulated 86.36%
c focused glue 8   used 111456 clauses  3.97% accumulated 90.33% tier2
c
c stable glue 3   used  657933 clauses 12.56% accumulated 53.55% tier1
c stable glue 4   used  462959 clauses  8.84% accumulated 62.39%
c stable glue 5-9 used 1254407 clauses 23.95% accumulated 86.34%
c stable glue 10  used  145281 clauses  2.77% accumulated 89.12%
c stable glue 11  used  129881 clauses  2.48% accumulated 91.60% tier2
c
c ---- [ resources ] ---------------------------------------------------------
c
c maximum-resident-set-size:     179096780800 bytes     170800 MB
c process-time:                             1m              60.08 seconds
c
c ---- [ shutting down ] -----------------------------------------------------
c
c exit 20
