c ---- [ banner ] ------------------------------------------------------------
c
c Kissat SAT Solver
c 
c Copyright (c) 2021-2024 Armin Biere University of Freiburg
c Copyright (c) 2019-2021 Armin Biere Johannes Kepler University Linz
c 
c Version 4.0.4 8af8e56f174b778aef3aa45af9f739b2a5f492c2
c Apple clang version 17.0.0 (clang-1700.6.3.2) -W -Wall -O3 -DNDEBUG
c Mon Mar 30 18:25:47 CEST 2026 Darwin Mac 24.6.0 arm64
c
c ---- [ parsing ] -----------------------------------------------------------
c
c opened and reading DIMACS file:
c
c   tmp.cnf
c
c parsed 'p cnf 153 21624' header
c closing input after reading 483445 bytes (472 KB)
c finished parsing after 0.00 seconds
c
c ---- [ solving ] -----------------------------------------------------------
c
c seconds switched rate     size/glue tier1 binary       remaining
c        MB reductions conflicts size  tier2   irredundant
c         level restarts redundant glue  trail       variables
c
c *  0.00  5 0 0 0  0 0   0   0 0.0 0 0 0 0 0%   0 21624 153 100%
c (  0.00  5 0 0 0  0 0   0   0 0.0 0 0 0 0 0%   0 21624 153 100%
c .  0.00  5 0 0 0  0 0   0   0 0.0 0 0 0 0 0%   0 21624 153 100%
c f  0.12  7 0 0 0  0 0   0   0 0.0 0 0 0 0 0% 276 5371 291 190%
c )  0.12  7 0 0 0  0 0   0   0 0.0 0 0 0 0 0% 276 5371 291 190%
c {  0.13  7 0 0 0  0 0   0   0 0.0 0 0 2 6 0% 276 5371 291 190%
c -  0.13  7 18 0 1 23 2 1000 620 1.4 13 9 6 12 41% 276 5371 291 190%
c }  0.13  7 18 1 1 23 2 1000 620 1.4 13 9 6 12 41% 276 5371 291 190%
c [  0.13  7 0 1 1 23 0 1000 620 0.0 0 0 2 6 0% 276 5371 291 190%
c B  0.13  7 17 1 1 23 0 1002 622 1.3 12 9 2 6 48% 276 5371 291 190%
c ]  0.13  7 14 2 1 23 1 1600 1180 1.7 15 9 6 11 47% 276 5371 291 190%
c {  0.13  7 18 2 1 23 2 1600 1180 1.4 13 9 6 12 41% 276 5371 291 190%
c -  0.13  7 17 2 2 48 2 2001 1459 1.5 13 9 7 12 42% 276 5371 291 190%
c }  0.14  7 16 3 2 48 2 2600 2017 1.5 13 9 7 12 44% 276 5371 291 190%
c [  0.14  7 14 3 2 48 1 2600 2017 1.7 15 9 6 11 47% 276 5371 291 190%
c W  0.14  7 14 3 2 48 1 2600 2017 1.7 15 9 6 11 47% 276 5371 291 190%
c u  0.14  7 19 3 2 48 1 3203 2512 1.5 16 11 7 15 46% 276 5371 291 190%
c v  0.15  7 19 3 2 48 1 3203 2482 1.5 16 11 7 15 46% 276 5371 291 190%
c w  0.15  7 19 3 2 48 1 3203 2443 1.5 16 11 7 15 46% 276 5371 291 190%
c ]  0.15  7 19 4 2 48 1 3309 2538 1.5 16 11 7 15 46% 276 5371 291 190%
c
c seconds  switched rate       size/glue tier1    binary      remaining
c        MB reductions conflicts     size  tier2    irredundant
c         level restarts  redundant    glue    trail      variables
c
c {  0.15  7 16 4 2 48 2 3309 2538 1.5 13 9 7 12 44% 276 5371 291 190%
c -  0.15  7 16 4 3 48 2 3415 2410 1.5 13 9 6 12 44% 276 5371 291 190%
c -  0.16  7 14 4 4 60 2 5148 3519 1.6 12 8 5 11 44% 276 5371 291 190%
c }  0.16  8 14 5 4 60 1 5664 3933 1.6 12 8 5 10 45% 276 5371 291 190%
c [  0.16  8 19 5 4 60 1 5664 3933 1.5 16 11 7 15 46% 276 5371 291 190%
c I  0.16  8 19 5 4 60 1 5664 3933 1.5 16 11 7 15 46% 276 5371 291 190%
c -  0.17  8 18 5 5 61 1 7152 4452 1.5 15 10 6 13 47% 276 5371 291 190%
c ]  0.18  8 18 6 5 62 1 7754 4998 1.5 15 10 6 13 48% 276 5371 291 190%
c {  0.18  8 14 6 5 62 1 7754 4998 1.6 12 8 5 10 45% 276 5371 291 190%
c -  0.18  8 13 6 6 77 1 9389 5530 1.6 12 7 5 10 45% 276 5371 291 190%
c u  0.19  9 13 6 6 81 1 9860 5847 1.6 12 7 5 10 45% 276 5371 291 190%
c v  0.19  9 13 6 6 81 1 9860 5798 1.6 12 7 5 10 45% 276 5371 291 190%
c w  0.19  9 13 6 6 81 1 9860 5781 1.6 12 7 5 10 45% 276 5371 291 190%
c o  0.21  9 12 6 6 83 1 11228 7045 1.6 12 7 5 10 45% 276 5371 291 190%
c i  0.21  9 12 6 6 84 1 11276 7067 1.6 11 7 5 10 45% 286 5371 290 190%
c }  0.22  9 12 7 6 99 1 11823 7566 1.6 11 7 5 10 45% 286 5371 290 190%
c [  0.22  9 18 7 6 99 1 11823 7566 1.5 15 10 6 13 48% 286 5371 290 190%
c B  0.22  9 18 7 6 99 1 11823 7566 1.5 15 10 6 13 48% 286 5371 290 190%
c -  0.22  9 18 7 7 99 1 11838 6716 1.5 15 10 6 13 48% 275 5371 290 190%
c -  0.23  9 17 7 8 101 1 14484 7790 1.5 15 10 6 13 48% 275 5371 290 190%
c
c seconds  switched  rate        size/glue  tier1    binary      remaining
c        MB reductions conflicts       size   tier2    irredundant
c         level restarts    redundant     glue    trail      variables
c
c ]  0.24  9 17 8 8 101 1 15596 8745 1.5 15 10 6 13 48% 275 5371 290 190%
c {  0.24  9 12 8 8 101 1 15596 8745 1.6 11 7 5 10 45% 275 5371 290 190%
c e  0.25 10 12 8 8 160 2 16001 9111 1.6 11 7 5 10 44% 275 4383 279 182%
c ^  0.25 10 12 8 8 160 2 16001 9111 1.6 11 7 5 10 44% 275 4383 279 182%
c -  0.26 11 12 8 9 181 2 17312 8721 1.6 11 7 5 9 44% 276 4383 279 182%
c u  0.29 12 12 8 9 484 2 20198 11200 1.6 11 7 5 9 43% 276 4383 279 182%
c v  0.29 12 12 8 9 484 2 20198 11167 1.6 11 7 5 9 43% 276 4383 279 182%
c w  0.29 12 12 8 9 484 2 20198 11166 1.6 11 7 5 9 43% 276 4383 279 182%
c f  0.29 12 12 8 9 484 2 20198 11166 1.6 11 7 5 9 43% 292 4213 287 188%
c u  0.30 12 12 8 9 484 2 20198 11054 1.6 11 7 5 9 43% 292 4213 287 188%
c v  0.30 12 12 8 9 484 2 20198 10990 1.6 11 7 5 9 43% 292 4213 287 188%
c w  0.30 12 12 8 9 484 2 20198 10958 1.6 11 7 5 9 43% 292 4213 287 188%
c f  0.30 12 12 8 9 484 2 20198 10958 1.6 11 7 5 9 43% 312 4088 297 194%
c -  0.31 13 12 8 10 515 2 20312 9773 1.6 11 7 5 9 43% 312 4088 297 194%
c o  0.31 13 12 8 10 566 2 21362 10736 1.6 11 7 5 9 43% 312 4088 297 194%
c }  0.32 13 12 9 10 605 2 21755 11064 1.6 11 7 5 9 43% 312 4088 297 194%
c [  0.32 13 17 9 10 605 1 21755 11064 1.5 15 10 6 13 48% 312 4088 297 194%
c W  0.32 13 17 9 10 605 1 21755 11064 1.5 15 10 6 13 48% 312 4088 297 194%
c -  0.33 14 16 9 11 606 1 23474 11095 1.5 15 10 5 12 47% 312 4088 297 194%
c -  0.36 14 16 9 12 608 1 26790 12151 1.5 14 10 5 12 46% 312 4088 297 194%
c
c seconds   switched   rate         size/glue  tier1    binary      remaining
c        MB   reductions conflicts        size   tier2    irredundant
c         level   restarts     redundant     glue    trail      variables
c
c ]  0.37 14 16 10 12 610 1 28281 13496 1.5 15 10 5 12 47% 312 4088 297 194%
c {  0.37 14 12 10 12 610 2 28281 13496 1.6 11 7 5 9 43% 312 4088 297 194%
c -  0.40 14 12 10 13 877 2 30255 13291 1.6 11 7 5 9 43% 312 4088 297 194%
c s  0.42 14 12 10 13 1101 2 32486 15291 1.6 11 7 5 9 43% 313 4087 297 194%
c e  0.42 14 12 10 13 1101 2 32486 15291 1.6 11 7 5 9 43% 308 4087 289 189%
c ^  0.42 14 12 10 13 1101 2 32486 15291 1.6 11 7 5 9 43% 308 4087 289 189%
c -  0.44 14 12 10 14 1317 2 33860 14287 1.5 11 7 5 9 43% 308 4087 289 189%
c u  0.46 17 13 10 14 1490 2 35003 15199 1.5 11 7 5 9 43% 308 4087 289 189%
c v  0.47 17 13 10 14 1490 2 35003 15104 1.5 11 7 5 9 43% 308 4087 289 189%
c w  0.47 17 13 10 14 1490 2 35003 15094 1.5 11 7 5 9 43% 308 4087 289 189%
c f  0.50 17 13 10 14 1490 2 35003 15094 1.5 11 7 5 9 43% 336 3943 302 197%
c u  0.50 17 13 10 14 1490 2 35003 15024 1.5 11 7 5 9 43% 336 3943 302 197%
c v  0.51 17 13 10 14 1490 2 35003 14917 1.5 11 7 5 9 43% 336 3943 302 197%
c w  0.51 17 13 10 14 1490 2 35003 14913 1.5 11 7 5 9 43% 336 3943 302 197%
c }  0.53 17 13 11 14 1632 2 36914 16586 1.5 11 7 5 9 43% 336 3943 302 197%
c [  0.53 17 16 11 14 1632 1 36914 16586 1.5 15 10 5 12 47% 336 3943 302 197%
c O  0.53 17 16 11 14 1632 1 36914 16586 1.5 15 10 5 12 47% 336 3943 302 197%
c -  0.54 18 16 11 15 1632 1 37602 15510 1.5 15 10 5 12 47% 336 3943 302 197%
c -  0.57 18 16 11 16 1635 1 41475 16606 1.5 15 10 5 12 46% 336 3943 302 197%
c -  0.61 18 16 11 17 1638 1 45475 17762 1.5 15 10 5 12 46% 336 3943 302 197%
c
c seconds   switched    rate         size/glue  tier1    binary      remaining
c        MB   reductions  conflicts        size   tier2    irredundant
c         level    restarts     redundant     glue    trail      variables
c
c B  0.62 18 16 11 17 1638 1 46676 18825 1.5 15 10 5 12 46% 336 3943 302 197%
c o  0.62 18 16 11 17 1638 1 46676 18825 1.5 15 10 5 12 46% 336 3943 302 197%
c ]  0.64 18 16 12 17 1638 1 49031 21030 1.5 15 10 5 12 46% 336 3943 302 197%
c {  0.64 18 13 12 17 1638 2 49031 21030 1.5 11 7 5 9 43% 336 3943 302 197%
c -  0.65 19 13 12 18 1725 2 49598 19079 1.5 11 7 5 9 43% 336 3943 302 197%
c -  0.71 19 13 12 19 2015 2 53840 17997 1.5 11 7 4 9 43% 337 3943 302 197%
c u  0.73 19 13 12 19 2053 2 54151 18132 1.5 11 7 4 9 43% 337 3943 302 197%
c v  0.73 19 13 12 19 2053 2 54151 18030 1.5 11 7 4 9 43% 337 3943 302 197%
c w  0.74 19 13 12 19 2053 2 54151 18015 1.5 11 7 4 9 43% 337 3943 302 197%
c f  0.74 19 13 12 19 2053 2 54151 18015 1.5 11 7 4 9 43% 341 3931 304 199%
c u  0.74 19 13 12 19 2053 2 54151 17961 1.5 11 7 4 9 43% 341 3931 304 199%
c v  0.75 19 13 12 19 2053 2 54151 17935 1.5 11 7 4 9 43% 341 3931 304 199%
c w  0.75 19 13 12 19 2053 2 54151 17884 1.5 11 7 4 9 43% 341 3931 304 199%
c -  0.81 19 12 12 20 2295 2 58198 18109 1.5 11 7 4 8 43% 342 3931 304 199%
c }  0.83 19 12 13 20 2462 2 60511 20060 1.5 11 7 4 8 43% 342 3931 304 199%
c [  0.83 19 16 13 20 2462 1 60511 20060 1.5 15 10 5 12 46% 342 3931 304 199%
c W  0.84 19 16 13 20 2462 1 60511 20060 1.5 15 10 5 12 46% 342 3931 304 199%
c -  0.86 19 16 13 21 2464 1 62672 18862 1.5 15 10 5 12 46% 343 3931 304 199%
c -  0.90 19 16 13 22 2467 1 67254 19417 1.5 14 10 5 11 46% 344 3931 304 199%
c s  0.92 19 15 13 22 2467 1 68557 20542 1.5 14 10 5 11 46% 344 3916 304 199%
c
c seconds   switched    rate         size/glue  tier1    binary      remaining
c        MB   reductions  conflicts        size   tier2    irredundant
c         level    restarts     redundant     glue    trail      variables
c
c e  0.92 19 15 13 22 2467 1 68557 20542 1.5 14 10 5 11 46% 326 3947 278 182%
c ^  0.92 19 15 13 22 2467 1 68557 20542 1.5 14 10 5 11 46% 326 3947 278 182%
c -  0.95 19 15 13 23 2468 1 71944 18034 1.5 14 10 5 11 47% 326 3947 278 182%
c I  0.99 19 15 13 23 2471 1 75415 21099 1.5 14 9 5 11 47% 326 3947 278 182%
c -  1.00 19 15 13 24 2471 1 76740 19282 1.5 14 10 5 11 47% 326 3947 278 182%
c ]  1.01 19 15 14 24 2472 1 77513 19929 1.5 14 10 5 11 47% 326 3947 278 182%
c {  1.01 19 12 14 24 2472 2 77513 19929 1.5 11 7 4 8 43% 326 3947 278 182%
c o  1.01 19 12 14 24 2487 2 77584 19990 1.5 11 7 4 8 43% 326 3947 278 182%
c u  1.02 21 12 14 24 2499 2 77718 19933 1.5 11 7 4 8 43% 326 3947 278 182%
c v  1.03 21 12 14 24 2499 2 77718 19638 1.5 11 7 4 8 43% 326 3947 278 182%
c w  1.03 21 12 14 24 2499 2 77718 19602 1.5 11 7 4 8 43% 326 3947 278 182%
c t  1.08 21 12 14 24 2499 2 77718 19602 1.5 11 7 4 8 43% 325 3947 278 182%
c f  1.08 21 12 14 24 2499 2 77718 19602 1.5 11 7 4 8 43% 335 3917 282 184%
c u  1.09 21 12 14 24 2499 2 77718 19522 1.5 11 7 4 8 43% 335 3917 282 184%
c v  1.10 21 12 14 24 2499 2 77718 19500 1.5 11 7 4 8 43% 335 3917 282 184%
c w  1.10 21 12 14 24 2499 2 77718 19283 1.5 11 7 4 8 43% 335 3917 282 184%
c x  1.10 21 12 14 24 2499 2 77718 19283 1.5 11 7 4 8 43% 335 3915 282 184%
c -  1.15 21 12 14 25 2642 2 81640 20048 1.5 11 7 4 8 43% 338 3915 282 184%
c -  1.21 21 12 14 26 2885 2 86642 21691 1.5 11 7 4 8 43% 341 3914 282 184%
c -  1.29 21 12 14 27 3274 2 91744 22959 1.5 11 7 4 8 43% 344 3914 282 184%
c
c seconds   switched    rate         size/glue tier1   binary      remaining
c        MB   reductions  conflicts        size  tier2   irredundant
c         level    restarts     redundant    glue   trail      variables
c
c }  1.29 21 12 15 27 3331 2 92228 23357 1.5 11 7 4 8 43% 344 3914 282 184%
c [  1.29 21 15 15 27 3331 1 92228 23357 1.5 14 10 5 11 47% 344 3914 282 184%
c B  1.30 21 15 15 27 3331 1 93217 24146 1.5 14 9 5 11 47% 344 3914 282 184%
c -  1.34 21 15 15 28 3334 1 96940 23823 1.5 14 10 4 11 47% 344 3914 282 184%
c -  1.40 21 15 15 29 3337 1 102231 24879 1.5 14 9 4 11 47% 345 3914 282 184%
c i  1.44 21 14 15 29 3339 1 105786 27478 1.5 14 9 4 11 47% 356 3914 271 177%
c u  1.45 21 14 15 29 3339 1 105889 19328 1.5 14 9 4 11 47% 361 3827 270 176%
c v  1.46 21 14 15 29 3339 1 105889 18582 1.5 14 9 4 11 47% 364 3827 270 176%
c w  1.47 21 14 15 29 3339 1 105889 18557 1.5 14 9 4 11 47% 364 3827 270 176%
c t  1.47 22 14 15 29 3339 1 105889 18475 1.5 14 9 4 11 47% 357 3827 270 176%
c u  1.48 22 14 15 29 3339 1 105889 18055 1.5 14 9 4 11 47% 358 3827 270 176%
c v  1.49 22 14 15 29 3339 1 105889 17995 1.5 14 9 4 11 47% 358 3827 270 176%
c w  1.50 22 14 15 29 3339 1 105889 17887 1.5 14 9 4 11 47% 358 3827 270 176%
c t  1.50 22 14 15 29 3339 1 105889 17887 1.5 14 9 4 11 47% 357 3827 270 176%
c i  1.50 22 14 15 29 3339 1 105889 17887 1.5 14 9 4 11 47% 357 3827 270 176%
c -  1.52 22 14 15 30 3340 1 107618 17896 1.5 14 9 4 11 47% 315 3827 270 176%
c i  1.54 22 14 15 30 3342 1 110157 19873 1.5 13 9 4 11 46% 323 3827 264 173%
c ]  1.55 22 14 16 30 3343 1 111314 20877 1.5 13 9 4 11 46% 323 3827 264 173%
c {  1.55 22 12 16 30 3343 2 111314 20877 1.5 11 7 4 8 43% 323 3827 264 173%
c -  1.58 22 12 16 31 3499 2 113099 18538 1.5 11 7 4 8 43% 304 3827 264 173%
c
c seconds   switched    rate          size/glue tier1   binary      remaining
c        MB   reductions  conflicts         size  tier2   irredundant
c         level    restarts      redundant    glue   trail      variables
c
c o  1.63 22 12 16 31 3634 2 117586 22182 1.5 10 7 4 8 43% 308 3826 264 173%
c -  1.64 22 12 16 32 3681 2 118666 22310 1.5 10 7 4 8 43% 308 3826 264 173%
c i  1.68 22 12 16 32 3768 2 121902 24957 1.5 10 7 4 8 43% 317 3826 263 172%
c -  1.71 22 11 16 33 3811 2 124323 20385 1.5 10 7 3 8 43% 313 3826 263 172%
c i  1.72 22 11 16 33 3811 2 124845 20729 1.5 10 7 3 8 43% 321 3826 262 171%
c i  1.73 22 11 16 33 3819 2 125846 21444 1.5 10 7 3 8 43% 329 3826 257 168%
c s  1.74 22 11 16 33 3824 2 126917 22239 1.5 10 7 3 8 43% 336 3190 257 168%
c e  1.74 22 11 16 33 3824 2 126917 22239 1.5 10 7 3 8 43% 295 3223 246 161%
c ^  1.74 22 11 16 33 3824 2 126917 22239 1.5 10 7 3 8 43% 295 3223 246 161%
c i  1.74 22 11 16 33 3834 2 127042 15084 1.5 10 7 3 8 43% 302 3223 245 160%
c i  1.74 22 11 16 33 3834 2 127157 15149 1.5 10 7 3 8 43% 308 3223 239 156%
c i  1.74 22 11 16 33 3834 2 127220 15188 1.5 10 7 3 8 43% 312 3223 238 156%
c i  1.75 22 11 16 33 3834 2 127273 15212 1.5 10 7 3 8 43% 317 3223 237 155%
c i  1.75 22 11 16 33 3834 2 127354 15267 1.5 10 7 3 8 43% 318 3223 228 149%
c i  1.75 22 11 16 33 3834 2 127463 15342 1.5 10 7 3 8 43% 327 3223 221 144%
c i  1.75 22 11 16 33 3834 2 127559 15399 1.5 10 7 3 8 43% 341 3222 214 140%
c }  1.75 22 11 16 33 3834 2 127620 15442 1.5 10 7 3 8 43% 344 3221 168 110%
c 0  1.75 22 11 16 33 3834 2 127620 15442 1.5 10 7 3 8 43% 344 3221 168 110%
c
c ---- [ result ] ------------------------------------------------------------
c
s UNSATISFIABLE
c
c ---- [ profiling ] ---------------------------------------------------------
c
c           1.32   75.57 %  search
c           0.74   42.22 %  focused
c           0.58   33.35 %  stable
c           0.41   23.47 %  probe
c           0.30   17.28 %  simplify
c           0.18   10.46 %  vivify
c           0.12    6.95 %  preprocess
c           0.12    6.74 %  factor
c           0.09    5.33 %  sweep
c           0.03    1.68 %  reduce
c           0.01    0.71 %  substitute
c           0.01    0.63 %  eliminate
c           0.00    0.18 %  congruence
c           0.00    0.18 %  subsume
c           0.00    0.15 %  parse
c           0.00    0.13 %  walking
c           0.00    0.04 %  transitive
c           0.00    0.04 %  lucky
c           0.00    0.01 %  backbone
c =============================================
c           1.75  100.00 %  total
c
c ---- [ statistics ] --------------------------------------------------------
c
c conflicts:                           127620            72941.34 per second
c decisions:                           210174                1.65 per conflict
c eliminated:                              56               37 %  variables
c factored:                               175              114 %  variables
c iterations:                              14                9 %  variables
c propagations:                       4945415          2826557    per second
c reductions:                              33             3867    interval
c reordered:                                5            25524    interval
c rephased:                                10            12762    interval
c restarts:                              3834               33    interval
c strengthened:                            12                0 %  checks
c subsumed:                               278                0 %  checks
c switched:                                16             7976    interval
c vivified:                              7161               56 %  checks
c walks:                                    3            42540    interval
c
c ---- [ glue usage ] --------------------------------------------------------
c
c focused glue 3   used 28442 clauses 16.29% accumulated 52.36% tier1
c focused glue 4   used 23361 clauses 13.38% accumulated 65.75%
c focused glue 5-6 used 32091 clauses 18.38% accumulated 84.13%
c focused glue 7   used  9877 clauses  5.66% accumulated 89.79%
c focused glue 8   used  6741 clauses  3.86% accumulated 93.65% tier2
c
c stable glue 4   used 29172 clauses 12.47% accumulated 54.20% tier1
c stable glue 5   used 23045 clauses  9.85% accumulated 64.05%
c stable glue 6-8 used 42840 clauses 18.31% accumulated 82.36%
c stable glue 9   used  9930 clauses  4.24% accumulated 86.60%
c stable glue 10  used  8098 clauses  3.46% accumulated 90.07% tier2
c
c ---- [ resources ] ---------------------------------------------------------
c
c maximum-resident-set-size:      23521656832 bytes      22432 MB
c process-time:                             2s               1.75 seconds
c
c ---- [ shutting down ] -----------------------------------------------------
c
c exit 20
