c ---- [ banner ] ------------------------------------------------------------
c
c Kissat SAT Solver
c 
c Copyright (c) 2021-2024 Armin Biere University of Freiburg
c Copyright (c) 2019-2021 Armin Biere Johannes Kepler University Linz
c 
c Version 4.0.4 8af8e56f174b778aef3aa45af9f739b2a5f492c2
c Apple clang version 17.0.0 (clang-1700.6.3.2) -W -Wall -O3 -DNDEBUG
c Mon Mar 30 18:25:47 CEST 2026 Darwin Mac 24.6.0 arm64
c
c ---- [ parsing ] -----------------------------------------------------------
c
c opened and reading DIMACS file:
c
c   tmp.cnf
c
c parsed 'p cnf 231 100947' header
c closing input after reading 2282326 bytes (2 MB)
c finished parsing after 0.01 seconds
c
c ---- [ solving ] -----------------------------------------------------------
c
c seconds switched rate     size/glue tier1 binary        remaining
c        MB reductions conflicts size  tier2   irredundant
c         level restarts redundant glue  trail        variables
c
c *  0.01 18 0 0 0  0 0   0   0 0.0 0 0 0 0 0%   0 100947 231 100%
c (  0.01 23 0 0 0  0 0   0   0 0.0 0 0 0 0 0%   0 100947 231 100%
c .  0.01 23 0 0 0  0 0   0   0 0.0 0 0 0 0 0%   0 100947 231 100%
c f  0.10 24 0 0 0  0 0   0   0 0.0 0 0 0 0 0% 565 76392 507 219%
c )  0.10 24 0 0 0  0 0   0   0 0.0 0 0 0 0 0% 565 76392 507 219%
c {  0.11 24 0 0 0  0 0   0   0 0.0 0 0 2 6 0% 565 76392 507 219%
c -  0.12 24 15 0 1 24 2 1000 730 2.1 14 7 5 8 40% 565 76392 507 219%
c }  0.12 24 15 1 1 24 2 1000 730 2.1 14 7 5 8 40% 565 76392 507 219%
c [  0.12 24 0 1 1 24 0 1000 730 0.0 0 0 2 6 0% 565 76392 507 219%
c B  0.12 24 65 1 1 24 2 1001 731 1.2 10 8 2 6 50% 565 76392 507 219%
c -  0.14 24 19 1 2 24 1 2000 1560 1.5 16 11 8 14 33% 565 76392 507 219%
c W  0.14 29 19 1 2 24 1 2006 1565 1.5 16 11 8 14 33% 565 76392 507 219%
c ]  0.14 29 19 2 2 25 1 2175 1714 1.5 16 11 8 14 33% 565 76392 507 219%
c {  0.14 29 15 2 2 25 2 2175 1714 2.1 14 7 5 8 40% 565 76392 507 219%
c u  0.16 30 16 2 2 157 3 2506 2013 1.9 13 7 5 8 39% 565 76392 507 219%
c v  0.16 30 16 2 2 157 3 2506 2004 1.9 13 7 5 8 39% 565 76392 507 219%
c w  0.16 30 16 2 2 157 3 2506 2004 1.9 13 7 5 8 39% 565 76392 507 219%
c }  0.19 30 17 3 2 336 4 3175 2657 1.7 13 7 5 9 38% 565 76392 507 219%
c [  0.19 30 19 3 2 336 1 3175 2657 1.5 16 11 8 14 33% 565 76392 507 219%
c -  0.19 30 18 3 3 336 1 3414 2605 1.5 16 11 7 14 32% 565 76392 507 219%
c
c seconds  switched  rate       size/glue  tier1    binary       remaining
c        MB reductions conflicts      size   tier2     irredundant
c         level restarts   redundant     glue    trail       variables
c
c I  0.20 30 17 3 3 337 1 4269 3420 1.5 15 10 7 14 33% 565 76392 507 219%
c -  0.22 31 19 3 4 337 2 5146 3693 1.5 16 11 8 14 35% 565 76392 507 219%
c ]  0.23 31 20 4 4 338 2 6281 4731 1.5 16 11 8 14 36% 565 76392 507 219%
c {  0.23 31 17 4 4 338 4 6281 4731 1.7 13 7 5 9 38% 565 76392 507 219%
c -  0.26 31 17 4 5 426 4 7146 4762 1.7 13 7 6 9 37% 565 76392 507 219%
c u  0.28 35 17 4 5 472 4 7720 5290 1.7 13 8 6 9 36% 565 76392 507 219%
c v  0.28 35 17 4 5 472 4 7720 5275 1.7 13 8 6 9 36% 565 76392 507 219%
c w  0.28 35 17 4 5 472 4 7720 5275 1.7 13 8 6 9 36% 565 76392 507 219%
c }  0.33 37 17 5 5 524 3 8635 6112 1.6 12 8 6 9 35% 565 76392 507 219%
c [  0.33 37 20 5 5 524 2 8635 6112 1.5 16 11 8 14 36% 565 76392 507 219%
c B  0.33 37 20 5 5 524 2 8635 6112 1.5 16 11 8 14 36% 565 76392 507 219%
c -  0.34 37 20 5 6 524 1 9383 5740 1.4 16 11 8 15 36% 565 76392 507 219%
c -  0.38 37 19 5 7 526 1 11833 6698 1.4 16 11 8 15 34% 565 76392 507 219%
c ]  0.38 37 19 6 7 526 1 12062 6916 1.4 16 11 8 15 34% 565 76392 507 219%
c {  0.38 37 17 6 7 526 3 12062 6916 1.6 12 8 6 9 35% 565 76392 507 219%
c o  0.38 37 17 6 7 530 3 12074 6927 1.6 12 8 6 9 35% 565 76392 507 219%
c e  0.41 38 16 6 7 538 3 12529 7314 1.6 12 7 6 9 34% 559 53046 498 216%
c ^  0.42 39 16 6 7 538 3 12529 7314 1.6 12 7 6 9 34% 559 53046 498 216%
c -  0.45 39 15 6 8 543 3 14478 7742 1.6 11 7 6 9 31% 559 53046 498 216%
c u  0.47 39 14 6 8 590 3 15814 8880 1.6 11 7 6 9 31% 559 53046 498 216%
c
c seconds  switched  rate        size/glue tier1   binary       remaining
c        MB reductions conflicts       size  tier2    irredundant
c         level restarts    redundant    glue   trail       variables
c
c v  0.48 39 14 6 8 590 3 15814 8863 1.6 11 7 6 9 31% 559 53046 498 216%
c w  0.48 39 14 6 8 590 3 15814 8859 1.6 11 7 6 9 31% 559 53046 498 216%
c x  0.48 40 14 6 8 590 3 15814 8857 1.6 11 7 6 9 31% 559 53035 498 216%
c f  0.49 41 14 6 8 590 3 15814 8857 1.6 11 7 6 9 31% 711 52505 573 248%
c u  0.49 41 14 6 8 590 3 15814 8832 1.6 11 7 6 9 31% 711 52505 573 248%
c v  0.50 41 14 6 8 590 3 15814 8814 1.6 11 7 6 9 31% 711 52505 573 248%
c w  0.50 41 14 6 8 590 3 15814 8813 1.6 11 7 6 9 31% 711 52505 573 248%
c x  0.50 41 14 6 8 590 3 15814 8813 1.6 11 7 6 9 31% 711 52504 573 248%
c }  0.51 41 14 7 8 596 3 16131 9095 1.6 11 7 6 9 30% 711 52504 573 248%
c [  0.51 41 19 7 8 596 1 16131 9095 1.4 16 11 8 15 34% 711 52504 573 248%
c W  0.51 44 19 7 8 596 1 16131 9095 1.4 16 11 8 15 34% 711 52504 573 248%
c -  0.53 45 20 7 9 597 2 17306 8674 1.4 16 12 8 15 35% 711 52504 573 248%
c -  0.58 45 20 7 10 599 2 20307 9840 1.4 17 12 8 15 37% 711 52504 573 248%
c ]  0.58 45 20 8 10 599 2 20543 10063 1.4 17 12 8 15 37% 711 52504 573 248%
c {  0.58 45 14 8 10 599 3 20543 10063 1.6 11 7 6 9 30% 711 52504 573 248%
c o  0.62 45 15 8 10 870 3 22317 11672 1.5 11 7 6 9 31% 711 52504 573 248%
c -  0.65 45 15 8 11 985 3 23469 11387 1.6 11 7 6 9 31% 711 52504 573 248%
c s  0.69 45 15 8 11 1063 3 25194 12971 1.6 11 7 6 9 30% 711 52467 573 248%
c e  0.69 45 15 8 11 1063 3 25194 12971 1.6 11 7 6 9 30% 638 52546 496 215%
c s  0.71 46 15 8 11 1063 3 25194 12971 1.6 11 7 6 9 30% 638 52538 496 215%
c
c seconds  switched    rate         size/glue tier1   binary       remaining
c        MB  reductions  conflicts        size  tier2    irredundant
c         level   restarts     redundant    glue   trail       variables
c
c ^  0.71 46 15 8 11 1063 3 25194 12971 1.6 11 7 6 9 30% 638 52538 496 215%
c }  0.74 46 15 9 11 1159 3 26702 11481 1.6 11 7 6 9 31% 638 52538 496 215%
c [  0.74 46 20 9 11 1159 2 26702 11481 1.4 17 12 8 15 37% 638 52538 496 215%
c O  0.74 46 20 9 11 1159 2 26702 11481 1.4 17 12 8 15 37% 638 52538 496 215%
c -  0.74 46 20 9 12 1159 2 26785 10514 1.4 17 12 8 15 37% 638 52538 496 215%
c u  0.75 49 21 9 12 1159 2 27092 10733 1.4 17 12 8 15 38% 638 52538 496 215%
c v  0.76 50 21 9 12 1159 2 27092 10499 1.4 17 12 8 15 38% 638 52538 496 215%
c w  0.76 50 21 9 12 1159 2 27092 10493 1.4 17 12 8 15 38% 638 52538 496 215%
c f  0.81 51 21 9 12 1159 2 27092 10493 1.4 17 12 8 15 38% 673 52455 511 221%
c u  0.81 51 21 9 12 1159 2 27092 10444 1.4 17 12 8 15 38% 673 52455 511 221%
c v  0.82 51 21 9 12 1159 2 27092 10416 1.4 17 12 8 15 38% 673 52455 511 221%
c w  0.82 51 21 9 12 1159 2 27092 10412 1.4 17 12 8 15 38% 673 52455 511 221%
c x  0.83 51 21 9 12 1159 2 27092 10412 1.4 17 12 8 15 38% 673 52454 511 221%
c -  0.87 51 20 9 13 1161 2 30251 12004 1.4 16 12 8 15 38% 673 52454 511 221%
c -  0.92 51 20 9 14 1164 2 33856 13978 1.4 16 12 7 15 37% 673 52454 511 221%
c B  0.95 51 20 9 14 1165 1 36464 16385 1.5 16 11 7 15 37% 673 52454 511 221%
c ]  0.96 51 20 10 14 1165 1 37502 17371 1.4 16 11 7 15 37% 673 52454 511 221%
c {  0.96 51 15 10 14 1165 3 37502 17371 1.6 11 7 6 9 31% 673 52454 511 221%
c -  0.97 51 15 10 15 1188 3 37598 15531 1.5 11 7 6 9 31% 673 52454 511 221%
c -  1.04 51 14 10 16 1380 3 41470 14900 1.5 11 7 5 8 31% 675 52454 511 221%
c
c seconds   switched    rate         size/glue tier1   binary       remaining
c        MB   reductions  conflicts        size  tier2    irredundant
c         level    restarts     redundant    glue   trail       variables
c
c u  1.06 51 14 10 16 1380 3 41613 14938 1.5 11 7 5 8 31% 675 52454 511 221%
c v  1.06 51 14 10 16 1380 3 41613 14895 1.5 11 7 5 8 31% 675 52454 511 221%
c w  1.07 51 14 10 16 1380 3 41613 14889 1.5 11 7 5 8 31% 675 52454 511 221%
c t  1.07 51 14 10 16 1380 3 41613 14889 1.5 11 7 5 8 31% 674 52454 511 221%
c o  1.10 51 14 10 16 1566 3 42937 16060 1.5 11 7 5 8 31% 675 52454 511 221%
c -  1.17 51 15 10 17 1910 3 45471 15047 1.5 11 7 5 8 31% 675 52454 511 221%
c }  1.19 51 15 11 17 2034 3 46129 15675 1.5 11 7 5 8 31% 675 52454 511 221%
c [  1.19 51 20 11 17 2034 1 46129 15675 1.4 16 11 7 15 37% 675 52454 511 221%
c W  1.23 51 20 11 17 2036 1 48686 18073 1.4 16 11 7 15 38% 675 52454 511 221%
c -  1.24 51 20 11 18 2036 1 49594 15998 1.4 17 11 7 15 38% 675 52454 511 221%
c s  1.31 51 21 11 18 2039 1 52660 18840 1.4 17 12 7 15 39% 675 52400 511 221%
c e  1.32 52 21 11 18 2039 1 52660 18840 1.4 17 12 7 15 39% 655 52449 489 212%
c s  1.33 52 21 11 18 2039 1 52660 18840 1.4 17 12 7 15 39% 655 52403 489 212%
c ^  1.33 52 21 11 18 2039 1 52660 18840 1.4 17 12 7 15 39% 655 52403 489 212%
c -  1.35 52 21 11 19 2039 1 53836 15018 1.4 17 12 7 15 39% 655 52403 489 212%
c -  1.42 52 20 11 20 2040 1 58195 15978 1.4 17 12 7 15 39% 655 52403 489 212%
c u  1.45 52 20 11 20 2041 1 59479 17020 1.4 17 12 7 15 40% 655 52403 489 212%
c v  1.46 52 20 11 20 2041 1 59479 16950 1.4 17 12 7 15 40% 655 52403 489 212%
c w  1.47 52 20 11 20 2041 1 59479 16925 1.4 17 12 7 15 40% 655 52403 489 212%
c f  1.47 52 20 11 20 2041 1 59479 16925 1.4 17 12 7 15 40% 656 52391 491 213%
c
c seconds   switched    rate         size/glue  tier1    binary       remaining
c        MB   reductions  conflicts        size   tier2     irredundant
c         level    restarts     redundant     glue    trail       variables
c
c u  1.49 55 20 11 20 2041 1 59479 16828 1.4 17 12 7 15 40% 656 52391 491 213%
c v  1.49 56 20 11 20 2041 1 59479 16791 1.4 17 12 7 15 40% 656 52391 491 213%
c w  1.50 56 20 11 20 2041 1 59479 16720 1.4 17 12 7 15 40% 656 52391 491 213%
c x  1.50 56 20 11 20 2041 1 59479 16719 1.4 17 12 7 15 40% 656 52381 491 213%
c ]  1.58 58 21 12 20 2042 1 60439 17586 1.4 17 12 7 15 40% 656 52381 491 213%
c {  1.58 58 15 12 20 2042 3 60439 17586 1.5 11 7 5 8 31% 656 52381 491 213%
c -  1.63 58 15 12 21 2234 3 62667 17175 1.5 11 7 5 8 31% 656 52381 491 213%
c -  1.74 58 15 12 22 2578 3 67249 18710 1.5 11 7 5 9 31% 656 52381 491 213%
c }  1.85 58 15 13 22 2906 3 71919 22907 1.5 11 7 5 9 32% 656 52381 491 213%
c [  1.85 58 21 13 22 2906 1 71919 22907 1.4 17 12 7 15 40% 656 52381 491 213%
c I  1.85 58 21 13 22 2906 1 71919 22907 1.4 17 12 7 15 40% 656 52381 491 213%
c -  1.85 58 21 13 23 2906 1 71940 20023 1.4 17 12 7 15 40% 656 52381 491 213%
c -  1.93 58 20 13 24 2909 1 76735 21172 1.4 17 12 7 15 40% 656 52381 491 213%
c u  2.02 58 20 13 24 2912 1 80820 24623 1.4 17 12 7 15 40% 656 52381 491 213%
c v  2.03 58 20 13 24 2912 1 80820 24301 1.4 17 12 7 15 40% 656 52381 491 213%
c w  2.04 59 20 13 24 2912 1 80820 22867 1.4 17 12 7 15 40% 656 52381 491 213%
c o  2.04 59 20 13 24 2912 1 80820 22867 1.4 17 12 7 15 40% 656 52381 491 213%
c -  2.05 59 20 13 25 2912 1 81633 20595 1.4 17 12 7 15 40% 656 52381 491 213%
c -  2.11 59 21 13 26 2915 1 86633 21277 1.4 17 12 7 15 41% 656 52381 491 213%
c B  2.15 59 21 13 26 2917 1 89721 24079 1.4 17 12 7 15 41% 656 52381 491 213%
c
c seconds   switched    rate         size/glue  tier1    binary       remaining
c        MB   reductions  conflicts        size   tier2     irredundant
c         level    restarts     redundant     glue    trail       variables
c
c -  2.18 59 21 13 27 2918 1 91732 22098 1.4 17 12 7 16 41% 656 52381 491 213%
c ]  2.19 59 21 14 27 2918 1 92359 22586 1.4 17 12 7 16 41% 656 52381 491 213%
c {  2.19 59 15 14 27 2918 3 92359 22586 1.5 11 7 5 9 32% 656 52381 491 213%
c i  2.23 59 15 14 27 2989 3 94665 24539 1.5 11 7 5 9 32% 666 52381 490 212%
c s  2.29 59 15 14 27 3210 3 96904 26546 1.5 11 7 5 9 32% 666 52353 490 212%
c e  2.30 59 15 14 27 3210 3 96904 26546 1.5 11 7 5 9 32% 600 52532 452 196%
c ^  2.32 59 15 14 27 3210 3 96904 26546 1.5 11 7 5 9 32% 600 52532 452 196%
c -  2.32 59 15 14 28 3210 3 96928 17425 1.5 11 7 5 8 32% 600 52532 452 196%
c -  2.44 59 15 14 29 3595 3 102219 19800 1.5 11 7 5 8 32% 600 52532 452 196%
c u  2.56 59 15 14 29 4061 3 105756 22528 1.5 11 7 5 8 32% 600 52532 452 196%
c v  2.57 59 15 14 29 4061 3 105756 22281 1.5 11 7 5 8 32% 600 52532 452 196%
c w  2.58 59 15 14 29 4061 3 105756 22276 1.5 11 7 5 8 32% 600 52532 452 196%
c f  2.58 59 15 14 29 4061 3 105756 22276 1.5 11 7 5 8 32% 601 52520 453 196%
c u  2.60 59 15 14 29 4061 3 105756 22039 1.5 11 7 5 8 32% 601 52520 453 196%
c v  2.61 59 15 14 29 4061 3 105756 21929 1.5 11 7 5 8 32% 601 52520 453 196%
c w  2.61 59 15 14 29 4061 3 105756 21918 1.5 11 7 5 8 32% 601 52520 453 196%
c }  2.65 59 15 15 29 4146 3 107074 23059 1.5 11 7 5 8 32% 601 52520 453 196%
c [  2.65 59 21 15 29 4146 1 107074 23059 1.4 17 12 7 16 41% 601 52520 453 196%
c -  2.66 59 21 15 30 4146 1 107607 21677 1.4 17 12 7 16 41% 601 52520 453 196%
c W  2.71 64 21 15 30 4148 1 110633 24277 1.4 17 12 7 16 41% 601 52520 453 196%
c
c seconds   switched    rate          size/glue  tier1    binary       remaining
c        MB   reductions  conflicts         size   tier2     irredundant
c         level    restarts      redundant     glue    trail       variables
c
c -  2.74 64 21 15 31 4150 1 113086 23733 1.4 17 12 7 15 41% 601 52520 453 196%
c -  2.83 64 21 15 32 4152 1 118653 24672 1.4 17 12 7 16 41% 601 52520 453 196%
c -  2.92 64 20 15 33 4156 1 124310 25292 1.4 17 12 7 15 41% 601 52520 453 196%
c -  3.01 64 20 15 34 4159 1 130055 26641 1.4 17 12 7 15 41% 601 52520 453 196%
c ]  3.03 64 20 16 34 4159 1 131557 27850 1.4 17 12 7 15 41% 601 52520 453 196%
c {  3.03 64 15 16 34 4159 3 131557 27850 1.5 11 7 5 8 32% 601 52520 453 196%
c o  3.03 64 15 16 34 4166 3 131601 27883 1.5 11 7 5 8 32% 601 52520 453 196%
c u  3.11 65 15 16 34 4354 3 134365 30330 1.5 11 7 5 8 32% 601 52520 453 196%
c v  3.13 65 15 16 34 4354 3 134365 30269 1.5 11 7 5 8 32% 601 52520 453 196%
c w  3.14 65 15 16 34 4354 3 134365 29897 1.5 11 7 5 8 32% 601 52520 453 196%
c x  3.15 66 15 16 34 4354 3 134365 29896 1.5 11 7 5 8 32% 601 52520 453 196%
c -  3.19 66 15 16 35 4523 3 135885 27239 1.5 11 7 5 8 32% 601 52520 453 196%
c -  3.34 66 15 16 36 4954 3 141801 28806 1.5 11 7 5 8 32% 601 52520 453 196%
c -  3.52 66 15 16 37 5602 3 147803 30179 1.5 11 7 5 8 32% 601 52520 453 196%
c }  3.57 66 15 17 37 5704 3 149897 32108 1.5 11 7 5 8 32% 601 52520 453 196%
c [  3.57 66 20 17 37 5704 1 149897 32108 1.4 17 12 7 15 41% 601 52520 453 196%
c O  3.57 66 20 17 37 5704 1 149897 32108 1.4 17 12 7 15 41% 601 52520 453 196%
c -  3.63 66 20 17 38 5706 1 153885 31820 1.4 17 12 7 15 41% 601 52520 453 196%
c s  3.72 66 19 17 38 5710 1 159771 37079 1.4 17 12 7 15 41% 601 52492 453 196%
c e  3.73 66 19 17 38 5710 1 159771 37079 1.4 17 12 7 15 41% 522 52893 404 175%
c
c seconds   switched    rate          size/glue  tier1    binary       remaining
c        MB   reductions  conflicts         size   tier2     irredundant
c         level    restarts      redundant     glue    trail       variables
c
c ^  3.76 66 19 17 38 5710 1 159771 37079 1.4 17 12 7 15 41% 522 52893 404 175%
c -  3.77 66 19 17 39 5710 1 160050 29119 1.4 17 12 7 15 41% 522 52893 404 175%
c -  3.87 66 19 17 40 5713 1 166294 30791 1.4 16 11 7 14 41% 522 52893 404 175%
c u  3.91 71 19 17 40 5714 1 166751 30935 1.4 16 11 7 14 41% 522 52893 404 175%
c v  3.92 71 19 17 40 5714 1 166751 30606 1.4 16 11 7 14 41% 522 52893 404 175%
c w  3.94 71 19 17 40 5714 1 166751 30581 1.4 16 11 7 14 41% 522 52893 404 175%
c -  4.10 73 18 17 41 5717 1 172620 32833 1.5 16 11 7 14 41% 522 52893 404 175%
c B  4.19 73 18 17 41 5718 1 177637 37196 1.5 16 11 7 14 41% 522 52893 404 175%
c -  4.22 73 18 17 42 5718 1 179026 33836 1.5 16 11 7 14 41% 522 52893 404 175%
c ]  4.27 73 18 18 42 5718 1 182567 37150 1.5 16 11 7 14 41% 522 52893 404 175%
c {  4.27 73 15 18 42 5718 3 182567 37150 1.5 11 7 5 8 32% 522 52893 404 175%
c o  4.27 73 15 18 42 5722 3 182588 37170 1.5 11 7 5 8 32% 522 52893 404 175%
c -  4.39 73 15 18 43 6102 3 185506 35655 1.5 11 7 5 8 33% 522 52893 404 175%
c -  4.59 73 14 18 44 6493 3 192063 37056 1.5 11 7 5 8 33% 522 52893 404 175%
c -  4.84 73 15 18 45 7212 3 198696 38419 1.5 11 7 5 8 34% 522 52893 404 175%
c u  5.00 74 14 18 45 7478 3 203005 41776 1.5 11 7 5 8 35% 523 52893 404 175%
c v  5.03 74 14 18 45 7478 3 203005 39349 1.5 11 7 5 8 35% 523 52893 404 175%
c w  5.04 74 14 18 45 7478 3 203005 39291 1.5 11 7 5 8 35% 523 52893 404 175%
c }  5.10 74 14 19 45 7557 3 204913 41037 1.5 11 7 5 8 35% 523 52893 404 175%
c [  5.10 74 18 19 45 7557 1 204913 41037 1.5 16 11 7 14 41% 523 52893 404 175%
c
c seconds   switched    rate          size/glue  tier1    binary       remaining
c        MB   reductions  conflicts         size   tier2     irredundant
c         level    restarts      redundant     glue    trail       variables
c
c -  5.11 74 18 19 46 7557 1 205405 38067 1.5 16 11 6 14 41% 523 52893 404 175%
c W  5.18 79 18 19 46 7560 1 209087 41403 1.5 16 11 6 14 41% 523 52893 404 175%
c -  5.24 81 18 19 47 7562 1 212188 39883 1.5 16 11 6 14 41% 523 52893 404 175%
c -  5.35 82 18 19 48 7565 1 219044 41300 1.5 16 11 6 13 41% 523 52893 404 175%
c -  5.50 82 17 19 49 7570 1 225972 42558 1.5 16 11 6 13 41% 523 52893 404 175%
c -  5.64 83 17 19 50 7571 1 232972 43999 1.5 16 10 6 13 41% 523 52893 404 175%
c -  5.79 83 17 19 51 7573 1 240043 45442 1.5 16 10 6 13 41% 523 52893 404 175%
c s  5.84 83 17 19 51 7575 1 242966 48145 1.6 16 10 6 13 41% 523 52870 404 175%
c e  5.86 83 17 19 51 7575 1 242966 48145 1.6 16 10 6 13 41% 393 53688 347 150%
c s  5.92 83 17 19 51 7575 1 242966 48145 1.6 16 10 6 13 41% 393 53671 347 150%
c !  5.92 83 17 19 51 7575 1 242966 48145 1.6 16 10 6 13 41% 393 53671 347 150%
c o  5.92 83 17 19 51 7575 1 242966 35751 1.6 16 10 6 13 41% 393 53671 347 150%
c u  5.95 83 17 19 51 7575 1 243184 35698 1.5 16 10 6 13 41% 393 53671 347 150%
c v  5.98 84 17 19 51 7575 1 243184 35440 1.5 16 10 6 13 41% 393 53671 347 150%
c w  5.99 84 17 19 51 7575 1 243184 35388 1.5 16 10 6 13 41% 393 53671 347 150%
c f  6.00 84 17 19 51 7575 1 243184 35388 1.5 16 10 6 13 41% 417 53318 364 158%
c u  6.03 84 17 19 51 7575 1 243184 35065 1.5 16 10 6 13 41% 417 53318 364 158%
c v  6.05 84 17 19 51 7575 1 243184 34841 1.5 16 10 6 13 41% 417 53318 364 158%
c w  6.06 84 17 19 51 7575 1 243184 34726 1.5 16 10 6 13 41% 417 53318 364 158%
c I  6.09 84 17 19 51 7577 1 244439 35797 1.5 16 10 6 13 41% 417 53318 364 158%
c
c seconds   switched    rate          size/glue  tier1    binary       remaining
c        MB   reductions  conflicts         size   tier2     irredundant
c         level    restarts      redundant     glue    trail       variables
c
c -  6.15 86 17 19 52 7578 1 247187 34496 1.5 16 10 6 13 41% 417 53318 364 158%
c ]  6.16 86 17 20 52 7578 1 247828 35042 1.5 16 10 6 13 41% 417 53318 364 158%
c {  6.16 86 14 20 52 7578 3 247828 35042 1.5 11 7 5 8 35% 417 53318 364 158%
c -  6.32 88 14 20 53 7942 3 254399 36804 1.5 11 7 5 8 34% 417 53318 364 158%
c -  6.51 88 14 20 54 8430 3 261679 38559 1.5 11 7 5 8 34% 417 53318 364 158%
c -  6.68 90 14 20 55 8789 3 269027 40629 1.5 11 7 5 8 34% 417 53318 364 158%
c }  6.81 90 14 21 55 9185 3 274568 45653 1.5 11 7 5 8 34% 417 53318 364 158%
c [  6.81 90 17 21 55 9185 1 274568 45653 1.5 16 10 6 13 41% 417 53318 364 158%
c -  6.84 90 17 21 56 9186 1 276443 42546 1.5 16 10 6 13 41% 417 53318 364 158%
c B  6.97 90 17 21 56 9191 1 283880 49192 1.5 16 11 6 13 41% 417 53318 364 158%
c -  6.98 91 17 21 57 9191 1 283926 43428 1.5 16 11 6 13 41% 417 53318 364 158%
c u  7.07 91 17 21 57 9192 1 287382 46199 1.5 16 11 6 13 41% 417 53318 364 158%
c v  7.09 92 17 21 57 9192 1 287382 46148 1.5 16 11 6 13 41% 417 53318 364 158%
c w  7.10 92 17 21 57 9192 1 287382 46136 1.5 16 11 6 13 41% 417 53318 364 158%
c x  7.12 93 17 21 57 9192 1 287382 46128 1.5 16 11 6 13 41% 417 53285 364 158%
c -  7.21 96 17 21 58 9195 1 291477 44510 1.5 16 11 6 13 41% 417 53285 364 158%
c -  7.37 96 17 21 59 9198 1 299093 45903 1.5 16 11 6 13 40% 417 53285 364 158%
c -  7.55 96 17 21 60 9199 1 306774 46598 1.5 16 11 6 13 40% 417 53285 364 158%
c ]  7.59 96 17 22 60 9201 1 308946 48586 1.5 16 11 6 13 41% 417 53285 364 158%
c {  7.59 96 14 22 60 9201 3 308946 48586 1.5 11 7 5 8 34% 417 53285 364 158%
c
c seconds   switched    rate          size/glue tier1   binary       remaining
c        MB   reductions  conflicts         size  tier2    irredundant
c         level    restarts      redundant    glue   trail       variables
c
c o  7.71 96 14 22 60 9258 3 313229 52427 1.5 11 7 5 8 34% 417 53285 364 158%
c -  7.74 96 14 22 61 9272 3 314520 47684 1.5 11 7 5 8 34% 417 53285 364 158%
c -  7.95 96 14 22 62 9368 2 322330 50032 1.5 11 7 5 8 34% 417 53285 364 158%
c -  8.16 96 13 22 63 9478 2 330204 51942 1.5 11 7 5 8 34% 417 53285 364 158%
c u  8.36 107 13 22 63 9579 2 335657 56063 1.5 11 7 5 8 34% 419 53285 364 158%
c v  8.39 109 13 22 63 9579 2 335657 55680 1.5 11 7 5 8 34% 419 53285 364 158%
c w  8.41 109 13 22 63 9579 2 335657 55531 1.5 11 7 5 8 34% 419 53285 364 158%
c t  8.41 109 13 22 63 9579 2 335657 55531 1.5 11 7 5 8 34% 418 53285 364 158%
c -  8.51 109 13 22 64 9660 2 338142 53103 1.5 11 7 5 8 34% 418 53285 364 158%
c }  8.57 109 13 23 64 9689 2 340462 55037 1.5 11 7 5 8 34% 418 53285 364 158%
c [  8.57 109 17 23 64 9689 1 340462 55037 1.5 16 11 6 13 41% 418 53285 364 158%
c W  8.58 111 17 23 64 9689 1 340462 55037 1.5 16 11 6 13 41% 418 53285 364 158%
c -  8.70 116 17 23 65 9693 1 346142 55003 1.5 16 11 6 13 41% 418 53285 364 158%
c s  8.77 116 17 23 65 9694 1 348022 56609 1.5 16 11 6 13 41% 418 52322 364 158%
c e  8.77 116 17 23 65 9694 1 348022 56609 1.5 16 11 6 13 41% 397 52477 351 152%
c -  8.91 119 17 23 66 9697 1 354204 50479 1.5 16 11 6 13 41% 397 52477 351 152%
c -  9.07 119 17 23 67 9702 1 362328 52594 1.5 16 10 6 13 40% 397 52477 351 152%
c -  9.24 119 16 23 68 9703 1 370513 54127 1.5 16 10 6 13 40% 398 52477 351 152%
c -  9.42 120 16 23 69 9707 1 378760 55466 1.5 16 10 6 13 39% 398 52477 351 152%
c ]  9.58 120 16 24 69 9711 1 386340 61700 1.5 16 10 6 13 39% 398 52477 351 152%
c
c seconds    switched    rate          size/glue tier1   binary       remaining
c         MB   reductions  conflicts         size  tier2    irredundant
c          level    restarts      redundant    glue   trail       variables
c
c {  9.58 120 13 24 69 9711 2 386340 61700 1.5 11 7 5 8 34% 398 52477 351 152%
c -  9.61 120 13 24 70 9805 2 387066 56646 1.5 11 7 5 8 34% 398 52477 351 152%
c u  9.69 127 13 24 70 9879 2 388086 57322 1.5 11 7 5 8 34% 398 52477 351 152%
c v  9.74 127 13 24 70 9879 2 388086 57143 1.5 11 7 5 8 34% 398 52477 351 152%
c w  9.76 128 13 24 70 9879 2 388086 56930 1.5 11 7 5 8 34% 398 52477 351 152%
c f  9.94 130 13 24 70 9879 2 388086 56930 1.5 11 7 5 8 34% 397 52419 354 153%
c u  9.98 130 13 24 70 9879 2 388086 56880 1.5 11 7 5 8 34% 397 52419 354 153%
c v 10.00 130 13 24 70 9879 2 388086 56759 1.5 11 7 5 8 34% 397 52419 354 153%
c w 10.02 130 13 24 70 9879 2 388086 56570 1.5 11 7 5 8 34% 397 52419 354 153%
c x 10.04 130 13 24 70 9879 2 388086 56559 1.5 11 7 5 8 34% 397 52364 354 153%
c o 10.24 130 13 24 70 10430 2 393233 61129 1.5 11 7 5 8 33% 397 52364 354 153%
c - 10.32 130 13 24 71 10597 2 395435 57518 1.5 11 7 5 8 33% 397 52364 354 153%
c - 10.62 130 13 24 72 11281 2 403862 58731 1.5 11 7 5 8 33% 397 52364 354 153%
c - 10.96 130 13 24 73 12142 2 412348 59921 1.5 11 7 5 8 33% 397 52364 354 153%
c - 11.29 130 14 24 74 12860 2 420892 61723 1.5 11 7 5 8 33% 397 52364 354 153%
c } 11.37 130 14 25 74 13011 2 423017 63639 1.5 11 7 5 8 33% 397 52364 354 153%
c [ 11.37 130 16 25 74 13011 1 423017 63639 1.5 16 10 6 13 39% 397 52364 354 153%
c O 11.37 130 16 25 74 13011 1 423017 63639 1.5 16 10 6 13 39% 397 52364 354 153%
c - 11.50 130 16 25 75 13016 1 429494 62568 1.5 16 10 6 13 39% 397 52364 354 153%
c - 11.69 131 16 25 76 13020 1 438155 62750 1.5 16 10 6 13 39% 397 52364 354 153%
c
c seconds    switched     rate          size/glue  tier1    binary       remaining
c         MB   reductions   conflicts         size   tier2     irredundant
c          level    restarts       redundant     glue    trail       variables
c
c u 11.89 131 16 25 76 13024 1 444762 68323 1.5 16 10 6 13 39% 397 52364 354 153%
c v 11.96 132 16 25 76 13024 1 444762 68253 1.5 16 10 6 13 39% 397 52364 354 153%
c w 11.99 132 16 25 76 13024 1 444762 68221 1.5 16 10 6 13 39% 397 52364 354 153%
c - 12.05 135 16 25 77 13024 1 446873 62422 1.5 16 10 6 13 39% 397 52364 354 153%
c - 12.25 135 16 25 78 13025 1 455648 63432 1.5 16 10 6 13 38% 397 52364 354 153%
c - 12.45 135 16 25 79 13031 1 464479 64450 1.5 16 10 6 13 38% 397 52364 354 153%
c - 12.65 135 16 25 80 13036 1 473367 65663 1.5 16 10 6 12 38% 398 52364 354 153%
c B 12.71 135 16 25 80 13038 1 475805 67805 1.5 16 10 6 12 38% 398 52364 354 153%
c s 12.75 135 16 25 80 13038 1 476619 68581 1.5 16 10 6 12 38% 398 51848 354 153%
c e 12.75 135 16 25 80 13038 1 476619 68581 1.5 16 10 6 12 38% 396 51864 353 153%
c - 12.91 136 16 25 81 13040 1 482311 65767 1.5 16 10 6 12 38% 396 51864 353 153%
c - 13.12 136 16 25 82 13041 1 491312 66359 1.5 16 10 6 12 38% 396 51864 353 153%
c ] 13.12 136 16 26 82 13041 1 491405 66433 1.5 16 10 6 12 38% 396 51864 353 153%
c { 13.12 136 14 26 82 13041 2 491405 66433 1.5 11 7 5 8 33% 396 51864 353 153%
c o 13.13 136 14 26 82 13057 2 491769 66757 1.5 11 7 5 8 33% 396 51864 353 153%
c - 13.46 136 13 26 83 13512 2 500367 68734 1.5 11 7 5 8 33% 396 51864 353 153%
c u 13.72 135 14 26 83 13932 2 505722 73325 1.5 11 7 5 8 33% 396 51864 353 153%
c v 13.76 135 14 26 83 13932 2 505722 73218 1.5 11 7 5 8 33% 396 51864 353 153%
c w 13.78 135 14 26 83 13932 2 505722 73186 1.5 11 7 5 8 33% 396 51864 353 153%
c x 13.81 136 14 26 83 13932 2 505722 73171 1.5 11 7 5 8 33% 396 51839 353 153%
c
c seconds    switched     rate          size/glue tier1   binary       remaining
c         MB   reductions   conflicts         size  tier2    irredundant
c          level    restarts       redundant    glue   trail       variables
c
c f 13.81 136 14 26 83 13932 2 505722 73171 1.5 11 7 5 8 33% 394 51823 354 153%
c u 13.87 136 14 26 83 13932 2 505722 73100 1.5 11 7 5 8 33% 394 51823 354 153%
c v 13.91 136 14 26 83 13932 2 505722 73061 1.5 11 7 5 8 33% 394 51823 354 153%
c w 13.92 136 14 26 83 13932 2 505722 72908 1.5 11 7 5 8 33% 394 51823 354 153%
c x 13.95 137 14 26 83 13932 2 505722 72894 1.5 11 7 5 8 33% 394 51584 354 153%
c - 14.11 137 14 26 84 14171 2 509477 69441 1.5 11 7 5 8 33% 394 51584 354 153%
c - 14.43 137 13 26 85 14579 2 518643 70398 1.5 11 7 5 8 33% 394 51584 354 153%
c - 14.78 137 13 26 86 15139 2 527862 71608 1.5 11 7 5 8 34% 395 51584 354 153%
c } 14.98 137 13 27 86 15384 2 533623 76465 1.5 11 7 5 8 34% 397 51583 354 153%
c [ 14.98 137 16 27 86 15384 1 533623 76465 1.5 16 10 6 12 38% 397 51583 354 153%
c W 14.99 137 16 27 86 15384 1 533623 76465 1.5 16 10 6 12 38% 397 51583 354 153%
c - 15.09 140 16 27 87 15386 1 537136 72894 1.5 15 10 6 12 38% 397 51583 354 153%
c - 15.33 140 15 27 88 15391 1 546465 74441 1.5 15 10 6 12 38% 398 51583 354 153%
c - 15.57 142 15 27 89 15397 1 555845 76359 1.5 15 10 6 12 38% 399 51583 354 153%
c i 15.73 141 15 27 89 15398 1 561738 80964 1.5 15 10 6 12 38% 405 51583 341 148%
c - 15.81 143 15 27 90 15398 1 565279 64415 1.5 15 10 6 12 38% 363 51583 341 148%
c u 16.00 143 15 27 90 15402 1 571058 69134 1.5 15 10 6 12 38% 365 51582 341 148%
c v 16.05 143 15 27 90 15402 1 571058 69072 1.5 15 10 6 12 38% 365 51582 341 148%
c w 16.07 143 15 27 90 15402 1 571058 69023 1.5 15 10 6 12 38% 365 51582 341 148%
c x 16.11 144 15 27 90 15402 1 571058 69005 1.5 15 10 6 12 38% 365 51260 341 148%
c
c seconds    switched     rate          size/glue  tier1    binary       remaining
c         MB   reductions   conflicts         size   tier2     irredundant
c          level    restarts       redundant     glue    trail       variables
c
c t 16.11 144 15 27 90 15402 1 571058 69005 1.5 15 10 6 12 38% 364 51260 341 148%
c - 16.21 144 15 27 91 15404 1 574769 68330 1.5 15 10 6 12 38% 364 51260 341 148%
c - 16.46 144 14 27 92 15409 1 584311 71850 1.5 15 10 5 12 38% 368 51260 341 148%
c i 16.47 144 14 27 92 15410 1 584780 72138 1.5 15 10 5 12 38% 373 51260 339 147%
c i 16.64 144 14 27 92 15412 1 591319 77561 1.5 15 9 5 12 38% 381 51260 338 146%
c i 16.70 144 14 27 92 15413 1 593558 79224 1.5 14 9 5 12 38% 389 51260 337 146%
c o 16.70 144 14 27 92 15413 1 593558 79224 1.5 14 9 5 12 38% 389 51260 337 146%
c - 16.71 144 14 27 93 15413 1 593902 55396 1.5 14 9 5 12 38% 364 51260 337 146%
c i 16.72 144 14 27 93 15413 1 594389 55678 1.5 14 9 5 12 37% 368 51260 333 144%
c i 16.73 144 14 27 93 15413 1 594454 55708 1.5 14 9 5 12 37% 373 51260 322 139%
c i 16.73 144 14 27 93 15413 1 594460 55708 1.5 14 9 5 12 37% 375 51260 319 138%
c i 16.73 144 14 27 93 15413 1 594475 55709 1.5 14 9 5 12 37% 377 51260 317 137%
c i 16.73 144 14 27 93 15413 1 594479 55710 1.5 14 9 5 12 37% 379 51260 316 137%
c ] 16.73 144 14 27 93 15413 1 594482 55709 1.5 14 9 5 12 37% 380 51260 307 133%
c 0 16.73 144 13 27 93 15413 2 594482 55709 1.5 11 7 5 8 34% 380 51260 307 133%
c
c ---- [ result ] ------------------------------------------------------------
c
s UNSATISFIABLE
c
c ---- [ profiling ] ---------------------------------------------------------
c
c          14.23   85.05 %  search
c           7.40   44.26 %  stable
c           6.82   40.79 %  focused
c           2.39   14.32 %  simplify
c           2.11   12.59 %  probe
c           1.53    9.15 %  vivify
c           0.36    2.18 %  sweep
c           0.34    2.05 %  eliminate
c           0.26    1.56 %  subsume
c           0.24    1.44 %  reduce
c           0.11    0.63 %  factor
c           0.09    0.54 %  preprocess
c           0.09    0.53 %  substitute
c           0.04    0.21 %  walking
c           0.01    0.07 %  congruence
c           0.01    0.06 %  parse
c           0.00    0.03 %  lucky
c           0.00    0.03 %  transitive
c           0.00    0.00 %  backbone
c =============================================
c          16.73  100.00 %  total
c
c ---- [ statistics ] --------------------------------------------------------
c
c conflicts:                           594482            35539.05 per second
c decisions:                          1034839                1.74 per conflict
c eliminated:                             266              115 %  variables
c factored:                               390              169 %  variables
c iterations:                              11                5 %  variables
c propagations:                      25080524          1499352    per second
c reductions:                              93             6392    interval
c reordered:                               11            54044    interval
c rephased:                                20            29724    interval
c restarts:                             15413               39    interval
c strengthened:                           102                0 %  checks
c subsumed:                              1720                0 %  checks
c switched:                                27            22018    interval
c vivified:                             23131               40 %  checks
c walks:                                    7            84926    interval
c
c ---- [ glue usage ] --------------------------------------------------------
c
c focused glue 5 used 73789 clauses 15.76% accumulated 63.35% tier1
c focused glue 6 used 61113 clauses 13.05% accumulated 76.41%
c focused glue 7 used 43470 clauses  9.28% accumulated 85.69%
c focused glue 8 used 26795 clauses  5.72% accumulated 91.41% tier2
c
c stable glue 5    used 169744 clauses 12.28% accumulated 51.10% tier1
c stable glue 6    used 137478 clauses  9.94% accumulated 61.05%
c stable glue 7-10 used 336956 clauses 24.37% accumulated 85.42%
c stable glue 11   used  50283 clauses  3.64% accumulated 89.06%
c stable glue 12   used  39634 clauses  2.87% accumulated 91.92% tier2
c
c ---- [ resources ] ---------------------------------------------------------
c
c maximum-resident-set-size:     154602045440 bytes     147440 MB
c process-time:                            17s              16.73 seconds
c
c ---- [ shutting down ] -----------------------------------------------------
c
c exit 20
