c ---- [ banner ] ------------------------------------------------------------
c
c Kissat SAT Solver
c 
c Copyright (c) 2021-2024 Armin Biere University of Freiburg
c Copyright (c) 2019-2021 Armin Biere Johannes Kepler University Linz
c 
c Version 4.0.4 8af8e56f174b778aef3aa45af9f739b2a5f492c2
c Apple clang version 17.0.0 (clang-1700.6.3.2) -W -Wall -O3 -DNDEBUG
c Mon Mar 30 18:25:47 CEST 2026 Darwin Mac 24.6.0 arm64
c
c ---- [ parsing ] -----------------------------------------------------------
c
c opened and reading DIMACS file:
c
c   tmp.cnf
c
c parsed 'p cnf 276 746097' header
c closing input after reading 25866785 bytes (25 MB)
c finished parsing after 0.08 seconds
c
c ---- [ solving ] -----------------------------------------------------------
c
c seconds switched rate     size/glue tier1 binary        remaining
c        MB reductions conflicts size  tier2   irredundant
c         level restarts redundant glue  trail        variables
c
c *  0.08 64 0 0 0  0 0   0   0 0.0 0 0 0 0 0%   0 746097 276 100%
c (  0.10 118 0 0 0  0 0   0   0 0.0 0 0 0 0 0%   0 746097 276 100%
c .  0.10 118 0 0 0  0 0   0   0 0.0 0 0 0 0 0%   0 746097 276 100%
c )  0.18 142 0 0 0  0 0   0   0 0.0 0 0 0 0 0%   0 746097 276 100%
c {  0.19 146 0 0 0  0 0   0   0 0.0 0 0 2 6 0%   0 746097 276 100%
c -  0.28 150 25 0 1 33 3 1000 666 1.5 18 12 8 17 37%   0 746097 276 100%
c }  0.28 150 25 1 1 33 3 1000 666 1.5 18 12 8 17 37%   0 746097 276 100%
c [  0.28 150 0 1 1 33 0 1000 666 0.0 0 0 2 6 0%   0 746097 276 100%
c B  0.28 150 21 1 1 33 1 1001 667 3.0 12 4 2 6 39%   0 746097 276 100%
c -  0.33 143 27 1 2 33 1 2002 1547 1.5 21 14 10 20 33%   0 746097 276 100%
c W  0.35 173 27 1 2 33 1 2002 1547 1.5 21 14 10 20 33%   0 746097 276 100%
c ]  0.38 175 23 2 2 34 1 2699 2151 1.5 19 13 10 20 32%   0 746097 276 100%
c {  0.38 175 25 2 2 34 3 2699 2151 1.5 18 12 8 17 37%   0 746097 276 100%
c u  0.42 175 24 2 2 34 2 2845 2256 1.5 18 12 8 17 36%   0 746097 276 100%
c v  0.43 175 24 2 2 34 2 2845 2247 1.5 18 12 8 17 36%   0 746097 276 100%
c w  0.44 175 24 2 2 34 2 2845 2247 1.5 18 12 8 17 36%   0 746097 276 100%
c -  0.53 182 23 2 3 50 2 3416 2585 1.5 18 11 8 17 38%   0 746097 276 100%
c }  0.55 182 22 3 3 50 2 3700 2836 1.6 17 11 8 17 39%   0 746097 276 100%
c [  0.55 182 23 3 3 50 1 3700 2836 1.5 19 13 10 20 32%   0 746097 276 100%
c I  0.57 182 22 3 3 50 1 4266 3317 1.5 19 12 10 20 37%   0 746097 276 100%
c
c seconds   switched rate       size/glue  tier1    binary        remaining
c         MB reductions conflicts     size   tier2     irredundant
c          level restarts  redundant     glue    trail        variables
c
c -  0.61 183 22 3 4 51 1 5152 3595 1.5 18 12 8 17 35%   0 746097 276 100%
c -  0.64 167 18 3 5 52 1 7153 4635 1.5 17 11 8 15 32%   0 746097 276 100%
c ]  0.64 167 18 4 5 52 1 7162 4644 1.5 17 11 8 15 32%   0 746097 276 100%
c {  0.64 167 22 4 5 52 2 7162 4644 1.6 17 11 8 17 39%   0 746097 276 100%
c u  0.76 182 18 4 5 124 2 8760 5988 1.6 16 10 8 17 33%   0 746097 276 100%
c v  0.78 128 18 4 5 124 2 8760 5988 1.6 16 10 8 17 33%   0 746097 276 100%
c w  0.79 139 18 4 5 124 2 8760 5988 1.6 16 10 8 17 33%   0 746097 276 100%
c -  0.91 153 18 4 6 128 2 9390 5833 1.6 16 10 8 14 33%   0 746097 276 100%
c }  0.91 153 18 5 6 128 2 9515 5941 1.6 16 10 8 14 32%   0 746097 276 100%
c [  0.91 153 18 5 6 128 1 9515 5941 1.5 17 11 8 15 32%   0 746097 276 100%
c B  0.91 153 18 5 6 128 1 9515 5941 1.5 17 11 8 15 32%   0 746097 276 100%
c ]  1.03 150 28 6 6 129 1 11573 7900 1.5 21 14 8 16 40%   0 746097 276 100%
c {  1.03 150 18 6 6 129 2 11573 7900 1.6 16 10 8 14 32%   0 746097 276 100%
c o  1.04 150 18 6 6 131 2 11591 7918 1.6 16 10 8 14 32%   0 746097 276 100%
c -  1.07 155 18 6 7 142 2 11841 6636 1.6 16 10 8 14 32%   0 746097 276 100%
c e  1.25 167 17 6 7 204 2 14214 8809 1.6 16 10 8 14 32%   0 742312 254 92%
c ^  1.29 168 17 6 7 204 2 14214 8809 1.6 16 10 8 14 32%   0 742312 254 92%
c -  1.35 157 17 6 8 211 2 14486 7746 1.6 16 10 8 13 32%   0 742312 254 92%
c }  1.41 160 17 7 8 215 2 15644 8799 1.6 16 10 8 13 33%   0 742312 254 92%
c [  1.41 160 28 7 8 215 1 15644 8799 1.5 21 14 8 16 40%   0 742312 254 92%
c
c seconds   switched  rate        size/glue  tier1    binary        remaining
c         MB reductions conflicts       size   tier2     irredundant
c          level restarts    redundant     glue    trail        variables
c
c W  1.44 199 28 7 8 215 1 15644 8799 1.5 21 14 8 16 40%   0 742312 254 92%
c -  1.61 202 28 7 9 216 1 17314 9197 1.5 22 15 8 21 43%   0 742312 254 92%
c u  1.70 203 28 7 9 217 1 17944 9719 1.5 22 15 8 21 43%   0 742312 254 92%
c v  1.73 205 28 7 9 217 1 17944 9704 1.5 22 15 8 21 43%   0 742312 254 92%
c w  1.75 205 28 7 9 217 1 17944 9704 1.5 22 15 8 21 43%   0 742312 254 92%
c ]  1.87 194 28 8 9 217 1 18648 10345 1.5 22 15 8 21 44%   0 742312 254 92%
c {  1.87 194 17 8 9 217 2 18648 10345 1.6 16 10 8 13 33%   0 742312 254 92%
c -  2.03 208 18 8 10 490 2 20314 10509 1.6 16 10 8 13 33%   0 742312 254 92%
c o  2.21 209 19 8 10 782 3 21636 11779 1.6 16 10 8 13 34%   0 742312 254 92%
c -  2.47 204 19 8 11 966 3 23477 12145 1.6 16 10 8 14 34%   0 742312 254 92%
c }  2.60 196 19 9 11 996 3 24807 13331 1.6 16 10 8 14 34%   0 742312 254 92%
c [  2.60 196 28 9 11 996 1 24807 13331 1.5 22 15 8 21 44%   0 742312 254 92%
c O  2.60 196 28 9 11 996 1 24807 13331 1.5 22 15 8 21 44%   0 742312 254 92%
c -  2.73 206 27 9 12 997 1 26795 13280 1.5 22 15 9 20 42%   0 742312 254 92%
c ^  3.04 214 27 9 12 998 1 28419 14634 1.5 21 15 9 20 41%   0 742312 254 92%
c -  3.20 203 26 9 13 1000 1 30259 14252 1.4 21 15 9 20 41%   0 742312 254 92%
c u  3.30 209 26 9 13 1000 1 30588 14420 1.4 21 15 9 20 41%   0 742312 254 92%
c v  3.35 212 26 9 13 1000 1 30588 14388 1.4 21 15 9 20 41%   0 742312 254 92%
c w  3.38 212 26 9 13 1000 1 30588 14387 1.4 21 15 9 20 41%   0 742312 254 92%
c -  3.59 199 24 9 14 1002 1 33864 15222 1.4 21 14 9 19 40%   0 742312 254 92%
c
c seconds   switched    rate         size/glue  tier1    binary        remaining
c         MB  reductions  conflicts        size   tier2     irredundant
c          level   restarts     redundant     glue    trail        variables
c
c B  3.60 200 24 9 14 1002 1 34568 15839 1.4 21 14 9 19 40%   0 742312 254 92%
c ]  3.61 201 24 10 14 1002 1 34571 15842 1.4 21 14 9 19 40%   0 742312 254 92%
c {  3.61 201 19 10 14 1002 3 34571 15842 1.6 16 10 8 14 34%   0 742312 254 92%
c -  3.93 212 19 10 15 1146 3 37608 16742 1.6 16 10 8 14 35%   0 742312 254 92%
c -  4.22 211 19 10 16 1341 3 41480 18318 1.6 16 10 8 14 35%   0 742312 254 92%
c o  4.23 212 19 10 16 1344 3 41823 18621 1.6 16 10 8 14 35%   0 742312 254 92%
c }  4.39 208 19 11 16 1438 3 43198 19938 1.6 17 10 8 14 35%   0 742312 254 92%
c [  4.39 208 24 11 16 1438 1 43198 19938 1.4 21 14 9 19 40%   0 742312 254 92%
c -  4.55 213 23 11 17 1440 1 45480 19907 1.5 20 14 8 18 39%   0 742312 254 92%
c W  4.66 251 23 11 17 1440 1 46790 21044 1.5 20 14 8 18 38%   0 742312 254 92%
c u  4.75 228 23 11 17 1440 1 46869 20965 1.5 20 14 8 18 38%   0 742312 254 92%
c v  4.81 234 23 11 17 1440 1 46869 20944 1.5 20 14 8 18 38%   0 742312 254 92%
c w  4.84 234 23 11 17 1440 1 46869 20942 1.5 20 14 8 18 38%   0 742312 254 92%
c -  5.04 243 24 11 18 1443 1 49605 20965 1.5 21 14 8 19 39%   0 742312 254 92%
c -  5.23 243 25 11 19 1444 1 53848 21455 1.5 22 15 8 20 40%   0 742312 254 92%
c ]  5.31 243 25 12 19 1445 1 55701 23123 1.4 22 15 8 20 40%   0 742312 254 92%
c {  5.31 243 19 12 19 1445 3 55701 23123 1.6 17 10 8 14 35%   0 742312 254 92%
c -  5.59 244 19 12 20 1617 3 58207 22776 1.6 16 10 8 14 35%   0 742312 254 92%
c ^  5.91 258 19 12 20 1698 3 59217 23720 1.6 16 10 8 14 35%   0 742312 254 92%
c -  6.26 247 20 12 21 2035 3 62679 24893 1.6 16 10 8 14 35%   0 742312 254 92%
c
c seconds    switched    rate         size/glue  tier1    binary        remaining
c         MB   reductions  conflicts        size   tier2     irredundant
c          level    restarts     redundant     glue    trail        variables
c
c u  6.69 248 20 12 21 2283 3 66899 28683 1.6 16 10 8 14 35%   0 742312 254 92%
c v  6.74 249 20 12 21 2283 3 66899 28584 1.6 16 10 8 14 35%   0 742312 254 92%
c w  6.77 249 20 12 21 2283 3 66899 28584 1.6 16 10 8 14 35%   0 742312 254 92%
c }  6.88 239 20 13 21 2349 3 67180 28853 1.6 16 10 8 14 35%   0 742312 254 92%
c [  6.88 239 25 13 21 2349 1 67180 28853 1.4 22 15 8 20 40%   0 742312 254 92%
c I  6.88 239 25 13 21 2349 1 67180 28853 1.4 22 15 8 20 40%   0 742312 254 92%
c -  6.90 244 25 13 22 2349 1 67261 26933 1.4 22 15 8 20 40%   0 742312 254 92%
c -  7.15 251 26 13 23 2352 1 71952 28419 1.4 22 15 8 21 40%   0 742312 254 92%
c o  7.21 251 26 13 23 2354 1 73368 29693 1.4 22 16 8 21 40%   0 742312 254 92%
c -  7.29 252 28 13 24 2355 1 76747 29852 1.4 22 16 8 21 39%   0 742312 254 92%
c -  7.41 254 28 13 25 2357 1 81645 31306 1.4 22 16 8 21 38%   0 742312 254 92%
c B  7.52 255 28 13 25 2360 1 84982 34422 1.5 22 15 8 21 38%   0 742312 254 92%
c -  7.63 257 28 13 26 2361 1 86648 32615 1.4 23 16 8 20 38%   0 742312 254 92%
c ]  7.88 246 29 14 26 2362 1 90587 36166 1.4 23 16 8 20 39%   0 742312 254 92%
c {  7.88 246 20 14 26 2362 3 90587 36166 1.6 16 10 8 14 35%   0 742312 254 92%
c u  7.98 256 20 14 26 2381 3 90821 36310 1.6 16 10 8 14 35%   0 742312 254 92%
c v  8.03 257 20 14 26 2381 3 90821 36250 1.6 16 10 8 14 35%   0 742312 254 92%
c w  8.06 258 20 14 26 2381 3 90821 36249 1.6 16 10 8 14 35%   0 742312 254 92%
c -  8.18 248 20 14 27 2426 3 91747 33160 1.6 16 10 8 14 35%   0 742312 254 92%
c -  8.65 257 20 14 28 2663 3 96943 34647 1.6 16 10 8 14 35%   0 742312 254 92%
c
c seconds    switched    rate          size/glue  tier1    binary        remaining
c         MB   reductions  conflicts         size   tier2     irredundant
c          level    restarts      redundant     glue    trail        variables
c
c -  9.32 258 20 14 29 3258 3 102234 37095 1.6 16 10 8 14 35%   0 742312 254 92%
c }  9.53 257 20 15 29 3393 3 105302 39884 1.6 16 10 8 14 35%   0 742312 254 92%
c [  9.53 257 29 15 29 3393 1 105302 39884 1.4 23 16 8 20 39%   0 742312 254 92%
c W  9.59 260 28 15 29 3393 1 105893 40418 1.4 23 16 8 20 38%   0 742312 254 92%
c ]  9.62 264 29 15 29 3393 1 106170 40677 1.4 23 16 8 20 39%   0 742312 254 92%
c 1  9.62 264 20 15 29 3393 3 106170 40677 1.6 16 10 8 14 35%   0 742312 254 92%
c
c ---- [ result ] ------------------------------------------------------------
c
s SATISFIABLE
v 1 2 3 4 5 6 7 8 9 10 -11 -12 -13 -14 -15 -16 -17 -18 -19 -20 -21 -22 -23 24
v 25 26 27 28 -29 -30 -31 -32 33 -34 -35 -36 -37 -38 -39 40 -41 -42 43 44 -45
v 46 47 48 49 50 51 52 53 -54 -55 -56 -57 -58 -59 -60 -61 -62 -63 -64 -65 -66
v 67 68 69 -70 -71 -72 -73 -74 -75 -76 -77 -78 -79 -80 81 -82 -83 84 85 -86 87
v 88 89 90 91 92 -93 -94 -95 -96 -97 -98 -99 -100 -101 -102 -103 104 -105 106
v -107 -108 -109 -110 -111 -112 -113 -114 -115 -116 -117 118 -119 -120 121 122
v -123 -124 -125 -126 -127 -128 -129 -130 -131 -132 -133 -134 135 -136 -137
v 138 139 -140 141 142 143 144 145 -146 147 -148 -149 -150 -151 152 -153 -154
v -155 -156 157 158 159 160 161 162 163 -164 -165 -166 -167 -168 -169 -170
v -171 172 173 174 -175 176 -177 178 -179 -180 -181 -182 -183 -184 -185 186
v 187 188 189 190 -191 -192 -193 -194 -195 -196 -197 -198 199 200 201 202 203
v 204 -205 -206 207 -208 -209 -210 211 212 213 214 215 -216 -217 -218 -219
v -220 -221 222 223 224 225 -226 227 228 -229 -230 231 232 233 234 -235 -236
v 237 -238 -239 -240 241 242 -243 244 245 -246 -247 248 249 -250 251 252 -253
v -254 255 -256 257 258 -259 -260 261 262 263 264 265 266 267 268 269 270 271
v 272 273 274 275 276 0
c
c ---- [ profiling ] ---------------------------------------------------------
c
c           7.69   79.95 %  search
c           4.69   48.71 %  focused
c           3.00   31.24 %  stable
c           1.73   18.04 %  simplify
c           1.17   12.17 %  probe
c           0.78    8.10 %  vivify
c           0.54    5.59 %  eliminate
c           0.43    4.45 %  subsume
c           0.19    2.02 %  substitute
c           0.11    1.10 %  sweep
c           0.10    1.04 %  walking
c           0.08    0.83 %  parse
c           0.07    0.76 %  preprocess
c           0.06    0.62 %  reduce
c           0.05    0.51 %  congruence
c           0.04    0.41 %  lucky
c           0.03    0.36 %  factor
c           0.01    0.08 %  transitive
c           0.00    0.01 %  backbone
c           0.00    0.00 %  extend
c =============================================
c           9.62  100.00 %  total
c
c ---- [ statistics ] --------------------------------------------------------
c
c conflicts:                           106170            11036.68 per second
c decisions:                           224409                2.11 per conflict
c eliminated:                              22                8 %  variables
c propagations:                       2722355           282997    per second
c reductions:                              29             3661    interval
c reordered:                                4            26542    interval
c rephased:                                11             9652    interval
c restarts:                              3393               31    interval
c switched:                                15             7078    interval
c vivified:                              1218               27 %  checks
c walks:                                    4            26542    interval
c
c ---- [ glue usage ] --------------------------------------------------------
c
c focused glue 8     used  7511 clauses 10.79% accumulated 59.48% tier1
c focused glue 9     used  5382 clauses  7.73% accumulated 67.21%
c focused glue 10-12 used 12616 clauses 18.12% accumulated 85.33%
c focused glue 13    used  2836 clauses  4.07% accumulated 89.40%
c focused glue 14    used  2222 clauses  3.19% accumulated 92.59% tier2
c
c stable glue 8     used 12950 clauses  7.80% accumulated 52.32% tier1
c stable glue 9     used  9487 clauses  5.71% accumulated 58.04%
c stable glue 10-19 used 49605 clauses 29.87% accumulated 87.90%
c stable glue 20    used  2783 clauses  1.68% accumulated 89.58%
c stable glue 21    used  2536 clauses  1.53% accumulated 91.10% tier2
c
c ---- [ resources ] ---------------------------------------------------------
c
c maximum-resident-set-size:     283316846592 bytes     270192 MB
c process-time:                            10s               9.62 seconds
c
c ---- [ shutting down ] -----------------------------------------------------
c
c exit 10
