c ---- [ banner ] ------------------------------------------------------------
c
c Kissat SAT Solver
c 
c Copyright (c) 2021-2024 Armin Biere University of Freiburg
c Copyright (c) 2019-2021 Armin Biere Johannes Kepler University Linz
c 
c Version 4.0.4 8af8e56f174b778aef3aa45af9f739b2a5f492c2
c Apple clang version 17.0.0 (clang-1700.6.3.2) -W -Wall -O3 -DNDEBUG
c Mon Mar 30 18:25:47 CEST 2026 Darwin Mac 24.6.0 arm64
c
c ---- [ parsing ] -----------------------------------------------------------
c
c opened and reading DIMACS file:
c
c   tmp.cnf
c
c parsed 'p cnf 496 4272048' header
c closing input after reading 127388268 bytes (121 MB)
c finished parsing after 0.40 seconds
c
c ---- [ solving ] -----------------------------------------------------------
c
c seconds  switched rate     size/glue tier1 binary         remaining
c         MB reductions conflicts size  tier2    irredundant
c          level restarts redundant glue  trail         variables
c
c *  0.40 212 0 0 0  0 0   0   0 0.0 0 0 0 0 0%   0 4272048 496 100%
c (  0.51 499 0 0 0  0 0   0   0 0.0 0 0 0 0 0%   0 4272048 496 100%
c .  0.51 499 0 0 0  0 0   0   0 0.0 0 0 0 0 0%   0 4272048 496 100%
c )  0.79 459 0 0 0  0 0   0   0 0.0 0 0 0 0 0%   0 4272048 496 100%
c {  0.84 466 0 0 0  0 0   0   0 0.0 0 0 2 6 0%   0 4272048 496 100%
c -  1.03 494 28 0 1  4 2 1001 687 1.8 20 11 9 14 29%   0 4272048 496 100%
c }  1.03 494 28 1 1  4 2 1001 687 1.8 20 11 9 14 29%   0 4272048 496 100%
c [  1.03 494 0 1 1  4 0 1001 687 0.0 0 0 2 6 0%   0 4272048 496 100%
c B  1.03 494 0 1 1  4 0 1001 687 0.0 0 0 2 6 0%   0 4272048 496 100%
c -  1.13 498 73 1 2  4 1 2004 1545 1.2 33 28 17 42 34%   0 4272048 496 100%
c W  1.25 509 73 1 2  4 1 2004 1545 1.2 33 28 17 42 34%   0 4272048 496 100%
c ]  1.40 526 55 2 2  5 2 2740 2205 1.2 28 23 17 42 33%   0 4272048 496 100%
c {  1.40 526 28 2 2  5 2 2740 2205 1.8 20 11 9 14 29%   0 4272048 496 100%
c -  1.65 539 27 2 3 61 2 3418 2683 1.7 19 11 9 15 31%   0 4272048 496 100%
c u  1.84 541 26 2 3 77 2 3697 2942 1.8 19 11 9 15 31%   0 4272048 496 100%
c v  1.92 543 26 2 3 77 2 3697 2936 1.8 19 11 9 15 31%   0 4272048 496 100%
c w  1.97 543 26 2 3 77 2 3697 2936 1.8 19 11 9 15 31%   0 4272048 496 100%
c }  2.21 566 26 3 3 96 2 3740 2979 1.7 19 11 9 15 31%   0 4272048 496 100%
c [  2.21 566 55 3 3 96 2 3740 2979 1.2 28 23 17 42 33%   0 4272048 496 100%
c I  2.35 568 47 3 3 96 2 4263 3478 1.3 26 20 17 42 30%   0 4272048 496 100%
c
c seconds   switched rate       size/glue  tier1     binary         remaining
c         MB reductions conflicts     size    tier2      irredundant
c          level restarts  redundant     glue     trail         variables
c
c -  2.50 571 44 3 4 97 2 5151 3835 1.3 26 19 12 30 31%   0 4272048 496 100%
c ]  2.61 572 43 4 4 98 2 5980 4608 1.4 26 19 12 29 32%   0 4272048 496 100%
c {  2.61 572 26 4 4 98 2 5980 4608 1.7 19 11 9 15 31%   0 4272048 496 100%
c -  2.94 575 23 4 5 210 3 7152 4946 1.6 18 11 9 14 25%   0 4272048 496 100%
c }  3.17 576 21 5 5 235 2 8333 5934 1.5 17 11 9 14 23%   0 4272048 496 100%
c [  3.17 576 43 5 5 235 2 8333 5934 1.4 26 19 12 29 32%   0 4272048 496 100%
c B  3.17 576 43 5 5 235 2 8333 5934 1.4 26 19 12 29 32%   0 4272048 496 100%
c -  3.36 576 40 5 6 236 2 9388 5992 1.4 25 19 12 27 31%   0 4272048 496 100%
c u  3.85 404 37 5 6 237 2 11387 7721 1.4 26 19 12 27 30%   0 4272048 496 100%
c v  3.96 422 37 5 6 237 2 11387 7718 1.4 26 19 12 27 30%   0 4272048 496 100%
c w  4.03 426 37 5 6 237 2 11387 7718 1.4 26 19 12 27 30%   0 4272048 496 100%
c o  4.20 475 37 5 6 237 2 11387 7718 1.4 26 19 12 27 30%   0 4272048 496 100%
c -  4.25 478 39 5 7 237 2 11838 6855 1.4 26 19 12 26 31%   0 4272048 496 100%
c ]  4.38 482 40 6 7 238 2 12786 7727 1.4 26 19 12 26 33%   0 4272048 496 100%
c {  4.38 482 21 6 7 238 2 12786 7727 1.5 17 11 9 14 23%   0 4272048 496 100%
c -  4.80 494 22 6 8 287 2 14483 8025 1.6 17 11 9 14 23%   0 4272048 496 100%
c }  5.32 501 21 7 8 325 2 16855 10151 1.6 17 11 9 14 23%   0 4272048 496 100%
c [  5.32 501 40 7 8 325 2 16855 10151 1.4 26 19 12 26 33%   0 4272048 496 100%
c W  5.47 549 40 7 8 325 2 16855 10151 1.4 26 19 12 26 33%   0 4272048 496 100%
c -  5.52 554 40 7 9 325 2 17313 9055 1.3 25 19 12 26 32%   0 4272048 496 100%
c
c seconds   switched  rate         size/glue  tier1     binary         remaining
c         MB reductions conflicts        size    tier2      irredundant
c          level restarts     redundant     glue     trail         variables
c
c e  5.91 528 42 7 9 326 2 18482 10142 1.4 26 19 11 26 34%   0 3967865 481 97%
c ^  6.08 544 42 7 9 326 2 18482 10142 1.4 26 19 11 26 34%   0 3967865 481 97%
c -  6.25 547 41 7 10 327 2 20319 9783 1.3 26 19 12 26 34%   0 3967865 481 97%
c u  6.55 552 39 7 10 330 2 23327 12391 1.3 26 19 12 26 35%   0 3967865 481 97%
c v  6.64 554 39 7 10 330 2 23327 12387 1.3 26 19 12 26 35%   0 3967865 481 97%
c w  6.70 554 39 7 10 330 2 23327 12371 1.3 26 19 12 26 35%   0 3967865 481 97%
c o  6.87 563 39 7 10 330 2 23327 12371 1.3 26 19 12 26 35%   0 3967865 481 97%
c -  6.89 563 41 7 11 330 2 23482 10467 1.3 26 20 11 26 35%   0 3967865 481 97%
c O  6.92 563 47 7 11 330 2 24384 11333 1.3 27 21 11 26 37%   0 3967865 481 97%
c -  7.14 567 45 7 12 331 2 26800 11671 1.3 26 20 11 26 37%   0 3967865 481 97%
c -  7.33 568 44 7 13 332 2 30264 12765 1.4 27 19 11 26 41%   0 3967865 481 97%
c ]  7.38 568 43 8 13 333 2 31040 13463 1.4 27 19 11 26 41%   0 3967865 481 97%
c {  7.38 568 21 8 13 333 2 31040 13463 1.6 17 11 9 14 23%   0 3967865 481 97%
c -  7.99 577 20 8 14 497 2 33870 14027 1.6 17 11 9 14 22%   0 3967865 481 97%
c ^  8.98 607 21 8 14 724 3 36731 16648 1.6 17 11 9 14 23%   0 3967865 481 97%
c }  9.18 607 21 9 14 807 3 37199 17099 1.6 17 11 9 14 23%   0 3967865 481 97%
c [  9.18 607 43 9 14 807 2 37199 17099 1.4 27 19 11 26 41%   0 3967865 481 97%
c B  9.18 607 43 9 14 807 2 37199 17099 1.4 27 19 11 26 41%   0 3967865 481 97%
c -  9.26 608 43 9 15 807 2 37611 15539 1.4 28 20 11 26 41%   0 3967865 481 97%
c u  9.61 609 43 9 15 809 2 39571 17289 1.4 28 20 11 26 42%   0 3967865 481 97%
c
c seconds   switched   rate         size/glue  tier1     binary         remaining
c         MB  reductions conflicts        size    tier2      irredundant
c          level  restarts     redundant     glue     trail         variables
c
c v  9.74 610 43 9 15 809 2 39571 17261 1.4 28 20 11 26 42%   0 3967865 481 97%
c w  9.82 610 43 9 15 809 2 39571 17260 1.4 28 20 11 26 42%   0 3967865 481 97%
c - 10.08 610 42 9 16 810 2 41483 16488 1.4 28 20 11 26 43%   0 3967865 481 97%
c - 10.41 611 40 9 17 813 2 45483 17474 1.4 28 20 11 26 43%   0 3967865 481 97%
c W 10.81 652 39 9 17 813 2 49421 20980 1.4 28 20 11 26 43%   0 3967865 481 97%
c o 10.82 652 39 9 17 813 2 49421 20980 1.4 28 20 11 26 43%   0 3967865 481 97%
c - 10.84 654 40 9 18 814 2 49607 18721 1.4 28 20 11 26 43%   0 3967865 481 97%
c - 11.04 660 39 9 19 816 2 53851 20068 1.4 28 19 11 26 42%   0 3967865 481 97%
c ] 11.12 660 38 10 19 818 2 55750 21798 1.4 27 19 11 26 41%   0 3967865 481 97%
c { 11.12 660 21 10 19 818 3 55750 21798 1.6 17 11 9 14 23%   0 3967865 481 97%
c - 11.89 682 21 10 20 999 3 58209 21388 1.5 17 11 9 14 23%   0 3967865 481 97%
c u 12.89 570 21 10 20 1186 3 60486 23475 1.5 17 11 9 14 23%   0 3967865 481 97%
c v 13.04 613 21 10 20 1186 3 60486 23453 1.5 17 11 9 14 23%   0 3967865 481 97%
c w 13.13 619 21 10 20 1186 3 60486 23452 1.5 17 11 9 14 23%   0 3967865 481 97%
c - 13.92 675 22 10 21 1350 3 62681 22928 1.5 17 11 9 14 23%   0 3967865 481 97%
c } 14.31 684 22 11 21 1448 3 64377 24504 1.5 17 11 9 14 23%   0 3967865 481 97%
c [ 14.31 684 38 11 21 1448 2 64377 24504 1.4 27 19 11 26 41%   0 3967865 481 97%
c I 14.31 684 38 11 21 1448 2 64377 24504 1.4 27 19 11 26 41%   0 3967865 481 97%
c - 14.73 686 38 11 22 1450 2 67263 24175 1.4 27 19 10 25 40%   0 3967865 481 97%
c - 15.16 687 37 11 23 1453 2 71954 24948 1.4 28 19 10 25 40%   0 3967865 481 97%
c
c seconds    switched    rate         size/glue  tier1     binary         remaining
c         MB   reductions  conflicts        size    tier2      irredundant
c          level    restarts     redundant     glue     trail         variables
c
c ^ 16.14 682 37 11 23 1454 2 76297 28600 1.4 28 19 10 25 39%   0 3967865 481 97%
c - 16.24 682 37 11 24 1454 2 76751 25918 1.4 28 19 10 25 40%   0 3967865 481 97%
c - 16.83 684 36 11 25 1458 2 81650 27489 1.5 28 19 10 25 39%   0 3967865 481 97%
c B 16.90 684 36 11 25 1459 2 82179 27935 1.5 28 19 10 25 39%   0 3967865 481 97%
c o 16.92 684 36 11 25 1459 2 82179 27935 1.5 28 19 10 25 39%   0 3967865 481 97%
c u 17.39 686 37 11 25 1461 2 86219 31538 1.5 28 19 10 25 39%   0 3967865 481 97%
c v 17.53 688 37 11 25 1461 2 86219 31503 1.5 28 19 10 25 39%   0 3967865 481 97%
c w 17.61 688 37 11 25 1461 2 86219 31492 1.5 28 19 10 25 39%   0 3967865 481 97%
c - 17.86 688 37 11 26 1461 2 86650 28632 1.5 28 19 10 25 39%   0 3967865 481 97%
c ] 17.88 688 37 12 26 1461 2 86814 28770 1.5 28 19 10 25 39%   0 3967865 481 97%
c { 17.88 688 22 12 26 1461 3 86814 28770 1.5 17 11 9 14 23%   0 3967865 481 97%
c - 19.20 693 22 12 27 1739 3 91749 30183 1.6 17 11 9 14 23%   0 3967865 481 97%
c - 20.52 700 22 12 28 2009 3 96945 31893 1.6 17 11 9 14 23%   0 3967865 481 97%
c } 20.96 669 22 13 28 2144 3 98293 33185 1.6 17 11 9 14 23%   0 3967865 481 97%
c [ 20.96 669 37 13 28 2144 2 98293 33185 1.5 28 19 10 25 39%   0 3967865 481 97%
c - 21.52 680 37 13 29 2146 2 102236 33320 1.5 28 19 10 25 39%   0 3967865 481 97%
c W 21.74 786 37 13 29 2147 2 103091 34125 1.5 28 19 10 25 39%   0 3967865 481 97%
c ] 21.76 787 37 13 29 2147 2 103248 34276 1.5 28 19 10 25 39%   0 3967865 481 97%
c 1 21.76 787 22 13 29 2147 3 103248 34276 1.6 17 11 9 14 23%   0 3967865 481 97%
c
c ---- [ result ] ------------------------------------------------------------
c
s SATISFIABLE
v 1 2 3 4 5 6 7 8 9 -10 -11 -12 -13 -14 -15 -16 -17 -18 -19 -20 -21 -22 -23
v -24 -25 -26 -27 -28 -29 -30 -31 32 33 34 -35 -36 37 -38 -39 -40 -41 -42 -43
v -44 -45 -46 -47 -48 -49 -50 -51 -52 -53 -54 -55 -56 57 -58 59 60 -61 62 63
v 64 65 66 -67 68 -69 -70 -71 -72 -73 -74 -75 -76 -77 -78 -79 -80 -81 -82 -83
v -84 -85 -86 -87 -88 -89 -90 91 92 -93 94 -95 -96 -97 -98 -99 -100 -101 -102
v -103 -104 -105 -106 -107 -108 -109 -110 -111 -112 -113 114 -115 116 117 -118
v -119 -120 -121 -122 -123 -124 -125 -126 -127 -128 -129 -130 -131 -132 -133
v -134 -135 -136 -137 -138 -139 -140 141 -142 143 144 -145 146 147 148 149 150
v 151 -152 -153 -154 -155 -156 -157 -158 -159 -160 -161 -162 -163 -164 -165
v -166 -167 -168 -169 -170 -171 172 173 174 175 176 177 -178 -179 -180 -181
v -182 -183 -184 -185 -186 -187 -188 -189 -190 -191 -192 -193 -194 -195 -196
v 197 198 -199 200 -201 -202 -203 -204 -205 -206 -207 -208 -209 -210 -211 -212
v -213 -214 -215 -216 -217 -218 -219 -220 221 222 223 224 225 226 227 -228
v -229 -230 -231 -232 -233 -234 -235 -236 -237 -238 -239 -240 -241 -242 -243
v 244 245 246 -247 -248 249 -250 -251 -252 -253 -254 -255 -256 -257 -258 -259
v -260 -261 -262 -263 -264 -265 266 267 268 269 270 271 272 -273 -274 -275
v -276 -277 -278 -279 -280 -281 -282 -283 -284 -285 -286 287 288 -289 290 -291
v -292 -293 -294 -295 -296 -297 -298 -299 -300 -301 -302 -303 -304 -305 -306
v 307 308 309 310 -311 -312 -313 -314 -315 -316 -317 -318 -319 -320 -321 -322
v -323 -324 -325 326 327 328 329 -330 331 -332 -333 -334 -335 -336 -337 -338
v -339 -340 -341 -342 -343 344 345 346 347 348 349 -350 -351 -352 -353 -354
v -355 -356 -357 -358 -359 -360 361 -362 363 364 -365 -366 -367 -368 -369 -370
v -371 -372 -373 -374 -375 -376 377 378 379 380 381 -382 -383 -384 -385 -386
v -387 -388 -389 -390 -391 392 393 394 395 396 397 398 -399 -400 -401 -402
v -403 -404 -405 406 407 408 409 410 -411 -412 -413 -414 -415 -416 -417 -418
v 419 -420 421 422 -423 -424 -425 -426 -427 -428 -429 -430 431 432 433 -434
v -435 -436 -437 -438 -439 -440 -441 442 443 444 445 446 -447 448 -449 -450
v 451 452 453 454 455 -456 -457 -458 -459 -460 461 462 463 -464 465 -466 -467
v -468 469 470 -471 472 -473 -474 475 476 -477 478 -479 -480 481 -482 483 -484
v -485 486 487 488 489 490 491 492 493 494 495 496 0
c
c ---- [ profiling ] ---------------------------------------------------------
c
c          15.80   72.62 %  search
c           9.11   41.85 %  focused
c           6.70   30.76 %  stable
c           5.12   23.52 %  simplify
c           3.51   16.11 %  probe
c           2.12    9.75 %  vivify
c           1.42    6.53 %  eliminate
c           0.83    3.80 %  substitute
c           0.80    3.69 %  subsume
c           0.47    2.18 %  walking
c           0.40    1.85 %  parse
c           0.28    1.29 %  preprocess
c           0.26    1.18 %  congruence
c           0.21    0.99 %  sweep
c           0.16    0.73 %  lucky
c           0.14    0.63 %  reduce
c           0.05    0.22 %  factor
c           0.04    0.17 %  transitive
c           0.00    0.01 %  backbone
c           0.00    0.00 %  extend
c =============================================
c          21.76  100.00 %  total
c
c ---- [ statistics ] --------------------------------------------------------
c
c conflicts:                           103248             4743.60 per second
c decisions:                           222553                2.16 per conflict
c eliminated:                              15                3 %  variables
c propagations:                       4014709           184451    per second
c reductions:                              29             3560    interval
c reordered:                                4            25812    interval
c rephased:                                11             9386    interval
c restarts:                              2147               48    interval
c switched:                                13             7942    interval
c vivified:                               659               23 %  checks
c walks:                                    4            25812    interval
c
c ---- [ glue usage ] --------------------------------------------------------
c
c focused glue 9     used 5189 clauses 10.97% accumulated 57.46% tier1
c focused glue 10    used 4621 clauses  9.77% accumulated 67.23%
c focused glue 11-12 used 7311 clauses 15.46% accumulated 82.69%
c focused glue 13    used 2580 clauses  5.45% accumulated 88.14%
c focused glue 14    used 1874 clauses  3.96% accumulated 92.10% tier2
c
c stable glue 10    used 12096 clauses  5.52% accumulated 51.77% tier1
c stable glue 11    used 10139 clauses  4.63% accumulated 56.40%
c stable glue 12-23 used 68400 clauses 31.23% accumulated 87.64%
c stable glue 24    used  3788 clauses  1.73% accumulated 89.37%
c stable glue 25    used  3451 clauses  1.58% accumulated 90.94% tier2
c
c ---- [ resources ] ---------------------------------------------------------
c
c maximum-resident-set-size:     845437468672 bytes     806272 MB
c process-time:                            22s              21.76 seconds
c
c ---- [ shutting down ] -----------------------------------------------------
c
c exit 10
