c ---- [ banner ] ------------------------------------------------------------
c
c Kissat SAT Solver
c 
c Copyright (c) 2021-2024 Armin Biere University of Freiburg
c Copyright (c) 2019-2021 Armin Biere Johannes Kepler University Linz
c 
c Version 4.0.4 8af8e56f174b778aef3aa45af9f739b2a5f492c2
c Apple clang version 17.0.0 (clang-1700.6.3.2) -W -Wall -O3 -DNDEBUG
c Mon Mar 30 18:25:47 CEST 2026 Darwin Mac 24.6.0 arm64
c
c ---- [ parsing ] -----------------------------------------------------------
c
c opened and reading DIMACS file:
c
c   tmp.cnf
c
c parsed 'p cnf 666 40932804' header
c closing input after reading 1464033615 bytes (1 GB)
c finished parsing after 4.22 seconds
c
c ---- [ solving ] -----------------------------------------------------------
c
c seconds   switched rate     size/glue tier1 binary          remaining
c          MB reductions conflicts size  tier2    irredundant
c           level restarts redundant glue  trail          variables
c
c *  4.22 2304 0 0 0  0 0   0   0 0.0 0 0 0 0 0%   0 40932804 666 100%
c (  5.85 3797 0 0 0  0 0   0   0 0.0 0 0 0 0 0%   0 40932804 666 100%
c .  5.85 3797 0 0 0  0 0   0   0 0.0 0 0 0 0 0%   0 40932804 666 100%
c )  8.54 4018 0 0 0  0 0   0   0 0.0 0 0 0 0 0%   0 40932804 666 100%
c { 10.03 4203 0 0 0  0 0   0   0 0.0 0 0 2 6 0%   0 40932804 666 100%
c - 12.07 4289 28 0 1  2 2 1000 679 1.3 18 14 13 18 23%   0 40932804 666 100%
c } 12.07 4289 28 1 1  2 2 1000 679 1.3 18 14 13 18 23%   0 40932804 666 100%
c [ 12.07 4289 0 1 1  2 0 1000 679 0.0 0 0 2 6 0%   0 40932804 666 100%
c B 12.11 4289 46 1 1  2 16 1002 681 1.7 12 7 2 6 34%   0 40932804 666 100%
c - 13.09 4311 36 1 2  2 2 2000 1537 1.4 27 19 12 27 27%   0 40932804 666 100%
c W 14.24 4096 36 1 2  2 2 2004 1541 1.4 27 19 12 27 27%   0 40932804 666 100%
c - 15.11 4162 33 1 3  4 2 3415 2494 1.4 27 20 13 26 27%   0 40932804 666 100%
c ] 15.46 4165 33 2 3  4 2 4117 3106 1.4 28 20 13 26 28%   0 40932804 666 100%
c { 15.46 4165 28 2 3  4 2 4117 3106 1.3 18 14 13 18 23%   0 40932804 666 100%
c } 16.78 4229 25 3 3 13 2 5118 4029 1.6 21 13 12 18 26%   0 40932804 666 100%
c [ 16.78 4229 33 3 3 13 2 5118 4029 1.4 28 20 13 26 28%   0 40932804 666 100%
c I 16.78 4229 33 3 3 13 2 5118 4029 1.4 28 20 13 26 28%   0 40932804 666 100%
c - 17.03 4238 33 3 4 13 2 5147 3623 1.4 28 20 13 26 27%   0 40932804 666 100%
c u 19.12 4274 33 3 4 13 2 5572 4022 1.4 27 20 13 26 27%   0 40932804 666 100%
c v 19.79 4275 33 3 4 13 2 5572 4022 1.4 27 20 13 26 27%   0 40932804 666 100%
c
c seconds    switched rate       size/glue  tier1     binary          remaining
c          MB reductions conflicts     size    tier2      irredundant
c           level restarts  redundant     glue     trail          variables
c
c w 20.33 4276 33 3 4 13 2 5572 4022 1.4 27 20 13 26 27%   0 40932804 666 100%
c ] 22.19 4316 34 4 4 13 2 6045 4479 1.4 28 19 13 26 29%   0 40932804 666 100%
c { 22.19 4316 25 4 4 13 2 6045 4479 1.6 21 13 12 18 26%   0 40932804 666 100%
c - 24.86 4376 25 4 5 88 3 7147 4767 1.7 22 13 11 18 25%   0 40932804 666 100%
c } 28.26 3514 26 5 5 211 3 8397 5960 1.6 21 13 11 18 23%   0 40932804 666 100%
c [ 28.26 3514 34 5 5 211 2 8397 5960 1.4 28 19 13 26 29%   0 40932804 666 100%
c B 28.61 3572 32 5 5 211 2 8890 6379 1.4 27 19 13 26 27%   0 40932804 666 100%
c - 29.32 3665 47 5 6 211 2 9383 5880 1.4 27 19 12 26 29%   0 40932804 666 100%
c - 32.28 3834 45 5 7 213 2 11832 6811 1.4 28 20 13 27 30%   0 40932804 666 100%
c ] 34.77 3911 43 6 7 215 2 13583 8377 1.4 29 20 13 27 29%   0 40932804 666 100%
c { 34.77 3911 26 6 7 215 3 13583 8377 1.6 21 13 11 18 23%   0 40932804 666 100%
c - 37.05 4032 26 6 8 231 3 14477 7904 1.6 21 13 11 18 23%   0 40932804 666 100%
c u 43.36 3506 25 6 8 266 3 17160 10353 1.6 21 13 11 18 23%   0 40932804 666 100%
c v 44.65 3572 25 6 8 266 3 17160 10338 1.6 21 13 11 18 23%   0 40932804 666 100%
c w 45.37 3603 25 6 8 266 3 17160 10338 1.6 21 13 11 18 23%   0 40932804 666 100%
c o 47.02 4251 25 6 8 266 3 17160 10338 1.6 21 13 11 18 23%   0 40932804 666 100%
c - 47.92 4260 25 6 9 274 3 17306 8980 1.6 21 13 10 17 22%   0 40932804 666 100%
c } 48.50 4261 24 7 9 274 3 17653 9305 1.6 21 13 10 17 22%   0 40932804 666 100%
c [ 48.50 4261 43 7 9 274 2 17653 9305 1.4 29 20 13 27 29%   0 40932804 666 100%
c W 49.81 4189 43 7 9 274 2 17653 9305 1.4 29 20 13 27 29%   0 40932804 666 100%
c
c seconds    switched   rate        size/glue  tier1     binary          remaining
c          MB  reductions conflicts       size    tier2      irredundant
c           level  restarts    redundant     glue     trail          variables
c
c - 51.27 4236 53 7 10 276 2 20306 9726 1.4 31 23 13 30 33%   0 40932804 666 100%
c - 52.67 4272 53 7 11 278 2 23469 10210 1.4 34 24 13 33 34%   0 40932804 666 100%
c O 53.78 4281 53 7 11 279 2 25182 11824 1.4 34 25 13 33 33%   0 40932804 666 100%
c - 54.31 4314 52 7 12 280 2 26785 10980 1.4 34 25 14 34 32%   0 40932804 666 100%
c e 57.08 4346 52 7 12 280 2 27854 11971 1.4 34 25 14 34 31%   0 40137958 645 97%
c ^ 58.51 4354 52 7 12 280 2 27854 11971 1.4 34 25 14 34 31%   0 40137958 645 97%
c o 59.06 4354 52 7 12 280 2 27854 11965 1.4 34 25 14 34 31%   0 40137958 645 97%
c - 60.49 4400 53 7 13 281 2 30250 12218 1.3 33 25 14 33 31%   0 40137958 645 97%
c ] 62.12 4420 52 8 13 283 2 32980 14698 1.3 33 25 14 33 31%   0 40137958 645 97%
c { 62.12 4420 24 8 13 283 3 32980 14698 1.6 21 13 10 17 22%   0 40137958 645 97%
c - 63.64 4459 25 8 14 361 3 33855 13555 1.7 21 13 10 17 23%   0 40137958 645 97%
c u 67.90 3924 25 8 14 454 3 35153 14775 1.7 21 13 10 17 23%   0 40137958 645 97%
c v 68.76 3936 25 8 14 454 3 35153 14764 1.7 21 13 10 17 23%   0 40137958 645 97%
c w 69.35 3944 25 8 14 454 3 35153 14764 1.7 21 13 10 17 23%   0 40137958 645 97%
c - 72.94 4063 24 8 15 594 3 37596 14835 1.6 20 13 10 17 21%   0 40137958 645 97%
c } 77.36 4189 26 9 15 869 4 39139 16315 1.6 20 13 10 17 22%   0 40137958 645 97%
c [ 77.36 4189 52 9 15 869 2 39139 16315 1.3 33 25 14 33 31%   0 40137958 645 97%
c B 77.36 4189 52 9 15 869 2 39139 16315 1.3 33 25 14 33 31%   0 40137958 645 97%
c - 78.72 4207 55 9 16 871 2 41471 15704 1.3 34 25 14 33 32%   0 40137958 645 97%
c ] 79.70 4208 54 9 16 872 2 43701 17680 1.3 34 25 14 33 32%   0 40137958 645 97%
c
c seconds    switched   rate         size/glue  tier1     binary          remaining
c          MB  reductions conflicts        size    tier2      irredundant
c           level  restarts     redundant     glue     trail          variables
c
c 1 79.70 4208 26 9 16 872 4 43701 17680 1.6 20 13 10 17 22%   0 40137958 645 97%
c
c ---- [ result ] ------------------------------------------------------------
c
s SATISFIABLE
v 1 2 3 4 5 6 7 -8 -9 -10 -11 -12 -13 -14 -15 -16 -17 -18 -19 -20 -21 -22 -23
v -24 -25 -26 -27 -28 -29 -30 -31 32 33 -34 -35 36 37 38 39 40 41 42 43 44 45
v 46 47 -48 -49 -50 -51 -52 -53 -54 -55 -56 -57 -58 -59 -60 -61 -62 -63 -64
v -65 -66 -67 -68 -69 -70 -71 72 73 74 -75 76 77 -78 -79 -80 -81 -82 -83 -84
v -85 -86 -87 -88 -89 -90 -91 -92 -93 -94 -95 -96 -97 -98 -99 -100 -101 102
v -103 -104 105 106 107 108 109 -110 111 112 -113 -114 -115 -116 -117 -118
v -119 -120 -121 -122 -123 -124 -125 -126 -127 -128 -129 -130 -131 -132 133
v -134 -135 -136 -137 -138 139 -140 141 -142 -143 -144 -145 -146 -147 -148
v -149 -150 -151 -152 -153 -154 -155 -156 -157 -158 -159 -160 -161 -162 -163
v -164 -165 -166 167 -168 -169 170 -171 172 -173 -174 -175 -176 -177 -178 -179
v -180 -181 -182 -183 -184 -185 -186 -187 -188 -189 -190 -191 -192 -193 -194
v -195 -196 -197 198 -199 -200 201 202 203 204 205 206 207 208 209 210 211 212
v -213 -214 -215 -216 -217 -218 -219 -220 -221 -222 -223 -224 -225 -226 -227
v -228 -229 -230 -231 -232 233 234 -235 -236 -237 -238 -239 -240 -241 -242
v -243 -244 -245 -246 -247 -248 -249 -250 -251 -252 -253 -254 255 -256 -257
v -258 -259 -260 261 262 263 264 265 266 -267 268 -269 270 -271 -272 -273 -274
v -275 -276 -277 -278 -279 -280 -281 -282 -283 -284 -285 -286 -287 -288 289
v 290 291 -292 -293 -294 295 -296 -297 -298 -299 -300 -301 -302 -303 -304 -305
v -306 -307 -308 -309 -310 -311 -312 -313 -314 -315 316 317 -318 319 -320 321
v -322 -323 -324 -325 -326 -327 -328 -329 -330 -331 -332 -333 -334 -335 -336
v -337 -338 -339 -340 -341 342 343 344 345 346 -347 348 -349 -350 351 -352
v -353 -354 -355 -356 -357 -358 -359 -360 -361 -362 -363 -364 -365 -366 367
v 368 -369 370 -371 372 -373 -374 -375 -376 -377 -378 -379 -380 -381 -382 -383
v -384 -385 -386 -387 -388 -389 -390 391 392 393 394 395 396 397 -398 -399
v -400 -401 -402 -403 -404 -405 -406 -407 -408 -409 -410 -411 -412 -413 414
v 415 416 417 418 419 -420 421 -422 -423 -424 -425 -426 -427 -428 -429 -430
v -431 -432 -433 -434 -435 436 437 438 439 440 -441 442 443 -444 445 -446 -447
v -448 -449 -450 -451 -452 -453 -454 -455 -456 -457 458 -459 460 461 -462 -463
v -464 -465 -466 -467 -468 -469 -470 -471 -472 -473 -474 -475 -476 477 478 479
v 480 481 482 -483 484 485 -486 -487 -488 -489 -490 -491 -492 -493 -494 -495
v 496 497 498 499 -500 501 -502 503 -504 -505 -506 -507 -508 -509 -510 -511
v -512 -513 514 -515 516 517 -518 519 -520 -521 -522 -523 -524 -525 -526 -527
v -528 -529 -530 -531 532 533 -534 535 -536 -537 -538 -539 -540 -541 -542 -543
v -544 -545 -546 547 548 549 550 551 552 553 554 555 -556 -557 -558 -559 -560
v -561 562 563 564 565 566 567 -568 -569 -570 -571 -572 -573 -574 -575 576 577
v -578 579 580 -581 -582 -583 -584 -585 -586 -587 -588 589 590 591 592 593 594
v -595 -596 -597 598 -599 -600 601 602 603 -604 605 -606 -607 -608 -609 -610
v -611 612 613 614 615 616 617 -618 619 620 -621 622 623 624 -625 -626 -627
v -628 629 -630 631 632 -633 -634 -635 -636 -637 638 639 640 641 -642 643 644
v -645 646 647 -648 649 650 -651 652 653 654 655 656 657 658 659 660 661 662
v 663 664 665 666 0
c
c ---- [ profiling ] ---------------------------------------------------------
c
c          48.51   60.87 %  search
c          27.81   34.89 %  focused
c          21.16   26.55 %  simplify
c          20.70   25.98 %  stable
c          17.25   21.65 %  probe
c           8.87   11.13 %  vivify
c           4.75    5.96 %  substitute
c           4.33    5.43 %  eliminate
c           4.22    5.30 %  parse
c           3.12    3.91 %  lucky
c           2.69    3.37 %  preprocess
c           2.26    2.84 %  walking
c           1.93    2.42 %  subsume
c           1.56    1.96 %  congruence
c           1.42    1.78 %  sweep
c           0.53    0.66 %  reduce
c           0.46    0.58 %  factor
c           0.19    0.23 %  transitive
c           0.00    0.00 %  backbone
c           0.00    0.00 %  extend
c =============================================
c          79.70  100.00 %  total
c
c ---- [ statistics ] --------------------------------------------------------
c
c conflicts:                            43701              548.33 per second
c decisions:                           101583                2.32 per conflict
c eliminated:                              21                3 %  variables
c propagations:                       1902209            23868    per second
c reductions:                              16             2731    interval
c reordered:                                2            21850    interval
c rephased:                                 7             6243    interval
c restarts:                               872               50    interval
c switched:                                 9             4856    interval
c vivified:                               273                8 %  checks
c walks:                                    2            21850    interval
c
c ---- [ glue usage ] --------------------------------------------------------
c
c focused glue 10    used 1736 clauses  9.02% accumulated 53.45% tier1
c focused glue 11    used 1317 clauses  6.84% accumulated 60.29%
c focused glue 12-15 used 4588 clauses 23.84% accumulated 84.13%
c focused glue 16    used  803 clauses  4.17% accumulated 88.30%
c focused glue 17    used  686 clauses  3.56% accumulated 91.86% tier2
c
c stable glue 14    used  3408 clauses  3.92% accumulated 50.46% tier1
c stable glue 15    used  3845 clauses  4.43% accumulated 54.88%
c stable glue 16-31 used 28859 clauses 33.23% accumulated 88.11%
c stable glue 32    used  1115 clauses  1.28% accumulated 89.39%
c stable glue 33    used  1055 clauses  1.21% accumulated 90.61% tier2
c
c ---- [ resources ] ---------------------------------------------------------
c
c maximum-resident-set-size:     4842625957888 bytes    4618288 MB
c process-time:                         1m 20s              79.70 seconds
c
c ---- [ shutting down ] -----------------------------------------------------
c
c exit 10
