c ---- [ banner ] ------------------------------------------------------------
c
c Kissat SAT Solver
c 
c Copyright (c) 2021-2024 Armin Biere University of Freiburg
c Copyright (c) 2019-2021 Armin Biere Johannes Kepler University Linz
c 
c Version 4.0.4 8af8e56f174b778aef3aa45af9f739b2a5f492c2
c Apple clang version 17.0.0 (clang-1700.6.3.2) -W -Wall -O3 -DNDEBUG
c Mon Mar 30 18:25:47 CEST 2026 Darwin Mac 24.6.0 arm64
c
c ---- [ parsing ] -----------------------------------------------------------
c
c opened and reading DIMACS file:
c
c   tmp.cnf
c
c parsed 'p cnf 351 592020' header
c closing input after reading 14825939 bytes (14 MB)
c finished parsing after 0.05 seconds
c
c ---- [ solving ] -----------------------------------------------------------
c
c seconds switched rate     size/glue tier1 binary        remaining
c        MB reductions conflicts size  tier2   irredundant
c         level restarts redundant glue  trail        variables
c
c *  0.05 64 0 0 0  0 0   0   0 0.0 0 0 0 0 0%   0 592020 351 100%
c (  0.07 95 0 0 0  0 0   0   0 0.0 0 0 0 0 0%   0 592020 351 100%
c .  0.07 95 0 0 0  0 0   0   0 0.0 0 0 0 0 0%   0 592020 351 100%
c f  1.63 75 0 0 0  0 0   0   0 0.0 0 0 0 0 0%  13 543570 354 101%
c )  1.64 93 0 0 0  0 0   0   0 0.0 0 0 0 0 0%  13 543570 354 101%
c {  1.65 99 0 0 0  0 0   0   0 0.0 0 0 2 6 0%  13 543570 354 101%
c -  1.68 103 27 0 1  4 1 1000 628 1.4 15 11 9 14 27%  13 543570 354 101%
c }  1.68 103 27 1 1  4 1 1000 628 1.4 15 11 9 14 27%  13 543570 354 101%
c [  1.68 103 0 1 1  4 0 1000 628 0.0 0 0 2 6 0%  13 543570 354 101%
c B  1.68 103 50 1 1  4 33 1001 629 1.1 16 15 2 6 29%  13 543570 354 101%
c -  1.72 105 23 1 2  4 1 2001 1472 1.4 18 12 10 16 32%  13 543570 354 101%
c W  1.74 110 23 1 2  4 1 2004 1475 1.4 18 12 10 16 32%  13 543570 354 101%
c ]  1.74 111 23 2 2  5 2 2092 1554 1.4 18 13 10 16 31%  13 543570 354 101%
c {  1.74 111 27 2 2  5 1 2092 1554 1.4 15 11 9 14 27%  13 543570 354 101%
c u  1.80 114 23 2 2  9 1 2744 2131 1.5 15 10 9 14 28%  13 543570 354 101%
c v  1.80 114 23 2 2  9 1 2744 2128 1.5 15 10 9 14 28%  13 543570 354 101%
c w  1.81 114 23 2 2  9 1 2744 2128 1.5 15 10 9 14 28%  13 543570 354 101%
c }  1.87 117 22 3 2 28 2 3092 2462 1.5 15 10 9 14 28%  13 543570 354 101%
c [  1.87 117 23 3 2 28 2 3092 2462 1.4 18 13 10 16 31%  13 543570 354 101%
c -  1.88 117 22 3 3 28 2 3416 2566 1.4 17 12 9 16 30%  13 543570 354 101%
c
c seconds   switched rate       size/glue  tier1    binary        remaining
c         MB reductions conflicts     size   tier2     irredundant
c          level restarts  redundant     glue    trail        variables
c
c I  1.89 117 20 3 3 29 2 4263 3331 1.5 17 11 9 16 27%  13 543570 354 101%
c ]  1.92 118 21 4 3 29 2 4857 3880 1.5 17 12 9 15 27%  13 543570 354 101%
c {  1.92 118 22 4 3 29 2 4857 3880 1.5 15 10 9 14 28%  13 543570 354 101%
c -  1.94 118 22 4 4 57 2 5149 3603 1.5 15 10 8 13 29%  13 543570 354 101%
c -  2.08 121 22 4 5 257 3 7149 4821 1.5 15 10 8 13 31%  13 543570 354 101%
c }  2.08 121 22 5 5 257 3 7209 4876 1.5 15 10 8 13 31%  13 543570 354 101%
c [  2.08 121 21 5 5 257 2 7209 4876 1.5 17 12 9 15 27%  13 543570 354 101%
c B  2.11 121 21 5 5 257 2 8034 5642 1.5 17 11 9 15 31%  13 543570 354 101%
c u  2.17 123 21 5 5 258 2 8453 5970 1.5 17 11 9 15 32%  13 543570 354 101%
c v  2.19 124 21 5 5 258 2 8453 5966 1.5 17 11 9 15 32%  13 543570 354 101%
c w  2.20 124 21 5 5 258 2 8453 5966 1.5 17 11 9 15 32%  13 543570 354 101%
c -  2.27 128 22 5 6 259 2 9386 5768 1.5 18 12 8 16 34%  13 543570 354 101%
c -  2.35 129 23 5 7 260 2 11836 6709 1.5 19 13 8 17 37%  13 543570 354 101%
c ]  2.36 129 23 6 7 261 2 12439 7229 1.5 20 13 8 17 38%  13 543570 354 101%
c {  2.36 129 22 6 7 261 3 12439 7229 1.5 15 10 8 13 31%  13 543570 354 101%
c o  2.37 129 22 6 7 269 3 12518 7305 1.6 16 10 8 13 32%  13 543570 354 101%
c e  2.44 135 20 6 7 270 2 13716 8230 1.5 15 10 8 13 29%  13 446700 344 98%
c ^  2.46 139 20 6 7 270 2 13716 8230 1.5 15 10 8 13 29%  13 446700 344 98%
c -  2.51 132 19 6 8 275 2 14481 7899 1.5 15 10 8 13 28%  13 446700 344 98%
c }  2.56 135 18 7 8 309 2 16508 9622 1.5 14 9 8 13 26%  13 446700 344 98%
c
c seconds   switched  rate        size/glue  tier1    binary        remaining
c         MB reductions conflicts       size   tier2     irredundant
c          level restarts    redundant     glue    trail        variables
c
c [  2.56 135 23 7 8 309 2 16508 9622 1.5 20 13 8 17 38%  13 446700 344 98%
c W  2.58 142 23 7 8 309 2 16508 9622 1.5 20 13 8 17 38%  13 446700 344 98%
c -  2.60 143 25 7 9 309 2 17309 9173 1.5 20 13 8 18 39%  13 446700 344 98%
c u  2.62 144 25 7 9 309 2 17316 9154 1.5 20 13 8 18 39%  13 446700 344 98%
c v  2.63 144 25 7 9 309 2 17316 9151 1.5 20 13 8 18 39%  13 446700 344 98%
c w  2.64 144 25 7 9 309 2 17316 9151 1.5 20 13 8 18 39%  13 446700 344 98%
c -  2.74 145 26 7 10 311 2 20310 10262 1.5 21 14 8 19 40%  13 446700 344 98%
c -  2.80 146 27 7 11 314 2 23473 11388 1.5 22 15 8 19 41%  13 446700 344 98%
c ]  2.81 146 27 8 11 314 2 23719 11620 1.5 22 15 8 19 41%  13 446700 344 98%
c {  2.81 146 18 8 11 314 2 23719 11620 1.5 14 9 8 13 26%  13 446700 344 98%
c o  2.82 146 18 8 11 332 2 23784 11682 1.5 14 9 8 13 26%  13 446700 344 98%
c -  2.96 149 18 8 12 499 2 26789 13005 1.6 15 9 8 12 28%  13 446700 344 98%
c ^  3.01 155 18 8 12 500 2 27166 13363 1.6 15 9 8 12 28%  13 446700 344 98%
c u  3.13 156 19 8 12 661 3 29291 15359 1.6 15 9 8 12 29%  13 446700 344 98%
c v  3.15 156 19 8 12 661 3 29291 15347 1.6 15 9 8 12 29%  13 446700 344 98%
c w  3.16 156 19 8 12 661 3 29291 15345 1.6 15 9 8 12 29%  13 446700 344 98%
c }  3.22 156 19 9 12 722 3 29878 15911 1.6 15 9 8 12 29%  13 446700 344 98%
c [  3.22 156 27 9 12 722 2 29878 15911 1.5 22 15 8 19 41%  13 446700 344 98%
c O  3.22 156 27 9 12 722 2 29878 15911 1.5 22 15 8 19 41%  13 446700 344 98%
c -  3.23 156 27 9 13 722 2 30253 14737 1.5 22 15 8 19 40%  13 446700 344 98%
c
c seconds   switched   rate         size/glue  tier1    binary        remaining
c         MB  reductions conflicts        size   tier2     irredundant
c          level  restarts     redundant     glue    trail        variables
c
c -  3.29 147 26 9 14 724 2 33859 16213 1.5 21 14 9 18 37%  13 446700 344 98%
c -  3.36 149 26 9 15 727 2 37600 17453 1.5 22 15 9 19 38%  13 446700 344 98%
c B  3.39 150 26 9 15 728 2 39639 19326 1.5 22 15 9 19 38%  13 446700 344 98%
c -  3.44 151 28 9 16 728 2 41474 18188 1.4 22 15 9 19 39%  13 446700 344 98%
c u  3.56 160 28 9 16 731 2 44706 21013 1.4 23 16 9 19 40%  13 446700 344 98%
c v  3.57 160 28 9 16 731 2 44706 20985 1.4 23 16 9 19 40%  13 446700 344 98%
c w  3.58 160 28 9 16 731 2 44706 20981 1.4 23 16 9 19 40%  13 446700 344 98%
c o  3.67 164 28 9 16 731 2 44706 20981 1.4 23 16 9 19 40%  13 446700 344 98%
c -  3.70 165 29 9 17 731 2 45475 18651 1.4 23 16 9 20 40%  13 446700 344 98%
c ]  3.71 165 29 10 17 731 2 45882 19038 1.4 23 16 9 20 40%  13 446700 344 98%
c {  3.71 165 19 10 17 731 3 45882 19038 1.6 15 9 8 12 29%  13 446700 344 98%
c -  3.88 169 19 10 18 1053 3 49599 18239 1.6 15 9 7 12 29%  13 446700 344 98%
c -  4.02 170 19 10 19 1223 3 53841 19473 1.7 15 9 7 12 28%  13 446700 344 98%
c }  4.06 171 19 11 19 1274 3 54509 20066 1.7 15 9 7 12 28%  13 446700 344 98%
c [  4.06 171 29 11 19 1274 2 54509 20066 1.4 23 16 9 20 40%  13 446700 344 98%
c W  4.08 165 29 11 19 1274 2 54509 20066 1.4 23 16 9 20 40%  13 446700 344 98%
c ^  4.21 169 29 11 19 1275 2 56327 21761 1.4 23 16 9 20 40%  13 446700 344 98%
c -  4.27 170 29 11 20 1276 2 58200 20600 1.4 23 16 9 20 40%  13 446700 344 98%
c -  4.37 170 28 11 21 1279 2 62672 21855 1.5 23 16 9 20 41%  13 446700 344 98%
c u  4.42 170 28 11 21 1280 2 63675 22637 1.5 23 16 9 20 42%  13 446700 344 98%
c
c seconds    switched    rate         size/glue  tier1    binary        remaining
c         MB   reductions  conflicts        size   tier2     irredundant
c          level    restarts     redundant     glue    trail        variables
c
c v  4.44 170 28 11 21 1280 2 63675 22587 1.5 23 16 9 20 42%  13 446700 344 98%
c w  4.45 170 28 11 21 1280 2 63675 22550 1.5 23 16 9 20 42%  13 446700 344 98%
c -  4.60 171 27 11 22 1281 2 67254 23192 1.5 23 15 9 19 42%  13 446700 344 98%
c I  4.66 171 27 11 22 1283 2 69413 25154 1.5 23 15 9 19 42%  13 446700 344 98%
c ]  4.67 171 27 12 22 1283 2 69651 25367 1.5 23 15 9 19 42%  13 446700 344 98%
c {  4.67 171 19 12 22 1283 3 69651 25367 1.7 15 9 7 12 28%  13 446700 344 98%
c -  4.80 174 19 12 23 1462 3 71945 24471 1.7 15 9 7 12 28%  13 446700 344 98%
c o  5.00 169 19 12 23 1829 3 74955 27279 1.6 15 9 7 12 29%  13 446700 344 98%
c -  5.09 173 19 12 24 1958 3 76740 25960 1.6 15 9 7 12 29%  13 446700 344 98%
c }  5.32 177 19 13 24 2302 3 81131 29987 1.6 15 9 7 12 29%  13 446700 344 98%
c [  5.32 177 27 13 24 2302 2 81131 29987 1.5 23 15 9 19 42%  13 446700 344 98%
c -  5.33 177 27 13 25 2302 2 81638 27665 1.5 23 15 9 19 42%  13 446700 344 98%
c u  5.49 178 26 13 25 2305 2 86327 31635 1.5 22 15 9 19 40%  13 446700 344 98%
c v  5.53 178 26 13 25 2305 2 86327 31499 1.5 22 15 9 19 40%  13 446700 344 98%
c w  5.55 178 26 13 25 2305 2 86327 31487 1.5 22 15 9 19 40%  13 446700 344 98%
c -  5.61 167 26 13 26 2306 2 86639 28821 1.5 22 15 9 19 40%  13 446700 344 98%
c B  5.63 168 26 13 26 2306 2 87215 29284 1.5 22 15 9 19 40%  13 446700 344 98%
c -  5.76 173 26 13 27 2308 2 91738 29720 1.5 22 15 9 19 40%  13 446700 344 98%
c -  5.89 174 26 13 28 2311 2 96935 30527 1.5 22 15 9 19 40%  13 446700 344 98%
c -  6.05 175 26 13 29 2315 2 102228 31934 1.5 22 15 9 19 40%  13 446700 344 98%
c
c seconds    switched    rate          size/glue  tier1    binary        remaining
c         MB   reductions  conflicts         size   tier2     irredundant
c          level    restarts      redundant     glue    trail        variables
c
c ^  6.21 176 26 13 29 2315 2 103297 32890 1.5 22 15 9 19 40%  13 446700 344 98%
c ]  6.25 177 26 14 29 2315 2 104691 34211 1.5 22 15 9 19 41%  13 446700 344 98%
c {  6.25 177 19 14 29 2315 3 104691 34211 1.6 15 9 7 12 29%  13 446700 344 98%
c -  6.37 174 19 14 30 2463 3 107613 33468 1.6 15 9 7 12 28%  13 446700 344 98%
c u  6.51 177 19 14 30 2548 3 112799 38062 1.7 16 9 7 12 28%  13 446700 344 98%
c v  6.54 177 19 14 30 2548 3 112799 37853 1.7 16 9 7 12 28%  13 446700 344 98%
c w  6.56 177 19 14 30 2548 3 112799 37848 1.7 16 9 7 12 28%  13 446700 344 98%
c -  6.63 178 19 14 31 2578 3 113090 34821 1.7 16 9 7 11 29%  13 446700 344 98%
c o  6.77 176 19 14 31 2840 3 114972 36574 1.7 16 9 7 11 29%  13 446700 344 98%
c -  7.03 180 19 14 32 3289 3 118657 36907 1.7 15 9 7 12 29%  13 446700 344 98%
c }  7.08 174 19 15 32 3374 3 119406 37597 1.7 15 9 7 12 29%  13 446700 344 98%
c [  7.08 174 26 15 32 3374 2 119406 37597 1.5 22 15 9 19 41%  13 446700 344 98%
c W  7.10 169 26 15 32 3374 2 119406 37597 1.5 22 15 9 19 41%  13 446700 344 98%
c -  7.26 174 27 15 33 3377 2 124314 38491 1.5 22 15 9 19 41%  13 446700 344 98%
c -  7.45 174 27 15 34 3380 2 130059 39032 1.5 22 15 9 20 41%  13 446700 344 98%
c -  7.62 175 27 15 35 3383 2 135889 39722 1.5 23 16 9 20 42%  13 446700 344 98%
c -  7.78 175 28 15 36 3387 2 141805 39463 1.5 23 16 9 20 43%  13 446700 344 98%
c u  7.89 176 28 15 36 3387 2 143173 40478 1.5 24 16 9 20 44%  13 446700 344 98%
c v  7.93 177 28 15 36 3387 2 143173 40227 1.5 24 16 9 20 44%  13 446700 344 98%
c w  7.95 178 28 15 36 3387 2 143173 40220 1.5 24 16 9 20 44%  13 446700 344 98%
c
c seconds    switched    rate          size/glue  tier1    binary        remaining
c         MB   reductions  conflicts         size   tier2     irredundant
c          level    restarts      redundant     glue    trail        variables
c
c ]  8.06 178 28 16 36 3387 2 143341 40366 1.4 24 16 9 20 44%  13 446700 344 98%
c {  8.06 178 19 16 36 3387 3 143341 40366 1.7 15 9 7 12 29%  13 446700 344 98%
c }  8.23 182 19 16 36 3569 3 146669 43460 1.7 15 9 7 12 29%  13 446700 344 98%
c 1  8.23 182 19 16 36 3569 3 146669 43460 1.7 15 9 7 12 29%  13 446700 344 98%
c
c ---- [ result ] ------------------------------------------------------------
c
s SATISFIABLE
v 1 2 3 4 -5 -6 7 -8 -9 -10 -11 -12 -13 -14 -15 -16 -17 -18 -19 -20 -21 -22
v -23 24 25 -26 27 28 29 30 31 -32 33 -34 -35 -36 -37 -38 -39 -40 -41 -42 -43
v -44 -45 -46 -47 -48 -49 -50 -51 52 53 54 55 -56 57 -58 -59 60 -61 -62 -63
v -64 -65 -66 -67 -68 -69 -70 -71 -72 -73 -74 -75 76 -77 -78 -79 -80 -81 -82
v -83 -84 -85 -86 -87 -88 -89 -90 -91 -92 -93 -94 -95 96 97 -98 -99 -100 -101
v -102 -103 -104 -105 -106 -107 -108 -109 -110 -111 -112 -113 -114 -115 -116
v -117 118 119 -120 121 122 123 124 125 -126 -127 -128 -129 -130 -131 -132
v -133 -134 -135 -136 -137 -138 -139 -140 -141 142 143 144 -145 -146 -147 -148
v -149 -150 -151 -152 -153 -154 -155 -156 -157 -158 -159 -160 -161 162 163 164
v 165 -166 167 168 -169 -170 -171 -172 -173 -174 -175 -176 -177 -178 -179 -180
v 181 -182 183 184 -185 -186 -187 -188 -189 -190 -191 -192 -193 -194 -195 -196
v -197 -198 199 200 -201 202 -203 -204 -205 -206 -207 -208 -209 -210 -211 -212
v -213 -214 -215 216 217 218 -219 220 221 -222 -223 -224 -225 -226 -227 -228
v -229 -230 -231 232 233 -234 235 -236 -237 -238 -239 -240 -241 -242 -243 -244
v -245 -246 247 248 249 250 251 -252 -253 -254 -255 -256 -257 -258 -259 -260
v -261 262 263 -264 -265 -266 -267 -268 -269 -270 -271 -272 -273 274 275 276
v 277 278 279 -280 -281 -282 -283 -284 -285 286 287 288 289 -290 -291 -292
v -293 -294 -295 -296 297 -298 299 300 -301 -302 -303 -304 -305 -306 -307 308
v 309 310 -311 -312 -313 -314 -315 316 317 318 319 320 -321 -322 323 324 325
v 326 -327 -328 -329 -330 331 332 333 -334 -335 -336 337 338 -339 -340 341 342
v -343 -344 345 346 347 348 349 350 351 0
c
c ---- [ profiling ] ---------------------------------------------------------
c
c           5.06   61.46 %  search
c           2.68   32.59 %  probe
c           2.54   30.85 %  focused
c           2.52   30.62 %  stable
c           1.77   21.45 %  factor
c           1.57   19.05 %  preprocess
c           1.52   18.52 %  simplify
c           0.56    6.81 %  vivify
c           0.35    4.21 %  eliminate
c           0.28    3.37 %  subsume
c           0.15    1.77 %  substitute
c           0.13    1.56 %  sweep
c           0.08    0.94 %  reduce
c           0.08    0.93 %  congruence
c           0.06    0.76 %  walking
c           0.05    0.66 %  parse
c           0.03    0.30 %  lucky
c           0.01    0.07 %  transitive
c           0.00    0.01 %  backbone
c           0.00    0.00 %  extend
c =============================================
c           8.23  100.00 %  total
c
c ---- [ statistics ] --------------------------------------------------------
c
c conflicts:                           146669            17822.57 per second
c decisions:                           295141                2.01 per conflict
c eliminated:                              10                3 %  variables
c factored:                                 3                1 %  variables
c propagations:                       4780957           580961    per second
c reductions:                              36             4074    interval
c reordered:                                5            29334    interval
c rephased:                                11            13334    interval
c restarts:                              3569               41    interval
c switched:                                16             9167    interval
c vivified:                              2143               51 %  checks
c walks:                                    4            36667    interval
c
c ---- [ glue usage ] --------------------------------------------------------
c
c focused glue 7    used 10780 clauses 14.59% accumulated 55.36% tier1
c focused glue 8    used  8961 clauses 12.12% accumulated 67.49%
c focused glue 9-10 used 12353 clauses 16.71% accumulated 84.20%
c focused glue 11   used  3872 clauses  5.24% accumulated 89.44%
c focused glue 12   used  2523 clauses  3.41% accumulated 92.85% tier2
c
c stable glue 9     used 19877 clauses  6.91% accumulated 54.33% tier1
c stable glue 10    used 15728 clauses  5.47% accumulated 59.80%
c stable glue 11-18 used 76689 clauses 26.65% accumulated 86.45%
c stable glue 19    used  5758 clauses  2.00% accumulated 88.45%
c stable glue 20    used  5023 clauses  1.75% accumulated 90.20% tier2
c
c ---- [ resources ] ---------------------------------------------------------
c
c maximum-resident-set-size:     195504898048 bytes     186448 MB
c process-time:                             8s               8.23 seconds
c
c ---- [ shutting down ] -----------------------------------------------------
c
c exit 10
