c ---- [ banner ] ------------------------------------------------------------
c
c Kissat SAT Solver
c 
c Copyright (c) 2021-2024 Armin Biere University of Freiburg
c Copyright (c) 2019-2021 Armin Biere Johannes Kepler University Linz
c 
c Version 4.0.4 8af8e56f174b778aef3aa45af9f739b2a5f492c2
c Apple clang version 17.0.0 (clang-1700.6.3.2) -W -Wall -O3 -DNDEBUG
c Mon Mar 30 18:25:47 CEST 2026 Darwin Mac 24.6.0 arm64
c
c ---- [ parsing ] -----------------------------------------------------------
c
c opened and reading DIMACS file:
c
c   tmp.cnf
c
c parsed 'p cnf 153 32640' header
c closing input after reading 1052275 bytes (1 MB)
c finished parsing after 0.00 seconds
c
c ---- [ solving ] -----------------------------------------------------------
c
c seconds switched rate     size/glue tier1 binary       remaining
c        MB reductions conflicts size  tier2   irredundant
c         level restarts redundant glue  trail       variables
c
c *  0.00  8 0 0 0  0 0   0   0 0.0 0 0 0 0 0%   0 32640 153 100%
c (  0.01  8 0 0 0  0 0   0   0 0.0 0 0 0 0 0%   0 32640 153 100%
c .  0.01  8 0 0 0  0 0   0   0 0.0 0 0 0 0 0%   0 32640 153 100%
c )  0.02 11 0 0 0  0 0   0   0 0.0 0 0 0 0 0%   0 32640 153 100%
c {  0.02 11 0 0 0  0 0   0   0 0.0 0 0 2 6 0%   0 32640 153 100%
c -  0.04 11 21 0 1 34 2 1000 678 1.6 14 9 7 12 68%   0 32640 153 100%
c }  0.04 11 21 1 1 34 2 1000 678 1.6 14 9 7 12 68%   0 32640 153 100%
c [  0.04 11 0 1 1 34 0 1000 678 0.0 0 0 2 6 0%   0 32640 153 100%
c B  0.04 11 19 1 1 34 4 1002 680 1.4 12 9 2 6 68%   0 32640 153 100%
c -  0.06 11 14 1 2 34 1 2000 1549 1.5 14 9 8 12 59%   0 32640 153 100%
c W  0.06 12 14 1 2 34 1 2003 1551 1.5 14 9 8 12 59%   0 32640 153 100%
c ]  0.06 12 14 2 2 35 1 2090 1625 1.5 14 9 8 12 59%   0 32640 153 100%
c {  0.06 12 21 2 2 35 2 2090 1625 1.6 14 9 7 12 68%   0 32640 153 100%
c u  0.08 14 18 2 2 87 2 2608 2060 1.5 14 9 7 12 66%   0 32640 153 100%
c v  0.08 14 18 2 2 87 2 2608 2059 1.5 14 9 7 12 66%   0 32640 153 100%
c w  0.08 14 18 2 2 87 2 2608 2057 1.5 14 9 7 12 66%   0 32640 153 100%
c }  0.10 15 18 3 2 107 2 3090 2512 1.5 14 9 7 12 66%   0 32640 153 100%
c [  0.10 15 14 3 2 107 1 3090 2512 1.5 14 9 8 12 59%   0 32640 153 100%
c -  0.11 15 14 3 3 107 1 3415 2562 1.5 14 9 8 12 62%   0 32640 153 100%
c ]  0.13 15 13 4 3 108 1 4147 3177 1.5 14 9 8 12 62%   0 32640 153 100%
c
c seconds  switched  rate       size/glue tier1    binary       remaining
c        MB reductions conflicts      size  tier2     irredundant
c         level restarts   redundant    glue    trail       variables
c
c {  0.13 15 18 4 3 108 2 4147 3177 1.5 14 9 7 12 66%   0 32640 153 100%
c -  0.16 15 16 4 4 157 2 5148 3591 1.5 13 9 7 12 65%   0 32640 153 100%
c }  0.20 15 16 5 4 225 2 6499 4833 1.5 13 9 7 12 65%   0 32640 153 100%
c [  0.20 15 13 5 4 225 1 6499 4833 1.5 14 9 8 12 62%   0 32640 153 100%
c I  0.20 15 13 5 4 225 1 6499 4833 1.5 14 9 8 12 62%   0 32640 153 100%
c -  0.21 15 13 5 5 225 1 7151 4740 1.6 14 9 7 11 63%   0 32640 153 100%
c u  0.23 17 13 5 5 226 1 8031 5519 1.7 14 8 7 11 65%   0 32640 153 100%
c v  0.24 18 13 5 5 226 1 8031 5502 1.7 14 8 7 11 65%   0 32640 153 100%
c w  0.24 18 13 5 5 226 1 8031 5500 1.7 14 8 7 11 65%   0 32640 153 100%
c -  0.28 19 13 5 6 227 1 9387 6003 1.7 14 8 7 11 67%   0 32640 153 100%
c ]  0.29 19 13 6 6 227 1 9785 6367 1.7 14 8 7 11 66%   0 32640 153 100%
c {  0.29 19 16 6 6 227 2 9785 6367 1.5 13 9 7 12 65%   0 32640 153 100%
c -  0.34 19 15 6 7 227 2 11837 7142 1.7 14 8 6 11 67%   0 32640 153 100%
c ^  0.40 20 14 6 7 255 2 13031 8285 1.7 14 8 6 11 68%   0 32640 153 100%
c o  0.40 20 14 6 7 255 2 13031 8285 1.7 14 8 6 11 68%   0 32640 153 100%
c }  0.41 20 14 7 7 257 2 13854 9077 1.7 14 8 6 11 67%   0 32640 153 100%
c [  0.41 20 13 7 7 257 1 13854 9077 1.7 14 8 7 11 66%   0 32640 153 100%
c B  0.41 20 13 7 7 257 1 13854 9077 1.7 14 8 7 11 66%   0 32640 153 100%
c -  0.43 20 13 7 8 257 1 14482 8313 1.7 14 8 7 11 66%   0 32640 153 100%
c u  0.49 20 13 7 8 259 1 16452 9954 1.7 14 8 7 11 67%   0 32640 153 100%
c
c seconds  switched  rate        size/glue tier1    binary       remaining
c        MB reductions conflicts       size  tier2     irredundant
c         level restarts    redundant    glue    trail       variables
c
c v  0.50 20 13 7 8 259 1 16452 9912 1.7 14 8 7 11 67%   0 32640 153 100%
c w  0.50 20 13 7 8 259 1 16452 9910 1.7 14 8 7 11 67%   0 32640 153 100%
c ]  0.52 22 13 8 8 259 1 17147 10545 1.7 14 8 7 11 68%   0 32640 153 100%
c {  0.52 22 14 8 8 259 2 17147 10545 1.7 14 8 6 11 67%   0 32640 153 100%
c -  0.53 22 14 8 9 259 2 17310 9283 1.7 14 8 6 11 67%   0 32640 153 100%
c -  0.66 22 15 8 10 849 2 20310 10477 1.6 14 8 6 11 66%   0 32640 153 100%
c o  0.76 22 15 8 10 1148 2 23120 13121 1.6 14 8 6 11 66%   0 32640 153 100%
c }  0.77 22 15 9 10 1198 2 23309 13299 1.6 14 8 6 11 66%   0 32640 153 100%
c [  0.77 22 13 9 10 1198 1 23309 13299 1.7 14 8 7 11 68%   0 32640 153 100%
c W  0.77 22 13 9 10 1198 1 23309 13299 1.7 14 8 7 11 68%   0 32640 153 100%
c -  0.78 22 13 9 11 1198 1 23473 11639 1.7 14 8 6 11 68%   0 32640 153 100%
c ^  0.87 22 12 9 11 1200 1 26062 13978 1.8 14 8 6 11 69%   0 32640 153 100%
c -  0.90 22 12 9 12 1200 1 26790 12907 1.8 14 8 6 10 69%   0 32640 153 100%
c u  0.94 22 12 9 12 1201 1 28052 13720 1.8 14 8 6 10 69%   0 32640 153 100%
c v  0.96 22 12 9 12 1201 1 28052 13666 1.8 14 8 6 10 69%   0 32640 153 100%
c w  0.96 22 12 9 12 1201 1 28052 13657 1.8 14 8 6 10 69%   0 32640 153 100%
c -  1.03 22 12 9 13 1203 1 30256 13931 1.8 14 8 5 10 69%   0 32640 153 100%
c O  1.04 22 12 9 13 1203 1 30837 14417 1.8 14 8 5 10 69%   0 32640 153 100%
c ]  1.07 22 12 10 13 1203 1 31541 15062 1.8 14 8 5 10 68%   0 32640 153 100%
c {  1.07 22 15 10 13 1203 2 31541 15062 1.6 14 8 6 11 66%   0 32640 153 100%
c
c seconds   switched    rate         size/glue tier1    binary       remaining
c        MB   reductions  conflicts        size  tier2     irredundant
c         level    restarts     redundant    glue    trail       variables
c
c -  1.20 22 15 10 14 1697 2 33861 14890 1.6 14 9 6 11 66%   0 32640 153 100%
c -  1.36 22 15 10 15 2036 2 37603 15909 1.6 14 9 6 11 65%   0 32640 153 100%
c }  1.43 22 15 11 15 2036 2 40168 18312 1.6 14 9 6 11 65%   0 32640 153 100%
c [  1.43 22 12 11 15 2036 1 40168 18312 1.8 14 8 5 10 68%   0 32640 153 100%
c B  1.45 22 12 11 15 2036 1 40598 18707 1.8 14 8 5 10 68%   0 32640 153 100%
c -  1.48 22 12 11 16 2037 1 41475 17498 1.8 14 8 5 10 68%   0 32640 153 100%
c u  1.55 22 12 11 16 2038 1 42987 18602 1.8 14 8 5 10 68%   0 32640 153 100%
c v  1.57 22 12 11 16 2038 1 42987 18583 1.8 14 8 5 10 68%   0 32640 153 100%
c w  1.57 22 12 11 16 2038 1 42987 18567 1.8 14 8 5 10 68%   0 32640 153 100%
c -  1.69 23 12 11 17 2040 1 45475 18743 1.7 14 8 6 10 67%   0 32640 153 100%
c -  1.85 23 12 11 18 2042 1 49598 20025 1.7 14 8 6 10 66%   0 32640 153 100%
c ]  1.87 23 12 12 18 2042 1 50167 20497 1.7 14 8 6 10 66%   0 32640 153 100%
c {  1.87 23 15 12 18 2042 2 50167 20497 1.6 14 9 6 11 65%   0 32640 153 100%
c o  1.95 23 14 12 18 2051 2 52395 22211 1.6 14 8 6 11 65%   0 32640 153 100%
c -  1.99 23 14 12 19 2140 2 53840 21389 1.6 14 8 6 11 64%   0 32640 153 100%
c ^  2.01 23 14 12 19 2140 2 54314 21834 1.6 14 8 6 11 64%   0 32640 153 100%
c -  2.18 23 14 12 20 2408 2 58201 22936 1.6 14 8 6 11 64%   0 32640 153 100%
c u  2.37 26 14 12 20 2826 2 61363 25568 1.6 14 9 6 11 64%   0 32640 153 100%
c v  2.38 27 14 12 20 2826 2 61363 25317 1.6 14 9 6 11 64%   0 32640 153 100%
c w  2.39 27 14 12 20 2826 2 61363 25315 1.6 14 9 6 11 64%   0 32640 153 100%
c
c seconds   switched    rate         size/glue tier1    binary       remaining
c        MB   reductions  conflicts        size  tier2     irredundant
c         level    restarts     redundant    glue    trail       variables
c
c }  2.42 29 14 13 20 2898 2 61646 25564 1.6 14 9 6 11 64%   0 32640 153 100%
c [  2.42 29 12 13 20 2898 1 61646 25564 1.7 14 8 6 10 66%   0 32640 153 100%
c W  2.43 30 12 13 20 2898 1 61646 25564 1.7 14 8 6 10 66%   0 32640 153 100%
c -  2.47 32 12 13 21 2898 1 62674 23831 1.7 14 8 6 10 66%   0 32640 153 100%
c -  2.65 32 12 13 22 2902 1 67257 25016 1.7 14 8 5 10 66%   0 32640 153 100%
c -  2.82 32 12 13 23 2904 1 71947 26540 1.7 14 8 5 10 66%   0 32640 153 100%
c ]  2.91 32 12 14 23 2905 1 74166 28375 1.7 14 8 5 10 66%   0 32640 153 100%
c {  2.91 32 14 14 23 2905 2 74166 28375 1.6 14 9 6 11 64%   0 32640 153 100%
c -  2.99 32 14 14 24 2915 2 76743 28623 1.6 14 8 6 11 65%   0 32640 153 100%
c -  3.22 36 14 14 25 3175 2 81641 26881 1.6 14 8 5 10 65%   0 32640 153 100%
c o  3.26 36 14 14 25 3324 2 82402 27597 1.6 14 8 5 10 65%   0 32640 153 100%
c u  3.34 37 14 14 25 3437 2 83309 28200 1.6 14 8 5 10 65%   0 32640 153 100%
c v  3.37 37 14 14 25 3437 2 83309 28033 1.6 14 8 5 10 65%   0 32640 153 100%
c w  3.38 37 14 14 25 3437 2 83309 28031 1.6 14 8 5 10 65%   0 32640 153 100%
c -  3.57 37 14 14 26 3765 2 86643 26340 1.6 14 8 5 11 65%   0 32640 153 100%
c }  3.67 37 14 15 26 3807 2 88881 28226 1.6 14 8 5 11 65%   0 32640 153 100%
c [  3.67 37 12 15 26 3807 1 88881 28226 1.7 14 8 5 10 66%   0 32640 153 100%
c I  3.67 37 12 15 26 3807 1 88881 28226 1.7 14 8 5 10 66%   0 32640 153 100%
c -  3.77 37 12 15 27 3809 1 91744 27437 1.7 14 8 5 10 66%   0 32640 153 100%
c -  3.95 37 12 15 28 3812 1 96941 29006 1.7 14 8 5 10 67%   0 32640 153 100%
c
c seconds   switched    rate         size/glue tier1    binary       remaining
c        MB   reductions  conflicts        size  tier2     irredundant
c         level    restarts     redundant    glue    trail       variables
c
c s  4.06 37 11 15 28 3813 1 99820 31477 1.7 14 8 5 10 67%   0 32633 153 100%
c ^  4.06 37 11 15 28 3813 1 99820 31477 1.7 14 8 5 10 67%   0 32633 153 100%
c -  4.16 37 11 15 29 3814 1 102232 30317 1.7 14 8 5 10 67%   0 32633 153 100%
c B  4.32 37 11 15 29 3818 1 106683 34128 1.8 14 8 5 10 67%   0 32633 153 100%
c -  4.36 37 11 15 30 3819 1 107618 31822 1.8 14 8 5 10 67%   0 32633 153 100%
c ]  4.37 37 11 16 30 3819 1 107716 31910 1.8 14 8 5 10 67%   0 32633 153 100%
c {  4.37 37 14 16 30 3819 2 107716 31910 1.6 14 8 5 11 65%   0 32633 153 100%
c u  4.45 38 14 16 30 3819 2 108958 32710 1.6 14 8 5 11 65%   0 32633 153 100%
c v  4.48 38 14 16 30 3819 2 108958 32499 1.6 14 8 5 11 65%   0 32633 153 100%
c w  4.48 38 14 16 30 3819 2 108958 32487 1.6 14 8 5 11 65%   0 32633 153 100%
c -  4.71 38 14 16 31 4222 2 113097 32533 1.6 14 8 5 10 65%   0 32633 153 100%
c -  5.02 38 14 16 32 4621 2 118665 33418 1.6 14 8 5 10 64%   0 32633 153 100%
c o  5.23 38 14 16 32 5004 2 122408 36654 1.6 13 8 5 10 64%   0 32633 153 100%
c -  5.36 38 14 16 33 5338 2 124321 34540 1.6 14 9 5 10 64%   0 32633 153 100%
c }  5.44 38 14 17 33 5339 2 126053 36017 1.6 14 8 5 10 64%   0 32633 153 100%
c [  5.44 38 11 17 33 5339 1 126053 36017 1.8 14 8 5 10 67%   0 32633 153 100%
c W  5.52 41 11 17 33 5340 1 127595 37253 1.8 14 8 5 10 67%   0 32633 153 100%
c -  5.64 43 11 17 34 5341 1 130065 36125 1.8 14 8 5 10 67%   0 32633 153 100%
c -  5.89 44 11 17 35 5345 1 135895 37412 1.8 14 8 5 9 66%   0 32633 153 100%
c u  6.05 50 11 17 35 5346 1 138386 39207 1.8 14 8 5 9 66%   0 32633 153 100%
c
c seconds   switched    rate          size/glue tier1   binary       remaining
c        MB   reductions  conflicts         size  tier2    irredundant
c         level    restarts      redundant    glue   trail       variables
c
c v  6.09 50 11 17 35 5346 1 138386 37939 1.8 14 8 5 9 66%   0 32633 153 100%
c w  6.09 50 11 17 35 5346 1 138386 37885 1.8 14 8 5 9 66%   0 32633 153 100%
c -  6.31 52 11 17 36 5348 1 141812 37994 1.8 14 8 5 9 66%   0 32633 153 100%
c -  6.56 52 11 17 37 5352 1 147812 39784 1.8 14 8 5 9 66%   0 32633 153 100%
c ]  6.59 52 11 18 37 5352 1 148739 40583 1.8 14 8 5 9 66%   0 32633 153 100%
c {  6.59 52 14 18 37 5352 2 148739 40583 1.6 14 8 5 10 64%   0 32633 153 100%
c -  6.81 52 13 18 38 5352 2 153894 41464 1.6 13 8 5 10 63%   0 32633 153 100%
c -  7.14 52 13 18 39 5424 2 160059 42757 1.6 13 8 5 10 63%   1 32633 153 100%
c ^  7.38 52 13 18 39 5496 2 164484 46176 1.6 13 8 5 10 62%   1 32633 153 100%
c -  7.48 52 13 18 40 5527 2 166304 43753 1.6 13 8 5 10 62%   1 32633 153 100%
c }  7.75 52 13 19 40 5553 2 171084 47252 1.6 13 8 5 10 62%   1 32633 153 100%
c [  7.75 52 11 19 40 5553 1 171084 47252 1.8 14 8 5 9 66%   1 32633 153 100%
c O  7.75 52 11 19 40 5553 1 171084 47252 1.8 14 8 5 9 66%   1 32633 153 100%
c u  7.83 53 11 19 40 5553 1 171697 47614 1.8 14 8 5 9 66%   1 32633 153 100%
c v  7.87 54 11 19 40 5553 1 171697 47384 1.8 14 8 5 9 66%   1 32633 153 100%
c w  7.88 54 11 19 40 5553 1 171697 47268 1.8 14 8 5 9 66%   1 32633 153 100%
c x  7.91 54 11 19 40 5553 1 171697 47260 1.8 14 8 5 9 66%   1 32561 153 100%
c -  7.96 57 11 19 41 5554 1 172628 44796 1.8 14 8 5 9 65%   1 32561 153 100%
c -  8.28 57 11 19 42 5558 1 179031 46866 1.8 14 8 5 9 65%   2 32561 153 100%
c i  8.32 57 11 19 42 5559 1 179799 47317 1.8 13 8 5 9 65%  10 32561 152 99%
c
c seconds   switched    rate          size/glue tier1   binary       remaining
c        MB   reductions  conflicts         size  tier2    irredundant
c         level    restarts      redundant    glue   trail       variables
c
c o  8.32 57 11 19 42 5559 1 179799 47317 1.8 13 8 5 9 65%  10 32561 152 99%
c -  8.57 57 11 19 43 5562 1 185513 35466 1.8 13 8 4 9 65%   0 32561 152 99%
c -  8.86 57 11 19 44 5566 1 192070 39927 1.8 13 7 4 9 65%   1 32560 152 99%
c ]  9.07 57 10 20 44 5567 1 197106 43896 1.8 13 7 4 9 65%   2 32560 152 99%
c {  9.07 57 13 20 44 5567 2 197106 43896 1.6 13 8 5 10 62%   2 32560 152 99%
c -  9.14 57 13 20 45 5567 2 198705 42824 1.6 13 8 5 10 62%   2 32560 152 99%
c -  9.45 57 12 20 46 5567 2 205413 45127 1.6 13 8 5 10 61%   5 32560 152 99%
c i  9.54 57 12 20 46 5567 2 207784 46716 1.6 12 8 5 10 61%  14 32560 151 99%
c u  9.63 57 12 20 46 5567 2 209002 38943 1.6 12 8 5 10 61%  32 28233 151 99%
c v  9.68 57 12 20 46 5567 2 209002 38720 1.6 12 8 5 10 61%  32 28233 151 99%
c w  9.69 57 12 20 46 5567 2 209002 38706 1.6 12 8 5 10 61%  32 28233 151 99%
c -  9.85 57 12 20 47 5629 2 212196 34540 1.6 12 8 4 9 61%  19 28233 151 99%
c - 10.16 57 12 20 48 5728 2 219051 36390 1.6 12 8 4 9 61%  22 28233 151 99%
c i 10.16 57 12 20 48 5728 2 219253 36503 1.6 12 8 4 9 61%  29 28233 150 98%
c i 10.28 57 12 20 48 5734 2 221976 38452 1.6 12 8 4 9 61%  42 28233 149 97%
c i 10.36 57 11 20 48 5736 2 223798 39708 1.6 12 7 4 9 61%  51 28233 148 97%
c } 10.36 57 11 21 48 5736 2 223846 39751 1.6 12 7 4 9 61%  51 28233 148 97%
c [ 10.36 57 10 21 48 5736 1 223846 39751 1.8 13 7 4 9 65%  51 28233 148 97%
c B 10.36 57 10 21 48 5736 1 223846 39751 1.8 13 7 4 9 65%  51 28233 148 97%
c i 10.40 57 10 21 48 5736 1 224765 40356 1.8 13 7 4 9 65%  58 28233 147 96%
c
c seconds   switched    rate          size/glue tier1   binary       remaining
c        MB   reductions  conflicts         size  tier2    irredundant
c         level    restarts      redundant    glue   trail       variables
c
c i 10.41 57 10 21 48 5737 1 225058 40508 1.8 13 7 4 9 65%  66 28233 146 95%
c i 10.41 57 10 21 48 5737 1 225138 40558 1.8 13 7 4 9 65%  70 28233 145 95%
c i 10.41 57 10 21 48 5737 1 225181 40580 1.8 13 7 4 9 65%  76 28233 142 93%
c i 10.41 57 10 21 48 5737 1 225184 40580 1.8 13 7 4 9 65%  77 28232 138 90%
c i 10.41 57 10 21 48 5737 1 225201 40584 1.8 13 7 4 9 65%  82 28232 133 87%
c i 10.41 57 10 21 48 5737 1 225204 40584 1.8 13 7 4 9 65%  84 28232 127 83%
c ] 10.41 57 10 21 48 5737 1 225206 40584 1.8 13 7 4 9 65%  84 28232 97 63%
c 0 10.41 57 11 21 48 5737 2 225206 40584 1.6 12 7 4 9 61%  84 28232 97 63%
c
c ---- [ result ] ------------------------------------------------------------
c
s UNSATISFIABLE
c
c ---- [ profiling ] ---------------------------------------------------------
c
c           9.50   91.29 %  search
c           5.32   51.08 %  focused
c           4.19   40.22 %  stable
c           0.89    8.52 %  simplify
c           0.81    7.74 %  probe
c           0.64    6.10 %  vivify
c           0.14    1.30 %  sweep
c           0.09    0.84 %  reduce
c           0.08    0.81 %  eliminate
c           0.06    0.58 %  subsume
c           0.03    0.26 %  substitute
c           0.01    0.12 %  preprocess
c           0.01    0.10 %  walking
c           0.00    0.04 %  parse
c           0.00    0.03 %  congruence
c           0.00    0.03 %  factor
c           0.00    0.02 %  lucky
c           0.00    0.01 %  transitive
c           0.00    0.00 %  backbone
c =============================================
c          10.41  100.00 %  total
c
c ---- [ statistics ] --------------------------------------------------------
c
c conflicts:                           225206            21631.94 per second
c decisions:                           325284                1.44 per conflict
c iterations:                              13                8 %  variables
c propagations:                       7806610           749856    per second
c reductions:                              48             4692    interval
c reordered:                                6            37534    interval
c rephased:                                13            17324    interval
c restarts:                              5737               39    interval
c strengthened:                           364                0 %  checks
c subsumed:                                 7                0 %  checks
c switched:                                21            10724    interval
c vivified:                              7904               44 %  checks
c walks:                                    4            56302    interval
c
c ---- [ glue usage ] --------------------------------------------------------
c
c focused glue 4   used 41897 clauses 14.74% accumulated 53.23% tier1
c focused glue 5   used 32363 clauses 11.39% accumulated 64.62%
c focused glue 6-7 used 45929 clauses 16.16% accumulated 80.78%
c focused glue 8   used 16662 clauses  5.86% accumulated 86.64%
c focused glue 9   used 13452 clauses  4.73% accumulated 91.37% tier2
c
c stable glue 4   used 50901 clauses 16.25% accumulated 52.57% tier1
c stable glue 5   used 38571 clauses 12.32% accumulated 64.89%
c stable glue 6-7 used 51345 clauses 16.40% accumulated 81.28%
c stable glue 8   used 20291 clauses  6.48% accumulated 87.76%
c stable glue 9   used 15954 clauses  5.09% accumulated 92.86% tier2
c
c ---- [ resources ] ---------------------------------------------------------
c
c maximum-resident-set-size:      61471719424 bytes      58624 MB
c process-time:                            10s              10.41 seconds
c
c ---- [ shutting down ] -----------------------------------------------------
c
c exit 20
