c ---- [ banner ] ------------------------------------------------------------
c
c Kissat SAT Solver
c 
c Copyright (c) 2021-2024 Armin Biere University of Freiburg
c Copyright (c) 2019-2021 Armin Biere Johannes Kepler University Linz
c 
c Version 4.0.4 8af8e56f174b778aef3aa45af9f739b2a5f492c2
c Apple clang version 17.0.0 (clang-1700.6.3.2) -W -Wall -O3 -DNDEBUG
c Mon Mar 30 18:25:47 CEST 2026 Darwin Mac 24.6.0 arm64
c
c ---- [ parsing ] -----------------------------------------------------------
c
c opened and reading DIMACS file:
c
c   tmp.cnf
c
c parsed 'p cnf 465 339822' header
c closing input after reading 11129012 bytes (11 MB)
c finished parsing after 0.04 seconds
c
c ---- [ solving ] -----------------------------------------------------------
c
c seconds switched rate     size/glue tier1 binary        remaining
c        MB reductions conflicts size  tier2   irredundant
c         level restarts redundant glue  trail        variables
c
c *  0.04 45 0 0 0  0 0   0   0 0.0 0 0 0 0 0%   0 339822 465 100%
c (  0.05 63 0 0 0  0 0   0   0 0.0 0 0 0 0 0%   0 339822 465 100%
c .  0.05 63 0 0 0  0 0   0   0 0.0 0 0 0 0 0%   0 339822 465 100%
c )  1.20 83 0 0 0  0 0   0   0 0.0 0 0 0 0 0%   0 339822 465 100%
c {  1.20 83 0 0 0  0 0   0   0 0.0 0 0 2 6 0%   0 339822 465 100%
c -  1.25 105 54 0 1 194 13 1000 707 1.5 26 18 13 24 31%   0 339822 465 100%
c }  1.25 105 54 1 1 194 13 1000 707 1.5 26 18 13 24 31%   0 339822 465 100%
c [  1.25 105 0 1 1 194 0 1000 707 0.0 0 0 2 6 0%   0 339822 465 100%
c B  1.25 105 75 1 1 194 9 1001 708 1.1 24 21 2 6 33%   0 339822 465 100%
c -  1.28 107 75 1 2 194 2 2001 1568 1.2 48 39 16 61 42%   0 339822 465 100%
c W  1.30 115 75 1 2 194 2 2002 1569 1.2 48 39 16 61 42%   0 339822 465 100%
c u  1.33 115 71 1 2 195 2 2629 2093 1.3 49 39 16 58 43%   0 339822 465 100%
c v  1.33 115 71 1 2 195 2 2629 2081 1.3 49 39 16 58 43%   0 339822 465 100%
c w  1.34 115 71 1 2 195 2 2629 2080 1.3 49 39 16 58 43%   0 339822 465 100%
c ]  1.37 115 70 2 2 195 2 2897 2315 1.2 49 39 16 58 43%   0 339822 465 100%
c {  1.37 115 54 2 2 195 13 2897 2315 1.5 26 18 13 24 31%   0 339822 465 100%
c -  1.38 115 50 2 3 202 9 3415 2506 1.5 27 17 12 25 31%   0 339822 465 100%
c }  1.39 115 45 3 3 203 8 3897 2969 1.6 27 17 12 25 31%   0 339822 465 100%
c [  1.39 115 70 3 3 203 2 3897 2969 1.2 49 39 16 58 43%   0 339822 465 100%
c I  1.40 115 64 3 3 203 2 4261 3327 1.3 46 35 16 58 42%   0 339822 465 100%
c
c seconds   switched  rate       size/glue  tier1     binary        remaining
c         MB reductions conflicts      size    tier2     irredundant
c          level restarts   redundant     glue     trail        variables
c
c ]  1.41 116 68 4 3 204 2 4960 4018 1.3 46 35 16 58 42%   0 339822 465 100%
c {  1.41 116 45 4 3 204 8 4960 4018 1.6 27 17 12 25 31%   0 339822 465 100%
c -  1.42 116 47 4 4 245 8 5147 3692 1.5 27 18 12 25 32%   0 339822 465 100%
c -  1.53 122 49 4 5 549 9 7149 5023 1.5 28 19 13 26 32%   0 339822 465 100%
c }  1.53 122 49 5 5 583 9 7318 5191 1.5 28 19 13 26 32%   0 339822 465 100%
c [  1.53 122 68 5 5 583 2 7318 5191 1.3 46 35 16 58 42%   0 339822 465 100%
c B  1.55 122 63 5 5 583 2 8034 5876 1.4 43 32 15 54 40%   0 339822 465 100%
c u  1.58 112 63 5 5 583 2 8095 5905 1.4 43 32 15 54 40%   0 339822 465 100%
c v  1.59 112 63 5 5 583 2 8095 5884 1.4 43 32 15 54 40%   0 339822 465 100%
c w  1.60 112 63 5 5 583 2 8095 5884 1.4 43 32 15 54 40%   0 339822 465 100%
c -  1.64 130 60 5 6 585 2 9385 6245 1.4 42 31 15 47 39%   0 339822 465 100%
c -  1.69 130 55 5 7 586 2 11834 7116 1.4 42 31 14 42 38%   0 339822 465 100%
c ^  1.75 130 54 5 7 587 2 13135 8306 1.4 41 30 14 41 38%   0 339822 465 100%
c o  1.76 130 54 5 7 587 2 13135 8306 1.4 41 30 14 41 38%   0 339822 465 100%
c ]  1.77 131 55 6 7 588 2 13482 8637 1.4 41 30 14 41 38%   0 339822 465 100%
c {  1.77 131 49 6 7 588 9 13482 8637 1.5 28 19 13 26 32%   0 339822 465 100%
c -  1.86 128 56 6 8 757 10 14479 8208 1.5 28 19 13 26 34%   0 339822 465 100%
c u  2.06 138 65 6 8 1090 12 16583 10222 1.4 28 20 13 27 35%   0 339822 465 100%
c v  2.07 138 65 6 8 1090 12 16583 10181 1.4 28 20 13 27 35%   0 339822 465 100%
c w  2.08 138 65 6 8 1090 12 16583 10180 1.4 28 20 13 27 35%   0 339822 465 100%
c
c seconds   switched    rate        size/glue  tier1     binary        remaining
c         MB reductions   conflicts       size    tier2     irredundant
c          level  restarts     redundant     glue     trail        variables
c
c -  2.17 138 67 6 9 1190 12 17309 9547 1.4 28 20 14 27 35%   0 339822 465 100%
c }  2.20 140 68 7 9 1223 12 17554 9792 1.4 28 20 14 27 35%   0 339822 465 100%
c [  2.20 140 55 7 9 1223 2 17554 9792 1.4 41 30 14 41 38%   0 339822 465 100%
c W  2.22 143 55 7 9 1223 2 17554 9792 1.4 41 30 14 41 38%   0 339822 465 100%
c -  2.29 144 59 7 10 1225 2 20310 10402 1.4 43 31 14 43 39%   0 339822 465 100%
c -  2.38 145 61 7 11 1227 2 23474 10905 1.4 45 33 14 45 40%   0 339822 465 100%
c O  2.43 145 62 7 11 1228 2 25082 12403 1.3 46 34 14 45 41%   0 339822 465 100%
c o  2.43 145 62 7 11 1228 2 25082 12403 1.3 46 34 14 45 41%   0 339822 465 100%
c ^  2.56 151 61 7 11 1229 2 26271 13541 1.3 46 34 14 45 42%   0 339822 465 100%
c -  2.58 152 60 7 12 1229 2 26790 11995 1.4 45 34 14 46 41%   0 339822 465 100%
c u  2.62 152 58 7 12 1229 2 28275 13232 1.4 44 33 14 46 41%   0 339822 465 100%
c v  2.64 152 58 7 12 1229 2 28275 13189 1.4 44 33 14 46 41%   0 339822 465 100%
c w  2.65 152 58 7 12 1229 2 28275 13172 1.4 44 33 14 46 41%   0 339822 465 100%
c -  2.70 152 55 7 13 1230 2 30254 13347 1.4 43 32 15 44 40%   0 339822 465 100%
c -  2.76 152 51 7 14 1232 2 33859 14867 1.4 41 30 15 42 39%   0 339822 465 100%
c B  2.77 152 50 7 14 1233 2 34844 15762 1.4 41 30 15 42 38%   0 339822 465 100%
c ]  2.78 153 51 8 14 1234 2 35080 15993 1.4 41 30 15 42 38%   0 339822 465 100%
c {  2.78 153 68 8 14 1234 12 35080 15993 1.4 28 20 14 27 35%   0 339822 465 100%
c -  2.92 153 67 8 15 1417 11 37600 16293 1.4 29 20 14 28 36%   0 339822 465 100%
c }  3.11 150 67 9 15 1672 10 41239 19908 1.4 29 20 14 29 36%   0 339822 465 100%
c
c seconds   switched    rate         size/glue  tier1     binary        remaining
c         MB  reductions  conflicts        size    tier2     irredundant
c          level   restarts     redundant     glue     trail        variables
c
c [  3.11 150 51 9 15 1672 2 41239 19908 1.4 41 30 15 42 38%   0 339822 465 100%
c -  3.12 151 51 9 16 1672 2 41472 17521 1.4 41 30 15 41 38%   0 339822 465 100%
c u  3.20 133 51 9 16 1674 2 43329 19157 1.4 41 29 15 41 39%   0 339822 465 100%
c v  3.23 142 51 9 16 1674 2 43329 19090 1.4 41 29 15 41 39%   0 339822 465 100%
c w  3.24 148 51 9 16 1674 2 43329 19041 1.4 41 29 15 41 39%   0 339822 465 100%
c -  3.43 153 50 9 17 1675 2 45473 18467 1.4 41 29 14 40 39%   0 339822 465 100%
c W  3.48 148 50 9 17 1676 2 47067 19936 1.4 41 29 14 40 40%   0 339822 465 100%
c o  3.49 148 50 9 17 1676 2 47067 19936 1.4 41 29 14 40 40%   0 339822 465 100%
c -  3.58 150 52 9 18 1678 2 49599 19386 1.4 42 30 14 41 40%   0 339822 465 100%
c ]  3.64 150 52 10 18 1678 2 52189 21710 1.4 42 30 14 41 40%   0 339822 465 100%
c {  3.64 150 67 10 18 1678 10 52189 21710 1.4 29 20 14 29 36%   0 339822 465 100%
c -  3.72 152 65 10 19 1799 10 53843 20449 1.4 30 20 14 30 36%   0 339822 465 100%
c ^  3.84 156 65 10 19 1878 9 54747 21342 1.4 30 21 14 30 36%   0 339822 465 100%
c -  3.98 140 63 10 20 2072 9 58201 22340 1.5 30 21 14 31 36%   0 339822 465 100%
c }  4.10 161 62 11 20 2252 8 60816 24929 1.5 30 21 14 31 36%   0 339822 465 100%
c [  4.10 161 52 11 20 2252 2 60816 24929 1.4 42 30 14 41 40%   0 339822 465 100%
c u  4.15 140 52 11 20 2253 2 61851 25830 1.4 42 30 14 41 40%   0 339822 465 100%
c v  4.17 154 52 11 20 2253 2 61851 25798 1.4 42 30 14 41 40%   0 339822 465 100%
c w  4.19 156 52 11 20 2253 2 61851 25788 1.4 42 30 14 41 40%   0 339822 465 100%
c I  4.23 156 52 11 20 2253 2 61972 25906 1.4 42 30 14 41 40%   0 339822 465 100%
c
c seconds    switched    rate         size/glue  tier1     binary        remaining
c         MB   reductions  conflicts        size    tier2     irredundant
c          level    restarts     redundant     glue     trail        variables
c
c -  4.26 157 52 11 21 2253 2 62673 24116 1.4 42 30 14 41 40%   0 339822 465 100%
c -  4.37 158 57 11 22 2257 2 67255 24728 1.4 44 32 15 43 40%   0 339822 465 100%
c -  4.48 158 60 11 23 2258 2 71946 25017 1.4 46 34 14 45 41%   0 339822 465 100%
c ]  4.59 158 63 12 23 2261 2 75587 28541 1.3 48 35 14 45 41%   0 339822 465 100%
c {  4.59 158 62 12 23 2261 8 75587 28541 1.5 30 21 14 31 36%   0 339822 465 100%
c -  4.63 160 61 12 24 2328 8 76741 26075 1.5 30 21 14 31 36%   0 339822 465 100%
c o  4.65 161 61 12 24 2343 8 77086 26415 1.5 30 21 14 31 36%   0 339822 465 100%
c -  4.82 146 58 12 25 2507 7 81640 28504 1.5 31 21 14 30 36%   0 339822 465 100%
c u  4.92 165 57 12 25 2575 7 83973 30667 1.5 31 21 14 30 36%   0 339822 465 100%
c v  4.94 166 57 12 25 2575 7 83973 30621 1.5 31 21 14 30 36%   0 339822 465 100%
c w  4.95 166 57 12 25 2575 7 83973 30620 1.5 31 21 14 30 36%   0 339822 465 100%
c -  5.10 170 56 12 26 2717 7 86642 30894 1.5 31 21 14 30 36%   0 339822 465 100%
c }  5.12 172 56 13 26 2754 7 87068 31316 1.5 31 21 14 30 37%   0 339822 465 100%
c [  5.12 172 63 13 26 2754 2 87068 31316 1.3 48 35 14 45 41%   0 339822 465 100%
c B  5.12 172 63 13 26 2754 2 87068 31316 1.3 48 35 14 45 41%   0 339822 465 100%
c -  5.23 174 65 13 27 2757 2 91742 32066 1.3 48 36 15 47 41%   0 339822 465 100%
c -  5.38 159 65 13 28 2760 2 96938 32586 1.3 49 36 15 48 42%   0 339822 465 100%
c ^  5.59 182 65 13 28 2762 2 100616 35915 1.3 49 37 15 48 42%   0 339822 465 100%
c ]  5.63 182 65 14 28 2763 2 101522 36793 1.3 49 37 15 48 42%   0 339822 465 100%
c {  5.63 182 56 14 28 2763 7 101522 36793 1.5 31 21 14 30 37%   0 339822 465 100%
c
c seconds    switched    rate          size/glue  tier1     binary        remaining
c         MB   reductions  conflicts         size    tier2     irredundant
c          level    restarts      redundant     glue     trail        variables
c
c -  5.66 184 56 14 29 2807 7 102230 33769 1.5 31 21 14 31 37%   0 339822 465 100%
c -  5.85 185 55 14 30 3036 6 107615 36350 1.5 31 21 14 31 37%   0 339822 465 100%
c u  6.00 190 55 14 30 3123 6 109825 38441 1.5 31 21 14 31 37%   0 339822 465 100%
c v  6.03 191 55 14 30 3123 6 109825 38391 1.5 31 21 14 31 37%   0 339822 465 100%
c w  6.05 191 55 14 30 3123 6 109825 38391 1.5 31 21 14 31 37%   0 339822 465 100%
c -  6.18 193 54 14 31 3180 6 113092 38885 1.5 31 21 14 30 36%   0 339822 465 100%
c }  6.25 187 53 15 31 3286 6 116237 41874 1.5 31 21 14 30 36%   0 339822 465 100%
c [  6.25 187 65 15 31 3286 2 116237 41874 1.3 49 37 15 48 42%   0 339822 465 100%
c W  6.27 197 65 15 31 3286 2 116237 41874 1.3 49 37 15 48 42%   0 339822 465 100%
c -  6.38 199 65 15 32 3288 2 118661 40673 1.3 49 37 15 49 42%   0 339822 465 100%
c -  6.59 200 66 15 33 3291 2 124317 41190 1.3 50 37 15 50 44%   0 339822 465 100%
c ]  6.67 201 66 16 33 3292 2 126606 43267 1.3 50 38 15 50 44%   0 339822 465 100%
c {  6.67 201 53 16 33 3292 6 126606 43267 1.5 31 21 14 30 36%   0 339822 465 100%
c o  6.68 201 53 16 33 3296 6 126623 43284 1.5 31 21 14 30 36%   0 339822 465 100%
c -  6.83 206 53 16 34 3484 6 130061 42389 1.5 31 21 14 30 36%   0 339822 465 100%
c -  7.01 211 52 16 35 3647 5 135892 44752 1.5 31 21 14 30 36%   0 339822 465 100%
c u  7.18 207 51 16 35 3719 5 139484 48118 1.5 31 21 14 30 36%   0 339822 465 100%
c v  7.22 209 51 16 35 3719 5 139484 47998 1.5 31 21 14 30 36%   0 339822 465 100%
c w  7.24 210 51 16 35 3719 5 139484 47998 1.5 31 21 14 30 36%   0 339822 465 100%
c -  7.57 210 51 16 36 3887 5 141809 46529 1.5 31 21 14 30 36%   0 339822 465 100%
c
c seconds    switched    rate          size/glue  tier1     binary        remaining
c         MB   reductions  conflicts         size    tier2     irredundant
c          level    restarts      redundant     glue     trail        variables
c
c }  7.68 194 50 17 36 3974 5 144944 49559 1.5 31 21 14 30 36%   0 339822 465 100%
c [  7.68 194 66 17 36 3974 2 144944 49559 1.3 50 38 15 50 44%   0 339822 465 100%
c O  7.68 194 66 17 36 3974 2 144944 49559 1.3 50 38 15 50 44%   0 339822 465 100%
c -  7.78 212 64 17 37 3976 2 147811 48458 1.3 50 37 15 49 44%   0 339822 465 100%
c -  7.97 213 62 17 38 3980 2 153894 50229 1.4 49 36 14 47 44%   0 339822 465 100%
c -  8.15 214 60 17 39 3983 2 160060 51546 1.4 48 35 14 45 44%   0 339822 465 100%
c ]  8.29 214 59 18 39 3986 2 164327 55498 1.4 48 35 14 45 45%   0 339822 465 100%
c {  8.29 214 50 18 39 3986 5 164327 55498 1.5 31 21 14 30 36%   0 339822 465 100%
c ^  8.46 218 50 18 39 4003 5 165792 56886 1.5 31 21 14 30 36%   0 339822 465 100%
c -  8.50 219 50 18 40 4003 5 166304 52335 1.5 31 20 14 29 36%   0 339822 465 100%
c -  8.61 213 48 18 41 4047 5 172628 50878 1.5 31 20 13 29 36%   0 339822 465 100%
c u  8.66 216 48 18 41 4047 5 173059 51201 1.5 31 20 13 29 36%   0 339822 465 100%
c v  8.69 217 48 18 41 4047 5 173059 51114 1.5 31 20 13 29 36%   0 339822 465 100%
c w  8.70 218 48 18 41 4047 5 173059 51114 1.5 31 20 13 29 36%   0 339822 465 100%
c -  8.89 220 46 18 42 4068 4 179031 50908 1.5 31 20 13 28 36%   0 339822 465 100%
c o  8.99 203 45 18 42 4086 4 183013 54746 1.6 31 20 13 28 36%   0 339822 465 100%
c -  9.06 223 45 18 43 4095 4 185511 52232 1.6 31 20 13 28 36%   0 339822 465 100%
c }  9.10 224 45 19 43 4101 4 186674 53371 1.6 31 20 13 28 36%   0 339822 465 100%
c [  9.10 224 59 19 43 4101 2 186674 53371 1.4 48 35 14 45 45%   0 339822 465 100%
c B  9.10 224 59 19 43 4101 2 186674 53371 1.4 48 35 14 45 45%   0 339822 465 100%
c
c seconds    switched    rate          size/glue  tier1     binary        remaining
c         MB   reductions  conflicts         size    tier2     irredundant
c          level    restarts      redundant     glue     trail        variables
c
c ]  9.14 226 60 19 43 4102 2 187740 54411 1.4 48 35 14 45 45%   0 339822 465 100%
c 1  9.14 226 45 19 43 4102 4 187740 54411 1.6 31 20 13 28 36%   0 339822 465 100%
c
c ---- [ result ] ------------------------------------------------------------
c
s SATISFIABLE
v -1 -2 3 4 5 -6 7 -8 -9 10 11 12 -13 -14 -15 16 -17 -18 -19 -20 21 22 23 -24
v -25 -26 -27 28 -29 -30 -31 32 -33 34 -35 -36 -37 -38 -39 -40 -41 -42 -43 -44
v -45 -46 47 48 49 50 51 52 -53 54 -55 56 57 58 -59 -60 -61 62 63 -64 -65 -66
v -67 -68 -69 -70 71 72 -73 74 75 -76 77 78 79 -80 81 -82 -83 -84 -85 86 87
v -88 89 -90 -91 -92 -93 -94 -95 -96 -97 -98 -99 -100 -101 -102 -103 104 105
v -106 107 108 109 -110 111 112 113 114 115 -116 117 -118 -119 -120 121 122
v 123 -124 -125 126 -127 -128 129 -130 131 -132 133 134 -135 -136 -137 138
v -139 -140 -141 -142 -143 -144 -145 -146 -147 -148 -149 -150 -151 -152 -153
v -154 -155 156 -157 -158 159 -160 161 162 163 164 165 -166 -167 -168 -169
v -170 -171 -172 -173 174 -175 176 177 -178 -179 180 181 182 183 184 185 -186
v -187 188 189 -190 -191 -192 193 -194 195 196 -197 198 -199 -200 201 202 203
v -204 -205 206 -207 208 -209 210 -211 -212 213 214 215 216 217 218 -219 -220
v 221 -222 -223 -224 225 226 227 228 -229 230 -231 -232 -233 -234 235 -236 237
v 238 239 240 241 -242 -243 -244 -245 -246 247 248 249 -250 251 -252 253 -254
v -255 -256 257 -258 259 260 261 -262 263 264 -265 -266 -267 268 -269 -270 271
v -272 273 -274 -275 -276 277 278 279 -280 -281 -282 283 284 -285 -286 -287
v 288 -289 290 -291 -292 293 -294 -295 -296 297 298 -299 300 301 302 -303 -304
v -305 -306 307 -308 -309 310 -311 -312 313 314 -315 -316 317 -318 319 -320
v -321 -322 -323 -324 325 -326 -327 328 329 330 -331 -332 333 -334 -335 -336
v -337 -338 -339 340 -341 -342 -343 344 345 -346 -347 348 -349 -350 -351 -352
v -353 -354 355 -356 357 -358 -359 360 -361 362 363 364 -365 -366 -367 -368
v 369 -370 371 -372 373 -374 375 -376 -377 -378 379 380 381 382 383 384 385
v -386 387 -388 -389 -390 -391 -392 -393 394 -395 396 -397 -398 -399 400 -401
v -402 -403 -404 405 -406 407 -408 409 410 -411 -412 -413 -414 -415 -416 417
v -418 419 420 -421 -422 423 -424 425 -426 -427 -428 429 430 -431 432 433 434
v 435 -436 -437 -438 -439 -440 441 442 -443 -444 -445 446 -447 -448 -449 -450
v -451 452 -453 -454 -455 -456 -457 -458 -459 -460 -461 -462 -463 -464 465 0
c
c ---- [ profiling ] ---------------------------------------------------------
c
c           6.12   66.96 %  search
c           3.35   36.63 %  focused
c           2.77   30.33 %  stable
c           2.46   26.96 %  probe
c           1.82   19.89 %  simplify
c           1.33   14.52 %  factor
c           1.15   12.55 %  preprocess
c           0.63    6.92 %  vivify
c           0.45    4.87 %  eliminate
c           0.36    3.95 %  subsume
c           0.31    3.34 %  sweep
c           0.15    1.60 %  substitute
c           0.15    1.60 %  reduce
c           0.06    0.61 %  walking
c           0.05    0.51 %  congruence
c           0.04    0.43 %  parse
c           0.02    0.17 %  lucky
c           0.01    0.06 %  transitive
c           0.00    0.01 %  backbone
c =============================================
c           9.14  100.00 %  total
c
c ---- [ statistics ] --------------------------------------------------------
c
c conflicts:                           187740            20532.00 per second
c decisions:                           556421                2.96 per conflict
c propagations:                       5308133           580519    per second
c reductions:                              43             4366    interval
c reordered:                                6            31290    interval
c rephased:                                13            14442    interval
c restarts:                              4102               46    interval
c switched:                                19             9881    interval
c vivified:                              1879               14 %  checks
c walks:                                    4            46935    interval
c
c ---- [ glue usage ] --------------------------------------------------------
c
c focused glue 13    used  8377 clauses  5.79% accumulated 53.26% tier1
c focused glue 14    used  6492 clauses  4.49% accumulated 57.75%
c focused glue 15-26 used 43008 clauses 29.73% accumulated 87.48%
c focused glue 27    used  2800 clauses  1.94% accumulated 89.41%
c focused glue 28    used  2457 clauses  1.70% accumulated 91.11% tier2
c
c stable glue 14    used  12455 clauses  3.90% accumulated 53.03% tier1
c stable glue 15    used  10209 clauses  3.20% accumulated 56.23%
c stable glue 16-42 used 104945 clauses 32.86% accumulated 89.09%
c stable glue 43    used   1684 clauses  0.53% accumulated 89.61%
c stable glue 44    used   1612 clauses  0.50% accumulated 90.12% tier2
c
c ---- [ resources ] ---------------------------------------------------------
c
c maximum-resident-set-size:     242313330688 bytes     231088 MB
c process-time:                             9s               9.14 seconds
c
c ---- [ shutting down ] -----------------------------------------------------
c
c exit 10
