c ---- [ banner ] ------------------------------------------------------------
c
c Kissat SAT Solver
c 
c Copyright (c) 2021-2024 Armin Biere University of Freiburg
c Copyright (c) 2019-2021 Armin Biere Johannes Kepler University Linz
c 
c Version 4.0.4 8af8e56f174b778aef3aa45af9f739b2a5f492c2
c Apple clang version 17.0.0 (clang-1700.6.3.2) -W -Wall -O3 -DNDEBUG
c Mon Mar 30 18:25:47 CEST 2026 Darwin Mac 24.6.0 arm64
c
c ---- [ parsing ] -----------------------------------------------------------
c
c opened and reading DIMACS file:
c
c   tmp.cnf
c
c parsed 'p cnf 703 3262623' header
c closing input after reading 177969533 bytes (170 MB)
c finished parsing after 0.57 seconds
c
c ---- [ solving ] -----------------------------------------------------------
c
c seconds  switched rate     size/glue tier1 binary         remaining
c         MB reductions conflicts size  tier2    irredundant
c          level restarts redundant glue  trail         variables
c
c *  0.57 254 0 0 0  0 0   0   0 0.0 0 0 0 0 0%   0 3262623 703 100%
c (  0.79 582 0 0 0  0 0   0   0 0.0 0 0 0 0 0%   0 3262623 703 100%
c .  0.79 582 0 0 0  0 0   0   0 0.0 0 0 0 0 0%   0 3262623 703 100%
c )  2.32 554 0 0 0  0 0   0   0 0.0 0 0 0 0 0%   0 3262623 703 100%
c {  2.43 560 0 0 0  0 0   0   0 0.0 0 0 2 6 0%   0 3262623 703 100%
c -  3.14 506 114 0 1 116 15 1001 728 1.4 41 29 20 43 38%   0 3262623 703 100%
c }  3.14 506 114 1 1 116 15 1001 728 1.4 41 29 20 43 38%   0 3262623 703 100%
c [  3.14 506 0 1 1 116 0 1001 728 0.0 0 0 2 6 0%   0 3262623 703 100%
c B  3.14 506 0 1 1 116 0 1001 728 0.0 0 0 2 6 0%   0 3262623 703 100%
c -  3.21 512 142 1 2 116 2 2001 1570 1.3 61 48 23 65 31%   0 3262623 703 100%
c W  3.41 711 142 1 2 116 2 2003 1572 1.3 61 48 23 65 31%   0 3262623 703 100%
c -  3.58 625 110 1 3 118 2 3415 2544 1.3 60 48 23 66 30%   0 3262623 703 100%
c u  3.76 636 110 1 3 118 2 3533 2572 1.3 59 47 23 66 31%   0 3262623 703 100%
c v  3.83 637 110 1 3 118 2 3533 2543 1.3 59 47 23 66 31%   0 3262623 703 100%
c w  3.88 637 110 1 3 118 2 3533 2542 1.3 59 47 23 66 31%   0 3262623 703 100%
c I  4.31 670 109 1 3 118 2 4263 3264 1.3 58 44 22 65 35%   0 3262623 703 100%
c -  4.49 682 122 1 4 119 2 5147 3460 1.3 63 48 23 68 38%   0 3262623 703 100%
c ]  4.54 683 125 2 4 119 2 5449 3756 1.3 65 49 23 68 39%   0 3262623 703 100%
c {  4.54 683 114 2 4 119 15 5449 3756 1.4 41 29 20 43 38%   0 3262623 703 100%
c }  5.05 647 92 3 4 127 9 6449 4752 1.6 41 26 20 43 36%   0 3262623 703 100%
c
c seconds    switched  rate       size/glue  tier1     binary         remaining
c         MB  reductions conflicts      size    tier2      irredundant
c           level restarts   redundant     glue     trail         variables
c
c [  5.05 647 125 3 4 127 2 6449 4752 1.3 65 49 23 68 39%   0 3262623 703 100%
c -  5.16 656 115 3 5 127 2 7148 4620 1.4 63 46 22 67 39%   0 3262623 703 100%
c B  5.25 661 105 3 5 128 2 8034 5478 1.4 61 43 21 66 39%   0 3262623 703 100%
c ]  5.58 682 109 4 5 129 2 9361 6755 1.4 63 45 21 66 41%   0 3262623 703 100%
c {  5.58 682 92 4 5 129 9 9361 6755 1.6 41 26 20 43 36%   0 3262623 703 100%
c -  5.64 687 93 4 6 132 9 9384 5576 1.6 41 26 17 39 36%   0 3262623 703 100%
c o  5.87 698 87 4 6 188 9 10158 6346 1.6 42 27 17 39 36%   0 3262623 703 100%
c u  6.63 443 83 4 6 250 9 10878 7010 1.6 43 27 17 39 36%   0 3262623 703 100%
c v  6.76 378 83 4 6 250 9 10878 6985 1.6 43 27 17 39 36%   0 3262623 703 100%
c w  6.85 417 83 4 6 250 9 10878 6985 1.6 43 27 17 39 36%   0 3262623 703 100%
c }  7.80 434 82 5 6 328 9 11713 7815 1.6 43 27 17 39 36%   0 3262623 703 100%
c [  7.80 434 109 5 6 328 2 11713 7815 1.4 63 45 21 66 41%   0 3262623 703 100%
c -  8.01 460 111 5 7 328 2 11833 6773 1.4 64 45 21 67 41%   0 3262623 703 100%
c W  9.06 615 124 5 7 329 2 13565 8486 1.4 67 49 22 71 43%   0 3262623 703 100%
c ]  9.30 528 123 6 7 330 2 14268 9155 1.4 68 49 22 71 43%   0 3262623 703 100%
c {  9.30 528 82 6 7 330 9 14268 9155 1.6 43 27 17 39 36%   0 3262623 703 100%
c -  9.71 556 85 6 8 392 10 14478 7950 1.6 43 27 19 40 36%   0 3262623 703 100%
c - 14.86 585 112 6 9 1061 21 17307 9410 1.4 42 29 20 42 37%   0 3262623 703 100%
c ^ 16.32 715 114 6 9 1117 21 17658 9760 1.4 42 29 20 42 37%   0 3262623 703 100%
c } 17.46 554 118 7 9 1224 22 18341 10442 1.4 42 30 20 43 37%   0 3262623 703 100%
c
c seconds    switched   rate         size/glue  tier1     binary         remaining
c         MB  reductions  conflicts        size    tier2      irredundant
c           level  restarts     redundant     glue     trail         variables
c
c [ 17.46 554 123 7 9 1224 2 18341 10442 1.4 68 49 22 71 43%   0 3262623 703 100%
c - 18.08 593 132 7 10 1225 2 20309 10607 1.4 72 53 22 79 45%   0 3262623 703 100%
c o 18.16 594 132 7 10 1226 2 20393 10681 1.4 73 54 22 79 45%   0 3262623 703 100%
c O 18.94 549 136 7 10 1226 2 21093 11372 1.3 73 55 22 79 45%   0 3262623 703 100%
c u 19.53 588 128 7 10 1226 2 22283 12374 1.4 71 52 22 79 44%   0 3262623 703 100%
c v 19.83 594 128 7 10 1226 2 22283 12276 1.4 71 52 22 79 44%   0 3262623 703 100%
c w 19.99 597 128 7 10 1226 2 22283 12269 1.4 71 52 22 79 44%   0 3262623 703 100%
c - 20.64 599 121 7 11 1228 2 23471 11528 1.4 69 50 22 76 44%   0 3262623 703 100%
c - 20.91 601 106 7 12 1230 2 26791 12982 1.4 65 46 20 66 43%   0 3262623 703 100%
c - 21.31 605 96 7 13 1230 2 30256 14531 1.5 63 43 19 57 44%   0 3262623 703 100%
c B 21.38 605 94 7 13 1231 2 30856 15061 1.5 63 43 19 57 44%   0 3262623 703 100%
c - 22.51 538 99 7 14 1233 2 33862 15275 1.4 66 45 20 61 46%   0 3262623 703 100%
c ^ 23.60 731 99 7 14 1234 2 35312 16667 1.5 67 46 20 61 46%   0 3262623 703 100%
c - 24.32 562 100 7 15 1236 2 37603 15416 1.5 70 48 20 66 47%   0 3262623 703 100%
c u 24.64 580 100 7 15 1236 2 37996 15722 1.5 70 48 20 66 47%   0 3262623 703 100%
c v 24.80 589 100 7 15 1236 2 37996 15705 1.5 70 48 20 66 47%   0 3262623 703 100%
c w 24.91 591 100 7 15 1236 2 37996 15705 1.5 70 48 20 66 47%   0 3262623 703 100%
c - 26.41 610 99 7 16 1237 2 41475 16105 1.5 72 49 20 68 49%   0 3262623 703 100%
c ] 27.03 612 98 8 16 1238 2 43019 17555 1.5 73 49 20 68 50%   0 3262623 703 100%
c { 27.03 612 118 8 16 1238 22 43019 17555 1.4 42 30 20 43 37%   0 3262623 703 100%
c
c seconds    switched     rate         size/glue  tier1     binary         remaining
c         MB   reductions   conflicts        size    tier2      irredundant
c           level   restarts      redundant     glue     trail         variables
c
c o 27.14 617 118 8 16 1242 22 43034 17570 1.4 42 30 20 43 37%   0 3262623 703 100%
c - 29.31 613 119 8 17 1436 20 45475 17602 1.4 42 30 20 44 37%   0 3262623 703 100%
c } 32.03 576 117 9 17 1701 17 49179 21293 1.4 43 30 20 45 37%   0 3262623 703 100%
c [ 32.03 576 98 9 17 1701 2 49179 21293 1.5 73 49 20 68 50%   0 3262623 703 100%
c W 32.29 682 98 9 17 1701 2 49179 21293 1.5 73 49 20 68 50%   0 3262623 703 100%
c - 32.62 511 99 9 18 1701 2 49601 19643 1.5 74 49 20 69 50%   0 3262623 703 100%
c ] 33.94 539 99 9 18 1703 2 52511 22365 1.5 75 50 20 69 51%   0 3262623 703 100%
c 1 33.94 539 117 9 18 1703 17 52511 22365 1.4 43 30 20 45 37%   0 3262623 703 100%
c
c ---- [ result ] ------------------------------------------------------------
c
s SATISFIABLE
v -1 -2 -3 4 -5 -6 -7 -8 9 -10 -11 12 -13 -14 15 -16 17 18 19 -20 21 22 -23 24
v -25 -26 -27 28 -29 30 31 32 33 -34 -35 -36 -37 -38 -39 -40 -41 -42 43 44 -45
v 46 47 -48 49 50 51 -52 53 -54 -55 -56 57 -58 -59 60 61 -62 -63 -64 -65 -66
v -67 -68 -69 -70 71 -72 -73 -74 -75 -76 -77 -78 -79 -80 81 -82 -83 -84 85 -86
v -87 -88 -89 -90 91 -92 93 94 -95 96 97 98 99 100 -101 -102 103 -104 -105 106
v -107 -108 -109 -110 111 -112 -113 -114 -115 116 -117 118 119 120 121 -122
v -123 124 125 -126 127 128 129 130 -131 -132 -133 -134 135 -136 -137 -138
v -139 -140 141 -142 -143 -144 -145 -146 -147 -148 -149 150 -151 -152 -153
v -154 155 156 157 -158 159 -160 161 162 163 164 -165 166 -167 -168 169 170
v 171 172 -173 -174 -175 -176 -177 -178 179 -180 -181 -182 -183 -184 -185 -186
v -187 188 189 -190 -191 -192 193 194 -195 196 -197 -198 -199 200 201 202 203
v 204 -205 -206 207 -208 -209 -210 -211 212 -213 -214 -215 216 217 218 -219
v -220 221 -222 223 224 225 226 -227 -228 229 -230 231 232 -233 -234 -235 236
v 237 -238 239 -240 -241 -242 -243 244 245 246 247 248 249 -250 251 -252 -253
v 254 -255 256 -257 -258 -259 -260 -261 -262 -263 -264 -265 266 -267 -268 -269
v -270 -271 -272 273 274 -275 276 277 278 -279 280 -281 282 283 -284 -285 286
v -287 -288 -289 290 -291 -292 -293 -294 295 296 -297 -298 -299 -300 -301 -302
v -303 -304 -305 -306 307 -308 -309 -310 311 312 -313 -314 -315 -316 -317 -318
v 319 -320 321 322 -323 324 325 -326 -327 -328 329 -330 -331 -332 -333 -334
v 335 -336 -337 338 -339 340 -341 342 343 344 345 -346 347 -348 349 350 351
v -352 -353 -354 -355 356 -357 358 359 -360 -361 -362 363 -364 -365 366 -367
v -368 369 -370 371 372 373 374 -375 376 377 -378 -379 -380 -381 -382 -383 384
v -385 -386 387 -388 389 390 391 392 393 -394 -395 -396 -397 398 399 400 401
v -402 -403 -404 -405 406 -407 408 -409 410 -411 412 413 -414 -415 416 417 418
v -419 420 421 -422 -423 -424 -425 426 -427 -428 -429 -430 -431 -432 433 -434
v -435 436 -437 -438 -439 -440 -441 442 443 444 445 -446 447 -448 449 -450
v -451 452 453 -454 -455 -456 -457 -458 -459 -460 461 -462 463 -464 -465 466
v 467 468 469 470 -471 -472 -473 -474 -475 -476 -477 478 -479 -480 -481 482
v 483 484 485 486 487 488 489 -490 -491 492 -493 494 -495 -496 -497 -498 -499
v -500 -501 502 503 -504 -505 -506 -507 508 509 510 -511 -512 513 -514 -515
v -516 -517 -518 -519 -520 521 522 -523 524 -525 -526 -527 -528 529 -530 -531
v 532 -533 -534 -535 536 537 538 -539 -540 -541 -542 -543 -544 -545 546 -547
v -548 549 550 -551 -552 -553 -554 -555 -556 -557 -558 -559 560 561 -562 563
v 564 -565 566 567 -568 569 -570 571 572 573 -574 575 -576 -577 -578 -579 580
v 581 582 583 -584 -585 -586 -587 588 589 590 -591 592 593 594 595 -596 -597
v -598 -599 -600 -601 -602 -603 -604 -605 -606 -607 -608 -609 -610 611 -612
v 613 -614 615 -616 617 -618 -619 -620 -621 -622 623 624 -625 -626 -627 -628
v 629 -630 -631 -632 -633 -634 635 -636 -637 638 -639 640 -641 -642 -643 -644
v -645 -646 -647 648 -649 650 -651 -652 -653 -654 -655 -656 -657 -658 659 -660
v -661 662 663 664 -665 -666 -667 -668 -669 -670 -671 -672 -673 -674 -675 676
v -677 678 -679 -680 -681 682 -683 684 -685 -686 -687 688 -689 690 -691 -692
v 693 -694 -695 -696 -697 -698 -699 700 -701 -702 -703 0
c
c ---- [ profiling ] ---------------------------------------------------------
c
c          26.19   77.15 %  search
c          14.92   43.97 %  focused
c          11.26   33.18 %  stable
c           5.32   15.69 %  simplify
c           4.83   14.22 %  probe
c           1.98    5.85 %  vivify
c           1.76    5.18 %  factor
c           1.55    4.57 %  eliminate
c           1.53    4.51 %  preprocess
c           0.88    2.59 %  subsume
c           0.70    2.05 %  substitute
c           0.57    1.67 %  parse
c           0.48    1.41 %  walking
c           0.33    0.97 %  lucky
c           0.21    0.61 %  sweep
c           0.16    0.47 %  congruence
c           0.08    0.25 %  reduce
c           0.02    0.06 %  transitive
c           0.00    0.00 %  backbone
c =============================================
c          33.94  100.00 %  total
c
c ---- [ statistics ] --------------------------------------------------------
c
c conflicts:                            52511             1547.07 per second
c decisions:                           319508                6.08 per conflict
c propagations:                       2082239            61347    per second
c reductions:                              18             2917    interval
c reordered:                                3            17504    interval
c rephased:                                 8             6564    interval
c restarts:                              1703               31    interval
c switched:                                 9             5835    interval
c vivified:                               680                4 %  checks
c walks:                                    3            17504    interval
c
c ---- [ glue usage ] --------------------------------------------------------
c
c focused glue 20    used  388 clauses  3.30% accumulated 50.97% tier1
c focused glue 21    used  329 clauses  2.80% accumulated 53.77%
c focused glue 22-43 used 4098 clauses 34.90% accumulated 88.67%
c focused glue 44    used   85 clauses  0.72% accumulated 89.39%
c focused glue 45    used   95 clauses  0.81% accumulated 90.20% tier2
c
c stable glue 21    used  2477 clauses  2.17% accumulated 51.57% tier1
c stable glue 22    used  2502 clauses  2.19% accumulated 53.76%
c stable glue 23-70 used 41120 clauses 35.95% accumulated 89.71%
c stable glue 71    used   302 clauses  0.26% accumulated 89.98%
c stable glue 72    used   277 clauses  0.24% accumulated 90.22% tier2
c
c ---- [ resources ] ---------------------------------------------------------
c
c maximum-resident-set-size:     784972382208 bytes     748608 MB
c process-time:                            34s              33.94 seconds
c
c ---- [ shutting down ] -----------------------------------------------------
c
c exit 10
