c ---- [ banner ] ------------------------------------------------------------
c
c Kissat SAT Solver
c 
c Copyright (c) 2021-2024 Armin Biere University of Freiburg
c Copyright (c) 2019-2021 Armin Biere Johannes Kepler University Linz
c 
c Version 4.0.4 8af8e56f174b778aef3aa45af9f739b2a5f492c2
c Apple clang version 17.0.0 (clang-1700.6.3.2) -W -Wall -O3 -DNDEBUG
c Mon Mar 30 18:25:47 CEST 2026 Darwin Mac 24.6.0 arm64
c
c ---- [ parsing ] -----------------------------------------------------------
c
c opened and reading DIMACS file:
c
c   tmp.cnf
c
c parsed 'p cnf 595 6776880' header
c closing input after reading 553790250 bytes (528 MB)
c finished parsing after 1.71 seconds
c
c ---- [ solving ] -----------------------------------------------------------
c
c seconds  switched rate     size/glue tier1 binary         remaining
c         MB reductions conflicts size  tier2    irredundant
c          level restarts redundant glue  trail         variables
c
c *  1.71 269 0 0 0  0 0   0   0 0.0 0 0 0 0 0%   0 6776880 595 100%
c (  2.55 1243 0 0 0  0 0   0   0 0.0 0 0 0 0 0%   0 6776880 595 100%
c .  2.55 1243 0 0 0  0 0   0   0 0.0 0 0 0 0 0%   0 6776880 595 100%
c )  3.42 1577 0 0 0  0 0   0   0 0.0 0 0 0 0 0%   0 6776880 595 100%
c {  3.69 1590 0 0 0  0 0   0   0 0.0 0 0 2 6 0%   0 6776880 595 100%
c -  6.58 1035 153 0 1 174 27 1000 709 1.3 57 44 28 73 49%   0 6776880 595 100%
c }  6.58 1035 153 1 1 174 27 1000 709 1.3 57 44 28 73 49%   0 6776880 595 100%
c [  6.58 1035 0 1 1 174 0 1000 709 0.0 0 0 2 6 0%   0 6776880 595 100%
c B  6.60 1039 161 1 1 174 20 1001 710 1.1 25 22 2 6 44%   0 6776880 595 100%
c -  6.90 1064 164 1 2 174 2 2002 1564 1.3 97 77 38 112 49%   0 6776880 595 100%
c W  7.39 1614 164 1 2 174 2 2002 1564 1.3 97 77 38 112 49%   0 6776880 595 100%
c -  7.78 1020 150 1 3 176 2 3419 2592 1.3 94 74 37 115 50%   0 6776880 595 100%
c u  8.40 1036 146 1 3 176 2 4010 3080 1.3 95 75 37 115 50%   0 6776880 595 100%
c v  8.61 1039 146 1 3 176 2 4010 3075 1.3 95 75 37 115 50%   0 6776880 595 100%
c w  8.75 1039 146 1 3 176 2 4010 3075 1.3 95 75 37 115 50%   0 6776880 595 100%
c I  9.32 1045 143 1 3 176 2 4261 3307 1.3 94 75 37 115 50%   0 6776880 595 100%
c -  9.84 1084 148 1 4 177 2 5151 3529 1.3 94 73 35 113 51%   0 6776880 595 100%
c - 10.28 1087 148 1 5 178 2 7151 4416 1.3 102 76 33 116 53%   0 6776880 595 100%
c B 10.63 1121 148 1 5 179 2 8032 5260 1.4 103 76 33 116 54%   0 6776880 595 100%
c - 11.10 1143 148 1 6 180 2 9387 5246 1.4 105 76 32 113 55%   0 6776880 595 100%
c
c seconds     switched  rate       size/glue   tier1      binary         remaining
c          MB  reductions conflicts      size      tier2      irredundant
c            level restarts   redundant      glue      trail         variables
c
c ] 11.23 1146 148 2 6 180 2 9723 5572 1.4 106 77 32 113 55%   0 6776880 595 100%
c { 11.23 1146 153 2 6 180 27 9723 5572 1.3 57 44 28 73 49%   0 6776880 595 100%
c } 11.95 1063 116 3 6 182 15 10723 6571 1.5 54 35 28 73 49%   0 6776880 595 100%
c [ 11.95 1063 148 3 6 182 2 10723 6571 1.4 106 77 32 113 55%   0 6776880 595 100%
c - 12.53 1109 144 3 7 183 2 11836 6432 1.4 103 73 32 109 55%   0 6776880 595 100%
c ] 12.74 1118 144 4 7 183 2 12274 6865 1.4 102 73 32 109 55%   0 6776880 595 100%
c { 12.74 1118 116 4 7 183 15 12274 6865 1.5 54 35 28 73 49%   0 6776880 595 100%
c o 12.92 1136 117 4 7 184 15 12290 6881 1.5 54 36 28 73 49%   0 6776880 595 100%
c u 14.14 966 118 4 7 205 16 12349 6891 1.5 55 36 28 73 48%   0 6776880 595 100%
c v 14.39 814 118 4 7 205 16 12349 6876 1.5 55 36 28 73 48%   0 6776880 595 100%
c w 14.58 913 118 4 7 205 16 12349 6876 1.5 55 36 28 73 48%   0 6776880 595 100%
c - 23.45 1062 138 4 8 649 25 14481 7524 1.4 56 39 22 59 48%   0 6776880 595 100%
c } 24.94 1139 139 5 8 680 26 14627 7670 1.4 56 40 22 59 49%   0 6776880 595 100%
c [ 24.94 1139 144 5 8 680 2 14627 7670 1.4 102 73 32 109 55%   0 6776880 595 100%
c W 25.70 1737 144 5 8 680 2 14627 7670 1.4 102 73 32 109 55%   0 6776880 595 100%
c - 26.92 1104 144 5 9 682 2 17309 8265 1.4 103 75 31 112 55%   0 6776880 595 100%
c ^ 30.06 1735 141 5 9 684 2 20046 10825 1.4 104 76 31 111 55%   0 6776880 595 100%
c - 30.27 1028 141 5 10 684 2 20309 8648 1.4 104 76 31 110 55%   0 6776880 595 100%
c O 31.32 1074 141 5 10 685 2 22156 10411 1.4 105 77 31 110 56%   0 6776880 595 100%
c - 31.96 1125 137 5 11 686 2 23474 9569 1.4 103 74 30 108 56%   0 6776880 595 100%
c
c seconds     switched   rate         size/glue   tier1      binary         remaining
c          MB   reductions conflicts        size      tier2      irredundant
c            level  restarts     redundant      glue      trail         variables
c
c u 33.00 1148 131 5 11 686 2 25298 11244 1.4 102 72 30 108 56%   0 6776880 595 100%
c v 33.41 1156 131 5 11 686 2 25298 11211 1.4 102 72 30 108 56%   0 6776880 595 100%
c w 33.69 1160 131 5 11 686 2 25298 11211 1.4 102 72 30 108 56%   0 6776880 595 100%
c o 34.35 1169 131 5 11 686 2 25298 11211 1.4 102 72 30 108 56%   0 6776880 595 100%
c - 36.64 1125 132 5 12 686 2 26790 10773 1.4 99 70 29 102 56%   0 6776880 595 100%
c - 37.25 1141 124 5 13 689 2 30255 12232 1.4 96 67 27 93 54%   0 6776880 595 100%
c B 37.51 1142 121 5 13 690 2 31917 13824 1.4 94 66 27 93 53%   0 6776880 595 100%
c - 38.17 1179 122 5 14 692 2 33862 12966 1.4 94 66 26 90 53%   0 6776880 595 100%
c - 38.71 1180 122 5 15 693 2 37604 12866 1.4 95 68 27 94 53%   0 6776880 595 100%
c ] 38.80 1180 122 6 15 693 2 38238 13480 1.4 96 68 27 94 53%   0 6776880 595 100%
c { 38.80 1180 139 6 15 693 26 38238 13480 1.4 56 40 22 59 49%   0 6776880 595 100%
c ^ 49.06 1737 146 6 15 942 25 40089 15327 1.3 55 41 22 59 47%   0 6776880 595 100%
c - 55.02 1122 149 6 16 1093 24 41476 14584 1.3 55 42 26 63 46%   0 6776880 595 100%
c } 59.11 1160 151 7 16 1196 24 42309 15415 1.3 55 42 26 63 46%   0 6776880 595 100%
c [ 59.11 1160 122 7 16 1196 2 42309 15415 1.4 96 68 27 94 53%   0 6776880 595 100%
c u 60.78 1254 122 7 16 1196 2 43137 16125 1.4 95 68 27 94 53%   0 6776880 595 100%
c v 61.63 1273 122 7 16 1196 2 43137 16094 1.4 95 68 27 94 53%   0 6776880 595 100%
c w 62.03 1282 122 7 16 1196 2 43137 16092 1.4 95 68 27 94 53%   0 6776880 595 100%
c W 63.27 1785 123 7 16 1197 2 44140 17049 1.4 95 68 27 94 53%   0 6776880 595 100%
c - 64.04 1089 124 7 17 1198 2 45478 15988 1.4 96 69 28 96 53%   0 6776880 595 100%
c
c seconds     switched    rate         size/glue  tier1     binary         remaining
c          MB   reductions  conflicts        size    tier2      irredundant
c            level   restarts     redundant     glue     trail         variables
c
c - 65.40 1111 123 7 18 1201 2 49601 16931 1.4 95 68 28 95 53%   0 6776880 595 100%
c - 66.62 1122 122 7 19 1202 2 53844 17492 1.4 98 70 28 98 54%   0 6776880 595 100%
c - 67.90 1127 122 7 20 1205 2 58203 18258 1.4 99 70 28 98 54%   0 6776880 595 100%
c I 68.17 1133 122 7 20 1206 2 59044 19060 1.4 100 70 28 98 54%   0 6776880 595 100%
c o 68.27 1133 122 7 20 1206 2 59044 19060 1.4 100 70 28 98 54%   0 6776880 595 100%
c ] 68.59 1204 122 7 20 1206 2 59044 19060 1.4 100 70 28 98 54%   0 6776880 595 100%
c 1 68.59 1204 151 7 20 1206 24 59044 19060 1.3 55 42 26 63 46%   0 6776880 595 100%
c
c ---- [ result ] ------------------------------------------------------------
c
s SATISFIABLE
v -1 -2 -3 -4 -5 6 -7 -8 -9 10 -11 12 -13 14 -15 16 -17 -18 19 20 21 -22 23
v -24 25 -26 -27 -28 29 -30 -31 -32 -33 -34 -35 -36 -37 -38 -39 40 -41 -42 -43
v 44 -45 46 47 48 49 50 -51 -52 53 54 55 -56 57 -58 -59 -60 -61 -62 63 -64 -65
v -66 -67 -68 -69 -70 -71 -72 73 -74 -75 -76 77 -78 79 80 81 -82 83 -84 -85 86
v 87 88 -89 90 -91 -92 -93 -94 -95 96 -97 -98 -99 -100 -101 -102 -103 -104 105
v -106 -107 -108 -109 -110 111 -112 113 114 115 -116 -117 118 -119 120 121 122
v -123 124 -125 -126 -127 128 -129 -130 -131 -132 -133 -134 -135 136 -137 -138
v -139 -140 -141 142 -143 144 145 146 -147 -148 149 150 151 152 153 -154 155
v -156 -157 -158 159 -160 -161 -162 -163 -164 -165 166 -167 -168 -169 170 -171
v 172 -173 174 175 176 -177 -178 179 -180 181 -182 183 -184 185 -186 -187 -188
v 189 -190 -191 -192 -193 -194 195 -196 -197 -198 199 -200 201 -202 203 -204
v 205 -206 -207 208 209 210 -211 212 -213 214 -215 -216 -217 -218 -219 -220
v -221 -222 223 -224 -225 -226 227 -228 229 230 231 232 233 -234 -235 236 237
v 238 -239 240 -241 -242 -243 -244 -245 -246 -247 -248 -249 250 -251 -252 -253
v 254 -255 256 257 258 259 260 -261 -262 -263 264 265 -266 267 -268 -269 -270
v -271 -272 -273 -274 -275 276 -277 -278 -279 -280 -281 282 -283 284 285 286
v -287 -288 289 -290 291 292 293 -294 295 -296 -297 -298 -299 -300 301 -302
v -303 -304 -305 -306 307 -308 309 310 311 -312 -313 314 315 316 -317 318 -319
v -320 -321 -322 -323 -324 325 -326 -327 -328 329 -330 331 -332 333 334 335
v -336 -337 338 -339 340 -341 342 -343 -344 -345 -346 -347 348 -349 -350 -351
v 352 -353 354 -355 356 357 358 -359 -360 361 362 363 -364 -365 -366 -367 -368
v -369 370 -371 -372 -373 374 -375 376 377 378 379 380 -381 -382 -383 384 385
v -386 -387 -388 -389 -390 391 -392 -393 -394 -395 -396 397 398 399 400 401
v -402 -403 404 405 -406 -407 -408 -409 -410 411 -412 -413 -414 -415 -416 417
v -418 419 420 421 -422 -423 424 -425 -426 -427 -428 -429 430 -431 -432 -433
v -434 -435 436 -437 438 439 440 -441 -442 -443 -444 -445 -446 -447 448 -449
v -450 -451 452 -453 454 -455 456 457 458 -459 -460 -461 -462 -463 -464 465
v -466 -467 -468 469 -470 471 -472 473 474 475 -476 -477 -478 -479 -480 481
v -482 -483 -484 485 -486 487 488 489 -490 -491 -492 -493 -494 -495 496 -497
v -498 -499 -500 -501 502 503 504 -505 -506 -507 -508 -509 510 -511 -512 -513
v -514 -515 516 -517 -518 -519 -520 -521 -522 523 -524 -525 -526 527 -528 529
v -530 -531 -532 -533 -534 535 -536 -537 -538 539 -540 -541 -542 -543 -544
v -545 546 -547 -548 -549 550 -551 -552 -553 -554 -555 556 -557 -558 -559 -560
v -561 -562 -563 -564 565 -566 -567 -568 -569 -570 -571 -572 573 -574 -575
v -576 -577 -578 -579 580 -581 -582 -583 -584 -585 -586 -587 -588 -589 -590
v -591 -592 -593 -594 -595 0
c
c ---- [ profiling ] ---------------------------------------------------------
c
c          51.76   75.47 %  search
c          32.41   47.25 %  focused
c          19.35   28.22 %  stable
c          13.14   19.16 %  simplify
c           8.03   11.71 %  probe
c           4.93    7.18 %  vivify
c           4.67    6.81 %  eliminate
c           2.45    3.58 %  subsume
c           2.00    2.91 %  substitute
c           1.71    2.50 %  parse
c           1.30    1.90 %  walking
c           1.11    1.61 %  lucky
c           0.87    1.26 %  preprocess
c           0.58    0.84 %  sweep
c           0.29    0.42 %  congruence
c           0.20    0.29 %  factor
c           0.16    0.24 %  reduce
c           0.04    0.06 %  transitive
c           0.00    0.00 %  backbone
c =============================================
c          68.59  100.00 %  total
c
c ---- [ statistics ] --------------------------------------------------------
c
c conflicts:                            59044              860.82 per second
c decisions:                           284568                4.82 per conflict
c propagations:                       1879891            27407    per second
c reductions:                              20             2952    interval
c reordered:                                3            19681    interval
c rephased:                                 9             6560    interval
c restarts:                              1206               49    interval
c switched:                                 7             8435    interval
c vivified:                               496                4 %  checks
c walks:                                    3            19681    interval
c
c ---- [ glue usage ] --------------------------------------------------------
c
c focused glue 27    used   97 clauses  1.50% accumulated 51.12% tier1
c focused glue 28    used  122 clauses  1.89% accumulated 53.01%
c focused glue 29-62 used 2340 clauses 36.17% accumulated 89.18%
c focused glue 63    used   27 clauses  0.42% accumulated 89.60%
c focused glue 64    used   41 clauses  0.63% accumulated 90.23% tier2
c
c stable glue 28    used  2282 clauses  1.31% accumulated 50.86% tier1
c stable glue 29    used  2430 clauses  1.39% accumulated 52.25%
c stable glue 30-96 used 65438 clauses 37.45% accumulated 89.71%
c stable glue 97    used   414 clauses  0.24% accumulated 89.94%
c stable glue 98    used   486 clauses  0.28% accumulated 90.22% tier2
c
c ---- [ resources ] ---------------------------------------------------------
c
c maximum-resident-set-size:     1918541758464 bytes    1829664 MB
c process-time:                          1m 9s              68.59 seconds
c
c ---- [ shutting down ] -----------------------------------------------------
c
c exit 10
