c ---- [ banner ] ------------------------------------------------------------
c
c Kissat SAT Solver
c 
c Copyright (c) 2021-2024 Armin Biere University of Freiburg
c Copyright (c) 2019-2021 Armin Biere Johannes Kepler University Linz
c 
c Version 4.0.4 8af8e56f174b778aef3aa45af9f739b2a5f492c2
c Apple clang version 17.0.0 (clang-1700.6.3.2) -W -Wall -O3 -DNDEBUG
c Mon Mar 30 18:25:47 CEST 2026 Darwin Mac 24.6.0 arm64
c
c ---- [ parsing ] -----------------------------------------------------------
c
c opened and reading DIMACS file:
c
c   tmp.cnf
c
c parsed 'p cnf 903 33186712' header
c closing input after reading 2715721989 bytes (3 GB)
c finished parsing after 8.11 seconds
c
c ---- [ solving ] -----------------------------------------------------------
c
c seconds   switched rate     size/glue tier1 binary          remaining
c          MB reductions conflicts size  tier2    irredundant
c           level restarts redundant glue  trail          variables
c
c *  8.11 3020 0 0 0  0 0   0   0 0.0 0 0 0 0 0%   0 33186712 903 100%
c ( 11.62 7119 0 0 0  0 0   0   0 0.0 0 0 0 0 0%   0 33186712 903 100%
c . 11.62 7119 0 0 0  0 0   0   0 0.0 0 0 0 0 0%   0 33186712 903 100%
c ) 16.39 7567 0 0 0  0 0   0   0 0.0 0 0 0 0 0%   0 33186712 903 100%
c { 17.75 7618 0 0 0  0 0   0   0 0.0 0 0 2 6 0%   0 33186712 903 100%
c - 28.32 4835 170 0 1 154 28 1002 708 1.4 55 38 25 61 41%   0 33186712 903 100%
c } 28.32 4835 170 1 1 154 28 1002 708 1.4 55 38 25 61 41%   0 33186712 903 100%
c [ 28.32 4835 0 1 1 154 0 1002 708 0.0 0 0 2 6 0%   0 33186712 903 100%
c B 28.32 4835 0 1 1 154 0 1002 708 0.0 0 0 2 6 0%   0 33186712 903 100%
c - 29.53 4902 221 1 2 154 2 2002 1590 1.3 96 76 34 124 39%   0 33186712 903 100%
c W 31.87 8033 221 1 2 154 2 2003 1591 1.3 96 76 34 124 39%   0 33186712 903 100%
c - 37.16 4703 188 1 3 156 2 3418 2626 1.3 97 72 33 116 44%   0 33186712 903 100%
c I 39.21 4800 178 1 3 156 2 4267 3459 1.4 102 73 33 116 46%   0 33186712 903 100%
c - 42.79 5127 193 1 4 157 2 5150 3594 1.4 109 80 33 124 48%   0 33186712 903 100%
c ] 42.81 5133 193 2 4 157 2 5156 3600 1.4 109 80 33 124 49%   0 33186712 903 100%
c { 42.81 5133 170 2 4 157 28 5156 3600 1.4 55 38 25 61 41%   0 33186712 903 100%
c u 48.77 4949 158 2 4 158 24 5360 3712 1.5 57 38 25 61 42%   0 33186712 903 100%
c v 49.96 5007 158 2 4 158 24 5360 3707 1.5 57 38 25 61 42%   0 33186712 903 100%
c w 50.76 5032 158 2 4 158 24 5360 3707 1.5 57 38 25 61 42%   0 33186712 903 100%
c } 59.30 5005 130 3 4 164 16 6156 4500 1.6 57 35 25 61 42%   0 33186712 903 100%
c
c seconds     switched  rate       size/glue   tier1      binary          remaining
c          MB  reductions conflicts      size      tier2      irredundant
c            level restarts   redundant      glue      trail          variables
c
c [ 59.30 5005 193 3 4 164 2 6156 4500 1.4 109 80 33 124 49%   0 33186712 903 100%
c - 61.53 5190 174 3 5 164 2 7151 4712 1.4 101 71 31 116 48%   0 33186712 903 100%
c B 63.27 4517 173 3 5 165 2 8040 5586 1.4 98 69 31 116 48%   0 33186712 903 100%
c - 69.86 5093 173 3 6 166 2 9387 5872 1.5 99 68 32 113 51%   0 33186712 903 100%
c ] 69.93 5097 173 4 6 166 2 9406 5891 1.5 99 68 32 113 51%   0 33186712 903 100%
c { 69.93 5097 130 4 6 166 16 9406 5891 1.6 57 35 25 61 42%   0 33186712 903 100%
c o 79.88 4462 142 4 6 313 23 10001 6486 1.5 56 37 25 61 41%   0 33186712 903 100%
c } 104.35 4895 160 5 6 629 28 11759 8244 1.5 56 38 25 61 42%   0 33186712 903 100%
c [ 104.35 4895 173 5 6 629 2 11759 8244 1.5 99 68 32 113 51%   0 33186712 903 100%
c - 105.11 4951 173 5 7 629 2 11836 7213 1.5 98 67 31 113 51%   0 33186712 903 100%
c W 113.34 7913 170 5 7 630 3 13571 8935 1.5 95 64 31 113 51%   0 33186712 903 100%
c ] 117.51 4781 176 5 7 631 3 14167 9524 1.5 96 65 31 113 52%   0 33186712 903 100%
c 1 117.51 4781 160 5 7 631 28 14167 9524 1.5 56 38 25 61 42%   0 33186712 903 100%
c
c ---- [ result ] ------------------------------------------------------------
c
s SATISFIABLE
v -1 2 3 4 5 6 7 8 9 10 -11 12 13 14 -15 16 17 18 -19 -20 -21 22 -23 -24 -25
v -26 -27 -28 -29 -30 -31 -32 -33 -34 -35 -36 -37 -38 -39 -40 -41 -42 -43 -44
v 45 -46 -47 -48 -49 -50 -51 -52 -53 -54 -55 -56 57 58 59 -60 61 -62 -63 -64
v 65 -66 67 -68 69 70 71 72 73 74 -75 -76 -77 -78 -79 -80 81 82 -83 84 -85 -86
v -87 -88 89 90 91 92 93 -94 95 -96 97 98 99 100 -101 -102 103 104 -105 -106
v -107 108 -109 -110 -111 -112 -113 -114 -115 -116 -117 -118 -119 -120 -121
v -122 -123 -124 -125 -126 -127 -128 129 -130 131 -132 -133 134 135 -136 137
v 138 139 -140 141 -142 143 -144 145 -146 147 148 149 -150 -151 -152 -153 -154
v -155 -156 -157 -158 -159 -160 -161 -162 -163 -164 -165 -166 -167 -168 -169
v -170 -171 -172 -173 174 175 -176 -177 -178 -179 -180 -181 -182 183 184 -185
v -186 -187 188 189 190 191 192 -193 -194 -195 -196 197 198 199 -200 -201 -202
v 203 204 -205 -206 207 208 -209 -210 -211 212 213 -214 -215 216 217 -218 219
v 220 221 222 -223 -224 225 226 -227 -228 -229 -230 231 -232 -233 -234 -235
v -236 237 -238 -239 240 241 242 -243 -244 -245 246 247 248 249 250 -251 252
v -253 -254 -255 256 -257 -258 259 -260 261 -262 263 -264 -265 -266 -267 -268
v -269 270 -271 -272 -273 -274 -275 -276 -277 278 -279 -280 281 -282 -283 284
v -285 286 -287 -288 -289 -290 -291 -292 -293 294 -295 -296 297 298 299 300
v 301 302 303 304 -305 306 -307 308 309 -310 311 -312 -313 -314 315 -316 -317
v 318 -319 -320 -321 -322 -323 324 -325 326 -327 -328 -329 -330 331 332 -333
v -334 -335 336 337 338 339 -340 -341 342 -343 344 -345 -346 -347 348 -349
v -350 -351 -352 353 -354 -355 -356 -357 -358 359 -360 -361 -362 -363 -364
v -365 366 -367 -368 -369 370 371 372 -373 -374 375 376 -377 -378 -379 380
v -381 382 -383 384 385 386 -387 -388 389 390 -391 -392 -393 -394 395 396 397
v -398 -399 -400 -401 -402 -403 404 -405 -406 -407 -408 -409 -410 411 -412
v -413 -414 -415 416 -417 -418 -419 -420 -421 -422 -423 -424 -425 -426 -427
v -428 429 -430 -431 -432 -433 434 435 436 -437 -438 -439 -440 -441 -442 -443
v 444 -445 446 -447 -448 -449 -450 -451 -452 -453 -454 -455 -456 457 458 -459
v 460 461 -462 463 464 465 466 -467 468 -469 470 -471 -472 473 -474 475 -476
v 477 -478 479 480 481 482 483 -484 -485 486 -487 488 -489 -490 491 -492 -493
v -494 495 -496 497 498 -499 -500 -501 502 503 -504 -505 506 507 508 -509 510
v 511 512 513 -514 515 -516 -517 -518 -519 -520 -521 -522 523 -524 -525 -526
v -527 -528 -529 530 -531 -532 -533 -534 -535 -536 -537 -538 -539 -540 -541
v -542 -543 544 545 -546 -547 -548 -549 550 551 -552 553 -554 -555 -556 -557
v -558 -559 -560 561 -562 -563 -564 -565 -566 567 -568 569 570 571 572 -573
v -574 575 -576 577 578 -579 -580 -581 -582 -583 -584 -585 586 -587 -588 -589
v -590 -591 -592 -593 -594 595 596 597 598 -599 600 -601 -602 -603 -604 -605
v -606 -607 -608 -609 -610 -611 -612 -613 -614 -615 -616 617 -618 -619 620
v -621 -622 623 624 625 626 627 628 629 -630 -631 632 633 634 -635 -636 -637
v -638 639 -640 -641 -642 -643 644 -645 -646 647 648 -649 650 -651 -652 -653
v -654 -655 -656 -657 -658 -659 -660 -661 -662 -663 -664 665 -666 -667 -668
v -669 670 671 -672 -673 -674 675 -676 677 -678 -679 -680 -681 682 -683 684
v -685 -686 687 688 689 -690 -691 692 693 -694 -695 -696 697 698 699 -700 -701
v -702 703 704 705 -706 707 708 -709 -710 711 -712 713 -714 715 716 -717 -718
v 719 720 721 722 723 -724 -725 726 727 -728 729 730 731 -732 -733 734 -735
v -736 -737 -738 -739 -740 741 742 -743 -744 -745 746 -747 -748 749 750 -751
v -752 -753 -754 -755 -756 -757 -758 -759 760 761 762 763 -764 -765 -766 767
v -768 -769 -770 -771 -772 -773 774 775 776 -777 -778 779 -780 -781 -782 -783
v 784 -785 -786 -787 788 789 790 791 -792 793 794 795 796 797 -798 -799 -800
v -801 802 -803 804 805 -806 807 808 809 -810 811 -812 813 814 -815 816 817
v -818 819 820 821 822 823 824 825 826 -827 828 829 830 -831 832 833 834 -835
v 836 837 -838 -839 -840 841 -842 -843 -844 -845 -846 -847 848 -849 -850 -851
v -852 -853 -854 855 -856 857 -858 859 860 -861 -862 -863 -864 -865 -866 -867
v 868 -869 -870 -871 -872 -873 -874 -875 -876 -877 -878 -879 -880 -881 -882
v 883 884 -885 -886 -887 -888 889 -890 -891 -892 -893 -894 -895 -896 -897 -898
v -899 -900 901 -902 -903 0
c
c ---- [ profiling ] ---------------------------------------------------------
c
c          88.28   75.13 %  search
c          54.26   46.17 %  focused
c          34.03   28.96 %  stable
c          11.99   10.20 %  probe
c          11.48    9.77 %  simplify
c           8.11    6.90 %  parse
c           4.88    4.15 %  lucky
c           4.77    4.06 %  preprocess
c           4.28    3.64 %  vivify
c           4.26    3.62 %  walking
c           3.14    2.67 %  substitute
c           2.45    2.09 %  factor
c           1.38    1.17 %  sweep
c           0.69    0.59 %  congruence
c           0.21    0.18 %  reduce
c           0.05    0.04 %  transitive
c           0.00    0.00 %  backbone
c =============================================
c         117.51  100.00 %  total
c
c ---- [ statistics ] --------------------------------------------------------
c
c chronological:                            1                0 %  conflicts
c conflicts:                            14167              120.56 per second
c decisions:                           145684               10.28 per conflict
c propagations:                        616718             5248    per second
c reductions:                               7             2024    interval
c reordered:                                1            14167    interval
c rephased:                                 5             2833    interval
c restarts:                               631               22    interval
c switched:                                 5             2833    interval
c vivified:                               109                1 %  checks
c walks:                                    2             7084    interval
c
c ---- [ glue usage ] --------------------------------------------------------
c
c focused glue 25    used  127 clauses  3.84% accumulated 50.88% tier1
c focused glue 26    used   65 clauses  1.96% accumulated 52.84%
c focused glue 27-59 used 1208 clauses 36.52% accumulated 89.36%
c focused glue 60    used   17 clauses  0.51% accumulated 89.87%
c focused glue 61    used   15 clauses  0.45% accumulated 90.33% tier2
c
c stable glue 31     used  231 clauses  1.19% accumulated 50.44% tier1
c stable glue 32     used  207 clauses  1.06% accumulated 51.51%
c stable glue 33-109 used 7451 clauses 38.29% accumulated 89.79%
c stable glue 110    used   36 clauses  0.18% accumulated 89.98%
c stable glue 111    used   39 clauses  0.20% accumulated 90.18% tier2
c
c ---- [ resources ] ---------------------------------------------------------
c
c maximum-resident-set-size:     8869627559936 bytes    8458736 MB
c process-time:                         1m 58s             117.51 seconds
c
c ---- [ shutting down ] -----------------------------------------------------
c
c exit 10
