c ---- [ banner ] ------------------------------------------------------------
c
c Kissat SAT Solver
c 
c Copyright (c) 2021-2024 Armin Biere University of Freiburg
c Copyright (c) 2019-2021 Armin Biere Johannes Kepler University Linz
c 
c Version 4.0.4 8af8e56f174b778aef3aa45af9f739b2a5f492c2
c Apple clang version 17.0.0 (clang-1700.6.3.2) -W -Wall -O3 -DNDEBUG
c Mon Mar 30 18:25:47 CEST 2026 Darwin Mac 24.6.0 arm64
c
c ---- [ parsing ] -----------------------------------------------------------
c
c opened and reading DIMACS file:
c
c   tmp.cnf
c
c parsed 'p cnf 105 8008' header
c closing input after reading 209455 bytes (205 KB)
c finished parsing after 0.00 seconds
c
c ---- [ solving ] -----------------------------------------------------------
c
c seconds switched rate     size/glue tier1 binary     remaining
c        MB reductions conflicts size  tier2  irredundant
c         level restarts redundant glue  trail     variables
c
c *  0.00  3 0 0 0  0 0   0   0 0.0 0 0 0 0 0%   0 8008 99 100%
c (  0.00  3 0 0 0  0 0   0   0 0.0 0 0 0 0 0%   0 8008 99 100%
c .  0.00  3 0 0 0  0 0   0   0 0.0 0 0 0 0 0%   0 8008 99 100%
c f  0.02  3 0 0 0  0 0   0   0 0.0 0 0 0 0 0% 122 5369 160 162%
c )  0.02  3 0 0 0  0 0   0   0 0.0 0 0 0 0 0% 122 5369 160 162%
c {  0.02  3 0 0 0  0 0   0   0 0.0 0 0 2 6 0% 122 5369 160 162%
c -  0.02  4 30 0 1  2 2 1002 603 1.4 16 11 8 15 58% 122 5369 160 162%
c }  0.02  4 30 1 1  2 2 1002 603 1.4 16 11 8 15 58% 122 5369 160 162%
c [  0.02  4 0 1 1  2 0 1002 603 0.0 0 0 2 6 0% 122 5369 160 162%
c B  0.02  4 0 1 1  2 0 1002 603 0.0 0 0 2 6 0% 122 5369 160 162%
c ]  0.02  4 43 2 1  2 1 1887 1362 1.5 16 11 6 14 67% 122 5369 160 162%
c {  0.02  4 30 2 1  2 2 1887 1362 1.4 16 11 8 15 58% 122 5369 160 162%
c -  0.03  4 31 2 2 18 2 2002 1388 1.4 16 11 8 15 58% 122 5369 160 162%
c }  0.03  5 24 3 2 18 2 2887 2163 1.5 16 10 8 15 56% 122 5369 160 162%
c [  0.03  5 43 3 2 18 1 2887 2163 1.5 16 11 6 14 67% 122 5369 160 162%
c W  0.03  5 43 3 2 18 1 2887 2163 1.5 16 11 6 14 67% 122 5369 160 162%
c u  0.04  5 40 3 2 18 1 3214 2438 1.4 17 11 6 14 67% 122 5369 160 162%
c v  0.04  5 40 3 2 18 1 3214 2424 1.4 17 11 6 14 67% 122 5369 160 162%
c w  0.04  5 40 3 2 18 1 3214 2422 1.4 17 11 6 14 67% 122 5369 160 162%
c x  0.04  5 40 3 2 18 1 3214 2420 1.4 17 11 6 14 67% 122 5353 160 162%
c
c seconds  switched rate       size/glue  tier1    binary      remaining
c        MB reductions conflicts     size   tier2    irredundant
c         level restarts  redundant     glue    trail      variables
c
c -  0.04  5 37 3 3 18 1 3419 2368 1.4 17 12 7 15 65% 122 5353 160 162%
c ]  0.05  5 32 4 3 19 1 4044 2906 1.4 17 12 7 15 61% 122 5353 160 162%
c {  0.05  5 24 4 3 19 2 4044 2906 1.5 16 10 8 15 56% 122 5353 160 162%
c -  0.05  5 21 4 4 43 2 5151 3330 1.6 15 10 7 13 55% 122 5353 160 162%
c }  0.06  5 20 5 4 78 2 6396 4387 1.6 15 9 7 13 55% 122 5353 160 162%
c [  0.06  5 32 5 4 78 1 6396 4387 1.4 17 12 7 15 61% 122 5353 160 162%
c I  0.06  5 32 5 4 78 1 6396 4387 1.4 17 12 7 15 61% 122 5353 160 162%
c -  0.06  5 27 5 5 78 1 7151 4481 1.5 16 11 6 14 60% 122 5353 160 162%
c ]  0.07  5 24 6 5 80 1 8862 5932 1.5 16 11 6 13 59% 122 5353 160 162%
c {  0.07  5 20 6 5 80 2 8862 5932 1.6 15 9 7 13 55% 122 5353 160 162%
c -  0.08  5 19 6 6 80 2 9387 5264 1.6 15 9 6 12 55% 122 5353 160 162%
c u  0.08  5 19 6 6 81 2 9903 5731 1.6 15 9 6 12 56% 122 5353 160 162%
c v  0.08  5 19 6 6 81 2 9903 5719 1.6 15 9 6 12 56% 122 5353 160 162%
c w  0.08  5 19 6 6 81 2 9903 5718 1.6 15 9 6 12 56% 122 5353 160 162%
c x  0.09  5 19 6 6 81 2 9903 5718 1.6 15 9 6 12 56% 122 5298 160 162%
c -  0.11  6 17 6 7 81 1 11836 6521 1.7 14 9 6 11 56% 122 5298 160 162%
c }  0.12  6 16 7 7 81 1 12931 7548 1.7 14 8 6 11 56% 122 5298 160 162%
c [  0.12  6 24 7 7 81 1 12931 7548 1.5 16 11 6 13 59% 122 5298 160 162%
c B  0.12  6 24 7 7 81 1 12931 7548 1.5 16 11 6 13 59% 122 5298 160 162%
c o  0.12  6 24 7 7 81 1 12931 7548 1.5 16 11 6 13 59% 122 5298 160 162%
c
c seconds  switched rate        size/glue  tier1    binary      remaining
c        MB reductions conflicts      size   tier2    irredundant
c         level restarts   redundant     glue    trail      variables
c
c -  0.13  7 23 7 8 82 1 14482 7563 1.5 16 11 6 13 57% 122 5298 160 162%
c s  0.14  7 21 7 8 83 1 16069 8824 1.4 16 11 6 13 56% 122 5175 160 162%
c e  0.15  7 21 7 8 83 1 16069 8824 1.4 16 11 6 13 56%  64 3830 90 91%
c s  0.15  7 21 7 8 83 1 16069 8824 1.4 16 11 6 13 56%  64 3797 90 91%
c ^  0.15  7 21 7 8 83 1 16069 8824 1.4 16 11 6 13 56%  64 3797 90 91%
c -  0.16  7 21 7 9 84 1 17312 4349 1.4 16 11 6 13 59%  64 3797 90 91%
c ]  0.16  7 21 8 9 84 1 17370 4400 1.4 16 11 6 13 59%  64 3797 90 91%
c {  0.16  7 16 8 9 84 1 17370 4400 1.7 14 8 6 11 56%  64 3797 90 91%
c u  0.19  8 16 8 9 431 2 20307 6877 1.6 14 8 6 11 60%  64 3797 90 91%
c v  0.19  8 16 8 9 431 2 20307 6866 1.6 14 8 6 11 60%  64 3797 90 91%
c w  0.19  8 16 8 9 431 2 20307 6862 1.6 14 8 6 11 60%  64 3797 90 91%
c x  0.19  8 16 8 9 431 2 20307 6862 1.6 14 8 6 11 60%  64 3769 90 91%
c f  0.19  8 16 8 9 431 2 20307 6862 1.6 14 8 6 11 60%  68 3759 92 93%
c u  0.20  9 16 8 9 431 2 20307 6846 1.6 14 8 6 11 60%  68 3759 92 93%
c v  0.20  9 16 8 9 431 2 20307 6828 1.6 14 8 6 11 60%  68 3759 92 93%
c w  0.20  9 16 8 9 431 2 20307 6820 1.6 14 8 6 11 60%  68 3759 92 93%
c x  0.20  9 16 8 9 431 2 20307 6819 1.6 14 8 6 11 60%  68 3711 92 93%
c -  0.20 10 16 8 10 431 2 20312 5988 1.6 14 8 5 10 60%  68 3711 92 93%
c o  0.22 11 16 8 10 642 2 22979 8279 1.6 14 8 5 10 63%  68 3711 92 93%
c -  0.23 11 16 8 11 794 2 23474 7798 1.6 14 8 5 10 63%  68 3711 92 93%
c
c seconds  switched   rate        size/glue tier1    binary     remaining
c        MB  reductions conflicts       size  tier2    irredundant
c         level  restarts    redundant    glue    trail     variables
c
c }  0.23 11 16 9 11 794 2 23529 7847 1.6 14 8 5 10 63%  68 3711 92 93%
c [  0.23 11 21 9 11 794 1 23529 7847 1.4 16 11 6 13 59%  68 3711 92 93%
c W  0.23 11 21 9 11 794 1 23529 7847 1.4 16 11 6 13 59%  68 3711 92 93%
c -  0.25 11 19 9 12 796 1 26792 8908 1.4 16 11 6 13 62%  68 3711 92 93%
c -  0.28 11 18 9 13 799 1 30257 9456 1.4 16 11 6 12 65%  68 3711 92 93%
c O  0.28 11 18 9 13 799 1 31059 10036 1.4 16 11 6 12 65%  68 3711 92 93%
c ]  0.29 11 18 10 13 799 1 31801 10609 1.4 16 11 6 12 65%  68 3711 92 93%
c {  0.29 11 16 10 13 799 2 31801 10609 1.6 14 8 5 10 63%  68 3711 92 93%
c s  0.30 11 16 10 13 874 2 33057 11674 1.6 13 8 5 10 63%  68 3533 92 93%
c ^  0.31 11 16 10 13 874 2 33057 11674 1.6 13 8 5 10 63%  68 3533 92 93%
c -  0.32 11 15 10 14 935 2 33862 10334 1.6 13 8 5 9 64%  68 3533 92 93%
c u  0.33 12 15 10 14 936 2 35481 11725 1.6 13 8 5 9 65%  68 3533 92 93%
c v  0.33 13 15 10 14 936 2 35481 11690 1.6 13 8 5 9 65%  68 3533 92 93%
c w  0.34 13 15 10 14 936 2 35481 11620 1.6 13 8 5 9 65%  68 3533 92 93%
c x  0.34 13 15 10 14 936 2 35481 11614 1.6 13 8 5 9 65%  68 3478 92 93%
c -  0.38 14 15 10 15 1031 2 37603 11714 1.6 13 8 5 9 67%  68 3478 92 93%
c }  0.42 14 15 11 15 1492 2 40428 14192 1.6 13 8 5 9 67%  68 3478 92 93%
c [  0.42 14 18 11 15 1492 1 40428 14192 1.4 16 11 6 12 65%  68 3478 92 93%
c B  0.42 14 17 11 15 1492 1 40822 14515 1.4 16 11 6 12 65%  68 3478 92 93%
c -  0.43 15 18 11 16 1493 1 41475 12513 1.4 16 11 6 12 66%  68 3478 92 93%
c
c seconds   switched    rate         size/glue  tier1    binary     remaining
c        MB   reductions  conflicts        size   tier2    irredundant
c         level    restarts     redundant     glue    trail     variables
c
c -  0.46 15 18 11 17 1495 1 45475 13029 1.4 16 11 6 12 68%  68 3478 92 93%
c -  0.50 15 17 11 18 1498 1 49600 13664 1.4 16 11 6 12 69%  68 3478 92 93%
c ]  0.52 15 17 12 18 1498 1 52536 16240 1.5 16 11 6 12 70%  68 3478 92 93%
c {  0.52 15 15 12 18 1498 2 52536 16240 1.6 13 8 5 9 67%  68 3478 92 93%
c o  0.52 15 15 12 18 1505 2 52577 16274 1.6 13 8 5 9 67%  68 3478 92 93%
c -  0.54 16 15 12 19 1570 2 53843 14845 1.6 13 8 5 9 67%  68 3478 92 93%
c u  0.56 17 15 12 19 1719 2 55221 16043 1.6 13 8 5 9 68%  68 3478 92 93%
c v  0.57 17 15 12 19 1719 2 55221 16019 1.6 13 8 5 9 68%  68 3478 92 93%
c w  0.57 17 15 12 19 1719 2 55221 16018 1.6 13 8 5 9 68%  68 3478 92 93%
c x  0.58 17 15 12 19 1719 2 55221 16015 1.6 13 8 5 9 68%  68 3412 92 93%
c -  0.63 18 15 12 20 2156 2 58201 15806 1.6 13 8 5 9 68%  69 3412 92 93%
c -  0.71 18 15 12 21 2653 2 62673 15695 1.6 13 9 4 9 69%  69 3411 92 93%
c }  0.72 18 15 13 21 2653 2 64017 16811 1.6 13 9 4 9 69%  69 3411 92 93%
c [  0.72 18 17 13 21 2653 1 64017 16811 1.5 16 11 6 12 70%  69 3411 92 93%
c W  0.72 19 17 13 21 2653 1 64017 16811 1.5 16 11 6 12 70%  69 3411 92 93%
c -  0.75 20 17 13 22 2655 1 67257 15763 1.4 16 11 6 12 70%  69 3411 92 93%
c s  0.78 20 17 13 22 2658 1 70307 18375 1.5 16 11 6 12 71%  69 3260 92 93%
c e  0.78 20 17 13 22 2658 1 70307 18375 1.5 16 11 6 12 71%  63 3272 89 90%
c s  0.78 20 17 13 22 2658 1 70307 18375 1.5 16 11 6 12 71%  63 3269 89 90%
c ^  0.78 20 17 13 22 2658 1 70307 18375 1.5 16 11 6 12 71%  63 3269 89 90%
c
c seconds   switched    rate         size/glue  tier1    binary     remaining
c        MB   reductions  conflicts        size   tier2    irredundant
c         level    restarts     redundant     glue    trail     variables
c
c -  0.80 21 17 13 23 2658 1 71947 14354 1.5 17 11 5 12 71%  63 3269 89 90%
c -  0.84 21 17 13 24 2660 1 76742 14670 1.5 16 11 5 12 72%  63 3269 89 90%
c I  0.86 21 17 13 24 2662 1 78922 16436 1.4 16 11 5 12 72%  63 3269 89 90%
c u  0.87 22 17 13 24 2662 1 79583 16999 1.5 16 11 5 12 72%  63 3269 89 90%
c v  0.88 22 17 13 24 2662 1 79583 16820 1.5 16 11 5 12 72%  63 3269 89 90%
c w  0.88 22 17 13 24 2662 1 79583 16781 1.5 16 11 5 12 72%  63 3269 89 90%
c x  0.89 22 17 13 24 2662 1 79583 16778 1.5 16 11 5 12 72%  63 3138 89 90%
c -  0.90 23 17 13 25 2664 1 81640 15539 1.5 16 11 5 12 72%  63 3138 89 90%
c ]  0.93 23 16 14 25 2666 1 85294 18744 1.5 16 11 5 12 72%  63 3138 89 90%
c {  0.93 23 15 14 25 2666 2 85294 18744 1.6 13 9 4 9 69%  63 3138 89 90%
c o  0.94 23 15 14 25 2669 2 85344 18786 1.6 13 9 4 9 69%  63 3138 89 90%
c -  0.96 23 15 14 26 2783 2 86640 16345 1.6 13 9 4 9 69%  63 3138 89 90%
c -  1.03 23 15 14 27 3135 2 91740 17438 1.5 13 9 4 9 69%  64 3138 89 90%
c -  1.10 25 14 14 28 3422 2 96937 18281 1.5 13 9 4 9 69%  65 3138 89 90%
c }  1.14 25 14 15 28 3712 2 100009 20811 1.5 13 9 4 9 69%  65 3138 89 90%
c [  1.14 25 16 15 28 3712 1 100009 20811 1.5 16 11 5 12 72%  65 3138 89 90%
c B  1.14 25 16 15 28 3712 1 100009 20811 1.5 16 11 5 12 72%  65 3138 89 90%
c -  1.16 25 16 15 29 3714 1 102228 18795 1.5 16 11 5 12 73%  65 3138 89 90%
c -  1.21 25 16 15 30 3717 1 107614 19411 1.5 16 11 5 12 73%  65 3138 89 90%
c u  1.24 25 16 15 30 3718 1 109085 20568 1.5 16 11 5 12 73%  65 3138 89 90%
c
c seconds   switched    rate          size/glue  tier1    binary     remaining
c        MB   reductions  conflicts         size   tier2    irredundant
c         level    restarts      redundant     glue    trail     variables
c
c v  1.25 27 16 15 30 3718 1 109085 20538 1.5 16 11 5 12 73%  65 3138 89 90%
c w  1.25 27 16 15 30 3718 1 109085 20506 1.5 16 11 5 12 73%  65 3138 89 90%
c x  1.25 28 16 15 30 3718 1 109085 20501 1.5 16 11 5 12 73%  65 3013 89 90%
c -  1.30 29 16 15 31 3719 1 113091 19894 1.5 16 11 5 11 74%  65 3013 89 90%
c -  1.35 29 16 15 32 3724 1 118658 20590 1.5 16 11 5 11 74%  65 3013 89 90%
c W  1.38 29 15 15 32 3725 1 120921 22370 1.5 16 11 5 11 74%  65 3013 89 90%
c ]  1.38 29 15 16 32 3725 1 121346 22664 1.5 16 11 5 11 74%  65 3013 89 90%
c {  1.38 29 14 16 32 3725 2 121346 22664 1.5 13 9 4 9 69%  65 3013 89 90%
c -  1.41 29 14 16 33 3780 2 124314 21411 1.5 13 8 4 9 69%  65 3013 89 90%
c o  1.44 29 14 16 33 3916 2 126461 23219 1.5 13 8 4 9 70%  66 3013 89 90%
c -  1.49 29 14 16 34 4111 2 130064 22374 1.5 13 8 4 8 70%  67 3013 89 90%
c s  1.50 29 14 16 34 4111 2 131076 23214 1.5 13 8 4 8 70%  67 2588 89 90%
c e  1.50 29 14 16 34 4111 2 131076 23214 1.5 13 8 4 8 70%  61 2603 85 86%
c ^  1.50 29 14 16 34 4111 2 131076 23214 1.5 13 8 4 8 70%  61 2603 85 86%
c -  1.56 29 14 16 35 4456 2 135895 19894 1.5 13 8 4 8 71%  62 2603 85 86%
c }  1.61 29 14 17 35 4997 2 139683 23157 1.5 13 8 4 8 71%  62 2603 85 86%
c [  1.61 29 15 17 35 4997 1 139683 23157 1.5 16 11 5 11 74%  62 2603 85 86%
c -  1.64 29 15 17 36 4999 1 141812 21517 1.5 16 10 5 11 74%  62 2603 85 86%
c u  1.66 31 15 17 36 4999 1 143786 23026 1.5 16 10 5 11 74%  62 2603 85 86%
c v  1.67 32 15 17 36 4999 1 143786 22909 1.5 16 10 5 11 74%  63 2603 85 86%
c
c seconds   switched    rate          size/glue  tier1    binary     remaining
c        MB   reductions  conflicts         size   tier2    irredundant
c         level    restarts      redundant     glue    trail     variables
c
c w  1.68 32 15 17 36 4999 1 143786 22812 1.5 16 10 5 11 74%  63 2603 85 86%
c x  1.68 32 15 17 36 4999 1 143786 22807 1.5 16 10 5 11 74%  63 2580 85 86%
c t  1.68 32 15 17 36 4999 1 143786 22807 1.5 16 10 5 11 74%  62 2580 85 86%
c O  1.70 32 15 17 36 5001 1 145147 23973 1.5 16 11 5 11 74%  62 2580 85 86%
c -  1.73 32 15 17 37 5002 1 147813 21812 1.5 16 11 5 11 74%  62 2580 85 86%
c -  1.79 32 15 17 38 5005 1 153895 22885 1.5 16 10 5 11 74%  62 2580 85 86%
c -  1.86 32 15 17 39 5009 1 160062 24505 1.5 16 10 5 11 74%  62 2580 85 86%
c ]  1.87 32 15 18 39 5010 1 160826 25126 1.5 16 10 5 11 74%  62 2580 85 86%
c {  1.87 32 14 18 39 5010 2 160826 25126 1.5 13 8 4 8 71%  62 2580 85 86%
c -  1.98 32 14 18 40 5606 2 166306 25568 1.5 13 8 4 8 70%  62 2580 85 86%
c -  2.15 34 14 18 41 6632 2 172631 25632 1.5 13 9 4 8 70%  62 2580 85 86%
c o  2.24 34 14 18 41 7155 2 176488 28754 1.5 13 9 4 8 70%  62 2580 85 86%
c -  2.31 34 14 18 42 7557 2 179034 26089 1.5 13 9 4 9 70%  62 2580 85 86%
c }  2.41 34 14 19 42 8460 2 183171 29401 1.5 13 9 4 9 70%  62 2580 85 86%
c [  2.41 34 15 19 42 8460 1 183171 29401 1.5 16 10 5 11 74%  62 2580 85 86%
c B  2.41 34 15 19 42 8460 1 183171 29401 1.5 16 10 5 11 74%  62 2580 85 86%
c u  2.44 34 15 19 42 8461 1 184639 30606 1.5 16 10 5 11 74%  62 2580 85 86%
c v  2.46 35 15 19 42 8461 1 184639 30204 1.5 16 10 5 11 74%  63 2580 85 86%
c w  2.47 35 15 19 42 8461 1 184639 30148 1.5 16 10 5 11 74%  63 2580 85 86%
c x  2.48 35 15 19 42 8461 1 184639 30138 1.5 16 10 5 11 74%  63 2449 85 86%
c
c seconds   switched    rate          size/glue  tier1    binary     remaining
c        MB   reductions  conflicts         size   tier2    irredundant
c         level    restarts      redundant     glue    trail     variables
c
c t  2.48 35 15 19 42 8461 1 184639 30138 1.5 16 10 5 11 74%  62 2449 85 86%
c -  2.49 35 15 19 43 8462 1 185515 26668 1.5 16 10 5 11 74%  62 2449 85 86%
c -  2.57 35 15 19 44 8466 1 192072 27438 1.5 15 10 4 11 75%  62 2449 85 86%
c -  2.65 35 14 19 45 8469 1 198705 28717 1.5 15 10 4 11 75%  62 2449 85 86%
c -  2.73 35 14 19 46 8473 1 205414 28769 1.5 15 10 4 10 75%  63 2449 85 86%
c -  2.81 35 14 19 47 8474 1 212196 29877 1.6 15 10 4 10 76%  63 2449 85 86%
c W  2.84 35 14 19 47 8474 1 214621 31964 1.6 15 10 4 10 76%  63 2449 85 86%
c -  2.89 35 14 19 48 8477 1 219051 30095 1.6 15 10 4 10 76%  63 2449 85 86%
c s  2.91 35 14 19 48 8478 1 220719 31487 1.6 15 10 4 10 76%  63 2400 85 86%
c e  2.91 36 14 19 48 8478 1 220719 31487 1.6 15 10 4 10 76%  47 2493 74 75%
c ^  2.92 36 14 19 48 8478 1 220719 31487 1.6 15 10 4 10 76%  47 2493 74 75%
c -  2.95 36 14 19 49 8481 1 225979 13213 1.6 15 10 4 10 76%  47 2493 74 75%
c u  3.00 36 14 19 49 8484 1 231283 17453 1.6 15 10 4 10 76%  47 2493 74 75%
c v  3.01 36 14 19 49 8484 1 231283 17183 1.6 15 10 4 10 76%  48 2493 74 75%
c w  3.02 36 14 19 49 8484 1 231283 16522 1.6 15 10 4 10 76%  48 2493 74 75%
c x  3.03 36 14 19 49 8484 1 231283 16520 1.6 15 10 4 10 76%  48 2462 74 75%
c t  3.03 36 14 19 49 8484 1 231283 16520 1.6 15 10 4 10 76%  47 2462 74 75%
c -  3.04 36 14 19 50 8485 1 232979 16084 1.6 15 10 4 10 76%  47 2462 74 75%
c -  3.09 36 14 19 51 8488 1 240051 18271 1.6 15 10 4 10 76%  47 2462 74 75%
c ]  3.14 36 14 20 51 8489 1 245307 22601 1.6 15 10 4 10 76%  47 2462 74 75%
c
c seconds   switched    rate          size/glue tier1   binary     remaining
c        MB   reductions  conflicts         size  tier2   irredundant
c         level    restarts      redundant    glue   trail     variables
c
c {  3.14 36 14 20 51 8489 2 245307 22601 1.5 13 9 4 9 70%  47 2462 74 75%
c o  3.14 36 14 20 51 8493 2 245325 22617 1.5 13 9 4 9 70%  47 2462 74 75%
c -  3.16 36 14 20 52 8568 2 247193 19701 1.5 13 9 4 9 71%  47 2462 74 75%
c -  3.25 36 14 20 53 8825 2 254405 21942 1.5 13 9 4 9 71%  47 2462 74 75%
c -  3.34 36 13 20 54 9173 2 261685 23896 1.5 13 9 4 9 71%  47 2462 74 75%
c -  3.43 36 13 20 55 9288 2 269033 25035 1.5 13 9 4 9 72%  47 2462 74 75%
c }  3.47 36 13 21 55 9340 2 272048 27085 1.5 13 9 4 9 72%  48 2462 74 75%
c [  3.47 36 14 21 55 9340 1 272048 27085 1.6 15 10 4 10 76%  48 2462 74 75%
c I  3.47 36 14 21 55 9340 1 272048 27085 1.6 15 10 4 10 76%  48 2462 74 75%
c -  3.51 38 14 21 56 9343 1 276449 25767 1.6 15 10 4 10 76%  49 2462 74 75%
c u  3.61 38 14 21 56 9346 1 283518 30832 1.6 15 9 4 10 76%  50 2462 74 75%
c v  3.62 39 14 21 56 9346 1 283518 30139 1.6 15 9 4 10 76%  50 2462 74 75%
c w  3.63 39 14 21 56 9346 1 283518 29958 1.6 15 9 4 10 76%  50 2462 74 75%
c x  3.64 39 14 21 56 9346 1 283518 29957 1.6 15 9 4 10 76%  50 2446 74 75%
c -  3.65 39 14 21 57 9346 1 283933 25492 1.6 15 9 4 10 76%  50 2446 74 75%
c -  3.73 39 13 21 58 9352 1 291483 26519 1.6 15 9 4 10 76%  50 2446 74 75%
c ]  3.82 39 13 22 58 9354 1 298612 31974 1.6 14 9 4 10 76%  51 2446 74 75%
c {  3.82 39 13 22 58 9354 2 298612 31974 1.5 13 9 4 9 72%  51 2446 74 75%
c -  3.83 39 13 22 59 9354 2 299098 28081 1.5 13 9 4 8 72%  51 2446 74 75%
c -  3.91 39 13 22 60 9360 2 306779 29613 1.5 13 8 4 8 72%  52 2446 74 75%
c
c seconds   switched    rate          size/glue tier1   binary     remaining
c        MB   reductions  conflicts         size  tier2   irredundant
c         level    restarts      redundant    glue   trail     variables
c
c -  4.01 39 12 22 61 9360 2 314525 30230 1.5 13 8 4 8 72%  59 2446 74 75%
c i  4.01 39 12 22 61 9360 2 314709 30324 1.5 13 8 4 8 72%  65 2446 71 72%
c -  4.10 39 12 22 62 9360 2 322335 18046 1.6 13 8 3 8 72%  41 2446 71 72%
c o  4.11 39 12 22 62 9361 2 322664 18311 1.6 13 8 3 8 72%  41 2446 71 72%
c }  4.20 39 11 23 62 9393 2 330129 24296 1.6 12 8 3 8 73%  43 2446 71 72%
c [  4.20 39 13 23 62 9393 1 330129 24296 1.6 14 9 4 10 76%  43 2446 71 72%
c B  4.20 39 13 23 62 9393 1 330129 24296 1.6 14 9 4 10 76%  43 2446 71 72%
c -  4.21 39 13 23 63 9393 1 330211 22555 1.6 14 9 4 10 76%  43 2446 71 72%
c i  4.26 39 13 23 63 9396 1 334309 25431 1.6 14 9 4 10 76%  48 2446 70 71%
c -  4.30 39 13 23 64 9398 1 338148 20678 1.6 14 9 4 10 76%  41 2446 70 71%
c s  4.33 39 13 23 64 9399 1 340343 22187 1.6 14 9 4 10 76%  43 1847 70 71%
c e  4.33 39 13 23 64 9399 1 340343 22187 1.6 14 9 4 10 76%  36 1930 64 65%
c s  4.33 39 13 23 64 9399 1 340343 22187 1.6 14 9 4 10 76%  39 1858 64 65%
c e  4.33 39 13 23 64 9399 1 340343 22187 1.6 14 9 4 10 76%  46 1866 63 64%
c !  4.33 39 13 23 64 9399 1 340343 22187 1.6 14 9 4 10 76%  46 1866 63 64%
c u  4.35 39 13 23 64 9399 1 341462 8799 1.6 14 9 4 10 76%  50 1864 63 64%
c v  4.37 39 13 23 64 9399 1 341462 8414 1.6 14 9 4 10 76%  49 1864 63 64%
c w  4.37 39 13 23 64 9399 1 341462 8168 1.6 14 9 4 10 76%  49 1864 63 64%
c x  4.38 39 13 23 64 9399 1 341462 8158 1.6 14 9 4 10 76%  55 1736 63 64%
c t  4.38 39 13 23 64 9399 1 341462 8158 1.6 14 9 4 10 76%  49 1736 63 64%
c
c seconds   switched    rate          size/glue tier1    binary     remaining
c        MB   reductions  conflicts         size  tier2    irredundant
c         level    restarts      redundant    glue    trail     variables
c
c -  4.41 39 13 23 65 9402 1 346148 10428 1.6 14 9 4 10 76%  50 1736 63 64%
c i  4.43 39 13 23 65 9405 1 348886 12378 1.6 14 9 4 10 76%  55 1736 59 60%
c i  4.44 39 13 23 65 9405 1 350061 13094 1.6 14 9 4 10 75%  65 1736 58 59%
c i  4.45 39 13 23 65 9405 1 350843 13617 1.6 14 9 4 10 75%  72 1736 57 58%
c i  4.45 39 13 23 65 9405 1 350877 13633 1.6 14 9 4 10 75%  75 1736 55 56%
c i  4.45 39 13 23 65 9406 1 350995 13722 1.6 14 9 4 10 75%  78 1736 50 51%
c i  4.45 39 13 23 65 9406 1 351038 13735 1.6 14 9 4 10 75%  83 1736 42 42%
c ]  4.45 39 13 23 65 9406 1 351040 13735 1.6 14 9 4 10 75%  83 1736 33 33%
c 0  4.45 39 11 23 65 9406 2 351040 13735 1.6 12 8 3 8 73%  83 1736 33 33%
c
c ---- [ result ] ------------------------------------------------------------
c
s UNSATISFIABLE
c
c ---- [ profiling ] ---------------------------------------------------------
c
c           4.03   90.70 %  search
c           2.07   46.58 %  focused
c           1.96   44.12 %  stable
c           0.40    8.93 %  simplify
c           0.37    8.22 %  probe
c           0.30    6.82 %  vivify
c           0.09    2.13 %  reduce
c           0.04    0.89 %  eliminate
c           0.04    0.84 %  sweep
c           0.02    0.49 %  subsume
c           0.01    0.33 %  preprocess
c           0.01    0.30 %  substitute
c           0.01    0.21 %  factor
c           0.01    0.15 %  walking
c           0.00    0.03 %  congruence
c           0.00    0.03 %  parse
c           0.00    0.01 %  transitive
c           0.00    0.01 %  lucky
c           0.00    0.00 %  backbone
c =============================================
c           4.45  100.00 %  total
c
c ---- [ statistics ] --------------------------------------------------------
c
c conflicts:                           351040            78918.41 per second
c decisions:                           504674                1.44 per conflict
c eliminated:                              95               96 %  variables
c factored:                                63               64 %  variables
c iterations:                               9                9 %  variables
c propagations:                       5660357          1272523    per second
c reductions:                              65             5401    interval
c reordered:                                8            43880    interval
c rephased:                                16            21940    interval
c restarts:                              9406               37    interval
c strengthened:                           647                0 %  checks
c subsumed:                              1065                0 %  checks
c switched:                                23            15263    interval
c vivified:                              9635               48 %  checks
c walks:                                    5            70208    interval
c
c ---- [ glue usage ] --------------------------------------------------------
c
c focused glue 3   used 139478 clauses 19.01% accumulated 51.85% tier1
c focused glue 4   used 102207 clauses 13.93% accumulated 65.78%
c focused glue 5-6 used 121236 clauses 16.52% accumulated 82.30%
c focused glue 7   used  41010 clauses  5.59% accumulated 87.89%
c focused glue 8   used  30496 clauses  4.16% accumulated 92.04% tier2
c
c stable glue 4   used 140564 clauses 12.78% accumulated 57.29% tier1
c stable glue 5   used 101859 clauses  9.26% accumulated 66.55%
c stable glue 6-8 used 204205 clauses 18.57% accumulated 85.12%
c stable glue 9   used  46169 clauses  4.20% accumulated 89.32%
c stable glue 10  used  36038 clauses  3.28% accumulated 92.59% tier2
c
c ---- [ resources ] ---------------------------------------------------------
c
c maximum-resident-set-size:      41792045056 bytes      39856 MB
c process-time:                             4s               4.45 seconds
c
c ---- [ shutting down ] -----------------------------------------------------
c
c exit 20
