c ---- [ banner ] ------------------------------------------------------------
c
c Kissat SAT Solver
c 
c Copyright (c) 2021-2024 Armin Biere University of Freiburg
c Copyright (c) 2019-2021 Armin Biere Johannes Kepler University Linz
c 
c Version 4.0.4 8af8e56f174b778aef3aa45af9f739b2a5f492c2
c Apple clang version 17.0.0 (clang-1700.6.3.2) -W -Wall -O3 -DNDEBUG
c Mon Mar 30 18:25:47 CEST 2026 Darwin Mac 24.6.0 arm64
c
c ---- [ parsing ] -----------------------------------------------------------
c
c opened and reading DIMACS file:
c
c   tmp.cnf
c
c parsed 'p cnf 120 20878' header
c closing input after reading 515267 bytes (503 KB)
c finished parsing after 0.00 seconds
c
c ---- [ solving ] -----------------------------------------------------------
c
c seconds switched rate     size/glue tier1 binary       remaining
c        MB reductions conflicts size  tier2   irredundant
c         level restarts redundant glue  trail       variables
c
c *  0.00  5 0 0 0  0 0   0   0 0.0 0 0 0 0 0%   0 20878 111 100%
c (  0.00  6 0 0 0  0 0   0   0 0.0 0 0 0 0 0%   0 20878 111 100%
c .  0.00  6 0 0 0  0 0   0   0 0.0 0 0 0 0 0%   0 20878 111 100%
c f  0.05  6 0 0 0  0 0   0   0 0.0 0 0 0 0 0% 172 13565 197 177%
c )  0.05  6 0 0 0  0 0   0   0 0.0 0 0 0 0 0% 172 13565 197 177%
c {  0.05  6 0 0 0  0 0   0   0 0.0 0 0 2 6 0% 172 13565 197 177%
c -  0.05  7 27 0 1 52 2 1000 625 1.4 16 12 8 17 53% 172 13565 197 177%
c }  0.05  7 27 1 1 52 2 1000 625 1.4 16 12 8 17 53% 172 13565 197 177%
c [  0.05  7 0 1 1 52 0 1000 625 0.0 0 0 2 6 0% 172 13565 197 177%
c B  0.05  7 35 1 1 52 26 1001 626 2.0 10 5 2 6 46% 172 13565 197 177%
c -  0.06  7 41 1 2 52 1 2000 1503 1.6 17 11 8 13 70% 172 13565 197 177%
c W  0.06  7 41 1 2 52 1 2003 1506 1.6 17 11 8 13 70% 172 13565 197 177%
c ]  0.06  7 41 2 2 52 1 2004 1507 1.6 17 11 8 13 70% 172 13565 197 177%
c {  0.06  7 27 2 2 52 2 2004 1507 1.4 16 12 8 17 53% 172 13565 197 177%
c u  0.07  7 23 2 2 74 2 2835 2262 1.5 17 11 8 15 54% 172 13565 197 177%
c v  0.07  7 23 2 2 74 2 2835 2220 1.5 17 11 8 15 54% 172 13565 197 177%
c w  0.07  7 23 2 2 74 2 2835 2218 1.5 17 11 8 15 54% 172 13565 197 177%
c }  0.08  7 23 3 2 80 2 3004 2373 1.5 17 11 8 15 55% 172 13565 197 177%
c [  0.08  7 41 3 2 80 1 3004 2373 1.6 17 11 8 13 70% 172 13565 197 177%
c -  0.08  7 36 3 3 80 1 3414 2412 1.5 17 11 8 13 68% 172 13565 197 177%
c
c seconds  switched rate       size/glue  tier1    binary       remaining
c        MB reductions conflicts     size   tier2     irredundant
c         level restarts  redundant     glue    trail       variables
c
c ]  0.08  7 31 4 3 81 1 4219 3098 1.4 17 12 8 13 64% 172 13565 197 177%
c {  0.08  7 23 4 3 81 2 4219 3098 1.5 17 11 8 15 55% 172 13565 197 177%
c -  0.09  8 22 4 4 103 2 5146 3191 1.5 16 11 7 14 55% 172 13565 197 177%
c }  0.10  8 22 5 4 148 2 6571 4416 1.5 16 11 7 14 56% 172 13565 197 177%
c [  0.10  8 31 5 4 148 1 6571 4416 1.4 17 12 8 13 64% 172 13565 197 177%
c I  0.10  8 31 5 4 148 1 6571 4416 1.4 17 12 8 13 64% 172 13565 197 177%
c -  0.10  8 28 5 5 148 1 7146 4217 1.5 17 12 8 15 63% 172 13565 197 177%
c u  0.12  8 24 5 5 150 1 8731 5579 1.5 17 11 8 15 59% 172 13565 197 177%
c v  0.12  8 24 5 5 150 1 8731 5572 1.5 17 11 8 15 59% 172 13565 197 177%
c w  0.12  8 24 5 5 150 1 8731 5569 1.5 17 11 8 15 59% 172 13565 197 177%
c -  0.14  9 23 5 6 150 1 9382 5155 1.5 17 11 7 14 58% 172 13565 197 177%
c ]  0.14  9 23 6 6 150 1 10167 5862 1.5 17 11 7 14 57% 172 13565 197 177%
c {  0.14  9 22 6 6 150 2 10167 5862 1.5 16 11 7 14 56% 172 13565 197 177%
c o  0.14  9 22 6 6 153 2 10382 6076 1.5 16 10 7 14 57% 172 13565 197 177%
c -  0.15  9 20 6 7 153 2 11831 6027 1.6 16 10 6 12 59% 172 13565 197 177%
c s  0.18  9 19 6 7 157 2 14172 8199 1.8 17 9 6 12 61% 172 13558 197 177%
c e  0.18  9 19 6 7 157 2 14172 8199 1.8 17 9 6 12 61% 106 9257 129 116%
c ^  0.18  9 19 6 7 157 2 14172 8199 1.8 17 9 6 12 61% 106 9257 129 116%
c }  0.19  9 19 7 7 157 2 14237 3052 1.8 17 9 6 12 61% 106 9257 129 116%
c [  0.19  9 23 7 7 157 1 14237 3052 1.5 17 11 7 14 57% 106 9257 129 116%
c
c seconds  switched  rate        size/glue  tier1    binary      remaining
c        MB reductions conflicts       size   tier2    irredundant
c         level restarts    redundant     glue    trail      variables
c
c B  0.19  9 23 7 7 157 1 14237 3052 1.5 17 11 7 14 57% 106 9257 129 116%
c -  0.19 10 23 7 8 157 1 14476 2651 1.5 18 12 7 14 58% 106 9257 129 116%
c -  0.20 10 24 7 9 159 1 17304 4103 1.4 18 13 8 17 64% 106 9257 129 116%
c u  0.21 10 24 7 9 159 1 17888 4567 1.4 19 13 8 17 64% 106 9257 129 116%
c v  0.21 10 24 7 9 159 1 17888 4539 1.4 19 13 8 17 64% 106 9257 129 116%
c w  0.21 10 24 7 9 159 1 17888 4537 1.4 19 13 8 17 64% 106 9257 129 116%
c x  0.21 10 24 7 9 159 1 17888 4537 1.4 19 13 8 17 64% 106 9257 129 116%
c f  0.21 10 24 7 9 159 1 17888 4537 1.4 19 13 8 17 64% 124 9206 138 124%
c u  0.22 11 24 7 9 159 1 17888 4492 1.4 19 13 8 17 64% 124 9206 138 124%
c v  0.22 11 24 7 9 159 1 17888 4470 1.4 19 13 8 17 64% 124 9206 138 124%
c w  0.22 11 24 7 9 159 1 17888 4466 1.4 19 13 8 17 64% 124 9206 138 124%
c ]  0.23 11 23 8 9 160 1 19399 5766 1.4 19 13 8 17 66% 124 9206 138 124%
c {  0.23 11 19 8 9 160 2 19399 5766 1.8 17 9 6 12 61% 124 9206 138 124%
c -  0.24 11 19 8 10 195 2 20305 5657 1.8 17 9 6 11 61% 124 9206 138 124%
c o  0.24 11 19 8 10 196 2 21002 6290 1.8 17 9 6 11 63% 124 9206 138 124%
c -  0.26 11 18 8 11 241 2 23467 7230 1.7 16 9 6 11 62% 124 9206 138 124%
c }  0.28 11 17 9 11 345 2 25558 8986 1.7 15 9 6 11 62% 124 9206 138 124%
c [  0.28 11 23 9 11 345 1 25558 8986 1.4 19 13 8 17 66% 124 9206 138 124%
c W  0.28 12 23 9 11 345 1 25558 8986 1.4 19 13 8 17 66% 124 9206 138 124%
c -  0.29 12 23 9 12 346 1 26784 8357 1.4 19 13 8 17 67% 124 9206 138 124%
c
c seconds  switched   rate         size/glue  tier1    binary      remaining
c        MB  reductions conflicts        size   tier2    irredundant
c         level  restarts     redundant     glue    trail      variables
c
c s  0.31 12 24 9 12 347 1 29051 10306 1.4 19 14 8 17 68% 124 9165 138 124%
c e  0.31 13 24 9 12 347 1 29051 10306 1.4 19 14 8 17 68% 117 9176 134 121%
c ^  0.32 13 24 9 12 347 1 29051 10306 1.4 19 14 8 17 68% 117 9176 134 121%
c -  0.33 13 24 9 13 348 1 30248 8917 1.4 20 14 8 18 69% 117 9176 134 121%
c u  0.34 15 24 9 13 349 1 31137 9638 1.4 20 14 8 18 70% 117 9176 134 121%
c v  0.35 15 24 9 13 349 1 31137 9631 1.4 20 14 8 18 70% 117 9176 134 121%
c w  0.35 15 24 9 13 349 1 31137 9629 1.4 20 14 8 18 70% 117 9176 134 121%
c ]  0.37 15 24 10 13 350 1 32238 10570 1.4 20 15 8 18 70% 117 9176 134 121%
c {  0.37 15 17 10 13 350 2 32238 10570 1.7 15 9 6 11 62% 117 9176 134 121%
c -  0.39 15 17 10 14 402 2 33853 9052 1.7 15 9 5 11 62% 117 9176 134 121%
c -  0.43 16 17 10 15 830 2 37594 10267 1.7 15 9 5 10 63% 117 9176 134 121%
c }  0.47 16 17 11 15 981 2 40866 13159 1.7 15 9 5 10 65% 117 9176 134 121%
c [  0.47 16 24 11 15 981 1 40866 13159 1.4 20 15 8 18 70% 117 9176 134 121%
c O  0.47 16 24 11 15 981 1 40866 13159 1.4 20 15 8 18 70% 117 9176 134 121%
c -  0.47 16 24 11 16 981 1 41468 11483 1.4 20 15 8 18 70% 117 9176 134 121%
c -  0.51 16 23 11 17 984 1 45468 11823 1.4 20 15 8 17 69% 117 9176 134 121%
c u  0.54 17 23 11 17 986 1 48207 13923 1.3 20 15 8 17 68% 117 9176 134 121%
c v  0.54 17 23 11 17 986 1 48207 13882 1.3 20 15 8 17 68% 117 9176 134 121%
c w  0.54 17 23 11 17 986 1 48207 13873 1.3 20 15 8 17 68% 117 9176 134 121%
c x  0.55 17 23 11 17 986 1 48207 13873 1.3 20 15 8 17 68% 117 9176 134 121%
c
c seconds   switched   rate         size/glue  tier1    binary      remaining
c        MB   reductions conflicts        size   tier2    irredundant
c         level   restarts     redundant     glue    trail      variables
c
c o  0.55 17 23 11 17 986 1 48207 13873 1.3 20 15 8 17 68% 117 9176 134 121%
c -  0.56 17 23 11 18 987 1 49592 12012 1.3 20 15 8 17 68% 117 9176 134 121%
c B  0.57 17 23 11 18 987 1 50627 12853 1.3 20 15 8 17 68% 117 9176 134 121%
c ]  0.58 17 23 12 18 987 1 51839 13996 1.3 20 15 8 17 68% 117 9176 134 121%
c {  0.58 17 17 12 18 987 2 51839 13996 1.7 15 9 5 10 65% 117 9176 134 121%
c -  0.60 18 17 12 19 1068 2 53834 12618 1.7 15 9 5 10 65% 117 9176 134 121%
c -  0.67 19 17 12 20 1477 2 58193 13910 1.7 15 9 5 10 65% 117 9176 134 121%
c s  0.72 19 17 12 20 1672 2 61340 16591 1.7 15 9 5 10 65% 117 8831 134 121%
c e  0.72 19 17 12 20 1672 2 61340 16591 1.7 15 9 5 10 65% 103 8839 126 114%
c s  0.73 19 17 12 20 1672 2 61340 16591 1.7 15 9 5 10 65% 103 8838 126 114%
c ^  0.73 19 17 12 20 1672 2 61340 16591 1.7 15 9 5 10 65% 103 8838 126 114%
c -  0.75 19 17 12 21 1933 2 62667 13895 1.7 15 9 5 10 65% 103 8838 126 114%
c }  0.76 19 17 13 21 1976 2 63319 14436 1.7 15 9 5 10 65% 103 8838 126 114%
c [  0.76 19 23 13 21 1976 1 63319 14436 1.3 20 15 8 17 68% 103 8838 126 114%
c W  0.76 19 23 13 21 1976 1 63319 14436 1.3 20 15 8 17 68% 103 8838 126 114%
c -  0.80 19 24 13 22 1978 1 67250 14474 1.3 20 15 8 18 69% 103 8838 126 114%
c u  0.82 19 24 13 22 1980 1 69207 16101 1.3 20 16 8 18 69% 103 8838 126 114%
c v  0.83 20 24 13 22 1980 1 69207 16077 1.3 20 16 8 18 69% 103 8838 126 114%
c w  0.83 20 24 13 22 1980 1 69207 16075 1.3 20 16 8 18 69% 103 8838 126 114%
c -  0.87 20 24 13 23 1982 1 71940 14280 1.3 20 16 8 18 69% 103 8838 126 114%
c
c seconds   switched    rate         size/glue  tier1    binary      remaining
c        MB   reductions  conflicts        size   tier2    irredundant
c         level    restarts     redundant     glue    trail      variables
c
c -  0.91 20 23 13 24 1983 1 76735 15371 1.3 20 15 8 18 69% 103 8838 126 114%
c I  0.93 20 23 13 24 1985 1 78223 16586 1.3 20 15 8 18 69% 103 8838 126 114%
c o  0.93 20 23 13 24 1985 1 78223 16586 1.3 20 15 8 18 69% 103 8838 126 114%
c ]  0.96 20 23 14 24 1987 1 81608 19609 1.3 20 15 8 18 69% 103 8838 126 114%
c {  0.96 20 17 14 24 1987 2 81608 19609 1.7 15 9 5 10 65% 103 8838 126 114%
c -  0.96 20 17 14 25 1991 2 81634 17413 1.7 15 9 5 10 65% 103 8838 126 114%
c -  1.03 20 17 14 26 2372 2 86635 18857 1.6 15 9 5 10 64% 103 8838 126 114%
c -  1.11 20 16 14 27 2654 2 91736 19686 1.6 14 9 5 10 65% 103 8838 126 114%
c u  1.16 21 16 14 27 2849 2 94420 21936 1.6 14 9 5 10 64% 103 8838 126 114%
c v  1.17 21 16 14 27 2849 2 94420 21841 1.6 14 9 5 10 64% 103 8838 126 114%
c w  1.17 21 16 14 27 2849 2 94420 21834 1.6 14 9 5 10 64% 103 8838 126 114%
c x  1.18 21 16 14 27 2849 2 94420 21831 1.6 14 9 5 10 64% 103 8835 126 114%
c }  1.21 21 16 15 27 2981 2 96323 23480 1.6 14 9 5 10 64% 103 8835 126 114%
c [  1.21 21 23 15 27 2981 1 96323 23480 1.3 20 15 8 18 69% 103 8835 126 114%
c B  1.21 21 23 15 27 2981 1 96323 23480 1.3 20 15 8 18 69% 103 8835 126 114%
c -  1.22 22 23 15 28 2981 1 96932 20509 1.3 20 15 7 17 70% 103 8835 126 114%
c -  1.27 22 23 15 29 2985 1 102223 20906 1.3 20 15 7 17 70% 103 8835 126 114%
c -  1.33 22 22 15 30 2987 1 107608 20967 1.3 20 15 7 17 70% 103 8835 126 114%
c -  1.40 22 22 15 31 2991 1 113087 22224 1.4 20 15 7 17 70% 103 8835 126 114%
c s  1.40 22 22 15 31 2991 1 113621 22689 1.4 20 15 7 17 70% 103 8618 126 114%
c
c seconds   switched    rate          size/glue  tier1    binary      remaining
c        MB   reductions  conflicts         size   tier2    irredundant
c         level    restarts      redundant     glue    trail      variables
c
c e  1.41 22 22 15 31 2991 1 113621 22689 1.4 20 15 7 17 70%  81 8675 115 104%
c ^  1.41 22 22 15 31 2991 1 113621 22689 1.4 20 15 7 17 70%  81 8675 115 104%
c W  1.45 22 22 15 31 2994 1 117237 21172 1.4 20 15 7 17 70%  81 8675 115 104%
c -  1.47 22 22 15 32 2994 1 118654 19143 1.4 20 15 7 17 70%  81 8675 115 104%
c ]  1.47 22 22 16 32 2994 1 119066 19469 1.4 20 15 7 17 70%  81 8675 115 104%
c {  1.47 22 16 16 32 2994 2 119066 19469 1.6 14 9 5 10 64%  81 8675 115 104%
c o  1.47 22 16 16 32 3013 2 119148 19544 1.6 14 9 5 10 64%  81 8675 115 104%
c u  1.56 25 16 16 32 3435 2 123886 23724 1.6 14 9 5 10 64%  81 8675 115 104%
c v  1.57 25 16 16 32 3435 2 123886 23706 1.6 14 9 5 10 64%  81 8675 115 104%
c w  1.57 25 16 16 32 3435 2 123886 23692 1.6 14 9 5 10 64%  81 8675 115 104%
c x  1.58 25 16 16 32 3435 2 123886 23692 1.6 14 9 5 10 64%  81 8672 115 104%
c -  1.60 25 16 16 33 3487 2 124314 19143 1.6 14 9 4 10 64%  81 8672 115 104%
c -  1.68 25 16 16 34 3855 2 130058 20187 1.6 14 9 4 10 65%  81 8672 115 104%
c -  1.78 25 16 16 35 4507 2 135891 20812 1.6 14 9 4 10 64%  81 8672 115 104%
c }  1.81 25 16 17 35 4617 2 137403 22163 1.6 14 9 4 10 65%  81 8672 115 104%
c [  1.81 25 22 17 35 4617 1 137403 22163 1.4 20 15 7 17 70%  81 8672 115 104%
c O  1.85 25 22 17 35 4619 1 141464 25471 1.4 20 15 7 17 70%  81 8672 115 104%
c -  1.85 25 21 17 36 4620 1 141810 21346 1.4 20 15 7 17 70%  81 8672 115 104%
c -  1.92 25 21 17 37 4623 1 147811 21315 1.4 20 14 7 16 69%  81 8672 115 104%
c -  1.98 25 20 17 38 4626 1 153894 21328 1.4 19 14 7 16 68%  81 8672 115 104%
c
c seconds   switched    rate          size/glue  tier1    binary      remaining
c        MB   reductions  conflicts         size   tier2    irredundant
c         level    restarts      redundant     glue    trail      variables
c
c u  2.04 25 20 17 38 4629 1 157791 24462 1.4 19 14 7 16 68%  81 8672 115 104%
c v  2.04 25 20 17 38 4629 1 157791 24408 1.4 19 14 7 16 68%  81 8672 115 104%
c w  2.05 25 20 17 38 4629 1 157791 20386 1.4 19 14 7 16 68%  81 8672 115 104%
c x  2.06 25 20 17 38 4629 1 157791 20380 1.4 19 14 7 16 68%  81 8656 115 104%
c -  2.08 25 20 17 39 4630 1 160059 18799 1.4 19 14 7 16 68%  81 8656 115 104%
c -  2.14 25 20 17 40 4631 1 166303 20009 1.4 19 14 7 16 68%  81 8656 115 104%
c ]  2.15 25 20 18 40 4631 1 166741 20357 1.4 19 14 7 16 68%  81 8656 115 104%
c {  2.15 25 16 18 40 4631 2 166741 20357 1.6 14 9 4 10 65%  81 8656 115 104%
c o  2.20 25 16 18 40 4748 2 170387 23264 1.6 14 9 4 10 64%  81 8656 115 104%
c -  2.24 25 16 18 41 4990 2 172627 21658 1.6 14 9 4 10 64%  81 8656 115 104%
c -  2.35 25 16 18 42 5401 2 179030 23053 1.6 14 9 4 10 63%  81 8656 115 104%
c -  2.46 25 15 18 43 5646 2 185511 23560 1.6 14 9 4 10 63%  81 8656 115 104%
c s  2.50 25 15 18 43 5673 2 188124 25437 1.6 14 9 4 10 62%  81 8114 115 104%
c e  2.50 26 15 18 43 5673 2 188124 25437 1.6 14 9 4 10 62%  74 8145 111 100%
c ^  2.50 26 15 18 43 5673 2 188124 25437 1.6 14 9 4 10 62%  74 8145 111 100%
c }  2.52 26 15 19 43 5792 2 189086 24807 1.5 14 9 4 10 62%  74 8145 111 100%
c [  2.52 26 20 19 43 5792 1 189086 24807 1.4 19 14 7 16 68%  74 8145 111 100%
c B  2.52 26 20 19 43 5792 1 189086 24807 1.4 19 14 7 16 68%  74 8145 111 100%
c -  2.54 26 20 19 44 5794 1 192070 22546 1.4 19 14 7 16 67%  74 8145 111 100%
c u  2.59 26 20 19 44 5797 1 196181 25591 1.4 19 14 7 16 67%  74 8145 111 100%
c
c seconds   switched    rate          size/glue  tier1    binary      remaining
c        MB   reductions  conflicts         size   tier2    irredundant
c         level    restarts      redundant     glue    trail      variables
c
c v  2.60 26 20 19 44 5797 1 196181 25486 1.4 19 14 7 16 67%  74 8145 111 100%
c w  2.61 26 20 19 44 5797 1 196181 25474 1.4 19 14 7 16 67%  74 8145 111 100%
c x  2.62 26 20 19 44 5797 1 196181 25466 1.4 19 14 7 16 67%  74 8098 111 100%
c -  2.65 26 20 19 45 5798 1 198703 22186 1.4 19 14 7 16 67%  74 8098 111 100%
c -  2.71 26 20 19 46 5801 1 205412 21844 1.3 19 14 7 16 66%  74 8098 111 100%
c -  2.78 26 19 19 47 5805 1 212194 22213 1.3 19 14 7 15 66%  74 8098 111 100%
c -  2.85 26 19 19 48 5806 1 219051 22886 1.3 18 14 7 15 65%  74 8098 111 100%
c W  2.87 26 19 19 48 5806 1 220537 23852 1.3 18 14 7 15 65%  74 8098 111 100%
c -  2.92 26 19 19 49 5809 1 225981 23461 1.3 18 14 7 15 65%  74 8098 111 100%
c -  3.00 28 19 19 50 5813 1 232981 23764 1.3 18 14 7 15 65%  74 8098 111 100%
c ]  3.01 28 19 20 50 5813 1 234424 24912 1.3 18 14 7 15 65%  74 8098 111 100%
c {  3.01 28 15 20 50 5813 2 234424 24912 1.5 14 9 4 10 62%  74 8098 111 100%
c o  3.01 28 15 20 50 5814 2 234449 24936 1.5 14 9 4 10 62%  74 8098 111 100%
c u  3.09 29 15 20 50 5984 2 239567 28985 1.6 14 9 4 10 62%  74 8098 111 100%
c v  3.10 29 15 20 50 5984 2 239567 28925 1.6 14 9 4 10 62%  74 8098 111 100%
c w  3.10 30 15 20 50 5984 2 239567 28844 1.6 14 9 4 10 62%  74 8098 111 100%
c x  3.11 30 15 20 50 5984 2 239567 28844 1.6 14 9 4 10 62%  74 8013 111 100%
c -  3.12 30 15 20 51 6003 2 240052 24872 1.6 14 9 4 9 62%  74 8013 111 100%
c -  3.24 30 15 20 52 6381 2 247194 26212 1.6 14 9 4 9 63%  74 8013 111 100%
c -  3.36 30 15 20 53 6787 2 254405 27127 1.6 14 9 4 9 63%  74 8013 111 100%
c
c seconds   switched    rate          size/glue tier1   binary      remaining
c        MB   reductions  conflicts         size  tier2   irredundant
c         level    restarts      redundant    glue   trail      variables
c
c }  3.46 30 15 21 53 7025 2 261163 32915 1.6 14 9 4 9 63%  74 8013 111 100%
c [  3.46 30 19 21 53 7025 1 261163 32915 1.3 18 14 7 15 65%  74 8013 111 100%
c I  3.46 30 19 21 53 7025 1 261163 32915 1.3 18 14 7 15 65%  74 8013 111 100%
c -  3.47 30 19 21 54 7025 1 261686 27993 1.3 18 14 7 15 65%  74 8013 111 100%
c -  3.55 30 19 21 55 7030 1 269035 27916 1.3 18 14 7 15 65%  74 8013 111 100%
c -  3.64 30 19 21 56 7034 1 276451 27705 1.4 18 14 7 15 65%  74 8013 111 100%
c -  3.73 30 19 21 57 7038 1 283937 27931 1.4 18 13 7 15 65%  74 8013 111 100%
c s  3.78 30 19 21 57 7039 1 287609 30973 1.4 18 13 7 15 65%  74 7898 111 100%
c e  3.79 30 19 21 57 7039 1 287609 30973 1.4 18 13 7 15 65%  59 8064 100 90%
c !  3.80 30 19 21 57 7039 1 287609 30973 1.4 18 13 7 15 65%  59 8064 100 90%
c u  3.81 30 19 21 57 7039 1 287723 15781 1.4 18 13 7 15 65%  59 8064 100 90%
c v  3.83 30 19 21 57 7039 1 287723 15625 1.4 18 13 7 15 65%  59 8064 100 90%
c w  3.83 30 19 21 57 7039 1 287723 15607 1.4 18 13 7 15 65%  59 8064 100 90%
c x  3.84 30 19 21 57 7039 1 287723 15603 1.4 18 13 7 15 65%  59 8058 100 90%
c f  3.84 30 19 21 57 7039 1 287723 15603 1.4 18 13 7 15 65%  60 8040 101 91%
c u  3.86 32 19 21 57 7039 1 287723 15284 1.4 18 13 7 15 65%  60 8040 101 91%
c v  3.89 32 19 21 57 7039 1 287723 15173 1.4 18 13 7 15 65%  60 8040 101 91%
c w  3.89 32 19 21 57 7039 1 287723 15131 1.4 18 13 7 15 65%  60 8040 101 91%
c -  3.98 33 19 21 58 7039 1 291486 15352 1.4 18 13 7 15 65%  60 8040 101 91%
c ]  4.06 33 19 22 58 7042 1 298500 21391 1.4 18 14 7 15 65%  60 8040 101 91%
c
c seconds   switched    rate          size/glue tier1   binary      remaining
c        MB   reductions  conflicts         size  tier2   irredundant
c         level    restarts      redundant    glue   trail      variables
c
c {  4.06 33 15 22 58 7042 2 298500 21391 1.6 14 9 4 9 63%  60 8040 101 91%
c -  4.07 33 15 22 59 7066 2 299102 18258 1.6 14 9 4 9 63%  60 8040 101 91%
c o  4.14 33 15 22 59 7122 2 305392 23913 1.6 14 9 4 9 64%  60 8040 101 91%
c -  4.16 33 15 22 60 7130 2 306784 21957 1.6 14 9 4 9 64%  60 8040 101 91%
c -  4.25 34 15 22 61 7222 2 314529 24584 1.6 14 9 4 9 65%  60 8040 101 91%
c -  4.35 34 15 22 62 7331 2 322341 26367 1.6 14 9 4 9 66%  61 8040 101 91%
c }  4.45 34 15 23 62 7404 2 330016 33416 1.7 14 8 4 9 67%  61 8040 101 91%
c [  4.45 34 19 23 62 7404 1 330016 33416 1.4 18 14 7 15 65%  61 8040 101 91%
c B  4.45 34 19 23 62 7404 1 330016 33416 1.4 18 14 7 15 65%  61 8040 101 91%
c -  4.45 34 19 23 63 7404 1 330215 27788 1.4 18 14 7 15 65%  61 8040 101 91%
c -  4.53 35 19 23 64 7409 1 338155 26715 1.4 19 14 7 15 66%  61 8040 101 91%
c u  4.57 35 19 23 64 7410 1 340695 28639 1.4 19 14 7 15 66%  61 8040 101 91%
c v  4.59 36 19 23 64 7410 1 340695 28598 1.4 19 14 7 15 66%  61 8040 101 91%
c w  4.59 36 19 23 64 7410 1 340695 28567 1.4 19 14 7 15 66%  61 8040 101 91%
c x  4.60 37 19 23 64 7410 1 340695 28564 1.4 19 14 7 15 66%  61 7992 101 91%
c -  4.66 38 20 23 65 7413 1 346155 24433 1.4 19 14 7 15 67%  61 7992 101 91%
c -  4.75 38 20 23 66 7417 1 354218 24868 1.4 19 14 7 15 67%  61 7992 101 91%
c -  4.84 39 20 23 67 7418 1 362343 24814 1.4 19 14 7 15 68%  61 7992 101 91%
c -  4.93 39 20 23 68 7424 1 370530 24674 1.4 20 14 7 15 68%  61 7992 101 91%
c ]  4.93 39 20 24 68 7424 1 370588 24721 1.4 20 14 7 15 68%  61 7992 101 91%
c
c seconds   switched    rate          size/glue tier1   binary      remaining
c        MB   reductions  conflicts         size  tier2   irredundant
c         level    restarts      redundant    glue   trail      variables
c
c {  4.93 39 15 24 68 7424 2 370588 24721 1.7 14 8 4 9 67%  61 7992 101 91%
c -  5.06 39 15 24 69 8224 2 378776 27562 1.7 14 8 4 9 67%  61 7992 101 91%
c o  5.20 39 15 24 69 9008 2 385727 33590 1.6 14 9 4 9 66%  61 7992 101 91%
c -  5.22 39 15 24 70 9097 2 387082 30040 1.6 14 9 4 9 66%  61 7992 101 91%
c -  5.35 39 15 24 71 9622 2 395449 31816 1.6 14 9 4 9 66%  61 7992 101 91%
c u  5.40 39 14 24 71 9683 2 398602 33964 1.6 14 9 4 9 66%  61 7992 101 91%
c v  5.42 39 14 24 71 9683 2 398602 33511 1.6 14 9 4 9 66%  61 7992 101 91%
c w  5.42 39 14 24 71 9683 2 398602 33413 1.6 14 9 4 9 66%  61 7992 101 91%
c x  5.43 39 14 24 71 9683 2 398602 33411 1.6 14 9 4 9 66%  61 7978 101 91%
c -  5.56 41 15 24 72 10362 2 403875 32464 1.6 14 9 4 9 66%  61 7978 101 91%
c }  5.64 41 15 25 72 10817 2 407266 35402 1.6 14 9 4 9 66%  61 7978 101 91%
c [  5.64 41 20 25 72 10817 1 407266 35402 1.4 20 14 7 15 68%  61 7978 101 91%
c W  5.64 42 20 25 72 10817 1 407266 35402 1.4 20 14 7 15 68%  61 7978 101 91%
c -  5.69 44 20 25 73 10820 1 412360 31926 1.4 20 14 7 15 69%  61 7978 101 91%
c s  5.71 44 20 25 73 10822 1 413507 32907 1.4 20 14 7 15 69%  61 7957 101 91%
c -  5.79 44 20 25 74 10825 1 420904 30723 1.4 20 14 7 15 69%  61 7957 101 91%
c -  5.90 45 20 25 75 10830 1 429507 31569 1.4 19 14 6 15 69%  61 7957 101 91%
c -  6.00 45 20 25 76 10831 1 438167 33873 1.4 19 14 6 15 68%  61 7957 101 91%
c -  6.12 45 19 25 77 10837 1 446884 35235 1.4 19 14 6 15 68%  61 7957 101 91%
c O  6.23 45 19 25 77 10841 1 455430 41955 1.4 19 14 6 15 68%  61 7957 101 91%
c
c seconds   switched     rate          size/glue  tier1    binary      remaining
c        MB   reductions   conflicts         size   tier2    irredundant
c         level    restarts       redundant     glue    trail      variables
c
c -  6.23 45 19 25 78 10841 1 455659 35994 1.4 19 14 6 15 68%  61 7957 101 91%
c u  6.32 46 19 25 78 10845 1 461506 40411 1.4 18 13 6 15 67%  61 7957 101 91%
c v  6.34 50 19 25 78 10845 1 461506 39659 1.4 18 13 6 15 67%  61 7957 101 91%
c w  6.36 50 19 25 78 10845 1 461506 38032 1.4 18 13 6 15 67%  61 7957 101 91%
c -  6.39 50 19 25 79 10845 1 464490 34996 1.4 18 13 6 15 68%  61 7957 101 91%
c ]  6.40 51 19 26 79 10846 1 465564 35909 1.4 18 13 6 15 68%  61 7957 101 91%
c {  6.40 51 15 26 79 10846 2 465564 35909 1.6 14 9 4 9 66%  61 7957 101 91%
c -  6.57 51 15 26 80 11522 2 473378 36197 1.6 14 9 4 9 66%  61 7957 101 91%
c o  6.62 51 15 26 80 11744 2 475734 38250 1.6 14 9 4 9 66%  61 7957 101 91%
c -  6.75 51 15 26 81 12195 2 482323 37992 1.6 14 9 4 9 66%  61 7957 101 91%
c -  6.98 51 15 26 82 13059 2 491324 38974 1.6 14 9 4 9 66%  61 7957 101 91%
c -  7.15 51 15 26 83 13489 2 500381 39861 1.6 14 9 4 9 66%  61 7957 101 91%
c }  7.26 51 14 27 83 13645 2 507782 45627 1.6 14 9 4 9 65%  61 7957 101 91%
c [  7.26 51 19 27 83 13645 1 507782 45627 1.4 18 13 6 15 68%  61 7957 101 91%
c B  7.27 51 19 27 83 13645 1 508219 45958 1.4 18 13 6 15 68%  61 7957 101 91%
c -  7.29 51 19 27 84 13646 1 509492 40246 1.4 18 13 6 15 68%  61 7957 101 91%
c -  7.40 51 19 27 85 13651 1 518659 39708 1.4 19 13 6 15 68%  61 7957 101 91%
c -  7.51 51 19 27 86 13657 1 527878 38626 1.4 19 13 6 15 68%  61 7957 101 91%
c u  7.56 51 19 27 86 13658 1 529483 39643 1.4 19 13 6 15 68%  61 7957 101 91%
c v  7.58 51 19 27 86 13658 1 529483 39514 1.4 19 13 6 15 68%  61 7957 101 91%
c
c seconds   switched     rate          size/glue  tier1    binary      remaining
c        MB   reductions   conflicts         size   tier2    irredundant
c         level    restarts       redundant     glue    trail      variables
c
c w  7.60 52 19 27 86 13658 1 529483 39453 1.4 19 13 6 15 68%  61 7957 101 91%
c x  7.61 52 19 27 86 13658 1 529483 39451 1.4 19 13 6 15 68%  61 7878 101 91%
c -  7.72 52 19 27 87 13659 1 537151 38826 1.4 19 13 6 15 69%  61 7878 101 91%
c -  7.85 52 19 27 88 13664 1 546478 39571 1.4 19 14 6 15 69%  61 7878 101 91%
c -  7.97 52 19 27 89 13669 1 555858 39820 1.4 19 14 6 15 69%  61 7878 101 91%
c -  8.09 52 19 27 90 13673 1 565292 39969 1.4 19 14 6 15 68%  61 7878 101 91%
c W  8.10 53 19 27 90 13674 1 565804 40387 1.4 19 14 6 15 68%  61 7878 101 91%
c s  8.13 54 19 27 90 13674 1 567754 41879 1.4 19 14 6 15 68%  61 7842 101 91%
c -  8.23 55 18 27 91 13675 1 574778 40356 1.4 18 13 6 14 68%  61 7842 101 91%
c ]  8.26 55 18 28 91 13675 1 577041 42058 1.4 18 13 6 14 68%  61 7842 101 91%
c {  8.26 55 14 28 91 13675 2 577041 42058 1.6 14 9 4 9 65%  61 7842 101 91%
c o  8.26 55 14 28 91 13709 2 577208 42187 1.6 14 9 4 9 65%  61 7842 101 91%
c -  8.44 55 15 28 92 14368 2 584317 41543 1.6 14 9 4 9 65%  61 7842 101 91%
c -  8.65 55 14 28 93 15173 2 593908 38202 1.5 14 9 3 9 65%  61 7842 101 91%
c u  8.83 55 14 28 93 15572 2 602697 45120 1.5 14 9 3 9 65%  63 7842 101 91%
c v  8.85 56 14 28 93 15572 2 602697 44961 1.5 14 9 3 9 65%  63 7842 101 91%
c w  8.86 56 14 28 93 15572 2 602697 44903 1.5 14 9 3 9 65%  63 7842 101 91%
c x  8.88 56 14 28 93 15572 2 602697 44900 1.5 14 9 3 9 65%  63 7821 101 91%
c t  8.88 56 14 28 93 15572 2 602697 44900 1.5 14 9 3 9 65%  62 7821 101 91%
c -  8.91 56 14 28 94 15687 2 603553 36570 1.5 14 9 3 9 65%  62 7821 101 91%
c
c seconds   switched     rate          size/glue tier1   binary      remaining
c        MB   reductions   conflicts         size  tier2   irredundant
c         level    restarts       redundant    glue   trail      variables
c
c -  9.11 56 14 28 95 16244 2 613248 36704 1.5 14 9 3 9 65%  62 7821 101 91%
c -  9.30 57 14 28 96 16802 2 622994 36898 1.5 14 9 3 9 65%  62 7821 101 91%
c }  9.34 57 14 29 96 17063 2 625179 38699 1.5 14 9 3 9 65%  62 7821 101 91%
c [  9.34 57 18 29 96 17063 1 625179 38699 1.4 18 13 6 14 68%  62 7821 101 91%
c I  9.37 57 18 29 96 17065 1 628354 41448 1.4 18 13 6 14 68%  62 7821 101 91%
c -  9.44 57 18 29 97 17068 1 632792 36241 1.4 18 13 6 14 68%  62 7821 101 91%
c -  9.57 57 18 29 98 17073 1 642641 34532 1.4 18 13 6 14 67%  62 7821 101 91%
c -  9.68 57 18 29 99 17077 1 652545 33623 1.4 18 13 6 14 67%  62 7821 101 91%
c -  9.81 57 18 29 100 17081 1 662494 34387 1.4 18 13 6 14 67%  62 7821 101 91%
c -  9.93 57 18 29 101 17086 1 672494 36199 1.4 18 13 6 14 67%  62 7821 101 91%
c u 10.07 57 18 29 101 17091 1 681195 42921 1.4 18 13 6 14 67%  63 7821 101 91%
c v 10.10 57 18 29 101 17091 1 681195 42743 1.4 18 13 6 14 67%  63 7821 101 91%
c w 10.12 62 18 29 101 17091 1 681195 42226 1.4 18 13 6 14 67%  63 7821 101 91%
c x 10.14 63 18 29 101 17091 1 681195 42220 1.4 18 13 6 14 67%  63 7756 101 91%
c t 10.33 66 18 29 101 17091 1 681195 42220 1.4 18 13 6 14 67%  62 7756 101 91%
c - 10.36 66 18 29 102 17091 1 682543 34553 1.4 18 13 6 14 67%  62 7756 101 91%
c - 10.49 66 18 29 103 17093 1 692642 34305 1.4 18 13 6 14 67%  62 7756 101 91%
c B 10.53 66 18 29 103 17093 1 696037 37073 1.4 18 13 6 14 67%  62 7756 101 91%
c o 10.53 66 18 29 103 17093 1 696037 37073 1.4 18 13 6 14 67%  62 7756 101 91%
c - 10.62 66 18 29 104 17093 1 702793 34273 1.4 18 13 6 14 68%  62 7756 101 91%
c
c seconds   switched      rate          size/glue  tier1    binary      remaining
c        MB   reductions    conflicts         size   tier2    irredundant
c         level     restarts       redundant     glue    trail      variables
c
c ] 10.68 66 18 30 104 17093 1 707070 37899 1.4 18 13 6 14 68%  62 7756 101 91%
c { 10.68 66 14 30 104 17093 2 707070 37899 1.5 14 9 3 9 65%  62 7756 101 91%
c - 10.78 66 14 30 105 17397 2 712991 35062 1.5 14 9 3 9 65%  62 7756 101 91%
c - 10.93 66 14 30 106 17803 2 723238 36899 1.5 13 9 3 9 65%  62 7756 101 91%
c - 11.07 66 14 30 107 18038 2 733533 37682 1.5 13 9 3 9 65%  63 7756 101 91%
c - 11.26 66 14 30 108 18738 2 743877 38895 1.5 13 9 3 9 65%  63 7756 101 91%
c s 11.42 66 14 30 108 19305 2 752229 46040 1.5 13 9 3 9 65%  63 7724 101 91%
c - 11.45 66 14 30 109 19386 2 754269 39922 1.5 13 9 3 9 65%  63 7724 101 91%
c } 11.60 66 14 31 109 20156 2 761504 46019 1.5 13 9 3 9 65%  63 7724 101 91%
c [ 11.60 66 18 31 109 20156 1 761504 46019 1.4 18 13 6 14 68%  63 7724 101 91%
c - 11.63 69 18 31 110 20158 1 764709 40730 1.4 18 13 6 14 68%  63 7724 101 91%
c u 11.67 69 18 31 110 20158 1 765062 40681 1.4 18 13 6 14 68%  64 7724 101 91%
c v 11.70 69 18 31 110 20158 1 765062 40605 1.4 18 13 6 14 68%  64 7724 101 91%
c w 11.71 69 18 31 110 20158 1 765062 40591 1.4 18 13 6 14 68%  64 7724 101 91%
c x 11.73 69 18 31 110 20158 1 765062 40591 1.4 18 13 6 14 68%  64 7704 101 91%
c t 11.73 69 18 31 110 20158 1 765062 40591 1.4 18 13 6 14 68%  63 7704 101 91%
c W 11.78 69 18 31 110 20161 1 769012 44079 1.4 19 13 6 14 68%  63 7704 101 91%
c - 11.86 69 19 31 111 20164 1 775198 37470 1.4 19 13 6 14 69%  63 7704 101 91%
c - 12.00 69 19 31 112 20169 1 785733 33439 1.4 19 14 6 14 69%  63 7704 101 91%
c - 12.14 69 19 31 113 20172 1 796317 33456 1.4 19 14 6 14 70%  63 7704 101 91%
c
c seconds   switched      rate          size/glue  tier1    binary      remaining
c        MB   reductions    conflicts         size   tier2    irredundant
c         level     restarts       redundant     glue    trail      variables
c
c - 12.28 69 19 31 114 20178 1 806949 35268 1.4 19 14 6 14 70%  63 7704 101 91%
c - 12.43 69 19 31 115 20184 1 817626 34756 1.4 19 14 6 14 70%  63 7704 101 91%
c - 12.59 69 20 31 116 20186 1 828349 32677 1.4 20 14 6 14 71%  63 7704 101 91%
c ] 12.66 69 20 32 116 20186 1 833681 37340 1.4 20 15 6 14 71%  63 7704 101 91%
c { 12.66 69 14 32 116 20186 2 833681 37340 1.5 13 9 3 9 65%  63 7704 101 91%
c o 12.66 69 14 32 116 20199 2 833750 37406 1.5 13 9 3 9 65%  63 7704 101 91%
c - 12.77 69 14 32 117 20680 2 839120 33706 1.5 13 9 3 9 65%  63 7704 101 91%
c - 12.97 69 14 32 118 21448 2 849936 37922 1.5 13 9 3 9 65%  63 7704 101 91%
c u 13.08 69 14 32 118 21630 2 854351 40137 1.5 13 9 3 9 65%  64 7704 101 91%
c v 13.12 69 14 32 118 21630 2 854351 39714 1.5 13 9 3 9 65%  64 7704 101 91%
c w 13.14 69 14 32 118 21630 2 854351 39661 1.5 13 9 3 9 65%  64 7704 101 91%
c t 13.14 69 14 32 118 21630 2 854351 39661 1.5 13 9 3 9 65%  63 7704 101 91%
c - 13.22 69 14 32 119 21781 2 860798 38695 1.5 13 9 3 9 64%  63 7704 101 91%
c - 13.44 69 14 32 120 22710 2 871707 40702 1.5 13 9 3 9 65%  64 7704 101 91%
c - 13.66 69 14 32 121 23560 2 882661 42020 1.5 13 9 3 9 65%  64 7704 101 91%
c - 13.86 69 14 32 122 24120 2 893662 42326 1.5 13 9 3 9 65%  66 7704 101 91%
c } 13.88 69 14 33 122 24204 2 894785 43279 1.5 13 9 3 9 65%  66 7704 101 91%
c [ 13.88 69 20 33 122 24204 1 894785 43279 1.4 20 15 6 14 71%  66 7704 101 91%
c O 13.88 69 20 33 122 24204 1 894785 43279 1.4 20 15 6 14 71%  66 7704 101 91%
c - 14.03 69 20 33 123 24210 1 904708 41564 1.4 20 14 5 14 70%  66 7704 101 91%
c
c seconds   switched      rate          size/glue  tier1    binary      remaining
c        MB   reductions    conflicts         size   tier2    irredundant
c         level     restarts       redundant     glue    trail      variables
c
c - 14.19 69 20 33 124 24217 1 915798 39191 1.4 20 14 5 14 71%  66 7704 101 91%
c - 14.34 69 20 33 125 24218 1 926933 37869 1.4 20 14 5 14 71%  66 7704 101 91%
c - 14.51 69 19 33 126 24225 1 938114 40142 1.4 20 14 5 14 70%  66 7704 101 91%
c u 14.68 69 19 33 126 24232 1 949045 49008 1.4 20 14 5 14 71%  66 7704 101 91%
c v 14.71 69 19 33 126 24232 1 949045 48815 1.4 20 14 5 14 71%  66 7704 101 91%
c w 14.73 69 19 33 126 24232 1 949045 47982 1.4 20 14 5 14 71%  66 7704 101 91%
c x 14.75 69 19 33 126 24232 1 949045 47981 1.4 20 14 5 14 71%  66 7657 101 91%
c - 14.76 69 19 33 127 24232 1 949338 39818 1.4 20 14 5 14 71%  66 7657 101 91%
c - 14.93 69 19 33 128 24233 1 960607 38372 1.4 20 14 5 14 71%  66 7657 101 91%
c s 15.05 69 19 33 128 24234 1 968654 44929 1.4 20 14 5 14 71%  66 7540 101 91%
c o 15.06 69 19 33 128 24234 1 968654 44929 1.4 20 14 5 14 71%  66 7540 101 91%
c - 15.11 69 19 33 129 24234 1 971920 38748 1.4 20 14 5 14 71%  66 7540 101 91%
c ] 15.12 69 19 34 129 24234 1 973124 39781 1.4 20 14 5 14 71%  66 7540 101 91%
c { 15.12 69 14 34 129 24234 2 973124 39781 1.5 13 9 3 9 65%  66 7540 101 91%
c - 15.36 69 14 34 130 24813 2 983278 41499 1.5 13 9 3 9 64%  66 7540 101 91%
c - 15.59 69 14 34 131 25371 2 994679 42569 1.5 13 9 3 9 64%  67 7540 101 91%
c - 15.88 69 14 34 132 26371 2 1006124 43495 1.5 13 9 3 9 64%  67 7540 101 91%
c - 16.16 69 14 34 133 27242 2 1017614 44167 1.5 13 9 3 9 64%  67 7540 101 91%
c - 16.49 69 14 34 134 28046 2 1029146 45209 1.5 13 9 3 9 64%  67 7540 101 91%
c - 16.86 69 14 34 135 29455 2 1040721 45948 1.5 14 9 3 9 63%  68 7540 101 91%
c
c seconds   switched      rate           size/glue tier1   binary      remaining
c        MB   reductions     conflicts         size  tier2   irredundant
c         level     restarts        redundant    glue   trail      variables
c
c } 16.87 69 14 35 135 29567 2 1041270 46391 1.5 14 9 3 9 63%  68 7540 101 91%
c [ 16.87 69 19 35 135 29567 1 1041270 46391 1.4 20 14 5 14 71%  68 7540 101 91%
c B 16.87 69 19 35 135 29567 1 1041270 46391 1.4 20 14 5 14 71%  68 7540 101 91%
c u 17.03 69 19 35 135 29572 1 1049285 52765 1.4 20 14 5 14 71%  70 7540 101 91%
c v 17.07 69 19 35 135 29572 1 1049285 52214 1.4 20 14 5 14 71%  70 7540 101 91%
c w 17.10 69 19 35 135 29572 1 1049285 51974 1.4 20 14 5 14 71%  70 7540 101 91%
c x 17.13 69 19 35 135 29572 1 1049285 51956 1.4 20 14 5 14 71%  70 6877 101 91%
c t 17.13 69 19 35 135 29572 1 1049285 51956 1.4 20 14 5 14 71%  67 6877 101 91%
c - 17.19 72 19 35 136 29573 1 1052339 43788 1.4 20 14 5 14 71%  67 6877 101 91%
c - 17.37 72 19 35 137 29580 1 1064001 41512 1.4 19 14 5 14 70%  67 6877 101 91%
c - 17.55 72 19 35 138 29583 1 1075705 43232 1.4 19 14 5 14 70%  67 6877 101 91%
c - 17.71 72 18 35 139 29589 1 1087453 44429 1.4 19 13 5 14 69%  67 6877 101 91%
c - 17.87 72 18 35 140 29596 1 1099242 45240 1.4 18 13 5 14 69%  67 6877 101 91%
c - 18.04 72 18 35 141 29597 1 1111074 45896 1.4 18 13 5 14 68%  67 6877 101 91%
c - 18.20 72 17 35 142 29597 1 1122950 46098 1.4 18 13 5 14 68%  67 6877 101 91%
c W 18.30 72 17 35 142 29603 1 1131071 52657 1.4 18 13 5 14 68%  67 6877 101 91%
c o 18.30 72 17 35 142 29603 1 1131071 52657 1.4 18 13 5 14 68%  67 6877 101 91%
c - 18.36 72 17 35 143 29604 1 1134866 45707 1.4 18 13 5 14 68%  67 6877 101 91%
c - 18.54 72 18 35 144 29611 1 1146824 43407 1.4 18 13 5 14 68%  67 6877 101 91%
c u 18.71 72 18 35 144 29612 1 1156688 51436 1.4 18 13 5 14 69%  69 6877 101 91%
c
c seconds   switched      rate           size/glue  tier1    binary      remaining
c        MB   reductions     conflicts         size   tier2    irredundant
c         level     restarts        redundant     glue    trail      variables
c
c v 18.74 72 18 35 144 29612 1 1156688 51344 1.4 18 13 5 14 69%  69 6877 101 91%
c w 18.76 72 18 35 144 29612 1 1156688 51294 1.4 18 13 5 14 69%  69 6877 101 91%
c x 18.78 72 18 35 144 29612 1 1156688 51291 1.4 18 13 5 14 69%  69 6652 101 91%
c t 18.78 72 18 35 144 29612 1 1156688 51291 1.4 18 13 5 14 69%  67 6652 101 91%
c - 18.82 75 18 35 145 29614 1 1158825 42204 1.4 18 13 5 14 69%  67 6652 101 91%
c - 18.98 75 18 35 146 29621 1 1170866 42033 1.4 18 13 5 14 69%  67 6652 101 91%
c - 19.14 75 18 35 147 29627 1 1182950 42522 1.4 18 13 5 14 68%  67 6652 101 91%
c ] 19.14 75 18 36 147 29627 1 1183500 43021 1.4 18 13 5 14 68%  67 6652 101 91%
c { 19.14 75 14 36 147 29627 2 1183500 43021 1.5 14 9 3 9 63%  67 6652 101 91%
c - 19.37 75 14 36 148 30197 2 1195075 44552 1.5 14 9 3 9 63%  67 6652 101 91%
c - 19.63 75 14 36 149 30958 2 1207241 46462 1.5 14 9 3 9 64%  67 6652 101 91%
c s 19.92 75 14 36 149 32060 2 1219064 56467 1.5 14 9 3 9 64%  67 6641 101 91%
c - 19.94 75 14 36 150 32098 2 1219450 47410 1.5 14 9 3 9 64%  67 6641 101 91%
c - 20.18 75 14 36 151 32681 2 1231698 47543 1.5 14 9 3 9 64%  67 6641 101 91%
c - 20.45 75 14 36 152 33383 2 1243986 48334 1.5 14 9 3 9 65%  67 6641 101 91%
c - 20.68 75 14 36 153 34092 2 1256314 48411 1.5 14 9 3 9 65%  67 6641 101 91%
c } 20.74 75 14 37 153 34210 2 1259057 50482 1.5 14 9 3 9 65%  67 6641 101 91%
c [ 20.74 75 18 37 153 34210 1 1259057 50482 1.4 18 13 5 14 68%  67 6641 101 91%
c I 20.74 75 18 37 153 34210 1 1259057 50482 1.4 18 13 5 14 68%  67 6641 101 91%
c - 20.88 75 18 37 154 34216 1 1268685 47720 1.4 18 13 5 14 69%  67 6641 101 91%
c
c seconds   switched      rate           size/glue  tier1    binary      remaining
c        MB   reductions     conflicts         size   tier2    irredundant
c         level     restarts        redundant     glue    trail      variables
c
c u 20.94 75 18 37 154 34216 1 1270314 48432 1.4 18 13 5 14 69%  68 6641 101 91%
c v 20.99 75 18 37 154 34216 1 1270314 48175 1.4 18 13 5 14 69%  68 6641 101 91%
c w 21.01 75 18 37 154 34216 1 1270314 48025 1.4 18 13 5 14 69%  68 6641 101 91%
c x 21.04 75 18 37 154 34216 1 1270314 48024 1.4 18 13 5 14 69%  68 6635 101 91%
c t 21.04 75 18 37 154 34216 1 1270314 48024 1.4 18 13 5 14 69%  67 6635 101 91%
c - 21.19 75 18 37 155 34223 1 1281096 44740 1.4 18 13 5 14 69%  67 6635 101 91%
c - 21.37 75 18 37 156 34226 1 1293546 43371 1.4 18 13 5 14 69%  67 6635 101 91%
c o 21.57 75 18 37 156 34233 1 1305660 53094 1.4 18 13 5 14 68%  67 6635 101 91%
c - 21.58 75 18 37 157 34233 1 1306036 45023 1.4 18 13 5 14 68%  67 6635 101 91%
c - 21.82 75 18 37 158 34239 1 1318566 46337 1.4 18 13 5 14 68%  67 6635 101 91%
c - 22.05 75 18 37 159 34240 1 1331135 44984 1.4 18 13 5 14 68%  67 6635 101 91%
c - 22.26 75 17 37 160 34242 1 1343745 47345 1.4 18 13 5 14 68%  67 6635 101 91%
c - 22.46 75 17 37 161 34250 1 1356394 49509 1.4 18 13 5 14 68%  67 6635 101 91%
c ] 22.46 75 17 38 161 34250 1 1356405 49516 1.4 18 13 5 14 68%  67 6635 101 91%
c { 22.46 75 14 38 161 34250 2 1356405 49516 1.5 14 9 3 9 65%  67 6635 101 91%
c - 22.65 75 13 38 162 34331 2 1369083 50447 1.5 14 9 3 9 65%  67 6635 101 91%
c - 22.85 75 13 38 163 34477 2 1381810 50720 1.5 14 9 3 9 66%  68 6635 101 91%
c u 23.05 79 13 38 163 34669 2 1389722 56132 1.5 14 9 3 9 67%  72 6635 101 91%
c v 23.11 79 13 38 163 34669 2 1389722 55480 1.5 14 9 3 9 67%  72 6635 101 91%
c w 23.14 79 13 38 163 34669 2 1389722 55191 1.5 14 9 3 9 67%  72 6635 101 91%
c
c seconds   switched      rate           size/glue tier1   binary      remaining
c        MB   reductions     conflicts         size  tier2   irredundant
c         level     restarts        redundant    glue   trail      variables
c
c t 23.48 86 13 38 163 34669 2 1389722 55191 1.5 14 9 3 9 67%  68 6635 101 91%
c - 23.57 86 13 38 164 34865 2 1394577 50244 1.5 14 9 3 9 67%  68 6635 101 91%
c - 23.80 86 13 38 165 35064 2 1407383 52163 1.5 14 9 3 9 67%  68 6635 101 91%
c - 23.99 86 13 38 166 35146 2 1420228 53077 1.6 14 9 3 9 68%  69 6635 101 91%
c - 24.20 86 13 38 167 35502 1 1433112 52972 1.6 14 9 3 8 68%  69 6635 101 91%
c } 24.31 86 13 39 167 35752 1 1439739 58572 1.6 14 9 3 8 68%  69 6635 101 91%
c [ 24.31 86 17 39 167 35752 1 1439739 58572 1.4 18 13 5 14 68%  69 6635 101 91%
c B 24.31 86 17 39 167 35752 1 1439739 58572 1.4 18 13 5 14 68%  69 6635 101 91%
c - 24.40 86 17 39 168 35757 1 1446035 51480 1.4 18 13 5 14 68%  69 6635 101 91%
c - 24.57 86 17 39 169 35764 1 1458996 48811 1.4 18 13 5 14 67%  69 6635 101 91%
c - 24.75 86 17 39 170 35766 1 1471997 47450 1.4 18 13 5 14 67%  69 6635 101 91%
c - 24.95 86 17 39 171 35773 1 1485035 46973 1.4 18 13 5 14 67%  69 6635 101 91%
c - 25.15 86 17 39 172 35781 1 1498111 48246 1.4 18 13 5 14 67%  69 6635 101 91%
c s 25.32 86 17 39 172 35782 1 1509403 57758 1.4 18 13 5 14 67%  69 6632 101 91%
c o 25.32 86 17 39 172 35782 1 1509403 57758 1.4 18 13 5 14 67%  69 6632 101 91%
c - 25.37 86 17 39 173 35782 1 1511225 50952 1.4 18 13 5 14 67%  69 6632 101 91%
c u 25.47 86 17 39 173 35782 1 1514929 53787 1.4 18 13 5 14 67%  72 6632 101 91%
c v 25.51 86 17 39 173 35782 1 1514929 53586 1.4 18 13 5 14 67%  72 6632 101 91%
c w 25.54 88 17 39 173 35782 1 1514929 53289 1.4 18 13 5 14 67%  72 6632 101 91%
c x 25.56 88 17 39 173 35782 1 1514929 53289 1.4 18 13 5 14 67%  72 6625 101 91%
c
c seconds   switched      rate           size/glue  tier1    binary      remaining
c        MB   reductions     conflicts         size   tier2    irredundant
c         level     restarts        redundant     glue    trail      variables
c
c t 25.57 88 17 39 173 35782 1 1514929 53289 1.4 18 13 5 14 67%  69 6625 101 91%
c - 25.74 88 17 39 174 35784 1 1524377 51546 1.4 18 13 5 14 67%  69 6625 101 91%
c ] 25.80 88 17 40 174 35787 1 1527668 54331 1.4 18 13 5 14 67%  69 6625 101 91%
c { 25.80 88 13 40 174 35787 1 1527668 54331 1.6 14 9 3 8 68%  69 6625 101 91%
c - 26.05 88 13 40 175 36551 2 1537569 52764 1.6 14 9 3 8 68%  69 6625 101 91%
c - 26.35 88 13 40 176 37751 2 1550798 53875 1.6 14 9 3 8 68%  69 6625 101 91%
c - 26.59 88 13 40 177 38399 2 1564064 53456 1.6 14 9 3 8 68%  70 6625 101 91%
c - 26.83 88 13 40 178 39211 2 1577368 53128 1.5 14 9 3 8 68%  71 6625 101 91%
c - 27.16 88 13 40 179 40714 2 1590709 53872 1.5 14 9 3 8 68%  71 6625 101 91%
c - 27.43 88 13 40 180 41432 2 1604088 54273 1.5 14 9 3 8 67%  71 6625 101 91%
c - 27.69 88 13 40 181 41878 2 1617504 53888 1.5 13 9 3 8 67%  72 6625 101 91%
c } 27.73 88 13 41 181 42081 2 1619140 55277 1.5 13 9 3 8 67%  72 6625 101 91%
c [ 27.73 88 17 41 181 42081 1 1619140 55277 1.4 18 13 5 14 67%  72 6625 101 91%
c W 27.73 88 17 41 181 42081 1 1619140 55277 1.4 18 13 5 14 67%  72 6625 101 91%
c - 27.90 92 17 41 182 42087 1 1630957 52229 1.4 18 13 5 14 68%  72 6625 101 91%
c - 28.12 92 18 41 183 42095 1 1644448 48841 1.4 18 13 5 14 68%  72 6625 101 91%
c u 28.20 92 18 41 183 42095 1 1646029 49025 1.4 19 13 5 14 68%  76 6625 101 91%
c v 28.28 92 18 41 183 42095 1 1646029 48740 1.4 19 13 5 14 68%  76 6625 101 91%
c w 28.31 93 18 41 183 42095 1 1646029 48481 1.4 19 13 5 14 68%  76 6625 101 91%
c t 28.31 93 18 41 183 42095 1 1646029 48481 1.4 19 13 5 14 68%  72 6625 101 91%
c
c seconds   switched      rate           size/glue  tier1    binary      remaining
c        MB   reductions     conflicts         size   tier2    irredundant
c         level     restarts        redundant     glue    trail      variables
c
c - 28.48 93 18 41 184 42100 1 1657977 47637 1.4 19 13 5 14 68%  72 6625 101 91%
c - 28.69 93 18 41 185 42108 1 1671541 47236 1.4 19 13 5 14 69%  72 6625 101 91%
c o 28.91 93 18 41 185 42111 1 1685114 58699 1.4 19 13 5 14 69%  72 6625 101 91%
c - 28.91 93 18 41 186 42111 1 1685143 48076 1.4 19 13 5 14 69%  72 6625 101 91%
c - 29.13 93 18 41 187 42111 1 1698782 48985 1.4 19 13 5 14 69%  72 6625 101 91%
c - 29.36 93 18 41 188 42118 1 1712456 48923 1.4 19 13 5 14 68%  72 6625 101 91%
c - 29.60 93 18 41 189 42125 1 1726167 49200 1.4 19 14 5 14 69%  72 6625 101 91%
c O 29.73 93 18 41 189 42126 1 1733479 55405 1.4 19 14 5 14 69%  72 6625 101 91%
c - 29.83 93 18 41 190 42130 1 1739914 50474 1.4 19 13 5 14 69%  72 6625 101 91%
c ] 29.83 93 18 42 190 42131 1 1740072 50603 1.4 19 13 5 14 69%  72 6625 101 91%
c { 29.83 93 13 42 190 42131 2 1740072 50603 1.5 13 9 3 8 67%  72 6625 101 91%
c - 30.10 93 13 42 191 42920 2 1753699 54179 1.5 13 9 3 8 67%  72 6625 101 91%
c - 30.41 93 13 42 192 44181 2 1767519 54480 1.5 13 9 3 8 67%  73 6625 101 91%
c - 30.65 93 13 42 193 44914 2 1781376 55772 1.5 13 9 3 8 67%  73 6625 101 91%
c u 30.75 93 13 42 193 45048 2 1782986 55590 1.5 13 9 3 8 67%  79 6625 101 91%
c v 30.83 93 13 42 193 45048 2 1782986 55017 1.5 13 9 3 8 67%  79 6625 101 91%
c w 30.86 93 13 42 193 45048 2 1782986 54820 1.5 13 9 3 8 67%  79 6625 101 91%
c t 30.86 93 13 42 193 45048 2 1782986 54820 1.5 13 9 3 8 67%  73 6625 101 91%
c - 31.08 93 13 42 194 45529 2 1795268 54903 1.5 13 9 3 8 66%  74 6625 101 91%
c - 31.35 93 13 42 195 46225 2 1809196 55405 1.5 13 9 3 8 66%  74 6625 101 91%
c
c seconds   switched      rate           size/glue tier1   binary      remaining
c        MB   reductions     conflicts         size  tier2   irredundant
c         level     restarts        redundant    glue   trail      variables
c
c - 31.59 93 13 42 196 46833 2 1823161 55935 1.5 13 9 3 8 66%  75 6625 101 91%
c s 31.81 93 12 42 196 47290 2 1836598 66247 1.5 13 9 3 8 66%  76 6247 101 91%
c - 31.83 93 12 42 197 47320 2 1837162 56660 1.5 13 9 3 8 66%  76 6247 101 91%
c } 31.87 93 12 43 197 47360 2 1840046 58790 1.5 13 9 3 8 66%  76 6247 101 91%
c [ 31.87 93 18 43 197 47360 1 1840046 58790 1.4 19 13 5 14 69%  76 6247 101 91%
c i 31.98 93 18 43 197 47365 1 1846889 63369 1.4 19 13 5 14 68%  82 6247 99 89%
c - 32.04 93 18 43 198 47366 1 1851199 32500 1.4 19 13 5 14 68%  70 6247 99 89%
c B 32.07 93 18 43 198 47368 1 1854313 35154 1.4 19 13 5 14 68%  70 6247 99 89%
c - 32.23 93 18 43 199 47374 1 1865270 37763 1.4 19 13 5 13 68%  70 6247 99 89%
c - 32.44 93 18 43 200 47380 1 1879376 43750 1.4 19 13 5 13 68%  70 6247 99 89%
c - 32.66 93 17 43 201 47387 1 1893518 48140 1.4 19 13 5 13 68%  70 6247 99 89%
c - 32.89 93 17 43 202 47390 1 1907696 51150 1.4 18 13 5 13 68%  70 6247 99 89%
c - 33.13 93 17 43 203 47390 1 1921910 52412 1.5 18 12 5 13 68%  70 6247 99 89%
c u 33.24 93 17 43 203 47393 1 1925895 54649 1.5 18 12 5 13 68%  73 6246 99 89%
c v 33.29 93 17 43 203 47393 1 1925895 53737 1.5 18 12 5 13 68%  73 6246 99 89%
c w 33.31 94 17 43 203 47393 1 1925895 51279 1.5 18 12 5 13 68%  73 6246 99 89%
c x 33.35 94 17 43 203 47393 1 1925895 51274 1.5 18 12 5 13 68%  73 5764 99 89%
c t 33.35 94 17 43 203 47393 1 1925895 51274 1.5 18 12 5 13 68%  69 5764 99 89%
c o 33.35 94 17 43 203 47393 1 1925895 51274 1.5 18 12 5 13 68%  69 5764 99 89%
c - 33.55 95 17 43 204 47399 1 1936159 49476 1.5 18 12 4 13 68%  69 5764 99 89%
c
c seconds   switched      rate           size/glue  tier1    binary     remaining
c        MB   reductions     conflicts         size   tier2    irredundant
c         level     restarts        redundant     glue    trail     variables
c
c - 33.82 95 16 43 205 47405 1 1950441 52103 1.5 18 12 4 13 68%  69 5764 99 89%
c ] 33.85 95 16 44 205 47405 1 1952144 53375 1.5 18 12 4 13 68%  69 5764 99 89%
c { 33.85 95 12 44 205 47405 2 1952144 53375 1.5 13 9 3 8 66%  69 5764 99 89%
c - 34.18 95 12 44 206 48612 2 1964758 54117 1.5 13 9 3 8 66%  69 5764 99 89%
c - 34.44 95 12 44 207 49089 2 1979111 54345 1.5 13 9 3 8 66%  70 5764 99 89%
c - 34.71 95 12 44 208 50015 2 1993499 54465 1.5 13 9 3 8 66%  71 5764 99 89%
c - 35.02 95 12 44 209 51038 2 2007921 54739 1.5 13 9 3 8 66%  71 5764 99 89%
c - 35.33 95 13 44 210 52154 2 2022380 55361 1.5 13 9 3 8 66%  72 5764 99 89%
c - 35.64 95 13 44 211 52990 2 2036871 56145 1.5 13 9 3 8 66%  72 5764 99 89%
c - 35.98 95 13 44 212 54063 2 2051397 56377 1.5 13 9 3 8 66%  72 5764 99 89%
c } 36.20 95 13 45 212 54964 2 2060978 64111 1.5 13 9 3 8 66%  72 5764 99 89%
c [ 36.20 95 16 45 212 54964 1 2060978 64111 1.5 18 12 4 13 68%  72 5764 99 89%
c W 36.21 95 16 45 212 54964 1 2060978 64111 1.5 18 12 4 13 68%  72 5764 99 89%
c - 36.30 96 16 45 213 54967 1 2065957 55984 1.5 18 12 4 13 68%  72 5764 99 89%
c u 36.55 97 16 45 213 54974 1 2077895 64449 1.5 18 12 4 13 68%  78 5764 99 89%
c v 36.65 97 16 45 213 54974 1 2077895 64123 1.5 18 12 4 13 68%  78 5764 99 89%
c w 36.70 97 16 45 213 54974 1 2077895 62599 1.5 18 12 4 13 68%  78 5764 99 89%
c t 36.70 97 16 45 213 54974 1 2077895 62599 1.5 18 12 4 13 68%  72 5764 99 89%
c - 36.74 97 16 45 214 54976 1 2080552 52087 1.5 18 12 4 13 68%  72 5764 99 89%
c - 36.96 97 16 45 215 54980 1 2095180 51413 1.5 18 12 4 13 68%  72 5764 99 89%
c
c seconds   switched      rate           size/glue  tier1    binary     remaining
c        MB   reductions     conflicts         size   tier2    irredundant
c         level     restarts        redundant     glue    trail     variables
c
c - 37.17 97 16 45 216 54988 1 2109843 52229 1.5 18 12 4 13 68%  72 5764 99 89%
c - 37.42 97 16 45 217 54993 1 2124540 53174 1.4 17 12 4 13 69%  72 5764 99 89%
c - 37.65 97 16 45 218 54994 1 2139271 54669 1.4 17 12 4 13 69%  72 5764 99 89%
c - 37.88 97 16 45 219 55001 1 2154035 53896 1.4 17 12 4 13 69%  72 5764 99 89%
c o 38.00 97 16 45 219 55007 1 2161903 60251 1.4 17 12 4 13 69%  72 5764 99 89%
c - 38.13 97 16 45 220 55009 1 2168833 52204 1.4 18 12 4 13 69%  72 5764 99 89%
c - 38.40 97 17 45 221 55015 1 2183665 52327 1.4 18 12 4 13 69%  72 5764 99 89%
c I 38.58 97 16 45 221 55022 1 2195217 61282 1.4 18 12 4 13 68%  72 5764 99 89%
c - 38.64 97 16 45 222 55023 1 2198531 54519 1.4 17 12 4 13 68%  72 5764 99 89%
c s 38.75 97 16 45 222 55024 1 2205120 59834 1.4 17 12 4 13 68%  72 5763 99 89%
c ] 38.79 97 16 46 222 55024 1 2206938 61307 1.4 17 12 4 13 68%  72 5763 99 89%
c { 38.79 97 13 46 222 55024 2 2206938 61307 1.5 13 9 3 8 66%  72 5763 99 89%
c - 38.93 97 13 46 223 55417 2 2213430 57570 1.4 13 9 3 8 66%  72 5763 99 89%
c i 39.01 97 13 46 223 55432 2 2218949 61275 1.5 13 9 3 8 66%  78 5763 98 88%
c - 39.20 97 12 46 224 55873 2 2228363 48479 1.5 13 9 3 8 66%  63 5763 98 88%
c u 39.41 97 12 46 224 56213 2 2236029 53199 1.4 13 9 3 8 66%  65 5763 98 88%
c v 39.47 97 12 46 224 56213 2 2236029 52130 1.4 13 9 3 8 66%  65 5763 98 88%
c w 39.50 97 12 46 224 56213 2 2236029 51813 1.4 13 9 3 8 66%  65 5763 98 88%
c x 39.53 97 12 46 224 56213 2 2236029 51807 1.4 13 9 3 8 66%  65 5714 98 88%
c t 39.54 97 12 46 224 56213 2 2236029 51807 1.4 13 9 3 8 66%  64 5714 98 88%
c
c seconds   switched      rate           size/glue tier1   binary     remaining
c        MB   reductions     conflicts         size  tier2   irredundant
c         level     restarts        redundant    glue   trail     variables
c
c - 39.72 97 13 46 225 57045 2 2243329 48785 1.4 13 9 3 8 66%  64 5714 98 88%
c - 40.02 97 12 46 226 57917 2 2258330 52770 1.4 13 9 3 8 65%  65 5714 98 88%
c - 40.32 97 12 46 227 58698 2 2273364 54715 1.4 13 9 3 8 66%  67 5714 98 88%
c - 40.63 97 12 46 228 59613 2 2288430 55696 1.4 13 9 3 8 66%  67 5714 98 88%
c - 40.89 97 12 46 229 59816 2 2303529 55981 1.5 13 9 3 8 66%  72 5714 98 88%
c i 40.90 97 12 46 229 59816 2 2304169 56295 1.5 13 9 3 8 66%  81 5714 97 87%
c - 41.20 97 12 46 230 60668 2 2318661 47966 1.5 13 9 3 8 66%  65 5714 97 87%
c } 41.31 97 12 47 230 60993 2 2324982 52629 1.5 13 9 3 8 66%  66 5714 97 87%
c [ 41.31 97 16 47 230 60993 1 2324982 52629 1.4 17 12 4 13 68%  66 5714 97 87%
c - 41.48 97 16 47 231 60999 1 2333826 54082 1.5 17 12 4 13 68%  67 5714 97 87%
c B 41.52 97 16 47 231 60999 1 2336365 56127 1.5 17 12 4 13 68%  67 5714 97 87%
c - 41.73 97 16 47 232 61006 1 2349024 54995 1.4 17 12 4 13 68%  67 5714 97 87%
c - 41.97 97 15 47 233 61013 1 2364255 55797 1.5 17 11 4 13 67%  67 5714 97 87%
c o 42.09 97 15 47 233 61016 1 2371343 61126 1.5 16 11 4 13 67%  68 5714 97 87%
c - 42.25 97 15 47 234 61021 1 2379520 56716 1.5 17 11 4 13 68%  68 5714 97 87%
c - 42.54 97 15 47 235 61023 1 2394817 56975 1.5 17 11 4 13 68%  68 5714 97 87%
c u 42.71 97 15 47 235 61023 1 2400588 61016 1.5 17 11 4 13 68%  68 5714 97 87%
c v 42.78 97 15 47 235 61023 1 2400588 60662 1.5 17 11 4 13 68%  68 5714 97 87%
c w 42.81 97 15 47 235 61023 1 2400588 60442 1.5 17 11 4 13 68%  68 5714 97 87%
c x 42.85 97 15 47 235 61023 1 2400588 60432 1.5 17 11 4 13 68%  68 5334 97 87%
c
c seconds   switched      rate           size/glue  tier1    binary     remaining
c        MB   reductions     conflicts         size   tier2    irredundant
c         level     restarts        redundant     glue    trail     variables
c
c t 42.85 97 15 47 235 61023 1 2400588 60432 1.5 17 11 4 13 68%  67 5334 97 87%
c - 43.04 97 15 47 236 61026 1 2410149 56964 1.5 17 11 4 13 68%  67 5334 97 87%
c - 43.33 97 15 47 237 61035 1 2425513 58428 1.5 16 11 4 13 67%  67 5334 97 87%
c - 43.61 97 14 47 238 61039 1 2440908 59994 1.5 16 11 4 13 67%  67 5334 97 87%
c ] 43.79 97 14 48 238 61045 1 2452119 67990 1.5 16 11 4 13 67%  68 5334 97 87%
c { 43.79 97 12 48 238 61045 2 2452119 67990 1.5 13 9 3 8 66%  68 5334 97 87%
c - 43.88 97 12 48 239 61133 2 2456335 59983 1.5 13 9 3 8 66%  68 5334 97 87%
c - 44.20 97 12 48 240 61681 2 2471794 60113 1.5 12 9 3 8 66%  69 5334 97 87%
c i 44.32 97 12 48 240 61849 2 2478882 64839 1.5 12 8 3 8 66%  83 5334 96 86%
c - 44.52 97 12 48 241 62014 2 2487286 57664 1.5 12 8 3 8 65%  66 5334 96 86%
c i 44.65 97 11 48 241 62093 1 2494674 62604 1.5 12 8 3 8 65%  78 5334 94 85%
c i 44.72 97 11 48 241 62144 1 2497858 64711 1.5 12 8 3 8 65%  92 5334 93 84%
c i 44.77 97 11 48 241 62151 1 2500913 66635 1.5 12 8 3 8 65% 103 5334 92 83%
c i 44.80 97 11 48 241 62156 1 2502623 67684 1.5 12 8 3 8 65% 112 5334 90 81%
c - 44.80 97 11 48 242 62156 1 2502811 23992 1.5 12 8 3 8 65% 101 4401 90 81%
c i 44.83 97 11 48 242 62178 1 2504690 25180 1.5 12 8 3 8 65% 110 4401 87 78%
c i 44.84 97 11 48 242 62178 1 2505926 26120 1.5 12 8 3 8 65% 119 4401 86 77%
c i 44.85 97 11 48 242 62178 1 2505979 26133 1.5 12 8 3 8 65% 123 4401 84 76%
c i 44.85 97 11 48 242 62178 1 2506110 26203 1.5 12 8 3 8 65% 127 4401 75 68%
c i 44.85 97 11 48 242 62178 1 2506259 26306 1.5 12 8 3 8 65% 134 4401 67 60%
c
c seconds   switched      rate           size/glue tier1   binary     remaining
c        MB   reductions     conflicts         size  tier2   irredundant
c         level     restarts        redundant    glue   trail     variables
c
c i 44.85 97 11 48 242 62178 1 2506273 26310 1.5 12 8 3 8 65% 135 4401 62 56%
c } 44.85 97 11 48 242 62178 1 2506277 26310 1.5 12 8 3 8 65% 137 4401 45 41%
c 0 44.85 97 11 48 242 62178 1 2506277 26310 1.5 12 8 3 8 65% 137 4401 45 41%
c
c ---- [ result ] ------------------------------------------------------------
c
s UNSATISFIABLE
c
c ---- [ profiling ] ---------------------------------------------------------
c
c          41.16   91.79 %  search
c          20.85   46.50 %  focused
c          20.31   45.29 %  stable
c           3.64    8.11 %  simplify
c           3.52    7.85 %  probe
c           2.76    6.15 %  vivify
c           0.73    1.64 %  reduce
c           0.62    1.39 %  sweep
c           0.12    0.28 %  eliminate
c           0.08    0.17 %  substitute
c           0.07    0.15 %  subsume
c           0.05    0.12 %  factor
c           0.05    0.10 %  preprocess
c           0.04    0.08 %  walking
c           0.00    0.01 %  congruence
c           0.00    0.01 %  parse
c           0.00    0.01 %  transitive
c           0.00    0.00 %  lucky
c           0.00    0.00 %  backbone
c =============================================
c          44.85  100.00 %  total
c
c ---- [ statistics ] --------------------------------------------------------
c
c conflicts:                          2506277            55880.76 per second
c decisions:                          3457803                1.38 per conflict
c eliminated:                             106               95 %  variables
c factored:                                96               86 %  variables
c iterations:                              15               14 %  variables
c propagations:                      42566392           949074    per second
c reductions:                             242            10357    interval
c reordered:                               21           119347    interval
c rephased:                                34            73714    interval
c restarts:                             62178               40    interval
c subsumed:                              1867                0 %  checks
c switched:                                48            52214    interval
c vivified:                             60136               44 %  checks
c walks:                                   11           227843    interval
c
c ---- [ glue usage ] --------------------------------------------------------
c
c focused glue 3   used 977783 clauses 16.16% accumulated 64.24% tier1
c focused glue 4   used 447052 clauses  7.39% accumulated 71.62%
c focused glue 5-6 used 695569 clauses 11.50% accumulated 83.12%
c focused glue 7   used 278097 clauses  4.60% accumulated 87.72%
c focused glue 8   used 224782 clauses  3.71% accumulated 91.43% tier2
c
c stable glue 4    used  542366 clauses  6.25% accumulated 53.65% tier1
c stable glue 5    used  525775 clauses  6.06% accumulated 59.71%
c stable glue 6-11 used 2350860 clauses 27.09% accumulated 86.79%
c stable glue 12   used  230781 clauses  2.66% accumulated 89.45%
c stable glue 13   used  195275 clauses  2.25% accumulated 91.70% tier2
c
c ---- [ resources ] ---------------------------------------------------------
c
c maximum-resident-set-size:     104454946816 bytes      99616 MB
c process-time:                            45s              44.85 seconds
c
c ---- [ shutting down ] -----------------------------------------------------
c
c exit 20
