c ---- [ banner ] ------------------------------------------------------------
c
c Kissat SAT Solver
c 
c Copyright (c) 2021-2024 Armin Biere University of Freiburg
c Copyright (c) 2019-2021 Armin Biere Johannes Kepler University Linz
c 
c Version 4.0.4 8af8e56f174b778aef3aa45af9f739b2a5f492c2
c Apple clang version 17.0.0 (clang-1700.6.3.2) -W -Wall -O3 -DNDEBUG
c Mon Mar 30 18:25:47 CEST 2026 Darwin Mac 24.6.0 arm64
c
c ---- [ parsing ] -----------------------------------------------------------
c
c opened and reading DIMACS file:
c
c   tmp.cnf
c
c parsed 'p cnf 136 25636' header
c closing input after reading 835317 bytes (816 KB)
c finished parsing after 0.00 seconds
c
c ---- [ solving ] -----------------------------------------------------------
c
c seconds switched rate     size/glue tier1 binary       remaining
c        MB reductions conflicts size  tier2   irredundant
c         level restarts redundant glue  trail       variables
c
c *  0.00  7 0 0 0  0 0   0   0 0.0 0 0 0 0 0%   0 25636 130 100%
c (  0.00  7 0 0 0  0 0   0   0 0.0 0 0 0 0 0%   0 25636 130 100%
c .  0.00  7 0 0 0  0 0   0   0 0.0 0 0 0 0 0%   0 25636 130 100%
c f  0.03  8 0 0 0  0 0   0   0 0.0 0 0 0 0 0% 162 20045 211 162%
c )  0.03  8 0 0 0  0 0   0   0 0.0 0 0 0 0 0% 162 20045 211 162%
c {  0.03  8 0 0 0  0 0   0   0 0.0 0 0 2 6 0% 162 20045 211 162%
c -  0.03  8 33 0 1  6 2 1001 675 1.6 17 10 8 14 60% 162 20045 211 162%
c }  0.03  8 33 1 1  6 2 1001 675 1.6 17 10 8 14 60% 162 20045 211 162%
c [  0.03  8 0 1 1  6 0 1001 675 0.0 0 0 2 6 0% 162 20045 211 162%
c B  0.03  8 0 1 1  6 0 1001 675 0.0 0 0 2 6 0% 162 20045 211 162%
c ]  0.04  8 77 2 1  6 1 1694 1299 1.3 18 14 2 6 84% 162 20045 211 162%
c {  0.04  8 33 2 1  6 2 1694 1299 1.6 17 10 8 14 60% 162 20045 211 162%
c -  0.04  8 30 2 2 36 2 2003 1108 1.6 16 10 8 14 57% 162 20045 211 162%
c }  0.05  8 25 3 2 56 2 2695 1677 1.5 16 10 8 14 52% 162 20045 211 162%
c [  0.05  8 77 3 2 56 1 2695 1677 1.3 18 14 2 6 84% 162 20045 211 162%
c W  0.05  8 77 3 2 56 1 2695 1677 1.3 18 14 2 6 84% 162 20045 211 162%
c u  0.05  8 75 3 2 56 1 2718 1679 1.3 18 14 2 6 82% 162 20045 211 162%
c v  0.05  8 75 3 2 56 1 2718 1531 1.3 18 14 2 6 82% 162 20045 211 162%
c w  0.06  8 75 3 2 56 1 2718 1522 1.3 18 14 2 6 82% 162 20045 211 162%
c -  0.06  8 46 3 3 56 1 3417 1946 1.3 18 13 8 16 65% 162 20045 211 162%
c
c seconds  switched rate       size/glue  tier1    binary       remaining
c        MB reductions conflicts     size   tier2     irredundant
c         level restarts  redundant     glue    trail       variables
c
c ]  0.07  8 33 4 3 57 1 4535 2943 1.4 18 12 8 16 57% 162 20045 211 162%
c {  0.07  8 25 4 3 57 2 4535 2943 1.5 16 10 8 14 52% 162 20045 211 162%
c -  0.07  8 23 4 4 62 2 5149 3293 1.5 16 11 8 13 50% 162 20045 211 162%
c }  0.09  8 21 5 4 97 2 6887 4849 1.6 16 10 8 13 53% 162 20045 211 162%
c [  0.09  8 33 5 4 97 1 6887 4849 1.4 18 12 8 16 57% 162 20045 211 162%
c I  0.09  8 33 5 4 97 1 6887 4849 1.4 18 12 8 16 57% 162 20045 211 162%
c -  0.09  8 32 5 5 97 1 7150 4495 1.4 17 12 8 14 57% 162 20045 211 162%
c u  0.10  9 28 5 5 98 1 8371 5587 1.5 18 12 8 14 56% 162 20045 211 162%
c v  0.11  9 28 5 5 98 1 8371 5577 1.5 18 12 8 14 56% 162 20045 211 162%
c w  0.11 10 28 5 5 98 1 8371 5577 1.5 18 12 8 14 56% 162 20045 211 162%
c -  0.13 10 26 5 6 99 1 9389 5443 1.5 18 12 7 15 56% 162 20045 211 162%
c ]  0.14 10 25 6 6 99 1 10113 6091 1.5 19 12 7 15 55% 162 20045 211 162%
c {  0.14 10 21 6 6 99 2 10113 6091 1.6 16 10 8 13 53% 162 20045 211 162%
c -  0.15 10 20 6 7 100 2 11838 6408 1.7 16 10 7 12 53% 162 20045 211 162%
c s  0.17 10 18 6 7 100 1 13586 8042 1.8 16 9 7 12 53% 162 20019 211 162%
c e  0.18 11 18 6 7 100 1 13586 8042 1.8 16 9 7 12 53%  98 15478 130 100%
c s  0.18 11 18 6 7 100 1 13586 8042 1.8 16 9 7 12 53%  98 15472 130 100%
c ^  0.18 11 18 6 7 100 1 13586 8042 1.8 16 9 7 12 53%  98 15472 130 100%
c o  0.18 11 18 6 7 100 1 13586 4902 1.8 16 9 7 12 53%  98 15472 130 100%
c }  0.19 11 18 7 7 103 1 14182 5454 1.8 16 9 7 12 54%  98 15472 130 100%
c
c seconds  switched  rate        size/glue  tier1    binary       remaining
c        MB reductions conflicts       size   tier2     irredundant
c         level restarts    redundant     glue    trail       variables
c
c [  0.19 11 25 7 7 103 1 14182 5454 1.5 19 12 7 15 55%  98 15472 130 100%
c B  0.19 11 25 7 7 103 1 14182 5454 1.5 19 12 7 15 55%  98 15472 130 100%
c -  0.19 12 26 7 8 103 1 14485 5017 1.5 19 13 7 15 56%  98 15472 130 100%
c u  0.22 12 26 7 8 105 1 17147 7411 1.4 20 14 7 15 61%  98 15472 130 100%
c v  0.22 12 26 7 8 105 1 17147 7390 1.4 20 14 7 15 61%  98 15472 130 100%
c w  0.22 12 26 7 8 105 1 17147 7390 1.4 20 14 7 15 61%  98 15472 130 100%
c x  0.22 12 26 7 8 105 1 17147 7390 1.4 20 14 7 15 61%  98 15472 130 100%
c f  0.22 12 26 7 8 105 1 17147 7390 1.4 20 14 7 15 61% 106 15449 134 103%
c u  0.22 13 26 7 8 105 1 17147 7374 1.4 20 14 7 15 61% 106 15449 134 103%
c v  0.23 13 26 7 8 105 1 17147 7367 1.4 20 14 7 15 61% 106 15449 134 103%
c w  0.23 14 26 7 8 105 1 17147 7366 1.4 20 14 7 15 61% 106 15449 134 103%
c -  0.23 14 26 7 9 105 1 17313 6035 1.4 20 14 8 17 61% 106 15449 134 103%
c ]  0.25 14 26 8 9 106 1 18986 7431 1.4 21 15 8 17 62% 106 15449 134 103%
c {  0.25 14 18 8 9 106 1 18986 7431 1.8 16 9 7 12 54% 106 15449 134 103%
c -  0.26 14 18 8 10 181 2 20313 6655 1.7 16 9 6 11 56% 106 15449 134 103%
c -  0.30 14 17 8 11 399 2 23475 8162 1.7 15 9 6 10 56% 106 15449 134 103%
c o  0.30 14 17 8 11 442 2 23594 8274 1.7 15 9 6 10 56% 106 15449 134 103%
c }  0.33 14 17 9 11 621 2 25145 9656 1.7 15 9 6 10 57% 106 15449 134 103%
c [  0.33 14 26 9 11 621 1 25145 9656 1.4 21 15 8 17 62% 106 15449 134 103%
c W  0.33 15 26 9 11 621 1 25145 9656 1.4 21 15 8 17 62% 106 15449 134 103%
c
c seconds  switched   rate        size/glue  tier1    binary       remaining
c        MB  reductions conflicts       size   tier2     irredundant
c         level  restarts    redundant     glue    trail       variables
c
c -  0.34 16 25 9 12 622 1 26791 9463 1.4 20 15 8 17 63% 106 15449 134 103%
c s  0.36 16 25 9 12 623 1 27552 10113 1.4 20 15 8 17 64% 106 15443 134 103%
c e  0.36 16 25 9 12 623 1 27552 10113 1.4 20 15 8 17 64% 104 15446 133 102%
c s  0.37 16 25 9 12 623 1 27552 10113 1.4 20 15 8 17 64% 104 15443 133 102%
c ^  0.37 17 25 9 12 623 1 27552 10113 1.4 20 15 8 17 64% 104 15443 133 102%
c u  0.40 17 25 9 12 624 1 29579 11672 1.4 20 15 8 17 65% 104 15443 133 102%
c v  0.40 17 25 9 12 624 1 29579 11657 1.4 20 15 8 17 65% 104 15443 133 102%
c w  0.41 17 25 9 12 624 1 29579 11657 1.4 20 15 8 17 65% 104 15443 133 102%
c -  0.44 19 25 9 13 624 1 30256 9993 1.4 21 15 8 18 66% 104 15443 133 102%
c O  0.47 19 25 9 13 626 1 32673 11994 1.4 21 15 8 18 67% 104 15443 133 102%
c ]  0.47 19 25 10 13 626 1 33138 12386 1.4 21 15 8 18 66% 104 15443 133 102%
c {  0.47 19 17 10 13 626 2 33138 12386 1.7 15 9 6 10 57% 104 15443 133 102%
c -  0.48 19 17 10 14 650 2 33864 10605 1.7 15 9 6 10 58% 104 15443 133 102%
c -  0.54 19 17 10 15 884 2 37608 11842 1.7 15 9 6 10 60% 104 15443 133 102%
c -  0.62 20 17 10 16 1407 2 41480 13207 1.7 15 9 6 10 59% 104 15443 133 102%
c }  0.62 20 17 11 16 1417 2 41766 13455 1.7 15 9 6 10 59% 104 15443 133 102%
c [  0.62 20 25 11 16 1417 1 41766 13455 1.4 21 15 8 18 66% 104 15443 133 102%
c B  0.63 20 24 11 16 1417 1 42435 13974 1.4 20 15 8 18 66% 104 15443 133 102%
c -  0.67 20 25 11 17 1419 1 45480 13830 1.3 21 16 8 18 67% 104 15443 133 102%
c u  0.68 20 25 11 17 1419 1 45589 13908 1.3 21 16 8 18 67% 104 15443 133 102%
c
c seconds   switched    rate         size/glue  tier1    binary       remaining
c        MB   reductions  conflicts        size   tier2     irredundant
c         level    restarts     redundant     glue    trail       variables
c
c v  0.68 20 25 11 17 1419 1 45589 13883 1.3 21 16 8 18 67% 104 15443 133 102%
c w  0.69 20 25 11 17 1419 1 45589 13882 1.3 21 16 8 18 67% 104 15443 133 102%
c x  0.69 21 25 11 17 1419 1 45589 13881 1.3 21 16 8 18 67% 104 15442 133 102%
c o  0.69 21 25 11 17 1419 1 45589 13881 1.3 21 16 8 18 67% 104 15442 133 102%
c -  0.73 23 25 11 18 1422 1 49606 13727 1.3 21 16 8 19 68% 104 15442 133 102%
c -  0.77 23 25 11 19 1423 1 53849 14236 1.3 22 16 8 19 68% 104 15442 133 102%
c W  0.78 25 25 11 19 1424 1 54657 14904 1.3 22 16 8 19 68% 104 15442 133 102%
c ]  0.81 25 25 12 19 1426 1 57174 17026 1.3 22 16 8 19 68% 104 15442 133 102%
c {  0.81 25 17 12 19 1426 2 57174 17026 1.7 15 9 6 10 59% 104 15442 133 102%
c s  0.84 25 17 12 19 1549 2 57839 17594 1.6 15 9 6 10 59% 104 15418 133 102%
c e  0.85 25 17 12 19 1549 2 57839 17594 1.6 15 9 6 10 59%  96 15434 129 99%
c ^  0.86 25 17 12 19 1549 2 57839 17594 1.6 15 9 6 10 59%  96 15434 129 99%
c -  0.88 25 17 12 20 1646 2 58207 13257 1.6 15 9 6 10 59%  96 15434 129 99%
c -  0.94 25 17 12 21 1847 2 62679 15190 1.6 15 9 6 10 60%  96 15434 129 99%
c u  0.98 26 17 12 21 2013 2 65286 17472 1.6 15 9 6 10 60%  96 15434 129 99%
c v  0.99 26 17 12 21 2013 2 65286 17382 1.6 15 9 6 10 60%  96 15434 129 99%
c w  0.99 27 17 12 21 2013 2 65286 17372 1.6 15 9 6 10 60%  96 15434 129 99%
c -  1.02 27 16 12 22 2156 2 67261 16903 1.6 14 9 6 10 60%  96 15434 129 99%
c }  1.05 27 16 13 22 2308 2 68653 18175 1.6 14 9 6 10 60%  96 15434 129 99%
c [  1.05 27 25 13 22 2308 1 68653 18175 1.3 22 16 8 19 68%  96 15434 129 99%
c
c seconds   switched    rate         size/glue  tier1    binary       remaining
c        MB   reductions  conflicts        size   tier2     irredundant
c         level    restarts     redundant     glue    trail       variables
c
c I  1.06 27 24 13 22 2308 1 69561 18880 1.3 21 16 8 19 68%  96 15434 129 99%
c -  1.09 27 24 13 23 2310 1 71952 18487 1.3 21 16 8 19 68%  96 15434 129 99%
c -  1.15 27 24 13 24 2313 1 76747 19673 1.3 21 16 8 19 68%  96 15434 129 99%
c ]  1.21 27 23 14 24 2315 1 81237 23353 1.4 21 16 8 19 67%  96 15434 129 99%
c {  1.21 27 16 14 24 2315 2 81237 23353 1.6 14 9 6 10 60%  96 15434 129 99%
c o  1.21 27 16 14 24 2338 2 81322 23433 1.6 14 9 6 10 60%  96 15434 129 99%
c -  1.22 27 16 14 25 2366 2 81646 20687 1.6 15 9 6 10 60%  96 15434 129 99%
c -  1.29 27 16 14 26 2577 2 86646 19775 1.6 14 9 5 10 61%  96 15434 129 99%
c u  1.36 27 16 14 26 2925 2 88814 21717 1.6 14 9 5 10 61%  96 15434 129 99%
c v  1.37 27 16 14 26 2925 2 88814 21677 1.6 14 9 5 10 61%  96 15434 129 99%
c w  1.38 27 16 14 26 2925 2 88814 21675 1.6 14 9 5 10 61%  96 15434 129 99%
c x  1.38 27 16 14 26 2925 2 88814 21674 1.6 14 9 5 10 61%  96 15434 129 99%
c -  1.44 29 16 14 27 3188 2 91745 19707 1.6 14 9 5 10 61%  96 15434 129 99%
c }  1.50 29 16 15 27 3356 2 95954 23225 1.6 14 9 5 10 62%  96 15434 129 99%
c [  1.50 29 23 15 27 3356 1 95954 23225 1.4 21 16 8 19 67%  96 15434 129 99%
c B  1.50 29 23 15 27 3356 1 95954 23225 1.4 21 16 8 19 67%  96 15434 129 99%
c -  1.51 29 23 15 28 3356 1 96943 20141 1.4 21 16 8 18 67%  96 15434 129 99%
c -  1.57 29 23 15 29 3361 1 102235 19656 1.3 21 16 8 18 68%  96 15434 129 99%
c s  1.63 29 23 15 29 3362 1 106625 23248 1.3 21 16 8 18 68%  96 15284 129 99%
c e  1.64 29 23 15 29 3362 1 106625 23248 1.3 21 16 8 18 68%  89 15306 125 96%
c
c seconds   switched    rate          size/glue  tier1    binary       remaining
c        MB   reductions  conflicts         size   tier2     irredundant
c         level    restarts      redundant     glue    trail       variables
c
c s  1.66 29 23 15 29 3362 1 106625 23248 1.3 21 16 8 18 68%  89 15290 125 96%
c ^  1.66 29 23 15 29 3362 1 106625 23248 1.3 21 16 8 18 68%  89 15290 125 96%
c -  1.67 29 23 15 30 3362 1 107622 17554 1.3 21 16 8 18 68%  89 15290 125 96%
c -  1.73 29 23 15 31 3366 1 113100 18301 1.3 21 16 8 19 68%  89 15290 125 96%
c u  1.77 29 24 15 31 3368 1 116309 21140 1.3 21 16 8 19 68%  89 15290 125 96%
c v  1.78 29 24 15 31 3368 1 116309 21102 1.3 21 16 8 19 68%  89 15290 125 96%
c w  1.79 29 24 15 31 3368 1 116309 21101 1.3 21 16 8 19 68%  89 15290 125 96%
c x  1.79 29 24 15 31 3368 1 116309 21101 1.3 21 16 8 19 68%  89 15290 125 96%
c W  1.80 29 24 15 31 3369 1 116865 21598 1.3 21 16 8 19 68%  89 15290 125 96%
c -  1.82 29 24 15 32 3369 1 118667 19234 1.3 21 16 8 19 68%  89 15290 125 96%
c ]  1.87 29 23 16 32 3370 1 122742 22878 1.3 22 16 8 19 68%  89 15290 125 96%
c {  1.87 29 16 16 32 3370 2 122742 22878 1.6 14 9 5 10 62%  89 15290 125 96%
c o  1.87 29 16 16 32 3371 2 122746 22882 1.6 14 9 5 10 62%  89 15290 125 96%
c -  1.89 29 16 16 33 3417 2 124323 20991 1.6 14 9 5 10 61%  89 15290 125 96%
c -  2.01 29 16 16 34 3858 2 130068 22481 1.6 14 9 5 10 61%  89 15290 125 96%
c -  2.11 30 15 16 35 4229 2 135900 23251 1.6 14 9 5 10 61%  89 15290 125 96%
c }  2.22 30 16 17 35 4716 2 141079 27825 1.6 14 9 5 10 61%  89 15290 125 96%
c [  2.22 30 23 17 35 4716 1 141079 27825 1.3 22 16 8 19 68%  89 15290 125 96%
c O  2.22 30 23 17 35 4716 1 141091 27837 1.3 22 16 8 19 68%  89 15290 125 96%
c -  2.24 30 23 17 36 4716 1 141816 24476 1.3 21 16 8 18 68%  89 15290 125 96%
c
c seconds   switched    rate          size/glue  tier1    binary       remaining
c        MB   reductions  conflicts         size   tier2     irredundant
c         level    restarts      redundant     glue    trail       variables
c
c -  2.31 30 23 17 37 4721 1 147816 24693 1.3 21 16 8 18 68%  89 15290 125 96%
c u  2.33 30 23 17 37 4721 1 147891 24633 1.3 21 16 8 18 68%  89 15290 125 96%
c v  2.34 30 23 17 37 4721 1 147891 24486 1.3 21 16 8 18 68%  89 15290 125 96%
c w  2.34 30 23 17 37 4721 1 147891 24461 1.3 21 16 8 18 68%  89 15290 125 96%
c x  2.35 30 23 17 37 4721 1 147891 24460 1.3 21 16 8 18 68%  89 15184 125 96%
c -  2.43 30 24 17 38 4723 1 153898 23631 1.3 22 16 8 19 69%  89 15184 125 96%
c -  2.52 30 23 17 39 4728 1 160062 23743 1.3 22 16 8 19 70%  89 15184 125 96%
c -  2.60 32 23 17 40 4730 1 166306 24567 1.3 22 16 8 19 70%  89 15184 125 96%
c B  2.63 32 23 17 40 4730 1 168834 26649 1.3 22 16 8 19 70%  89 15184 125 96%
c ]  2.65 32 23 18 40 4730 1 169637 27397 1.3 22 16 8 19 70%  89 15184 125 96%
c {  2.65 32 16 18 40 4730 2 169637 27397 1.6 14 9 5 10 61%  89 15184 125 96%
c -  2.72 32 15 18 41 5161 2 172630 25318 1.6 14 9 5 10 60%  89 15184 125 96%
c o  2.72 32 15 18 41 5202 2 172800 25460 1.6 14 9 5 10 60%  89 15184 125 96%
c s  2.80 32 15 18 41 5619 2 176025 27884 1.6 14 9 5 10 60%  89 14799 125 96%
c e  2.80 32 15 18 41 5619 2 176025 27884 1.6 14 9 5 10 60%  72 14904 113 87%
c s  2.82 32 15 18 41 5619 2 176025 27884 1.6 14 9 5 10 60%  72 14895 113 87%
c ^  2.83 32 15 18 41 5619 2 176025 27884 1.6 14 9 5 10 60%  72 14895 113 87%
c -  2.89 32 15 18 42 6085 2 179033 16022 1.5 14 9 5 10 60%  72 14895 113 87%
c u  2.97 32 15 18 42 6445 2 183669 19379 1.5 14 9 5 10 59%  72 14895 113 87%
c v  2.98 32 15 18 42 6445 2 183669 19238 1.5 14 9 5 10 59%  72 14895 113 87%
c
c seconds   switched    rate          size/glue tier1    binary       remaining
c        MB   reductions  conflicts         size  tier2     irredundant
c         level    restarts      redundant    glue    trail       variables
c
c w  2.99 32 15 18 42 6445 2 183669 19216 1.5 14 9 5 10 59%  72 14895 113 87%
c x  3.00 32 15 18 42 6445 2 183669 19209 1.5 14 9 5 10 59%  72 14597 113 87%
c -  3.05 32 15 18 43 6642 2 185514 18117 1.5 14 9 5 10 59%  72 14597 113 87%
c }  3.16 32 15 19 43 7362 2 191983 22966 1.5 14 9 5 10 59%  72 14597 113 87%
c [  3.16 32 23 19 43 7362 1 191983 22966 1.3 22 16 8 19 70%  72 14597 113 87%
c -  3.17 32 23 19 44 7362 1 192071 19890 1.3 22 16 8 19 70%  72 14597 113 87%
c -  3.23 32 22 19 45 7367 1 198706 20917 1.3 21 16 8 18 69%  72 14597 113 87%
c W  3.24 32 22 19 45 7367 1 200285 22079 1.3 21 16 8 18 69%  72 14597 113 87%
c -  3.30 34 23 19 46 7369 1 205414 20704 1.3 21 16 8 18 69%  72 14597 113 87%
c -  3.39 34 23 19 47 7374 1 212196 19723 1.3 21 16 8 18 70%  72 14597 113 87%
c -  3.46 34 23 19 48 7376 1 219051 20031 1.3 21 16 8 18 70%  72 14597 113 87%
c u  3.53 35 23 19 48 7376 1 223916 24287 1.3 21 16 8 18 70%  72 14597 113 87%
c v  3.54 35 23 19 48 7376 1 223916 24267 1.3 21 16 8 18 70%  72 14597 113 87%
c w  3.55 36 23 19 48 7376 1 223916 24255 1.3 21 16 8 18 70%  72 14597 113 87%
c x  3.56 36 23 19 48 7376 1 223916 24250 1.3 21 16 8 18 70%  72 14322 113 87%
c -  3.59 36 23 19 49 7377 1 225980 21370 1.3 21 16 8 18 70%  72 14322 113 87%
c -  3.68 36 23 19 50 7382 1 232980 23170 1.4 21 16 8 18 70%  72 14322 113 87%
c I  3.72 36 23 19 50 7383 1 235636 25496 1.4 21 15 8 18 70%  72 14322 113 87%
c o  3.72 36 23 19 50 7383 1 235636 25496 1.4 21 15 8 18 70%  72 14322 113 87%
c ]  3.75 36 22 20 50 7385 1 239466 28985 1.4 21 15 8 18 70%  72 14322 113 87%
c
c seconds   switched    rate          size/glue tier1    binary       remaining
c        MB   reductions  conflicts         size  tier2     irredundant
c         level    restarts      redundant    glue    trail       variables
c
c {  3.75 36 15 20 50 7385 2 239466 28985 1.5 14 9 5 10 59%  72 14322 113 87%
c -  3.77 36 15 20 51 7448 2 240054 24852 1.5 14 9 5 10 59%  72 14322 113 87%
c -  3.88 36 15 20 52 7721 2 247195 25549 1.5 14 9 5 10 59%  72 14322 113 87%
c -  4.00 36 15 20 53 8077 2 254408 25885 1.5 14 9 5 10 59%  72 14322 113 87%
c -  4.13 36 15 20 54 8517 2 261689 26909 1.5 14 9 5 10 60%  72 14322 113 87%
c }  4.24 36 15 21 54 9172 2 266205 30976 1.5 14 9 5 10 60%  72 14322 113 87%
c [  4.24 36 22 21 54 9172 1 266205 30976 1.4 21 15 8 18 70%  72 14322 113 87%
c s  4.28 36 22 21 54 9173 1 268172 32606 1.4 21 15 8 18 70%  72 13672 113 87%
c e  4.28 36 22 21 54 9173 1 268172 32606 1.4 21 15 8 18 70%  59 13792 104 80%
c !  4.29 36 22 21 54 9173 1 268172 32606 1.4 21 15 8 18 70%  59 13792 104 80%
c u  4.31 36 22 21 54 9174 1 268623 17041 1.4 21 15 8 18 70%  59 13792 104 80%
c v  4.33 36 22 21 54 9174 1 268623 16605 1.4 21 15 8 18 70%  59 13792 104 80%
c w  4.33 36 22 21 54 9174 1 268623 16601 1.4 21 15 8 18 70%  59 13792 104 80%
c x  4.34 36 22 21 54 9174 1 268623 16585 1.4 21 15 8 18 70%  59 13706 104 80%
c f  4.35 36 22 21 54 9174 1 268623 16585 1.4 21 15 8 18 70%  62 13686 105 81%
c u  4.36 39 22 21 54 9174 1 268623 16426 1.4 21 15 8 18 70%  62 13686 105 81%
c v  4.38 39 22 21 54 9174 1 268623 16329 1.4 21 15 8 18 70%  62 13686 105 81%
c w  4.38 39 22 21 54 9174 1 268623 16312 1.4 21 15 8 18 70%  62 13686 105 81%
c x  4.40 39 22 21 54 9174 1 268623 16306 1.4 21 15 8 18 70%  62 13403 105 81%
c -  4.46 40 22 21 55 9174 1 269038 14722 1.4 21 15 8 18 70%  62 13403 105 81%
c
c seconds   switched    rate          size/glue  tier1    binary       remaining
c        MB   reductions  conflicts         size   tier2     irredundant
c         level    restarts      redundant     glue    trail       variables
c
c B  4.51 40 22 21 55 9178 1 275077 19837 1.4 21 15 8 18 70%  62 13403 105 81%
c -  4.52 40 22 21 56 9178 1 276455 17872 1.4 21 15 8 18 70%  62 13403 105 81%
c -  4.61 42 22 21 57 9183 1 283939 21108 1.4 21 15 8 18 70%  62 13403 105 81%
c -  4.71 42 22 21 58 9186 1 291488 22801 1.4 21 15 8 18 71%  62 13403 105 81%
c -  4.79 42 21 21 59 9186 1 299103 23571 1.4 21 15 7 17 71%  62 13403 105 81%
c -  4.89 42 21 21 60 9192 1 306784 23971 1.4 21 15 7 17 71%  62 13403 105 81%
c ]  4.96 42 21 22 60 9194 1 312592 28675 1.4 20 15 7 17 71%  62 13403 105 81%
c {  4.96 42 15 22 60 9194 2 312592 28675 1.5 14 9 5 10 60%  62 13403 105 81%
c o  4.96 42 15 22 60 9201 2 312614 28697 1.5 14 9 5 10 60%  62 13403 105 81%
c -  4.98 42 15 22 61 9211 2 314529 24829 1.5 14 9 5 10 60%  62 13403 105 81%
c u  5.04 43 15 22 61 9212 2 318199 28122 1.5 14 9 5 10 61%  62 13403 105 81%
c v  5.06 43 15 22 61 9212 2 318199 28100 1.5 14 9 5 10 61%  62 13403 105 81%
c w  5.06 44 15 22 61 9212 2 318199 28099 1.5 14 9 5 10 61%  62 13403 105 81%
c x  5.07 44 15 22 61 9212 2 318199 28097 1.5 14 9 5 10 61%  62 13094 105 81%
c -  5.12 46 15 22 62 9216 2 322339 26945 1.6 14 9 5 10 61%  62 13094 105 81%
c -  5.23 46 15 22 63 9261 2 330213 28271 1.6 14 9 5 10 62%  62 13094 105 81%
c -  5.32 46 14 22 64 9274 2 338150 30017 1.6 14 9 5 9 63%  62 13094 105 81%
c }  5.41 46 14 23 64 9319 2 344109 35286 1.6 14 9 5 9 63%  62 13094 105 81%
c [  5.41 46 21 23 64 9319 1 344109 35286 1.4 20 15 7 17 71%  62 13094 105 81%
c W  5.41 46 21 23 64 9319 1 344109 35286 1.4 20 15 7 17 71%  62 13094 105 81%
c
c seconds   switched    rate          size/glue  tier1    binary       remaining
c        MB   reductions  conflicts         size   tier2     irredundant
c         level    restarts      redundant     glue    trail       variables
c
c -  5.43 49 21 23 65 9320 1 346151 30906 1.4 20 15 7 17 71%  62 13094 105 81%
c -  5.53 50 21 23 66 9325 1 354213 31241 1.4 20 15 7 17 72%  62 13094 105 81%
c -  5.64 50 21 23 67 9330 1 362338 31997 1.4 20 14 7 17 72%  62 13094 105 81%
c -  5.77 50 21 23 68 9333 1 370523 33209 1.4 20 14 7 17 72%  62 13094 105 81%
c u  5.82 51 21 23 68 9333 1 372500 34661 1.4 20 14 7 17 73%  62 13094 105 81%
c v  5.84 51 21 23 68 9333 1 372500 34601 1.4 20 14 7 17 73%  62 13094 105 81%
c w  5.85 52 21 23 68 9333 1 372500 34584 1.4 20 14 7 17 73%  62 13094 105 81%
c x  5.86 52 21 23 68 9333 1 372500 34579 1.4 20 14 7 17 73%  62 12958 105 81%
c ]  5.87 52 21 24 68 9333 1 373208 35152 1.4 20 14 7 17 73%  62 12958 105 81%
c {  5.87 52 14 24 68 9333 2 373208 35152 1.6 14 9 5 9 63%  62 12958 105 81%
c -  5.98 54 14 24 69 9779 2 378769 34042 1.6 14 9 5 9 63%  62 12958 105 81%
c s  6.09 54 14 24 69 9933 2 385648 39659 1.6 14 9 5 9 63%  62 12763 105 81%
c e  6.10 54 14 24 69 9933 2 385648 39659 1.6 14 9 5 9 63%  60 12777 103 79%
c -  6.13 56 14 24 70 10052 2 387078 34686 1.6 14 9 5 9 63%  60 12777 103 79%
c o  6.25 56 14 24 70 10579 2 392622 39395 1.6 14 9 5 9 63%  60 12777 103 79%
c -  6.31 59 14 24 71 10831 2 395445 35854 1.6 14 9 5 9 63%  60 12777 103 79%
c -  6.52 61 15 24 72 11794 2 403871 37570 1.6 14 9 5 9 63%  60 12777 103 79%
c }  6.61 61 14 25 72 11964 2 409886 42122 1.6 14 9 5 9 63%  60 12777 103 79%
c [  6.61 61 21 25 72 11964 1 409886 42122 1.4 20 14 7 17 73%  60 12777 103 79%
c O  6.61 61 21 25 72 11964 1 409886 42122 1.4 20 14 7 17 73%  60 12777 103 79%
c
c seconds   switched     rate          size/glue  tier1    binary       remaining
c        MB   reductions   conflicts         size   tier2     irredundant
c         level    restarts       redundant     glue    trail       variables
c
c -  6.66 61 21 25 73 11966 1 412356 38524 1.4 20 14 7 17 72%  60 12777 103 79%
c -  6.77 61 20 25 74 11970 1 420901 39200 1.4 20 14 7 17 71%  60 12777 103 79%
c -  6.87 61 20 25 75 11976 1 429503 40657 1.4 20 14 7 17 71%  60 12777 103 79%
c u  6.92 61 20 25 75 11977 1 431549 42247 1.4 20 14 7 17 71%  60 12777 103 79%
c v  6.94 61 20 25 75 11977 1 431549 41926 1.4 20 14 7 17 71%  60 12777 103 79%
c w  6.95 61 20 25 75 11977 1 431549 41880 1.4 20 14 7 17 71%  60 12777 103 79%
c x  6.97 61 20 25 75 11977 1 431549 41877 1.4 20 14 7 17 71%  60 12743 103 79%
c -  7.07 64 20 25 76 11978 1 438163 41047 1.4 19 14 7 16 71%  60 12743 103 79%
c -  7.19 64 19 25 77 11981 1 446881 42478 1.4 19 14 7 16 70%  60 12743 103 79%
c -  7.33 64 19 25 78 11986 1 455655 43512 1.4 19 13 7 16 70%  60 12743 103 79%
c ]  7.37 64 19 26 78 11988 1 458491 45673 1.4 19 13 7 16 70%  60 12743 103 79%
c {  7.37 64 14 26 78 11988 2 458491 45673 1.6 14 9 5 9 63%  60 12743 103 79%
c -  7.53 64 14 26 79 12636 2 464486 44913 1.6 14 9 5 9 63%  61 12743 103 79%
c -  7.74 64 15 26 80 13211 2 473376 45730 1.6 14 9 5 9 64%  61 12743 103 79%
c -  7.91 64 14 26 81 13686 2 482320 46285 1.6 14 9 5 9 64%  61 12743 103 79%
c o  7.94 64 14 26 81 13699 2 484647 48213 1.6 14 9 5 9 64%  61 12743 103 79%
c -  8.07 64 14 26 82 13875 2 491320 47771 1.6 14 9 5 9 64%  61 12743 103 79%
c u  8.19 69 14 26 82 14174 2 495462 51159 1.6 14 9 5 9 64%  61 12743 103 79%
c v  8.22 69 14 26 82 14174 2 495462 51040 1.6 14 9 5 9 64%  61 12743 103 79%
c w  8.23 69 14 26 82 14174 2 495462 51036 1.6 14 9 5 9 64%  61 12743 103 79%
c
c seconds   switched     rate          size/glue tier1   binary       remaining
c        MB   reductions   conflicts         size  tier2    irredundant
c         level    restarts       redundant    glue   trail       variables
c
c x  8.25 69 14 26 82 14174 2 495462 51033 1.6 14 9 5 9 64%  61 12652 103 79%
c -  8.37 73 14 26 83 14492 2 500379 49076 1.6 14 9 5 9 64%  61 12652 103 79%
c }  8.37 73 14 27 83 14492 2 500711 49380 1.6 14 9 5 9 64%  61 12652 103 79%
c [  8.37 73 19 27 83 14492 1 500711 49380 1.4 19 13 7 16 70%  61 12652 103 79%
c B  8.37 73 19 27 83 14492 1 500711 49380 1.4 19 13 7 16 70%  61 12652 103 79%
c -  8.52 73 19 27 84 14498 1 509490 49235 1.4 19 13 7 16 70%  61 12652 103 79%
c -  8.67 74 19 27 85 14503 1 518655 48901 1.4 19 13 7 16 70%  61 12652 103 79%
c -  8.83 74 19 27 86 14506 1 527876 49909 1.4 19 13 7 16 71%  61 12652 103 79%
c s  8.88 74 19 27 86 14506 1 530632 52169 1.4 19 13 7 16 71%  61 12490 103 79%
c -  9.02 78 19 27 87 14509 1 537149 51683 1.4 19 13 7 16 71%  61 12490 103 79%
c -  9.20 78 19 27 88 14514 1 546477 52881 1.4 19 13 7 16 71%  61 12490 103 79%
c ]  9.28 78 19 28 88 14518 1 551585 57392 1.4 19 13 7 16 71%  61 12490 103 79%
c {  9.28 78 14 28 88 14518 2 551585 57392 1.6 14 9 5 9 64%  61 12490 103 79%
c -  9.37 78 14 28 89 14750 2 555857 52662 1.6 14 9 5 9 64%  61 12490 103 79%
c u  9.57 80 14 28 89 15114 2 564265 59401 1.6 14 9 5 9 64%  62 12490 103 79%
c v  9.60 80 14 28 89 15114 2 564265 59294 1.6 14 9 5 9 64%  62 12490 103 79%
c w  9.61 80 14 28 89 15114 2 564265 59280 1.6 14 9 5 9 64%  62 12490 103 79%
c x  9.63 80 14 28 89 15114 2 564265 59273 1.6 14 9 5 9 64%  62 12440 103 79%
c -  9.68 80 14 28 90 15228 2 565290 53382 1.6 14 9 5 9 64%  62 12440 103 79%
c -  9.93 80 14 28 91 16132 2 574776 47086 1.6 14 9 4 9 64%  62 12440 103 79%
c
c seconds   switched     rate          size/glue tier1   binary       remaining
c        MB   reductions   conflicts         size  tier2    irredundant
c         level    restarts       redundant    glue   trail       variables
c
c - 10.13 80 14 28 92 16698 2 584316 46021 1.6 14 9 4 9 64%  62 12440 103 79%
c o 10.18 80 14 28 92 16769 2 587240 48277 1.6 14 9 4 9 64%  62 12440 103 79%
c - 10.31 81 14 28 93 17191 2 593907 45441 1.6 14 9 4 9 64%  62 12440 103 79%
c } 10.42 81 14 29 93 17448 2 599725 50653 1.6 14 9 4 9 64%  63 12440 103 79%
c [ 10.42 81 19 29 93 17448 1 599725 50653 1.4 19 13 7 16 71%  63 12440 103 79%
c W 10.42 81 19 29 93 17448 1 599725 50653 1.4 19 13 7 16 71%  63 12440 103 79%
c - 10.48 81 19 29 94 17450 1 603552 45663 1.4 19 13 6 16 72%  63 12440 103 79%
c - 10.62 81 19 29 95 17456 1 613248 44563 1.4 19 13 6 15 72%  63 12440 103 79%
c - 10.77 81 19 29 96 17461 1 622997 43177 1.4 19 13 6 15 72%  63 12440 103 79%
c - 10.93 81 19 29 97 17463 1 632795 42658 1.4 19 14 6 15 72%  63 12440 103 79%
c u 11.04 85 19 29 97 17467 1 638116 46987 1.4 19 14 6 15 72%  63 12440 103 79%
c v 11.07 85 19 29 97 17467 1 638116 46864 1.4 19 14 6 15 72%  63 12440 103 79%
c w 11.09 86 19 29 97 17467 1 638116 46809 1.4 19 14 6 15 72%  63 12440 103 79%
c x 11.11 87 19 29 97 17467 1 638116 46803 1.4 19 14 6 15 72%  63 12384 103 79%
c - 11.30 90 19 29 98 17469 1 642643 42988 1.4 19 14 6 15 72%  63 12384 103 79%
c - 11.46 90 19 29 99 17475 1 652542 43046 1.4 19 14 6 15 72%  63 12384 103 79%
c I 11.62 90 19 29 99 17477 1 662275 51592 1.4 19 14 6 15 72%  63 12384 103 79%
c - 11.63 93 19 29 100 17477 1 662492 43820 1.4 19 14 6 15 72%  63 12384 103 79%
c ] 11.64 93 19 30 100 17477 1 663694 44778 1.4 19 14 6 15 72%  63 12384 103 79%
c { 11.64 93 14 30 100 17477 2 663694 44778 1.6 14 9 4 9 64%  63 12384 103 79%
c
c seconds   switched      rate          size/glue tier1   binary       remaining
c        MB   reductions    conflicts         size  tier2    irredundant
c         level     restarts       redundant    glue   trail       variables
c
c - 11.80 93 14 30 101 17929 2 672492 45744 1.6 14 9 4 9 64%  63 12384 103 79%
c - 11.98 93 14 30 102 18265 2 682541 46529 1.6 14 9 4 9 64%  64 12384 103 79%
c - 12.19 93 14 30 103 19045 2 692641 47529 1.5 14 9 4 9 64%  64 12384 103 79%
c o 12.27 93 14 30 103 19189 2 698588 52026 1.5 14 9 4 9 64%  64 12384 103 79%
c - 12.34 93 14 30 104 19363 2 702790 47868 1.5 14 9 4 9 64%  64 12384 103 79%
c s 12.37 93 14 30 104 19363 2 704157 48774 1.5 14 9 4 9 64%  64 12242 103 79%
c - 12.53 93 14 30 105 19549 2 712991 48464 1.5 13 9 4 9 64%  65 12242 103 79%
c u 12.64 93 13 30 105 19665 2 716966 48665 1.5 13 9 4 9 64%  66 12242 103 79%
c v 12.67 93 13 30 105 19665 2 716966 48306 1.5 13 9 4 9 64%  66 12242 103 79%
c w 12.68 93 13 30 105 19665 2 716966 48264 1.5 13 9 4 9 64%  66 12242 103 79%
c x 12.70 93 13 30 105 19665 2 716966 48264 1.5 13 9 4 9 64%  66 12238 103 79%
c t 12.70 93 13 30 105 19665 2 716966 48264 1.5 13 9 4 9 64%  64 12238 103 79%
c } 12.74 93 14 31 105 19847 2 718128 49309 1.5 13 9 4 9 64%  64 12238 103 79%
c [ 12.74 93 19 31 105 19847 1 718128 49309 1.4 19 14 6 15 72%  64 12238 103 79%
c - 12.83 93 19 31 106 19850 1 723237 44999 1.4 19 14 6 15 72%  64 12238 103 79%
c B 12.92 93 20 31 106 19853 1 729958 50996 1.4 20 14 6 15 72%  64 12238 103 79%
c - 12.97 93 20 31 107 19856 1 733532 43722 1.4 20 14 6 15 72%  64 12238 103 79%
c - 13.10 93 20 31 108 19861 1 743876 44667 1.4 20 14 6 15 72%  64 12238 103 79%
c - 13.28 93 19 31 109 19864 1 754268 47352 1.4 19 14 6 15 72%  64 12238 103 79%
c - 13.42 93 19 31 110 19870 1 764709 48562 1.4 19 14 6 15 72%  64 12238 103 79%
c
c seconds   switched      rate          size/glue  tier1    binary       remaining
c        MB   reductions    conflicts         size   tier2     irredundant
c         level     restarts       redundant     glue    trail       variables
c
c - 13.58 93 19 31 111 19875 1 775197 47706 1.4 19 13 6 15 72%  64 12238 103 79%
c ] 13.72 93 19 32 111 19876 1 783492 54733 1.4 19 13 6 15 72%  64 12238 103 79%
c { 13.72 93 14 32 111 19876 2 783492 54733 1.5 13 9 4 9 64%  64 12238 103 79%
c - 13.79 93 14 32 112 20162 2 785732 48651 1.5 14 9 4 9 64%  64 12238 103 79%
c - 14.11 93 14 32 113 21381 2 796315 50062 1.5 14 9 4 9 64%  64 12238 103 79%
c u 14.22 93 14 32 113 21563 2 800958 53433 1.5 14 9 4 9 64%  64 12238 103 79%
c v 14.27 93 14 32 113 21563 2 800958 53254 1.5 14 9 4 9 64%  64 12238 103 79%
c w 14.29 93 14 32 113 21563 2 800958 53237 1.5 14 9 4 9 64%  64 12238 103 79%
c - 14.45 93 14 32 114 22241 2 806946 49775 1.5 14 9 4 9 64%  64 12238 103 79%
c - 14.69 93 14 32 115 23029 2 817624 51187 1.5 14 9 4 9 64%  64 12238 103 79%
c o 14.73 93 14 32 115 23209 2 818815 52245 1.5 14 9 4 9 64%  64 12238 103 79%
c - 14.92 93 14 32 116 23617 2 828348 52208 1.5 14 9 4 9 64%  64 12238 103 79%
c - 15.08 93 14 32 117 23758 2 839119 52104 1.5 14 9 4 9 64%  67 12238 103 79%
c } 15.15 93 13 33 117 23758 2 844597 55984 1.5 13 9 4 9 64%  71 12238 103 79%
c [ 15.15 93 19 33 117 23758 1 844597 55984 1.4 19 13 6 15 72%  71 12238 103 79%
c W 15.16 93 19 33 117 23758 1 844597 55984 1.4 19 13 6 15 72%  71 12238 103 79%
c - 15.24 94 19 33 118 23762 1 849935 51934 1.4 19 13 6 15 72%  71 12238 103 79%
c - 15.43 94 19 33 119 23767 1 860798 53620 1.4 19 13 6 15 72%  71 12238 103 79%
c - 15.61 94 18 33 120 23772 1 871706 55677 1.4 19 13 6 15 72%  71 12238 103 79%
c - 15.82 94 18 33 121 23776 1 882660 56133 1.4 19 13 6 15 71%  71 12238 103 79%
c
c seconds   switched      rate          size/glue  tier1    binary       remaining
c        MB   reductions    conflicts         size   tier2     irredundant
c         level     restarts       redundant     glue    trail       variables
c
c u 15.98 94 18 33 121 23780 1 890032 62106 1.5 19 13 6 15 71%  71 12238 103 79%
c v 16.02 94 18 33 121 23780 1 890032 61897 1.5 19 13 6 15 71%  71 12238 103 79%
c w 16.04 94 18 33 121 23780 1 890032 61821 1.5 19 13 6 15 71%  71 12238 103 79%
c x 16.07 94 18 33 121 23780 1 890032 61819 1.5 19 13 6 15 71%  71 12181 103 79%
c t 16.07 94 18 33 121 23780 1 890032 61819 1.5 19 13 6 15 71%  70 12181 103 79%
c - 16.15 94 18 33 122 23782 1 893660 57136 1.5 18 13 6 15 71%  70 12181 103 79%
c - 16.36 94 17 33 123 23787 1 904705 57523 1.5 18 13 6 15 71%  70 12181 103 79%
c s 16.44 94 17 33 123 23787 1 907801 59922 1.5 18 12 6 15 71%  70 12135 103 79%
c ] 16.58 94 17 34 123 23788 1 914935 65517 1.5 18 12 6 15 71%  70 12135 103 79%
c { 16.58 94 13 34 123 23788 2 914935 65517 1.5 13 9 4 9 64%  70 12135 103 79%
c - 16.63 94 13 34 124 23926 2 915795 57656 1.5 13 9 4 9 64%  70 12135 103 79%
c - 17.03 94 14 34 125 25438 2 926930 57989 1.5 14 9 4 9 64%  70 12135 103 79%
c - 17.37 94 14 34 126 26386 2 938111 56180 1.5 14 9 4 9 63%  70 12135 103 79%
c o 17.74 94 14 34 126 27461 2 948898 64521 1.5 14 9 4 9 63%  70 12135 103 79%
c - 17.77 94 14 34 127 27514 2 949337 56725 1.5 14 9 4 9 63%  70 12135 103 79%
c - 18.04 94 14 34 128 28316 2 960606 57194 1.5 14 9 4 9 62%  70 12135 103 79%
c - 18.44 94 14 34 129 29614 2 971919 57886 1.5 14 9 4 9 62%  70 12135 103 79%
c } 18.83 94 14 35 129 30871 2 983081 66669 1.5 14 9 4 9 62%  70 12135 103 79%
c [ 18.83 94 17 35 129 30871 1 983081 66669 1.5 18 12 6 15 71%  70 12135 103 79%
c O 18.83 94 17 35 129 30871 1 983081 66669 1.5 18 12 6 15 71%  70 12135 103 79%
c
c seconds   switched      rate          size/glue  tier1    binary       remaining
c        MB   reductions    conflicts         size   tier2     irredundant
c         level     restarts       redundant     glue    trail       variables
c
c - 18.84 94 17 35 130 30871 1 983277 58720 1.5 18 12 6 15 71%  70 12135 103 79%
c u 18.93 94 17 35 130 30872 1 984297 59074 1.5 18 12 6 15 71%  71 12135 103 79%
c v 18.99 94 17 35 130 30872 1 984297 58721 1.5 18 12 6 15 71%  71 12135 103 79%
c w 19.02 94 17 35 130 30872 1 984297 58627 1.5 18 12 6 15 71%  71 12135 103 79%
c x 19.07 94 17 35 130 30872 1 984297 58600 1.5 18 12 6 15 71%  71 11354 103 79%
c t 19.07 94 17 35 130 30872 1 984297 58600 1.5 18 12 6 15 71%  70 11354 103 79%
c - 19.26 94 17 35 131 30877 1 994678 56755 1.5 18 13 6 15 70%  70 11354 103 79%
c - 19.48 94 17 35 132 30884 1 1006124 55446 1.5 18 13 6 15 70%  70 11354 103 79%
c - 19.71 94 17 35 133 30887 1 1017614 56107 1.4 18 13 6 15 71%  70 11354 103 79%
c - 19.94 94 17 35 134 30893 1 1029146 54568 1.4 18 13 6 14 71%  70 11354 103 79%
c - 20.16 94 17 35 135 30899 1 1040722 54643 1.4 18 13 6 14 70%  70 11354 103 79%
c - 20.35 94 17 35 136 30901 1 1052340 54606 1.4 18 13 6 14 70%  70 11354 103 79%
c - 20.57 94 17 35 137 30901 1 1064001 54414 1.4 18 13 6 14 70%  70 11354 103 79%
c B 20.63 94 17 35 137 30903 1 1067118 56639 1.4 18 13 6 14 70%  70 11354 103 79%
c - 20.77 94 18 35 138 30908 1 1075705 54917 1.4 19 13 6 14 71%  70 11354 103 79%
c u 20.97 94 18 35 138 30914 1 1084638 62321 1.4 19 13 6 14 71%  70 11354 103 79%
c v 21.01 94 18 35 138 30914 1 1084638 62228 1.4 19 13 6 14 71%  70 11354 103 79%
c w 21.03 94 18 35 138 30914 1 1084638 61109 1.4 19 13 6 14 71%  70 11354 103 79%
c x 21.06 94 18 35 138 30914 1 1084638 61101 1.4 19 13 6 14 71%  70 11028 103 79%
c - 21.12 94 18 35 139 30915 1 1087452 51768 1.4 19 13 6 14 71%  70 11028 103 79%
c
c seconds   switched      rate           size/glue  tier1    binary       remaining
c        MB   reductions     conflicts         size   tier2     irredundant
c         level     restarts        redundant     glue    trail       variables
c
c - 21.33 94 18 35 140 30917 1 1099241 51528 1.4 19 13 6 14 71%  70 11028 103 79%
c - 21.51 94 18 35 141 30924 1 1111075 53193 1.4 19 13 6 14 71%  70 11028 103 79%
c - 21.68 94 18 35 142 30930 1 1122950 54234 1.4 19 13 6 14 71%  70 11028 103 79%
c ] 21.78 94 18 36 142 30931 1 1130482 60203 1.4 19 13 6 14 71%  70 11028 103 79%
c { 21.78 94 14 36 142 30931 2 1130482 60203 1.5 14 9 4 9 62%  70 11028 103 79%
c o 21.78 94 14 36 142 30941 2 1130536 60253 1.5 14 9 4 9 62%  70 11028 103 79%
c - 21.92 94 14 36 143 31328 2 1134867 54575 1.5 14 9 4 9 62%  70 11028 103 79%
c s 22.13 94 14 36 143 31635 2 1142876 60882 1.5 14 9 4 9 62%  70 10239 103 79%
c - 22.25 94 14 36 144 31993 2 1146826 56476 1.5 14 9 4 9 62%  70 10239 103 79%
c - 22.57 94 14 36 145 32797 2 1158826 58096 1.5 14 9 4 9 63%  70 10239 103 79%
c - 22.79 94 14 36 146 33027 2 1170867 58414 1.5 14 9 4 9 63%  72 10239 103 79%
c i 22.80 94 14 36 146 33027 2 1171187 58562 1.5 14 9 4 9 63%  78 10239 102 78%
c - 23.14 94 14 36 147 34069 2 1182950 46921 1.5 14 9 4 9 63%  65 10239 102 78%
c u 23.35 94 14 36 147 34437 2 1190674 52672 1.5 14 9 4 9 63%  66 10239 102 78%
c v 23.40 94 14 36 147 34437 2 1190674 52419 1.5 14 9 4 9 63%  66 10239 102 78%
c w 23.42 94 14 36 147 34437 2 1190674 52377 1.5 14 9 4 9 63%  66 10239 102 78%
c x 23.45 94 14 36 147 34437 2 1190674 52370 1.5 14 9 4 9 63%  66 10170 102 78%
c t 23.45 94 14 36 147 34437 2 1190674 52370 1.5 14 9 4 9 63%  65 10170 102 78%
c - 23.55 94 14 36 148 34607 2 1195074 51849 1.5 14 9 4 9 64%  65 10170 102 78%
c } 23.76 94 14 37 148 34959 2 1206040 60656 1.5 14 9 4 9 64%  65 10170 102 78%
c
c seconds   switched      rate           size/glue  tier1    binary       remaining
c        MB   reductions     conflicts         size   tier2     irredundant
c         level     restarts        redundant     glue    trail       variables
c
c [ 23.76 94 18 37 148 34959 1 1206040 60656 1.4 19 13 6 14 71%  65 10170 102 78%
c W 23.77 94 18 37 148 34959 1 1206040 60656 1.4 19 13 6 14 71%  65 10170 102 78%
c - 23.79 94 18 37 149 34960 1 1207240 53154 1.4 19 13 6 14 71%  65 10170 102 78%
c - 23.97 94 18 37 150 34966 1 1219446 51646 1.4 19 13 6 14 71%  65 10170 102 78%
c - 24.19 94 18 37 151 34973 1 1231693 50195 1.4 19 13 6 14 70%  65 10170 102 78%
c - 24.39 94 18 37 152 34977 1 1243982 51828 1.4 19 13 6 14 70%  65 10170 102 78%
c - 24.60 94 18 37 153 34984 1 1256312 51946 1.4 19 13 5 14 70%  65 10170 102 78%
c - 24.83 94 18 37 154 34988 1 1268682 53469 1.4 19 13 5 14 70%  65 10170 102 78%
c - 25.05 94 17 37 155 34989 1 1281091 54667 1.4 18 13 5 14 69%  65 10170 102 78%
c - 25.26 94 17 37 156 34993 1 1293540 55834 1.4 18 13 5 14 69%  65 10170 102 78%
c I 25.40 94 17 37 156 34997 1 1301754 62208 1.4 18 13 5 14 69%  65 10170 102 78%
c o 25.40 94 17 37 156 34997 1 1301754 62208 1.4 18 13 5 14 69%  65 10170 102 78%
c u 25.47 100 17 37 156 34999 1 1303240 63216 1.4 18 12 5 14 69%  65 10170 102 78%
c v 25.52 100 17 37 156 34999 1 1303240 61140 1.4 18 12 5 14 69%  65 10170 102 78%
c w 25.54 101 17 37 156 34999 1 1303240 59750 1.4 18 12 5 14 69%  65 10170 102 78%
c x 25.57 101 17 37 156 34999 1 1303240 59743 1.4 18 12 5 14 69%  65 10144 102 78%
c - 25.95 102 17 37 157 35000 1 1306030 53206 1.4 18 12 5 14 69%  65 10144 102 78%
c ] 26.06 102 17 38 157 35003 1 1313033 58988 1.4 18 12 5 14 69%  65 10144 102 78%
c { 26.06 102 14 38 157 35003 2 1313033 58988 1.5 14 9 4 9 64%  65 10144 102 78%
c - 26.17 102 14 38 158 35038 2 1318559 55302 1.5 14 9 4 9 64%  65 10144 102 78%
c
c seconds    switched      rate           size/glue tier1   binary       remaining
c         MB   reductions     conflicts         size  tier2    irredundant
c          level     restarts        redundant    glue   trail       variables
c
c - 26.42 102 13 38 159 35166 2 1331130 57655 1.5 14 9 4 9 65%  66 10144 102 78%
c - 26.65 102 13 38 160 35215 2 1343739 59165 1.5 14 9 4 9 65%  66 10144 102 78%
c - 26.91 102 13 38 161 35318 2 1356388 59778 1.5 14 9 4 9 65%  66 10144 102 78%
c - 27.18 102 13 38 162 35463 2 1369076 61782 1.6 14 9 4 9 65%  66 10144 102 78%
c - 27.44 102 13 38 163 35516 1 1381803 62056 1.6 14 9 4 9 65%  66 10144 102 78%
c - 27.69 102 12 38 164 35665 1 1394570 62371 1.6 13 9 4 9 65%  68 10144 102 78%
c } 27.73 102 12 39 164 35733 1 1396367 63776 1.6 13 9 4 9 65%  68 10144 102 78%
c [ 27.73 102 17 39 164 35733 1 1396367 63776 1.4 18 12 5 14 69%  68 10144 102 78%
c B 27.87 102 16 39 164 35738 1 1403532 69187 1.4 17 12 5 14 68%  68 10144 102 78%
c - 27.94 102 16 39 165 35739 1 1407376 61977 1.4 18 12 5 14 69%  68 10144 102 78%
c s 28.12 102 16 39 165 35745 1 1416357 69393 1.4 18 12 5 14 69%  68 10126 102 78%
c e 28.12 102 16 39 165 35745 1 1416357 69393 1.4 18 12 5 14 69%  65 10142 101 78%
c - 28.19 102 17 39 166 35746 1 1420221 56274 1.4 18 12 5 14 69%  65 10142 101 78%
c u 28.25 102 17 39 166 35747 1 1421316 55745 1.4 18 12 5 14 69%  66 10142 101 78%
c v 28.31 102 17 39 166 35747 1 1421316 55354 1.4 18 12 5 14 69%  66 10142 101 78%
c w 28.33 102 17 39 166 35747 1 1421316 54986 1.4 18 12 5 14 69%  66 10142 101 78%
c x 28.37 102 17 39 166 35747 1 1421316 54985 1.4 18 12 5 14 69%  66 10124 101 78%
c t 28.37 102 17 39 166 35747 1 1421316 54985 1.4 18 12 5 14 69%  65 10124 101 78%
c - 28.55 102 17 39 167 35750 1 1433106 54134 1.4 18 12 5 14 69%  65 10124 101 78%
c - 28.76 102 16 39 168 35758 1 1446030 56620 1.5 18 12 5 14 69%  65 10124 101 78%
c
c seconds    switched      rate           size/glue  tier1    binary       remaining
c         MB   reductions     conflicts         size   tier2     irredundant
c          level     restarts        redundant     glue    trail       variables
c
c - 29.00 102 16 39 169 35762 1 1458991 58283 1.5 18 12 5 14 69%  65 10124 101 78%
c - 29.23 102 16 39 170 35763 1 1471991 60119 1.5 17 12 5 14 69%  65 10124 101 78%
c - 29.47 103 16 39 171 35768 1 1485030 61136 1.5 17 12 5 14 69%  65 10124 101 78%
c ] 29.64 103 16 40 171 35773 1 1493829 68138 1.5 17 12 5 14 69%  65 10124 101 78%
c { 29.64 103 12 40 171 35773 1 1493829 68138 1.6 13 9 4 9 65%  65 10124 101 78%
c o 29.64 103 12 40 171 35808 1 1494004 68283 1.6 13 9 4 9 65%  65 10124 101 78%
c - 29.80 103 12 40 172 36475 2 1498106 62168 1.6 13 9 4 9 65%  65 10124 101 78%
c - 30.10 103 12 40 173 37394 2 1511220 62652 1.5 13 9 4 9 64%  65 10124 101 78%
c - 30.38 103 12 40 174 37614 1 1524373 60418 1.5 13 9 4 9 64%  68 10124 101 78%
c i 30.42 103 12 40 174 37614 1 1526141 61550 1.5 13 8 4 9 64%  76 10124 100 77%
c - 30.81 103 13 40 175 39496 2 1537563 40908 1.5 13 9 4 9 64%  60 10124 100 77%
c u 31.12 103 13 40 175 40551 2 1544953 46474 1.5 13 9 4 9 65%  60 10124 100 77%
c v 31.19 103 13 40 175 40551 2 1544953 46346 1.5 13 9 4 9 65%  60 10124 100 77%
c w 31.22 103 13 40 175 40551 2 1544953 46336 1.5 13 9 4 9 65%  60 10124 100 77%
c - 31.42 103 13 40 176 41329 2 1550791 47852 1.5 13 9 4 9 65%  60 10124 100 77%
c - 31.83 103 13 40 177 42738 2 1564058 51954 1.5 14 9 4 9 65%  60 10124 100 77%
c - 32.21 103 13 40 178 43713 2 1577363 54444 1.5 14 9 4 9 65%  60 10124 100 77%
c } 32.43 103 13 41 178 44192 2 1585301 61126 1.5 14 9 4 9 65%  61 10124 100 77%
c [ 32.43 103 16 41 178 44192 1 1585301 61126 1.5 17 12 5 14 69%  61 10124 100 77%
c W 32.44 105 16 41 178 44192 1 1585301 61126 1.5 17 12 5 14 69%  61 10124 100 77%
c
c seconds    switched      rate           size/glue  tier1    binary       remaining
c         MB   reductions     conflicts         size   tier2     irredundant
c          level     restarts        redundant     glue    trail       variables
c
c - 32.53 107 15 41 179 44196 1 1590704 56283 1.5 17 12 5 14 69%  61 10124 100 77%
c - 32.78 107 15 41 180 44204 1 1604084 57292 1.5 17 11 5 14 69%  61 10124 100 77%
c - 33.00 107 15 41 181 44206 1 1617501 57006 1.5 17 11 5 13 69%  61 10124 100 77%
c - 33.28 107 15 41 182 44214 1 1630954 57262 1.5 17 11 5 13 69%  61 10124 100 77%
c - 33.54 107 15 41 183 44221 1 1644444 58820 1.5 16 11 5 13 68%  61 10124 100 77%
c - 33.80 108 14 41 184 44222 1 1657971 59464 1.5 16 11 5 13 68%  61 10124 100 77%
c - 34.09 108 14 41 185 44225 1 1671537 60320 1.5 16 11 5 13 68%  61 10124 100 77%
c u 34.21 109 14 41 185 44228 1 1674130 61802 1.5 16 11 5 13 68%  62 10124 100 77%
c v 34.27 109 14 41 185 44228 1 1674130 61236 1.5 16 11 5 13 68%  62 10124 100 77%
c w 34.30 109 14 41 185 44228 1 1674130 60338 1.5 16 11 5 13 68%  62 10124 100 77%
c x 34.34 109 14 41 185 44228 1 1674130 60336 1.5 16 11 5 13 68%  62 10088 100 77%
c t 34.35 109 14 41 185 44228 1 1674130 60336 1.5 16 11 5 13 68%  61 10088 100 77%
c o 34.35 109 14 41 185 44228 1 1674130 60336 1.5 16 11 5 13 68%  61 10088 100 77%
c - 34.60 110 15 41 186 44233 1 1685138 59346 1.5 16 11 5 13 68%  61 10088 100 77%
c - 34.87 115 15 41 187 44237 1 1698778 61033 1.5 16 11 5 13 69%  61 10088 100 77%
c O 34.89 115 15 41 187 44237 1 1699641 61798 1.5 16 11 5 13 69%  61 10088 100 77%
c - 35.13 115 15 41 188 44244 1 1712452 62661 1.5 16 11 5 13 68%  61 10088 100 77%
c ] 35.17 115 15 42 188 44246 1 1714262 64092 1.5 16 11 5 13 68%  61 10088 100 77%
c { 35.17 115 13 42 188 44246 2 1714262 64092 1.5 14 9 4 9 65%  61 10088 100 77%
c s 35.52 116 13 42 188 45256 2 1724906 73126 1.5 14 9 4 9 65%  61 10066 100 77%
c
c seconds    switched      rate           size/glue tier1   binary      remaining
c         MB   reductions     conflicts         size  tier2    irredundant
c          level     restarts        redundant    glue   trail      variables
c
c e 35.52 116 13 42 188 45256 2 1724906 73126 1.5 14 9 4 9 65%  59 10084 99 76%
c s 35.52 116 13 42 188 45256 2 1724906 73126 1.5 14 9 4 9 65%  59 10080 99 76%
c - 35.57 116 14 42 189 45418 2 1726163 58147 1.5 14 9 4 9 65%  59 10080 99 76%
c - 35.97 116 14 42 190 46465 2 1739910 59759 1.5 14 9 4 9 65%  59 10080 99 76%
c - 36.38 116 14 42 191 47277 2 1753694 56511 1.5 14 9 3 9 66%  59 10080 99 76%
c - 36.72 116 13 42 192 47906 2 1767516 56041 1.5 14 9 3 9 66%  59 10080 99 76%
c - 37.10 116 13 42 193 48651 2 1781375 56530 1.5 14 9 3 9 66%  59 10080 99 76%
c - 37.52 116 13 42 194 49688 2 1795267 56335 1.5 14 9 3 9 66%  59 10080 99 76%
c u 37.98 117 13 42 194 50478 2 1808989 65644 1.5 14 9 3 9 65%  61 10080 99 76%
c v 38.09 117 13 42 194 50478 2 1808989 65389 1.5 14 9 3 9 65%  61 10080 99 76%
c w 38.13 117 13 42 194 50478 2 1808989 65304 1.5 14 9 3 9 65%  61 10080 99 76%
c t 38.13 117 13 42 194 50478 2 1808989 65304 1.5 14 9 3 9 65%  60 10080 99 76%
c f 38.13 117 13 42 194 50478 2 1808989 65304 1.5 14 9 3 9 65%  63 10058 100 77%
c u 38.22 117 13 42 194 50478 2 1808989 63901 1.5 14 9 3 9 65%  63 10058 100 77%
c v 38.34 117 13 42 194 50478 2 1808989 63730 1.5 14 9 3 9 65%  63 10058 100 77%
c w 38.38 117 13 42 194 50478 2 1808989 63667 1.5 14 9 3 9 65%  63 10058 100 77%
c - 38.39 117 13 42 195 50520 2 1809196 53329 1.5 14 9 3 9 65%  63 10058 100 77%
c } 38.52 117 13 43 195 50870 2 1814236 57326 1.5 14 9 3 9 65%  63 10058 100 77%
c [ 38.52 117 15 43 195 50870 1 1814236 57326 1.5 16 11 5 13 68%  63 10058 100 77%
c B 38.63 117 15 43 195 50875 1 1820474 62630 1.5 16 11 5 13 68%  63 10058 100 77%
c
c seconds    switched      rate           size/glue  tier1    binary       remaining
c         MB   reductions     conflicts         size   tier2     irredundant
c          level     restarts        redundant     glue    trail       variables
c
c - 38.69 117 15 43 196 50876 1 1823160 54174 1.5 16 11 5 13 68%  63 10058 100 77%
c - 38.90 117 15 43 197 50883 1 1837160 53841 1.5 16 11 5 13 68%  64 10058 100 77%
c - 39.13 117 15 43 198 50887 1 1851195 52483 1.5 16 11 5 13 69%  64 10058 100 77%
c - 39.34 117 15 43 199 50896 1 1865267 53038 1.5 17 11 5 13 69%  64 10058 100 77%
c - 39.59 117 15 43 200 50899 1 1879373 54610 1.5 16 11 5 13 69%  65 10058 100 77%
c - 39.86 117 14 43 201 50900 1 1893515 56357 1.5 16 11 5 13 69%  66 10058 100 77%
c i 40.07 117 14 43 201 50907 1 1906424 65300 1.5 16 10 5 13 68%  74 10058 99 76%
c o 40.07 117 14 43 201 50907 1 1906424 65300 1.5 16 10 5 13 68%  74 10058 99 76%
c - 40.09 117 14 43 202 50907 1 1907692 34124 1.5 16 10 5 13 68%  65 10058 99 76%
c - 40.32 117 14 43 203 50915 1 1921904 39529 1.5 16 11 5 13 68%  65 10058 99 76%
c - 40.57 117 15 43 204 50921 1 1936151 45814 1.5 16 11 5 13 68%  65 10058 99 76%
c W 40.77 117 15 43 204 50927 1 1947943 55377 1.5 16 11 5 13 68%  62 10036 99 76%
c u 40.84 117 15 43 204 50928 1 1949552 56172 1.5 16 11 5 13 68%  64 10036 99 76%
c v 40.90 117 15 43 204 50928 1 1949552 53606 1.5 16 11 5 13 68%  64 10036 99 76%
c w 40.93 117 15 43 204 50928 1 1949552 50326 1.5 16 11 5 13 68%  64 10036 99 76%
c x 40.96 118 15 43 204 50928 1 1949552 50303 1.5 16 11 5 13 68%  64 9702 99 76%
c - 40.99 118 15 43 205 50929 1 1950435 45143 1.5 16 11 5 13 68%  64 9702 99 76%
c - 41.23 118 15 43 206 50931 1 1964753 49540 1.5 16 11 4 13 68%  64 9702 99 76%
c - 41.49 118 15 43 207 50931 1 1979106 52402 1.5 16 11 4 13 68%  64 9702 99 76%
c ] 41.59 118 15 44 207 50932 1 1984652 57106 1.5 16 11 4 13 68%  64 9702 99 76%
c
c seconds    switched      rate           size/glue tier1   binary     remaining
c         MB   reductions     conflicts         size  tier2   irredundant
c          level     restarts        redundant    glue   trail     variables
c
c { 41.59 118 13 44 207 50932 2 1984652 57106 1.5 14 9 3 9 65%  64 9702 99 76%
c - 41.76 118 13 44 208 51014 2 1993493 53989 1.5 14 9 3 9 65%  65 9702 99 76%
c - 42.10 118 13 44 209 51560 2 2007917 54757 1.5 14 9 3 9 65%  66 9702 99 76%
c - 42.45 118 13 44 210 52172 2 2022375 55402 1.5 14 9 3 9 65%  66 9702 99 76%
c - 42.84 118 13 44 211 52975 2 2036870 56659 1.5 14 9 3 9 65%  67 9702 99 76%
c - 43.14 118 13 44 212 53218 2 2051396 56839 1.5 13 9 3 9 65%  69 9702 99 76%
c - 43.45 118 12 44 213 53606 2 2065956 57624 1.5 13 9 3 9 65%  71 9702 99 76%
c s 43.55 118 12 44 213 53608 2 2069765 60079 1.5 13 9 3 9 65%  73 9145 99 76%
c e 43.55 118 12 44 213 53608 2 2069765 60079 1.5 13 9 3 9 65%  72 9153 98 75%
c s 43.55 118 12 44 213 53608 2 2069765 60079 1.5 13 9 3 9 65%  72 9149 98 75%
c - 43.78 118 12 44 214 53947 2 2080552 47113 1.5 13 9 3 9 65%  72 9149 98 75%
c } 44.05 118 12 45 214 54580 2 2093483 56776 1.5 13 9 3 9 65%  75 9149 98 75%
c [ 44.05 118 15 45 214 54580 1 2093483 56776 1.5 16 11 4 13 68%  75 9149 98 75%
c I 44.05 118 15 45 214 54580 1 2093483 56776 1.5 16 11 4 13 68%  75 9149 98 75%
c - 44.09 118 15 45 215 54581 1 2095182 50882 1.5 16 11 4 13 68%  75 9149 98 75%
c u 44.21 118 15 45 215 54582 1 2096491 51098 1.5 16 11 4 13 68%  76 9149 98 75%
c v 44.31 118 15 45 215 54582 1 2096491 50080 1.5 16 11 4 13 68%  76 9149 98 75%
c w 44.35 118 15 45 215 54582 1 2096491 49851 1.5 16 11 4 13 68%  76 9149 98 75%
c t 44.35 118 15 45 215 54582 1 2096491 49851 1.5 16 11 4 13 68%  74 9149 98 75%
c o 44.35 118 15 45 215 54582 1 2096491 49851 1.5 16 11 4 13 68%  74 9149 98 75%
c
c seconds    switched      rate           size/glue  tier1    binary     remaining
c         MB   reductions     conflicts         size   tier2    irredundant
c          level     restarts        redundant     glue    trail     variables
c
c - 44.58 118 15 45 216 54589 1 2109844 53138 1.5 16 11 4 13 68%  74 9149 98 75%
c - 44.85 118 15 45 217 54594 1 2124542 55708 1.6 17 11 4 13 68%  74 9149 98 75%
c - 45.15 118 14 45 218 54602 1 2139275 56962 1.6 16 11 4 13 68%  74 9149 98 75%
c i 45.43 118 14 45 218 54609 1 2152271 66189 1.6 16 10 4 13 68%  87 9149 96 74%
c - 45.47 118 14 45 219 54609 1 2154041 41737 1.6 16 10 4 13 68%  59 9149 96 74%
c - 45.71 118 14 45 220 54610 1 2168839 47093 1.5 16 10 4 13 67%  59 9149 96 74%
c i 45.85 118 14 45 220 54611 1 2176565 52421 1.5 16 10 4 12 67%  67 9149 95 73%
c - 45.98 118 13 45 221 54616 1 2183674 35952 1.5 15 10 4 12 67%  70 9149 95 73%
c i 45.99 118 13 45 221 54617 1 2184686 36651 1.5 15 10 4 12 67%  76 9149 89 68%
c i 46.05 118 13 45 221 54618 1 2188940 39570 1.5 15 10 4 12 67%  91 9149 87 67%
c i 46.06 118 13 45 221 54619 1 2189896 40221 1.5 15 10 4 12 67% 100 9149 86 66%
c i 46.08 118 13 45 221 54620 1 2190803 40750 1.5 15 10 4 12 66% 115 9149 85 65%
c i 46.08 118 13 45 221 54620 1 2191072 40903 1.5 15 10 4 12 66% 120 9149 81 62%
c i 46.08 118 13 45 221 54620 1 2191135 40942 1.5 15 10 4 12 66% 124 9149 80 62%
c i 46.08 118 13 45 221 54620 1 2191212 40970 1.5 15 10 4 12 66% 130 9149 78 60%
c i 46.08 118 13 45 221 54620 1 2191263 40980 1.5 15 10 4 12 66% 139 9149 76 58%
c i 46.08 118 13 45 221 54620 1 2191279 40982 1.5 15 10 4 12 66% 144 9149 71 55%
c i 46.08 118 13 45 221 54620 1 2191285 40982 1.5 15 10 4 12 66% 147 9149 64 49%
c ] 46.08 118 13 45 221 54620 1 2191289 40982 1.5 15 10 4 12 66% 149 9149 33 25%
c 0 46.08 118 12 45 221 54620 2 2191289 40982 1.5 13 9 3 9 65% 149 9149 33 25%
c
c ---- [ result ] ------------------------------------------------------------
c
s UNSATISFIABLE
c
c ---- [ profiling ] ---------------------------------------------------------
c
c          41.87   90.86 %  search
c          21.00   45.56 %  focused
c          20.88   45.30 %  stable
c           4.18    9.08 %  simplify
c           3.80    8.26 %  probe
c           3.13    6.79 %  vivify
c           0.76    1.65 %  reduce
c           0.54    1.18 %  sweep
c           0.36    0.77 %  eliminate
c           0.29    0.62 %  subsume
c           0.09    0.20 %  substitute
c           0.04    0.09 %  walking
c           0.03    0.07 %  factor
c           0.02    0.05 %  preprocess
c           0.01    0.01 %  congruence
c           0.00    0.01 %  parse
c           0.00    0.01 %  transitive
c           0.00    0.00 %  lucky
c           0.00    0.00 %  backbone
c =============================================
c          46.08  100.00 %  total
c
c ---- [ statistics ] --------------------------------------------------------
c
c conflicts:                          2191289            47548.03 per second
c decisions:                          3080778                1.41 per conflict
c eliminated:                             116               89 %  variables
c factored:                                87               67 %  variables
c iterations:                              16               12 %  variables
c propagations:                      37859273           821495    per second
c reductions:                             221             9915    interval
c reordered:                               20           109564    interval
c rephased:                                33            66403    interval
c restarts:                             54620               40    interval
c strengthened:                             5                0 %  checks
c subsumed:                              3214                0 %  checks
c switched:                                45            48695    interval
c vivified:                             55816               40 %  checks
c walks:                                   11           199208    interval
c
c ---- [ glue usage ] --------------------------------------------------------
c
c focused glue 3   used 867800 clauses 18.74% accumulated 54.06% tier1
c focused glue 4   used 558656 clauses 12.07% accumulated 66.13%
c focused glue 5-7 used 886978 clauses 19.16% accumulated 85.28%
c focused glue 8   used 211233 clauses  4.56% accumulated 89.85%
c focused glue 9   used 160068 clauses  3.46% accumulated 93.30% tier2
c
c stable glue 4    used  727027 clauses  9.85% accumulated 52.28% tier1
c stable glue 5    used  510627 clauses  6.92% accumulated 59.20%
c stable glue 6-10 used 1865373 clauses 25.27% accumulated 84.47%
c stable glue 11   used  227089 clauses  3.08% accumulated 87.55%
c stable glue 12   used  194375 clauses  2.63% accumulated 90.18% tier2
c
c ---- [ resources ] ---------------------------------------------------------
c
c maximum-resident-set-size:     126617649152 bytes     120752 MB
c process-time:                            46s              46.08 seconds
c
c ---- [ shutting down ] -----------------------------------------------------
c
c exit 20
