c ---- [ banner ] ------------------------------------------------------------
c
c Kissat SAT Solver
c 
c Copyright (c) 2021-2024 Armin Biere University of Freiburg
c Copyright (c) 2019-2021 Armin Biere Johannes Kepler University Linz
c 
c Version 4.0.4 8af8e56f174b778aef3aa45af9f739b2a5f492c2
c Apple clang version 17.0.0 (clang-1700.6.3.2) -W -Wall -O3 -DNDEBUG
c Mon Mar 30 18:25:47 CEST 2026 Darwin Mac 24.6.0 arm64
c
c ---- [ parsing ] -----------------------------------------------------------
c
c opened and reading DIMACS file:
c
c   tmp.cnf
c
c parsed 'p cnf 153 21624' header
c closing input after reading 920408 bytes (899 KB)
c finished parsing after 0.00 seconds
c
c ---- [ solving ] -----------------------------------------------------------
c
c seconds switched rate     size/glue tier1 binary       remaining
c        MB reductions conflicts size  tier2   irredundant
c         level restarts redundant glue  trail       variables
c
c *  0.00  7 0 0 0  0 0   0   0 0.0 0 0 0 0 0%   0 21624 150 100%
c (  0.01 10 0 0 0  0 0   0   0 0.0 0 0 0 0 0%   0 21624 150 100%
c .  0.01 10 0 0 0  0 0   0   0 0.0 0 0 0 0 0%   0 21624 150 100%
c f  0.02 10 0 0 0  0 0   0   0 0.0 0 0 0 0 0% 256 18860 271 181%
c )  0.02 10 0 0 0  0 0   0   0 0.0 0 0 0 0 0% 256 18860 271 181%
c {  0.02 10 0 0 0  0 0   0   0 0.0 0 0 2 6 0% 256 18860 271 181%
c -  0.03 10 37 0 1  5 2 1003 606 1.4 18 13 9 17 52% 256 18860 271 181%
c }  0.03 10 37 1 1  5 2 1003 606 1.4 18 13 9 17 52% 256 18860 271 181%
c [  0.03 10 0 1 1  5 0 1003 606 0.0 0 0 2 6 0% 256 18860 271 181%
c B  0.03 10 0 1 1  5 0 1003 606 0.0 0 0 2 6 0% 256 18860 271 181%
c -  0.03 11 60 1 2  5 1 2005 1381 1.6 17 11 8 13 63% 256 18860 271 181%
c W  0.03 11 60 1 2  5 1 2005 1381 1.6 17 11 8 13 63% 256 18860 271 181%
c ]  0.03 11 53 2 2  6 1 2258 1592 1.5 17 11 8 13 61% 256 18860 271 181%
c {  0.03 11 37 2 2  6 2 2258 1592 1.4 18 13 9 17 52% 256 18860 271 181%
c u  0.04 11 33 2 2 42 2 2733 1989 1.4 18 13 9 17 51% 256 18860 271 181%
c v  0.04 11 33 2 2 42 2 2733 1974 1.4 18 13 9 17 51% 256 18860 271 181%
c w  0.04 11 33 2 2 42 2 2733 1974 1.4 18 13 9 17 51% 256 18860 271 181%
c }  0.05 11 31 3 2 57 2 3258 2434 1.4 18 12 9 17 50% 256 18860 271 181%
c [  0.05 11 53 3 2 57 1 3258 2434 1.5 17 11 8 13 61% 256 18860 271 181%
c -  0.05 11 49 3 3 57 1 3419 2281 1.5 17 11 8 13 60% 256 18860 271 181%
c
c seconds  switched rate       size/glue  tier1    binary       remaining
c        MB reductions conflicts     size   tier2     irredundant
c         level restarts  redundant     glue    trail       variables
c
c I  0.06 11 38 3 3 57 1 4264 3060 1.6 17 10 8 13 58% 256 18860 271 181%
c ]  0.06 11 37 4 3 58 1 4322 3111 1.6 17 10 8 13 57% 256 18860 271 181%
c {  0.06 11 31 4 3 58 2 4322 3111 1.4 18 12 9 17 50% 256 18860 271 181%
c -  0.07 11 26 4 4 58 2 5152 3347 1.5 17 11 8 15 49% 256 18860 271 181%
c }  0.09 11 22 5 4 67 2 6675 4716 1.5 16 11 8 15 48% 256 18860 271 181%
c [  0.09 11 37 5 4 67 1 6675 4716 1.6 17 10 8 13 57% 256 18860 271 181%
c -  0.09 11 33 5 5 67 1 7152 4513 1.6 16 10 7 12 55% 256 18860 271 181%
c B  0.10 11 29 5 5 68 1 8037 5281 1.6 16 10 7 12 53% 256 18860 271 181%
c u  0.11 11 28 5 5 68 1 8418 5618 1.6 17 11 7 12 53% 256 18860 271 181%
c v  0.11 11 28 5 5 68 1 8418 5613 1.6 17 11 7 12 53% 256 18860 271 181%
c w  0.11 11 28 5 5 68 1 8418 5613 1.6 17 11 7 12 53% 256 18860 271 181%
c ]  0.14 11 27 6 5 69 1 9172 6287 1.5 18 12 7 12 53% 256 18860 271 181%
c {  0.14 11 22 6 5 69 2 9172 6287 1.5 16 11 8 15 48% 256 18860 271 181%
c -  0.14 12 22 6 6 76 2 9388 5362 1.5 16 11 8 13 49% 256 18860 271 181%
c -  0.16 12 18 6 7 76 1 11837 5988 1.8 17 9 6 11 51% 256 18860 271 181%
c }  0.18 12 17 7 7 76 1 13241 7299 1.9 17 9 6 11 52% 256 18860 271 181%
c [  0.18 12 27 7 7 76 1 13241 7299 1.5 18 12 7 12 53% 256 18860 271 181%
c W  0.18 14 26 7 7 76 1 13569 7581 1.6 18 11 7 12 53% 256 18860 271 181%
c o  0.18 14 26 7 7 76 1 13569 7581 1.6 18 11 7 12 53% 256 18860 271 181%
c s  0.19 14 26 7 7 76 1 13662 7668 1.6 18 11 7 12 53% 256 18858 271 181%
c
c seconds  switched rate        size/glue  tier1    binary       remaining
c        MB reductions conflicts      size   tier2     irredundant
c         level restarts   redundant     glue    trail       variables
c
c e  0.20 14 26 7 7 76 1 13662 7668 1.6 18 11 7 12 53% 107 16506 131 87%
c ^  0.21 15 26 7 7 76 1 13662 7668 1.6 18 11 7 12 53% 107 16506 131 87%
c -  0.21 15 26 7 8 77 1 14483 4245 1.5 18 12 8 15 56% 107 16506 131 87%
c ]  0.24 15 25 8 8 78 1 17008 6372 1.5 19 13 8 15 60% 107 16506 131 87%
c {  0.24 15 17 8 8 78 1 17008 6372 1.9 17 9 6 11 52% 107 16506 131 87%
c u  0.25 15 17 8 8 168 1 17245 6559 1.9 17 9 6 11 52% 107 16506 131 87%
c v  0.25 15 17 8 8 168 1 17245 6554 1.9 17 9 6 11 52% 107 16506 131 87%
c w  0.25 15 17 8 8 168 1 17245 6554 1.9 17 9 6 11 52% 107 16506 131 87%
c x  0.25 17 17 8 8 168 1 17245 6554 1.9 17 9 6 11 52% 107 16506 131 87%
c f  0.25 17 17 8 8 168 1 17245 6554 1.9 17 9 6 11 52% 120 16479 138 92%
c u  0.26 17 17 8 8 168 1 17245 6540 1.9 17 9 6 11 52% 120 16479 138 92%
c v  0.26 17 17 8 8 168 1 17245 6517 1.9 17 9 6 11 52% 120 16479 138 92%
c w  0.26 17 17 8 8 168 1 17245 6517 1.9 17 9 6 11 52% 120 16479 138 92%
c -  0.27 17 17 8 9 190 2 17311 5273 1.9 17 9 6 11 52% 120 16479 138 92%
c -  0.29 17 16 8 10 266 2 20312 6781 1.8 16 8 6 10 54% 120 16479 138 92%
c }  0.33 17 15 9 10 612 2 23168 9256 1.8 15 9 6 10 56% 120 16479 138 92%
c [  0.33 17 25 9 10 612 1 23168 9256 1.5 19 13 8 15 60% 120 16479 138 92%
c O  0.33 17 25 9 10 612 1 23168 9256 1.5 19 13 8 15 60% 120 16479 138 92%
c -  0.33 17 25 9 11 612 1 23475 8320 1.5 19 13 9 17 60% 120 16479 138 92%
c -  0.35 18 23 9 12 614 1 26794 9600 1.4 19 13 9 16 60% 120 16479 138 92%
c
c seconds  switched   rate         size/glue  tier1    binary       remaining
c        MB  reductions conflicts        size   tier2     irredundant
c         level  restarts     redundant     glue    trail       variables
c
c s  0.37 18 22 9 12 615 1 27528 10135 1.4 19 13 9 16 60% 120 16472 138 92%
c e  0.37 18 22 9 12 615 1 27528 10135 1.4 19 13 9 16 60% 108 16493 129 86%
c ^  0.38 18 22 9 12 615 1 27528 10135 1.4 19 13 9 16 60% 108 16493 129 86%
c o  0.38 18 22 9 12 615 1 27528 7480 1.4 19 13 9 16 60% 108 16493 129 86%
c u  0.40 20 22 9 12 617 1 29588 9263 1.4 19 14 9 16 62% 108 16493 129 86%
c v  0.41 20 22 9 12 617 1 29588 9257 1.4 19 14 9 16 62% 108 16493 129 86%
c w  0.41 20 22 9 12 617 1 29588 9257 1.4 19 14 9 16 62% 108 16493 129 86%
c f  0.43 22 22 9 12 617 1 29588 9257 1.4 19 14 9 16 62% 109 16489 130 87%
c u  0.44 24 22 9 12 617 1 29588 9248 1.4 19 14 9 16 62% 109 16489 130 87%
c v  0.44 24 22 9 12 617 1 29588 9240 1.4 19 14 9 16 62% 109 16489 130 87%
c w  0.44 24 22 9 12 617 1 29588 9240 1.4 19 14 9 16 62% 109 16489 130 87%
c x  0.44 27 22 9 12 617 1 29588 9239 1.4 19 14 9 16 62% 109 16489 130 87%
c -  0.45 27 22 9 13 617 1 30258 7998 1.4 20 14 8 16 62% 109 16489 130 87%
c ]  0.48 27 22 10 13 618 1 32599 9800 1.4 20 14 8 16 64% 109 16489 130 87%
c {  0.48 27 15 10 13 618 2 32599 9800 1.8 15 9 6 10 56% 109 16489 130 87%
c -  0.50 27 15 10 14 749 2 33864 9118 1.7 15 9 6 10 56% 109 16489 130 87%
c -  0.56 28 15 10 15 1210 2 37605 10577 1.7 14 9 6 10 56% 110 16489 130 87%
c }  0.60 28 14 11 15 1503 2 41227 13380 1.6 14 9 6 10 56% 110 16489 130 87%
c [  0.60 28 22 11 15 1503 1 41227 13380 1.4 20 14 8 16 64% 110 16489 130 87%
c B  0.60 28 22 11 15 1503 1 41227 13380 1.4 20 14 8 16 64% 110 16489 130 87%
c
c seconds   switched    rate         size/glue  tier1    binary       remaining
c        MB   reductions  conflicts        size   tier2     irredundant
c         level    restarts     redundant     glue    trail       variables
c
c -  0.60 28 22 11 16 1503 1 41478 11541 1.4 20 14 8 16 64% 110 16489 130 87%
c -  0.64 28 21 11 17 1506 1 45480 12460 1.4 19 14 8 15 64% 110 16489 130 87%
c u  0.64 28 21 11 17 1506 1 45481 12436 1.4 19 14 8 15 64% 110 16489 130 87%
c v  0.65 28 21 11 17 1506 1 45481 12383 1.4 19 14 8 15 64% 110 16489 130 87%
c w  0.65 29 21 11 17 1506 1 45481 12332 1.4 19 14 8 15 64% 110 16489 130 87%
c -  0.69 29 20 11 18 1509 1 49603 12950 1.4 19 13 8 15 63% 110 16489 130 87%
c W  0.72 31 19 11 18 1509 1 53449 15901 1.4 18 13 8 15 63% 110 16489 130 87%
c o  0.72 31 19 11 18 1509 1 53449 15901 1.4 18 13 8 15 63% 110 16489 130 87%
c -  0.73 31 19 11 19 1510 1 53846 13773 1.4 18 13 8 15 63% 110 16489 130 87%
c ]  0.75 31 19 12 19 1511 1 55656 15312 1.4 19 13 8 15 63% 110 16489 130 87%
c {  0.75 31 14 12 19 1511 2 55656 15312 1.6 14 9 6 10 56% 110 16489 130 87%
c s  0.81 31 14 12 19 1677 2 57593 16927 1.6 14 9 6 10 56% 110 16457 130 87%
c e  0.81 31 14 12 19 1677 2 57593 16927 1.6 14 9 6 10 56%  99 16488 120 80%
c ^  0.84 32 14 12 19 1677 2 57593 16927 1.6 14 9 6 10 56%  99 16488 120 80%
c -  0.85 32 14 12 20 1729 2 58204 6207 1.6 14 9 6 10 56%  99 16488 120 80%
c -  0.90 32 14 12 21 2003 2 62676 8713 1.6 14 9 6 10 58%  99 16488 120 80%
c u  0.93 32 14 12 21 2013 2 65036 10804 1.6 14 9 6 10 59%  99 16488 120 80%
c v  0.94 32 14 12 21 2013 2 65036 10768 1.6 14 9 6 10 59%  99 16488 120 80%
c w  0.94 32 14 12 21 2013 2 65036 10765 1.6 14 9 6 10 59%  99 16488 120 80%
c x  0.95 32 14 12 21 2013 2 65036 10764 1.6 14 9 6 10 59%  99 16483 120 80%
c
c seconds   switched    rate         size/glue tier1    binary       remaining
c        MB   reductions  conflicts        size  tier2     irredundant
c         level    restarts     redundant    glue    trail       variables
c
c }  0.98 32 14 13 21 2113 2 67135 12593 1.6 14 8 6 10 59%  99 16483 120 80%
c [  0.98 32 19 13 21 2113 1 67135 12593 1.4 19 13 8 15 63%  99 16483 120 80%
c -  0.98 33 19 13 22 2113 1 67259 11863 1.4 19 13 8 15 63%  99 16483 120 80%
c I  0.99 33 19 13 22 2114 1 68353 12830 1.4 19 13 8 15 64%  99 16483 120 80%
c -  1.02 33 19 13 23 2116 1 71949 13963 1.4 19 13 8 15 64%  99 16483 120 80%
c -  1.07 33 18 13 24 2119 1 76744 15546 1.5 18 12 8 14 64%  99 16483 120 80%
c -  1.13 33 18 13 25 2121 1 81644 16861 1.5 18 12 7 14 65%  99 16483 120 80%
c ]  1.13 33 18 14 25 2122 1 82487 17591 1.5 18 12 7 14 65%  99 16483 120 80%
c {  1.13 33 14 14 25 2122 2 82487 17591 1.6 14 8 6 10 59%  99 16483 120 80%
c o  1.15 33 14 14 25 2153 2 83503 18361 1.6 14 8 6 10 59%  99 16483 120 80%
c -  1.22 34 14 14 26 2380 2 86646 17949 1.6 14 8 6 10 60%  99 16483 120 80%
c u  1.25 37 13 14 26 2450 2 88392 19402 1.6 14 8 6 10 60%  99 16483 120 80%
c v  1.26 38 13 14 26 2450 2 88392 19374 1.6 14 8 6 10 60%  99 16483 120 80%
c w  1.27 38 13 14 26 2450 2 88392 19371 1.6 14 8 6 10 60%  99 16483 120 80%
c x  1.27 38 13 14 26 2450 2 88392 19369 1.6 14 8 6 10 60%  99 16477 120 80%
c -  1.34 39 13 14 27 2780 2 91745 17278 1.6 14 8 5 9 60%  99 16477 120 80%
c -  1.43 39 13 14 28 3107 2 96941 17712 1.6 14 8 5 9 60%  99 16477 120 80%
c }  1.44 39 13 15 28 3107 2 97203 17864 1.6 14 8 5 9 60%  99 16477 120 80%
c [  1.44 39 18 15 28 3107 1 97203 17864 1.5 18 12 7 14 65%  99 16477 120 80%
c B  1.44 39 18 15 28 3107 1 97203 17864 1.5 18 12 7 14 65%  99 16477 120 80%
c
c seconds   switched    rate          size/glue  tier1    binary       remaining
c        MB   reductions  conflicts         size   tier2     irredundant
c         level    restarts      redundant     glue    trail       variables
c
c -  1.50 39 17 15 29 3110 1 102232 18216 1.5 18 12 7 14 65%  99 16477 120 80%
c s  1.59 39 17 15 29 3113 1 106022 21432 1.5 18 12 7 14 66%  99 16179 120 80%
c e  1.59 39 17 15 29 3113 1 106022 21432 1.5 18 12 7 14 66%  86 16219 112 75%
c s  1.63 39 17 15 29 3113 1 106022 21432 1.5 18 12 7 14 66%  86 16186 112 75%
c ^  1.63 39 17 15 29 3113 1 106022 21432 1.5 18 12 7 14 66%  86 16186 112 75%
c -  1.65 39 17 15 30 3113 1 107619 15965 1.5 18 12 7 14 66%  86 16186 112 75%
c -  1.73 39 17 15 31 3116 1 113100 17252 1.5 18 12 7 13 66%  86 16186 112 75%
c ]  1.76 39 17 16 31 3118 1 114847 18631 1.5 18 12 7 13 66%  86 16186 112 75%
c {  1.76 39 13 16 31 3118 2 114847 18631 1.6 14 8 5 9 60%  86 16186 112 75%
c u  1.79 39 13 16 31 3249 2 115689 19314 1.6 14 9 5 9 60%  86 16186 112 75%
c v  1.80 39 13 16 31 3249 2 115689 19264 1.6 14 9 5 9 60%  86 16186 112 75%
c w  1.80 39 13 16 31 3249 2 115689 19262 1.6 14 9 5 9 60%  86 16186 112 75%
c x  1.81 39 13 16 31 3249 2 115689 19260 1.6 14 9 5 9 60%  86 16131 112 75%
c -  1.85 39 13 16 32 3301 2 118667 18362 1.6 14 8 5 9 60%  86 16131 112 75%
c -  1.94 39 13 16 33 3508 2 124323 19195 1.6 13 8 5 9 60%  87 16131 112 75%
c i  1.96 39 13 16 33 3508 2 125716 20114 1.6 13 8 5 9 60%  96 16131 111 74%
c o  1.96 39 13 16 33 3508 2 125716 20114 1.6 13 8 5 9 60%  96 16131 111 74%
c -  2.03 39 13 16 34 3949 2 130067 15043 1.6 13 8 5 9 60%  81 16131 111 74%
c }  2.09 39 13 17 34 4270 2 133184 17472 1.6 13 8 5 9 60%  81 16131 111 74%
c [  2.09 39 17 17 34 4270 1 133184 17472 1.5 18 12 7 13 66%  81 16131 111 74%
c
c seconds   switched    rate          size/glue  tier1    binary       remaining
c        MB   reductions  conflicts         size   tier2     irredundant
c         level    restarts      redundant     glue    trail       variables
c
c W  2.09 39 17 17 34 4270 1 133184 17472 1.5 18 12 7 13 66%  81 16131 111 74%
c -  2.13 39 16 17 35 4272 1 135897 17353 1.6 18 11 7 13 66%  81 16131 111 74%
c -  2.20 39 16 17 36 4276 1 141813 19495 1.6 18 11 7 13 66%  81 16131 111 74%
c u  2.29 39 16 17 36 4278 1 147083 23633 1.6 17 11 7 13 66%  87 16125 111 74%
c v  2.31 40 16 17 36 4278 1 147083 23626 1.6 17 11 7 13 66%  87 16125 111 74%
c w  2.31 40 16 17 36 4278 1 147083 23620 1.6 17 11 7 13 66%  87 16125 111 74%
c x  2.32 40 16 17 36 4278 1 147083 23619 1.6 17 11 7 13 66%  87 16064 111 74%
c -  2.34 40 15 17 37 4279 1 147813 20848 1.6 17 11 7 13 66%  87 16064 111 74%
c ]  2.43 40 15 18 37 4283 1 153852 26154 1.6 17 11 7 13 67%  87 16064 111 74%
c {  2.43 40 13 18 37 4283 2 153852 26154 1.6 13 8 5 9 60%  87 16064 111 74%
c -  2.43 40 13 18 38 4286 2 153895 22396 1.6 13 8 5 9 60%  87 16064 111 74%
c -  2.59 40 13 18 39 5685 2 160061 22452 1.5 13 9 5 9 59%  87 16064 111 74%
c -  2.74 40 13 18 40 6879 2 166305 22220 1.5 13 9 5 10 59%  87 16064 111 74%
c -  2.92 42 13 18 41 7798 2 172630 23046 1.5 13 9 5 10 59%  87 16064 111 74%
c s  3.06 42 13 18 41 8273 2 174986 24734 1.5 13 9 5 10 59%  87 14140 111 74%
c e  3.06 42 13 18 41 8273 2 174986 24734 1.5 13 9 5 10 59%  69 14198 99 66%
c ^  3.06 42 13 18 41 8273 2 174986 24734 1.5 13 9 5 10 59%  69 14198 99 66%
c o  3.09 42 13 18 41 8471 2 175757 16014 1.5 13 9 5 10 59%  69 14198 99 66%
c }  3.10 42 13 19 41 8558 2 176199 16293 1.5 13 9 5 10 59%  69 14198 99 66%
c [  3.10 42 15 19 41 8558 1 176199 16293 1.6 17 11 7 13 67%  69 14198 99 66%
c
c seconds   switched    rate          size/glue  tier1    binary      remaining
c        MB   reductions  conflicts         size   tier2     irredundant
c         level    restarts      redundant     glue    trail      variables
c
c O  3.10 42 15 19 41 8558 1 176199 16293 1.6 17 11 7 13 67%  69 14198 99 66%
c -  3.13 42 16 19 42 8560 1 179033 15588 1.6 17 11 6 13 67%  69 14198 99 66%
c u  3.19 42 16 19 42 8563 1 182640 17921 1.6 17 11 6 13 67%  69 14198 99 66%
c v  3.21 42 16 19 42 8563 1 182640 16245 1.6 17 11 6 13 67%  69 14198 99 66%
c w  3.22 42 16 19 42 8563 1 182640 15964 1.6 17 11 6 13 67%  69 14198 99 66%
c x  3.23 42 16 19 42 8563 1 182640 15958 1.6 17 11 6 13 67%  69 12926 99 66%
c -  3.27 42 15 19 43 8564 1 185513 15453 1.6 17 11 6 12 67%  69 12926 99 66%
c -  3.35 42 15 19 44 8567 1 192070 17656 1.6 17 11 6 12 67%  69 12926 99 66%
c -  3.44 42 15 19 45 8571 1 198703 19416 1.6 17 11 6 12 67%  69 12926 99 66%
c B  3.50 42 15 19 45 8572 1 203939 23223 1.6 17 11 6 12 67%  69 12926 99 66%
c -  3.52 42 15 19 46 8572 1 205413 20487 1.6 17 11 6 12 68%  69 12926 99 66%
c -  3.61 42 15 19 47 8575 1 212195 21632 1.6 17 11 6 12 68%  69 12926 99 66%
c -  3.71 42 15 19 48 8579 1 219050 22456 1.6 17 11 6 12 68%  69 12926 99 66%
c u  3.78 42 14 19 48 8581 1 223471 25882 1.6 17 10 6 12 68%  69 12926 99 66%
c v  3.80 42 14 19 48 8581 1 223471 25782 1.6 17 10 6 12 68%  69 12926 99 66%
c w  3.80 42 14 19 48 8581 1 223471 25768 1.6 17 10 6 12 68%  69 12926 99 66%
c x  3.81 42 14 19 48 8581 1 223471 25758 1.6 17 10 6 12 68%  69 12717 99 66%
c -  3.86 42 14 19 49 8583 1 225979 23355 1.6 17 10 6 12 68%  70 12717 99 66%
c ]  3.92 42 14 20 49 8585 1 229348 25970 1.6 17 10 6 12 68%  70 12717 99 66%
c {  3.92 42 13 20 49 8585 2 229348 25970 1.5 13 9 5 10 59%  70 12717 99 66%
c
c seconds   switched    rate          size/glue tier1    binary      remaining
c        MB   reductions  conflicts         size  tier2     irredundant
c         level    restarts      redundant    glue    trail      variables
c
c -  3.98 42 13 20 50 8668 2 232979 24515 1.5 13 9 5 10 59%  70 12717 99 66%
c -  4.12 42 13 20 51 8730 2 240050 25419 1.5 13 9 5 9 60%  73 12717 99 66%
c i  4.13 42 13 20 51 8730 2 240604 25694 1.5 13 9 5 9 60%  80 12717 98 65%
c o  4.13 42 13 20 51 8730 2 240604 25694 1.5 13 9 5 9 60%  80 12717 98 65%
c -  4.21 42 13 20 52 8947 2 247191 14471 1.5 13 9 5 9 60%  69 12717 98 65%
c -  4.30 42 12 20 53 9126 2 254403 18970 1.5 13 9 5 9 61%  69 12717 98 65%
c }  4.33 42 12 21 53 9204 2 256087 20164 1.5 13 9 5 9 61%  70 12717 98 65%
c [  4.33 42 14 21 53 9204 1 256087 20164 1.6 17 10 6 12 68%  70 12717 98 65%
c W  4.33 42 14 21 53 9204 1 256087 20164 1.6 17 10 6 12 68%  70 8000 98 65%
c -  4.41 42 14 21 54 9208 1 261683 20919 1.6 17 10 6 12 68%  70 8000 98 65%
c s  4.51 42 14 21 54 9210 1 267647 25410 1.6 17 10 6 12 68%  70 7154 98 65%
c e  4.51 42 14 21 54 9210 1 267647 25410 1.6 17 10 6 12 68%  50 7272 90 60%
c !  4.51 42 14 21 54 9210 1 267647 25410 1.6 17 10 6 12 68%  50 7272 90 60%
c u  4.54 42 14 21 54 9211 1 268812 12423 1.6 17 10 6 12 68%  66 7257 90 60%
c v  4.56 42 14 21 54 9211 1 268812 11768 1.6 17 10 6 12 68%  66 7257 90 60%
c w  4.56 42 14 21 54 9211 1 268812 11582 1.6 17 10 6 12 68%  66 7257 90 60%
c x  4.57 42 14 21 54 9211 1 268812 11555 1.6 17 10 6 12 68%  66 6908 90 60%
c t  4.63 42 14 21 54 9211 1 268812 11555 1.6 17 10 6 12 68%  65 6908 90 60%
c f  4.63 42 14 21 54 9211 1 268812 11555 1.6 17 10 6 12 68%  69 6862 92 61%
c u  4.65 42 14 21 54 9211 1 268812 11388 1.6 17 10 6 12 68%  69 6862 92 61%
c
c seconds   switched    rate          size/glue  tier1    binary     remaining
c        MB   reductions  conflicts         size   tier2    irredundant
c         level    restarts      redundant     glue    trail     variables
c
c v  4.66 42 14 21 54 9211 1 268812 11220 1.6 17 10 6 12 68%  69 6862 92 61%
c w  4.67 42 14 21 54 9211 1 268812 11162 1.6 17 10 6 12 68%  69 6862 92 61%
c x  4.68 42 14 21 54 9211 1 268812 11154 1.6 17 10 6 12 68%  69 6532 92 61%
c -  4.69 42 14 21 55 9211 1 269031 9636 1.6 17 10 6 12 68%  69 6532 92 61%
c -  4.75 42 14 21 56 9216 1 276448 13789 1.6 17 10 6 12 68%  69 6532 92 61%
c -  4.81 42 14 21 57 9218 1 283931 17560 1.6 16 10 5 12 68%  70 6532 92 61%
c i  4.89 42 14 21 57 9220 1 291290 22666 1.6 16 10 5 12 68%  79 6532 90 60%
c I  4.89 42 14 21 57 9220 1 291438 22780 1.6 16 10 5 12 68%  79 6532 90 60%
c -  4.89 42 14 21 58 9221 1 291480 10720 1.6 16 10 5 11 68%  88 5043 90 60%
c i  4.90 42 14 21 58 9221 1 292612 11463 1.6 16 10 5 11 68%  97 5043 89 59%
c ]  4.93 42 14 22 58 9223 1 295417 13522 1.6 16 10 5 11 68%  97 5043 89 59%
c {  4.93 42 12 22 58 9223 2 295417 13522 1.5 13 9 5 9 61%  97 5043 89 59%
c i  4.95 42 12 22 58 9223 2 297307 14747 1.5 13 8 5 9 61% 114 5043 87 58%
c i  4.95 42 12 22 58 9223 2 297556 14902 1.5 13 8 5 9 61% 120 5043 86 57%
c i  4.96 42 12 22 58 9223 2 298331 15432 1.5 13 8 5 9 61% 129 5043 77 51%
c i  4.96 42 12 22 58 9223 2 298451 15482 1.5 13 8 5 9 61% 138 5043 76 51%
c i  4.96 42 12 22 58 9223 2 298629 15600 1.5 13 8 5 9 61% 146 5042 75 50%
c i  4.96 42 12 22 58 9223 2 298810 15694 1.5 13 8 5 9 61% 154 5042 66 44%
c i  4.96 42 12 22 58 9223 2 298909 15735 1.5 13 8 5 9 61% 163 5042 65 43%
c i  4.96 42 12 22 58 9223 2 298998 15790 1.5 13 8 5 9 61% 169 5042 61 41%
c
c seconds   switched    rate          size/glue tier1   binary     remaining
c        MB   reductions  conflicts         size  tier2   irredundant
c         level    restarts      redundant    glue   trail     variables
c
c i  4.96 42 12 22 58 9223 2 299025 15795 1.5 13 8 5 9 61% 175 5042 59 39%
c i  4.96 42 12 22 58 9223 2 299029 15795 1.5 13 8 5 9 61% 176 5042 58 39%
c i  4.96 42 12 22 58 9223 2 299032 15795 1.5 13 8 5 9 61% 177 5042 57 38%
c i  4.96 42 12 22 58 9223 2 299038 15796 1.5 13 8 5 9 61% 180 5042 54 36%
c i  4.96 42 12 22 58 9223 2 299039 15796 1.5 13 8 5 9 61% 180 5042 52 35%
c i  4.96 42 12 22 58 9223 2 299045 15797 1.5 13 8 5 9 61% 183 5041 51 34%
c }  4.96 42 12 22 58 9223 2 299053 15799 1.5 13 8 5 9 61% 185 5040 16 11%
c 0  4.96 42 12 22 58 9223 2 299053 15799 1.5 13 8 5 9 61% 185 5040 16 11%
c
c ---- [ result ] ------------------------------------------------------------
c
s UNSATISFIABLE
c
c ---- [ profiling ] ---------------------------------------------------------
c
c           4.17   84.10 %  search
c           2.13   42.97 %  stable
c           2.04   41.13 %  focused
c           0.77   15.54 %  simplify
c           0.53   10.64 %  probe
c           0.38    7.74 %  vivify
c           0.25    4.97 %  eliminate
c           0.22    4.44 %  subsume
c           0.11    2.26 %  sweep
c           0.07    1.48 %  reduce
c           0.02    0.43 %  substitute
c           0.01    0.24 %  preprocess
c           0.01    0.16 %  walking
c           0.01    0.13 %  factor
c           0.00    0.07 %  parse
c           0.00    0.07 %  congruence
c           0.00    0.05 %  lucky
c           0.00    0.01 %  transitive
c           0.00    0.00 %  backbone
c =============================================
c           4.96  100.00 %  total
c
c ---- [ statistics ] --------------------------------------------------------
c
c conflicts:                           299053            60254.01 per second
c decisions:                           414573                1.39 per conflict
c eliminated:                             187              125 %  variables
c factored:                               131               87 %  variables
c iterations:                              19               13 %  variables
c propagations:                       6292240          1267778    per second
c reductions:                              58             5156    interval
c reordered:                                7            42722    interval
c rephased:                                15            19937    interval
c restarts:                              9223               32    interval
c subsumed:                              3142                0 %  checks
c switched:                                22            13593    interval
c vivified:                              9857               42 %  checks
c walks:                                    5            59811    interval
c
c ---- [ glue usage ] --------------------------------------------------------
c
c focused glue 5 used 50771 clauses 12.27% accumulated 61.84% tier1
c focused glue 6 used 42384 clauses 10.24% accumulated 72.08%
c focused glue 7 used 34169 clauses  8.26% accumulated 80.34%
c focused glue 8 used 26311 clauses  6.36% accumulated 86.70%
c focused glue 9 used 19473 clauses  4.71% accumulated 91.40% tier2
c
c stable glue 5   used  77677 clauses  9.96% accumulated 52.40% tier1
c stable glue 6   used  66278 clauses  8.50% accumulated 60.90%
c stable glue 7-9 used 168736 clauses 21.63% accumulated 82.53%
c stable glue 10  used  35132 clauses  4.50% accumulated 87.04%
c stable glue 11  used  26970 clauses  3.46% accumulated 90.49% tier2
c
c ---- [ resources ] ---------------------------------------------------------
c
c maximum-resident-set-size:      45550141440 bytes      43440 MB
c process-time:                             5s               4.96 seconds
c
c ---- [ shutting down ] -----------------------------------------------------
c
c exit 20
