c ---- [ banner ] ------------------------------------------------------------
c
c Kissat SAT Solver
c 
c Copyright (c) 2021-2024 Armin Biere University of Freiburg
c Copyright (c) 2019-2021 Armin Biere Johannes Kepler University Linz
c 
c Version 4.0.4 8af8e56f174b778aef3aa45af9f739b2a5f492c2
c Apple clang version 17.0.0 (clang-1700.6.3.2) -W -Wall -O3 -DNDEBUG
c Mon Mar 30 18:25:47 CEST 2026 Darwin Mac 24.6.0 arm64
c
c ---- [ parsing ] -----------------------------------------------------------
c
c opened and reading DIMACS file:
c
c   tmp.cnf
c
c parsed 'p cnf 171 31008' header
c closing input after reading 1477991 bytes (1 MB)
c finished parsing after 0.01 seconds
c
c ---- [ solving ] -----------------------------------------------------------
c
c seconds switched rate     size/glue tier1 binary       remaining
c        MB reductions conflicts size  tier2   irredundant
c         level restarts redundant glue  trail       variables
c
c *  0.01  9 0 0 0  0 0   0   0 0.0 0 0 0 0 0%   0 31008 168 100%
c (  0.01 11 0 0 0  0 0   0   0 0.0 0 0 0 0 0%   0 31008 168 100%
c .  0.01 11 0 0 0  0 0   0   0 0.0 0 0 0 0 0%   0 31008 168 100%
c f  0.02 13 0 0 0  0 0   0   0 0.0 0 0 0 0 0% 301 27468 311 185%
c )  0.02 13 0 0 0  0 0   0   0 0.0 0 0 0 0 0% 301 27468 311 185%
c {  0.02 13 0 0 0  0 0   0   0 0.0 0 0 2 6 0% 301 27468 311 185%
c -  0.03 13 34 0 1  2 2 1001 613 1.3 20 15 10 22 48% 301 27468 311 185%
c }  0.03 13 34 1 1  2 2 1001 613 1.3 20 15 10 22 48% 301 27468 311 185%
c [  0.03 13 0 1 1  2 0 1001 613 0.0 0 0 2 6 0% 301 27468 311 185%
c B  0.03 13 0 1 1  2 0 1001 613 0.0 0 0 2 6 0% 301 27468 311 185%
c -  0.04 13 71 1 2  2 1 2002 1406 1.3 23 18 10 23 62% 301 27468 311 185%
c W  0.04 16 71 1 2  2 1 2002 1406 1.3 23 18 10 23 62% 301 27468 311 185%
c ]  0.04 16 67 2 2  3 1 2121 1518 1.3 22 17 10 23 60% 301 27468 311 185%
c {  0.04 16 34 2 2  3 2 2121 1518 1.3 20 15 10 22 48% 301 27468 311 185%
c u  0.05 16 30 2 2  3 2 2640 1964 1.4 20 14 10 22 49% 301 27468 311 185%
c v  0.05 16 30 2 2  3 2 2640 1961 1.4 20 14 10 22 49% 301 27468 311 185%
c w  0.05 17 30 2 2  3 2 2640 1961 1.4 20 14 10 22 49% 301 27468 311 185%
c }  0.06 17 33 3 2  4 1 3122 2416 1.4 19 14 9 19 49% 301 27468 311 185%
c [  0.06 17 67 3 2  4 1 3122 2416 1.3 22 17 10 23 60% 301 27468 311 185%
c -  0.07 17 64 3 3  4 1 3416 2456 1.3 21 17 10 23 59% 301 27468 311 185%
c
c seconds  switched rate       size/glue  tier1     binary       remaining
c        MB reductions conflicts     size    tier2     irredundant
c         level restarts  redundant     glue     trail       variables
c
c I  0.08 17 58 3 3  5 1 4261 3255 1.3 21 15 10 23 57% 301 27468 311 185%
c ]  0.08 17 54 4 3  5 1 4513 3485 1.4 20 15 10 23 57% 301 27468 311 185%
c {  0.08 17 33 4 3  5 1 4513 3485 1.4 19 14 9 19 49% 301 27468 311 185%
c -  0.08 17 29 4 4  5 1 5149 3698 1.5 19 13 9 17 51% 301 27468 311 185%
c }  0.10 17 23 5 4  5 1 6865 5294 1.7 19 11 9 16 54% 301 27468 311 185%
c [  0.10 17 54 5 4  5 1 6865 5294 1.4 20 15 10 23 57% 301 27468 311 185%
c -  0.10 17 49 5 5  5 1 7149 4924 1.4 20 14 9 20 56% 301 27468 311 185%
c B  0.11 17 40 5 5  6 1 8034 5728 1.6 20 12 9 20 56% 301 27468 311 185%
c u  0.12 18 40 5 5  6 1 8131 5814 1.6 20 12 9 20 56% 301 27468 311 185%
c v  0.12 18 40 5 5  6 1 8131 5812 1.6 20 12 9 20 56% 301 27468 311 185%
c w  0.12 19 40 5 5  6 1 8131 5812 1.6 20 12 9 20 56% 301 27468 311 185%
c ]  0.14 20 38 6 5  6 1 8792 6399 1.5 20 13 9 20 55% 301 27468 311 185%
c {  0.14 20 23 6 5  6 1 8792 6399 1.7 19 11 9 16 54% 301 27468 311 185%
c -  0.15 20 22 6 6  8 1 9386 5770 1.8 19 10 7 13 53% 301 27468 311 185%
c -  0.17 20 18 6 7  8 1 11837 7138 1.9 18 10 7 11 52% 301 27468 311 185%
c }  0.18 20 18 7 7  8 1 12862 8104 2.0 18 9 7 11 52% 301 27468 311 185%
c [  0.18 20 38 7 7  8 1 12862 8104 1.5 20 13 9 20 55% 301 27468 311 185%
c s  0.19 20 36 7 7  8 1 13197 8398 1.6 20 13 9 20 54% 301 27420 311 185%
c e  0.20 21 36 7 7  8 1 13197 8398 1.6 20 13 9 20 54% 113 24800 138 82%
c s  0.21 21 36 7 7  8 1 13197 8398 1.6 20 13 9 20 54% 113 24789 138 82%
c
c seconds  switched rate        size/glue  tier1    binary       remaining
c        MB reductions conflicts      size   tier2     irredundant
c         level restarts   redundant     glue    trail       variables
c
c ^  0.21 21 36 7 7  8 1 13197 8398 1.6 20 13 9 20 54% 113 24789 138 82%
c o  0.21 21 36 7 7  8 1 13197 3481 1.6 20 13 9 20 54% 113 24789 138 82%
c W  0.22 23 35 7 7  8 1 13565 3821 1.5 20 13 9 20 55% 113 24789 138 82%
c -  0.22 23 33 7 8  9 1 14483 3948 1.5 20 13 8 18 57% 113 24789 138 82%
c u  0.25 23 30 7 8 10 1 16657 5659 1.4 20 14 8 18 60% 113 24789 138 82%
c v  0.25 23 30 7 8 10 1 16657 5658 1.4 20 14 8 18 60% 113 24789 138 82%
c w  0.25 24 30 7 8 10 1 16657 5657 1.4 20 14 8 18 60% 113 24789 138 82%
c x  0.25 24 30 7 8 10 1 16657 5657 1.4 20 14 8 18 60% 113 24787 138 82%
c f  0.26 24 30 7 8 10 1 16657 5657 1.4 20 14 8 18 60% 132 24748 148 88%
c u  0.26 26 30 7 8 10 1 16657 5655 1.4 20 14 8 18 60% 132 24748 148 88%
c v  0.26 27 30 7 8 10 1 16657 5649 1.4 20 14 8 18 60% 132 24748 148 88%
c w  0.26 27 30 7 8 10 1 16657 5648 1.4 20 14 8 18 60% 132 24748 148 88%
c x  0.26 27 30 7 8 10 1 16657 5648 1.4 20 14 8 18 60% 132 24743 148 88%
c ]  0.27 27 30 8 8 10 1 16774 5755 1.4 20 14 8 18 60% 132 24743 148 88%
c {  0.27 27 18 8 8 10 1 16774 5755 2.0 18 9 7 11 52% 132 24743 148 88%
c -  0.27 27 17 8 9 45 1 17311 5193 1.9 18 9 6 10 52% 132 24743 148 88%
c -  0.32 27 17 8 10 299 2 20312 7290 1.8 17 9 7 11 54% 132 24743 148 88%
c }  0.35 27 17 9 10 427 2 22935 9676 1.8 17 9 7 11 57% 132 24743 148 88%
c [  0.35 27 30 9 10 427 1 22935 9676 1.4 20 14 8 18 60% 132 24743 148 88%
c O  0.35 27 30 9 10 427 1 22935 9676 1.4 20 14 8 18 60% 132 24743 148 88%
c
c seconds  switched   rate        size/glue  tier1    binary       remaining
c        MB  reductions conflicts       size   tier2     irredundant
c         level  restarts    redundant     glue    trail       variables
c
c -  0.36 28 30 9 11 427 1 23475 8993 1.4 20 14 9 18 60% 132 24743 148 88%
c s  0.41 28 28 9 11 429 1 26516 11510 1.4 21 15 9 18 63% 132 24711 148 88%
c e  0.41 30 28 9 11 429 1 26516 11510 1.4 21 15 9 18 63% 120 24734 137 82%
c s  0.42 30 28 9 11 429 1 26516 11510 1.4 21 15 9 18 63% 120 24724 137 82%
c ^  0.42 30 28 9 11 429 1 26516 11510 1.4 21 15 9 18 63% 120 24724 137 82%
c o  0.42 30 28 9 11 429 1 26516 4898 1.4 21 15 9 18 63% 120 24724 137 82%
c -  0.43 30 28 9 12 429 1 26791 4128 1.4 21 15 9 19 63% 120 24724 137 82%
c u  0.45 32 27 9 12 431 1 28513 5671 1.4 21 15 9 19 64% 120 24724 137 82%
c v  0.45 32 27 9 12 431 1 28513 5661 1.4 21 15 9 19 64% 120 24724 137 82%
c w  0.46 32 27 9 12 431 1 28513 5661 1.4 21 15 9 19 64% 120 24724 137 82%
c x  0.46 33 27 9 12 431 1 28513 5661 1.4 21 15 9 19 64% 120 24704 137 82%
c f  0.49 36 27 9 12 431 1 28513 5661 1.4 21 15 9 19 64% 123 24692 140 83%
c u  0.50 38 27 9 12 431 1 28513 5647 1.4 21 15 9 19 64% 123 24692 140 83%
c v  0.50 38 27 9 12 431 1 28513 5634 1.4 21 15 9 19 64% 123 24692 140 83%
c w  0.50 38 27 9 12 431 1 28513 5632 1.4 21 15 9 19 64% 123 24692 140 83%
c x  0.51 38 27 9 12 431 1 28513 5632 1.4 21 15 9 19 64% 123 24674 140 83%
c -  0.52 38 27 9 13 432 1 30256 6100 1.4 21 15 9 19 64% 123 24674 140 83%
c ]  0.53 38 27 10 13 432 1 31043 6726 1.4 21 15 9 19 65% 123 24674 140 83%
c {  0.53 38 17 10 13 432 2 31043 6726 1.8 17 9 7 11 57% 123 24674 140 83%
c -  0.56 38 16 10 14 564 2 33862 7954 1.8 16 9 7 10 57% 123 24674 140 83%
c
c seconds   switched   rate        size/glue tier1    binary       remaining
c        MB   reductions conflicts       size  tier2     irredundant
c         level   restarts    redundant    glue    trail       variables
c
c -  0.61 38 15 10 15 626 2 37604 9081 1.7 15 9 6 10 58% 123 24674 140 83%
c }  0.63 38 15 11 15 630 2 39670 10713 1.7 15 9 6 10 58% 123 24674 140 83%
c [  0.63 38 27 11 15 630 1 39670 10713 1.4 21 15 9 19 65% 123 24674 140 83%
c B  0.63 38 27 11 15 630 1 39670 10713 1.4 21 15 9 19 65% 123 24674 140 83%
c -  0.65 38 26 11 16 631 1 41476 10062 1.4 21 15 9 19 66% 123 24674 140 83%
c u  0.68 38 25 11 16 632 1 43786 12144 1.4 21 15 9 19 66% 123 24674 140 83%
c v  0.68 39 25 11 16 632 1 43786 12133 1.4 21 15 9 19 66% 123 24674 140 83%
c w  0.69 39 25 11 16 632 1 43786 12133 1.4 21 15 9 19 66% 123 24674 140 83%
c x  0.69 39 25 11 16 632 1 43786 12133 1.4 21 15 9 19 66% 123 24634 140 83%
c -  0.72 39 25 11 17 634 1 45478 11089 1.4 21 15 9 18 66% 123 24634 140 83%
c ]  0.76 39 24 12 17 636 1 48930 14202 1.4 22 15 9 18 67% 123 24634 140 83%
c {  0.76 39 15 12 17 636 2 48930 14202 1.7 15 9 6 10 58% 123 24634 140 83%
c o  0.76 39 15 12 17 650 2 48979 14249 1.7 15 9 6 10 58% 123 24634 140 83%
c -  0.78 39 15 12 18 821 2 49601 12642 1.7 15 9 6 10 58% 123 24634 140 83%
c -  0.86 39 15 12 19 1464 2 53844 13879 1.7 15 9 6 10 58% 123 24634 140 83%
c s  0.91 39 15 12 19 1660 2 55399 15135 1.6 15 9 6 10 58% 123 24587 140 83%
c e  0.92 39 15 12 19 1660 2 55399 15135 1.6 15 9 6 10 58% 110 24622 129 77%
c s  0.94 40 15 12 19 1660 2 55399 15135 1.6 15 9 6 10 58% 110 24612 129 77%
c ^  0.94 40 15 12 19 1660 2 55399 15135 1.6 15 9 6 10 58% 110 24612 129 77%
c -  0.98 40 15 12 20 1781 2 58203 8932 1.6 15 9 6 10 59% 110 24612 129 77%
c
c seconds   switched    rate         size/glue tier1    binary       remaining
c        MB   reductions  conflicts        size  tier2     irredundant
c         level    restarts     redundant    glue    trail       variables
c
c }  1.00 40 14 13 20 1797 2 60409 10626 1.6 15 9 6 10 59% 110 24612 129 77%
c [  1.00 40 24 13 20 1797 1 60409 10626 1.4 22 15 9 18 67% 110 24612 129 77%
c W  1.00 40 24 13 20 1797 1 60409 10626 1.4 22 15 9 18 67% 110 24612 129 77%
c u  1.04 40 24 13 20 1799 1 62577 12570 1.4 22 15 9 18 67% 110 24612 129 77%
c v  1.04 40 24 13 20 1799 1 62577 12549 1.4 22 15 9 18 67% 110 24612 129 77%
c w  1.05 40 24 13 20 1799 1 62577 12539 1.4 22 15 9 18 67% 110 24612 129 77%
c x  1.05 40 24 13 20 1799 1 62577 12539 1.4 22 15 9 18 67% 110 24562 129 77%
c -  1.06 40 24 13 21 1799 1 62676 11133 1.4 22 15 9 18 67% 110 24562 129 77%
c -  1.11 40 23 13 22 1802 1 67259 12535 1.4 22 15 9 18 68% 110 24562 129 77%
c -  1.17 40 23 13 23 1803 1 71949 13548 1.4 21 15 9 17 68% 110 24562 129 77%
c I  1.21 40 22 13 23 1806 1 75314 16164 1.4 21 15 9 17 68% 110 24562 129 77%
c -  1.22 40 22 13 24 1806 1 76744 15002 1.4 21 15 9 17 68% 110 24562 129 77%
c ]  1.24 40 21 14 24 1808 1 78810 16759 1.4 21 14 9 17 69% 110 24562 129 77%
c {  1.24 40 14 14 24 1808 2 78810 16759 1.6 15 9 6 10 59% 110 24562 129 77%
c o  1.25 40 14 14 24 1813 2 79403 17289 1.6 15 9 6 10 59% 110 24562 129 77%
c -  1.27 40 14 14 25 1962 2 81642 15970 1.6 14 9 6 10 59% 110 24562 129 77%
c u  1.31 42 14 14 25 2032 2 85026 18411 1.6 14 9 6 10 59% 110 24562 129 77%
c v  1.32 42 14 14 25 2032 2 85026 18398 1.6 14 9 6 10 59% 110 24562 129 77%
c w  1.32 43 14 14 25 2032 2 85026 18396 1.6 14 9 6 10 59% 110 24562 129 77%
c x  1.32 43 14 14 25 2032 2 85026 18396 1.6 14 9 6 10 59% 110 24512 129 77%
c
c seconds   switched    rate         size/glue tier1    binary       remaining
c        MB   reductions  conflicts        size  tier2     irredundant
c         level    restarts     redundant    glue    trail       variables
c
c -  1.36 43 14 14 26 2083 2 86642 16310 1.6 14 9 6 10 60% 110 24512 129 77%
c -  1.46 43 14 14 27 2439 2 91742 17673 1.6 14 9 6 10 60% 110 24512 129 77%
c }  1.48 43 14 15 27 2556 2 93525 19126 1.6 14 9 6 10 60% 110 24512 129 77%
c [  1.48 43 21 15 27 2556 1 93525 19126 1.4 21 14 9 17 69% 110 24512 129 77%
c B  1.48 43 21 15 27 2556 1 93525 19126 1.4 21 14 9 17 69% 110 24512 129 77%
c -  1.54 44 21 15 28 2558 1 96938 18807 1.4 21 15 9 17 69% 110 24512 129 77%
c s  1.64 44 21 15 28 2562 1 101942 23157 1.4 21 15 9 17 69% 110 24371 129 77%
c e  1.65 44 21 15 28 2562 1 101942 23157 1.4 21 15 9 17 69%  95 24422 119 71%
c s  1.68 44 21 15 28 2562 1 101942 23157 1.4 21 15 9 17 69%  95 24394 119 71%
c ^  1.68 44 21 15 28 2562 1 101942 23157 1.4 21 15 9 17 69%  95 24394 119 71%
c -  1.69 44 21 15 29 2562 1 102229 12162 1.4 21 15 9 17 69%  95 24394 119 71%
c -  1.76 44 21 15 30 2564 1 107615 14728 1.4 21 15 9 17 69%  95 24394 119 71%
c ]  1.77 44 21 16 30 2564 1 107864 14949 1.4 21 15 9 17 69%  95 24394 119 71%
c {  1.77 44 14 16 30 2564 2 107864 14949 1.6 14 9 6 10 60%  95 24394 119 71%
c u  1.82 44 14 16 30 2699 2 111266 17787 1.6 14 9 6 10 60%  95 24394 119 71%
c v  1.83 44 14 16 30 2699 2 111266 17753 1.6 14 9 6 10 60%  95 24394 119 71%
c w  1.84 44 14 16 30 2699 2 111266 17745 1.6 14 9 6 10 60%  95 24394 119 71%
c x  1.85 44 14 16 30 2699 2 111266 17743 1.6 14 9 6 10 60%  95 24198 119 71%
c -  1.89 44 14 16 31 2876 2 113092 17774 1.6 14 9 6 10 60%  95 24198 119 71%
c -  1.96 44 13 16 32 2918 2 118660 19250 1.6 14 9 6 10 61%  96 24198 119 71%
c
c seconds   switched    rate          size/glue tier1    binary       remaining
c        MB   reductions  conflicts         size  tier2     irredundant
c         level    restarts      redundant    glue    trail       variables
c
c o  1.99 44 13 16 32 3000 2 120042 20321 1.6 14 9 6 10 61%  96 24198 119 71%
c -  2.07 44 13 16 33 3368 2 124319 21218 1.6 14 9 6 10 61%  96 24198 119 71%
c }  2.09 44 13 17 33 3445 2 126201 22734 1.6 14 9 6 10 61%  96 24198 119 71%
c [  2.09 44 21 17 33 3445 1 126201 22734 1.4 21 15 9 17 69%  96 24198 119 71%
c W  2.09 47 21 17 33 3445 1 126201 22734 1.4 21 15 9 17 69%  96 24198 119 71%
c -  2.14 47 21 17 34 3447 1 130065 23412 1.4 21 15 8 17 68%  96 24198 119 71%
c -  2.22 47 21 17 35 3451 1 135896 24943 1.4 20 14 8 17 68%  96 24198 119 71%
c u  2.31 48 21 17 35 3454 1 141410 29398 1.4 20 14 8 17 68%  96 24198 119 71%
c v  2.32 48 21 17 35 3454 1 141410 29265 1.4 20 14 8 17 68%  96 24198 119 71%
c w  2.32 49 21 17 35 3454 1 141410 29263 1.4 20 14 8 17 68%  96 24198 119 71%
c x  2.33 49 21 17 35 3454 1 141410 29257 1.4 20 14 8 17 68%  96 24026 119 71%
c -  2.35 49 21 17 36 3454 1 141813 26195 1.4 20 14 8 17 68%  96 24026 119 71%
c -  2.43 49 20 17 37 3458 1 147813 27150 1.4 20 14 8 16 67%  96 24026 119 71%
c ]  2.44 49 20 18 37 3458 1 148489 27622 1.4 20 14 8 16 67%  96 24026 119 71%
c {  2.44 49 13 18 37 3458 2 148489 27622 1.6 14 9 6 10 61%  96 24026 119 71%
c -  2.57 49 13 18 38 4832 2 153895 27707 1.6 14 9 6 10 59%  96 24026 119 71%
c -  2.74 49 14 18 39 6419 2 160060 27792 1.5 14 9 6 10 58%  96 24026 119 71%
c -  2.93 50 14 18 40 7977 2 166305 28359 1.5 14 9 6 10 57%  96 24026 119 71%
c s  3.05 50 14 18 40 8383 2 168133 29594 1.5 14 9 6 10 57%  96 23213 119 71%
c e  3.05 50 14 18 40 8383 2 168133 29594 1.5 14 9 6 10 57%  86 23278 110 65%
c
c seconds   switched    rate          size/glue tier1    binary       remaining
c        MB   reductions  conflicts         size  tier2     irredundant
c         level    restarts      redundant    glue    trail       variables
c
c s  3.12 50 14 18 40 8383 2 168133 29594 1.5 14 9 6 10 57%  86 23172 110 65%
c ^  3.13 50 14 18 40 8383 2 168133 29594 1.5 14 9 6 10 57%  86 23172 110 65%
c o  3.18 50 14 18 40 8882 2 170225 23009 1.5 14 10 6 10 56%  86 23172 110 65%
c }  3.20 50 14 19 40 9005 2 170834 23389 1.5 14 10 6 10 56%  86 23172 110 65%
c [  3.20 50 20 19 40 9005 1 170834 23389 1.4 20 14 8 16 67%  86 23172 110 65%
c O  3.20 50 20 19 40 9005 1 170834 23389 1.4 20 14 8 16 67%  86 23172 110 65%
c -  3.23 50 20 19 41 9006 1 172630 21745 1.4 20 14 8 16 67%  86 23172 110 65%
c u  3.28 50 20 19 41 9008 1 175553 24244 1.4 20 14 8 16 67%  86 23172 110 65%
c v  3.30 50 20 19 41 9008 1 175553 23773 1.4 20 14 8 16 67%  86 23172 110 65%
c w  3.31 50 20 19 41 9008 1 175553 23659 1.4 20 14 8 16 67%  86 23172 110 65%
c x  3.32 50 20 19 41 9008 1 175553 23629 1.4 20 14 8 16 67%  86 22901 110 65%
c -  3.38 50 20 19 42 9010 1 179033 23118 1.4 20 14 8 16 67%  86 22901 110 65%
c -  3.46 50 19 19 43 9014 1 185513 24438 1.4 19 14 8 16 67%  86 22901 110 65%
c -  3.55 50 19 19 44 9018 1 192070 25734 1.4 19 13 8 15 67%  86 22901 110 65%
c B  3.63 50 18 19 44 9019 1 198575 30634 1.4 18 13 8 15 67%  86 22901 110 65%
c -  3.63 50 18 19 45 9019 1 198704 26646 1.4 18 13 8 15 67%  86 22901 110 65%
c -  3.72 50 18 19 46 9021 1 205413 28234 1.4 18 13 7 15 67%  86 22901 110 65%
c -  3.81 50 18 19 47 9025 1 212195 29285 1.5 18 13 7 15 67%  86 22901 110 65%
c u  3.85 50 18 19 47 9026 1 213953 30779 1.5 19 13 7 15 67%  86 22901 110 65%
c v  3.86 50 18 19 47 9026 1 213953 30767 1.5 19 13 7 15 67%  86 22901 110 65%
c
c seconds   switched    rate          size/glue  tier1    binary       remaining
c        MB   reductions  conflicts         size   tier2     irredundant
c         level    restarts      redundant     glue    trail       variables
c
c w  3.87 50 18 19 47 9026 1 213953 30765 1.5 19 13 7 15 67%  86 22901 110 65%
c x  3.88 50 18 19 47 9026 1 213953 30749 1.5 19 13 7 15 67%  86 22395 110 65%
c -  3.95 52 18 19 48 9029 1 219052 30283 1.5 19 13 7 15 67%  86 22395 110 65%
c ]  4.06 52 18 20 48 9033 1 225224 35555 1.5 19 13 7 15 67%  86 22395 110 65%
c {  4.06 52 14 20 48 9033 2 225224 35555 1.5 14 10 6 10 56%  86 22395 110 65%
c -  4.08 52 14 20 49 9090 2 225980 31268 1.5 14 10 6 11 56%  86 22395 110 65%
c o  4.15 52 14 20 49 9160 2 230443 34958 1.5 14 9 6 11 57%  86 22395 110 65%
c -  4.21 55 14 20 50 9206 2 232982 32712 1.5 14 9 6 10 57%  86 22395 110 65%
c -  4.33 55 13 20 51 9299 2 240054 33600 1.5 14 9 6 10 58%  86 22395 110 65%
c -  4.47 58 13 20 52 9584 2 247196 35837 1.5 14 9 6 10 59%  86 22395 110 65%
c }  4.58 58 13 21 52 9764 2 251964 39975 1.5 14 9 6 10 59%  86 22395 110 65%
c [  4.58 58 18 21 52 9764 1 251964 39975 1.5 19 13 7 15 67%  86 22395 110 65%
c W  4.58 61 18 21 52 9764 1 251964 39975 1.5 19 13 7 15 67%  86 22395 110 65%
c -  4.63 64 18 21 53 9766 1 254407 37998 1.5 18 12 7 14 67%  86 22395 110 65%
c s  4.73 65 18 21 53 9767 1 256159 39338 1.5 18 12 7 14 67%  86 21019 110 65%
c e  4.73 65 18 21 53 9767 1 256159 39338 1.5 18 12 7 14 67%  65 21112 104 62%
c s  4.80 65 18 21 53 9767 1 256159 39338 1.5 18 12 7 14 67%  65 20774 104 62%
c !  4.80 65 18 21 53 9767 1 256159 39338 1.5 18 12 7 14 67%  65 20774 104 62%
c u  4.83 69 18 21 53 9767 1 256602 27129 1.5 18 12 7 14 67%  65 20774 104 62%
c v  4.85 69 18 21 53 9767 1 256602 27110 1.5 18 12 7 14 67%  65 20774 104 62%
c
c seconds   switched    rate          size/glue  tier1    binary       remaining
c        MB   reductions  conflicts         size   tier2     irredundant
c         level    restarts      redundant     glue    trail       variables
c
c w  4.86 69 18 21 53 9767 1 256602 27100 1.5 18 12 7 14 67%  65 20774 104 62%
c x  4.87 70 18 21 53 9767 1 256602 27095 1.5 18 12 7 14 67%  65 20556 104 62%
c f  4.93 72 18 21 53 9767 1 256602 27095 1.5 18 12 7 14 67%  71 20516 106 63%
c u  4.95 76 18 21 53 9767 1 256602 27045 1.5 18 12 7 14 67%  71 20516 106 63%
c v  4.97 77 18 21 53 9767 1 256602 26997 1.5 18 12 7 14 67%  71 20516 106 63%
c w  4.98 77 18 21 53 9767 1 256602 26990 1.5 18 12 7 14 67%  71 20516 106 63%
c x  4.99 77 18 21 53 9767 1 256602 26985 1.5 18 12 7 14 67%  71 20334 106 63%
c -  5.07 77 18 21 54 9770 1 261687 27774 1.5 18 13 7 14 67%  71 20334 106 63%
c -  5.17 78 17 21 55 9774 1 269037 30729 1.5 18 12 7 14 67%  71 20334 106 63%
c -  5.27 78 17 21 56 9777 1 276454 32567 1.5 18 12 7 14 67%  71 20334 106 63%
c -  5.38 78 17 21 57 9778 1 283938 33518 1.5 18 12 7 14 67%  71 20334 106 63%
c I  5.43 78 17 21 57 9781 1 287316 36090 1.5 18 12 7 14 66%  71 20334 106 63%
c ]  5.45 78 17 22 57 9781 1 289038 37596 1.5 18 12 7 14 67%  71 20334 106 63%
c {  5.45 78 13 22 57 9781 2 289038 37596 1.5 14 9 6 10 59%  71 20334 106 63%
c -  5.48 78 13 22 58 9781 2 291487 35769 1.6 14 9 6 10 60%  71 20334 106 63%
c -  5.57 78 13 22 59 9781 2 299102 33863 1.7 15 9 5 10 61%  71 20334 106 63%
c u  5.65 78 13 22 59 9781 2 303967 38427 1.7 15 9 5 10 62%  71 20334 106 63%
c v  5.67 78 13 22 59 9781 2 303967 38400 1.7 15 9 5 10 62%  71 20334 106 63%
c w  5.68 78 13 22 59 9781 2 303967 38399 1.7 15 9 5 10 62%  71 20334 106 63%
c x  5.69 78 13 22 59 9781 2 303967 38388 1.7 15 9 5 10 62%  71 20175 106 63%
c
c seconds   switched    rate          size/glue tier1    binary       remaining
c        MB   reductions  conflicts         size  tier2     irredundant
c         level    restarts      redundant    glue    trail       variables
c
c o  5.69 78 13 22 59 9781 2 303967 38388 1.7 15 9 5 10 62%  71 20175 106 63%
c -  5.74 79 12 22 60 9781 2 306783 34156 1.8 15 9 5 10 62%  71 20175 106 63%
c -  5.87 79 12 22 61 9781 2 314528 35784 1.8 15 8 5 9 63%  71 20175 106 63%
c }  5.96 79 12 23 61 9781 2 320555 41218 1.8 15 8 5 9 63%  72 20175 106 63%
c [  5.96 79 17 23 61 9781 1 320555 41218 1.5 18 12 7 14 67%  72 20175 106 63%
c -  5.99 79 17 23 62 9782 1 322340 37675 1.5 18 12 7 14 67%  72 20175 106 63%
c B  6.05 79 17 23 62 9785 1 326757 41280 1.5 18 12 7 14 67%  72 20175 106 63%
c -  6.12 79 17 23 63 9787 1 330215 39070 1.5 18 12 7 14 67%  72 20175 106 63%
c -  6.26 79 17 23 64 9791 1 338152 40421 1.5 18 12 7 14 66%  72 20175 106 63%
c ]  6.39 79 17 24 64 9794 1 344233 45662 1.5 18 12 7 14 66%  72 20175 106 63%
c {  6.39 79 12 24 64 9794 2 344233 45662 1.8 15 8 5 9 63%  72 20175 106 63%
c -  6.43 79 12 24 65 9977 2 346152 41723 1.8 15 8 5 9 63%  72 20175 106 63%
c -  6.64 79 12 24 66 10443 2 354215 42918 1.8 15 8 5 9 63%  72 20175 106 63%
c u  6.71 79 12 24 66 10645 2 355743 43979 1.8 15 8 5 9 63%  72 20175 106 63%
c v  6.73 79 12 24 66 10645 2 355743 43906 1.8 15 8 5 9 63%  72 20175 106 63%
c w  6.74 79 12 24 66 10645 2 355743 43886 1.8 15 8 5 9 63%  72 20175 106 63%
c x  6.76 79 12 24 66 10645 2 355743 43882 1.8 15 8 5 9 63%  72 19754 106 63%
c -  6.91 80 12 24 67 11015 2 362341 43030 1.8 15 8 5 9 63%  73 19754 106 63%
c s  7.18 80 12 24 67 11806 2 368540 47886 1.8 15 8 5 9 63%  73 18641 106 63%
c s  7.22 80 12 24 67 11806 2 368540 47886 1.8 15 8 5 9 63%  73 18450 106 63%
c
c seconds   switched     rate          size/glue tier1   binary       remaining
c        MB   reductions   conflicts         size  tier2    irredundant
c         level    restarts       redundant    glue   trail       variables
c
c -  7.29 80 12 24 68 11979 2 370526 44179 1.7 15 8 5 9 63%  73 18450 106 63%
c -  7.46 80 12 24 69 12181 2 378772 45584 1.7 14 8 5 9 63%  74 18450 106 63%
c }  7.50 80 12 25 69 12260 2 380912 47219 1.7 14 8 5 9 63%  74 18450 106 63%
c [  7.50 80 17 25 69 12260 1 380912 47219 1.5 18 12 7 14 66%  74 18450 106 63%
c W  7.51 82 17 25 69 12260 1 380912 47219 1.5 18 12 7 14 66%  74 18450 106 63%
c -  7.63 83 16 25 70 12264 1 387080 46867 1.5 18 12 7 14 66%  74 18450 106 63%
c -  7.79 83 16 25 71 12269 1 395446 47874 1.5 18 12 6 13 66%  74 18450 106 63%
c o  7.89 83 16 25 71 12273 1 401553 52553 1.5 18 12 6 13 66%  74 18450 106 63%
c -  7.94 83 16 25 72 12273 1 403873 48851 1.5 17 12 6 13 66%  74 18450 106 63%
c u  8.12 85 16 25 72 12274 1 412093 55647 1.5 18 11 6 13 66%  74 18450 106 63%
c v  8.15 86 16 25 72 12274 1 412093 55429 1.5 18 11 6 13 66%  74 18450 106 63%
c w  8.16 86 16 25 72 12274 1 412093 55382 1.5 18 11 6 13 66%  74 18450 106 63%
c x  8.18 86 16 25 72 12274 1 412093 55372 1.5 18 11 6 13 66%  74 18224 106 63%
c -  8.20 90 16 25 73 12274 1 412358 50340 1.5 18 11 6 13 66%  74 18224 106 63%
c -  8.38 90 16 25 74 12280 1 420902 51380 1.5 17 11 6 13 66%  74 18224 106 63%
c O  8.55 90 16 25 74 12284 1 429079 57958 1.5 17 11 6 13 66%  74 18224 106 63%
c ]  8.55 90 16 26 74 12284 1 429097 57973 1.5 17 11 6 13 66%  74 18224 106 63%
c {  8.55 90 12 26 74 12284 2 429097 57973 1.7 14 8 5 9 63%  74 18224 106 63%
c -  8.57 90 12 26 75 12323 2 429506 52413 1.7 14 8 5 9 63%  74 18224 106 63%
c -  8.80 90 12 26 76 12698 2 438167 53386 1.7 14 8 5 9 63%  76 18223 106 63%
c
c seconds   switched     rate          size/glue tier1   binary       remaining
c        MB   reductions   conflicts         size  tier2    irredundant
c         level    restarts       redundant    glue   trail       variables
c
c i  8.98 90 12 26 76 12942 2 445717 58625 1.7 14 8 5 9 63%  83 18223 105 62%
c -  9.01 90 12 26 77 13015 2 446886 43270 1.7 14 8 5 9 63%  70 18223 105 62%
c -  9.24 90 12 26 78 13499 2 455661 46364 1.7 14 8 5 9 63%  72 18222 105 62%
c -  9.49 90 12 26 79 14040 2 464492 49521 1.7 14 8 5 9 64%  74 18222 105 62%
c }  9.65 90 11 27 79 14372 2 471315 54478 1.7 14 8 5 9 64%  76 18222 105 62%
c [  9.65 90 16 27 79 14372 1 471315 54478 1.5 17 11 6 13 66%  76 18222 105 62%
c -  9.70 90 15 27 80 14373 1 473382 51986 1.5 17 11 6 13 66%  76 18222 105 62%
c u  9.74 90 15 27 80 14374 1 473464 51603 1.5 17 11 6 13 66%  86 18212 105 62%
c v  9.77 90 15 27 80 14374 1 473464 50930 1.5 17 11 6 13 66%  86 18212 105 62%
c w  9.79 90 15 27 80 14374 1 473464 50779 1.5 17 11 6 13 66%  86 18212 105 62%
c x  9.82 90 15 27 80 14374 1 473464 50768 1.5 17 11 6 13 66%  86 17914 105 62%
c t  9.82 90 15 27 80 14374 1 473464 50768 1.5 17 11 6 13 66%  85 17914 105 62%
c i  9.94 90 15 27 80 14377 1 479053 54389 1.5 17 11 6 13 66%  94 17914 104 62%
c B 10.00 90 15 27 80 14378 1 481867 56650 1.5 17 11 6 13 66%  94 17914 104 62%
c - 10.02 90 15 27 81 14378 1 482327 42235 1.5 17 11 6 13 66%  80 17914 104 62%
c i 10.10 90 15 27 81 14381 1 486356 45075 1.5 17 11 6 13 66%  87 17914 103 61%
c - 10.20 90 15 27 82 14384 1 491330 43113 1.5 17 11 6 13 66%  84 17914 103 61%
c i 10.26 90 14 27 82 14385 1 494441 44993 1.5 16 11 6 13 66%  90 17914 102 61%
c o 10.26 90 14 27 82 14385 1 494441 44993 1.5 16 11 6 13 66%  90 17914 102 61%
c i 10.31 90 14 27 82 14386 1 496384 46192 1.5 16 11 6 13 66%  96 17914 99 59%
c
c seconds   switched     rate          size/glue  tier1    binary      remaining
c        MB   reductions   conflicts         size   tier2     irredundant
c         level    restarts       redundant     glue    trail      variables
c
c i 10.31 90 14 27 82 14386 1 496589 46281 1.5 16 11 6 13 66% 102 17914 91 54%
c i 10.31 90 14 27 82 14386 1 496672 46304 1.5 16 11 6 13 66% 108 17914 87 52%
c i 10.31 90 14 27 82 14386 1 496694 46308 1.5 16 11 6 13 66% 114 17914 81 48%
c i 10.31 90 14 27 82 14386 1 496699 46309 1.5 16 11 6 13 66% 116 17914 80 48%
c i 10.31 90 14 27 82 14386 1 496700 46309 1.5 16 11 6 13 66% 116 17914 76 45%
c ] 10.31 90 14 27 82 14386 1 496706 46309 1.5 16 11 6 13 66% 118 17914 43 26%
c 0 10.31 90 11 27 82 14386 2 496706 46309 1.7 14 8 5 9 64% 118 17914 43 26%
c
c ---- [ result ] ------------------------------------------------------------
c
s UNSATISFIABLE
c
c ---- [ profiling ] ---------------------------------------------------------
c
c           8.77   85.02 %  search
c           4.56   44.20 %  focused
c           4.21   40.82 %  stable
c           1.52   14.77 %  simplify
c           0.93    9.04 %  probe
c           0.76    7.32 %  vivify
c           0.59    5.75 %  eliminate
c           0.56    5.38 %  subsume
c           0.19    1.81 %  reduce
c           0.12    1.12 %  sweep
c           0.04    0.43 %  substitute
c           0.01    0.13 %  preprocess
c           0.01    0.11 %  walking
c           0.01    0.10 %  factor
c           0.01    0.05 %  parse
c           0.00    0.04 %  congruence
c           0.00    0.02 %  lucky
c           0.00    0.01 %  transitive
c           0.00    0.00 %  backbone
c =============================================
c          10.31  100.00 %  total
c
c ---- [ statistics ] --------------------------------------------------------
c
c conflicts:                           496706            48151.12 per second
c decisions:                           680690                1.37 per conflict
c eliminated:                             220              131 %  variables
c factored:                               158               94 %  variables
c iterations:                              11                7 %  variables
c propagations:                       9396484           910903    per second
c reductions:                              82             6057    interval
c reordered:                               10            49671    interval
c rephased:                                19            26142    interval
c restarts:                             14386               35    interval
c strengthened:                           359                0 %  checks
c subsumed:                              4264                0 %  checks
c switched:                                27            18397    interval
c vivified:                             10954               41 %  checks
c walks:                                    6            82784    interval
c
c ---- [ glue usage ] --------------------------------------------------------
c
c focused glue 5 used 126049 clauses 14.49% accumulated 63.73% tier1
c focused glue 6 used  91622 clauses 10.53% accumulated 74.26%
c focused glue 7 used  70752 clauses  8.13% accumulated 82.39%
c focused glue 8 used  52005 clauses  5.98% accumulated 88.37%
c focused glue 9 used  36244 clauses  4.17% accumulated 92.54% tier2
c
c stable glue 6    used 110086 clauses  8.76% accumulated 56.55% tier1
c stable glue 7    used  97500 clauses  7.76% accumulated 64.30%
c stable glue 8-11 used 277207 clauses 22.05% accumulated 86.35%
c stable glue 12   used  41153 clauses  3.27% accumulated 89.62%
c stable glue 13   used  32098 clauses  2.55% accumulated 92.18% tier2
c
c ---- [ resources ] ---------------------------------------------------------
c
c maximum-resident-set-size:      96217333760 bytes      91760 MB
c process-time:                            10s              10.31 seconds
c
c ---- [ shutting down ] -----------------------------------------------------
c
c exit 20
