c ---- [ banner ] ------------------------------------------------------------
c
c Kissat SAT Solver
c 
c Copyright (c) 2021-2024 Armin Biere University of Freiburg
c Copyright (c) 2019-2021 Armin Biere Johannes Kepler University Linz
c 
c Version 4.0.4 8af8e56f174b778aef3aa45af9f739b2a5f492c2
c Apple clang version 17.0.0 (clang-1700.6.3.2) -W -Wall -O3 -DNDEBUG
c Mon Mar 30 18:25:47 CEST 2026 Darwin Mac 24.6.0 arm64
c
c ---- [ parsing ] -----------------------------------------------------------
c
c opened and reading DIMACS file:
c
c   tmp.cnf
c
c parsed 'p cnf 120 20878' header
c closing input after reading 446029 bytes (436 KB)
c finished parsing after 0.00 seconds
c
c ---- [ solving ] -----------------------------------------------------------
c
c seconds switched rate     size/glue tier1 binary       remaining
c        MB reductions conflicts size  tier2   irredundant
c         level restarts redundant glue  trail       variables
c
c *  0.00  5 0 0 0  0 0   0   0 0.0 0 0 0 0 0%   0 20878 114 100%
c (  0.00  6 0 0 0  0 0   0   0 0.0 0 0 0 0 0%   0 20878 114 100%
c .  0.00  6 0 0 0  0 0   0   0 0.0 0 0 0 0 0%   0 20878 114 100%
c f  0.05  6 0 0 0  0 0   0   0 0.0 0 0 0 0 0% 192 14172 209 183%
c )  0.05  6 0 0 0  0 0   0   0 0.0 0 0 0 0 0% 192 14172 209 183%
c {  0.05  6 0 0 0  0 0   0   0 0.0 0 0 2 6 0% 192 14172 209 183%
c -  0.05  7 26 0 1  6 2 1000 618 1.5 14 10 9 14 55% 192 14172 209 183%
c }  0.05  7 26 1 1  6 2 1000 618 1.5 14 10 9 14 55% 192 14172 209 183%
c [  0.05  7 0 1 1  6 0 1000 618 0.0 0 0 2 6 0% 192 14172 209 183%
c B  0.05  7 49 1 1  6 29 1001 619 1.6 16 10 2 6 64% 192 14172 209 183%
c ]  0.06  7 28 2 1  6 1 1623 1161 2.1 18 8 6 12 63% 192 14172 209 183%
c {  0.06  7 26 2 1  6 2 1623 1161 1.5 14 10 9 14 55% 192 14172 209 183%
c -  0.06  7 25 2 2  9 1 2000 1460 1.6 15 9 8 14 56% 192 14172 209 183%
c }  0.06  7 23 3 2 18 2 2624 1954 1.7 15 9 8 14 59% 192 14172 209 183%
c [  0.06  7 28 3 2 18 1 2624 1954 2.1 18 8 6 12 63% 192 14172 209 183%
c W  0.06  9 28 3 2 18 1 2624 1954 2.1 18 8 6 12 63% 192 14172 209 183%
c u  0.07  9 26 3 2 18 1 2821 2070 1.8 18 10 6 12 57% 192 14172 209 183%
c v  0.07  9 26 3 2 18 1 2821 2061 1.8 18 10 6 12 57% 192 14172 209 183%
c w  0.07  9 26 3 2 18 1 2821 2057 1.8 18 10 6 12 57% 192 14172 209 183%
c f  0.08  9 26 3 2 18 1 2821 2057 1.8 18 10 6 12 57% 233 13932 230 202%
c
c seconds  switched rate       size/glue  tier1    binary       remaining
c        MB reductions conflicts     size   tier2     irredundant
c         level restarts  redundant     glue    trail       variables
c
c u  0.08 10 26 3 2 18 1 2821 2037 1.8 18 10 6 12 57% 233 13932 230 202%
c v  0.08 10 26 3 2 18 1 2821 2032 1.8 18 10 6 12 57% 233 13932 230 202%
c w  0.08 10 26 3 2 18 1 2821 2020 1.8 18 10 6 12 57% 233 13932 230 202%
c =  0.09 12 26 3 2 18 1 2821 2020 1.8 18 10 6 12 57% 233 13932 229 201%
c f  0.09 12 26 3 2 18 1 2821 2020 1.8 18 10 6 12 57% 251 13893 238 209%
c -  0.10 13 24 3 3 18 1 3414 2333 1.6 18 11 8 16 51% 248 13893 238 209%
c ]  0.10 13 22 4 3 19 1 4054 2841 1.5 18 12 8 16 48% 249 13893 238 209%
c {  0.10 13 23 4 3 19 2 4054 2841 1.7 15 9 8 14 59% 249 13893 238 209%
c i  0.11 14 22 4 3 25 2 4684 3343 1.7 15 9 7 13 64% 251 13893 237 208%
c -  0.11 14 22 4 4 52 2 5146 3357 1.7 15 9 7 12 64% 247 13893 237 208%
c i  0.11 14 21 4 4 52 2 5240 3439 1.7 15 9 7 12 63% 247 13893 236 207%
c i  0.11 14 21 4 4 52 2 5266 3463 1.7 15 9 7 12 63% 247 13893 235 206%
c i  0.11 14 21 4 4 53 2 5735 3872 1.8 15 8 7 12 62% 247 13893 234 205%
c }  0.12 14 21 5 4 94 2 6406 4464 1.8 15 8 7 12 62% 250 13893 234 205%
c [  0.12 14 22 5 4 94 1 6406 4464 1.5 18 12 8 16 48% 250 13893 234 205%
c I  0.12 14 22 5 4 94 1 6406 4464 1.5 18 12 8 16 48% 250 13893 234 205%
c -  0.13 14 22 5 5 94 1 7147 4417 1.4 18 12 9 16 50% 244 13893 234 205%
c b  0.13 14 21 5 5 96 1 8696 5603 1.4 17 12 8 16 50% 244 13893 231 203%
c u  0.14 14 21 5 5 96 1 8696 5592 1.4 17 12 8 16 50% 244 13893 231 203%
c v  0.14 14 21 5 5 96 1 8696 5586 1.4 17 12 8 16 50% 244 13893 231 203%
c
c seconds  switched rate       size/glue  tier1    binary       remaining
c        MB reductions conflicts     size   tier2     irredundant
c         level restarts  redundant     glue    trail       variables
c
c w  0.14 14 21 5 5 96 1 8696 5578 1.4 17 12 8 16 50% 244 13893 231 203%
c u  0.16 15 21 5 5 96 1 8696 5524 1.4 17 12 8 16 50% 244 13893 231 203%
c v  0.16 15 21 5 5 96 1 8696 5521 1.4 17 12 8 16 50% 244 13893 231 203%
c w  0.16 15 21 5 5 96 1 8696 5515 1.4 17 12 8 16 50% 244 13893 231 203%
c -  0.16 15 21 5 6 96 1 9383 5217 1.4 17 12 8 16 49% 236 13893 231 203%
c ]  0.17 15 20 6 6 96 1 9939 5664 1.4 17 12 8 16 48% 236 13893 231 203%
c {  0.17 15 21 6 6 96 2 9939 5664 1.8 15 8 7 12 62% 236 13893 231 203%
c o  0.18 15 20 6 6 120 2 11297 6851 1.8 15 8 7 12 61% 237 13893 231 203%
c -  0.18 15 20 6 7 125 2 11832 6220 1.8 15 8 6 11 61% 238 13893 231 203%
c i  0.19 15 20 6 7 133 2 12359 6709 1.8 15 8 6 11 61% 239 13893 230 202%
c }  0.20 15 19 7 7 133 1 14009 8197 1.9 15 8 6 11 60% 240 13893 230 202%
c [  0.20 15 20 7 7 133 1 14009 8197 1.4 17 12 8 16 48% 240 13893 230 202%
c B  0.20 15 20 7 7 133 1 14009 8197 1.4 17 12 8 16 48% 240 13893 230 202%
c s  0.20 15 20 7 7 133 1 14098 8262 1.4 17 12 8 16 48% 240 13883 230 202%
c e  0.21 16 20 7 7 133 1 14098 8262 1.4 17 12 8 16 48% 138 5983 132 116%
c ^  0.21 16 20 7 7 133 1 14098 8262 1.4 17 12 8 16 48% 138 5983 132 116%
c -  0.22 16 20 7 8 133 1 14477 6306 1.4 17 12 8 15 48% 138 5983 132 116%
c -  0.23 16 17 7 9 135 1 17307 7165 1.4 16 11 7 14 48% 140 5983 132 116%
c u  0.24 16 17 7 9 135 1 17820 7478 1.4 15 11 7 14 48% 143 5983 132 116%
c v  0.24 16 17 7 9 135 1 17820 7460 1.4 15 11 7 14 48% 143 5983 132 116%
c
c seconds  switched  rate        size/glue  tier1    binary      remaining
c        MB reductions conflicts       size   tier2    irredundant
c         level restarts    redundant     glue    trail      variables
c
c w  0.24 16 17 7 9 135 1 17820 7451 1.4 15 11 7 14 48% 143 5983 132 116%
c f  0.26 16 17 7 9 135 1 17820 7451 1.4 15 11 7 14 48% 153 5956 137 120%
c u  0.26 16 17 7 9 135 1 17820 7426 1.4 15 11 7 14 48% 153 5956 137 120%
c v  0.26 16 17 7 9 135 1 17820 7318 1.4 15 11 7 14 48% 153 5956 137 120%
c w  0.26 16 17 7 9 135 1 17820 7110 1.4 15 11 7 14 48% 153 5956 137 120%
c ]  0.27 16 16 8 9 136 1 18794 7642 1.4 15 11 7 14 47% 154 5956 137 120%
c {  0.27 16 19 8 9 136 1 18794 7642 1.9 15 8 6 11 60% 154 5956 137 120%
c -  0.28 16 19 8 10 232 2 20308 7837 1.9 15 8 6 10 62% 154 5956 137 120%
c o  0.29 16 18 8 10 233 2 21438 8803 1.9 15 8 6 10 63% 154 5956 137 120%
c -  0.31 16 18 8 11 492 2 23470 8722 1.9 15 8 5 10 63% 154 5956 137 120%
c }  0.33 16 18 9 11 684 2 24954 9873 1.9 15 8 5 10 63% 155 5956 137 120%
c [  0.33 16 16 9 11 684 1 24954 9873 1.4 15 11 7 14 47% 155 5956 137 120%
c W  0.33 16 16 9 11 684 1 24954 9873 1.4 15 11 7 14 47% 155 5956 137 120%
c -  0.34 16 17 9 12 685 1 26788 9462 1.4 15 11 6 13 50% 155 5956 137 120%
c e  0.38 16 18 9 12 687 1 29907 12061 1.4 15 11 6 13 54% 147 5967 133 117%
c ^  0.38 16 18 9 12 687 1 29907 12061 1.4 15 11 6 13 54% 147 5967 133 117%
c -  0.39 17 18 9 13 687 1 30252 9558 1.4 16 11 6 13 54% 147 5967 133 117%
c ]  0.40 17 18 10 13 689 1 31539 10627 1.5 16 11 6 13 55% 147 5967 133 117%
c {  0.40 17 18 10 13 689 2 31539 10627 1.9 15 8 5 10 63% 147 5967 133 117%
c u  0.41 17 18 10 13 764 2 31895 10862 1.8 15 8 5 10 63% 147 5967 133 117%
c
c seconds   switched   rate         size/glue tier1    binary      remaining
c        MB   reductions conflicts        size  tier2    irredundant
c         level   restarts     redundant    glue    trail      variables
c
c v  0.41 17 18 10 13 764 2 31895 10831 1.8 15 8 5 10 63% 147 5967 133 117%
c w  0.42 17 18 10 13 764 2 31895 10828 1.8 15 8 5 10 63% 147 5967 133 117%
c -  0.44 18 18 10 14 1012 2 33857 10503 1.8 14 8 5 10 64% 149 5967 133 117%
c -  0.49 18 18 10 15 1513 2 37600 12047 1.8 14 8 5 10 63% 150 5967 133 117%
c }  0.53 18 18 11 15 1883 2 40167 14251 1.8 14 8 5 10 63% 151 5967 133 117%
c [  0.53 18 18 11 15 1883 1 40167 14251 1.5 16 11 6 13 55% 151 5967 133 117%
c O  0.53 18 18 11 15 1883 1 40167 14251 1.5 16 11 6 13 55% 151 5967 133 117%
c -  0.54 18 18 11 16 1884 1 41472 13449 1.5 16 11 6 13 56% 151 5967 133 117%
c -  0.58 18 18 11 17 1887 1 45473 14276 1.5 16 11 6 12 58% 151 5967 133 117%
c -  0.62 18 18 11 18 1889 1 49596 14712 1.5 17 11 6 13 60% 151 5967 133 117%
c B  0.62 18 18 11 18 1889 1 49928 15008 1.5 17 11 6 13 60% 151 5967 133 117%
c o  0.62 18 18 11 18 1889 1 49928 15008 1.5 17 11 6 13 60% 151 5967 133 117%
c u  0.63 18 18 11 18 1889 1 50015 14716 1.5 17 11 6 13 60% 151 5967 133 117%
c v  0.64 18 18 11 18 1889 1 50015 14671 1.5 17 11 6 13 60% 151 5967 133 117%
c w  0.64 18 18 11 18 1889 1 50015 14658 1.5 17 11 6 13 60% 151 5967 133 117%
c ]  0.68 19 18 12 18 1890 1 53294 17293 1.5 17 11 6 13 62% 151 5967 133 117%
c {  0.68 19 18 12 18 1890 2 53294 17293 1.8 14 8 5 10 63% 151 5967 133 117%
c -  0.69 19 18 12 19 1954 2 53839 12672 1.8 14 8 4 10 63% 151 5967 133 117%
c -  0.74 19 17 12 20 2264 2 58197 12873 1.8 14 8 4 9 64% 151 5967 133 117%
c -  0.79 19 17 12 21 2564 2 62669 14092 1.8 14 8 4 9 64% 151 5967 133 117%
c
c seconds   switched    rate         size/glue tier1   binary      remaining
c        MB   reductions  conflicts        size  tier2   irredundant
c         level    restarts     redundant    glue   trail      variables
c
c e  0.81 19 17 12 21 2708 2 64185 15399 1.8 14 8 4 9 64% 147 5975 131 115%
c ^  0.81 19 17 12 21 2708 2 64185 15399 1.8 14 8 4 9 64% 147 5975 131 115%
c }  0.82 19 17 13 21 2716 2 64773 15671 1.7 14 8 4 9 64% 147 5975 131 115%
c [  0.82 19 18 13 21 2716 1 64773 15671 1.5 17 11 6 13 62% 147 5975 131 115%
c W  0.82 19 18 13 21 2716 1 64773 15671 1.5 17 11 6 13 62% 147 5975 131 115%
c -  0.84 20 18 13 22 2718 1 67251 14533 1.5 17 12 6 14 62% 147 5975 131 115%
c -  0.88 20 18 13 23 2721 1 71941 14301 1.5 17 12 6 14 63% 147 5975 131 115%
c u  0.89 20 18 13 23 2721 1 72308 14548 1.5 17 12 6 14 63% 147 5975 131 115%
c v  0.89 20 18 13 23 2721 1 72308 14489 1.5 17 12 6 14 63% 147 5975 131 115%
c w  0.90 20 18 13 23 2721 1 72308 14278 1.5 17 12 6 14 63% 147 5975 131 115%
c -  0.94 20 18 13 24 2722 1 76736 14077 1.5 18 12 6 14 63% 147 5975 131 115%
c I  0.96 20 18 13 24 2725 1 79679 16368 1.4 18 12 6 14 62% 147 5975 131 115%
c -  0.98 20 18 13 25 2726 1 81635 14624 1.4 17 12 6 14 62% 147 5975 131 115%
c ]  0.99 20 18 14 25 2727 1 83565 15865 1.4 17 12 6 14 61% 147 5975 131 115%
c {  0.99 20 17 14 25 2727 2 83565 15865 1.7 14 8 4 9 64% 147 5975 131 115%
c o  0.99 20 17 14 25 2753 2 83679 15933 1.7 14 8 4 9 64% 147 5975 131 115%
c -  1.03 20 17 14 26 2915 2 86635 15889 1.7 14 8 4 9 64% 147 5975 131 115%
c -  1.09 20 17 14 27 3154 2 91735 17283 1.8 14 8 4 9 65% 147 5975 131 115%
c -  1.18 20 17 14 28 3732 2 96931 18629 1.8 15 8 4 9 65% 147 5975 131 115%
c }  1.20 20 17 15 28 3885 2 98281 19744 1.8 15 8 4 9 65% 147 5975 131 115%
c
c seconds   switched    rate         size/glue  tier1    binary      remaining
c        MB   reductions  conflicts        size   tier2    irredundant
c         level    restarts     redundant     glue    trail      variables
c
c [  1.20 20 18 15 28 3885 1 98281 19744 1.4 17 12 6 14 61% 147 5975 131 115%
c B  1.20 20 18 15 28 3885 1 98281 19744 1.4 17 12 6 14 61% 147 5975 131 115%
c u  1.21 20 18 15 28 3885 1 98931 20201 1.4 17 12 6 14 62% 147 5975 131 115%
c v  1.22 22 18 15 28 3885 1 98931 20193 1.4 17 12 6 14 62% 147 5975 131 115%
c w  1.22 22 18 15 28 3885 1 98931 20193 1.4 17 12 6 14 62% 147 5975 131 115%
c -  1.26 22 18 15 29 3887 1 102222 18605 1.4 18 12 6 14 62% 147 5975 131 115%
c -  1.30 22 18 15 30 3891 1 107607 17799 1.4 18 13 6 14 62% 147 5975 131 115%
c -  1.35 22 18 15 31 3894 1 113085 18036 1.4 17 13 6 14 62% 147 5975 131 115%
c -  1.40 22 18 15 32 3897 1 118652 18926 1.4 17 13 6 14 61% 147 5975 131 115%
c W  1.41 23 18 15 32 3898 1 119192 19319 1.4 17 13 6 14 61% 147 5975 131 115%
c e  1.42 24 18 15 32 3898 1 119386 19467 1.4 17 13 6 14 61% 137 6003 126 111%
c ^  1.42 24 18 15 32 3898 1 119386 19467 1.4 17 13 6 14 61% 137 6003 126 111%
c ]  1.43 24 18 16 32 3898 1 120690 18712 1.4 17 13 6 14 61% 137 6003 126 111%
c {  1.43 24 17 16 32 3898 2 120690 18712 1.8 15 8 4 9 65% 137 6003 126 111%
c o  1.48 24 17 16 32 4113 2 123736 21257 1.8 15 8 4 9 65% 137 6003 126 111%
c -  1.49 24 17 16 33 4151 2 124308 19074 1.8 15 8 4 9 65% 137 6003 126 111%
c u  1.58 25 17 16 33 4577 2 130041 23657 1.8 15 8 4 9 65% 137 6003 126 111%
c v  1.59 25 17 16 33 4577 2 130041 23539 1.8 15 8 4 9 65% 137 6003 126 111%
c w  1.60 25 17 16 33 4577 2 130041 23276 1.8 15 8 4 9 65% 137 6003 126 111%
c -  1.60 25 17 16 34 4577 2 130053 20512 1.8 15 8 4 9 65% 137 6003 126 111%
c
c seconds   switched    rate          size/glue tier1   binary      remaining
c        MB   reductions  conflicts         size  tier2   irredundant
c         level    restarts      redundant    glue   trail      variables
c
c -  1.66 25 16 16 35 4797 2 135883 20497 1.7 14 8 4 9 63% 137 6003 126 111%
c }  1.71 25 16 17 35 5038 2 139028 22983 1.7 14 8 4 9 63% 137 6003 126 111%
c [  1.71 25 18 17 35 5038 1 139028 22983 1.4 17 13 6 14 61% 137 6003 126 111%
c -  1.74 25 18 17 36 5040 1 141799 20973 1.4 17 13 6 14 61% 137 6003 126 111%
c O  1.75 25 18 17 36 5041 1 143419 22204 1.4 17 13 6 14 61% 137 6003 126 111%
c -  1.79 25 18 17 37 5044 1 147799 21651 1.4 17 12 6 14 61% 137 6003 126 111%
c -  1.86 25 17 17 38 5047 1 153881 22411 1.4 17 12 6 14 61% 137 6003 126 111%
c -  1.93 25 17 17 39 5050 1 160045 23345 1.4 17 12 6 14 61% 137 6003 126 111%
c ]  1.97 25 17 18 39 5051 1 164157 26498 1.4 17 12 6 14 61% 137 6003 126 111%
c {  1.97 25 16 18 39 5051 2 164157 26498 1.7 14 8 4 9 63% 137 6003 126 111%
c u  2.01 26 16 18 39 5144 2 165719 27800 1.7 14 8 4 9 63% 137 6003 126 111%
c v  2.02 26 16 18 39 5144 2 165719 27698 1.7 14 8 4 9 63% 137 6003 126 111%
c w  2.03 26 16 18 39 5144 2 165719 27637 1.7 14 8 4 9 63% 137 6003 126 111%
c -  2.09 27 16 18 40 5224 2 166289 24086 1.7 14 8 4 9 63% 137 6003 126 111%
c -  2.20 27 15 18 41 5576 2 172613 25066 1.7 14 8 4 9 62% 140 6003 126 111%
c o  2.22 27 15 18 41 5688 2 173758 26071 1.7 14 8 4 9 62% 141 6003 126 111%
c -  2.32 27 15 18 42 5899 2 179017 25961 1.7 14 8 4 9 62% 141 6003 126 111%
c -  2.41 27 15 18 43 5976 2 185497 26050 1.7 14 8 4 9 61% 141 6003 126 111%
c }  2.43 27 15 19 43 6005 2 186502 26904 1.7 14 8 4 9 61% 141 6003 126 111%
c [  2.43 27 17 19 43 6005 1 186502 26904 1.4 17 12 6 14 61% 141 6003 126 111%
c
c seconds   switched    rate          size/glue  tier1    binary      remaining
c        MB   reductions  conflicts         size   tier2    irredundant
c         level    restarts      redundant     glue    trail      variables
c
c B  2.43 27 17 19 43 6005 1 186502 26904 1.4 17 12 6 14 61% 141 6003 126 111%
c -  2.49 27 17 19 44 6009 1 192055 25701 1.4 17 12 6 13 62% 141 6003 126 111%
c e  2.54 27 18 19 44 6011 1 197789 30560 1.4 17 12 6 13 62% 119 6094 116 102%
c s  2.55 27 18 19 44 6011 1 197789 30560 1.4 17 12 6 13 62% 119 6090 116 102%
c ^  2.55 27 18 19 44 6011 1 197789 30560 1.4 17 12 6 13 62% 119 6090 116 102%
c -  2.56 27 18 19 45 6011 1 198688 17281 1.4 17 12 6 14 63% 119 6090 116 102%
c -  2.62 27 18 19 46 6016 1 205397 17255 1.4 17 13 6 14 63% 119 6090 116 102%
c u  2.64 27 18 19 46 6017 1 206106 17481 1.4 17 13 6 14 64% 119 6090 116 102%
c v  2.66 27 18 19 46 6017 1 206106 16825 1.4 17 13 6 14 64% 119 6090 116 102%
c w  2.67 27 18 19 46 6017 1 206106 16757 1.4 17 13 6 14 64% 119 6090 116 102%
c -  2.73 27 18 19 47 6019 1 212179 17036 1.4 18 13 6 14 64% 119 6090 116 102%
c W  2.79 27 19 19 47 6019 1 217954 21357 1.4 18 13 6 14 64% 119 6090 116 102%
c -  2.80 27 19 19 48 6019 1 219034 17261 1.4 18 13 6 15 64% 119 6090 116 102%
c -  2.87 27 19 19 49 6024 1 225962 18324 1.3 18 14 6 15 65% 119 6090 116 102%
c ]  2.91 27 19 20 49 6026 1 230322 21486 1.3 18 14 6 15 65% 119 6090 116 102%
c {  2.91 27 15 20 49 6026 2 230322 21486 1.7 14 8 4 9 61% 119 6090 116 102%
c -  2.95 28 15 20 50 6164 2 232962 19692 1.7 14 8 4 9 61% 119 6090 116 102%
c o  2.96 28 15 20 50 6238 2 233830 20453 1.7 14 8 4 9 61% 119 6090 116 102%
c -  3.07 28 15 20 51 6872 2 240033 22745 1.7 14 8 4 9 61% 119 6090 116 102%
c -  3.17 30 15 20 52 7215 2 247175 25235 1.7 14 8 4 9 62% 119 6090 116 102%
c
c seconds   switched    rate          size/glue tier1   binary      remaining
c        MB   reductions  conflicts         size  tier2   irredundant
c         level    restarts      redundant    glue   trail      variables
c
c u  3.27 33 15 20 52 7609 2 251252 28419 1.7 14 8 4 9 62% 119 6090 116 102%
c v  3.29 33 15 20 52 7609 2 251252 28265 1.7 14 8 4 9 62% 119 6090 116 102%
c w  3.29 33 15 20 52 7609 2 251252 28256 1.7 14 8 4 9 62% 119 6090 116 102%
c -  3.36 34 15 20 53 7856 2 254387 26639 1.7 14 8 4 9 62% 119 6090 116 102%
c }  3.40 34 15 21 53 8134 2 257062 28859 1.7 14 8 4 9 62% 119 6090 116 102%
c [  3.40 34 19 21 53 8134 1 257062 28859 1.3 18 14 6 15 65% 119 6090 116 102%
c I  3.40 34 19 21 53 8134 1 257062 28859 1.3 18 14 6 15 65% 119 6090 116 102%
c -  3.47 34 19 21 54 8137 1 261667 27963 1.3 18 14 6 15 65% 119 6090 116 102%
c -  3.56 35 19 21 55 8140 1 269015 27905 1.3 18 14 6 15 65% 119 6090 116 102%
c -  3.65 35 19 21 56 8146 1 276431 27986 1.3 18 13 6 15 66% 119 6090 116 102%
c -  3.73 35 19 21 57 8148 1 283914 28219 1.3 18 13 6 15 66% 119 6090 116 102%
c -  3.82 35 19 21 58 8149 1 291463 27636 1.3 18 13 6 15 66% 119 6090 116 102%
c ]  3.83 35 19 22 58 8150 1 292418 28383 1.3 18 14 6 15 66% 119 6090 116 102%
c {  3.83 35 15 22 58 8150 2 292418 28383 1.7 14 8 4 9 62% 119 6090 116 102%
c -  3.95 35 15 22 59 8313 2 299079 29890 1.7 14 8 4 9 63% 120 6090 116 102%
c u  4.00 36 15 22 59 8341 2 301288 31542 1.7 14 8 4 9 63% 120 6090 116 102%
c v  4.01 36 15 22 59 8341 2 301288 31515 1.7 14 8 4 9 63% 120 6090 116 102%
c w  4.02 36 15 22 59 8341 2 301288 31479 1.7 14 8 4 9 63% 120 6090 116 102%
c x  4.04 36 15 22 59 8341 2 301288 31477 1.7 14 8 4 9 63% 120 6066 116 102%
c e  4.04 37 15 22 59 8342 2 301394 31578 1.7 14 8 4 9 63%  89 6253 103 90%
c
c seconds   switched    rate          size/glue tier1   binary      remaining
c        MB   reductions  conflicts         size  tier2   irredundant
c         level    restarts      redundant    glue   trail      variables
c
c !  4.05 37 15 22 59 8342 2 301394 31578 1.7 14 8 4 9 63%  89 6253 103 90%
c o  4.08 37 15 22 59 8410 2 304022 18015 1.7 14 8 4 9 64%  89 6253 103 90%
c -  4.11 38 15 22 60 8461 2 306760 18712 1.8 14 8 4 9 64%  89 6253 103 90%
c -  4.22 38 15 22 61 8702 2 314505 23815 1.8 14 8 4 9 65%  89 6253 103 90%
c -  4.34 38 16 22 62 9018 2 322316 24845 1.8 15 8 3 9 66%  89 6253 103 90%
c }  4.37 38 16 23 62 9074 2 323937 26247 1.8 15 8 3 9 66%  89 6253 103 90%
c [  4.37 38 19 23 62 9074 1 323937 26247 1.3 18 14 6 15 66%  89 6253 103 90%
c B  4.37 38 19 23 62 9074 1 323937 26247 1.3 18 14 6 15 66%  89 6253 103 90%
c -  4.43 38 19 23 63 9078 1 330190 24810 1.3 18 13 6 15 67%  89 6253 103 90%
c -  4.52 38 19 23 64 9082 1 338129 23997 1.4 18 13 6 15 66%  89 6253 103 90%
c -  4.61 38 19 23 65 9087 1 346130 22492 1.3 18 13 6 15 66%  89 6253 103 90%
c -  4.70 39 19 23 66 9088 1 354193 21455 1.3 18 14 6 15 66%  89 6253 103 90%
c u  4.74 39 20 23 66 9088 1 356372 22915 1.3 18 14 6 15 66%  89 6253 103 90%
c v  4.76 39 20 23 66 9088 1 356372 22668 1.3 18 14 6 15 66%  89 6253 103 90%
c w  4.77 39 20 23 66 9088 1 356372 22413 1.3 18 14 6 15 66%  89 6253 103 90%
c f  4.77 39 20 23 66 9088 1 356372 22413 1.3 18 14 6 15 66%  96 6186 106 93%
c u  4.79 41 20 23 66 9088 1 356372 22134 1.3 18 14 6 15 66%  96 6186 106 93%
c v  4.81 41 20 23 66 9088 1 356372 21997 1.3 18 14 6 15 66%  96 6186 106 93%
c w  4.82 41 20 23 66 9088 1 356372 21960 1.3 18 14 6 15 66%  96 6186 106 93%
c -  4.92 42 20 23 67 9092 1 362318 21038 1.3 18 14 6 15 67%  96 6186 106 93%
c
c seconds   switched    rate          size/glue  tier1    binary      remaining
c        MB   reductions  conflicts         size   tier2    irredundant
c         level    restarts      redundant     glue    trail      variables
c
c ]  4.97 42 20 24 67 9095 1 366827 24619 1.3 18 14 6 15 67%  96 6186 106 93%
c {  4.97 42 16 24 67 9095 2 366827 24619 1.8 15 8 3 9 66%  96 6186 106 93%
c -  5.03 42 16 24 68 9381 2 370506 22676 1.8 15 8 3 9 66%  96 6186 106 93%
c -  5.17 42 16 24 69 10316 2 378753 24168 1.8 14 8 3 9 66%  97 6186 106 93%
c o  5.26 42 16 24 69 10788 2 384070 28690 1.8 14 8 3 9 66%  97 6186 106 93%
c -  5.33 42 16 24 70 11156 2 387059 26300 1.8 14 8 3 9 66%  97 6186 106 93%
c -  5.50 42 16 24 71 12200 2 395426 27725 1.7 15 8 3 9 66%  97 6186 106 93%
c }  5.63 42 16 25 71 12911 2 403505 34364 1.7 15 8 3 9 66%  97 6186 106 93%
c [  5.63 42 20 25 71 12911 1 403505 34364 1.3 18 14 6 15 67%  97 6186 106 93%
c W  5.64 42 20 25 71 12911 1 403505 34364 1.3 18 14 6 15 67%  97 6186 106 93%
c -  5.64 42 20 25 72 12911 1 403854 28552 1.3 18 14 6 15 67%  97 6186 106 93%
c -  5.75 45 20 25 73 12917 1 412339 27894 1.3 18 14 6 15 67%  97 6186 106 93%
c u  5.83 45 19 25 73 12918 1 416399 30804 1.4 18 14 6 15 67%  97 6186 106 93%
c v  5.86 46 19 25 73 12918 1 416399 30489 1.4 18 14 6 15 67%  97 6186 106 93%
c w  5.87 46 19 25 73 12918 1 416399 30409 1.4 18 14 6 15 67%  97 6186 106 93%
c -  5.93 46 19 25 74 12921 1 420884 26556 1.4 18 13 6 15 67%  97 6186 106 93%
c -  6.02 46 19 25 75 12925 1 429487 27214 1.4 18 13 6 15 67%  97 6186 106 93%
c s  6.04 46 19 25 75 12925 1 431875 28925 1.4 18 13 6 15 67%  97 6158 106 93%
c -  6.14 47 18 25 76 12927 1 438147 27817 1.4 18 13 6 14 67%  97 6158 106 93%
c -  6.24 47 18 25 77 12932 1 446865 28661 1.4 18 13 6 14 67%  97 6158 106 93%
c
c seconds   switched     rate          size/glue  tier1    binary      remaining
c        MB   reductions   conflicts         size   tier2    irredundant
c         level    restarts       redundant     glue    trail      variables
c
c O  6.29 47 18 25 77 12935 1 451667 32040 1.4 18 13 6 14 67%  97 6158 106 93%
c -  6.34 47 18 25 78 12937 1 455640 28152 1.4 18 13 5 14 67%  97 6158 106 93%
c ]  6.41 47 18 26 78 12940 1 462534 33685 1.4 18 13 6 14 68%  97 6158 106 93%
c {  6.41 47 16 26 78 12940 2 462534 33685 1.7 15 8 3 9 66%  97 6158 106 93%
c -  6.45 47 16 26 79 13204 2 464472 27838 1.7 15 8 3 9 66%  97 6158 106 93%
c -  6.61 47 16 26 80 13844 2 473361 28188 1.7 15 8 3 9 66%  97 6158 106 93%
c o  6.63 47 16 26 80 13900 2 474892 29434 1.7 15 8 3 9 66%  97 6158 106 93%
c u  6.78 47 16 26 80 14340 2 481589 34776 1.7 15 8 3 9 65%  97 6158 106 93%
c v  6.80 47 16 26 80 14340 2 481589 34214 1.7 15 8 3 9 65%  98 6158 106 93%
c w  6.81 47 16 26 80 14340 2 481589 34183 1.7 15 8 3 9 65%  98 6158 106 93%
c -  6.84 47 16 26 81 14447 2 482305 29632 1.7 15 8 3 9 65%  98 6158 106 93%
c -  7.00 47 16 26 82 15242 2 491306 30669 1.7 15 9 3 9 65%  98 6158 106 93%
c -  7.15 47 16 26 83 15643 2 500363 31647 1.7 15 9 3 9 65%  98 6158 106 93%
c }  7.24 47 16 27 83 15997 2 504753 35335 1.7 15 9 3 9 65%  98 6158 106 93%
c [  7.24 47 18 27 83 15997 1 504753 35335 1.4 18 13 6 14 68%  98 6158 106 93%
c B  7.24 47 18 27 83 15997 1 504753 35335 1.4 18 13 6 14 68%  98 6158 106 93%
c -  7.30 47 18 27 84 16000 1 509475 31702 1.4 18 13 5 14 68%  98 6158 106 93%
c -  7.41 47 18 27 85 16005 1 518640 29469 1.4 18 13 5 14 67%  98 6158 106 93%
c -  7.52 47 18 27 86 16010 1 527860 28706 1.4 18 13 5 14 67%  98 6158 106 93%
c -  7.63 47 18 27 87 16011 1 537134 29440 1.4 18 13 5 14 67%  98 6158 106 93%
c
c seconds   switched     rate          size/glue  tier1    binary      remaining
c        MB   reductions   conflicts         size   tier2    irredundant
c         level    restarts       redundant     glue    trail      variables
c
c -  7.74 47 18 27 88 16017 1 546462 30253 1.4 18 13 5 14 67%  98 6158 106 93%
c u  7.84 50 18 27 88 16019 1 552052 34262 1.4 18 13 5 14 67%  98 6158 106 93%
c v  7.87 51 18 27 88 16019 1 552052 34062 1.4 18 13 5 14 67%  98 6158 106 93%
c w  7.89 51 18 27 88 16019 1 552052 33836 1.4 18 13 5 14 67%  98 6158 106 93%
c -  7.94 51 18 27 89 16022 1 555843 30221 1.4 18 13 5 14 67%  98 6158 106 93%
c W  8.03 53 18 27 89 16025 1 562337 35115 1.4 18 13 5 14 67%  98 6158 106 93%
c -  8.07 54 18 27 90 16026 1 565276 30984 1.4 18 13 5 14 67%  98 6158 106 93%
c ]  8.13 54 18 28 90 16026 1 570395 35055 1.4 18 13 5 14 67%  98 6158 106 93%
c {  8.13 54 16 28 90 16026 2 570395 35055 1.7 15 9 3 9 65%  98 6158 106 93%
c -  8.21 54 16 28 91 16238 2 574765 32255 1.7 15 9 3 9 65%  98 6158 106 93%
c o  8.21 54 16 28 91 16262 2 574914 32383 1.7 15 9 3 9 65%  98 6158 106 93%
c -  8.42 54 16 28 92 17134 2 584304 33286 1.7 15 9 3 9 65%  98 6158 106 93%
c -  8.62 54 15 28 93 17812 2 593895 33519 1.7 15 9 3 9 65%  98 6158 106 93%
c -  8.82 54 15 28 94 18748 2 603539 33619 1.7 14 9 3 9 65%  98 6158 106 93%
c -  8.97 54 15 28 95 19083 2 613234 34035 1.7 14 9 3 9 64%  98 6158 106 93%
c }  9.06 54 15 29 95 19307 2 618534 38344 1.7 14 9 3 9 64%  98 6158 106 93%
c [  9.06 54 18 29 95 19307 1 618534 38344 1.4 18 13 5 14 67%  98 6158 106 93%
c -  9.12 54 18 29 96 19310 1 622980 34790 1.4 18 13 5 14 67%  98 6158 106 93%
c I  9.15 54 18 29 96 19312 1 624887 36254 1.4 18 13 5 14 67%  98 6158 106 93%
c u  9.21 55 18 29 96 19313 1 627840 38129 1.4 18 13 5 14 67%  98 6158 106 93%
c
c seconds   switched     rate          size/glue  tier1    binary      remaining
c        MB   reductions   conflicts         size   tier2    irredundant
c         level    restarts       redundant     glue    trail      variables
c
c v  9.24 56 18 29 96 19313 1 627840 37483 1.4 18 13 5 14 67%  98 6158 106 93%
c w  9.25 56 18 29 96 19313 1 627840 37248 1.4 18 13 5 14 67%  98 6158 106 93%
c x  9.27 56 18 29 96 19313 1 627840 37244 1.4 18 13 5 14 67%  98 6108 106 93%
c -  9.34 58 18 29 97 19315 1 632777 32943 1.4 18 13 5 14 67%  98 6108 106 93%
c -  9.45 58 18 29 98 19320 1 642626 31144 1.4 18 13 5 14 67%  98 6108 106 93%
c -  9.58 58 18 29 99 19322 1 652525 31362 1.4 18 13 5 14 67%  98 6108 106 93%
c -  9.71 58 18 29 100 19328 1 662474 32450 1.4 18 13 5 14 67%  98 6108 106 93%
c -  9.84 58 18 29 101 19334 1 672474 32799 1.4 18 13 5 14 67%  98 6108 106 93%
c -  9.97 58 18 29 102 19336 1 682523 32123 1.4 18 13 5 14 66%  98 6108 106 93%
c B 10.10 58 18 29 102 19337 1 692569 39527 1.4 18 13 5 14 66%  98 6108 106 93%
c o 10.10 58 18 29 102 19337 1 692569 39527 1.4 18 13 5 14 66%  98 6108 106 93%
c - 10.10 58 18 29 103 19337 1 692624 31798 1.4 18 13 5 14 66%  98 6108 106 93%
c ] 10.13 58 18 30 103 19337 1 694990 33763 1.4 18 13 5 14 66%  98 6108 106 93%
c { 10.13 58 15 30 103 19337 2 694990 33763 1.7 14 9 3 9 64%  98 6108 106 93%
c - 10.26 58 15 30 104 19909 2 702772 34047 1.7 14 9 3 9 65%  98 6108 106 93%
c u 10.42 58 15 30 104 20380 2 709117 38430 1.6 14 9 3 9 64%  98 6108 106 93%
c v 10.46 58 15 30 104 20380 2 709117 38073 1.6 14 9 3 9 64%  98 6108 106 93%
c w 10.47 58 15 30 104 20380 2 709117 37974 1.6 14 9 3 9 64%  98 6108 106 93%
c - 10.57 58 15 30 105 20774 2 712972 35478 1.6 14 9 3 9 64%  98 6108 106 93%
c - 10.79 58 15 30 106 21432 2 723219 37446 1.7 14 9 3 9 65%  98 6108 106 93%
c
c seconds   switched      rate          size/glue tier1   binary      remaining
c        MB   reductions    conflicts         size  tier2   irredundant
c         level     restarts       redundant    glue   trail      variables
c
c - 10.97 58 15 30 107 21881 2 733519 38157 1.6 14 9 3 9 64%  98 6108 106 93%
c - 11.21 58 15 30 108 22681 2 743863 38737 1.6 14 9 3 9 64%  98 6108 106 93%
c } 11.30 58 15 31 108 22963 2 749426 42993 1.6 14 9 3 9 64%  98 6108 106 93%
c [ 11.30 58 18 31 108 22963 1 749426 42993 1.4 18 13 5 14 66%  98 6108 106 93%
c - 11.37 59 18 31 109 22966 1 754255 39751 1.4 18 13 5 14 66%  98 6108 106 93%
c - 11.52 59 18 31 110 22972 1 764698 39771 1.4 17 12 5 14 66%  98 6108 106 93%
c W 11.54 59 18 31 110 22972 1 765544 40494 1.4 17 12 5 14 66%  98 6108 106 93%
c - 11.67 59 18 31 111 22977 1 775187 40158 1.4 17 12 5 14 66%  98 6108 106 93%
c - 11.84 59 18 31 112 22980 1 785723 39014 1.4 17 12 5 14 66%  98 6108 106 93%
c u 12.02 63 17 31 112 22985 1 795851 46686 1.4 17 12 5 14 66%  98 6108 106 93%
c v 12.07 64 17 31 112 22985 1 795851 46556 1.4 17 12 5 14 66%  98 6108 106 93%
c w 12.10 64 17 31 112 22985 1 795851 46424 1.4 17 12 5 14 66%  98 6108 106 93%
c - 12.36 65 17 31 113 22985 1 796307 39141 1.4 17 12 5 14 66%  98 6108 106 93%
c - 12.52 65 18 31 114 22991 1 806937 38861 1.4 17 12 5 14 66%  98 6108 106 93%
c - 12.69 65 18 31 115 22993 1 817615 37312 1.4 17 12 5 14 66%  98 6108 106 93%
c ] 12.79 65 18 32 115 22993 1 825925 44182 1.4 17 12 5 14 66%  98 6108 106 93%
c { 12.79 65 15 32 115 22993 2 825925 44182 1.6 14 9 3 9 64%  98 6108 106 93%
c o 12.80 65 15 32 115 23020 2 826054 44281 1.6 14 9 3 9 64%  98 6108 106 93%
c - 12.85 65 15 32 116 23300 2 828340 39062 1.6 14 9 3 9 64%  98 6108 106 93%
c - 13.07 65 15 32 117 23874 2 839110 41034 1.6 14 9 3 9 64%  98 6108 106 93%
c
c seconds   switched      rate          size/glue tier1   binary      remaining
c        MB   reductions    conflicts         size  tier2   irredundant
c         level     restarts       redundant    glue   trail      variables
c
c - 13.33 65 15 32 118 24760 2 849927 41642 1.6 14 9 3 9 64%  98 6108 106 93%
c - 13.58 65 15 32 119 25552 2 860791 42111 1.6 14 9 3 9 64%  98 6108 106 93%
c - 13.85 65 15 32 120 26295 2 871699 42684 1.6 14 9 3 9 64%  98 6108 106 93%
c - 14.10 65 15 32 121 26969 2 882653 44060 1.6 14 9 3 9 64%  99 6108 106 93%
c } 14.20 65 15 33 121 27209 2 887029 47484 1.6 14 9 3 9 64%  99 6108 106 93%
c [ 14.20 65 18 33 121 27209 1 887029 47484 1.4 17 12 5 14 66%  99 6108 106 93%
c O 14.20 65 18 33 121 27209 1 887029 47484 1.4 17 12 5 14 66%  99 6108 106 93%
c u 14.26 65 18 33 121 27210 1 888110 47990 1.4 17 12 5 14 66%  99 6108 106 93%
c v 14.32 65 18 33 121 27210 1 888110 47733 1.4 17 12 5 14 66%  99 6108 106 93%
c w 14.34 65 18 33 121 27210 1 888110 47704 1.4 17 12 5 14 66%  99 6108 106 93%
c - 14.42 66 18 33 122 27214 1 893653 43639 1.4 17 12 5 14 66%  99 6108 106 93%
c - 14.57 66 17 33 123 27219 1 904698 42536 1.4 17 12 5 14 65%  99 6108 106 93%
c - 14.72 66 17 33 124 27223 1 915789 42134 1.4 17 12 5 14 64%  99 6108 106 93%
c - 14.87 66 17 33 125 27229 1 926924 42815 1.4 17 12 5 14 64%  99 6108 106 93%
c - 15.01 66 17 33 126 27235 1 938104 42386 1.4 17 12 5 14 64%  99 6108 106 93%
c - 15.18 66 16 33 127 27238 1 949331 42164 1.4 16 12 5 13 63%  99 6108 106 93%
c - 15.35 66 16 33 128 27239 1 960602 42580 1.4 16 12 5 13 63%  99 6108 106 93%
c B 15.50 66 16 33 128 27240 1 971066 49998 1.3 16 12 5 13 63%  99 6108 106 93%
c o 15.50 66 16 33 128 27240 1 971066 49998 1.3 16 12 5 13 63%  99 6108 106 93%
c - 15.51 66 16 33 129 27241 1 971917 41648 1.3 16 12 5 13 63%  99 6108 106 93%
c
c seconds   switched      rate          size/glue  tier1    binary      remaining
c        MB   reductions    conflicts         size   tier2    irredundant
c         level     restarts       redundant     glue    trail      variables
c
c - 15.67 66 16 33 130 27247 1 983274 39700 1.3 16 12 5 13 63%  99 6108 106 93%
c u 15.74 66 16 33 130 27249 1 985946 41318 1.3 16 12 5 13 63%  99 6108 106 93%
c v 15.78 66 16 33 130 27249 1 985946 40921 1.3 16 12 5 13 63%  99 6108 106 93%
c w 15.80 66 16 33 130 27249 1 985946 40733 1.3 16 12 5 13 63%  99 6108 106 93%
c ] 15.85 66 17 34 130 27252 1 989377 43277 1.3 16 12 5 13 63%  99 6108 106 93%
c { 15.85 66 15 34 130 27252 2 989377 43277 1.6 14 9 3 9 64%  99 6108 106 93%
c - 15.95 66 15 34 131 27300 2 994677 38172 1.6 14 9 3 9 64%  99 6108 106 93%
c - 16.13 66 14 34 132 27365 2 1006122 40594 1.6 14 9 3 9 63%  99 6108 106 93%
c s 16.13 66 14 34 132 27365 2 1006304 40709 1.6 14 9 3 9 63%  99 5881 106 93%
c - 16.37 66 14 34 133 27662 2 1017611 44284 1.6 14 9 3 9 63%  99 5881 106 93%
c - 16.62 66 14 34 134 27885 2 1029143 46620 1.6 14 9 3 9 63%  99 5881 106 93%
c - 16.94 66 14 34 135 28669 2 1040718 47964 1.6 14 9 3 9 63%  99 5881 106 93%
c - 17.23 66 14 34 136 29064 2 1052336 48934 1.6 14 9 3 9 62%  99 5881 106 93%
c } 17.35 66 13 35 136 29266 2 1057524 53284 1.6 14 9 3 9 62%  99 5881 106 93%
c [ 17.35 66 17 35 136 29266 1 1057524 53284 1.3 16 12 5 13 63%  99 5881 106 93%
c W 17.41 66 17 35 136 29268 1 1060866 55688 1.3 16 12 5 13 63%  99 5881 106 93%
c - 17.46 66 17 35 137 29271 1 1063998 48735 1.3 16 12 5 13 63%  99 5881 106 93%
c - 17.62 66 16 35 138 29277 1 1075703 46200 1.3 16 12 5 13 62%  99 5881 106 93%
c - 17.79 66 16 35 139 29280 1 1087451 44821 1.3 16 12 5 13 62%  99 5881 106 93%
c u 17.88 66 16 35 139 29280 1 1089431 45926 1.3 16 12 5 13 62%  99 5881 106 93%
c
c seconds   switched      rate           size/glue  tier1    binary      remaining
c        MB   reductions     conflicts         size   tier2    irredundant
c         level     restarts        redundant     glue    trail      variables
c
c v 17.95 67 16 35 139 29280 1 1089431 44420 1.3 16 12 5 13 62%  99 5881 106 93%
c w 17.98 67 16 35 139 29280 1 1089431 42582 1.3 16 12 5 13 62%  99 5881 106 93%
c - 18.13 67 16 35 140 29286 1 1099240 42690 1.3 16 12 5 13 61%  99 5881 106 93%
c - 18.32 67 16 35 141 29293 1 1111073 44985 1.3 16 12 5 13 61%  99 5881 106 93%
c - 18.51 67 16 35 142 29295 1 1122947 46880 1.3 16 12 5 13 61%  99 5881 106 93%
c - 18.73 67 15 35 143 29296 1 1134863 47446 1.4 16 11 5 13 61%  99 5881 106 93%
c - 18.92 67 15 35 144 29300 1 1146821 48169 1.4 15 11 5 13 61%  99 5881 106 93%
c ] 19.02 67 15 36 144 29303 1 1152356 52417 1.4 15 11 5 13 61%  99 5881 106 93%
c { 19.02 67 13 36 144 29303 2 1152356 52417 1.6 14 9 3 9 62%  99 5881 106 93%
c o 19.04 67 13 36 144 29356 2 1153483 53160 1.6 14 9 3 9 62%  99 5881 106 93%
c - 19.19 67 14 36 145 29768 2 1158821 48877 1.6 14 9 3 9 62%  99 5881 106 93%
c - 19.51 67 14 36 146 30953 2 1170863 49463 1.6 14 9 3 9 63%  99 5881 106 93%
c - 19.73 67 13 36 147 31252 2 1182946 47993 1.6 14 9 3 9 61%  99 5881 106 93%
c - 20.09 67 14 36 148 32798 2 1195071 47658 1.6 14 9 3 9 62%  99 5881 106 93%
c u 20.25 70 14 36 148 33018 2 1199237 50579 1.6 14 9 3 9 62%  99 5881 106 93%
c v 20.32 71 14 36 148 33018 2 1199237 49888 1.6 14 9 3 9 62%  99 5881 106 93%
c w 20.34 71 14 36 148 33018 2 1199237 49838 1.6 14 9 3 9 62%  99 5881 106 93%
c - 20.54 72 14 36 149 33533 2 1207237 48308 1.6 14 9 3 9 62%  99 5881 106 93%
c - 20.83 72 14 36 150 34416 2 1219443 49027 1.6 14 9 3 9 62% 100 5880 106 93%
c } 21.02 72 14 37 150 35091 2 1227912 55772 1.6 14 9 3 9 62% 100 5880 106 93%
c
c seconds   switched      rate           size/glue  tier1    binary      remaining
c        MB   reductions     conflicts         size   tier2    irredundant
c         level     restarts        redundant     glue    trail      variables
c
c [ 21.02 72 15 37 150 35091 1 1227912 55772 1.4 15 11 5 13 61% 100 5880 106 93%
c I 21.02 72 15 37 150 35091 1 1227912 55772 1.4 15 11 5 13 61% 100 5880 106 93%
c - 21.08 72 15 37 151 35093 1 1231696 49381 1.4 15 11 5 13 61% 100 5880 106 93%
c - 21.26 72 16 37 152 35100 1 1243985 48986 1.4 16 11 5 13 62% 100 5880 106 93%
c - 21.45 72 16 37 153 35105 1 1256315 47699 1.4 16 11 5 13 62% 100 5880 106 93%
c s 21.59 72 15 37 153 35108 1 1265699 55221 1.4 16 11 5 13 63% 100 5793 106 93%
c e 21.60 72 15 37 153 35108 1 1265699 55221 1.4 16 11 5 13 63%  99 5800 105 92%
c - 21.65 72 16 37 154 35111 1 1268685 42706 1.4 16 11 5 13 63%  99 5800 105 92%
c - 21.85 72 16 37 155 35118 1 1281095 43303 1.4 16 11 5 13 64%  99 5800 105 92%
c - 22.02 72 16 37 156 35120 1 1293544 42854 1.4 16 11 5 13 64%  99 5800 105 92%
c - 22.20 72 16 37 157 35121 1 1306033 43742 1.4 16 12 5 13 65%  99 5800 105 92%
c u 22.37 72 16 37 157 35124 1 1314848 50183 1.4 16 12 5 13 65%  99 5800 105 92%
c v 22.41 72 16 37 157 35124 1 1314848 49919 1.4 16 12 5 13 65%  99 5800 105 92%
c w 22.43 72 16 37 157 35124 1 1314848 49865 1.4 16 12 5 13 65%  99 5800 105 92%
c x 22.46 72 16 37 157 35124 1 1314848 49850 1.4 16 12 5 13 65%  99 5702 105 92%
c o 22.47 72 16 37 157 35124 1 1314848 49850 1.4 16 12 5 13 65%  99 5702 105 92%
c - 22.54 72 16 37 158 35126 1 1318562 44835 1.4 16 12 5 13 65%  99 5702 105 92%
c B 22.71 72 16 37 158 35131 1 1329689 53474 1.4 16 12 5 13 65%  99 5702 105 92%
c - 22.74 72 16 37 159 35133 1 1331131 45631 1.4 16 12 5 13 65%  99 5702 105 92%
c - 22.91 72 16 37 160 35136 1 1343740 45792 1.4 16 12 5 13 65%  99 5702 105 92%
c
c seconds   switched      rate           size/glue  tier1    binary      remaining
c        MB   reductions     conflicts         size   tier2    irredundant
c         level     restarts        redundant     glue    trail      variables
c
c ] 23.06 72 16 38 160 35142 1 1353753 53223 1.4 16 12 5 13 64%  99 5702 105 92%
c { 23.06 72 14 38 160 35142 2 1353753 53223 1.6 14 9 3 9 62%  99 5702 105 92%
c - 23.11 72 14 38 161 35169 2 1356389 46245 1.6 14 9 3 9 62%  99 5702 105 92%
c - 23.34 72 14 38 162 35312 2 1369080 48762 1.6 14 9 3 9 63% 100 5702 105 92%
c - 23.57 73 14 38 163 35429 2 1381808 51135 1.7 14 9 3 9 64% 100 5702 105 92%
c i 23.80 73 14 38 163 35598 2 1392993 60580 1.7 14 8 3 9 65% 108 5702 104 91%
c - 23.85 73 14 38 164 35652 2 1394575 52002 1.7 15 8 3 9 65%  97 5702 104 91%
c - 24.11 73 14 38 165 35791 1 1407381 53221 1.8 15 8 3 9 65%  97 5702 104 91%
c i 24.25 73 14 38 165 36068 1 1412738 57819 1.8 15 8 3 9 66%  99 5702 103 90%
c - 24.44 73 14 38 166 36229 1 1420227 54933 1.8 15 8 3 8 66%  83 5702 103 90%
c - 24.74 73 14 38 167 36462 1 1433113 56490 1.8 15 8 3 8 66%  83 5702 103 90%
c u 24.90 73 14 38 167 36483 1 1436854 59140 1.9 15 8 3 8 66%  83 5702 103 90%
c v 24.98 73 14 38 167 36483 1 1436854 59020 1.9 15 8 3 8 66%  83 5702 103 90%
c w 25.01 74 14 38 167 36483 1 1436854 58997 1.9 15 8 3 8 66%  83 5702 103 90%
c } 25.02 74 14 39 167 36491 1 1437086 59199 1.9 15 8 3 8 66%  83 5702 103 90%
c [ 25.02 74 16 39 167 36491 1 1437086 59199 1.4 16 12 5 13 64%  83 5702 103 90%
c W 25.04 76 16 39 167 36491 1 1437678 59670 1.4 16 12 5 13 64%  83 5702 103 90%
c - 25.17 78 16 39 168 36497 1 1446038 55293 1.4 16 12 5 13 64%  83 5702 103 90%
c - 25.38 78 16 39 169 36504 1 1459001 52661 1.4 16 12 5 13 65%  83 5702 103 90%
c - 25.59 78 16 39 170 36506 1 1472002 50868 1.4 17 12 5 13 65%  83 5702 103 90%
c
c seconds   switched      rate           size/glue  tier1    binary      remaining
c        MB   reductions     conflicts         size   tier2    irredundant
c         level     restarts        redundant     glue    trail      variables
c
c - 25.82 78 16 39 171 36513 1 1485040 50365 1.4 17 12 5 13 65%  83 5702 103 90%
c o 25.96 78 16 39 171 36519 1 1492858 56180 1.4 17 12 5 13 65%  83 5702 103 90%
c - 26.07 78 16 39 172 36520 1 1498116 52687 1.4 17 12 5 13 65%  83 5702 103 90%
c - 26.28 78 16 39 173 36521 1 1511230 55229 1.4 17 12 5 13 65%  83 5702 103 90%
c - 26.49 78 16 39 174 36523 1 1524382 54232 1.4 17 12 5 13 64%  83 5702 103 90%
c - 26.73 78 16 39 175 36530 1 1537573 54384 1.4 16 12 5 13 64%  83 5702 103 90%
c ] 26.84 78 16 40 175 36535 1 1544251 59137 1.4 16 12 5 13 64%  83 5702 103 90%
c { 26.84 78 14 40 175 36535 1 1544251 59137 1.9 15 8 3 8 66%  83 5702 103 90%
c - 27.11 78 14 40 176 37587 2 1550802 55760 1.8 15 8 3 8 66%  83 5702 103 90%
c s 27.47 78 14 40 176 39039 2 1561645 64391 1.8 15 8 3 8 66%  83 5677 103 90%
c e 27.47 78 14 40 176 39039 2 1561645 64391 1.8 15 8 3 8 66%  80 5695 102 89%
c - 27.55 78 14 40 177 39198 2 1564069 54503 1.8 15 8 3 8 66%  80 5695 102 89%
c u 27.64 79 14 40 177 39198 2 1564844 54493 1.8 15 8 3 8 66%  81 5695 102 89%
c v 27.73 79 14 40 177 39198 2 1564844 54299 1.8 15 8 3 8 66%  81 5695 102 89%
c w 27.76 79 14 40 177 39198 2 1564844 54182 1.8 15 8 3 8 66%  81 5695 102 89%
c t 28.18 86 14 40 177 39198 2 1564844 54182 1.8 15 8 3 8 66%  80 5695 102 89%
c - 28.57 86 14 40 178 40655 2 1577375 55155 1.8 15 8 3 8 65%  80 5695 102 89%
c - 29.01 86 14 40 179 42217 2 1590716 56414 1.7 15 9 3 8 65%  80 5695 102 89%
c - 29.42 86 14 40 180 43621 2 1604096 57106 1.7 15 9 3 8 65%  80 5695 102 89%
c - 29.82 86 14 40 181 44478 2 1617512 58403 1.7 15 9 3 8 65%  80 5695 102 89%
c
c seconds   switched      rate           size/glue tier1   binary      remaining
c        MB   reductions     conflicts         size  tier2   irredundant
c         level     restarts        redundant    glue   trail      variables
c
c - 30.25 86 14 40 182 45703 2 1630966 59085 1.7 15 9 3 8 65%  80 5695 102 89%
c } 30.38 86 14 41 182 46145 2 1635724 62766 1.7 15 9 3 8 65%  80 5695 102 89%
c [ 30.38 86 16 41 182 46145 1 1635724 62766 1.4 16 12 5 13 64%  80 5695 102 89%
c O 30.38 86 16 41 182 46145 1 1635724 62766 1.4 16 12 5 13 64%  80 5695 102 89%
c - 30.56 86 16 41 183 46151 1 1644457 58093 1.4 16 12 5 13 64%  80 5695 102 89%
c - 30.85 86 16 41 184 46158 1 1657984 56147 1.4 16 12 5 13 64%  80 5695 102 89%
c - 31.10 86 16 41 185 46161 1 1671550 56097 1.4 16 12 5 13 63%  80 5695 102 89%
c - 31.35 86 16 41 186 46169 1 1685154 56614 1.4 16 12 5 13 63%  80 5695 102 89%
c - 31.63 86 15 41 187 46174 1 1698792 56898 1.4 16 11 5 13 63%  80 5695 102 89%
c u 31.74 86 15 41 187 46174 1 1698863 55027 1.4 16 11 5 13 63%  80 5695 102 89%
c v 31.85 86 15 41 187 46174 1 1698863 53413 1.4 16 11 5 13 63%  80 5695 102 89%
c w 31.89 86 15 41 187 46174 1 1698863 46980 1.4 16 11 5 13 63%  80 5695 102 89%
c o 31.89 86 15 41 187 46174 1 1698863 46980 1.4 16 11 5 13 63%  80 5695 102 89%
c - 32.13 86 15 41 188 46175 1 1712466 51564 1.4 16 11 5 12 62%  80 5695 102 89%
c - 32.33 86 15 41 189 46181 1 1726178 54934 1.4 16 11 5 12 63%  80 5695 102 89%
c - 32.53 86 16 41 190 46188 1 1739927 52802 1.4 16 11 5 12 64%  80 5695 102 89%
c - 32.74 86 16 41 191 46191 1 1753711 52707 1.4 16 11 5 12 63%  80 5695 102 89%
c B 32.78 86 15 41 191 46193 1 1756557 54644 1.4 16 11 5 12 63%  80 5695 102 89%
c - 32.97 86 16 41 192 46199 1 1767531 53954 1.4 16 11 5 12 63%  80 5695 102 89%
c - 33.21 86 15 41 193 46205 1 1781387 54669 1.4 16 11 5 12 63%  80 5695 102 89%
c
c seconds   switched      rate           size/glue  tier1    binary      remaining
c        MB   reductions     conflicts         size   tier2    irredundant
c         level     restarts        redundant     glue    trail      variables
c
c - 33.46 86 15 41 194 46206 1 1795282 55029 1.4 16 11 5 12 62%  80 5695 102 89%
c ] 33.47 86 15 42 194 46206 1 1795788 55462 1.4 16 11 5 12 62%  80 5695 102 89%
c { 33.47 86 14 42 194 46206 2 1795788 55462 1.7 15 9 3 8 65%  80 5695 102 89%
c - 33.85 86 14 42 195 47217 2 1809210 57169 1.6 15 9 3 8 64%  80 5695 102 89%
c - 34.20 86 14 42 196 47870 2 1823174 58452 1.6 14 9 3 8 64%  81 5695 102 89%
c - 34.57 86 14 42 197 48861 2 1837175 59925 1.6 14 9 3 8 64%  81 5695 102 89%
c u 34.68 86 14 42 197 48944 2 1838876 60559 1.6 14 9 3 8 64%  82 5695 102 89%
c v 34.74 86 14 42 197 48944 2 1838876 58822 1.6 14 9 3 8 64%  82 5695 102 89%
c w 34.76 86 14 42 197 48944 2 1838876 58593 1.6 14 9 3 8 64%  82 5695 102 89%
c x 34.79 86 14 42 197 48944 2 1838876 58579 1.6 14 9 3 8 64%  82 5229 102 89%
c t 34.80 86 14 42 197 48944 2 1838876 58579 1.6 14 9 3 8 64%  81 5229 102 89%
c - 35.14 90 14 42 198 49792 2 1851210 59361 1.6 14 9 3 8 64%  81 5229 102 89%
c - 35.53 90 14 42 199 50543 2 1865283 60905 1.6 14 9 3 8 64%  81 5229 102 89%
c - 35.84 90 14 42 200 50964 2 1879390 62090 1.6 14 9 3 8 63%  81 5229 102 89%
c o 35.93 90 14 42 200 50979 2 1884065 65634 1.6 14 9 3 8 63%  82 5229 102 89%
c - 36.20 90 14 42 201 51757 2 1893532 63376 1.6 14 9 3 8 63%  82 5229 102 89%
c } 36.25 90 14 43 201 51921 2 1895762 65049 1.6 14 9 3 8 63%  82 5229 102 89%
c [ 36.25 90 15 43 201 51921 1 1895762 65049 1.4 16 11 5 12 62%  82 5229 102 89%
c W 36.27 90 15 43 201 51921 1 1895762 65049 1.4 16 11 5 12 62%  82 5229 102 89%
c s 36.28 90 15 43 201 51921 1 1896176 65366 1.4 16 11 5 12 63%  82 5174 102 89%
c
c seconds   switched      rate           size/glue  tier1    binary     remaining
c        MB   reductions     conflicts         size   tier2    irredundant
c         level     restarts        redundant     glue    trail     variables
c
c e 36.29 90 15 43 201 51921 1 1896176 65366 1.4 16 11 5 12 63%  77 5213 99 87%
c - 36.42 90 16 43 202 51927 1 1907712 40665 1.4 16 11 5 12 63%  77 5213 99 87%
c - 36.62 90 16 43 203 51935 1 1921924 42006 1.4 16 12 5 12 64%  77 5213 99 87%
c - 36.83 90 16 43 204 51941 1 1936174 43114 1.4 16 12 5 12 63%  77 5213 99 87%
c - 37.03 90 16 43 205 51948 1 1950457 45814 1.4 16 12 4 12 63%  77 5213 99 87%
c - 37.22 90 16 43 206 51951 1 1964774 46477 1.4 16 12 4 12 63%  77 5213 99 87%
c - 37.40 90 16 43 207 51951 1 1979127 45681 1.4 16 12 4 12 64%  77 5213 99 87%
c u 37.57 90 16 43 207 51957 1 1986866 50221 1.4 17 12 4 12 64%  77 5213 99 87%
c v 37.66 90 16 43 207 51957 1 1986866 49793 1.4 17 12 4 12 64%  77 5213 99 87%
c w 37.69 90 16 43 207 51957 1 1986866 49377 1.4 17 12 4 12 64%  77 5213 99 87%
c f 37.70 90 16 43 207 51957 1 1986866 49377 1.4 17 12 4 12 64%  79 5192 100 88%
c u 37.75 94 16 43 207 51957 1 1986866 48251 1.4 17 12 4 12 64%  79 5192 100 88%
c v 37.81 95 16 43 207 51957 1 1986866 48015 1.4 17 12 4 12 64%  79 5192 100 88%
c w 37.84 95 16 43 207 51957 1 1986866 47615 1.4 17 12 4 12 64%  79 5192 100 88%
c x 37.87 95 16 43 207 51957 1 1986866 47574 1.4 17 12 4 12 64%  79 5006 100 88%
c - 37.95 96 16 43 208 51959 1 1993514 43520 1.4 17 12 4 12 64%  79 5006 100 88%
c - 38.14 96 17 43 209 51966 1 2007939 42610 1.4 17 12 4 12 65%  79 5006 100 88%
c - 38.33 96 17 43 210 51972 1 2022395 41805 1.4 17 12 4 12 65%  79 5006 100 88%
c I 38.42 96 17 43 210 51976 1 2030001 47572 1.4 17 12 4 12 66%  79 5006 100 88%
c - 38.52 96 17 43 211 51980 1 2036887 43261 1.4 17 12 4 12 65%  79 5006 100 88%
c
c seconds   switched      rate           size/glue  tier1    binary      remaining
c        MB   reductions     conflicts         size   tier2    irredundant
c         level     restarts        redundant     glue    trail      variables
c
c - 38.72 96 17 43 212 51982 1 2051412 46664 1.4 17 12 4 12 66%  79 5006 100 88%
c - 38.93 96 16 43 213 51983 1 2065972 47543 1.4 17 12 4 12 66%  79 5006 100 88%
c - 39.14 96 16 43 214 51983 1 2080568 48749 1.4 17 12 4 12 65%  79 5006 100 88%
c ] 39.30 96 16 44 214 51983 1 2092469 58231 1.4 17 12 4 12 65%  79 5006 100 88%
c { 39.30 96 14 44 214 51983 2 2092469 58231 1.6 14 9 3 8 63%  79 5006 100 88%
c o 39.30 96 14 44 214 51999 2 2092563 58311 1.6 14 9 3 8 63%  79 5006 100 88%
c - 39.38 96 14 44 215 52237 2 2095196 49816 1.6 14 9 3 8 63%  79 5006 100 88%
c - 39.74 96 14 44 216 53226 2 2109860 51259 1.6 14 9 3 8 64%  79 5006 100 88%
c - 40.13 96 14 44 217 54147 2 2124556 54198 1.6 14 9 3 8 64%  79 5006 100 88%
c - 40.53 96 14 44 218 55253 2 2139290 56107 1.6 14 9 3 8 64%  79 5006 100 88%
c u 40.64 100 14 44 218 55336 2 2142092 57153 1.6 14 9 3 8 64%  79 5006 100 88%
c v 40.70 101 14 44 218 55336 2 2142092 57054 1.6 14 9 3 8 64%  79 5006 100 88%
c w 40.73 101 14 44 218 55336 2 2142092 57030 1.6 14 9 3 8 64%  79 5006 100 88%
c x 40.76 101 14 44 218 55336 2 2142092 57019 1.6 14 9 3 8 64%  79 4934 100 88%
c - 41.10 102 14 44 219 56153 2 2154054 56106 1.6 14 9 3 8 64%  79 4934 100 88%
c - 41.45 102 14 44 220 56869 2 2168854 57864 1.6 14 9 3 8 64%  79 4934 100 88%
c - 41.85 102 14 44 221 57914 2 2183686 59384 1.6 14 9 3 8 65%  79 4934 100 88%
c - 42.25 102 14 44 222 59029 2 2198552 60232 1.6 15 9 3 8 65%  79 4934 100 88%
c } 42.32 102 14 45 222 59241 2 2201300 62423 1.6 15 9 3 8 65%  79 4934 100 88%
c [ 42.32 102 16 45 222 59241 1 2201300 62423 1.4 17 12 4 12 65%  79 4934 100 88%
c
c seconds    switched      rate           size/glue  tier1    binary      remaining
c         MB   reductions     conflicts         size   tier2    irredundant
c          level     restarts        redundant     glue    trail      variables
c
c B 42.32 102 16 45 222 59241 1 2201300 62423 1.4 17 12 4 12 65%  79 4934 100 88%
c - 42.52 102 17 45 223 59247 1 2213453 57487 1.4 17 12 4 12 66%  79 4934 100 88%
c - 42.79 102 17 45 224 59255 1 2228388 53600 1.4 17 12 4 12 66%  79 4934 100 88%
c - 43.04 102 17 45 225 59261 1 2243355 53719 1.4 17 12 4 12 66%  79 4934 100 88%
c - 43.29 102 17 45 226 59269 1 2258355 55576 1.4 17 12 4 12 66%  79 4934 100 88%
c - 43.53 102 16 45 227 59271 1 2273388 57366 1.4 17 12 4 12 66%  79 4934 100 88%
c s 43.56 102 16 45 227 59271 1 2274782 58496 1.4 17 12 4 12 66%  79 4926 100 88%
c - 43.77 102 17 45 228 59274 1 2288457 56546 1.4 17 12 4 12 66%  79 4926 100 88%
c - 44.02 102 17 45 229 59282 1 2303557 55449 1.4 17 12 4 12 66%  79 4926 100 88%
c u 44.09 102 17 45 229 59282 1 2303954 55302 1.4 17 12 4 12 66%  79 4926 100 88%
c v 44.16 102 17 45 229 59282 1 2303954 54839 1.4 17 12 4 12 66%  79 4926 100 88%
c w 44.19 102 17 45 229 59282 1 2303954 54657 1.4 17 12 4 12 66%  79 4926 100 88%
c x 44.22 102 17 45 229 59282 1 2303954 54653 1.4 17 12 4 12 66%  79 4862 100 88%
c o 44.22 102 17 45 229 59282 1 2303954 54653 1.4 17 12 4 12 66%  79 4862 100 88%
c - 44.45 105 16 45 230 59286 1 2318690 55431 1.4 17 12 4 12 66%  79 4862 100 88%
c - 44.69 105 16 45 231 59294 1 2333856 56153 1.5 17 11 4 12 66%  79 4862 100 88%
c - 44.94 106 16 45 232 59301 1 2349054 57553 1.5 16 11 4 12 66%  79 4862 100 88%
c W 44.96 107 16 45 232 59301 1 2349488 57878 1.5 16 11 4 12 66%  79 4862 100 88%
c - 45.18 109 16 45 233 59302 1 2364285 58838 1.5 16 11 4 12 66%  79 4862 100 88%
c ] 45.31 109 16 46 233 59303 1 2372029 64834 1.5 16 11 4 12 66%  79 4862 100 88%
c
c seconds    switched      rate           size/glue tier1   binary      remaining
c         MB   reductions     conflicts         size  tier2   irredundant
c          level     restarts        redundant    glue   trail      variables
c
c { 45.31 109 14 46 233 59303 2 2372029 64834 1.6 15 9 3 8 65%  79 4862 100 88%
c - 45.50 109 14 46 234 59675 2 2379551 58589 1.6 14 9 3 8 64%  79 4862 100 88%
c - 45.87 109 14 46 235 60285 2 2394848 60387 1.6 14 9 3 8 64%  80 4862 100 88%
c - 46.28 109 14 46 236 61124 2 2410177 60608 1.6 14 9 3 8 64%  80 4862 100 88%
c - 46.64 109 14 46 237 61776 2 2425539 62120 1.6 14 9 3 8 64%  80 4862 100 88%
c - 47.02 109 14 46 238 62500 2 2440933 63441 1.6 14 9 3 8 64%  80 4862 100 88%
c - 47.48 109 14 46 239 63764 2 2456361 64532 1.6 14 9 3 8 64%  80 4862 100 88%
c - 47.87 109 14 46 240 64378 2 2471821 65459 1.6 14 9 3 8 63%  81 4862 100 88%
c u 47.97 109 14 46 240 64456 2 2472517 64194 1.6 14 9 3 8 63%  81 4862 100 88%
c v 48.06 109 14 46 240 64456 2 2472517 62868 1.6 14 9 3 8 63%  81 4862 100 88%
c w 48.09 109 14 46 240 64456 2 2472517 62739 1.6 14 9 3 8 63%  81 4862 100 88%
c x 48.12 109 14 46 240 64456 2 2472517 62729 1.6 14 9 3 8 63%  81 4693 100 88%
c - 48.51 109 14 46 241 65283 2 2487314 64542 1.6 14 9 3 8 63%  81 4693 100 88%
c } 48.56 109 14 47 241 65311 2 2490075 66631 1.6 14 9 3 8 63%  81 4693 100 88%
c [ 48.56 109 16 47 241 65311 1 2490075 66631 1.5 16 11 4 12 66%  81 4693 100 88%
c - 48.79 109 15 47 242 65318 1 2502840 66515 1.5 16 11 4 12 66%  81 4693 100 88%
c O 48.82 109 15 47 242 65320 1 2504851 68117 1.5 16 11 4 12 65%  81 4693 100 88%
c - 49.09 109 15 47 243 65325 1 2518397 66811 1.5 16 11 4 12 65%  81 4693 100 88%
c - 49.40 109 15 47 244 65332 1 2533987 67469 1.5 16 10 4 12 65%  82 4693 100 88%
c o 49.54 109 15 47 244 65336 1 2540676 72795 1.5 16 10 4 12 65%  82 4693 100 88%
c
c seconds    switched      rate           size/glue  tier1    binary      remaining
c         MB   reductions     conflicts         size   tier2    irredundant
c          level     restarts        redundant     glue    trail      variables
c
c - 49.74 109 15 47 245 65340 1 2549607 68314 1.5 15 10 4 12 65%  82 4693 100 88%
c i 50.00 109 14 47 245 65341 1 2561922 77228 1.5 15 10 4 12 64%  91 4693 99 87%
c - 50.06 109 14 47 246 65341 1 2565260 50552 1.5 15 10 4 12 64%  82 4693 99 87%
c - 50.33 109 14 47 247 65347 1 2580944 56510 1.5 15 10 4 12 63%  84 4693 99 87%
c i 50.35 109 14 47 247 65348 1 2582750 57740 1.5 15 10 4 12 63%  91 4693 95 83%
c i 50.44 109 14 47 247 65349 1 2587573 61068 1.5 15 10 4 12 63%  99 4693 94 82%
c i 50.44 109 14 47 247 65349 1 2587762 61180 1.5 15 10 4 12 63% 102 4693 93 82%
c i 50.45 109 14 47 247 65349 1 2587840 61210 1.5 15 10 4 12 63% 108 4693 91 80%
c i 50.45 109 14 47 247 65349 1 2587892 61230 1.5 15 10 4 12 63% 113 4693 88 77%
c ] 50.45 109 14 47 247 65349 1 2587895 61229 1.5 15 10 4 12 63% 114 4693 79 69%
c 0 50.45 109 14 47 247 65349 2 2587895 61229 1.6 14 9 3 8 63% 114 4693 79 69%
c
c ---- [ result ] ------------------------------------------------------------
c
s UNSATISFIABLE
c
c ---- [ profiling ] ---------------------------------------------------------
c
c          45.97   91.13 %  search
c          23.43   46.45 %  focused
c          22.54   44.68 %  stable
c           4.43    8.77 %  simplify
c           4.33    8.58 %  probe
c           3.39    6.71 %  vivify
c           0.80    1.58 %  sweep
c           0.76    1.50 %  reduce
c           0.09    0.17 %  eliminate
c           0.08    0.16 %  substitute
c           0.06    0.11 %  walking
c           0.06    0.11 %  factor
c           0.04    0.09 %  preprocess
c           0.04    0.09 %  subsume
c           0.00    0.01 %  congruence
c           0.00    0.01 %  parse
c           0.00    0.00 %  transitive
c           0.00    0.00 %  lucky
c           0.00    0.00 %  backbone
c =============================================
c          50.45  100.00 %  total
c
c ---- [ statistics ] --------------------------------------------------------
c
c conflicts:                          2587895            51297.60 per second
c decisions:                          3489699                1.35 per conflict
c eliminated:                             137              120 %  variables
c factored:                               134              118 %  variables
c iterations:                              14               12 %  variables
c propagations:                      40796597           808676    per second
c reductions:                             247            10477    interval
c reordered:                               22           117632    interval
c rephased:                                36            71886    interval
c restarts:                             65349               40    interval
c strengthened:                             1                0 %  checks
c subsumed:                               444                0 %  checks
c switched:                                47            55062    interval
c vivified:                             69932               50 %  checks
c walks:                                   12           215658    interval
c
c ---- [ glue usage ] --------------------------------------------------------
c
c focused glue 3   used 718991 clauses 14.17% accumulated 64.02% tier1
c focused glue 4   used 350882 clauses  6.92% accumulated 70.94%
c focused glue 5-6 used 568982 clauses 11.21% accumulated 82.15%
c focused glue 7   used 234919 clauses  4.63% accumulated 86.78%
c focused glue 8   used 195492 clauses  3.85% accumulated 90.63% tier2
c
c stable glue 4    used  502064 clauses  5.71% accumulated 52.82% tier1
c stable glue 5    used  535397 clauses  6.09% accumulated 58.91%
c stable glue 6-10 used 2311578 clauses 26.31% accumulated 85.22%
c stable glue 11   used  297534 clauses  3.39% accumulated 88.60%
c stable glue 12   used  246679 clauses  2.81% accumulated 91.41% tier2
c
c ---- [ resources ] ---------------------------------------------------------
c
c maximum-resident-set-size:     117457289216 bytes     112016 MB
c process-time:                            50s              50.45 seconds
c
c ---- [ shutting down ] -----------------------------------------------------
c
c exit 20
