c ---- [ banner ] ------------------------------------------------------------
c
c Kissat SAT Solver
c 
c Copyright (c) 2021-2024 Armin Biere University of Freiburg
c Copyright (c) 2019-2021 Armin Biere Johannes Kepler University Linz
c 
c Version 4.0.4 8af8e56f174b778aef3aa45af9f739b2a5f492c2
c Apple clang version 17.0.0 (clang-1700.6.3.2) -W -Wall -O3 -DNDEBUG
c Mon Mar 30 18:25:47 CEST 2026 Darwin Mac 24.6.0 arm64
c
c ---- [ parsing ] -----------------------------------------------------------
c
c opened and reading DIMACS file:
c
c   tmp.cnf
c
c parsed 'p cnf 136 18564' header
c closing input after reading 464123 bytes (453 KB)
c finished parsing after 0.00 seconds
c
c ---- [ solving ] -----------------------------------------------------------
c
c seconds switched rate     size/glue tier1 binary       remaining
c        MB reductions conflicts size  tier2   irredundant
c         level restarts redundant glue  trail       variables
c
c *  0.00  6 0 0 0  0 0   0   0 0.0 0 0 0 0 0%   0 18564 132 100%
c (  0.00  6 0 0 0  0 0   0   0 0.0 0 0 0 0 0%   0 18564 132 100%
c .  0.00  6 0 0 0  0 0   0   0 0.0 0 0 0 0 0%   0 18564 132 100%
c f  0.03  8 0 0 0  0 0   0   0 0.0 0 0 0 0 0% 268 13026 265 201%
c )  0.03  8 0 0 0  0 0   0   0 0.0 0 0 0 0 0% 268 13026 265 201%
c {  0.03  8 0 0 0  0 0   0   0 0.0 0 0 2 6 0% 268 13026 265 201%
c -  0.03  8 31 0 1  5 2 1000 602 1.4 17 12 10 17 52% 269 13026 265 201%
c }  0.03  8 31 1 1  5 2 1000 602 1.4 17 12 10 17 52% 269 13026 265 201%
c [  0.03  8 0 1 1  5 0 1000 602 0.0 0 0 2 6 0% 269 13026 265 201%
c B  0.03  8 85 1 1  5 64 1001 603 1.4 10 7 2 6 86% 269 13026 265 201%
c ]  0.03  8 95 2 1  5 2 1378 917 1.5 16 10 8 14 93% 269 13026 265 201%
c {  0.03  8 31 2 1  5 2 1378 917 1.4 17 12 10 17 52% 269 13026 265 201%
c -  0.04  8 54 2 2  5 1 2000 1403 1.5 16 11 8 15 68% 269 13026 265 201%
c }  0.04  8 61 3 2  5 1 2380 1728 1.6 16 10 7 15 72% 269 13026 265 201%
c [  0.04  8 95 3 2  5 2 2380 1728 1.5 16 10 8 14 93% 269 13026 265 201%
c W  0.04  9 95 3 2  5 2 2380 1728 1.5 16 10 8 14 93% 269 13026 265 201%
c u  0.05  9 54 3 2  5 1 2849 2124 1.6 17 10 8 14 63% 269 13026 265 201%
c v  0.05  9 54 3 2  5 1 2849 2121 1.6 17 10 8 14 63% 269 13026 265 201%
c w  0.05  9 54 3 2  5 1 2849 2121 1.6 17 10 8 14 63% 269 13026 265 201%
c f  0.06  9 54 3 2  5 1 2849 2121 1.6 17 10 8 14 63% 325 12886 291 220%
c
c seconds  switched rate       size/glue  tier1    binary       remaining
c        MB reductions conflicts     size   tier2     irredundant
c         level restarts  redundant     glue    trail       variables
c
c b  0.06  9 54 3 2  5 1 2849 2121 1.6 17 10 8 14 63% 325 12886 290 220%
c u  0.06  9 54 3 2  5 1 2849 2110 1.6 17 10 8 14 63% 325 12886 290 220%
c v  0.06  9 54 3 2  5 1 2849 2107 1.6 17 10 8 14 63% 325 12886 290 220%
c w  0.06  9 54 3 2  5 1 2849 2100 1.6 17 10 8 14 63% 325 12886 290 220%
c -  0.07  9 42 3 3  5 1 3415 2299 1.6 18 11 7 14 55% 323 12886 290 220%
c ]  0.07  9 40 4 3  6 1 3640 2487 1.5 18 11 7 14 54% 323 12886 290 220%
c {  0.07  9 61 4 3  6 1 3640 2487 1.6 16 10 7 15 72% 323 12886 290 220%
c i  0.08  9 46 4 3 63 2 4766 3480 1.6 16 10 7 14 63% 324 12886 289 219%
c -  0.08  9 43 4 4 63 2 5152 3225 1.6 16 10 6 13 61% 323 12886 289 219%
c }  0.09  9 39 5 4 102 2 5993 3958 1.7 16 9 6 13 58% 325 12886 289 219%
c [  0.09  9 40 5 4 102 1 5993 3958 1.5 18 11 7 14 54% 325 12886 289 219%
c I  0.09  9 40 5 4 102 1 5993 3958 1.5 18 11 7 14 54% 325 12886 289 219%
c i  0.10  9 34 5 4 102 1 6759 4541 1.6 17 11 7 14 51% 326 12886 288 218%
c -  0.10  9 32 5 5 103 1 7152 4091 1.5 17 11 7 14 49% 323 12886 288 218%
c b  0.11  9 27 5 5 104 2 8772 5423 1.5 16 11 7 13 45% 324 12886 287 217%
c u  0.11  9 27 5 5 104 2 8772 5405 1.5 16 11 7 13 45% 324 12886 287 217%
c v  0.11  9 27 5 5 104 2 8772 5404 1.5 16 11 7 13 45% 324 12886 287 217%
c w  0.11  9 27 5 5 104 2 8772 5394 1.5 16 11 7 13 45% 324 12886 287 217%
c f  0.12  9 27 5 5 104 2 8772 5394 1.5 16 11 7 13 45% 328 12879 289 219%
c u  0.12  9 27 5 5 104 2 8772 5370 1.5 16 11 7 13 45% 328 12879 289 219%
c
c seconds  switched  rate       size/glue  tier1    binary       remaining
c        MB reductions conflicts      size   tier2     irredundant
c         level restarts   redundant     glue    trail       variables
c
c v  0.12  9 27 5 5 104 2 8772 5363 1.5 16 11 7 13 45% 328 12879 289 219%
c w  0.12  9 27 5 5 104 2 8772 5357 1.5 16 11 7 13 45% 328 12879 289 219%
c ]  0.13  9 26 6 5 104 2 9213 5705 1.5 16 11 7 13 45% 328 12879 289 219%
c {  0.13  9 39 6 5 104 2 9213 5705 1.7 16 9 6 13 58% 328 12879 289 219%
c -  0.13  9 39 6 6 106 2 9390 4872 1.7 16 9 6 12 58% 329 12879 289 219%
c o  0.14  9 35 6 6 107 2 10545 5799 1.7 16 9 6 12 55% 329 12879 289 219%
c i  0.14  9 35 6 6 107 2 10725 5952 1.7 15 9 6 12 55% 330 12879 288 218%
c -  0.15  9 32 6 7 108 2 11840 5693 1.8 16 9 5 10 53% 329 12879 288 218%
c }  0.16  9 30 7 7 108 2 13282 6826 1.9 16 8 5 10 51% 330 12879 288 218%
c [  0.16  9 26 7 7 108 2 13282 6826 1.5 16 11 7 13 45% 330 12879 288 218%
c B  0.16  9 26 7 7 108 2 13282 6826 1.5 16 11 7 13 45% 330 12879 288 218%
c s  0.17  9 26 7 7 108 2 14226 7660 1.4 16 11 7 13 44% 330 12867 288 218%
c e  0.18  9 26 7 7 108 2 14226 7660 1.4 16 11 7 13 44% 156 5453 126 95%
c ^  0.18  9 26 7 7 108 2 14226 7660 1.4 16 11 7 13 44% 156 5453 126 95%
c -  0.19 10 25 7 8 109 2 14486 4833 1.4 16 11 7 13 45% 156 5453 126 95%
c -  0.20 10 23 7 9 110 2 17314 5836 1.4 16 11 6 12 52% 157 5453 126 95%
c u  0.21 11 23 7 9 111 2 17970 6335 1.4 16 11 6 12 53% 157 5453 126 95%
c v  0.21 11 23 7 9 111 2 17970 6297 1.4 16 11 6 12 53% 157 5453 126 95%
c w  0.21 11 23 7 9 111 2 17970 6286 1.4 16 11 6 12 53% 157 5453 126 95%
c f  0.23 12 23 7 9 111 2 17970 6286 1.4 16 11 6 12 53% 154 5453 127 96%
c
c seconds  switched  rate        size/glue  tier1    binary      remaining
c        MB reductions conflicts       size   tier2    irredundant
c         level restarts    redundant     glue    trail      variables
c
c u  0.23 12 23 7 9 111 2 17970 6269 1.4 16 11 6 12 53% 154 5453 127 96%
c v  0.23 12 23 7 9 111 2 17970 6252 1.4 16 11 6 12 53% 154 5453 127 96%
c w  0.23 12 23 7 9 111 2 17970 6243 1.4 16 11 6 12 53% 154 5453 127 96%
c W  0.24 12 22 7 9 112 1 18812 6960 1.4 16 11 6 12 55% 154 5453 127 96%
c ]  0.25 12 23 8 9 113 2 20095 8098 1.4 16 12 6 12 57% 154 5453 127 96%
c {  0.25 12 30 8 9 113 2 20095 8098 1.9 16 8 5 10 51% 154 5453 127 96%
c -  0.25 12 29 8 10 116 2 20315 6717 1.9 16 8 5 10 52% 154 5453 127 96%
c o  0.25 12 29 8 10 117 2 20784 7114 1.9 16 8 5 10 54% 154 5453 127 96%
c -  0.28 12 27 8 11 573 2 23477 7537 1.8 15 8 4 9 60% 156 5453 127 96%
c i  0.30 13 26 8 11 912 3 25351 9152 1.8 16 9 4 9 63% 156 5453 126 95%
c }  0.31 13 26 9 11 921 2 26256 9886 1.8 16 9 4 9 64% 156 5453 126 95%
c [  0.31 13 23 9 11 921 2 26256 9886 1.4 16 12 6 12 57% 156 5453 126 95%
c O  0.31 13 23 9 11 921 2 26342 9947 1.4 16 12 6 12 57% 156 5453 126 95%
c -  0.31 13 22 9 12 921 2 26795 8415 1.4 16 12 6 12 58% 152 5453 126 95%
c s  0.35 13 21 9 12 923 1 30246 11147 1.4 16 11 6 12 62% 152 5447 126 95%
c e  0.35 14 21 9 12 923 1 30246 11147 1.4 16 11 6 12 62% 141 5462 115 87%
c ^  0.36 14 21 9 12 923 1 30246 11147 1.4 16 11 6 12 62% 141 5462 115 87%
c -  0.36 14 21 9 13 923 1 30260 5694 1.4 16 11 5 12 62% 141 5462 115 87%
c u  0.38 14 21 9 13 925 1 32228 7245 1.4 16 12 5 12 64% 141 5462 115 87%
c v  0.38 14 21 9 13 925 1 32228 7215 1.4 16 12 5 12 64% 141 5462 115 87%
c
c seconds  switched   rate        size/glue  tier1    binary      remaining
c        MB  reductions conflicts       size   tier2    irredundant
c         level  restarts    redundant     glue    trail      variables
c
c w  0.38 14 21 9 13 925 1 32228 7208 1.4 16 12 5 12 64% 141 5462 115 87%
c f  0.38 14 21 9 13 925 1 32228 7208 1.4 16 12 5 12 64% 142 5458 116 88%
c u  0.39 15 21 9 13 925 1 32228 7154 1.4 16 12 5 12 64% 142 5458 116 88%
c v  0.39 15 21 9 13 925 1 32228 7127 1.4 16 12 5 12 64% 142 5458 116 88%
c w  0.39 15 21 9 13 925 1 32228 7119 1.4 16 12 5 12 64% 142 5458 116 88%
c -  0.40 15 21 9 14 926 1 33866 6591 1.4 16 12 5 12 64% 142 5458 116 88%
c ]  0.41 15 20 10 14 927 1 34901 7397 1.4 16 12 5 12 65% 142 5458 116 88%
c {  0.41 15 26 10 14 927 2 34901 7397 1.8 16 9 4 9 64% 142 5458 116 88%
c i  0.42 15 26 10 14 1029 2 35874 8233 1.8 15 8 4 9 65% 142 5458 115 87%
c -  0.44 16 25 10 15 1277 3 37607 8164 1.8 15 9 4 9 66% 140 5458 115 87%
c o  0.47 16 24 10 15 1541 3 41182 11210 1.8 15 9 4 9 68% 140 5458 115 87%
c -  0.48 16 24 10 16 1594 3 41479 9888 1.8 15 9 4 9 69% 140 5458 115 87%
c }  0.50 16 24 11 16 1796 3 43531 11630 1.8 16 9 4 9 70% 141 5458 115 87%
c [  0.50 16 20 11 16 1796 1 43531 11630 1.4 16 12 5 12 65% 141 5458 115 87%
c B  0.50 16 20 11 16 1796 1 43531 11630 1.4 16 12 5 12 65% 141 5458 115 87%
c -  0.52 16 20 11 17 1797 1 45481 10645 1.4 16 12 5 12 65% 141 5458 115 87%
c -  0.55 16 19 11 18 1800 1 49605 10805 1.4 16 12 5 12 64% 142 5458 115 87%
c u  0.57 17 19 11 18 1801 1 50590 11450 1.4 16 12 5 12 64% 142 5458 115 87%
c v  0.57 17 19 11 18 1801 1 50590 11407 1.4 16 12 5 12 64% 142 5458 115 87%
c w  0.57 18 19 11 18 1801 1 50590 11328 1.4 16 12 5 12 64% 142 5458 115 87%
c
c seconds   switched    rate         size/glue  tier1    binary      remaining
c        MB   reductions  conflicts        size   tier2    irredundant
c         level    restarts     redundant     glue    trail      variables
c
c t  0.60 19 19 11 18 1801 1 50590 11328 1.4 16 12 5 12 64% 141 5458 115 87%
c ]  0.61 19 19 12 18 1802 1 52325 12555 1.4 16 11 5 12 63% 141 5458 115 87%
c {  0.61 19 24 12 18 1802 3 52325 12555 1.8 16 9 4 9 70% 141 5458 115 87%
c -  0.63 19 23 12 19 1838 3 53847 11272 1.8 16 9 4 9 70% 142 5458 115 87%
c -  0.68 19 23 12 20 2320 3 58205 12669 1.8 16 9 4 9 71% 142 5458 115 87%
c -  0.73 19 22 12 21 2663 3 62678 12798 1.8 15 9 3 9 71% 142 5458 115 87%
c }  0.74 19 22 13 21 2721 3 63806 13682 1.8 15 9 3 9 71% 142 5458 115 87%
c [  0.74 19 19 13 21 2721 1 63806 13682 1.4 16 11 5 12 63% 142 5458 115 87%
c W  0.74 19 19 13 21 2721 1 63806 13682 1.4 16 11 5 12 63% 142 5458 115 87%
c s  0.78 19 19 13 21 2722 1 64977 14535 1.4 16 11 5 12 63% 142 5456 115 87%
c e  0.78 19 19 13 21 2722 1 64977 14535 1.4 16 11 5 12 63% 128 5474 106 80%
c s  0.78 19 19 13 21 2722 1 64977 14535 1.4 16 11 5 12 63% 128 5472 106 80%
c ^  0.78 19 19 13 21 2722 1 64977 14535 1.4 16 11 5 12 63% 128 5472 106 80%
c -  0.80 20 18 13 22 2723 1 67260 11420 1.4 15 11 5 11 63% 128 5472 106 80%
c -  0.84 20 18 13 23 2726 1 71953 11652 1.4 15 11 5 11 62% 128 5472 106 80%
c u  0.85 20 18 13 23 2727 1 73181 12497 1.4 15 11 5 11 62% 129 5472 106 80%
c v  0.86 20 18 13 23 2727 1 73181 12226 1.4 15 11 5 11 62% 129 5472 106 80%
c w  0.86 20 18 13 23 2727 1 73181 12089 1.4 15 11 5 11 62% 129 5472 106 80%
c x  0.86 20 18 13 23 2727 1 73181 12088 1.4 15 11 5 11 62% 129 5468 106 80%
c t  0.86 20 18 13 23 2727 1 73181 12088 1.4 15 11 5 11 62% 127 5468 106 80%
c
c seconds   switched    rate         size/glue  tier1    binary      remaining
c        MB   reductions  conflicts        size   tier2    irredundant
c         level    restarts     redundant     glue    trail      variables
c
c o  0.86 20 18 13 23 2727 1 73181 12088 1.4 15 11 5 11 62% 127 5468 106 80%
c -  0.89 20 18 13 24 2728 1 76748 11708 1.4 15 11 5 11 64% 127 5468 106 80%
c I  0.91 20 18 13 24 2730 1 78712 13135 1.4 15 11 5 11 64% 127 5468 106 80%
c ]  0.91 20 18 14 24 2730 1 79501 13693 1.4 15 11 5 11 65% 127 5468 106 80%
c {  0.91 20 22 14 24 2730 3 79501 13693 1.8 15 9 3 9 71% 127 5468 106 80%
c -  0.94 20 22 14 25 2961 3 81646 11854 1.8 16 9 3 9 72% 127 5468 106 80%
c i  0.98 20 22 14 25 3270 3 85419 14947 1.8 15 9 3 9 72% 127 5468 105 80%
c -  0.99 20 21 14 26 3342 3 86647 12698 1.8 16 9 3 8 72% 122 5468 105 80%
c -  1.06 20 21 14 27 3933 3 91746 13696 1.8 16 9 3 8 73% 124 5468 105 80%
c }  1.08 20 21 15 27 4144 3 94216 15745 1.8 16 9 3 8 73% 124 5468 105 80%
c [  1.08 20 18 15 27 4144 1 94216 15745 1.4 15 11 5 11 65% 124 5468 105 80%
c B  1.10 20 18 15 27 4146 1 96515 17685 1.4 15 11 5 11 65% 124 5468 105 80%
c -  1.11 20 19 15 28 4146 1 96942 14243 1.4 16 11 5 11 65% 124 5468 105 80%
c u  1.14 20 19 15 28 4148 1 100166 16776 1.4 16 11 5 11 66% 124 5468 105 80%
c v  1.15 23 19 15 28 4148 1 100166 16666 1.4 16 11 5 11 66% 124 5468 105 80%
c w  1.15 23 19 15 28 4148 1 100166 16662 1.4 16 11 5 11 66% 124 5468 105 80%
c -  1.17 23 19 15 29 4149 1 102234 13605 1.4 16 11 4 11 66% 124 5468 105 80%
c -  1.22 23 19 15 30 4151 1 107619 12670 1.4 16 12 4 11 67% 124 5468 105 80%
c -  1.27 23 18 15 31 4156 1 113096 13120 1.4 16 12 4 11 67% 124 5468 105 80%
c ]  1.27 23 18 16 31 4156 1 113359 13323 1.4 16 12 4 11 67% 124 5468 105 80%
c
c seconds   switched    rate          size/glue tier1   binary      remaining
c        MB   reductions  conflicts         size  tier2   irredundant
c         level    restarts      redundant    glue   trail      variables
c
c {  1.27 23 21 16 31 4156 3 113359 13323 1.8 16 9 3 8 73% 124 5468 105 80%
c o  1.27 23 21 16 31 4172 3 113434 13371 1.8 16 9 3 8 73% 124 5468 105 80%
c -  1.33 23 21 16 32 4573 3 118663 14883 1.8 16 9 3 8 74% 124 5468 105 80%
c s  1.35 23 21 16 32 4905 3 120924 16797 1.8 16 9 3 8 74% 124 5467 105 80%
c e  1.36 23 21 16 32 4905 3 120924 16797 1.8 16 9 3 8 74% 115 5499 98 74%
c ^  1.36 23 21 16 32 4905 3 120924 16797 1.8 16 9 3 8 74% 115 5499 98 74%
c -  1.40 23 21 16 33 5229 3 124319 13727 1.8 16 9 3 8 74% 116 5499 98 74%
c -  1.46 23 21 16 34 5784 3 130065 15349 1.8 16 9 3 8 74% 117 5499 98 74%
c }  1.48 23 21 17 34 5883 3 131696 16731 1.8 16 9 3 8 74% 117 5499 98 74%
c [  1.48 23 18 17 34 5883 1 131696 16731 1.4 16 12 4 11 67% 117 5499 98 74%
c W  1.48 23 18 17 34 5883 1 131696 16731 1.4 16 12 4 11 67% 117 5499 98 74%
c u  1.49 23 18 17 34 5883 1 131705 16677 1.4 16 12 4 11 67% 117 5499 98 74%
c v  1.50 23 18 17 34 5883 1 131705 16609 1.4 16 12 4 11 67% 117 5499 98 74%
c w  1.51 23 18 17 34 5883 1 131705 16599 1.4 16 12 4 11 67% 117 5499 98 74%
c -  1.54 23 18 17 35 5886 1 135895 16222 1.4 16 11 4 11 67% 117 5499 98 74%
c -  1.59 23 18 17 36 5889 1 141812 16014 1.4 16 11 4 11 68% 117 5499 98 74%
c -  1.65 23 18 17 37 5892 1 147812 16150 1.4 16 11 4 11 68% 117 5499 98 74%
c ]  1.70 23 18 18 37 5896 1 153285 20484 1.4 16 11 4 11 68% 117 5499 98 74%
c {  1.70 23 21 18 37 5896 3 153285 20484 1.8 16 9 3 8 74% 117 5499 98 74%
c -  1.71 23 20 18 38 5917 3 153895 16432 1.8 16 9 3 9 74% 117 5499 98 74%
c
c seconds   switched    rate          size/glue tier1   binary     remaining
c        MB   reductions  conflicts         size  tier2   irredundant
c         level    restarts      redundant    glue   trail     variables
c
c -  1.76 23 19 18 39 5936 2 160061 17199 1.7 15 9 3 8 73% 117 5499 98 74%
c -  1.82 23 18 18 40 5941 2 166307 18139 1.7 15 9 3 8 72% 117 5499 98 74%
c u  1.85 25 18 18 40 5942 2 167868 19173 1.7 15 9 3 8 71% 117 5499 98 74%
c v  1.86 26 18 18 40 5942 2 167868 19104 1.7 15 9 3 8 71% 117 5499 98 74%
c w  1.86 26 18 18 40 5942 2 167868 18856 1.7 15 9 3 8 71% 117 5499 98 74%
c o  1.86 26 18 18 40 5942 2 167868 18856 1.7 15 9 3 8 71% 117 5499 98 74%
c -  1.92 26 18 18 41 5973 2 172631 18941 1.7 15 9 3 8 71% 117 5499 98 74%
c }  1.95 26 17 19 41 6018 2 175630 21072 1.7 15 9 3 8 71% 117 5499 98 74%
c [  1.95 26 18 19 41 6018 1 175630 21072 1.4 16 11 4 11 68% 117 5499 98 74%
c O  1.95 26 18 19 41 6018 1 175630 21072 1.4 16 11 4 11 68% 117 5499 98 74%
c -  1.98 26 18 19 42 6020 1 179034 19535 1.4 16 11 4 11 68% 117 5499 98 74%
c -  2.03 26 17 19 43 6024 1 185517 19189 1.4 16 11 4 11 68% 117 5499 98 74%
c -  2.09 26 17 19 44 6027 1 192074 18393 1.4 16 11 4 11 68% 117 5499 98 74%
c -  2.15 26 17 19 45 6031 1 198707 18852 1.4 16 11 4 11 68% 117 5499 98 74%
c e  2.17 26 17 19 45 6031 1 200392 20200 1.4 16 11 4 11 68% 104 5564 90 68%
c ^  2.17 26 17 19 45 6031 1 200392 20200 1.4 16 11 4 11 68% 104 5564 90 68%
c ]  2.19 26 17 20 45 6032 1 203365 16783 1.4 16 11 4 11 68% 104 5564 90 68%
c {  2.19 26 17 20 45 6032 2 203365 16783 1.7 15 9 3 8 71% 104 5564 90 68%
c -  2.21 26 17 20 46 6161 2 205416 15811 1.7 15 9 3 8 71% 105 5564 90 68%
c u  2.25 28 17 20 46 6485 2 208803 18460 1.7 15 9 3 8 71% 105 5564 90 68%
c
c seconds   switched    rate          size/glue tier1   binary     remaining
c        MB   reductions  conflicts         size  tier2   irredundant
c         level    restarts      redundant    glue   trail     variables
c
c v  2.27 28 17 20 46 6485 2 208803 18378 1.7 15 9 3 8 71% 105 5564 90 68%
c w  2.27 28 17 20 46 6485 2 208803 18370 1.7 15 9 3 8 71% 105 5564 90 68%
c t  2.28 28 17 20 46 6485 2 208803 18370 1.7 15 9 3 8 71% 103 5564 90 68%
c -  2.33 28 17 20 47 6756 2 212199 17717 1.7 15 9 3 8 71% 103 5564 90 68%
c -  2.40 28 17 20 48 7336 2 219054 19206 1.7 15 8 3 8 71% 103 5564 90 68%
c -  2.50 28 18 20 49 8608 2 225982 20015 1.7 15 9 3 8 71% 103 5564 90 68%
c o  2.55 28 18 20 49 9004 2 230051 23449 1.7 15 9 3 8 71% 104 5564 90 68%
c }  2.56 28 18 21 49 9018 2 230106 23502 1.7 15 9 3 8 71% 104 5564 90 68%
c [  2.56 28 17 21 49 9018 1 230106 23502 1.4 16 11 4 11 68% 104 5564 90 68%
c B  2.56 28 17 21 49 9018 1 230106 23502 1.4 16 11 4 11 68% 104 5564 90 68%
c -  2.59 28 17 21 50 9020 1 232983 20801 1.4 16 11 4 11 68% 104 5564 90 68%
c -  2.65 29 17 21 51 9024 1 240054 20169 1.4 16 11 4 11 68% 104 5564 90 68%
c -  2.72 29 17 21 52 9028 1 247195 18126 1.4 16 11 4 11 68% 104 5564 90 68%
c -  2.77 29 17 21 53 9031 1 254409 17346 1.4 17 12 4 11 68% 104 5564 90 68%
c u  2.79 29 17 21 53 9031 1 254575 17201 1.4 17 12 4 11 68% 104 5564 90 68%
c v  2.80 29 17 21 53 9031 1 254575 17131 1.4 17 12 4 11 68% 104 5564 90 68%
c w  2.80 29 17 21 53 9031 1 254575 17108 1.4 17 12 4 11 68% 104 5564 90 68%
c x  2.81 29 17 21 53 9031 1 254575 17107 1.4 17 12 4 11 68% 104 5564 90 68%
c W  2.88 29 17 21 53 9032 1 261556 22528 1.4 17 12 4 11 68% 104 5564 90 68%
c -  2.88 29 17 21 54 9032 1 261691 18250 1.4 17 12 4 11 68% 104 5564 90 68%
c
c seconds   switched    rate          size/glue  tier1    binary     remaining
c        MB   reductions  conflicts         size   tier2    irredundant
c         level    restarts      redundant     glue    trail     variables
c
c ]  2.91 29 17 22 54 9034 1 264603 20513 1.4 17 12 4 11 68% 104 5564 90 68%
c {  2.91 29 18 22 54 9034 2 264603 20513 1.7 15 9 3 8 71% 104 5564 90 68%
c -  2.96 29 18 22 55 9147 2 269039 20402 1.7 15 9 3 8 72% 104 5564 90 68%
c -  3.04 29 18 22 56 9291 2 276455 22574 1.8 15 9 3 8 73% 105 5564 90 68%
c -  3.12 29 18 22 57 9305 2 283940 24017 1.8 15 8 3 8 73% 105 5564 90 68%
c -  3.21 29 17 22 58 9369 2 291490 24923 1.9 16 8 3 8 73% 106 5564 90 68%
c }  3.26 29 17 23 58 9413 2 296119 28679 1.9 16 8 3 8 74% 107 5564 90 68%
c [  3.26 29 17 23 58 9413 1 296119 28679 1.4 17 12 4 11 68% 107 5564 90 68%
c I  3.26 29 17 23 58 9413 1 296907 29330 1.4 17 11 4 11 68% 107 5564 90 68%
c -  3.29 29 17 23 59 9415 1 299105 25198 1.4 17 12 4 11 69% 107 5564 90 68%
c u  3.36 29 18 23 59 9419 1 305302 29672 1.4 17 12 4 11 69% 107 5564 90 68%
c v  3.38 29 18 23 59 9419 1 305302 29567 1.4 17 12 4 11 69% 107 5564 90 68%
c w  3.39 29 18 23 59 9419 1 305302 29543 1.4 17 12 4 11 69% 107 5564 90 68%
c t  3.39 29 18 23 59 9419 1 305302 29543 1.4 17 12 4 11 69% 106 5564 90 68%
c o  3.39 29 18 23 59 9419 1 305302 29543 1.4 17 12 4 11 69% 106 5564 90 68%
c s  3.39 29 18 23 59 9419 1 305430 29656 1.4 17 12 4 11 69% 106 5559 90 68%
c e  3.39 29 18 23 59 9419 1 305430 29656 1.4 17 12 4 11 69%  83 5664 83 63%
c s  3.39 29 18 23 59 9419 1 305430 29656 1.4 17 12 4 11 69%  83 5662 83 63%
c !  3.40 29 18 23 59 9419 1 305430 29656 1.4 17 12 4 11 69%  83 5662 83 63%
c -  3.41 31 18 23 60 9419 1 306787 18428 1.4 17 12 4 11 69%  83 5662 83 63%
c
c seconds   switched    rate          size/glue  tier1    binary     remaining
c        MB   reductions  conflicts         size   tier2    irredundant
c         level    restarts      redundant     glue    trail     variables
c
c -  3.49 31 17 23 61 9424 1 314532 19386 1.4 17 12 4 11 70%  83 5662 83 63%
c -  3.56 31 17 23 62 9427 1 322342 20289 1.4 17 12 4 11 70%  83 5662 83 63%
c -  3.63 31 17 23 63 9428 1 330218 20163 1.4 17 12 4 11 71%  83 5662 83 63%
c ]  3.66 31 17 24 63 9430 1 333106 22194 1.4 17 12 4 11 71%  83 5662 83 63%
c {  3.66 31 17 24 63 9430 2 333106 22194 1.9 16 8 3 8 74%  83 5662 83 63%
c -  3.73 31 17 24 64 10051 2 338155 22403 1.9 16 8 3 8 74%  83 5662 83 63%
c -  3.84 31 18 24 65 11080 2 346156 24251 1.8 16 9 3 8 74%  83 5662 83 63%
c -  3.96 31 18 24 66 12074 2 354218 24817 1.8 16 9 3 8 74%  83 5662 83 63%
c u  4.07 31 18 24 66 13051 2 361112 30143 1.8 16 9 3 8 74%  84 5662 83 63%
c v  4.09 31 18 24 66 13051 2 361112 29912 1.8 16 9 3 8 74%  84 5662 83 63%
c w  4.10 31 18 24 66 13051 2 361112 29869 1.8 16 9 3 8 74%  84 5662 83 63%
c -  4.13 31 18 24 67 13212 2 362344 24894 1.8 16 9 3 8 74%  84 5662 83 63%
c }  4.23 31 18 25 67 14030 2 369783 31111 1.8 16 9 3 8 74%  84 5662 83 63%
c [  4.23 31 17 25 67 14030 1 369783 31111 1.4 17 12 4 11 71%  84 5662 83 63%
c B  4.23 31 17 25 67 14030 1 369783 31111 1.4 17 12 4 11 71%  84 5662 83 63%
c -  4.24 31 17 25 68 14030 1 370530 25839 1.4 17 12 4 11 71%  84 5662 83 63%
c -  4.32 31 17 25 69 14036 1 378776 24944 1.4 17 12 4 11 70%  84 5662 83 63%
c -  4.42 31 17 25 70 14040 1 387082 23007 1.4 17 12 4 11 69%  84 5662 83 63%
c -  4.51 31 17 25 71 14044 1 395448 22979 1.4 16 12 4 11 68%  84 5662 83 63%
c -  4.61 31 17 25 72 14045 1 403874 24094 1.4 16 12 4 11 68%  84 5662 83 63%
c
c seconds   switched     rate          size/glue  tier1    binary     remaining
c        MB   reductions   conflicts         size   tier2    irredundant
c         level    restarts       redundant     glue    trail     variables
c
c ]  4.69 31 16 26 72 14050 1 410636 28383 1.4 16 12 4 11 67%  84 5662 83 63%
c {  4.69 31 18 26 72 14050 2 410636 28383 1.8 16 9 3 8 74%  84 5662 83 63%
c o  4.70 31 18 26 72 14060 2 411032 28682 1.8 16 9 3 8 74%  84 5662 83 63%
c -  4.72 31 18 26 73 14218 2 412359 24623 1.8 16 9 3 8 74%  84 5662 83 63%
c -  4.82 31 18 26 74 15185 2 420904 26183 1.8 16 9 3 8 74%  84 5662 83 63%
c u  4.85 31 18 26 74 15185 2 421950 26847 1.8 16 9 3 8 74%  84 5662 83 63%
c v  4.88 31 18 26 74 15185 2 421950 26703 1.8 16 9 3 8 74%  84 5662 83 63%
c w  4.89 31 18 26 74 15185 2 421950 26667 1.8 16 9 3 8 74%  84 5662 83 63%
c -  5.00 31 18 26 75 15782 2 429508 27062 1.8 16 9 3 8 74%  84 5662 83 63%
c -  5.10 31 17 26 76 16066 2 438168 28529 1.7 16 9 3 8 75%  84 5662 83 63%
c -  5.21 31 17 26 77 16567 2 446888 29829 1.8 16 9 3 8 75%  84 5662 83 63%
c }  5.31 31 17 27 77 17399 2 452854 34716 1.7 16 9 3 8 75%  84 5662 83 63%
c [  5.31 31 16 27 77 17399 1 452854 34716 1.4 16 12 4 11 67%  84 5662 83 63%
c W  5.31 32 16 27 77 17399 1 452854 34716 1.4 16 12 4 11 67%  84 5662 83 63%
c -  5.35 32 16 27 78 17401 1 455662 29534 1.4 16 12 4 11 67%  84 5662 83 63%
c -  5.45 32 16 27 79 17405 1 464494 27970 1.4 16 12 4 11 67%  84 5662 83 63%
c -  5.55 33 16 27 80 17411 1 473382 28567 1.4 16 11 4 11 66%  84 5662 83 63%
c -  5.67 33 15 27 81 17413 1 482326 29242 1.4 16 11 3 10 66%  84 5662 83 63%
c u  5.77 33 15 27 81 17416 1 488020 32978 1.4 15 11 3 10 65%  84 5662 83 63%
c v  5.80 33 15 27 81 17416 1 488020 30665 1.4 15 11 3 10 65%  84 5662 83 63%
c
c seconds   switched     rate          size/glue  tier1    binary     remaining
c        MB   reductions   conflicts         size   tier2    irredundant
c         level    restarts       redundant     glue    trail     variables
c
c w  5.81 33 15 27 81 17416 1 488020 27340 1.4 15 11 3 10 65%  84 5662 83 63%
c -  5.85 33 15 27 82 17418 1 491329 25411 1.4 15 11 3 10 65%  84 5662 83 63%
c ]  5.85 33 15 28 82 17418 1 491765 25744 1.4 15 11 3 10 65%  84 5662 83 63%
c {  5.85 33 17 28 82 17418 2 491765 25744 1.7 16 9 3 8 75%  84 5662 83 63%
c -  5.97 33 17 28 83 17784 2 500385 28065 1.7 16 9 3 8 74%  84 5662 83 63%
c o  5.98 33 17 28 83 17842 2 501078 28641 1.8 16 9 3 8 74%  84 5662 83 63%
c -  6.06 34 17 28 84 17950 2 509496 30019 1.7 16 9 3 8 74%  85 5662 83 63%
c -  6.19 34 17 28 85 18628 2 518661 30233 1.7 15 9 3 8 74%  86 5662 83 63%
c -  6.31 34 16 28 86 19326 2 527881 31084 1.7 15 9 3 8 75%  87 5662 83 63%
c -  6.42 34 16 28 87 19373 2 537154 31439 1.7 15 9 3 8 75%  88 5662 83 63%
c }  6.45 34 16 29 87 19373 2 539904 33148 1.7 15 9 3 8 75%  88 5662 83 63%
c [  6.45 34 15 29 87 19373 1 539904 33148 1.4 15 11 3 10 65%  88 5662 83 63%
c O  6.45 34 15 29 87 19373 1 539904 33148 1.4 15 11 3 10 65%  88 5662 83 63%
c -  6.53 35 15 29 88 19378 1 546481 32493 1.4 15 11 3 10 65%  88 5662 83 63%
c -  6.63 35 15 29 89 19382 1 555861 32892 1.4 15 11 3 10 64%  88 5662 83 63%
c u  6.69 40 14 29 89 19385 1 559389 34858 1.4 15 11 3 10 64%  88 5662 83 63%
c v  6.72 40 14 29 89 19385 1 559389 30601 1.4 15 11 3 10 64%  88 5662 83 63%
c w  6.73 40 14 29 89 19385 1 559389 30549 1.4 15 11 3 10 64%  88 5662 83 63%
c -  6.86 42 14 29 90 19387 1 565294 28684 1.4 15 11 3 10 64%  88 5662 83 63%
c -  6.98 42 14 29 91 19389 1 574780 30070 1.4 14 10 3 10 64%  88 5662 83 63%
c
c seconds   switched     rate          size/glue  tier1    binary     remaining
c        MB   reductions   conflicts         size   tier2    irredundant
c         level    restarts       redundant     glue    trail     variables
c
c -  7.09 42 14 29 92 19394 1 584319 32007 1.4 14 10 3 10 63%  88 5662 83 63%
c ]  7.13 42 14 30 92 19397 1 588359 34511 1.4 14 10 3 10 63%  88 5662 83 63%
c {  7.13 42 16 30 92 19397 2 588359 34511 1.7 15 9 3 8 75%  88 5662 83 63%
c -  7.20 42 15 30 93 19572 2 593910 32947 1.6 14 9 3 8 74%  88 5662 83 63%
c s  7.27 42 15 30 93 19737 2 599812 36859 1.6 14 9 3 8 73%  89 5661 83 63%
c s  7.27 42 15 30 93 19737 2 599812 36859 1.6 14 9 3 8 73%  89 5659 83 63%
c -  7.31 42 15 30 94 19737 2 603553 33522 1.6 14 9 3 8 73%  89 5659 83 63%
c o  7.34 42 15 30 94 19828 2 605837 35048 1.6 14 9 3 8 72%  90 5659 83 63%
c -  7.45 42 15 30 95 20460 2 613249 33727 1.6 14 9 3 8 72%  90 5659 83 63%
c -  7.56 42 14 30 96 20495 2 622996 33800 1.6 14 9 3 8 71%  92 5659 83 63%
c -  7.67 42 14 30 97 20568 2 632793 34113 1.6 13 8 3 8 70%  93 5659 83 63%
c i  7.68 42 14 30 97 20568 2 633768 34561 1.6 13 8 3 8 70% 104 5659 82 62%
c u  7.73 42 14 30 97 20921 2 636144 18117 1.6 13 8 3 8 70% 106 5655 82 62%
c v  7.75 42 14 30 97 20921 2 636144 17694 1.6 13 8 3 8 70% 106 5655 82 62%
c w  7.75 42 14 30 97 20921 2 636144 17674 1.6 13 8 3 8 70% 106 5655 82 62%
c x  7.77 42 14 30 97 20921 2 636144 17669 1.6 13 8 3 8 70% 106 5605 82 62%
c -  7.86 43 14 30 98 21770 2 642642 19991 1.6 14 9 3 8 70%  89 5605 82 62%
c }  7.86 43 14 31 98 21803 2 642794 20111 1.6 14 9 3 8 70%  89 5605 82 62%
c [  7.86 43 14 31 98 21803 1 642794 20111 1.4 14 10 3 10 63%  89 5605 82 62%
c B  7.86 43 14 31 98 21803 1 642794 20111 1.4 14 10 3 10 63%  89 5605 82 62%
c
c seconds   switched     rate          size/glue  tier1    binary     remaining
c        MB   reductions   conflicts         size   tier2    irredundant
c         level    restarts       redundant     glue    trail     variables
c
c -  7.93 43 14 31 99 21809 1 652541 22830 1.4 15 11 3 10 64%  89 5605 82 62%
c -  8.02 43 15 31 100 21815 1 662491 22654 1.4 15 11 3 10 65%  89 5605 82 62%
c -  8.11 43 15 31 101 21817 1 672491 23538 1.4 15 11 3 10 66%  89 5605 82 62%
c -  8.22 44 16 31 102 21823 1 682540 23866 1.4 16 12 3 10 67%  89 5605 82 62%
c -  8.33 44 16 31 103 21827 1 692639 23919 1.4 16 12 3 10 67%  89 5605 82 62%
c W  8.40 45 16 31 103 21831 1 700380 30065 1.3 16 12 3 10 67%  89 5605 82 62%
c -  8.42 46 16 31 104 21832 1 702787 24853 1.3 16 12 3 10 68%  89 5605 82 62%
c -  8.53 46 17 31 105 21833 1 712985 25519 1.4 16 12 3 10 68%  89 5605 82 62%
c ]  8.56 46 17 32 105 21833 1 715126 27118 1.4 16 12 3 10 68%  89 5605 82 62%
c {  8.56 46 14 32 105 21833 2 715126 27118 1.6 14 9 3 8 70%  89 5605 82 62%
c o  8.57 46 14 32 105 21948 2 715863 27741 1.6 14 9 3 8 70%  89 5605 82 62%
c u  8.63 47 14 32 105 22344 2 718441 29687 1.6 14 9 3 8 71%  89 5605 82 62%
c v  8.66 47 14 32 105 22344 2 718441 29529 1.6 14 9 3 8 71%  89 5605 82 62%
c w  8.67 47 14 32 105 22344 2 718441 29293 1.6 14 9 3 8 71%  89 5605 82 62%
c -  8.74 47 15 32 106 22742 2 723231 27655 1.6 14 9 3 8 71%  90 5605 82 62%
c -  8.91 47 15 32 107 24245 2 733526 29821 1.6 14 9 3 8 71%  91 5605 82 62%
c -  9.08 47 15 32 108 25482 2 743871 31105 1.6 14 9 3 8 71%  91 5605 82 62%
c -  9.27 47 16 32 109 26739 2 754264 32430 1.6 14 9 3 8 71%  91 5605 82 62%
c -  9.44 48 16 32 110 27631 2 764704 33689 1.6 15 9 3 8 71%  91 5605 82 62%
c -  9.61 48 16 32 111 28810 2 775193 34704 1.6 15 9 3 8 72%  91 5605 82 62%
c
c seconds   switched      rate          size/glue tier1   binary     remaining
c        MB   reductions    conflicts         size  tier2   irredundant
c         level     restarts       redundant    glue   trail     variables
c
c }  9.63 48 16 33 111 28891 2 776235 35534 1.6 15 9 3 8 72%  91 5605 82 62%
c [  9.63 48 17 33 111 28891 1 776235 35534 1.4 16 12 3 10 68%  91 5605 82 62%
c I  9.63 48 17 33 111 28891 1 776235 35534 1.4 16 12 3 10 68%  91 5605 82 62%
c -  9.73 48 17 33 112 28897 1 785728 32537 1.3 17 12 3 10 69%  91 5605 82 62%
c s  9.82 48 17 33 112 28901 1 793096 37889 1.3 17 12 3 10 69%  91 5596 82 62%
c -  9.86 48 17 33 113 28903 1 796311 29073 1.3 17 12 3 10 69%  91 5596 82 62%
c u 10.01 48 17 33 113 28905 1 806305 35568 1.3 17 12 3 10 69%  91 5596 82 62%
c v 10.05 49 17 33 113 28905 1 806305 35159 1.3 17 12 3 10 69%  91 5596 82 62%
c w 10.07 49 17 33 113 28905 1 806305 33668 1.3 17 12 3 10 69%  91 5596 82 62%
c t 10.07 49 17 33 113 28905 1 806305 33668 1.3 17 12 3 10 69%  89 5596 82 62%
c - 10.08 49 17 33 114 28905 1 806941 27540 1.3 17 12 3 10 69%  89 5596 82 62%
c - 10.19 49 17 33 115 28911 1 817619 28621 1.3 17 12 3 10 69%  89 5596 82 62%
c - 10.31 49 17 33 116 28917 1 828342 28051 1.3 17 12 3 10 70%  89 5596 82 62%
c - 10.42 49 17 33 117 28920 1 839112 28583 1.3 17 13 3 11 70%  89 5596 82 62%
c o 10.47 49 17 33 117 28921 1 843110 31572 1.3 17 13 3 11 70%  89 5596 82 62%
c B 10.47 49 18 33 117 28921 1 843920 32316 1.3 17 13 3 11 70%  89 5596 82 62%
c - 10.54 49 18 33 118 28921 1 849928 28641 1.3 17 13 3 11 70%  89 5596 82 62%
c - 10.65 49 18 33 119 28923 1 860790 27910 1.4 17 13 3 11 71%  89 5596 82 62%
c ] 10.74 49 18 34 119 28928 1 868690 33571 1.3 17 13 3 11 71%  89 5596 82 62%
c { 10.74 49 16 34 119 28928 2 868690 33571 1.6 15 9 3 8 72%  89 5596 82 62%
c
c seconds   switched      rate          size/glue tier1   binary     remaining
c        MB   reductions    conflicts         size  tier2   irredundant
c         level     restarts       redundant    glue   trail     variables
c
c - 10.78 49 16 34 120 28943 2 871700 29063 1.6 15 9 3 8 72%  89 5596 82 62%
c - 10.90 49 15 34 121 28964 2 882655 31723 1.6 15 9 3 8 72%  89 5596 82 62%
c - 11.01 49 15 34 122 29068 2 893656 34511 1.6 14 9 3 8 71%  89 5596 82 62%
c u 11.10 49 15 34 122 29091 2 899785 38819 1.6 14 9 3 8 71%  89 5596 82 62%
c v 11.12 49 15 34 122 29091 2 899785 37555 1.6 14 9 3 8 71%  89 5596 82 62%
c w 11.13 49 15 34 122 29091 2 899785 37192 1.6 14 9 3 8 71%  89 5596 82 62%
c x 11.15 49 15 34 122 29091 2 899785 37187 1.6 14 9 3 8 71%  89 5585 82 62%
c - 11.23 51 15 34 123 29100 2 904702 34293 1.6 14 9 3 8 71%  89 5585 82 62%
c - 11.37 51 14 34 124 29100 2 915794 36203 1.5 14 9 3 8 72%  89 5585 82 62%
c - 11.50 51 14 34 125 29155 2 926931 37321 1.5 14 9 3 8 72%  89 5585 82 62%
c } 11.62 51 13 35 125 29199 2 936837 43969 1.5 14 9 3 8 71%  89 5585 82 62%
c [ 11.62 51 18 35 125 29199 1 936837 43969 1.3 17 13 3 11 71%  89 5585 82 62%
c W 11.62 51 18 35 125 29199 1 936837 43969 1.3 17 13 3 11 71%  89 5585 82 62%
c - 11.64 52 18 35 126 29200 1 938111 36996 1.3 17 13 3 11 71%  89 5585 82 62%
c - 11.75 52 18 35 127 29206 1 949339 33422 1.3 18 13 3 11 72%  89 5585 82 62%
c - 11.87 52 18 35 128 29212 1 960609 29499 1.3 18 13 3 11 72%  89 5585 82 62%
c - 12.00 52 19 35 129 29215 1 971923 28991 1.3 18 14 3 11 72%  89 5585 82 62%
c - 12.12 52 19 35 130 29221 1 983280 29268 1.3 18 14 3 11 73%  89 5585 82 62%
c - 12.25 52 19 35 131 29227 1 994683 29209 1.3 18 14 3 11 72%  89 5585 82 62%
c u 12.32 52 19 35 131 29228 1 998953 31897 1.3 18 14 3 11 72%  89 5585 82 62%
c
c seconds   switched      rate          size/glue  tier1    binary     remaining
c        MB   reductions    conflicts         size   tier2    irredundant
c         level     restarts       redundant     glue    trail     variables
c
c v 12.35 53 19 35 131 29228 1 998953 31663 1.3 18 14 3 11 72%  89 5585 82 62%
c w 12.37 53 19 35 131 29228 1 998953 30912 1.3 18 14 3 11 72%  89 5585 82 62%
c o 12.37 53 19 35 131 29228 1 998953 30912 1.3 18 14 3 11 72%  89 5585 82 62%
c - 12.45 53 19 35 132 29229 1 1006128 30186 1.3 18 13 3 11 73%  89 5585 82 62%
c ] 12.49 53 19 36 132 29229 1 1010270 33484 1.4 18 13 3 11 73%  89 5585 82 62%
c { 12.49 53 13 36 132 29229 2 1010270 33484 1.5 14 9 3 8 71%  89 5585 82 62%
c - 12.61 53 14 36 133 30074 2 1017619 34414 1.5 14 9 3 8 71%  89 5585 82 62%
c s 12.67 53 14 36 133 30269 2 1019750 36157 1.5 14 9 3 8 71%  89 5580 82 62%
c - 12.82 53 14 36 134 30911 2 1029151 37932 1.5 14 9 3 8 71%  89 5580 82 62%
c - 13.01 53 14 36 135 32232 2 1040726 38894 1.6 14 9 3 8 71%  89 5580 82 62%
c - 13.17 53 15 36 136 32935 2 1052345 39765 1.6 15 9 3 8 71%  89 5580 82 62%
c - 13.39 53 15 36 137 34266 2 1064007 40756 1.6 15 9 3 8 71%  89 5580 82 62%
c - 13.58 53 15 36 138 35097 2 1075711 40407 1.5 15 9 3 8 70%  89 5580 82 62%
c } 13.72 53 14 37 138 35410 2 1085826 46838 1.5 14 9 3 8 69%  89 5580 82 62%
c [ 13.72 53 19 37 138 35410 1 1085826 46838 1.4 18 13 3 11 73%  89 5580 82 62%
c O 13.72 53 19 37 138 35410 1 1085826 46838 1.4 18 13 3 11 73%  89 5580 82 62%
c - 13.74 53 19 37 139 35411 1 1087459 40156 1.4 18 13 3 11 73%  89 5580 82 62%
c - 13.86 53 18 37 140 35418 1 1099248 39505 1.4 18 13 3 11 72%  89 5580 82 62%
c u 13.95 58 18 37 140 35421 1 1103846 42583 1.4 18 13 3 11 72%  90 5580 82 62%
c v 14.00 58 18 37 140 35421 1 1103846 41425 1.4 18 13 3 11 72%  90 5580 82 62%
c
c seconds   switched      rate           size/glue  tier1    binary     remaining
c        MB   reductions     conflicts         size   tier2    irredundant
c         level     restarts        redundant     glue    trail     variables
c
c w 14.02 58 18 37 140 35421 1 1103846 41393 1.4 18 13 3 11 72%  90 5580 82 62%
c t 14.02 58 18 37 140 35421 1 1103846 41393 1.4 18 13 3 11 72%  89 5580 82 62%
c - 14.11 58 18 37 141 35424 1 1111080 36551 1.4 18 13 3 11 72%  89 5580 82 62%
c - 14.25 58 18 37 142 35427 1 1122954 36755 1.4 17 13 3 11 72%  89 5580 82 62%
c - 14.39 58 17 37 143 35434 1 1134871 36922 1.4 17 13 3 11 71%  89 5580 82 62%
c - 14.52 58 18 37 144 35439 1 1146829 35461 1.4 18 13 3 11 72%  90 5580 82 62%
c - 14.67 58 17 37 145 35440 1 1158829 34367 1.4 17 13 3 11 71%  90 5580 82 62%
c B 14.79 58 17 37 145 35442 1 1169863 42458 1.4 17 13 3 11 71%  90 5580 82 62%
c o 14.79 58 17 37 145 35442 1 1169863 42458 1.4 17 13 3 11 71%  90 5580 82 62%
c - 14.80 58 17 37 146 35443 1 1170872 36237 1.4 17 13 3 11 72%  90 5580 82 62%
c - 14.96 58 17 37 147 35449 1 1182955 37544 1.4 17 13 3 11 72%  90 5580 82 62%
c ] 15.01 58 18 38 147 35452 1 1187273 40901 1.4 18 13 3 11 72%  90 5580 82 62%
c { 15.01 58 14 38 147 35452 2 1187273 40901 1.5 14 9 3 8 69%  90 5580 82 62%
c - 15.15 58 14 38 148 35941 2 1195080 37949 1.5 14 9 3 8 70%  90 5580 82 62%
c - 15.33 58 14 38 149 36055 2 1207247 40993 1.6 15 9 3 8 71%  91 5580 82 62%
c u 15.48 62 14 38 149 36090 2 1214541 46021 1.6 15 9 3 8 71%  93 5580 82 62%
c v 15.54 63 14 38 149 36090 2 1214541 45774 1.6 15 9 3 8 71%  93 5580 82 62%
c w 15.56 63 14 38 149 36090 2 1214541 45701 1.6 15 9 3 8 71%  93 5580 82 62%
c t 15.75 68 14 38 149 36090 2 1214541 45701 1.6 15 9 3 8 71%  92 5580 82 62%
c - 15.85 68 14 38 150 36378 2 1219453 43748 1.6 15 9 3 8 72%  92 5580 82 62%
c
c seconds   switched      rate           size/glue tier1   binary     remaining
c        MB   reductions     conflicts         size  tier2   irredundant
c         level     restarts        redundant    glue   trail     variables
c
c i 16.02 68 14 38 150 36876 2 1228621 50412 1.6 15 9 3 8 72% 100 5580 81 61%
c - 16.08 69 14 38 151 36885 2 1231700 42388 1.6 15 9 3 8 73%  84 5580 81 61%
c i 16.15 69 14 38 151 37070 2 1235935 45871 1.6 15 9 3 8 73%  84 5580 80 61%
c - 16.32 69 14 38 152 38092 2 1243988 43013 1.6 15 9 3 8 73%  72 5580 80 61%
c - 16.54 69 15 38 153 38952 2 1256317 44332 1.7 15 9 3 8 74%  73 5580 80 61%
c i 16.65 69 15 38 153 39458 2 1263157 49535 1.7 15 9 3 8 74%  78 5580 79 60%
c - 16.77 69 15 38 154 39962 1 1268687 44129 1.7 16 9 3 8 74%  64 5580 79 60%
c } 16.81 69 15 39 154 40100 1 1270606 45712 1.7 16 9 3 8 74%  64 5580 79 60%
c [ 16.81 69 18 39 154 40100 1 1270606 45712 1.4 18 13 3 11 72%  64 5580 79 60%
c W 16.82 69 18 39 154 40100 1 1270606 45712 1.4 18 13 3 11 72%  64 5577 79 60%
c - 16.96 69 18 39 155 40106 1 1281097 42305 1.4 18 13 3 11 72%  64 5577 79 60%
c s 16.97 69 18 39 155 40106 1 1281245 42417 1.4 18 13 3 11 72%  64 5539 79 60%
c - 17.14 69 18 39 156 40113 1 1293546 39946 1.4 18 13 3 11 72%  64 5539 79 60%
c - 17.29 69 18 39 157 40117 1 1306035 38857 1.4 18 13 3 11 73%  64 5539 79 60%
c - 17.45 69 18 39 158 40124 1 1318565 39352 1.4 18 13 3 11 73%  64 5539 79 60%
c u 17.63 69 18 39 158 40129 1 1331079 48674 1.4 18 13 3 11 73%  64 5539 79 60%
c v 17.68 69 18 39 158 40129 1 1331079 48558 1.4 18 13 3 11 73%  64 5539 79 60%
c w 17.70 69 18 39 158 40129 1 1331079 48515 1.4 18 13 3 11 73%  64 5539 79 60%
c x 17.74 69 18 39 158 40129 1 1331079 48510 1.4 18 13 3 11 73%  64 5408 79 60%
c o 17.74 69 18 39 158 40129 1 1331079 48510 1.4 18 13 3 11 73%  64 5408 79 60%
c
c seconds   switched      rate           size/glue  tier1    binary     remaining
c        MB   reductions     conflicts         size   tier2    irredundant
c         level     restarts        redundant     glue    trail     variables
c
c - 17.75 71 18 39 159 40129 1 1331136 41172 1.4 18 13 3 11 73%  64 5408 79 60%
c - 17.94 71 18 39 160 40130 1 1343745 42028 1.4 18 13 3 11 73%  64 5408 79 60%
c - 18.12 71 18 39 161 40133 1 1356398 41900 1.4 18 13 3 11 72%  64 5408 79 60%
c I 18.25 71 18 39 161 40138 1 1366320 49477 1.4 18 13 3 11 72%  64 5408 79 60%
c - 18.29 71 18 39 162 40140 1 1369088 42151 1.4 18 13 3 11 73%  64 5408 79 60%
c - 18.47 71 18 39 163 40145 1 1381815 39172 1.4 18 13 3 11 73%  64 5408 79 60%
c ] 18.51 71 18 40 163 40145 1 1384627 41242 1.4 18 13 3 11 73%  64 5408 79 60%
c { 18.51 71 15 40 163 40145 1 1384627 41242 1.7 16 9 3 8 74%  64 5408 79 60%
c - 18.67 71 15 40 164 40667 2 1394582 40639 1.7 15 9 3 8 74%  64 5408 79 60%
c - 18.91 71 15 40 165 41948 2 1407389 45104 1.6 15 9 3 8 73%  64 5408 79 60%
c - 19.12 71 15 40 166 42567 2 1420238 46079 1.6 15 9 3 8 72%  64 5408 79 60%
c - 19.34 71 14 40 167 43344 2 1433124 47613 1.6 15 9 3 8 71%  65 5408 79 60%
c - 19.52 71 14 40 168 43689 2 1446046 48968 1.6 15 9 3 8 70%  65 5408 79 60%
c u 19.72 71 14 40 168 44612 2 1454176 54033 1.6 15 9 3 8 70%  65 5408 79 60%
c v 19.78 71 14 40 168 44612 2 1454176 53458 1.6 15 9 3 8 70%  65 5408 79 60%
c w 19.81 71 14 40 168 44612 2 1454176 53389 1.6 15 9 3 8 70%  65 5408 79 60%
c - 19.90 72 14 40 169 44977 2 1459008 48071 1.6 15 9 3 8 70%  65 5408 79 60%
c - 20.10 72 14 40 170 45657 2 1472008 48412 1.6 15 9 3 8 69%  65 5408 79 60%
c } 20.17 72 14 41 170 46036 2 1476099 51386 1.5 15 9 3 8 69%  65 5408 79 60%
c [ 20.17 72 18 41 170 46036 1 1476099 51386 1.4 18 13 3 11 73%  65 5408 79 60%
c
c seconds   switched      rate           size/glue  tier1    binary     remaining
c        MB   reductions     conflicts         size   tier2    irredundant
c         level     restarts        redundant     glue    trail     variables
c
c B 20.17 72 18 41 170 46036 1 1476099 51386 1.4 18 13 3 11 73%  65 5408 79 60%
c - 20.28 72 18 41 171 46042 1 1485046 47751 1.4 18 13 3 11 73%  65 5408 79 60%
c - 20.43 72 18 41 172 46049 1 1498123 45271 1.4 18 13 3 11 72%  65 5408 79 60%
c - 20.59 72 17 41 173 46052 1 1511237 45166 1.4 17 13 3 11 71%  65 5408 79 60%
c - 20.76 72 17 41 174 46060 1 1524389 46257 1.4 17 12 3 11 71%  65 5408 79 60%
c - 20.92 72 16 41 175 46065 1 1537580 47711 1.4 17 12 3 11 70%  65 5408 79 60%
c - 21.08 72 16 41 176 46066 1 1550808 48659 1.4 16 12 3 11 70%  65 5408 79 60%
c - 21.24 72 16 41 177 46070 1 1564074 48938 1.4 16 12 3 11 69%  65 5408 79 60%
c - 21.41 72 15 41 178 46078 1 1577380 48547 1.4 16 11 3 11 69%  65 5408 79 60%
c s 21.46 72 15 41 178 46079 1 1579508 50181 1.4 16 11 3 11 69%  65 5395 79 60%
c o 21.46 72 15 41 178 46079 1 1579508 50181 1.4 16 11 3 11 69%  65 5395 79 60%
c u 21.54 72 15 41 178 46080 1 1583248 52702 1.4 16 11 3 11 69%  65 5395 79 60%
c v 21.57 72 15 41 178 46080 1 1583248 52129 1.4 16 11 3 11 69%  65 5395 79 60%
c w 21.59 72 15 41 178 46080 1 1583248 48258 1.4 16 11 3 11 69%  65 5395 79 60%
c x 21.62 72 15 41 178 46080 1 1583248 48256 1.4 16 11 3 11 69%  65 5371 79 60%
c W 21.64 74 15 41 178 46081 1 1584086 48877 1.4 16 11 3 11 69%  65 5371 79 60%
c - 21.75 75 15 41 179 46081 1 1590721 45260 1.4 16 11 3 11 69%  65 5371 79 60%
c ] 21.82 75 15 42 179 46085 1 1596434 49277 1.4 16 12 3 11 70%  65 5371 79 60%
c { 21.82 75 14 42 179 46085 2 1596434 49277 1.5 15 9 3 8 69%  65 5371 79 60%
c - 21.95 75 14 42 180 46312 2 1604100 44982 1.5 14 9 3 8 69%  65 5371 79 60%
c
c seconds   switched      rate           size/glue tier1   binary     remaining
c        MB   reductions     conflicts         size  tier2   irredundant
c         level     restarts        redundant    glue   trail     variables
c
c - 22.19 75 14 42 181 47101 2 1617517 46487 1.5 14 9 3 8 68%  66 5370 79 60%
c - 22.38 75 14 42 182 47673 2 1630970 48470 1.5 14 9 3 8 68%  66 5370 79 60%
c - 22.55 75 13 42 183 47939 1 1644462 48538 1.5 14 9 3 8 67%  66 5370 79 60%
c - 22.73 75 13 42 184 48184 1 1657989 49115 1.5 13 9 3 8 66%  66 5370 79 60%
c - 22.94 75 13 42 185 48805 1 1671554 48747 1.5 13 9 3 8 65%  68 5370 79 60%
c - 23.17 75 13 42 186 50429 2 1685156 48526 1.5 13 9 3 8 66%  68 5370 79 60%
c } 23.34 75 14 43 186 51626 2 1696408 57319 1.5 14 9 3 8 67%  68 5370 79 60%
c [ 23.34 75 15 43 186 51626 1 1696408 57319 1.4 16 12 3 11 70%  68 5370 79 60%
c O 23.37 75 15 43 186 51627 1 1698426 58830 1.4 16 11 3 11 70%  68 5370 79 60%
c - 23.37 75 15 43 187 51628 1 1698795 48452 1.4 16 11 3 11 70%  68 5370 79 60%
c - 23.55 75 15 43 188 51635 1 1712469 49638 1.4 16 11 3 11 69%  68 5370 79 60%
c u 23.69 75 15 43 188 51639 1 1718507 52300 1.4 15 11 3 11 69%  69 5370 79 60%
c v 23.76 75 15 43 188 51639 1 1718507 49104 1.4 15 11 3 11 69%  69 5370 79 60%
c w 23.79 75 15 43 188 51639 1 1718507 48022 1.4 15 11 3 11 69%  69 5370 79 60%
c t 23.79 75 15 43 188 51639 1 1718507 48022 1.4 15 11 3 11 69%  68 5370 79 60%
c - 23.89 75 14 43 189 51640 1 1726180 45744 1.4 15 11 3 11 69%  69 5370 79 60%
c - 24.07 75 14 43 190 51647 1 1739929 47574 1.4 15 11 3 11 68%  70 5370 79 60%
c - 24.24 75 14 43 191 51654 1 1753714 48239 1.4 15 11 3 11 68%  70 5370 79 60%
c i 24.33 75 14 43 191 51655 1 1760327 52396 1.4 14 10 3 11 68%  78 5370 78 59%
c o 24.33 75 14 43 191 51655 1 1760327 52396 1.4 14 10 3 11 68%  78 5370 78 59%
c
c seconds   switched      rate           size/glue  tier1    binary     remaining
c        MB   reductions     conflicts         size   tier2    irredundant
c         level     restarts        redundant     glue    trail     variables
c
c - 24.43 75 14 43 192 51656 1 1767535 29731 1.4 15 10 3 11 68%  65 5370 78 59%
c - 24.61 75 14 43 193 51659 1 1781393 34929 1.4 15 11 3 11 69%  65 5370 78 59%
c - 24.80 75 15 43 194 51666 1 1795286 39004 1.4 15 11 3 11 70%  65 5370 78 59%
c ] 24.97 75 15 44 194 51671 1 1808358 48508 1.4 15 11 3 11 70%  65 5370 78 59%
c { 24.97 75 14 44 194 51671 2 1808358 48508 1.5 14 9 3 8 67%  65 5370 78 59%
c - 24.99 75 14 44 195 51763 2 1809214 41413 1.5 14 9 3 8 67%  65 5370 78 59%
c - 25.20 75 14 44 196 52388 2 1823180 44700 1.5 14 9 3 8 67%  65 5370 78 59%
c - 25.44 75 14 44 197 53368 2 1837180 42149 1.5 14 9 2 8 68%  65 5370 78 59%
c - 25.63 75 14 44 198 54048 2 1851217 41516 1.5 14 9 2 8 68%  65 5370 78 59%
c u 25.83 75 14 44 198 54804 2 1859808 47431 1.5 14 9 2 8 69%  67 5367 78 59%
c v 25.90 75 14 44 198 54804 2 1859808 47000 1.5 14 9 2 8 69%  67 5367 78 59%
c w 25.92 75 14 44 198 54804 2 1859808 46936 1.5 14 9 2 8 69%  67 5367 78 59%
c t 25.92 75 14 44 198 54804 2 1859808 46936 1.5 14 9 2 8 69%  66 5367 78 59%
c - 26.00 75 14 44 199 54866 2 1865288 40129 1.5 14 9 2 8 69%  66 5367 78 59%
c - 26.22 75 14 44 200 56001 2 1879394 39818 1.5 14 9 2 8 69%  66 5367 78 59%
c - 26.42 75 14 44 201 56897 2 1893539 39200 1.5 14 9 2 8 69%  66 5367 78 59%
c - 26.65 75 14 44 202 58095 2 1907718 39901 1.5 14 10 2 8 69%  67 5367 78 59%
c s 26.78 75 14 44 202 58546 2 1916908 46884 1.5 14 10 2 8 69%  67 5287 78 59%
c } 26.79 75 14 45 202 58562 2 1917189 47124 1.5 14 10 2 8 69%  67 5287 78 59%
c [ 26.79 75 15 45 202 58562 1 1917189 47124 1.4 15 11 3 11 70%  67 5287 78 59%
c
c seconds   switched      rate           size/glue  tier1    binary     remaining
c        MB   reductions     conflicts         size   tier2    irredundant
c         level     restarts        redundant     glue    trail     variables
c
c B 26.79 75 15 45 202 58562 1 1917189 47124 1.4 15 11 3 11 70%  67 5287 78 59%
c - 26.84 75 15 45 203 58565 1 1921930 39456 1.4 15 11 3 11 70%  67 5287 78 59%
c - 27.02 75 15 45 204 58574 1 1936177 36227 1.4 16 11 3 11 71%  67 5287 78 59%
c - 27.20 75 15 45 205 58577 1 1950459 33526 1.4 16 11 3 11 71%  67 5287 78 59%
c - 27.35 75 15 45 206 58586 1 1964776 31831 1.4 16 11 3 11 71%  67 5287 78 59%
c - 27.51 75 15 45 207 58591 1 1979129 30925 1.4 16 11 3 11 72%  67 5287 78 59%
c - 27.67 75 15 45 208 58592 1 1993517 32398 1.4 16 12 3 11 72%  67 5287 78 59%
c u 27.88 75 15 45 208 58598 1 2007280 41361 1.4 16 11 3 11 72%  67 5287 78 59%
c v 27.93 75 15 45 208 58598 1 2007280 39751 1.4 16 11 3 11 72%  67 5287 78 59%
c w 27.95 75 15 45 208 58598 1 2007280 36965 1.4 16 11 3 11 72%  67 5287 78 59%
c x 27.99 75 15 45 208 58598 1 2007280 36957 1.4 16 11 3 11 72%  67 4904 78 59%
c o 27.99 75 15 45 208 58598 1 2007280 36957 1.4 16 11 3 11 72%  67 4904 78 59%
c - 28.00 75 15 45 209 58598 1 2007939 29870 1.4 16 11 3 11 72%  67 4904 78 59%
c - 28.15 75 15 45 210 58606 1 2022395 33810 1.4 16 11 3 11 72%  67 4904 78 59%
c - 28.33 75 16 45 211 58610 1 2036886 34314 1.4 16 11 3 11 72%  67 4904 78 59%
c W 28.43 75 16 45 211 58614 1 2044657 39856 1.4 16 11 3 11 72%  67 4904 78 59%
c - 28.51 75 16 45 212 58619 1 2051411 34313 1.4 16 11 3 11 73%  67 4904 78 59%
c ] 28.55 75 16 46 212 58621 1 2054595 36648 1.4 16 11 3 11 73%  67 4904 78 59%
c { 28.55 75 14 46 212 58621 2 2054595 36648 1.5 14 10 2 8 69%  67 4904 78 59%
c - 28.71 75 14 46 213 58950 2 2065972 36508 1.5 14 9 2 8 70%  67 4904 78 59%
c
c seconds   switched      rate           size/glue tier1   binary     remaining
c        MB   reductions     conflicts         size  tier2   irredundant
c         level     restarts        redundant    glue   trail     variables
c
c - 28.90 75 14 46 214 59672 2 2080569 38314 1.5 14 9 2 8 70%  67 4904 78 59%
c - 29.09 75 14 46 215 59911 2 2095197 39704 1.5 14 9 2 8 69%  67 4904 78 59%
c - 29.28 75 13 46 216 60194 1 2109860 38965 1.5 13 9 2 8 68%  69 4904 78 59%
c i 29.40 75 13 46 216 60196 1 2119135 44319 1.5 13 9 2 8 68%  79 4904 76 58%
c - 29.47 75 13 46 217 60469 1 2124556 20759 1.5 13 9 2 8 68%  59 4904 76 58%
c - 29.66 75 13 46 218 61568 2 2139286 28802 1.5 13 9 2 8 68%  59 4904 76 58%
c - 29.86 75 13 46 219 62361 2 2154050 34642 1.5 13 9 2 8 68%  59 4904 76 58%
c u 30.04 75 13 46 219 63003 1 2163055 40214 1.4 13 9 2 8 68%  59 4888 76 58%
c v 30.11 75 13 46 219 63003 1 2163055 36604 1.4 13 9 2 8 68%  59 4888 76 58%
c w 30.13 75 13 46 219 63003 1 2163055 36478 1.4 13 9 2 8 68%  59 4888 76 58%
c - 30.22 75 13 46 220 63561 2 2168848 33381 1.4 13 9 2 8 68%  59 4888 76 58%
c } 30.26 75 13 47 220 63767 2 2172639 35975 1.4 13 9 2 8 68%  59 4888 76 58%
c [ 30.26 75 16 47 220 63767 1 2172639 35975 1.4 16 11 3 11 73%  59 4888 76 58%
c I 30.32 75 16 47 220 63772 1 2178897 40403 1.4 16 11 3 11 73%  59 4888 76 58%
c - 30.38 75 16 47 221 63773 1 2183680 34759 1.4 16 12 3 11 73%  59 4888 76 58%
c - 30.55 75 16 47 222 63781 1 2198547 31670 1.4 16 12 3 11 73%  59 4888 76 58%
c - 30.71 75 16 47 223 63787 1 2213446 31012 1.4 16 12 3 11 73%  59 4888 76 58%
c - 30.86 75 16 47 224 63795 1 2228380 31887 1.4 16 12 3 11 72%  59 4888 76 58%
c - 31.02 75 16 47 225 63797 1 2243346 31449 1.4 16 12 3 11 73%  59 4888 76 58%
c - 31.20 75 16 47 226 63799 1 2258346 33600 1.4 16 12 3 11 72%  59 4888 76 58%
c
c seconds   switched      rate           size/glue  tier1    binary     remaining
c        MB   reductions     conflicts         size   tier2    irredundant
c         level     restarts        redundant     glue    trail     variables
c
c - 31.35 75 16 47 227 63808 1 2273380 35224 1.4 16 12 3 11 72%  59 4888 76 58%
c - 31.54 75 16 47 228 63812 1 2288447 35143 1.4 16 12 3 11 71%  59 4888 76 58%
c s 31.61 75 16 47 228 63816 1 2294815 39910 1.4 16 12 3 11 72%  59 4863 76 58%
c e 31.62 76 16 47 228 63816 1 2294815 39910 1.4 16 12 3 11 72%  56 4880 75 57%
c s 31.62 76 16 47 228 63816 1 2294815 39910 1.4 16 12 3 11 72%  56 4879 75 57%
c o 31.62 76 16 47 228 63816 1 2294815 39061 1.4 16 12 3 11 72%  56 4879 75 57%
c - 31.74 76 16 47 229 63820 1 2303548 35340 1.4 16 12 3 11 72%  56 4879 75 57%
c ] 31.82 76 16 48 229 63825 1 2310356 40253 1.4 16 12 3 11 72%  56 4879 75 57%
c { 31.82 76 13 48 229 63825 2 2310356 40253 1.4 13 9 2 8 68%  56 4879 75 57%
c - 31.94 76 13 48 230 64366 2 2318680 34162 1.4 13 9 2 8 68%  56 4879 75 57%
c u 32.05 79 13 48 230 64498 2 2325250 37990 1.4 13 9 2 8 68%  56 4879 75 57%
c v 32.09 80 13 48 230 64498 2 2325250 37586 1.4 13 9 2 8 68%  56 4879 75 57%
c w 32.11 80 13 48 230 64498 2 2325250 37335 1.4 13 9 2 8 68%  56 4879 75 57%
c x 32.14 80 13 48 230 64498 2 2325250 37321 1.4 13 9 2 8 68%  56 4713 75 57%
c - 32.58 81 13 48 231 65170 2 2333846 36409 1.4 13 9 2 8 68%  56 4713 75 57%
c - 32.75 81 13 48 232 65351 1 2349044 38099 1.4 13 9 2 8 68%  56 4713 75 57%
c - 32.96 81 13 48 233 66487 1 2364276 38905 1.4 13 9 2 8 68%  56 4713 75 57%
c - 33.17 81 13 48 234 67366 1 2379543 39359 1.4 13 9 2 8 68%  57 4713 75 57%
c - 33.37 81 13 48 235 67884 1 2394840 39590 1.4 13 9 2 8 68%  58 4713 75 57%
c - 33.58 81 13 48 236 68349 1 2410169 40994 1.5 13 9 2 8 69%  58 4713 75 57%
c
c seconds   switched      rate           size/glue tier1   binary     remaining
c        MB   reductions     conflicts         size  tier2   irredundant
c         level     restarts        redundant    glue   trail     variables
c
c - 33.80 81 12 48 237 69038 1 2425531 40841 1.4 13 9 2 8 69%  59 4713 75 57%
c i 33.94 81 12 48 237 69072 1 2435867 47145 1.4 13 9 2 8 68%  72 4713 74 56%
c } 33.98 81 12 49 237 69319 1 2437966 48757 1.4 13 9 2 8 68%  72 4713 74 56%
c [ 33.98 81 16 49 237 69319 1 2437966 48757 1.4 16 12 3 11 72%  72 4713 74 56%
c B 33.98 81 16 49 237 69319 1 2437966 48757 1.4 16 12 3 11 72%  72 4713 74 56%
c - 34.01 81 16 49 238 69321 1 2440925 23816 1.4 16 12 3 11 72%  58 4713 74 56%
c - 34.16 81 16 49 239 69330 1 2456352 25226 1.4 16 12 3 11 72%  58 4713 74 56%
c - 34.31 81 16 49 240 69334 1 2471811 29772 1.4 16 12 3 11 71%  58 4713 74 56%
c - 34.48 81 15 49 241 69343 1 2487302 33601 1.4 15 11 3 11 71%  58 4713 74 56%
c u 34.59 81 15 49 241 69347 1 2494750 38147 1.4 15 11 3 11 71%  58 4698 74 56%
c v 34.64 81 15 49 241 69347 1 2494750 36448 1.4 15 11 3 11 71%  58 4698 74 56%
c w 34.66 81 15 49 241 69347 1 2494750 32128 1.4 15 11 3 11 71%  58 4698 74 56%
c x 34.70 81 15 49 241 69347 1 2494750 32118 1.4 15 11 3 11 71%  58 4428 74 56%
c - 34.78 81 15 49 242 69348 1 2502826 30200 1.4 15 11 3 10 71%  58 4428 74 56%
c - 34.94 81 15 49 243 69349 1 2518383 30725 1.4 15 11 3 10 71%  58 4428 74 56%
c - 35.10 81 15 49 244 69356 1 2533971 30211 1.4 15 11 2 10 72%  58 4428 74 56%
c - 35.26 81 15 49 245 69364 1 2549592 32541 1.4 15 11 2 10 72%  58 4428 74 56%
c - 35.44 81 14 49 246 69371 1 2565246 35082 1.4 15 11 2 10 72%  58 4428 74 56%
c - 35.62 81 14 49 247 69379 1 2580930 35384 1.4 15 11 2 10 71%  59 4428 74 56%
c W 35.67 81 14 49 247 69379 1 2586156 38976 1.4 15 11 2 10 71%  59 4428 74 56%
c
c seconds   switched      rate           size/glue  tier1    binary     remaining
c        MB   reductions     conflicts         size   tier2    irredundant
c         level     restarts        redundant     glue    trail     variables
c
c o 35.67 81 14 49 247 69379 1 2586156 38976 1.4 15 11 2 10 71%  59 4428 74 56%
c - 35.81 81 15 49 248 69380 1 2596646 32952 1.4 15 11 2 10 72%  59 4428 74 56%
c ] 35.82 81 15 50 248 69380 1 2597359 33436 1.4 15 11 2 10 72%  59 4428 74 56%
c { 35.82 81 12 50 248 69380 1 2597359 33436 1.4 13 9 2 8 68%  59 4428 74 56%
c - 36.01 81 12 50 249 69391 1 2612396 34044 1.4 12 9 2 8 68%  59 4428 74 56%
c - 36.19 81 11 50 250 69428 1 2628177 37561 1.4 12 8 2 8 68%  60 4428 74 56%
c - 36.36 81 11 50 251 69445 1 2643988 38228 1.5 12 8 2 8 69%  62 4428 74 56%
c - 36.55 81 11 50 252 69494 1 2659830 39532 1.5 12 8 2 8 69%  63 4428 74 56%
c i 36.66 81 11 50 252 69494 1 2668925 45110 1.5 11 8 2 8 69%  79 4428 73 55%
c u 36.75 81 11 50 252 69566 1 2672393 34237 1.5 11 8 2 8 69%  79 4419 73 55%
c v 36.80 85 11 50 252 69566 1 2672393 32646 1.5 11 8 2 8 69%  80 4419 73 55%
c w 36.81 85 11 50 252 69566 1 2672393 31818 1.5 11 8 2 8 69%  80 4419 73 55%
c x 36.85 85 11 50 252 69566 1 2672393 31814 1.5 11 8 2 8 69%  80 3500 73 55%
c - 36.90 85 10 50 253 69580 1 2675705 26824 1.5 12 8 2 8 69%  62 3500 73 55%
c - 37.09 85 10 50 254 69660 1 2691610 32772 1.5 11 8 2 8 70%  63 3500 73 55%
c - 37.30 85 10 50 255 69763 1 2707548 38970 1.5 11 8 2 8 70%  64 3500 73 55%
c s 37.45 85 10 50 255 69806 1 2718915 46175 1.5 11 7 2 8 70%  65 3428 73 55%
c e 37.45 85 10 50 255 69806 1 2718915 46175 1.5 11 7 2 8 70%  56 3463 70 53%
c s 37.45 85 10 50 255 69806 1 2718915 46175 1.5 11 7 2 8 70%  56 3424 70 53%
c - 37.51 85 10 50 256 69812 1 2723516 39390 1.5 11 7 2 8 71%  56 3424 70 53%
c
c seconds   switched      rate           size/glue tier1   binary     remaining
c        MB   reductions     conflicts         size  tier2   irredundant
c         level     restarts        redundant    glue   trail     variables
c
c } 37.64 85 10 51 256 69850 1 2734884 46180 1.5 11 7 2 8 71%  60 3424 70 53%
c [ 37.64 85 15 51 256 69850 1 2734884 46180 1.4 15 11 2 10 72%  60 3424 70 53%
c i 37.65 85 15 51 256 69850 1 2735214 46341 1.4 15 11 2 10 72%  68 3424 69 52%
c - 37.70 86 15 51 257 69853 1 2739516 26664 1.4 15 11 2 10 72%  57 3424 69 52%
c O 37.72 86 15 51 257 69855 1 2741517 28041 1.4 15 11 2 10 71%  57 3424 69 52%
c i 37.73 86 15 51 257 69855 1 2743195 29076 1.4 15 11 2 10 71%  63 3424 68 52%
c - 37.88 86 14 51 258 69862 1 2755548 25635 1.4 15 11 2 10 71%  57 3424 68 52%
c i 37.92 86 14 51 258 69863 1 2758637 27461 1.4 14 11 2 10 71%  65 3424 66 50%
c i 38.00 86 14 51 258 69864 1 2765902 32199 1.4 14 10 2 10 71%  73 3424 60 45%
c i 38.03 86 14 51 258 69864 1 2768010 33462 1.4 14 10 2 10 71%  79 3424 57 43%
c i 38.03 86 14 51 258 69864 1 2768108 33520 1.4 14 10 2 10 71%  83 3424 56 42%
c i 38.03 86 14 51 258 69864 1 2768295 33610 1.4 14 10 2 10 71%  88 3424 54 41%
c i 38.03 86 14 51 258 69864 1 2768378 33640 1.4 14 10 2 10 71%  95 3423 53 40%
c i 38.03 86 14 51 258 69864 1 2768406 33651 1.4 14 10 2 10 71%  97 3423 52 39%
c i 38.03 86 14 51 258 69864 1 2768420 33656 1.4 14 10 2 10 71%  99 3423 50 38%
c ] 38.03 86 14 51 258 69864 1 2768424 33655 1.4 14 10 2 10 71% 100 3423 28 21%
c 0 38.03 86 10 51 258 69864 1 2768424 33655 1.5 11 7 2 8 71% 100 3423 28 21%
c
c ---- [ result ] ------------------------------------------------------------
c
s UNSATISFIABLE
c
c ---- [ profiling ] ---------------------------------------------------------
c
c          34.54   90.82 %  search
c          18.06   47.48 %  focused
c          16.48   43.34 %  stable
c           3.47    9.11 %  simplify
c           3.27    8.59 %  probe
c           2.56    6.74 %  vivify
c           0.64    1.68 %  reduce
c           0.60    1.59 %  sweep
c           0.19    0.49 %  eliminate
c           0.15    0.39 %  subsume
c           0.07    0.17 %  substitute
c           0.03    0.09 %  walking
c           0.02    0.06 %  factor
c           0.02    0.06 %  preprocess
c           0.00    0.01 %  congruence
c           0.00    0.01 %  parse
c           0.00    0.01 %  transitive
c           0.00    0.00 %  lucky
c           0.00    0.00 %  backbone
c =============================================
c          38.03  100.00 %  total
c
c ---- [ statistics ] --------------------------------------------------------
c
c conflicts:                          2768424            72790.54 per second
c decisions:                          3743675                1.35 per conflict
c eliminated:                             208              158 %  variables
c factored:                               163              123 %  variables
c iterations:                              25               19 %  variables
c propagations:                      38815169          1020572    per second
c reductions:                             258            10730    interval
c reordered:                               21           131830    interval
c rephased:                                36            76901    interval
c restarts:                             69864               40    interval
c strengthened:                           146                0 %  checks
c subsumed:                               315                0 %  checks
c switched:                                51            54283    interval
c vivified:                             82881               56 %  checks
c walks:                                   12           230702    interval
c
c ---- [ glue usage ] --------------------------------------------------------
c
c focused glue 2   used 1962064 clauses 21.56% accumulated 53.57% tier1
c focused glue 3   used 1189385 clauses 13.07% accumulated 66.64%
c focused glue 4-6 used 1670205 clauses 18.35% accumulated 84.99%
c focused glue 7   used  387034 clauses  4.25% accumulated 89.25%
c focused glue 8   used  300323 clauses  3.30% accumulated 92.55% tier2
c
c stable glue 2   used 2192260 clauses 19.42% accumulated 50.52% tier1
c stable glue 3   used 1151183 clauses 10.20% accumulated 60.72%
c stable glue 4-8 used 2706217 clauses 23.98% accumulated 84.69%
c stable glue 9   used  341821 clauses  3.03% accumulated 87.72%
c stable glue 10  used  284063 clauses  2.52% accumulated 90.24% tier2
c
c ---- [ resources ] ---------------------------------------------------------
c
c maximum-resident-set-size:      91838480384 bytes      87584 MB
c process-time:                            38s              38.03 seconds
c
c ---- [ shutting down ] -----------------------------------------------------
c
c exit 20
