c ---- [ banner ] ------------------------------------------------------------
c
c Kissat SAT Solver
c 
c Copyright (c) 2021-2024 Armin Biere University of Freiburg
c Copyright (c) 2019-2021 Armin Biere Johannes Kepler University Linz
c 
c Version 4.0.4 8af8e56f174b778aef3aa45af9f739b2a5f492c2
c Apple clang version 17.0.0 (clang-1700.6.3.2) -W -Wall -O3 -DNDEBUG
c Mon Mar 30 18:25:47 CEST 2026 Darwin Mac 24.6.0 arm64
c
c ---- [ parsing ] -----------------------------------------------------------
c
c opened and reading DIMACS file:
c
c   tmp.cnf
c
c parsed 'p cnf 120 12376' header
c closing input after reading 283803 bytes (277 KB)
c finished parsing after 0.00 seconds
c
c ---- [ solving ] -----------------------------------------------------------
c
c seconds switched rate     size/glue tier1 binary       remaining
c        MB reductions conflicts size  tier2   irredundant
c         level restarts redundant glue  trail       variables
c
c *  0.00  4 0 0 0  0 0   0   0 0.0 0 0 0 0 0%   0 12376 116 100%
c (  0.00  4 0 0 0  0 0   0   0 0.0 0 0 0 0 0%   0 12376 116 100%
c .  0.00  4 0 0 0  0 0   0   0 0.0 0 0 0 0 0%   0 12376 116 100%
c f  0.02  5 0 0 0  0 0   0   0 0.0 0 0 0 0 0% 220 8516 226 195%
c )  0.02  5 0 0 0  0 0   0   0 0.0 0 0 0 0 0% 220 8516 226 195%
c {  0.02  5 0 0 0  0 0   0   0 0.0 0 0 2 6 0% 220 8516 226 195%
c -  0.02  6 23 0 1  9 2 1000 605 1.4 13 9 7 14 47% 220 8516 226 195%
c }  0.02  6 23 1 1  9 2 1000 605 1.4 13 9 7 14 47% 220 8516 226 195%
c [  0.02  6 0 1 1  9 0 1000 605 0.0 0 0 2 6 0% 220 8516 226 195%
c B  0.02  6 69 1 1  9 18 1003 608 1.3 10 8 2 6 88% 220 8516 226 195%
c ]  0.03  6 76 2 1  9 1 1879 1345 1.6 15 9 7 11 89% 222 8516 226 195%
c {  0.03  6 23 2 1  9 2 1879 1345 1.4 13 9 7 14 47% 222 8516 226 195%
c i  0.03  6 24 2 1  9 2 1902 1364 1.4 13 9 7 14 48% 222 8516 225 194%
c -  0.03  6 24 2 2 11 2 2001 1369 1.4 13 9 7 14 47% 218 8516 225 194%
c i  0.03  6 21 2 2 35 2 2355 1678 1.5 13 9 7 13 45% 218 8516 224 193%
c }  0.03  6 19 3 2 35 2 2879 2124 1.5 13 9 7 13 44% 218 8516 224 193%
c [  0.03  6 76 3 2 35 1 2879 2124 1.6 15 9 7 11 89% 218 8516 224 193%
c W  0.03  6 76 3 2 35 1 2879 2124 1.6 15 9 7 11 89% 216 8516 224 193%
c u  0.04  6 69 3 2 35 1 3004 2180 1.5 15 10 7 11 83% 216 8516 224 193%
c v  0.04  6 69 3 2 35 1 3004 2161 1.5 15 10 7 11 83% 216 8516 224 193%
c
c seconds  switched rate       size/glue  tier1    binary      remaining
c        MB reductions conflicts     size   tier2    irredundant
c         level restarts  redundant     glue    trail      variables
c
c w  0.04  6 69 3 2 35 1 3004 2151 1.5 15 10 7 11 83% 216 8516 224 193%
c f  0.04  6 69 3 2 35 1 3004 2151 1.5 15 10 7 11 83% 258 8415 244 210%
c u  0.05  6 69 3 2 35 1 3004 2059 1.5 15 10 7 11 83% 258 8415 244 210%
c v  0.05  6 69 3 2 35 1 3004 2048 1.5 15 10 7 11 83% 258 8415 244 210%
c w  0.05  6 69 3 2 35 1 3004 2043 1.5 15 10 7 11 83% 258 8415 244 210%
c -  0.06  6 55 3 3 35 1 3416 2211 1.4 15 10 7 13 70% 258 8415 244 210%
c ]  0.06  6 44 4 3 36 1 3970 2684 1.4 15 10 7 13 61% 258 8415 244 210%
c {  0.06  6 19 4 3 36 2 3970 2684 1.5 13 9 7 13 44% 258 8415 244 210%
c i  0.06  6 19 4 3 38 2 4252 2917 1.5 13 9 7 13 44% 258 8415 243 209%
c i  0.06  6 19 4 3 38 2 4296 2955 1.6 13 9 7 13 44% 259 8415 242 209%
c -  0.07  7 19 4 4 100 2 5149 3252 1.6 14 8 6 12 45% 255 8415 242 209%
c }  0.08  7 19 5 4 168 2 6323 4270 1.7 14 8 6 12 44% 256 8415 242 209%
c [  0.08  7 44 5 4 168 1 6323 4270 1.4 15 10 7 13 61% 256 8415 242 209%
c I  0.08  7 44 5 4 168 1 6323 4270 1.4 15 10 7 13 61% 256 8415 242 209%
c -  0.09  7 37 5 5 168 1 7149 4244 1.4 14 10 6 12 54% 256 8415 242 209%
c ]  0.10  7 29 6 5 170 1 9008 5688 1.4 14 10 6 12 46% 257 8415 242 209%
c {  0.10  7 19 6 5 170 2 9008 5688 1.7 14 8 6 12 44% 257 8415 242 209%
c i  0.10  7 19 6 5 171 2 9031 5708 1.7 14 8 6 12 44% 257 8415 241 208%
c u  0.10  8 19 6 5 171 2 9259 5881 1.7 14 8 6 12 44% 257 8415 241 208%
c v  0.10  8 19 6 5 171 2 9259 5880 1.7 14 8 6 12 44% 257 8415 241 208%
c
c seconds  switched  rate       size/glue tier1    binary      remaining
c        MB reductions conflicts      size  tier2    irredundant
c         level restarts   redundant    glue    trail      variables
c
c w  0.10  8 19 6 5 171 2 9259 5855 1.7 14 8 6 12 44% 257 8415 241 208%
c f  0.11  8 19 6 5 171 2 9259 5855 1.7 14 8 6 12 44% 263 8406 244 210%
c u  0.11  8 19 6 5 171 2 9259 5813 1.7 14 8 6 12 44% 263 8406 244 210%
c v  0.11  8 19 6 5 171 2 9259 5794 1.7 14 8 6 12 44% 263 8406 244 210%
c w  0.11  8 19 6 5 171 2 9259 5747 1.7 14 8 6 12 44% 263 8406 244 210%
c -  0.12  8 19 6 6 171 2 9385 4876 1.7 14 8 5 11 44% 260 8406 244 210%
c i  0.12  8 18 6 6 171 2 10386 5637 1.8 14 8 5 11 43% 260 8406 243 209%
c o  0.12  8 18 6 6 171 2 10386 5637 1.8 14 8 5 11 43% 260 8406 243 209%
c i  0.12  8 18 6 6 171 2 10435 5678 1.8 14 8 5 11 43% 266 8406 242 209%
c -  0.14  8 17 6 7 201 2 11834 5724 1.8 14 8 4 9 43% 263 8406 242 209%
c }  0.15  8 16 7 7 201 2 13077 6814 1.9 14 7 4 9 42% 263 8406 242 209%
c [  0.15  8 29 7 7 201 1 13077 6814 1.4 14 10 6 12 46% 263 8406 242 209%
c B  0.15  8 29 7 7 201 1 13077 6814 1.4 14 10 6 12 46% 263 8406 242 209%
c -  0.16  8 26 7 8 202 1 14479 6459 1.3 14 11 5 12 44% 263 8406 242 209%
c s  0.17  8 26 7 8 202 1 15019 6860 1.3 14 11 5 12 43% 263 8392 242 209%
c e  0.17  8 26 7 8 202 1 15019 6860 1.3 14 11 5 12 43% 124 3790 112 97%
c ^  0.18  8 26 7 8 202 1 15019 6860 1.3 14 11 5 12 43% 124 3790 112 97%
c -  0.19  9 23 7 9 204 1 17308 4795 1.3 15 11 5 12 48% 124 3790 112 97%
c W  0.20  9 22 7 9 205 1 18608 5768 1.3 15 11 5 12 50% 124 3790 112 97%
c u  0.21 10 22 7 9 205 1 18972 5952 1.3 15 11 5 12 51% 124 3790 112 97%
c
c seconds  switched  rate        size/glue  tier1    binary      remaining
c        MB reductions conflicts       size   tier2    irredundant
c         level restarts    redundant     glue    trail      variables
c
c v  0.21 10 22 7 9 205 1 18972 5931 1.3 15 11 5 12 51% 124 3790 112 97%
c w  0.21 10 22 7 9 205 1 18972 5922 1.3 15 11 5 12 51% 124 3790 112 97%
c ]  0.22 10 22 8 9 205 1 18973 5923 1.3 15 11 5 12 51% 124 3790 112 97%
c {  0.22 10 16 8 9 205 2 18973 5923 1.9 14 7 4 9 42% 124 3790 112 97%
c -  0.23 10 16 8 10 356 2 20308 5994 1.9 14 7 4 8 46% 125 3790 112 97%
c o  0.23 10 16 8 10 357 2 20429 6099 1.9 14 7 4 8 46% 125 3790 112 97%
c -  0.27 10 16 8 11 868 2 23470 7132 1.8 14 8 3 8 52% 126 3790 112 97%
c }  0.28 11 16 9 11 1007 2 25132 8479 1.8 14 8 3 8 54% 126 3790 112 97%
c [  0.28 11 22 9 11 1007 1 25132 8479 1.3 15 11 5 12 51% 126 3790 112 97%
c O  0.29 11 22 9 11 1007 1 26136 9296 1.3 15 11 5 12 52% 126 3790 112 97%
c -  0.29 11 21 9 12 1008 1 26786 8100 1.3 14 11 5 12 53% 126 3790 112 97%
c -  0.32 11 19 9 13 1010 1 30251 8682 1.4 14 10 5 11 57% 127 3790 112 97%
c ]  0.33 11 19 10 13 1012 1 31900 10018 1.4 14 10 5 11 58% 127 3790 112 97%
c {  0.33 11 16 10 13 1012 2 31900 10018 1.8 14 8 3 8 54% 127 3790 112 97%
c s  0.34 11 16 10 13 1015 2 31968 10066 1.8 14 8 3 8 54% 127 3789 112 97%
c e  0.34 11 16 10 13 1015 2 31968 10066 1.8 14 8 3 8 54% 114 3811 99 85%
c s  0.34 11 16 10 13 1015 2 31968 10066 1.8 14 8 3 8 54% 114 3809 99 85%
c ^  0.34 11 16 10 13 1015 2 31968 10066 1.8 14 8 3 8 54% 114 3809 99 85%
c -  0.36 12 16 10 14 1215 2 33860 8241 1.8 14 8 3 8 56% 116 3809 99 85%
c u  0.36 12 16 10 14 1215 2 34058 8365 1.8 14 8 3 8 57% 116 3809 99 85%
c
c seconds   switched    rate        size/glue tier1   binary     remaining
c        MB   reductions  conflicts       size  tier2   irredundant
c         level    restarts    redundant    glue   trail     variables
c
c v  0.37 12 16 10 14 1215 2 34058 8317 1.8 14 8 3 8 57% 116 3809 99 85%
c w  0.37 12 16 10 14 1215 2 34058 8273 1.8 14 8 3 8 57% 116 3809 99 85%
c x  0.37 12 16 10 14 1215 2 34058 8271 1.8 14 8 3 8 57% 116 3804 99 85%
c t  0.37 12 16 10 14 1215 2 34058 8271 1.8 14 8 3 8 57% 115 3804 99 85%
c f  0.37 12 16 10 14 1215 2 34058 8271 1.8 14 8 3 8 57% 109 3804 101 87%
c u  0.38 12 16 10 14 1215 2 34058 8211 1.8 14 8 3 8 57% 109 3804 101 87%
c v  0.38 12 16 10 14 1215 2 34058 8175 1.8 14 8 3 8 57% 109 3804 101 87%
c w  0.38 12 16 10 14 1215 2 34058 8104 1.8 14 8 3 8 57% 109 3804 101 87%
c -  0.42 13 16 10 15 1646 2 37601 9359 1.8 14 8 3 8 59% 110 3804 101 87%
c }  0.45 13 16 11 15 2019 2 40527 11791 1.8 14 8 3 8 61% 110 3804 101 87%
c [  0.45 13 19 11 15 2019 1 40527 11791 1.4 14 10 5 11 58% 110 3804 101 87%
c B  0.45 13 19 11 15 2019 1 40527 11791 1.4 14 10 5 11 58% 110 3804 101 87%
c o  0.45 13 19 11 15 2019 1 40527 11791 1.4 14 10 5 11 58% 110 3804 101 87%
c -  0.46 13 19 11 16 2019 1 41473 10443 1.4 14 10 5 11 59% 110 3804 101 87%
c -  0.49 13 18 11 17 2022 1 45473 10318 1.4 15 11 4 11 61% 110 3804 101 87%
c -  0.52 13 18 11 18 2025 1 49596 10327 1.4 15 10 4 11 62% 110 3804 101 87%
c ]  0.53 13 17 12 18 2025 1 51870 12088 1.4 14 10 4 11 62% 111 3804 101 87%
c {  0.53 13 16 12 18 2025 2 51870 12088 1.8 14 8 3 8 61% 111 3804 101 87%
c u  0.55 13 16 12 18 2169 2 53484 13378 1.8 14 8 3 8 62% 111 3804 101 87%
c v  0.56 14 16 12 18 2169 2 53484 13356 1.8 14 8 3 8 62% 111 3804 101 87%
c
c seconds   switched    rate         size/glue tier1   binary      remaining
c        MB   reductions  conflicts        size  tier2   irredundant
c         level    restarts     redundant    glue   trail      variables
c
c w  0.56 14 16 12 18 2169 2 53484 13354 1.8 14 8 3 8 62% 111 3804 101 87%
c x  0.56 14 16 12 18 2169 2 53484 13354 1.8 14 8 3 8 62% 111 3802 101 87%
c -  0.57 14 16 12 19 2185 2 53838 11460 1.8 14 8 3 8 62% 111 3802 101 87%
c -  0.61 14 16 12 20 2342 2 58196 12807 1.8 14 8 3 8 63% 112 3802 101 87%
c -  0.67 14 16 12 21 2707 2 62670 13679 1.8 14 8 3 8 63% 112 3802 101 87%
c }  0.67 14 15 13 21 2708 2 63349 14217 1.8 14 8 3 8 63% 112 3802 101 87%
c [  0.67 14 17 13 21 2708 1 63349 14217 1.4 14 10 4 11 62% 112 3802 101 87%
c W  0.67 15 17 13 21 2708 1 63349 14217 1.4 14 10 4 11 62% 112 3802 101 87%
c -  0.70 16 17 13 22 2710 1 67253 13525 1.4 14 10 4 10 63% 112 3802 101 87%
c s  0.71 16 17 13 22 2712 1 68701 14617 1.4 15 10 4 10 63% 112 3799 101 87%
c e  0.72 16 17 13 22 2712 1 68701 14617 1.4 15 10 4 10 63%  99 3823 92 79%
c ^  0.72 16 17 13 22 2712 1 68701 14617 1.4 15 10 4 10 63%  99 3823 92 79%
c -  0.74 16 17 13 23 2714 1 71943 10509 1.4 15 10 4 10 63%  99 3823 92 79%
c -  0.78 17 16 13 24 2715 1 76738 11757 1.4 15 10 3 10 63%  99 3823 92 79%
c u  0.80 18 16 13 24 2716 1 77386 12106 1.4 14 10 3 10 63%  99 3823 92 79%
c v  0.80 18 16 13 24 2716 1 77386 11979 1.4 14 10 3 10 63%  99 3823 92 79%
c w  0.81 18 16 13 24 2716 1 77386 11958 1.4 14 10 3 10 63%  99 3823 92 79%
c o  0.83 19 16 13 24 2716 1 77386 11958 1.4 14 10 3 10 63%  99 3823 92 79%
c I  0.84 19 16 13 24 2717 1 78253 12610 1.4 14 10 3 10 64%  99 3823 92 79%
c ]  0.84 19 16 14 24 2717 1 78674 12867 1.4 14 10 3 10 64%  99 3823 92 79%
c
c seconds   switched    rate         size/glue tier1   binary     remaining
c        MB   reductions  conflicts        size  tier2   irredundant
c         level    restarts     redundant    glue   trail     variables
c
c {  0.84 19 15 14 24 2717 2 78674 12867 1.8 14 8 3 8 63%  99 3823 92 79%
c -  0.88 19 15 14 25 3043 2 81639 12999 1.7 14 8 3 8 63%  99 3823 92 79%
c -  0.94 19 15 14 26 3741 2 86640 14312 1.7 14 8 3 8 63% 100 3823 92 79%
c -  1.01 20 15 14 27 4449 2 91740 15151 1.7 14 8 3 8 63% 101 3823 92 79%
c }  1.03 20 15 15 27 4518 2 93391 16256 1.7 13 8 3 8 63% 104 3823 92 79%
c [  1.03 20 16 15 27 4518 1 93391 16256 1.4 14 10 3 10 64% 104 3823 92 79%
c B  1.04 20 16 15 27 4520 1 96056 18059 1.4 14 10 3 10 64% 104 3823 92 79%
c -  1.06 20 16 15 28 4520 1 96938 15390 1.4 14 10 3 10 64% 104 3823 92 79%
c -  1.11 20 16 15 29 4524 1 102230 14905 1.4 14 10 3 10 64% 104 3823 92 79%
c u  1.15 20 16 15 29 4525 1 105920 17062 1.4 14 10 3 10 64% 104 3823 92 79%
c v  1.16 23 16 15 29 4525 1 105920 16978 1.4 14 10 3 10 64% 104 3823 92 79%
c w  1.16 23 16 15 29 4525 1 105920 16687 1.4 14 10 3 10 64% 104 3823 92 79%
c -  1.18 23 16 15 30 4526 1 107615 13744 1.4 14 10 3 10 64% 104 3823 92 79%
c -  1.23 23 15 15 31 4530 1 113092 14036 1.4 14 10 3 10 64% 104 3823 92 79%
c ]  1.23 23 15 16 31 4530 1 113861 14477 1.4 14 10 3 10 64% 104 3823 92 79%
c {  1.23 23 15 16 31 4530 2 113861 14477 1.7 13 8 3 8 63% 104 3823 92 79%
c -  1.28 23 15 16 32 4807 2 118659 15339 1.6 13 8 3 8 62% 105 3823 92 79%
c o  1.29 23 14 16 32 4847 2 119253 15739 1.6 13 8 3 8 62% 106 3823 92 79%
c -  1.35 23 14 16 33 5482 2 124316 16542 1.6 13 8 3 8 62% 106 3823 92 79%
c s  1.38 23 14 16 33 5552 2 127874 18764 1.6 13 8 3 8 62% 106 3822 92 79%
c
c seconds   switched    rate          size/glue tier1   binary     remaining
c        MB   reductions  conflicts         size  tier2   irredundant
c         level    restarts      redundant    glue   trail     variables
c
c e  1.38 23 14 16 33 5552 2 127874 18764 1.6 13 8 3 8 62% 100 3843 87 75%
c ^  1.38 23 14 16 33 5552 2 127874 18764 1.6 13 8 3 8 62% 100 3843 87 75%
c i  1.40 23 14 16 33 5716 2 129496 18965 1.6 13 8 3 8 62% 100 3843 86 74%
c -  1.41 23 14 16 34 5749 2 130060 16084 1.6 13 8 3 8 62%  92 3843 86 74%
c }  1.43 23 14 17 34 5797 2 132198 17485 1.6 13 8 3 7 62%  92 3843 86 74%
c [  1.43 23 15 17 34 5797 1 132198 17485 1.4 14 10 3 10 64%  92 3843 86 74%
c W  1.43 23 15 17 34 5797 1 132198 17485 1.4 14 10 3 10 64%  92 3843 86 74%
c -  1.46 25 15 17 35 5799 1 135891 16974 1.4 14 10 3 10 64%  92 3843 86 74%
c u  1.49 26 15 17 35 5802 1 139260 19349 1.4 14 10 3 10 64%  92 3843 86 74%
c v  1.50 26 15 17 35 5802 1 139260 19062 1.4 14 10 3 10 64%  92 3843 86 74%
c w  1.50 26 15 17 35 5802 1 139260 18997 1.4 14 10 3 10 64%  92 3843 86 74%
c x  1.51 26 15 17 35 5802 1 139260 18996 1.4 14 10 3 10 64%  92 3797 86 74%
c -  1.53 27 15 17 36 5803 1 141808 16886 1.4 14 10 3 10 64%  92 3797 86 74%
c -  1.58 27 15 17 37 5806 1 147808 16678 1.4 14 10 3 10 64%  92 3797 86 74%
c -  1.64 27 15 17 38 5810 1 153890 17098 1.4 14 10 3 10 64%  92 3797 86 74%
c ]  1.65 27 15 18 38 5810 1 155415 18065 1.4 14 10 3 10 64%  92 3797 86 74%
c {  1.65 27 14 18 38 5810 2 155415 18065 1.6 13 8 3 7 62%  92 3797 86 74%
c -  1.70 27 13 18 39 5831 2 160054 18413 1.6 13 8 3 7 62%  92 3797 86 74%
c -  1.77 27 13 18 40 5844 2 166298 19760 1.6 13 8 3 7 62%  92 3797 86 74%
c -  1.83 27 13 18 41 5844 2 172623 19862 1.6 12 8 3 7 63%  93 3797 86 74%
c
c seconds   switched    rate          size/glue tier1   binary     remaining
c        MB   reductions  conflicts         size  tier2   irredundant
c         level    restarts      redundant    glue   trail     variables
c
c u  1.89 27 12 18 41 5844 2 177572 22994 1.6 12 8 3 7 63%  93 3797 86 74%
c v  1.91 27 12 18 41 5844 2 177572 22793 1.6 12 8 3 7 63%  93 3797 86 74%
c w  1.91 27 12 18 41 5844 2 177572 22699 1.6 12 8 3 7 63%  93 3797 86 74%
c o  1.91 27 12 18 41 5844 2 177572 22699 1.6 12 8 3 7 63%  93 3797 86 74%
c }  1.92 27 12 19 41 5845 2 177761 22869 1.6 12 8 3 7 63%  93 3797 86 74%
c [  1.92 27 15 19 41 5845 1 177761 22869 1.4 14 10 3 10 64%  93 3797 86 74%
c O  1.92 27 15 19 41 5845 1 177761 22869 1.4 14 10 3 10 64%  93 3797 86 74%
c -  1.93 27 15 19 42 5846 1 179026 19926 1.4 14 10 3 10 64%  93 3797 86 74%
c -  2.00 27 14 19 43 5850 1 185508 20301 1.4 14 10 3 10 63%  93 3797 86 74%
c i  2.04 27 14 19 43 5851 1 189468 22458 1.4 13 10 3 10 63% 100 3797 85 73%
c -  2.06 27 14 19 44 5853 1 192065 11650 1.4 13 10 3 9 63%  91 3797 85 73%
c -  2.11 27 14 19 45 5858 1 198699 13752 1.4 13 10 3 9 63%  91 3797 85 73%
c ]  2.12 27 14 20 45 5858 1 200435 14931 1.4 13 10 3 9 63%  91 3797 85 73%
c {  2.12 27 12 20 45 5858 2 200435 14931 1.6 12 8 3 7 63%  91 3797 85 73%
c -  2.18 27 12 20 46 6114 2 205408 16495 1.6 12 8 3 7 63%  91 3797 85 73%
c s  2.25 27 12 20 46 6368 2 211877 20896 1.6 12 8 3 7 63%  91 3769 85 73%
c e  2.25 27 12 20 46 6368 2 211877 20896 1.6 12 8 3 7 63%  87 3805 80 69%
c ^  2.25 27 12 20 46 6368 2 211877 20896 1.6 12 8 3 7 63%  87 3805 80 69%
c -  2.26 28 12 20 47 6371 2 212190 15690 1.6 12 8 2 7 63%  87 3805 80 69%
c -  2.32 28 12 20 48 6408 2 219045 16235 1.5 12 7 2 7 63%  99 3805 80 69%
c
c seconds   switched    rate          size/glue tier1   binary     remaining
c        MB   reductions  conflicts         size  tier2   irredundant
c         level    restarts      redundant    glue   trail     variables
c
c i  2.32 28 12 20 48 6408 2 219095 16252 1.5 12 7 2 7 63% 105 3805 79 68%
c u  2.35 28 12 20 48 6535 2 220940 11560 1.5 12 7 2 7 63% 113 3795 79 68%
c v  2.36 28 12 20 48 6535 2 220940 11111 1.5 12 7 2 7 63% 113 3795 79 68%
c w  2.37 28 12 20 48 6535 2 220940 10974 1.5 12 7 2 7 63% 113 3795 79 68%
c x  2.37 28 12 20 48 6535 2 220940 10898 1.5 12 7 2 7 63% 113 2991 79 68%
c t  2.38 28 12 20 48 6535 2 220940 10898 1.5 12 7 2 7 63% 111 2991 79 68%
c -  2.42 29 11 20 49 6613 2 225976 11803 1.5 11 7 2 7 63%  93 2991 79 68%
c }  2.43 29 11 21 49 6613 2 227176 12400 1.5 11 7 2 7 63%  96 2991 79 68%
c [  2.43 29 14 21 49 6613 1 227176 12400 1.4 13 10 3 9 63%  96 2991 79 68%
c B  2.43 29 14 21 49 6613 1 227176 12400 1.4 13 10 3 9 63%  96 2991 79 68%
c i  2.48 29 13 21 49 6617 1 232940 15957 1.4 13 10 3 9 63% 106 2991 78 67%
c -  2.48 29 13 21 50 6617 1 232976 9611 1.4 13 10 3 9 63% 109 2489 78 67%
c i  2.51 29 13 21 50 6619 1 238158 12948 1.4 13 9 3 9 63% 117 2489 76 66%
c o  2.51 29 13 21 50 6619 1 238158 12948 1.4 13 9 3 9 63% 117 2489 76 66%
c -  2.53 29 13 21 51 6620 1 240047 9570 1.4 13 9 3 9 62% 101 2489 76 66%
c i  2.54 29 13 21 51 6621 1 241195 10130 1.4 13 9 3 9 62% 108 2489 57 49%
c ]  2.54 29 13 21 51 6621 1 241203 10130 1.4 13 9 3 9 62% 109 2489 39 34%
c 0  2.54 29 11 21 51 6621 2 241203 10130 1.5 11 7 2 7 63% 109 2489 39 34%
c
c ---- [ result ] ------------------------------------------------------------
c
s UNSATISFIABLE
c
c ---- [ profiling ] ---------------------------------------------------------
c
c           2.22   87.60 %  search
c           1.21   47.59 %  focused
c           1.01   40.01 %  stable
c           0.30   11.71 %  simplify
c           0.27   10.71 %  probe
c           0.20    8.07 %  vivify
c           0.05    2.02 %  reduce
c           0.05    1.78 %  sweep
c           0.04    1.50 %  eliminate
c           0.02    0.98 %  subsume
c           0.01    0.59 %  preprocess
c           0.01    0.42 %  substitute
c           0.01    0.36 %  factor
c           0.00    0.09 %  walking
c           0.00    0.07 %  parse
c           0.00    0.05 %  congruence
c           0.00    0.02 %  lucky
c           0.00    0.02 %  transitive
c           0.00    0.01 %  backbone
c =============================================
c           2.54  100.00 %  total
c
c ---- [ statistics ] --------------------------------------------------------
c
c conflicts:                           241203            95086.55 per second
c decisions:                           329957                1.37 per conflict
c eliminated:                             162              140 %  variables
c factored:                               135              116 %  variables
c iterations:                              14               12 %  variables
c propagations:                       3893209          1534773    per second
c reductions:                              51             4729    interval
c reordered:                                7            34458    interval
c rephased:                                13            18554    interval
c restarts:                              6621               36    interval
c strengthened:                            23                0 %  checks
c subsumed:                                44                0 %  checks
c switched:                                21            11486    interval
c vivified:                              7214               54 %  checks
c walks:                                    4            60301    interval
c
c ---- [ glue usage ] --------------------------------------------------------
c
c focused glue 2   used 146031 clauses 19.97% accumulated 51.17% tier1
c focused glue 3   used 111764 clauses 15.28% accumulated 66.45%
c focused glue 4-5 used 117525 clauses 16.07% accumulated 82.52%
c focused glue 6   used  40776 clauses  5.58% accumulated 88.09%
c focused glue 7   used  30960 clauses  4.23% accumulated 92.32% tier2
c
c stable glue 3   used 118030 clauses 13.99% accumulated 59.96% tier1
c stable glue 4   used  76374 clauses  9.05% accumulated 69.02%
c stable glue 5-7 used 134814 clauses 15.98% accumulated 85.00%
c stable glue 8   used  29510 clauses  3.50% accumulated 88.50%
c stable glue 9   used  23415 clauses  2.78% accumulated 91.28% tier2
c
c ---- [ resources ] ---------------------------------------------------------
c
c maximum-resident-set-size:      30685528064 bytes      29264 MB
c process-time:                             3s               2.54 seconds
c
c ---- [ shutting down ] -----------------------------------------------------
c
c exit 20
