c ---- [ banner ] ------------------------------------------------------------
c
c Kissat SAT Solver
c 
c Copyright (c) 2021-2024 Armin Biere University of Freiburg
c Copyright (c) 2019-2021 Armin Biere Johannes Kepler University Linz
c 
c Version 4.0.4 8af8e56f174b778aef3aa45af9f739b2a5f492c2
c Apple clang version 17.0.0 (clang-1700.6.3.2) -W -Wall -O3 -DNDEBUG
c Mon Mar 30 18:25:47 CEST 2026 Darwin Mac 24.6.0 arm64
c
c ---- [ parsing ] -----------------------------------------------------------
c
c opened and reading DIMACS file:
c
c   tmp.cnf
c
c parsed 'p cnf 105 4368' header
c closing input after reading 94328 bytes (92 KB)
c finished parsing after 0.00 seconds
c
c ---- [ solving ] -----------------------------------------------------------
c
c seconds switched rate     size/glue tier1 binary      remaining
c        MB reductions conflicts size  tier2  irredundant
c         level restarts redundant glue  trail      variables
c
c *  0.00  2 0 0 0  0 0   0   0 0.0 0 0 0 0 0%   0 4368 103 100%
c (  0.00  3 0 0 0  0 0   0   0 0.0 0 0 0 0 0%   0 4368 103 100%
c .  0.00  3 0 0 0  0 0   0   0 0.0 0 0 0 0 0%   0 4368 103 100%
c f  0.01  3 0 0 0  0 0   0   0 0.0 0 0 0 0 0% 172 3201 181 176%
c )  0.01  3 0 0 0  0 0   0   0 0.0 0 0 0 0 0% 172 3201 181 176%
c {  0.01  3 0 0 0  0 0   0   0 0.0 0 0 2 6 0% 172 3201 181 176%
c -  0.02  3 18 0 1 116 2 1000 606 1.5 11 8 7 9 63% 176 3198 181 176%
c }  0.02  3 18 1 1 116 2 1000 606 1.5 11 8 7 9 63% 176 3198 181 176%
c [  0.02  3 0 1 1 116 0 1000 606 0.0 0 0 2 6 0% 176 3198 181 176%
c B  0.02  3 41 1 1 116 11 1003 609 2.2 18 8 2 6 89% 176 3198 181 176%
c ]  0.02  4 18 2 1 116 1 1404 917 2.0 16 8 6 11 62% 176 3198 181 176%
c {  0.02  4 18 2 1 116 2 1404 917 1.5 11 8 7 9 63% 176 3198 181 176%
c -  0.02  4 15 2 2 133 2 2000 1431 1.9 13 7 6 8 63% 176 3198 181 176%
c }  0.02  4 14 3 2 135 2 2404 1796 2.0 14 7 6 8 64% 176 3198 181 176%
c [  0.02  4 18 3 2 135 1 2404 1796 2.0 16 8 6 11 62% 176 3198 181 176%
c W  0.02  4 18 3 2 135 1 2404 1796 2.0 16 8 6 11 62% 176 3198 181 176%
c ]  0.03  4 18 4 2 135 1 3169 2361 1.5 17 11 6 11 61% 177 3197 181 176%
c {  0.03  4 14 4 2 135 2 3169 2361 2.0 14 7 6 8 64% 177 3197 181 176%
c -  0.03  4 14 4 3 210 2 3415 2227 1.9 14 7 6 9 64% 177 3197 181 176%
c u  0.04  4 14 4 3 230 2 3475 2252 1.9 14 7 6 9 64% 177 3197 181 176%
c
c seconds  switched  rate       size/glue tier1   binary      remaining
c        MB reductions conflicts      size  tier2   irredundant
c         level restarts   redundant    glue   trail      variables
c
c v  0.04  4 14 4 3 230 2 3475 2238 1.9 14 7 6 9 64% 177 3197 181 176%
c w  0.04  4 14 4 3 230 2 3475 2235 1.9 14 7 6 9 64% 177 3197 181 176%
c f  0.04  4 14 4 3 230 2 3475 2235 1.9 14 7 6 9 64% 196 3166 192 186%
c u  0.04  4 14 4 3 230 2 3475 2201 1.9 14 7 6 9 64% 196 3166 192 186%
c v  0.05  5 14 4 3 230 2 3475 2186 1.9 14 7 6 9 64% 196 3166 192 186%
c w  0.05  5 14 4 3 230 2 3475 2184 1.9 14 7 6 9 64% 196 3166 192 186%
c -  0.06  5 14 4 4 406 2 5150 3031 2.0 15 7 5 8 64% 196 3166 192 186%
c }  0.07  5 14 5 4 406 2 5525 3350 2.0 15 7 5 8 64% 196 3166 192 186%
c [  0.07  5 18 5 4 406 1 5525 3350 1.5 17 11 6 11 61% 196 3166 192 186%
c I  0.07  5 18 5 4 406 1 5525 3350 1.5 17 11 6 11 61% 196 3166 192 186%
c -  0.08  5 16 5 5 407 1 7151 3826 1.5 16 11 5 12 59% 196 3166 192 186%
c ]  0.09  6 16 6 5 408 1 8160 4526 1.5 16 11 5 12 59% 196 3166 192 186%
c {  0.09  6 14 6 5 408 2 8160 4526 2.0 15 7 5 8 64% 196 3166 192 186%
c -  0.10  6 14 6 6 536 2 9388 4617 2.0 14 7 4 8 63% 200 3164 192 186%
c o  0.11  7 14 6 6 572 2 10408 5479 2.0 14 7 4 8 63% 203 3162 192 186%
c u  0.12  7 14 6 6 590 2 10704 5685 2.0 14 7 4 8 63% 203 3162 192 186%
c v  0.12  7 14 6 6 590 2 10704 5676 2.0 14 7 4 8 63% 203 3162 192 186%
c w  0.12  7 14 6 6 590 2 10704 5669 2.0 14 7 4 8 63% 203 3162 192 186%
c x  0.12  7 14 6 6 590 2 10704 5669 2.0 14 7 4 8 63% 203 3159 192 186%
c -  0.14  7 14 6 7 674 2 11839 5619 2.1 14 7 3 8 63% 204 3159 192 186%
c
c seconds  switched  rate        size/glue tier1   binary      remaining
c        MB reductions conflicts       size  tier2   irredundant
c         level restarts    redundant    glue   trail      variables
c
c }  0.14  7 14 7 7 737 2 12230 5943 2.0 14 7 3 8 63% 205 3159 192 186%
c [  0.14  7 16 7 7 737 1 12230 5943 1.5 16 11 5 12 59% 205 3159 192 186%
c B  0.14  7 16 7 7 737 1 12230 5943 1.5 16 11 5 12 59% 205 3159 192 186%
c -  0.16  7 16 7 8 739 1 14485 6212 1.4 15 11 4 12 59% 205 3159 192 186%
c -  0.19  7 15 7 9 740 1 17315 6234 1.4 15 11 4 11 58% 205 3159 192 186%
c s  0.20  7 15 7 9 740 1 17367 6269 1.4 15 11 4 11 58% 205 3143 192 186%
c e  0.20  7 15 7 9 740 1 17367 6269 1.4 15 11 4 11 58%  74 1789 82 80%
c ^  0.20  7 15 7 9 740 1 17367 6269 1.4 15 11 4 11 58%  74 1789 82 80%
c ]  0.20  7 15 8 9 741 1 17728 2266 1.4 15 11 4 11 59%  74 1789 82 80%
c {  0.20  7 14 8 9 741 2 17728 2266 2.0 14 7 3 8 63%  74 1789 82 80%
c -  0.22  8 14 8 10 1191 2 20316 3697 1.9 14 7 3 8 67%  75 1789 82 80%
c o  0.22  8 14 8 10 1205 2 20415 3758 1.9 14 7 3 8 67%  75 1789 82 80%
c u  0.24  8 14 8 10 1313 2 21929 4757 1.8 14 7 3 8 69%  76 1788 82 80%
c v  0.24  8 14 8 10 1313 2 21929 4695 1.8 14 7 3 8 69%  76 1788 82 80%
c w  0.24  8 14 8 10 1313 2 21929 4684 1.8 14 7 3 8 69%  76 1788 82 80%
c x  0.24  8 14 8 10 1313 2 21929 4684 1.8 14 7 3 8 69%  76 1784 82 80%
c -  0.26  8 14 8 11 1531 2 23479 5440 1.8 14 8 3 8 70%  76 1784 82 80%
c }  0.26  8 13 9 11 1531 2 23888 5754 1.8 14 8 3 8 70%  76 1784 82 80%
c [  0.26  8 15 9 11 1531 1 23888 5754 1.4 15 11 4 11 59%  76 1784 82 80%
c W  0.26  8 15 9 11 1531 1 23888 5754 1.4 15 11 4 11 59%  76 1784 82 80%
c
c seconds  switched    rate        size/glue  tier1    binary     remaining
c        MB  reductions  conflicts       size   tier2    irredundant
c         level   restarts    redundant     glue    trail     variables
c
c -  0.28  9 15 9 12 1533 1 26797 6257 1.4 15 11 4 11 64%  76 1784 82 80%
c -  0.30  9 15 9 13 1536 1 30262 6471 1.4 15 11 4 11 67%  76 1784 82 80%
c ]  0.31  9 15 10 13 1536 1 30900 6853 1.4 15 11 4 11 68%  76 1784 82 80%
c {  0.31  9 13 10 13 1536 2 30900 6853 1.8 14 8 3 8 70%  76 1784 82 80%
c -  0.34 10 13 10 14 2035 2 33867 7442 1.7 14 8 3 8 71%  76 1784 82 80%
c s  0.36 10 13 10 14 2192 2 36583 9541 1.8 14 8 3 8 72%  76 1771 82 80%
c e  0.36 10 13 10 14 2192 2 36583 9541 1.8 14 8 3 8 72%  69 1785 75 73%
c s  0.36 10 13 10 14 2192 2 36583 9541 1.8 14 8 3 8 72%  69 1784 75 73%
c ^  0.36 10 13 10 14 2192 2 36583 9541 1.8 14 8 3 8 72%  69 1784 75 73%
c -  0.37 11 13 10 15 2312 2 37608 6726 1.7 14 8 3 8 73%  70 1784 75 73%
c u  0.39 12 13 10 15 2416 2 39037 7528 1.7 13 8 3 8 73%  70 1784 75 73%
c v  0.40 12 13 10 15 2416 2 39037 7522 1.7 13 8 3 8 73%  70 1784 75 73%
c w  0.40 12 13 10 15 2416 2 39037 7519 1.7 13 8 3 8 73%  70 1784 75 73%
c x  0.40 12 13 10 15 2416 2 39037 7518 1.7 13 8 3 8 73%  71 1775 75 73%
c f  0.42 13 13 10 15 2416 2 39037 7518 1.7 13 8 3 8 73%  72 1771 76 74%
c u  0.42 13 13 10 15 2416 2 39037 7492 1.7 13 8 3 8 73%  72 1771 76 74%
c v  0.42 13 13 10 15 2416 2 39037 7490 1.7 13 8 3 8 73%  72 1771 76 74%
c w  0.43 13 13 10 15 2416 2 39037 7489 1.7 13 8 3 8 73%  72 1771 76 74%
c x  0.43 13 13 10 15 2416 2 39037 7489 1.7 13 8 3 8 73%  72 1748 76 74%
c }  0.43 13 13 11 15 2525 2 39528 7881 1.7 13 8 3 8 73%  72 1748 76 74%
c
c seconds   switched    rate        size/glue  tier1    binary     remaining
c        MB   reductions  conflicts       size   tier2    irredundant
c         level    restarts    redundant     glue    trail     variables
c
c [  0.43 13 15 11 15 2525 1 39528 7881 1.4 15 11 4 11 68%  72 1748 76 74%
c O  0.43 13 15 11 15 2525 1 39528 7881 1.4 15 11 4 11 68%  72 1748 76 74%
c -  0.45 13 14 11 16 2526 1 41480 7941 1.4 15 11 4 11 69%  73 1748 76 74%
c -  0.48 13 14 11 17 2529 1 45480 8893 1.5 15 10 4 10 70%  73 1748 76 74%
c B  0.51 14 13 11 17 2531 1 49289 11365 1.5 14 10 4 10 72%  76 1748 76 74%
c o  0.51 14 13 11 17 2531 1 49289 11365 1.5 14 10 4 10 72%  76 1748 76 74%
c -  0.51 14 13 11 18 2531 1 49604 9569 1.5 14 10 4 10 72%  76 1748 76 74%
c ]  0.52 14 13 12 18 2531 1 50926 10581 1.5 14 10 4 10 72%  76 1748 76 74%
c {  0.52 14 13 12 18 2531 2 50926 10581 1.7 13 8 3 8 73%  76 1748 76 74%
c -  0.55 14 13 12 19 2658 2 53846 10058 1.7 13 8 3 8 74%  76 1748 76 74%
c -  0.59 14 12 12 20 3054 2 58205 10655 1.6 13 8 3 8 74%  77 1748 76 74%
c b  0.62 14 12 12 20 3121 2 61148 12336 1.6 13 8 3 8 74%  78 1748 75 73%
c u  0.62 15 12 12 20 3121 2 61148 12225 1.6 13 8 3 8 74%  78 1748 75 73%
c v  0.63 15 12 12 20 3121 2 61148 12155 1.6 13 8 3 8 74%  78 1748 75 73%
c w  0.63 15 12 12 20 3121 2 61148 12151 1.6 13 8 3 8 74%  78 1748 75 73%
c x  0.63 15 12 12 20 3121 2 61148 12150 1.6 13 8 3 8 74%  80 1717 75 73%
c t  0.63 15 12 12 20 3121 2 61148 12150 1.6 13 8 3 8 74%  78 1717 75 73%
c u  0.64 15 12 12 20 3121 2 61148 12027 1.6 13 8 3 8 74%  78 1717 75 73%
c v  0.64 15 12 12 20 3121 2 61148 11952 1.6 13 8 3 8 74%  78 1717 75 73%
c w  0.65 15 12 12 20 3121 2 61148 11946 1.6 13 8 3 8 74%  78 1717 75 73%
c
c seconds   switched    rate         size/glue tier1   binary     remaining
c        MB   reductions  conflicts        size  tier2   irredundant
c         level    restarts     redundant    glue   trail     variables
c
c x  0.65 15 12 12 20 3121 2 61148 11946 1.6 13 8 3 8 74%  78 1663 75 73%
c }  0.66 15 12 13 20 3185 2 62406 12836 1.6 12 8 3 8 74%  78 1663 75 73%
c [  0.66 15 13 13 20 3185 1 62406 12836 1.5 14 10 4 10 72%  78 1663 75 73%
c W  0.66 15 13 13 20 3185 1 62406 12836 1.5 14 10 4 10 72%  73 1663 75 73%
c -  0.67 15 13 13 21 3185 1 62677 10834 1.5 14 10 4 10 72%  73 1663 75 73%
c i  0.70 15 12 13 21 3188 1 66523 12965 1.5 14 9 4 10 73%  80 1663 74 72%
c -  0.70 15 12 13 22 3188 1 67259 6423 1.5 14 9 3 9 73%  68 1663 74 72%
c -  0.73 15 12 13 23 3191 1 71951 7799 1.5 13 9 3 9 73%  69 1663 74 72%
c i  0.75 15 12 13 23 3191 1 73697 8776 1.5 13 9 3 9 73%  76 1663 73 71%
c ]  0.76 15 12 14 23 3193 1 76034 10563 1.5 13 9 3 9 74%  76 1663 73 71%
c {  0.76 15 12 14 23 3193 2 76034 10563 1.6 12 8 3 8 74%  76 1663 73 71%
c -  0.77 15 12 14 24 3196 2 76747 7456 1.6 12 8 3 7 74%  67 1663 73 71%
c s  0.79 15 12 14 24 3298 2 78279 8495 1.6 12 8 3 7 74%  68 1363 73 71%
c e  0.79 15 12 14 24 3298 2 78279 8495 1.6 12 8 3 7 74%  58 1380 69 67%
c s  0.79 15 12 14 24 3298 2 78279 8495 1.6 12 8 3 7 74%  58 1379 69 67%
c ^  0.79 15 12 14 24 3298 2 78279 8495 1.6 12 8 3 7 74%  58 1379 69 67%
c o  0.80 15 12 14 24 3424 2 79294 7056 1.6 12 8 3 7 74%  58 1379 69 67%
c -  0.82 15 12 14 25 3570 2 81645 7946 1.6 12 8 3 7 75%  58 1379 69 67%
c -  0.86 16 11 14 26 3757 2 86646 10347 1.6 12 8 3 7 75%  60 1379 69 67%
c u  0.89 16 11 14 26 3782 2 88565 11073 1.6 12 8 3 7 75%  64 1379 69 67%
c
c seconds   switched    rate         size/glue tier1   binary     remaining
c        MB   reductions  conflicts        size  tier2   irredundant
c         level    restarts     redundant    glue   trail     variables
c
c v  0.89 16 11 14 26 3782 2 88565 10934 1.6 12 8 3 7 75%  64 1379 69 67%
c w  0.90 16 11 14 26 3782 2 88565 10870 1.6 12 8 3 7 75%  64 1379 69 67%
c x  0.90 16 11 14 26 3782 2 88565 10868 1.6 12 8 3 7 75%  65 1279 69 67%
c t  0.94 16 11 14 26 3782 2 88565 10868 1.6 12 8 3 7 75%  63 1279 69 67%
c }  0.95 16 11 15 26 3792 2 90749 12132 1.6 12 8 3 7 75%  65 1279 69 67%
c [  0.95 16 12 15 26 3792 1 90749 12132 1.5 13 9 3 9 74%  65 1279 69 67%
c I  0.95 16 12 15 26 3792 1 90749 12132 1.5 13 9 3 9 74%  65 1279 69 67%
c -  0.96 16 12 15 27 3792 1 91746 11188 1.5 13 9 3 9 74%  65 1279 69 67%
c i  0.99 16 12 15 27 3795 1 95059 13064 1.5 13 9 3 9 74%  71 1279 62 60%
c i  0.99 16 12 15 27 3795 1 95295 13150 1.5 13 9 3 9 74%  77 1279 57 55%
c i  0.99 16 12 15 27 3795 1 95347 13166 1.5 13 9 3 9 74%  81 1279 55 53%
c i  0.99 16 12 15 27 3795 1 95374 13174 1.5 13 9 3 9 74%  86 1279 54 52%
c i  0.99 16 12 15 27 3795 1 95382 13175 1.5 13 9 3 9 74%  88 1279 52 50%
c i  0.99 16 12 15 27 3795 1 95391 13176 1.5 13 9 3 9 74%  91 1279 51 50%
c i  0.99 16 12 15 27 3795 1 95396 13176 1.5 13 9 3 9 74%  93 1279 50 49%
c i  0.99 16 12 15 27 3795 1 95401 13177 1.5 13 9 3 9 74%  94 1279 47 46%
c i  0.99 16 12 15 27 3795 1 95403 13177 1.5 13 9 3 9 74%  95 1279 38 37%
c ]  0.99 16 12 15 27 3795 1 95405 13176 1.5 13 9 3 9 74%  95 1279 30 29%
c 0  0.99 16 11 15 27 3795 2 95405 13176 1.6 12 8 3 7 75%  95 1279 30 29%
c
c ---- [ result ] ------------------------------------------------------------
c
s UNSATISFIABLE
c
c ---- [ profiling ] ---------------------------------------------------------
c
c           0.80   81.03 %  search
c           0.45   45.79 %  focused
c           0.35   35.24 %  stable
c           0.18   17.80 %  simplify
c           0.17   17.31 %  probe
c           0.10   10.10 %  vivify
c           0.06    6.45 %  sweep
c           0.02    1.60 %  reduce
c           0.01    1.39 %  eliminate
c           0.01    1.05 %  preprocess
c           0.01    1.05 %  subsume
c           0.00    0.48 %  substitute
c           0.00    0.16 %  factor
c           0.00    0.15 %  walking
c           0.00    0.08 %  congruence
c           0.00    0.07 %  parse
c           0.00    0.03 %  lucky
c           0.00    0.02 %  transitive
c           0.00    0.01 %  backbone
c =============================================
c           0.99  100.00 %  total
c
c ---- [ statistics ] --------------------------------------------------------
c
c conflicts:                            95405            96294.76 per second
c decisions:                           129440                1.36 per conflict
c eliminated:                             121              117 %  variables
c factored:                                90               87 %  variables
c iterations:                              12               12 %  variables
c propagations:                       1998763          2017404    per second
c reductions:                              27             3534    interval
c reordered:                                4            23851    interval
c rephased:                                 9            10601    interval
c restarts:                              3795               25    interval
c strengthened:                             1                0 %  checks
c subsumed:                               331                0 %  checks
c switched:                                15             6360    interval
c vivified:                              2839               38 %  checks
c walks:                                    3            31802    interval
c
c ---- [ glue usage ] --------------------------------------------------------
c
c focused glue 3 used 50016 clauses 19.45% accumulated 60.31% tier1
c focused glue 4 used 33944 clauses 13.20% accumulated 73.51%
c focused glue 5 used 20695 clauses  8.05% accumulated 81.56%
c focused glue 6 used 14334 clauses  5.57% accumulated 87.13%
c focused glue 7 used 10925 clauses  4.25% accumulated 91.38% tier2
c
c stable glue 3   used 48525 clauses 17.99% accumulated 54.99% tier1
c stable glue 4   used 36710 clauses 13.61% accumulated 68.60%
c stable glue 5-7 used 48753 clauses 18.07% accumulated 86.67%
c stable glue 8   used  8583 clauses  3.18% accumulated 89.85%
c stable glue 9   used  7222 clauses  2.68% accumulated 92.53% tier2
c
c ---- [ resources ] ---------------------------------------------------------
c
c maximum-resident-set-size:      17616076800 bytes      16800 MB
c process-time:                             1s               0.99 seconds
c
c ---- [ shutting down ] -----------------------------------------------------
c
c exit 20
