c ---- [ banner ] ------------------------------------------------------------
c
c Kissat SAT Solver
c 
c Copyright (c) 2021-2024 Armin Biere University of Freiburg
c Copyright (c) 2019-2021 Armin Biere Johannes Kepler University Linz
c 
c Version 4.0.4 8af8e56f174b778aef3aa45af9f739b2a5f492c2
c Apple clang version 17.0.0 (clang-1700.6.3.2) -W -Wall -O3 -DNDEBUG
c Mon Mar 30 18:25:47 CEST 2026 Darwin Mac 24.6.0 arm64
c
c ---- [ parsing ] -----------------------------------------------------------
c
c opened and reading DIMACS file:
c
c   tmp.cnf
c
c parsed 'p cnf 120 6188' header
c closing input after reading 147289 bytes (144 KB)
c finished parsing after 0.00 seconds
c
c ---- [ solving ] -----------------------------------------------------------
c
c seconds switched rate     size/glue tier1 binary      remaining
c        MB reductions conflicts size  tier2  irredundant
c         level restarts redundant glue  trail      variables
c
c *  0.00  3 0 0 0  0 0   0   0 0.0 0 0 0 0 0%   0 6188 118 100%
c (  0.00  4 0 0 0  0 0   0   0 0.0 0 0 0 0 0%   0 6188 118 100%
c .  0.00  4 0 0 0  0 0   0   0 0.0 0 0 0 0 0%   0 6188 118 100%
c f  0.01  4 0 0 0  0 0   0   0 0.0 0 0 0 0 0% 217 4592 214 181%
c )  0.01  4 0 0 0  0 0   0   0 0.0 0 0 0 0 0% 217 4592 214 181%
c {  0.01  4 0 0 0  0 0   0   0 0.0 0 0 2 6 0% 217 4592 214 181%
c -  0.02  5 18 0 1 43 2 1000 604 1.8 14 8 7 10 57% 217 4592 214 181%
c }  0.02  5 18 1 1 43 2 1000 604 1.8 14 8 7 10 57% 217 4592 214 181%
c [  0.02  5 0 1 1 43 0 1000 604 0.0 0 0 2 6 0% 217 4592 214 181%
c B  0.02  5 69 1 1 43 21 1003 607 1.6 12 7 2 6 83% 217 4592 214 181%
c ]  0.02  5 22 2 1 43 1 1530 997 1.7 15 9 7 10 56% 219 4590 214 181%
c {  0.02  5 18 2 1 43 2 1530 997 1.8 14 8 7 10 57% 219 4590 214 181%
c -  0.03  5 16 2 2 45 2 2000 1372 2.3 17 7 6 9 62% 219 4590 214 181%
c }  0.03  5 14 3 2 45 2 2530 1821 2.6 18 7 6 9 63% 219 4590 214 181%
c [  0.03  5 22 3 2 45 1 2530 1821 1.7 15 9 7 10 56% 219 4590 214 181%
c W  0.03  5 22 3 2 45 1 2530 1821 1.7 15 9 7 10 56% 219 4590 214 181%
c u  0.04  5 18 3 2 45 1 3282 2400 1.7 16 9 7 10 58% 219 4590 214 181%
c v  0.04  5 18 3 2 45 1 3282 2393 1.7 16 9 7 10 58% 219 4590 214 181%
c w  0.05  5 18 3 2 45 1 3282 2389 1.7 16 9 7 10 58% 219 4590 214 181%
c f  0.05  5 18 3 2 45 1 3282 2389 1.7 16 9 7 10 58% 236 4560 224 190%
c
c seconds  switched rate       size/glue tier1    binary      remaining
c        MB reductions conflicts     size  tier2    irredundant
c         level restarts  redundant    glue    trail      variables
c
c u  0.05  6 18 3 2 45 1 3282 2374 1.7 16 9 7 10 58% 236 4560 224 190%
c v  0.05  6 18 3 2 45 1 3282 2360 1.7 16 9 7 10 58% 236 4560 224 190%
c w  0.05  6 18 3 2 45 1 3282 2358 1.7 16 9 7 10 58% 236 4560 224 190%
c -  0.06  6 19 3 3 45 1 3414 2252 1.7 16 10 6 12 59% 236 4560 224 190%
c ]  0.06  6 19 4 3 46 1 3914 2629 1.6 17 10 6 12 63% 236 4560 224 190%
c {  0.06  6 14 4 3 46 2 3914 2629 2.6 18 7 6 9 63% 236 4560 224 190%
c -  0.08  6 16 4 4 404 3 5147 3026 2.1 17 8 5 10 65% 236 4560 224 190%
c }  0.08  7 16 5 4 684 3 6266 3937 2.0 17 9 5 10 66% 236 4560 224 190%
c [  0.08  7 19 5 4 684 1 6266 3937 1.6 17 10 6 12 63% 236 4560 224 190%
c I  0.08  7 19 5 4 684 1 6266 3937 1.6 17 10 6 12 63% 236 4560 224 190%
c -  0.09  7 21 5 5 684 1 7147 3694 1.4 18 13 7 16 63% 236 4560 224 190%
c ]  0.10  7 21 6 5 686 1 8820 4839 1.3 19 14 6 17 63% 240 4557 224 190%
c {  0.10  7 16 6 5 686 3 8820 4839 2.0 17 9 5 10 66% 240 4557 224 190%
c -  0.11  7 17 6 6 728 3 9385 4289 1.9 17 9 5 10 67% 240 4557 224 190%
c u  0.12  7 16 6 6 728 3 10111 4861 2.0 17 8 5 10 66% 240 4557 224 190%
c v  0.12  7 16 6 6 728 3 10111 4855 2.0 17 8 5 10 66% 240 4557 224 190%
c w  0.12  7 16 6 6 728 3 10111 4852 2.0 17 8 5 10 66% 240 4557 224 190%
c o  0.13  7 16 6 6 728 3 10111 4852 2.0 17 8 5 10 66% 240 4557 224 190%
c -  0.14  7 17 6 7 740 2 11834 5327 2.1 17 8 5 9 67% 242 4556 224 190%
c }  0.15  7 17 7 7 765 2 12889 6203 2.1 17 8 5 9 67% 242 4556 224 190%
c
c seconds  switched  rate        size/glue  tier1    binary      remaining
c        MB reductions conflicts       size   tier2    irredundant
c         level restarts    redundant     glue    trail      variables
c
c [  0.15  7 21 7 7 765 1 12889 6203 1.3 19 14 6 17 63% 242 4556 224 190%
c B  0.15  7 21 7 7 765 1 12889 6203 1.3 19 14 6 17 63% 242 4556 224 190%
c -  0.17  7 21 7 8 766 1 14479 6202 1.3 19 15 6 17 61% 242 4556 224 190%
c s  0.19  7 20 7 8 767 1 16402 7357 1.3 19 15 6 17 60% 242 4549 224 190%
c e  0.19  7 20 7 8 767 1 16402 7357 1.3 19 15 6 17 60%  86 2460 95 81%
c s  0.20  7 20 7 8 767 1 16402 7357 1.3 19 15 6 17 60%  87 2455 95 81%
c ^  0.20  7 20 7 8 767 1 16402 7357 1.3 19 15 6 17 60%  87 2455 95 81%
c -  0.20  8 20 7 9 768 1 17309 2453 1.3 18 15 6 16 62%  87 2455 95 81%
c W  0.21  8 21 7 9 769 1 18420 3207 1.3 19 15 6 16 64%  87 2455 95 81%
c ]  0.22  8 21 8 9 770 1 19875 4210 1.3 19 15 6 16 66%  87 2455 95 81%
c {  0.22  8 17 8 9 770 2 19875 4210 2.1 17 8 5 9 67%  87 2455 95 81%
c o  0.22  8 17 8 9 864 2 20150 4441 2.1 17 8 5 9 67%  87 2455 95 81%
c -  0.22  8 17 8 10 910 3 20310 3958 2.1 17 8 5 9 67%  87 2455 95 81%
c u  0.23  8 17 8 10 944 2 20713 4214 2.1 17 8 5 9 68%  88 2454 95 81%
c v  0.23  9 17 8 10 944 2 20713 4149 2.1 17 8 5 9 68%  88 2454 95 81%
c w  0.23  9 17 8 10 944 2 20713 4143 2.1 17 8 5 9 68%  88 2454 95 81%
c f  0.24  9 17 8 10 944 2 20713 4143 2.1 17 8 5 9 68%  90 2450 96 81%
c u  0.24  9 17 8 10 944 2 20713 4042 2.1 17 8 5 9 68%  90 2450 96 81%
c v  0.24  9 17 8 10 944 2 20713 4026 2.1 17 8 5 9 68%  90 2450 96 81%
c w  0.24  9 17 8 10 944 2 20713 4012 2.1 17 8 5 9 68%  90 2450 96 81%
c
c seconds  switched    rate        size/glue tier1   binary     remaining
c        MB  reductions  conflicts       size  tier2   irredundant
c         level   restarts    redundant    glue   trail     variables
c
c -  0.27 10 17 8 11 1099 2 23473 5573 2.1 17 8 4 9 72%  90 2450 96 81%
c }  0.30 11 17 9 11 1474 3 26034 7717 2.1 16 8 4 9 74%  90 2450 96 81%
c [  0.30 11 21 9 11 1474 1 26034 7717 1.3 19 15 6 16 66%  90 2450 96 81%
c O  0.30 11 21 9 11 1474 1 26034 7717 1.3 19 15 6 16 66%  90 2450 96 81%
c -  0.31 11 20 9 12 1474 1 26791 7304 1.3 18 15 6 16 67%  91 2449 96 81%
c -  0.34 11 18 9 13 1477 1 30258 8114 1.3 17 13 5 14 69%  91 2449 96 81%
c ]  0.35 11 18 10 13 1478 1 32075 9258 1.3 16 13 5 14 70%  91 2449 96 81%
c {  0.35 11 17 10 13 1478 3 32075 9258 2.1 16 8 4 9 74%  91 2449 96 81%
c -  0.37 11 17 10 14 1596 2 33863 8894 2.1 16 8 4 9 75%  92 2448 96 81%
c s  0.38 11 17 10 14 1656 2 34613 9513 2.1 16 8 4 9 76%  92 2438 96 81%
c e  0.38 11 17 10 14 1656 2 34613 9513 2.1 16 8 4 9 76%  73 2463 83 70%
c ^  0.38 11 17 10 14 1656 2 34613 9513 2.1 16 8 4 9 76%  73 2463 83 70%
c u  0.40 11 18 10 14 1845 2 36923 5366 2.0 16 8 4 9 77%  73 2463 83 70%
c v  0.40 11 18 10 14 1845 2 36923 5304 2.0 16 8 4 9 77%  73 2463 83 70%
c w  0.40 11 18 10 14 1845 2 36923 5288 2.0 16 8 4 9 77%  73 2463 83 70%
c f  0.41 11 18 10 14 1845 2 36923 5288 2.0 16 8 4 9 77%  75 2458 84 71%
c u  0.41 11 18 10 14 1845 2 36923 5088 2.0 16 8 4 9 77%  75 2458 84 71%
c v  0.42 11 18 10 14 1845 2 36923 5022 2.0 16 8 4 9 77%  75 2458 84 71%
c w  0.42 11 18 10 14 1845 2 36923 4959 2.0 16 8 4 9 77%  75 2458 84 71%
c -  0.42 12 18 10 15 1940 2 37604 5003 2.0 16 8 4 9 78%  75 2458 84 71%
c
c seconds   switched    rate        size/glue tier1   binary     remaining
c        MB   reductions  conflicts       size  tier2   irredundant
c         level    restarts    redundant    glue   trail     variables
c
c o  0.45 12 18 10 15 2406 3 40208 7145 2.0 16 8 4 9 79%  75 2458 84 71%
c }  0.45 12 18 11 15 2502 3 40703 7569 2.0 16 8 4 9 79%  75 2458 84 71%
c [  0.45 12 18 11 15 2502 1 40703 7569 1.3 16 13 5 14 70%  75 2458 84 71%
c B  0.45 12 18 11 15 2502 1 40703 7569 1.3 16 13 5 14 70%  75 2458 84 71%
c -  0.45 12 18 11 16 2502 1 41476 7150 1.3 17 13 5 13 70%  75 2458 84 71%
c -  0.48 12 18 11 17 2505 1 45477 7902 1.3 17 13 5 14 73%  75 2458 84 71%
c -  0.51 12 18 11 18 2508 1 49600 7805 1.3 17 13 5 13 74%  75 2458 84 71%
c ]  0.52 12 18 12 18 2508 1 51056 8780 1.3 17 13 5 13 75%  75 2458 84 71%
c {  0.52 12 18 12 18 2508 3 51056 8780 2.0 16 8 4 9 79%  75 2458 84 71%
c -  0.56 12 17 12 19 2874 3 53842 9061 2.0 16 8 4 9 80%  75 2458 84 71%
c u  0.61 13 17 12 19 3477 3 57809 12077 1.9 16 9 4 9 81%  75 2458 84 71%
c v  0.62 13 17 12 19 3477 3 57809 12049 1.9 16 9 4 9 81%  75 2458 84 71%
c w  0.62 13 17 12 19 3477 3 57809 12035 1.9 16 9 4 9 81%  75 2458 84 71%
c -  0.62 13 17 12 20 3528 3 58201 10397 1.9 16 9 4 9 81%  75 2458 84 71%
c }  0.67 13 17 13 20 3934 3 62535 13721 1.8 16 9 4 9 80%  75 2458 84 71%
c [  0.67 13 18 13 20 3934 1 62535 13721 1.3 17 13 5 13 75%  75 2458 84 71%
c W  0.67 13 18 13 20 3934 1 62535 13721 1.3 17 13 5 13 75%  75 2458 84 71%
c -  0.67 13 18 13 21 3934 1 62673 11397 1.3 17 13 5 13 75%  75 2458 84 71%
c -  0.71 13 18 13 22 3937 1 67257 11214 1.3 17 13 5 13 76%  75 2458 84 71%
c -  0.75 14 18 13 23 3940 1 71947 11000 1.3 17 13 5 13 77%  75 2458 84 71%
c
c seconds   switched    rate         size/glue  tier1    binary     remaining
c        MB   reductions  conflicts        size   tier2    irredundant
c         level    restarts     redundant     glue    trail     variables
c
c e  0.77 14 18 13 23 3940 1 74110 12283 1.3 17 13 5 13 78%  68 2473 80 68%
c ^  0.77 14 18 13 23 3940 1 74110 12283 1.3 17 13 5 13 78%  68 2473 80 68%
c o  0.77 14 18 13 23 3940 1 74110 10027 1.3 17 13 5 13 78%  68 2473 80 68%
c -  0.80 14 18 13 24 3942 1 76743 9625 1.3 17 13 5 13 78%  68 2473 80 68%
c ]  0.80 14 18 14 24 3942 1 76957 9807 1.3 17 13 5 13 78%  68 2473 80 68%
c {  0.80 14 17 14 24 3942 3 76957 9807 1.8 16 9 4 9 80%  68 2473 80 68%
c -  0.85 14 17 14 25 4590 3 81642 11212 1.8 16 9 4 9 81%  68 2473 80 68%
c u  0.88 15 17 14 25 4748 2 83503 12440 1.8 16 9 4 9 81%  68 2473 80 68%
c v  0.88 15 17 14 25 4748 2 83503 12417 1.8 16 9 4 9 81%  68 2473 80 68%
c w  0.89 15 17 14 25 4748 2 83503 12406 1.8 16 9 4 9 81%  68 2473 80 68%
c -  0.94 16 16 14 26 4817 2 86643 12387 1.7 15 9 4 9 80%  68 2473 80 68%
c }  0.99 16 16 15 26 5039 2 91673 16143 1.8 15 9 4 9 81%  68 2473 80 68%
c [  0.99 16 18 15 26 5039 1 91673 16143 1.3 17 13 5 13 78%  68 2473 80 68%
c I  0.99 16 18 15 26 5039 1 91673 16143 1.3 17 13 5 13 78%  68 2473 80 68%
c -  0.99 16 18 15 27 5039 1 91743 13384 1.3 17 13 5 13 78%  68 2473 80 68%
c -  1.04 16 18 15 28 5043 1 96940 12995 1.3 18 13 5 13 79%  68 2473 80 68%
c -  1.09 16 18 15 29 5045 1 102232 12235 1.3 18 13 5 13 80%  68 2473 80 68%
c -  1.13 16 18 15 30 5048 1 107618 12304 1.3 18 13 5 13 80%  68 2473 80 68%
c B  1.15 16 18 15 30 5050 1 109475 13663 1.3 18 13 5 13 80%  68 2473 80 68%
c ]  1.15 16 18 16 30 5050 1 109547 13719 1.3 18 13 5 13 80%  68 2473 80 68%
c
c seconds   switched    rate          size/glue tier1   binary     remaining
c        MB   reductions  conflicts         size  tier2   irredundant
c         level    restarts      redundant    glue   trail     variables
c
c {  1.15 16 16 16 30 5050 2 109547 13719 1.8 15 9 4 9 81%  68 2473 80 68%
c -  1.19 16 16 16 31 5268 2 113095 13401 1.8 15 9 4 9 81%  68 2473 80 68%
c u  1.21 16 16 16 31 5400 2 114172 14091 1.8 15 9 4 9 81%  68 2473 80 68%
c v  1.22 16 16 16 31 5400 2 114172 13915 1.8 15 9 4 9 81%  68 2473 80 68%
c w  1.22 16 16 16 31 5400 2 114172 13909 1.8 15 9 4 9 81%  68 2473 80 68%
c o  1.23 16 16 16 31 5400 2 114172 13909 1.8 15 9 4 9 81%  68 2473 80 68%
c -  1.28 16 15 16 32 5562 2 118664 14792 1.7 15 9 4 9 80%  68 2473 80 68%
c -  1.34 16 15 16 33 5757 2 124320 15384 1.7 15 9 4 8 80%  68 2473 80 68%
c }  1.38 16 15 17 33 5782 2 127885 17231 1.7 14 9 4 8 80%  68 2473 80 68%
c [  1.38 16 18 17 33 5782 1 127885 17231 1.3 18 13 5 13 80%  68 2473 80 68%
c -  1.39 16 18 17 34 5784 1 130066 15346 1.3 18 13 5 13 80%  69 2473 80 68%
c W  1.40 16 18 17 34 5784 1 130386 15530 1.3 18 13 5 13 80%  69 2473 80 68%
c -  1.44 16 17 17 35 5787 1 135896 15906 1.3 17 13 5 13 80%  69 2473 80 68%
c s  1.46 16 17 17 35 5788 1 137709 16975 1.3 17 13 5 13 80%  69 2471 80 68%
c e  1.46 16 17 17 35 5788 1 137709 16975 1.3 17 13 5 13 80%  55 2503 74 63%
c ^  1.46 16 17 17 35 5788 1 137709 16975 1.3 17 13 5 13 80%  55 2503 74 63%
c -  1.49 16 16 17 36 5790 1 141815 9723 1.3 16 12 5 12 80%  55 2503 74 63%
c -  1.53 16 16 17 37 5794 1 147816 11953 1.3 16 12 5 12 81%  55 2503 74 63%
c u  1.56 16 15 17 37 5795 1 150013 12941 1.3 16 12 5 12 81%  55 2503 74 63%
c v  1.57 16 15 17 37 5795 1 150013 12427 1.3 16 12 5 12 81%  55 2503 74 63%
c
c seconds   switched    rate          size/glue  tier1    binary     remaining
c        MB   reductions  conflicts         size   tier2    irredundant
c         level    restarts      redundant     glue    trail     variables
c
c w  1.57 16 15 17 37 5795 1 150013 11982 1.3 16 12 5 12 81%  55 2503 74 63%
c -  1.61 16 15 17 38 5796 1 153899 12130 1.3 16 12 5 12 81%  55 2503 74 63%
c O  1.61 16 15 17 38 5796 1 154613 12548 1.3 16 12 5 12 81%  55 2503 74 63%
c ]  1.62 16 15 18 38 5796 1 155051 12834 1.3 16 12 5 12 81%  55 2503 74 63%
c {  1.62 16 15 18 38 5796 2 155051 12834 1.7 14 9 4 8 80%  55 2503 74 63%
c -  1.65 16 14 18 39 5801 2 160065 13998 1.7 14 8 4 8 80%  55 2503 74 63%
c -  1.70 16 13 18 40 5801 2 166309 15108 1.7 14 8 4 8 81%  55 2503 74 63%
c -  1.77 16 13 18 41 5801 2 172635 15904 1.7 14 8 4 8 82%  56 2503 74 63%
c o  1.80 16 13 18 41 5807 2 175954 18409 1.7 14 8 4 8 82%  56 2503 74 63%
c }  1.81 16 13 19 41 5807 2 177396 19655 1.7 14 8 4 8 83%  56 2503 74 63%
c [  1.81 16 15 19 41 5807 1 177396 19655 1.3 16 12 5 12 81%  56 2503 74 63%
c -  1.82 16 15 19 42 5808 1 179038 17607 1.4 16 12 5 12 81%  56 2503 74 63%
c B  1.85 16 15 19 42 5810 1 182353 20206 1.4 16 12 5 12 82%  56 2503 74 63%
c -  1.88 16 15 19 43 5812 1 185521 17452 1.4 16 12 5 12 82%  56 2503 74 63%
c u  1.94 16 15 19 43 5815 1 191090 21580 1.4 16 12 5 12 83%  56 2503 74 63%
c v  1.95 19 15 19 43 5815 1 191090 21566 1.4 16 12 5 12 83%  56 2503 74 63%
c w  1.96 19 15 19 43 5815 1 191090 21562 1.4 16 12 5 12 83%  56 2503 74 63%
c -  1.97 20 15 19 44 5816 1 192078 16197 1.4 16 12 5 12 83%  56 2503 74 63%
c ]  2.03 20 15 20 44 5820 1 198682 21218 1.4 17 12 5 12 83%  56 2503 74 63%
c {  2.03 20 13 20 44 5820 2 198682 21218 1.7 14 8 4 8 83%  56 2503 74 63%
c
c seconds   switched    rate          size/glue tier1   binary     remaining
c        MB   reductions  conflicts         size  tier2   irredundant
c         level    restarts      redundant    glue   trail     variables
c
c -  2.03 20 13 20 45 5826 2 198712 16511 1.7 14 8 4 8 83%  56 2503 74 63%
c -  2.13 20 13 20 46 7118 2 205420 18033 1.7 14 8 4 8 83%  57 2503 74 63%
c -  2.22 20 13 20 47 8322 2 212202 19421 1.7 15 8 4 8 84%  57 2503 74 63%
c -  2.32 20 14 20 48 9349 2 219057 20599 1.7 15 9 4 8 84%  57 2503 74 63%
c }  2.41 20 14 21 48 10177 2 225422 25712 1.7 15 9 4 8 84%  57 2503 74 63%
c [  2.41 20 15 21 48 10177 1 225422 25712 1.4 17 12 5 12 83%  57 2503 74 63%
c W  2.41 22 15 21 48 10177 1 225422 25712 1.4 17 12 5 12 83%  57 2503 74 63%
c -  2.42 22 15 21 49 10177 1 225986 21795 1.4 17 12 5 12 83%  57 2503 74 63%
c s  2.44 22 15 21 49 10179 1 227974 23098 1.4 17 12 5 12 83%  57 2497 74 63%
c e  2.44 22 15 21 49 10179 1 227974 23098 1.4 17 12 5 12 83%  49 2536 69 58%
c ^  2.44 23 15 21 49 10179 1 227974 23098 1.4 17 12 5 12 83%  49 2536 69 58%
c -  2.48 24 15 21 50 10182 1 232986 16837 1.4 17 12 4 12 83%  49 2536 69 58%
c u  2.54 27 15 21 50 10183 1 237584 19431 1.4 16 12 4 12 83%  49 2536 69 58%
c v  2.55 27 15 21 50 10183 1 237584 18181 1.4 16 12 4 12 83%  49 2536 69 58%
c w  2.56 27 15 21 50 10183 1 237584 17999 1.4 16 12 4 12 83%  49 2536 69 58%
c o  2.56 27 15 21 50 10183 1 237584 17999 1.4 16 12 4 12 83%  49 2536 69 58%
c -  2.59 27 15 21 51 10186 1 240057 16814 1.4 17 12 4 12 83%  49 2536 69 58%
c -  2.65 27 16 21 52 10190 1 247198 16995 1.4 17 12 4 12 84%  49 2536 69 58%
c -  2.72 27 17 21 53 10191 1 254409 16330 1.4 17 13 4 12 84%  49 2536 69 58%
c I  2.78 27 17 21 53 10193 1 260775 20854 1.4 17 13 4 12 84%  49 2536 69 58%
c
c seconds   switched     rate          size/glue  tier1    binary     remaining
c        MB   reductions   conflicts         size   tier2    irredundant
c         level    restarts       redundant     glue    trail     variables
c
c -  2.79 27 17 21 54 10194 1 261690 16514 1.4 18 13 4 12 84%  49 2536 69 58%
c ]  2.82 27 17 22 54 10196 1 264942 18803 1.4 18 13 4 12 84%  49 2536 69 58%
c {  2.82 27 14 22 54 10196 2 264942 18803 1.7 15 9 4 8 84%  49 2536 69 58%
c -  2.88 27 14 22 55 10683 2 269039 18256 1.7 15 9 4 8 84%  49 2536 69 58%
c -  2.98 28 14 22 56 11277 2 276459 20411 1.8 16 9 4 8 85%  49 2536 69 58%
c -  3.14 28 15 22 57 12331 2 283944 22167 1.7 16 9 4 8 85%  49 2536 69 58%
c u  3.29 28 15 22 57 13292 2 289556 25653 1.7 16 10 4 8 85%  49 2536 69 58%
c v  3.32 28 15 22 57 13292 2 289556 25464 1.7 16 10 4 8 85%  49 2536 69 58%
c w  3.33 28 15 22 57 13292 2 289556 25428 1.7 16 10 4 8 85%  49 2536 69 58%
c -  3.49 32 16 22 58 13502 2 291494 22306 1.7 16 10 4 8 85%  49 2536 69 58%
c }  3.59 32 16 23 58 14106 2 296458 26015 1.7 17 10 4 8 85%  49 2536 69 58%
c [  3.59 32 17 23 58 14106 1 296458 26015 1.4 18 13 4 12 84%  49 2536 69 58%
c -  3.63 32 17 23 59 14108 1 299111 23514 1.4 18 13 4 12 84%  49 2536 69 58%
c B  3.65 32 17 23 59 14108 1 300217 24273 1.4 18 13 4 12 84%  49 2536 69 58%
c -  3.73 32 17 23 60 14112 1 306792 25121 1.4 18 13 4 12 84%  49 2536 69 58%
c o  3.79 32 17 23 60 14115 1 310925 28103 1.4 18 13 4 12 84%  49 2536 69 58%
c -  3.84 32 17 23 61 14117 1 314538 25549 1.4 18 13 4 12 84%  49 2536 69 58%
c -  3.94 32 18 23 62 14120 1 322350 24936 1.4 18 13 4 13 85%  49 2536 69 58%
c -  4.04 32 18 23 63 14121 1 330224 24187 1.4 18 13 4 13 85%  49 2536 69 58%
c -  4.14 32 18 23 64 14126 1 338162 25175 1.4 19 13 4 13 84%  49 2536 69 58%
c
c seconds   switched     rate          size/glue  tier1    binary     remaining
c        MB   reductions   conflicts         size   tier2    irredundant
c         level    restarts       redundant     glue    trail     variables
c
c ]  4.17 32 18 24 64 14127 1 340941 27241 1.4 19 13 4 13 84%  49 2536 69 58%
c {  4.17 32 16 24 64 14127 2 340941 27241 1.7 17 10 4 8 85%  49 2536 69 58%
c -  4.25 32 16 24 65 14388 2 346162 23513 1.7 17 10 3 9 85%  49 2536 69 58%
c u  4.28 32 16 24 65 14447 2 347157 24000 1.7 17 10 3 9 85%  49 2536 69 58%
c v  4.30 32 16 24 65 14447 2 347157 23704 1.7 17 10 3 9 85%  49 2536 69 58%
c w  4.31 32 16 24 65 14447 2 347157 23694 1.7 17 10 3 9 85%  49 2536 69 58%
c x  4.32 32 16 24 65 14447 2 347157 23691 1.7 17 10 3 9 85%  49 2514 69 58%
c e  4.33 32 16 24 65 14447 2 347240 23759 1.7 17 10 3 9 85%  40 2561 66 56%
c s  4.33 32 16 24 65 14447 2 347240 23759 1.7 17 10 3 9 85%  40 2560 66 56%
c !  4.33 32 16 24 65 14447 2 347240 23759 1.7 17 10 3 9 85%  40 2560 66 56%
c -  4.40 33 15 24 66 14587 2 354224 22151 1.7 16 10 3 8 85%  40 2560 66 56%
c -  4.50 33 15 24 67 15047 2 362349 23188 1.7 16 10 3 9 85%  40 2560 66 56%
c -  4.60 33 15 24 68 15383 2 370539 24306 1.7 16 10 3 8 85%  40 2560 66 56%
c }  4.70 33 15 25 68 15725 2 377620 29634 1.7 16 10 3 8 85%  40 2560 66 56%
c [  4.70 33 18 25 68 15725 1 377620 29634 1.4 19 13 4 13 84%  40 2560 66 56%
c W  4.70 33 18 25 68 15725 1 377620 29634 1.4 19 13 4 13 84%  40 2560 66 56%
c -  4.72 33 18 25 69 15726 1 378786 25040 1.4 19 13 4 13 84%  40 2560 66 56%
c -  4.81 33 18 25 70 15731 1 387092 23901 1.4 18 13 4 13 84%  40 2560 66 56%
c -  4.90 33 17 25 71 15736 1 395460 21816 1.4 18 13 4 12 84%  40 2560 66 56%
c -  4.98 33 17 25 72 15739 1 403887 22460 1.4 18 13 4 12 84%  40 2560 66 56%
c
c seconds   switched     rate          size/glue  tier1    binary     remaining
c        MB   reductions   conflicts         size   tier2    irredundant
c         level    restarts       redundant     glue    trail     variables
c
c u  5.07 33 17 25 72 15739 1 410624 26622 1.4 18 13 4 12 84%  40 2560 66 56%
c v  5.09 33 17 25 72 15739 1 410624 26454 1.4 18 13 4 12 84%  40 2560 66 56%
c w  5.10 33 17 25 72 15739 1 410624 26297 1.4 18 13 4 12 84%  40 2560 66 56%
c f  5.10 33 17 25 72 15739 1 410624 26297 1.4 18 13 4 12 84%  44 2539 67 57%
c u  5.13 36 17 25 72 15739 1 410624 26214 1.4 18 13 4 12 84%  44 2539 67 57%
c v  5.15 36 17 25 72 15739 1 410624 26099 1.4 18 13 4 12 84%  44 2539 67 57%
c w  5.16 37 17 25 72 15739 1 410624 26031 1.4 18 13 4 12 84%  44 2539 67 57%
c o  5.16 37 17 25 72 15739 1 410624 26031 1.4 18 13 4 12 84%  44 2539 67 57%
c -  5.19 37 17 25 73 15741 1 412374 21705 1.4 18 13 4 12 84%  44 2539 67 57%
c -  5.27 37 17 25 74 15746 1 420920 19709 1.4 18 13 4 12 84%  44 2539 67 57%
c ]  5.27 37 17 26 74 15746 1 421018 19771 1.4 18 13 4 12 84%  44 2539 67 57%
c {  5.27 37 15 26 74 15746 2 421018 19771 1.7 16 10 3 8 85%  44 2539 67 57%
c -  5.37 37 15 26 75 15999 2 429522 20753 1.7 16 10 3 8 85%  44 2539 67 57%
c -  5.47 37 15 26 76 16571 2 438184 24314 1.7 16 10 3 8 85%  44 2539 67 57%
c -  5.59 37 15 26 77 17079 2 446903 24940 1.7 16 10 3 8 85%  44 2539 67 57%
c -  5.70 37 14 26 78 17463 2 455678 25496 1.7 16 10 3 8 85%  44 2539 67 57%
c }  5.79 37 14 27 78 17620 2 463236 30337 1.7 16 10 3 8 85%  44 2539 67 57%
c [  5.79 37 17 27 78 17620 1 463236 30337 1.4 18 13 4 12 84%  44 2539 67 57%
c O  5.79 37 17 27 78 17620 1 463236 30337 1.4 18 13 4 12 84%  44 2539 67 57%
c -  5.81 37 17 27 79 17621 1 464511 25993 1.4 18 13 4 12 84%  44 2539 67 57%
c
c seconds   switched     rate          size/glue  tier1    binary     remaining
c        MB   reductions   conflicts         size   tier2    irredundant
c         level    restarts       redundant     glue    trail     variables
c
c -  5.91 37 17 27 80 17626 1 473400 26995 1.4 18 13 4 12 84%  44 2539 67 57%
c u  6.00 37 16 27 80 17630 1 479855 31833 1.5 18 12 4 12 84%  44 2539 67 57%
c v  6.02 37 16 27 80 17630 1 479855 31783 1.5 18 12 4 12 84%  44 2539 67 57%
c w  6.03 37 16 27 80 17630 1 479855 31759 1.5 18 12 4 12 84%  44 2539 67 57%
c x  6.05 37 16 27 80 17630 1 479855 31759 1.5 18 12 4 12 84%  44 2534 67 57%
c -  6.08 37 16 27 81 17632 1 482345 27317 1.5 18 12 4 12 84%  44 2534 67 57%
c -  6.19 37 16 27 82 17634 1 491345 27439 1.5 18 12 4 12 84%  45 2534 67 57%
c s  6.28 37 16 27 82 17636 1 497772 31550 1.5 17 12 4 12 84%  45 2531 67 57%
c -  6.32 37 15 27 83 17638 1 500401 26721 1.5 17 12 4 12 84%  45 2531 67 57%
c ]  6.38 37 15 28 83 17641 1 505833 30661 1.5 17 12 4 12 84%  45 2531 67 57%
c {  6.38 37 14 28 83 17641 2 505833 30661 1.7 16 10 3 8 85%  45 2531 67 57%
c -  6.42 37 14 28 84 17677 2 509511 27417 1.7 16 9 3 8 85%  45 2531 67 57%
c -  6.52 38 14 28 85 17747 2 518676 26999 1.7 15 9 3 8 85%  46 2531 67 57%
c -  6.62 38 13 28 86 17816 2 527896 26910 1.6 15 9 3 8 85%  47 2531 67 57%
c -  6.72 38 13 28 87 18003 1 537169 26846 1.6 15 9 3 8 85%  48 2531 67 57%
c -  6.82 38 13 28 88 18118 1 546496 26856 1.6 15 9 3 8 85%  49 2531 67 57%
c }  6.90 38 13 29 88 18275 1 553974 31722 1.6 14 9 3 8 85%  49 2531 67 57%
c [  6.90 38 15 29 88 18275 1 553974 31722 1.5 17 12 4 12 84%  49 2531 67 57%
c B  6.90 38 15 29 88 18275 1 553974 31722 1.5 17 12 4 12 84%  49 2531 67 57%
c o  6.90 38 15 29 88 18275 1 553974 31722 1.5 17 12 4 12 84%  49 2531 67 57%
c
c seconds   switched     rate          size/glue  tier1    binary     remaining
c        MB   reductions   conflicts         size   tier2    irredundant
c         level    restarts       redundant     glue    trail     variables
c
c u  6.95 38 15 29 88 18276 1 555068 32192 1.5 17 12 4 12 84%  50 2531 67 57%
c v  6.98 38 15 29 88 18276 1 555068 26603 1.5 17 12 4 12 84%  50 2531 67 57%
c w  7.00 38 15 29 88 18276 1 555068 25699 1.5 17 12 4 12 84%  50 2531 67 57%
c -  7.01 38 15 29 89 18276 1 555876 22198 1.5 17 12 4 12 84%  50 2531 67 57%
c -  7.11 38 15 29 90 18281 1 565309 23320 1.5 17 12 3 12 84%  50 2531 67 57%
c -  7.20 38 15 29 91 18287 1 574795 24853 1.5 18 12 3 12 85%  50 2531 67 57%
c -  7.31 38 15 29 92 18289 1 584334 25576 1.5 18 12 3 12 85%  50 2531 67 57%
c -  7.44 38 16 29 93 18295 1 593926 24597 1.5 18 12 3 12 85%  50 2531 67 57%
c ]  7.46 38 16 30 93 18296 1 596272 26291 1.5 18 12 3 12 85%  50 2531 67 57%
c {  7.46 38 13 30 93 18296 1 596272 26291 1.6 14 9 3 8 85%  50 2531 67 57%
c -  7.54 38 13 30 94 18654 1 603570 25416 1.6 14 9 3 8 85%  50 2531 67 57%
c -  7.68 38 13 30 95 19227 1 613267 27071 1.6 14 9 3 8 85%  50 2531 67 57%
c -  7.82 38 13 30 96 19987 1 623013 28270 1.6 14 9 3 8 85%  50 2531 67 57%
c -  7.95 38 13 30 97 20522 1 632811 28671 1.6 14 9 3 8 85%  50 2531 67 57%
c u  8.02 40 13 30 97 20731 1 636295 30208 1.6 14 9 3 8 85%  50 2531 67 57%
c v  8.06 41 13 30 97 20731 1 636295 30120 1.6 14 9 3 8 85%  50 2531 67 57%
c w  8.07 41 13 30 97 20731 1 636295 30101 1.6 14 9 3 8 85%  50 2531 67 57%
c -  8.29 42 13 30 98 21055 1 642660 28273 1.6 14 9 3 8 85%  50 2531 67 57%
c }  8.39 42 13 31 98 21264 1 650706 33555 1.6 14 9 3 8 85%  50 2531 67 57%
c [  8.39 42 16 31 98 21264 1 650706 33555 1.5 18 12 3 12 85%  50 2531 67 57%
c
c seconds   switched     rate          size/glue  tier1    binary     remaining
c        MB   reductions   conflicts         size   tier2    irredundant
c         level    restarts       redundant     glue    trail     variables
c
c W  8.40 43 16 31 98 21264 1 650706 33555 1.5 18 12 3 12 85%  50 2531 67 57%
c -  8.42 44 16 31 99 21265 1 652560 28521 1.5 18 12 3 12 85%  50 2531 67 57%
c -  8.54 44 15 31 100 21270 1 662509 28000 1.5 18 12 3 12 85%  50 2531 67 57%
c -  8.64 44 16 31 101 21277 1 672510 26286 1.5 18 12 3 12 85%  50 2531 67 57%
c s  8.76 44 16 31 101 21278 1 682155 33506 1.5 18 12 3 12 85%  51 2529 67 57%
c e  8.76 44 16 31 101 21278 1 682155 33506 1.5 18 12 3 12 85%  47 2547 66 56%
c o  8.76 45 16 31 101 21278 1 682155 33402 1.5 18 12 3 12 85%  47 2547 66 56%
c -  8.77 46 16 31 102 21278 1 682561 24917 1.5 19 12 3 12 85%  47 2547 66 56%
c -  8.93 46 16 31 103 21285 1 692660 27265 1.6 19 12 3 12 85%  47 2547 66 56%
c -  9.07 46 16 31 104 21290 1 702808 28342 1.6 19 12 3 12 85%  47 2547 66 56%
c ]  9.13 46 16 32 104 21292 1 707276 31896 1.6 19 12 3 12 85%  47 2547 66 56%
c {  9.13 46 13 32 104 21292 1 707276 31896 1.6 14 9 3 8 85%  47 2547 66 56%
c -  9.22 47 12 32 105 21595 1 713006 30034 1.6 14 9 3 8 84%  47 2547 66 56%
c -  9.34 47 12 32 106 21825 1 723252 29810 1.6 14 9 3 8 84%  48 2547 66 56%
c u  9.38 47 12 32 106 21879 1 723663 29219 1.6 14 9 3 8 84%  49 2547 66 56%
c v  9.41 47 12 32 106 21879 1 723663 27676 1.6 14 9 3 8 84%  49 2547 66 56%
c w  9.43 47 12 32 106 21879 1 723663 27355 1.6 14 9 3 8 84%  49 2547 66 56%
c f  9.43 47 12 32 106 21879 1 723663 27355 1.6 14 9 3 8 84%  52 2527 67 57%
c u  9.46 50 12 32 106 21879 1 723663 26937 1.6 14 9 3 8 84%  54 2527 67 57%
c v  9.48 50 12 32 106 21879 1 723663 25814 1.6 14 9 3 8 84%  53 2527 67 57%
c
c seconds   switched      rate          size/glue tier1   binary     remaining
c        MB   reductions    conflicts         size  tier2   irredundant
c         level     restarts       redundant    glue   trail     variables
c
c w  9.49 50 12 32 106 21879 1 723663 25504 1.6 14 9 3 8 84%  53 2527 67 57%
c x  9.51 50 12 32 106 21879 1 723663 25479 1.6 14 9 3 8 84%  53 2242 67 57%
c -  9.63 50 12 32 107 22456 1 733547 26576 1.6 14 9 3 8 84%  53 2242 67 57%
c -  9.75 50 12 32 108 22853 1 743893 27955 1.6 14 9 3 8 84%  54 2242 67 57%
c -  9.86 50 12 32 109 23033 1 754285 28230 1.6 14 9 3 8 84%  55 2242 67 57%
c i  9.93 50 12 32 109 23035 1 760111 31504 1.5 13 9 3 8 84%  59 2242 66 56%
c -  9.99 50 12 32 110 23281 1 764725 18813 1.5 13 9 3 8 84%  48 2242 66 56%
c } 10.03 50 12 33 110 23485 1 768380 21195 1.5 13 9 3 8 84%  49 2242 66 56%
c [ 10.03 50 16 33 110 23485 1 768380 21195 1.6 19 12 3 12 85%  49 2242 66 56%
c I 10.03 50 16 33 110 23485 1 768380 21195 1.6 19 12 3 12 85%  49 2242 66 56%
c - 10.10 50 16 33 111 23490 1 775213 22471 1.6 19 12 3 12 85%  49 2242 66 56%
c - 10.21 50 16 33 112 23495 1 785748 25203 1.6 19 12 3 12 85%  49 2242 66 56%
c - 10.34 50 16 33 113 23499 1 796331 26513 1.6 19 12 3 12 85%  49 2242 66 56%
c - 10.45 50 16 33 114 23504 1 806963 27658 1.6 18 12 3 12 84%  49 2242 66 56%
c - 10.58 50 16 33 115 23509 1 817640 27553 1.6 18 12 3 11 84%  49 2242 66 56%
c u 10.64 50 15 33 115 23511 1 819140 28110 1.6 18 12 3 11 84%  49 2242 66 56%
c v 10.67 51 15 33 115 23511 1 819140 27529 1.6 18 12 3 11 84%  49 2242 66 56%
c w 10.68 51 15 33 115 23511 1 819140 26549 1.6 18 12 3 11 84%  49 2242 66 56%
c o 10.69 51 15 33 115 23511 1 819140 26549 1.6 18 12 3 11 84%  49 2242 66 56%
c - 10.80 51 15 33 116 23514 1 828364 27838 1.6 18 11 3 11 84%  49 2242 66 56%
c
c seconds   switched      rate          size/glue  tier1    binary     remaining
c        MB   reductions    conflicts         size   tier2    irredundant
c         level     restarts       redundant     glue    trail     variables
c
c ] 10.84 51 15 34 116 23514 1 831757 30708 1.6 18 12 3 11 84%  49 2242 66 56%
c { 10.84 51 12 34 116 23514 1 831757 30708 1.5 13 9 3 8 84%  49 2242 66 56%
c - 10.94 51 12 34 117 23524 1 839134 29550 1.6 13 9 3 8 84%  49 2242 66 56%
c - 11.11 51 11 34 118 23529 1 849951 32314 1.6 14 8 3 8 84%  50 2242 66 56%
c - 11.24 51 11 34 119 23529 1 860814 34133 1.7 14 8 3 8 84%  50 2242 66 56%
c - 11.38 51 11 34 120 23531 1 871723 34764 1.7 14 8 3 8 84%  50 2242 66 56%
c - 11.54 51 11 34 121 23533 1 882679 34952 1.8 14 8 3 8 84%  50 2242 66 56%
c - 11.69 51 10 34 122 23538 1 893679 34570 1.8 14 8 3 8 84%  53 2242 66 56%
c i 11.72 51 10 34 122 23538 1 896510 35991 1.8 14 8 3 8 84%  65 2242 65 55%
c } 11.77 51 10 35 122 23538 1 899904 38875 1.8 14 8 3 8 84%  66 2241 65 55%
c [ 11.77 51 15 35 122 23538 1 899904 38875 1.6 18 12 3 11 84%  66 2241 65 55%
c B 11.77 51 15 35 122 23538 1 899904 38875 1.6 18 12 3 11 84%  66 2241 65 55%
c s 11.79 51 16 35 122 23539 1 901965 40448 1.6 18 12 3 11 84%  66 2089 65 55%
c e 11.79 51 16 35 122 23539 1 901965 40448 1.6 18 12 3 11 84%  41 2105 64 54%
c - 11.83 51 16 35 123 23541 1 904724 29586 1.6 18 12 3 12 84%  43 2105 64 54%
c - 11.97 51 15 35 124 23547 1 915814 27080 1.6 18 12 3 11 84%  43 2105 64 54%
c u 12.06 51 15 35 124 23551 1 921060 29912 1.6 18 12 3 11 84%  42 2105 64 54%
c v 12.09 51 15 35 124 23551 1 921060 29429 1.6 18 12 3 11 84%  42 2105 64 54%
c w 12.11 51 15 35 124 23551 1 921060 28501 1.6 18 12 3 11 84%  42 2105 64 54%
c x 12.13 51 15 35 124 23551 1 921060 28495 1.6 18 12 3 11 84%  43 1791 64 54%
c
c seconds   switched      rate          size/glue  tier1    binary     remaining
c        MB   reductions    conflicts         size   tier2    irredundant
c         level     restarts       redundant     glue    trail     variables
c
c t 12.13 51 15 35 124 23551 1 921060 28495 1.6 18 12 3 11 84%  42 1791 64 54%
c - 12.21 52 15 35 125 23552 1 926950 26106 1.6 18 12 3 11 84%  42 1791 64 54%
c - 12.34 52 15 35 126 23556 1 938130 28071 1.6 18 11 3 11 84%  42 1791 64 54%
c - 12.46 52 15 35 127 23562 1 949354 29941 1.6 17 11 3 11 84%  44 1791 64 54%
c i 12.48 52 14 35 127 23564 1 950987 30776 1.6 17 11 3 11 83%  50 1791 62 53%
c o 12.48 52 14 35 127 23564 1 950987 30776 1.6 17 11 3 11 83%  50 1791 62 53%
c i 12.57 52 14 35 127 23567 1 959938 35901 1.6 17 11 3 11 83%  57 1791 59 50%
c - 12.58 52 14 35 128 23567 1 960625 13247 1.6 17 11 3 11 83%  64 1483 59 50%
c i 12.61 52 14 35 128 23567 1 964056 14962 1.5 16 11 3 11 83%  69 1483 56 47%
c i 12.61 52 14 35 128 23567 1 964772 15155 1.5 16 11 3 11 83%  75 1483 46 39%
c i 12.62 52 14 35 128 23567 1 965070 15276 1.5 16 11 3 11 83%  80 1483 43 36%
c i 12.62 52 14 35 128 23567 1 965096 15285 1.5 16 11 3 11 83%  84 1483 39 33%
c i 12.62 52 14 35 128 23567 1 965098 15285 1.5 16 11 3 11 83%  85 1483 38 32%
c i 12.62 52 14 35 128 23567 1 965100 15285 1.5 16 11 3 11 83%  86 1483 35 30%
c i 12.62 52 14 35 128 23567 1 965106 15286 1.5 16 11 3 11 83%  89 1483 33 28%
c i 12.62 52 14 35 128 23567 1 965114 15288 1.5 16 11 3 11 83%  91 1483 28 24%
c ] 12.62 52 14 35 128 23567 1 965118 15287 1.5 16 11 3 11 83%  92 1483  1 1%
c 0 12.62 52 10 35 128 23567 1 965118 15287 1.8 14 8 3 8 84%  92 1483  1 1%
c
c ---- [ result ] ------------------------------------------------------------
c
s UNSATISFIABLE
c
c ---- [ profiling ] ---------------------------------------------------------
c
c          11.24   89.12 %  search
c           5.76   45.62 %  focused
c           5.49   43.50 %  stable
c           1.36   10.79 %  simplify
c           1.32   10.45 %  probe
c           1.00    7.96 %  vivify
c           0.28    2.20 %  sweep
c           0.22    1.72 %  reduce
c           0.04    0.32 %  eliminate
c           0.03    0.23 %  substitute
c           0.02    0.17 %  subsume
c           0.01    0.09 %  walking
c           0.01    0.07 %  preprocess
c           0.01    0.04 %  factor
c           0.00    0.01 %  congruence
c           0.00    0.01 %  transitive
c           0.00    0.01 %  parse
c           0.00    0.00 %  lucky
c           0.00    0.00 %  backbone
c =============================================
c          12.62  100.00 %  total
c
c ---- [ statistics ] --------------------------------------------------------
c
c conflicts:                           965118            76488.54 per second
c decisions:                          1229758                1.27 per conflict
c eliminated:                             162              137 %  variables
c factored:                               110               93 %  variables
c iterations:                              13               11 %  variables
c propagations:                      14149940          1121426    per second
c reductions:                             128             7540    interval
c reordered:                               13            74240    interval
c rephased:                                22            43869    interval
c restarts:                             23567               41    interval
c strengthened:                             3                0 %  checks
c subsumed:                               187                0 %  checks
c switched:                                35            27575    interval
c vivified:                             33796               65 %  checks
c walks:                                    7           137874    interval
c
c ---- [ glue usage ] --------------------------------------------------------
c
c focused glue 3   used 518030 clauses 17.79% accumulated 61.98% tier1
c focused glue 4   used 260189 clauses  8.94% accumulated 70.92%
c focused glue 5-6 used 390594 clauses 13.41% accumulated 84.33%
c focused glue 7   used 141021 clauses  4.84% accumulated 89.18%
c focused glue 8   used 104365 clauses  3.58% accumulated 92.76% tier2
c
c stable glue 3   used 504596 clauses 15.50% accumulated 56.04% tier1
c stable glue 4   used 242335 clauses  7.44% accumulated 63.48%
c stable glue 5-9 used 724399 clauses 22.25% accumulated 85.73%
c stable glue 10  used  85285 clauses  2.62% accumulated 88.35%
c stable glue 11  used  79871 clauses  2.45% accumulated 90.80% tier2
c
c ---- [ resources ] ---------------------------------------------------------
c
c maximum-resident-set-size:      56371445760 bytes      53760 MB
c process-time:                            13s              12.62 seconds
c
c ---- [ shutting down ] -----------------------------------------------------
c
c exit 20
