c ---- [ banner ] ------------------------------------------------------------
c
c Kissat SAT Solver
c 
c Copyright (c) 2021-2024 Armin Biere University of Freiburg
c Copyright (c) 2019-2021 Armin Biere Johannes Kepler University Linz
c 
c Version 4.0.4 8af8e56f174b778aef3aa45af9f739b2a5f492c2
c Apple clang version 17.0.0 (clang-1700.6.3.2) -W -Wall -O3 -DNDEBUG
c Mon Mar 30 18:25:47 CEST 2026 Darwin Mac 24.6.0 arm64
c
c ---- [ parsing ] -----------------------------------------------------------
c
c opened and reading DIMACS file:
c
c   tmp.cnf
c
c parsed 'p cnf 153 21624' header
c closing input after reading 622150 bytes (608 KB)
c finished parsing after 0.00 seconds
c
c ---- [ solving ] -----------------------------------------------------------
c
c seconds switched rate     size/glue tier1 binary       remaining
c        MB reductions conflicts size  tier2   irredundant
c         level restarts redundant glue  trail       variables
c
c *  0.00  7 0 0 0  0 0   0   0 0.0 0 0 0 0 0%   0 21624 151 100%
c (  0.01 10 0 0 0  0 0   0   0 0.0 0 0 0 0 0%   0 21624 151 100%
c .  0.01 10 0 0 0  0 0   0   0 0.0 0 0 0 0 0%   0 21624 151 100%
c f  0.02 10 0 0 0  0 0   0   0 0.0 0 0 0 0 0% 292 18896 275 182%
c )  0.02 10 0 0 0  0 0   0   0 0.0 0 0 0 0 0% 292 18896 275 182%
c {  0.02 10 0 0 0  0 0   0   0 0.0 0 0 2 6 0% 292 18896 275 182%
c -  0.03 10 18 0 1 29 2 1001 583 2.4 17 7 7 10 50% 292 18896 275 182%
c }  0.03 10 18 1 1 29 2 1001 583 2.4 17 7 7 10 50% 292 18896 275 182%
c [  0.03 10 0 1 1 29 0 1001 583 0.0 0 0 2 6 0% 292 18896 275 182%
c B  0.03 10 0 1 1 29 0 1001 583 0.0 0 0 2 6 0% 292 18896 275 182%
c ]  0.03 10 101 2 1 29 2 1261 779 2.6 16 6 6 8 84% 293 18895 275 182%
c {  0.03 10 18 2 1 29 2 1261 779 2.4 17 7 7 10 50% 293 18895 275 182%
c -  0.05 10 53 2 2 29 2 2004 1273 2.6 17 7 6 9 64% 293 18895 275 182%
c }  0.06 10 48 3 2 153 2 2262 1493 2.4 17 7 6 9 63% 296 18892 275 182%
c [  0.06 10 101 3 2 153 2 2262 1493 2.6 16 6 6 8 84% 296 18892 275 182%
c W  0.06 10 101 3 2 153 2 2262 1493 2.6 16 6 6 8 84% 296 18892 275 182%
c u  0.07 10 48 3 2 153 1 2732 1842 1.7 19 11 6 8 63% 296 18892 275 182%
c v  0.07 10 48 3 2 153 1 2732 1832 1.7 19 11 6 8 63% 296 18892 275 182%
c w  0.07 10 48 3 2 153 1 2732 1828 1.7 19 11 6 8 63% 296 18892 275 182%
c x  0.07 10 48 3 2 153 1 2732 1828 1.7 19 11 6 8 63% 302 18883 275 182%
c
c seconds  switched  rate       size/glue  tier1   binary       remaining
c        MB reductions conflicts      size   tier2    irredundant
c         level restarts   redundant     glue   trail       variables
c
c f  0.07 10 48 3 2 153 1 2732 1828 1.7 19 11 6 8 63% 331 18831 294 195%
c u  0.07 10 48 3 2 153 1 2732 1822 1.7 19 11 6 8 63% 331 18831 294 195%
c v  0.08 10 48 3 2 153 1 2732 1814 1.7 19 11 6 8 63% 331 18831 294 195%
c w  0.08 10 48 3 2 153 1 2732 1814 1.7 19 11 6 8 63% 331 18831 294 195%
c x  0.08 10 48 3 2 153 1 2732 1814 1.7 19 11 6 8 63% 337 18821 294 195%
c -  0.09 10 34 3 3 154 1 3419 2179 1.5 18 12 8 16 60% 337 18821 294 195%
c I  0.10 10 27 3 3 155 1 4525 2985 1.4 18 13 8 15 57% 337 18821 294 195%
c -  0.10 11 27 3 4 155 1 5151 3116 1.4 19 13 8 16 56% 337 18821 294 195%
c ]  0.11 11 27 4 4 155 1 5583 3413 1.4 19 14 8 16 56% 337 18821 294 195%
c {  0.11 11 48 4 4 155 2 5583 3413 2.4 17 7 6 9 63% 337 18821 294 195%
c -  0.14 11 35 4 5 412 3 7154 3935 2.2 17 8 5 10 63% 337 18821 294 195%
c }  0.16 11 32 5 5 525 3 7938 4596 2.2 17 8 5 10 62% 337 18821 294 195%
c [  0.16 11 27 5 5 525 1 7938 4596 1.4 19 14 8 16 56% 337 18821 294 195%
c B  0.16 11 26 5 5 525 1 8297 4853 1.4 19 14 8 16 57% 337 18821 294 195%
c u  0.17 11 26 5 5 525 1 8414 4945 1.4 19 14 8 16 56% 337 18821 294 195%
c v  0.17 11 26 5 5 525 1 8414 4939 1.4 19 14 8 16 56% 337 18821 294 195%
c w  0.17 11 26 5 5 525 1 8414 4938 1.4 19 14 8 16 56% 337 18821 294 195%
c -  0.18 11 24 5 6 526 1 9390 4841 1.4 18 13 8 16 55% 337 18821 294 195%
c -  0.20 12 21 5 7 527 1 11839 5436 1.3 17 13 7 15 53% 337 18821 294 195%
c s  0.24 12 20 5 7 529 1 13655 6680 1.3 17 13 7 15 53% 337 18806 294 195%
c
c seconds  switched  rate        size/glue  tier1    binary       remaining
c        MB reductions conflicts       size   tier2     irredundant
c         level restarts    redundant     glue    trail       variables
c
c e  0.24 12 20 5 7 529 1 13655 6680 1.3 17 13 7 15 53% 130 10701 129 85%
c s  0.26 12 20 5 7 529 1 13655 6680 1.3 17 13 7 15 53% 130 10699 129 85%
c ^  0.26 12 20 5 7 529 1 13655 6680 1.3 17 13 7 15 53% 130 10699 129 85%
c o  0.26 12 20 5 7 529 1 13655 4024 1.3 17 13 7 15 53% 130 10699 129 85%
c W  0.26 13 20 5 7 529 1 13827 4171 1.3 17 13 7 15 53% 130 10699 129 85%
c ]  0.26 13 20 6 7 530 1 14289 4537 1.3 17 13 7 15 54% 130 10699 129 85%
c {  0.26 13 32 6 7 530 3 14289 4537 2.2 17 8 5 10 62% 130 10699 129 85%
c -  0.27 13 32 6 8 552 3 14484 3862 2.2 17 8 5 10 63% 130 10699 129 85%
c u  0.33 14 26 6 8 733 3 17239 6141 2.3 17 7 5 10 69% 130 10699 129 85%
c v  0.33 14 26 6 8 733 3 17239 6131 2.3 17 7 5 10 69% 130 10699 129 85%
c w  0.33 14 26 6 8 733 3 17239 6129 2.3 17 7 5 10 69% 130 10699 129 85%
c f  0.33 14 26 6 8 733 3 17239 6129 2.3 17 7 5 10 69% 137 10683 133 88%
c u  0.34 16 26 6 8 733 3 17239 6122 2.3 17 7 5 10 69% 137 10683 133 88%
c v  0.34 16 26 6 8 733 3 17239 6109 2.3 17 7 5 10 69% 137 10683 133 88%
c w  0.34 16 26 6 8 733 3 17239 6109 2.3 17 7 5 10 69% 137 10683 133 88%
c -  0.37 18 26 6 9 755 3 17312 5310 2.3 17 7 4 9 69% 137 10683 133 88%
c }  0.39 18 25 7 9 873 3 18358 6179 2.3 17 7 4 9 69% 137 10683 133 88%
c [  0.39 18 20 7 9 873 1 18358 6179 1.3 17 13 7 15 54% 137 10683 133 88%
c -  0.42 19 20 7 10 874 1 20312 6776 1.5 18 12 7 14 58% 137 10683 133 88%
c O  0.43 19 19 7 10 875 1 21360 7638 1.5 18 12 7 14 60% 137 10683 133 88%
c
c seconds  switched   rate        size/glue  tier1    binary       remaining
c        MB  reductions conflicts       size   tier2     irredundant
c         level  restarts    redundant     glue    trail       variables
c
c -  0.45 19 18 7 11 876 1 23474 8013 1.6 18 12 6 14 61% 137 10683 133 88%
c ]  0.48 19 18 8 11 878 1 25859 9527 1.5 18 12 6 14 62% 137 10683 133 88%
c {  0.48 19 25 8 11 878 3 25859 9527 2.3 17 7 4 9 69% 137 10683 133 88%
c o  0.48 19 25 8 11 903 3 25956 9604 2.3 17 7 4 9 69% 137 10683 133 88%
c -  0.50 19 24 8 12 1142 3 26791 8563 2.2 17 8 4 9 70% 137 10683 133 88%
c e  0.57 19 23 8 12 1519 3 28253 9765 2.0 17 8 4 9 70% 117 10714 116 77%
c ^  0.59 19 23 8 12 1519 3 28253 9765 2.0 17 8 4 9 70% 117 10714 116 77%
c u  0.63 19 22 8 12 1886 3 30231 5182 2.0 17 9 4 9 71% 117 10714 116 77%
c v  0.64 19 22 8 12 1886 3 30231 5110 2.0 17 9 4 9 71% 117 10714 116 77%
c w  0.64 19 22 8 12 1886 3 30231 5109 2.0 17 9 4 9 71% 117 10714 116 77%
c f  0.65 19 22 8 12 1886 3 30231 5109 2.0 17 9 4 9 71% 125 10697 119 79%
c u  0.65 21 22 8 12 1886 3 30231 5072 2.0 17 9 4 9 71% 125 10697 119 79%
c v  0.66 21 22 8 12 1886 3 30231 5061 2.0 17 9 4 9 71% 125 10697 119 79%
c w  0.66 21 22 8 12 1886 3 30231 5059 2.0 17 9 4 9 71% 125 10697 119 79%
c -  0.67 21 22 8 13 1892 3 30255 4274 2.0 17 9 4 10 71% 125 10697 119 79%
c }  0.70 21 22 9 13 2186 3 32018 5705 1.9 17 9 4 10 71% 125 10697 119 79%
c [  0.70 21 18 9 13 2186 1 32018 5705 1.5 18 12 6 14 62% 125 10697 119 79%
c B  0.70 21 18 9 13 2186 1 32018 5705 1.5 18 12 6 14 62% 125 10697 119 79%
c -  0.71 21 18 9 14 2187 1 33861 5931 1.5 18 12 7 14 64% 126 10696 119 79%
c -  0.74 21 20 9 15 2190 1 37602 6517 1.5 19 13 7 14 66% 126 10696 119 79%
c
c seconds  switched    rate        size/glue  tier1    binary       remaining
c        MB  reductions  conflicts       size   tier2     irredundant
c         level   restarts    redundant     glue    trail       variables
c
c -  0.78 21 20 9 16 2192 1 41476 6715 1.4 19 13 7 15 67% 126 10696 119 79%
c W  0.81 21 20 9 16 2192 1 44241 8722 1.4 19 14 7 15 67% 126 10696 119 79%
c ]  0.82 21 20 10 16 2193 1 45112 9366 1.4 19 14 7 15 68% 126 10696 119 79%
c {  0.82 21 22 10 16 2193 3 45112 9366 1.9 17 9 4 10 71% 126 10696 119 79%
c -  0.83 22 22 10 17 2240 3 45477 7590 1.9 17 9 4 10 71% 126 10696 119 79%
c o  0.84 22 21 10 17 2306 3 45958 7963 1.9 17 9 4 10 71% 126 10696 119 79%
c u  0.86 22 21 10 17 2462 3 46959 8742 1.9 17 9 4 10 72% 126 10696 119 79%
c v  0.87 24 21 10 17 2462 3 46959 8709 1.9 17 9 4 10 72% 126 10696 119 79%
c w  0.87 25 21 10 17 2462 3 46959 8708 1.9 17 9 4 10 72% 126 10696 119 79%
c -  0.92 25 20 10 18 2655 3 49601 9288 1.9 17 9 4 10 73% 126 10696 119 79%
c }  1.00 25 20 11 18 3351 3 53739 12686 1.9 17 9 4 10 73% 126 10696 119 79%
c [  1.00 25 20 11 18 3351 1 53739 12686 1.4 19 14 7 15 68% 126 10696 119 79%
c -  1.00 25 20 11 19 3351 1 53846 10880 1.4 19 14 7 15 68% 126 10696 119 79%
c -  1.04 25 20 11 20 3354 1 58206 11538 1.4 19 13 6 14 68% 126 10696 119 79%
c I  1.05 25 19 11 20 3355 1 59145 12177 1.4 18 13 6 14 68% 126 10696 119 79%
c s  1.09 25 19 11 20 3355 1 59894 12708 1.4 19 13 6 14 68% 126 10693 119 79%
c e  1.10 25 19 11 20 3355 1 59894 12708 1.4 19 13 6 14 68% 116 10712 113 75%
c ^  1.11 25 19 11 20 3355 1 59894 12708 1.4 19 13 6 14 68% 116 10712 113 75%
c -  1.14 25 20 11 21 3357 1 62679 9583 1.4 19 14 6 14 69% 116 10712 113 75%
c -  1.19 25 20 11 22 3359 1 67261 9433 1.4 19 14 6 14 69% 116 10712 113 75%
c
c seconds   switched    rate        size/glue  tier1    binary       remaining
c        MB   reductions  conflicts       size   tier2     irredundant
c         level    restarts    redundant     glue    trail       variables
c
c u  1.20 25 20 11 22 3359 1 67542 9559 1.4 19 14 6 14 69% 116 10712 113 75%
c v  1.21 27 20 11 22 3359 1 67542 9501 1.4 19 14 6 14 69% 116 10712 113 75%
c w  1.22 28 20 11 22 3359 1 67542 9489 1.4 19 14 6 14 69% 116 10712 113 75%
c f  1.26 28 20 11 22 3359 1 67542 9489 1.4 19 14 6 14 69% 117 10706 114 75%
c u  1.27 28 20 11 22 3359 1 67542 9413 1.4 19 14 6 14 69% 117 10706 114 75%
c v  1.28 28 20 11 22 3359 1 67542 9359 1.4 19 14 6 14 69% 117 10706 114 75%
c w  1.28 28 20 11 22 3359 1 67542 9340 1.4 19 14 6 14 69% 117 10706 114 75%
c ]  1.28 28 20 12 22 3359 1 68100 9769 1.4 19 14 6 14 69% 117 10706 114 75%
c {  1.28 28 20 12 22 3359 3 68100 9769 1.9 17 9 4 10 73% 117 10706 114 75%
c -  1.35 28 19 12 23 3769 3 71951 10658 1.9 17 9 4 10 74% 118 10705 114 75%
c o  1.42 28 18 12 23 4207 3 76112 13883 1.9 17 9 4 10 74% 118 10705 114 75%
c -  1.43 28 18 12 24 4331 3 76747 12298 1.8 17 9 4 10 74% 118 10705 114 75%
c }  1.47 28 18 13 24 4380 2 79579 14790 1.9 18 9 4 10 75% 118 10705 114 75%
c [  1.47 28 20 13 24 4380 1 79579 14790 1.4 19 14 6 14 69% 118 10705 114 75%
c B  1.47 28 20 13 24 4380 1 79579 14790 1.4 19 14 6 14 69% 118 10705 114 75%
c -  1.49 28 20 13 25 4382 1 81646 13377 1.4 19 14 6 14 70% 118 10705 114 75%
c -  1.53 28 20 13 26 4385 1 86649 12978 1.3 19 14 6 14 70% 119 10704 114 75%
c -  1.57 28 20 13 27 4386 1 91748 12865 1.3 18 14 6 14 70% 119 10704 114 75%
c u  1.59 28 20 13 27 4387 1 92123 12995 1.3 18 14 6 14 70% 119 10704 114 75%
c v  1.60 28 20 13 27 4387 1 92123 12951 1.3 18 14 6 14 70% 119 10704 114 75%
c
c seconds   switched    rate         size/glue  tier1    binary       remaining
c        MB   reductions  conflicts        size   tier2     irredundant
c         level    restarts     redundant     glue    trail       variables
c
c w  1.60 28 20 13 27 4387 1 92123 12937 1.3 18 14 6 14 70% 119 10704 114 75%
c -  1.67 28 19 13 28 4390 1 96945 13679 1.3 18 13 6 14 70% 119 10704 114 75%
c ]  1.68 28 19 14 28 4391 1 97229 13854 1.3 18 13 6 14 70% 119 10704 114 75%
c {  1.68 28 18 14 28 4391 2 97229 13854 1.9 18 9 4 10 75% 119 10704 114 75%
c -  1.77 28 18 14 29 4827 2 102236 14756 1.9 17 9 4 10 75% 120 10704 114 75%
c -  1.87 28 17 14 30 5368 2 107621 15849 1.8 17 9 4 10 75% 120 10704 114 75%
c s  1.93 28 17 14 30 5634 2 110861 18212 1.8 17 9 4 10 74% 120 10693 114 75%
c e  1.93 28 17 14 30 5634 2 110861 18212 1.8 17 9 4 10 74% 106 10726 108 72%
c ^  1.93 28 17 14 30 5634 2 110861 18212 1.8 17 9 4 10 74% 106 10726 108 72%
c }  1.95 28 17 15 30 5666 2 111944 16534 1.8 17 9 4 10 75% 106 10726 108 72%
c [  1.95 28 19 15 30 5666 1 111944 16534 1.3 18 13 6 14 70% 106 10726 108 72%
c W  1.95 28 19 15 30 5666 1 111944 16534 1.3 18 13 6 14 70% 106 10726 108 72%
c -  1.96 29 19 15 31 5667 1 113099 14378 1.3 18 13 6 13 70% 106 10726 108 72%
c -  2.01 29 18 15 32 5671 1 118666 14903 1.3 18 13 6 13 71% 106 10726 108 72%
c u  2.05 32 18 15 32 5672 1 120849 16324 1.4 17 13 6 13 71% 106 10726 108 72%
c v  2.06 33 18 15 32 5672 1 120849 16269 1.4 17 13 6 13 71% 106 10726 108 72%
c w  2.06 33 18 15 32 5672 1 120849 16260 1.4 17 13 6 13 71% 106 10726 108 72%
c o  2.07 33 18 15 32 5672 1 120849 16260 1.4 17 13 6 13 71% 106 10726 108 72%
c -  2.12 33 18 15 33 5672 1 124322 14916 1.4 18 13 6 13 71% 106 10726 108 72%
c -  2.20 33 18 15 34 5677 1 130068 14078 1.4 18 13 6 14 72% 106 10726 108 72%
c
c seconds   switched    rate          size/glue  tier1    binary       remaining
c        MB   reductions  conflicts         size   tier2     irredundant
c         level    restarts      redundant     glue    trail       variables
c
c ]  2.26 33 18 16 34 5679 1 134268 16998 1.4 18 13 6 14 72% 106 10726 108 72%
c {  2.26 33 17 16 34 5679 2 134268 16998 1.8 17 9 4 10 75% 106 10726 108 72%
c -  2.29 33 17 16 35 5859 2 135898 14221 1.8 17 9 4 10 75% 106 10726 108 72%
c -  2.39 33 17 16 36 6287 2 141814 16322 1.8 17 9 4 10 75% 106 10726 108 72%
c -  2.50 33 16 16 37 7029 2 147815 18256 1.8 17 10 4 10 75% 106 10726 108 72%
c }  2.58 33 16 17 37 7326 2 152605 21927 1.8 17 9 4 10 75% 106 10726 108 72%
c [  2.58 33 18 17 37 7326 1 152605 21927 1.4 18 13 6 14 72% 106 10726 108 72%
c O  2.58 33 18 17 37 7326 1 152605 21927 1.4 18 13 6 14 72% 106 10726 108 72%
c u  2.62 33 18 17 37 7327 1 153807 22674 1.4 18 13 6 14 73% 106 10726 108 72%
c v  2.64 34 18 17 37 7327 1 153807 22645 1.4 18 13 6 14 73% 106 10726 108 72%
c w  2.65 34 18 17 37 7327 1 153807 22641 1.4 18 13 6 14 73% 106 10726 108 72%
c -  2.65 34 18 17 38 7327 1 153899 18958 1.4 18 13 6 14 73% 106 10726 108 72%
c -  2.75 34 18 17 39 7331 1 160064 18694 1.4 18 13 6 13 73% 106 10726 108 72%
c -  2.83 34 18 17 40 7334 1 166308 17701 1.4 18 13 6 13 73% 106 10726 108 72%
c -  2.91 34 18 17 41 7338 1 172633 17521 1.4 18 13 6 13 73% 106 10726 108 72%
c ]  2.94 34 18 18 41 7339 1 174934 19189 1.4 18 13 6 13 73% 106 10726 108 72%
c {  2.94 34 16 18 41 7339 2 174934 19189 1.8 17 9 4 10 75% 106 10726 108 72%
c o  2.94 34 16 18 41 7340 2 174937 19192 1.8 17 9 4 10 75% 106 10726 108 72%
c -  3.00 34 16 18 42 7341 2 179038 17946 1.8 17 9 4 10 75% 106 10726 108 72%
c e  3.07 34 15 18 42 7343 2 183281 21412 1.8 17 9 4 10 76%  85 10805 99 66%
c
c seconds   switched    rate          size/glue tier1    binary      remaining
c        MB   reductions  conflicts         size  tier2     irredundant
c         level    restarts      redundant    glue    trail      variables
c
c ^  3.07 34 15 18 42 7343 2 183281 21412 1.8 17 9 4 10 76%  85 10805 99 66%
c -  3.10 35 15 18 43 7372 2 185518 9051 1.8 17 9 4 9 76%  85 10805 99 66%
c u  3.18 37 15 18 43 7372 2 191112 13610 1.9 17 9 4 9 76%  85 10805 99 66%
c v  3.20 38 15 18 43 7372 2 191112 13581 1.9 17 9 4 9 76%  85 10805 99 66%
c w  3.21 38 15 18 43 7372 2 191112 13578 1.9 17 9 4 9 76%  85 10805 99 66%
c -  3.23 39 15 18 44 7372 2 192075 13277 1.9 17 9 4 9 77%  85 10805 99 66%
c }  3.28 39 14 19 44 7374 2 197281 18047 2.0 18 9 4 9 77%  85 10805 99 66%
c [  3.28 39 18 19 44 7374 1 197281 18047 1.4 18 13 6 13 73%  85 10805 99 66%
c B  3.28 39 18 19 44 7374 1 197281 18047 1.4 18 13 6 13 73%  85 10805 99 66%
c -  3.31 39 18 19 45 7375 1 198708 16682 1.4 19 13 6 13 74%  85 10805 99 66%
c -  3.37 39 18 19 46 7379 1 205417 16309 1.4 19 13 6 14 74%  85 10805 99 66%
c -  3.43 40 18 19 47 7383 1 212199 14813 1.4 19 13 6 13 75%  85 10805 99 66%
c -  3.50 40 18 19 48 7387 1 219055 14905 1.5 19 13 6 13 75%  85 10805 99 66%
c -  3.58 40 18 19 49 7388 1 225984 15239 1.5 19 13 6 13 76%  85 10805 99 66%
c W  3.60 42 18 19 49 7388 1 228731 17084 1.5 19 13 6 13 76%  85 10805 99 66%
c ]  3.63 42 18 20 49 7389 1 230729 18534 1.5 19 13 6 13 76%  85 10805 99 66%
c {  3.63 42 14 20 49 7389 2 230729 18534 2.0 18 9 4 9 77%  85 10805 99 66%
c u  3.68 43 14 20 49 7710 2 232854 20139 2.0 18 9 4 9 77%  85 10805 99 66%
c v  3.69 43 14 20 49 7710 2 232854 20000 2.0 18 9 4 9 77%  85 10805 99 66%
c w  3.70 44 14 20 49 7710 2 232854 19999 2.0 18 9 4 9 77%  85 10805 99 66%
c
c seconds   switched    rate          size/glue tier1   binary      remaining
c        MB   reductions  conflicts         size  tier2    irredundant
c         level    restarts      redundant    glue   trail      variables
c
c -  3.71 44 14 20 50 7744 2 232985 16826 2.0 18 9 4 9 77%  85 10805 99 66%
c o  3.75 44 15 20 50 8167 2 234993 18481 2.0 18 9 4 9 78%  85 10805 99 66%
c -  3.86 44 15 20 51 9269 2 240056 18527 1.9 18 9 4 9 78%  85 10805 99 66%
c -  3.98 44 15 20 52 10045 2 247197 19339 1.9 18 9 4 9 78%  85 10805 99 66%
c -  4.09 44 15 20 53 10563 2 254408 20141 1.9 18 10 4 10 78%  85 10805 99 66%
c }  4.14 44 15 21 53 10765 2 257468 22491 1.9 18 10 4 10 78%  85 10805 99 66%
c [  4.14 44 18 21 53 10765 1 257468 22491 1.5 19 13 6 13 76%  85 10805 99 66%
c -  4.18 44 17 21 54 10768 1 261689 20197 1.5 19 13 6 13 76%  85 10805 99 66%
c I  4.21 44 17 21 54 10770 1 264082 21798 1.5 19 13 6 13 76%  85 10805 99 66%
c -  4.28 44 18 21 55 10771 1 269038 18221 1.5 20 13 6 13 76%  85 10805 99 66%
c -  4.38 45 18 21 56 10777 1 276454 15631 1.5 20 14 6 14 77%  85 10805 99 66%
c e  4.42 45 19 21 56 10778 1 279077 17791 1.5 21 14 6 14 77%  73 10891 93 62%
c !  4.42 45 19 21 56 10778 1 279077 17791 1.5 21 14 6 14 77%  73 10891 93 62%
c u  4.44 45 19 21 56 10778 1 279118 7270 1.5 21 14 6 14 77%  73 10891 93 62%
c v  4.46 45 19 21 56 10778 1 279118 7020 1.5 21 14 6 14 77%  73 10891 93 62%
c w  4.47 45 19 21 56 10778 1 279118 6976 1.5 21 14 6 14 77%  73 10891 93 62%
c f  4.47 45 19 21 56 10778 1 279118 6976 1.5 21 14 6 14 77%  74 10873 94 62%
c u  4.48 47 19 21 56 10778 1 279118 6736 1.5 21 14 6 14 77%  74 10873 94 62%
c v  4.50 47 19 21 56 10778 1 279118 6618 1.5 21 14 6 14 77%  74 10873 94 62%
c w  4.50 47 19 21 56 10778 1 279118 6563 1.5 21 14 6 14 77%  74 10873 94 62%
c
c seconds   switched     rate         size/glue  tier1    binary      remaining
c        MB   reductions   conflicts        size   tier2     irredundant
c         level    restarts      redundant     glue    trail      variables
c
c -  4.57 48 19 21 57 10779 1 283939 7345 1.5 21 14 6 14 78%  74 10873 94 62%
c -  4.64 48 19 21 58 10780 1 291489 10741 1.5 21 14 6 14 78%  74 10873 94 62%
c ]  4.70 48 19 22 58 10785 1 297667 15217 1.5 21 14 6 14 79%  74 10873 94 62%
c {  4.70 48 15 22 58 10785 2 297667 15217 1.9 18 10 4 10 78%  74 10873 94 62%
c -  4.73 48 15 22 59 10826 2 299104 13653 1.9 18 10 4 10 79%  74 10873 94 62%
c o  4.84 48 15 22 59 10901 2 305338 18846 2.0 19 9 4 10 79%  74 10873 94 62%
c -  4.87 48 15 22 60 10910 2 306786 16607 2.0 19 9 4 9 79%  74 10873 94 62%
c -  5.01 48 15 22 61 10999 2 314531 19315 2.1 19 9 4 9 80%  75 10873 94 62%
c -  5.22 48 15 22 62 11235 2 322341 21307 2.2 20 9 4 9 81%  75 10873 94 62%
c }  5.45 48 16 23 62 11701 2 329184 26951 2.2 20 9 4 9 81%  75 10873 94 62%
c [  5.45 48 19 23 62 11701 1 329184 26951 1.5 21 14 6 14 79%  75 10873 94 62%
c B  5.45 48 19 23 62 11701 1 329184 26951 1.5 21 14 6 14 79%  75 10873 94 62%
c u  5.50 50 19 23 62 11701 1 329986 27058 1.5 21 14 6 14 79%  75 10873 94 62%
c v  5.53 51 19 23 62 11701 1 329986 27009 1.5 21 14 6 14 79%  75 10873 94 62%
c w  5.55 51 19 23 62 11701 1 329986 26997 1.5 21 14 6 14 79%  75 10873 94 62%
c -  5.56 51 19 23 63 11701 1 330215 22094 1.5 21 14 6 14 79%  75 10873 94 62%
c -  5.69 51 20 23 64 11707 1 338153 20558 1.5 21 14 6 14 79%  75 10873 94 62%
c -  5.82 51 20 23 65 11711 1 346155 18629 1.5 21 15 6 14 79%  75 10873 94 62%
c -  5.95 51 20 23 66 11715 1 354217 18432 1.5 22 15 6 14 80%  75 10873 94 62%
c -  6.06 51 20 23 67 11716 1 362341 18804 1.4 22 15 6 14 80%  75 10873 94 62%
c
c seconds   switched     rate          size/glue  tier1    binary      remaining
c        MB   reductions   conflicts         size   tier2     irredundant
c         level    restarts       redundant     glue    trail      variables
c
c -  6.17 51 20 23 68 11722 1 370527 19363 1.4 22 15 5 14 80%  75 10873 94 62%
c W  6.21 51 20 23 68 11722 1 372899 21016 1.4 22 15 5 14 80%  75 10873 94 62%
c ]  6.29 53 20 24 68 11726 1 378770 25399 1.4 22 15 5 14 81%  75 10873 94 62%
c {  6.29 53 16 24 68 11726 2 378770 25399 2.2 20 9 4 9 81%  75 10873 94 62%
c -  6.29 53 16 24 69 11726 2 378773 19982 2.2 20 9 4 9 81%  75 10873 94 62%
c u  6.46 54 16 24 69 12992 2 385547 25242 2.1 20 9 4 9 81%  75 10873 94 62%
c v  6.49 55 16 24 69 12992 2 385547 25200 2.1 20 9 4 9 81%  75 10873 94 62%
c w  6.50 55 16 24 69 12992 2 385547 25190 2.1 20 9 4 9 81%  75 10873 94 62%
c o  6.50 55 16 24 69 12992 2 385547 25190 2.1 20 9 4 9 81%  75 10873 94 62%
c -  6.54 55 16 24 70 13168 2 387080 22967 2.1 20 9 4 9 81%  75 10873 94 62%
c -  6.69 55 16 24 71 13919 2 395446 26139 2.1 20 9 4 9 82%  75 10873 94 62%
c -  6.86 55 16 24 72 15011 2 403872 27410 2.1 20 10 4 10 82%  75 10873 94 62%
c -  7.03 55 15 24 73 15429 2 412357 27832 2.0 20 10 4 10 82%  75 10873 94 62%
c }  7.08 55 15 25 73 15764 2 415447 30193 2.0 19 10 4 10 82%  75 10873 94 62%
c [  7.08 55 20 25 73 15764 1 415447 30193 1.4 22 15 5 14 81%  75 10873 94 62%
c -  7.16 55 20 25 74 15768 1 420901 28025 1.5 22 15 5 14 81%  75 10873 94 62%
c O  7.16 55 20 25 74 15768 1 421063 28155 1.5 22 15 5 14 81%  75 10873 94 62%
c -  7.30 55 20 25 75 15772 1 429503 27195 1.5 22 15 5 14 81%  75 10873 94 62%
c -  7.42 55 19 25 76 15777 1 438165 26483 1.5 21 14 5 14 81%  75 10873 94 62%
c u  7.58 55 19 25 76 15778 1 445889 31348 1.5 21 14 5 14 81%  75 10873 94 62%
c
c seconds   switched     rate          size/glue  tier1    binary      remaining
c        MB   reductions   conflicts         size   tier2     irredundant
c         level    restarts       redundant     glue    trail      variables
c
c v  7.62 56 19 25 76 15778 1 445889 31020 1.5 21 14 5 14 81%  75 10873 94 62%
c w  7.63 56 19 25 76 15778 1 445889 30838 1.5 21 14 5 14 81%  75 10873 94 62%
c -  7.72 58 19 25 77 15778 1 446882 26132 1.5 21 14 5 14 81%  75 10873 94 62%
c -  7.88 58 18 25 78 15784 1 455656 27194 1.5 20 14 5 14 80%  75 10873 94 62%
c ]  7.90 58 18 26 78 15785 1 457219 28045 1.5 20 14 5 14 80%  75 10873 94 62%
c {  7.90 58 15 26 78 15785 2 457219 28045 2.0 19 10 4 10 82%  75 10873 94 62%
c -  8.03 58 15 26 79 16019 2 464489 28221 2.0 19 10 4 9 81%  75 10873 94 62%
c -  8.18 58 15 26 80 16860 2 473378 30015 2.0 19 10 4 10 82%  75 10873 94 62%
c o  8.25 58 15 26 80 16953 2 475901 31769 2.0 19 10 4 10 82%  75 10873 94 62%
c -  8.35 58 15 26 81 17269 2 482322 31032 2.0 19 10 4 10 82%  75 10873 94 62%
c -  8.53 58 15 26 82 17475 2 491322 32137 2.0 19 10 4 9 82%  75 10873 94 62%
c }  8.70 58 15 27 82 18014 2 499437 38532 2.0 19 10 4 9 82%  75 10873 94 62%
c [  8.70 58 18 27 82 18014 1 499437 38532 1.5 20 14 5 14 80%  75 10873 94 62%
c B  8.70 58 18 27 82 18014 1 499437 38532 1.5 20 14 5 14 80%  75 10873 94 62%
c -  8.72 58 18 27 83 18014 1 500377 32661 1.5 20 14 5 14 80%  75 10873 94 62%
c -  8.85 58 19 27 84 18020 1 509487 30079 1.5 21 14 5 14 81%  75 10873 94 62%
c u  8.91 58 19 27 84 18020 1 511069 30532 1.5 21 14 5 14 81%  75 10873 94 62%
c v  8.95 58 19 27 84 18020 1 511069 30500 1.5 21 14 5 14 81%  75 10873 94 62%
c w  8.96 58 19 27 84 18020 1 511069 30481 1.5 21 14 5 14 81%  75 10873 94 62%
c -  9.07 58 18 27 85 18026 1 518652 27681 1.5 20 14 5 14 81%  75 10873 94 62%
c
c seconds   switched     rate          size/glue  tier1    binary      remaining
c        MB   reductions   conflicts         size   tier2     irredundant
c         level    restarts       redundant     glue    trail      variables
c
c -  9.21 58 18 27 86 18028 1 527873 29081 1.5 20 14 5 14 81%  75 10873 94 62%
c -  9.33 58 18 27 87 18032 1 537147 29145 1.4 20 14 5 14 81%  75 10873 94 62%
c -  9.49 58 18 27 88 18037 1 546474 29115 1.4 20 14 5 13 81%  75 10873 94 62%
c ]  9.55 58 17 28 88 18041 1 551035 31968 1.4 19 13 5 13 81%  75 10873 94 62%
c {  9.55 58 15 28 88 18041 2 551035 31968 2.0 19 10 4 9 82%  75 10873 94 62%
c -  9.66 58 15 28 89 18493 2 555855 30691 2.0 19 10 4 9 82%  75 10873 94 62%
c -  9.85 58 15 28 90 19460 2 565289 32371 2.0 19 10 4 10 82%  75 10873 94 62%
c - 10.04 58 15 28 91 20271 2 574776 33462 2.0 20 10 4 10 82%  75 10873 94 62%
c o 10.07 58 15 28 91 20407 2 575982 34426 2.0 20 10 4 10 82%  75 10873 94 62%
c u 10.22 58 15 28 91 20914 2 581174 38504 2.0 20 10 4 10 83%  75 10873 94 62%
c v 10.26 59 15 28 91 20914 2 581174 38487 2.0 20 10 4 10 83%  75 10873 94 62%
c w 10.28 59 15 28 91 20914 2 581174 38480 2.0 20 10 4 10 83%  75 10873 94 62%
c - 10.36 61 15 28 92 21288 2 584315 33275 2.0 20 10 4 10 83%  75 10873 94 62%
c - 10.54 62 15 28 93 21973 2 593906 33446 2.0 20 10 4 10 83%  75 10873 94 62%
c } 10.64 62 15 29 93 22321 2 599173 37598 2.0 20 10 4 10 83%  75 10873 94 62%
c [ 10.64 62 17 29 93 22321 1 599173 37598 1.4 19 13 5 13 81%  75 10873 94 62%
c W 10.64 62 17 29 93 22321 1 599173 37598 1.4 19 13 5 13 81%  75 10873 94 62%
c - 10.70 65 17 29 94 22324 1 603552 32754 1.4 19 13 5 13 82%  75 10873 94 62%
c - 10.85 65 17 29 95 22329 1 613247 29989 1.4 19 13 5 13 82%  75 10873 94 62%
c - 11.01 65 17 29 96 22334 1 622993 28435 1.4 19 13 5 13 82%  75 10873 94 62%
c
c seconds   switched     rate          size/glue  tier1    binary      remaining
c        MB   reductions   conflicts         size   tier2     irredundant
c         level    restarts       redundant     glue    trail      variables
c
c - 11.15 65 17 29 97 22336 1 632790 29904 1.4 19 13 5 13 82%  75 10873 94 62%
c - 11.31 65 17 29 98 22342 1 642638 29450 1.5 19 13 5 13 82%  75 10873 94 62%
c - 11.50 65 17 29 99 22348 1 652540 29735 1.5 20 13 5 13 82%  75 10873 94 62%
c u 11.59 67 17 29 99 22349 1 656264 31959 1.5 20 13 5 13 82%  75 10873 94 62%
c v 11.63 67 17 29 99 22349 1 656264 31882 1.5 20 13 5 13 82%  75 10873 94 62%
c w 11.64 67 17 29 99 22349 1 656264 31853 1.5 20 13 5 13 82%  75 10873 94 62%
c x 11.67 67 17 29 99 22349 1 656264 31851 1.5 20 13 5 13 82%  75 10863 94 62%
c ] 11.73 67 17 30 99 22350 1 660943 34636 1.5 20 13 5 13 82%  75 10863 94 62%
c { 11.73 67 15 30 99 22350 2 660943 34636 2.0 20 10 4 10 83%  75 10863 94 62%
c - 11.77 67 15 30 100 22500 2 662489 30533 2.0 19 10 4 10 83%  75 10863 94 62%
c - 11.92 67 15 30 101 22891 2 672490 32141 2.0 19 10 4 10 83%  75 10863 94 62%
c - 12.11 67 15 30 102 23560 2 682539 33442 1.9 19 10 4 10 83%  75 10863 94 62%
c o 12.19 67 15 30 102 23678 2 686021 36187 1.9 19 10 4 10 83%  75 10863 94 62%
c - 12.34 67 15 30 103 23969 2 692640 34529 2.0 19 10 4 10 83%  75 10863 94 62%
c - 12.52 67 15 30 104 24525 2 702789 35589 2.0 20 10 4 10 83%  75 10863 94 62%
c - 12.72 67 15 30 105 25097 2 712989 35717 1.9 19 10 4 10 83%  75 10863 94 62%
c } 12.76 67 15 31 105 25187 2 715377 37589 1.9 19 10 4 10 83%  75 10863 94 62%
c [ 12.76 67 17 31 105 25187 1 715377 37589 1.5 20 13 5 13 82%  75 10863 94 62%
c I 12.76 67 17 31 105 25187 1 715377 37589 1.5 20 13 5 13 82%  75 10863 94 62%
c - 12.90 67 17 31 106 25192 1 723237 33175 1.5 20 13 5 13 82%  75 10863 94 62%
c
c seconds   switched      rate          size/glue  tier1    binary      remaining
c        MB   reductions    conflicts         size   tier2     irredundant
c         level     restarts       redundant     glue    trail      variables
c
c - 13.11 67 18 31 107 25198 1 733532 28533 1.5 20 14 5 13 82%  75 10863 94 62%
c u 13.21 67 18 31 107 25200 1 736409 30183 1.4 20 14 5 13 82%  75 10863 94 62%
c v 13.25 67 18 31 107 25200 1 736409 30005 1.4 20 14 5 13 82%  75 10863 94 62%
c w 13.27 67 18 31 107 25200 1 736409 29984 1.4 20 14 5 13 82%  75 10863 94 62%
c - 13.42 67 18 31 108 25201 1 743877 25922 1.4 21 14 5 13 82%  75 10863 94 62%
c - 13.61 67 19 31 109 25206 1 754269 25572 1.4 21 15 5 13 82%  75 10863 94 62%
c - 13.78 67 19 31 110 25211 1 764710 26591 1.4 21 15 5 13 82%  75 10863 94 62%
c ] 13.83 67 19 32 110 25214 1 767995 29057 1.4 21 15 5 13 82%  75 10863 94 62%
c { 13.83 67 15 32 110 25214 2 767995 29057 1.9 19 10 4 10 83%  75 10863 94 62%
c - 13.97 67 14 32 111 25459 2 775200 30218 2.0 19 10 4 10 83%  75 10863 94 62%
c - 14.20 67 14 32 112 26247 2 785735 34843 2.0 20 10 4 10 83%  75 10863 94 62%
c - 14.42 67 14 32 113 26853 2 796320 36915 2.0 20 10 4 10 83%  76 10863 94 62%
c - 14.64 67 15 32 114 27399 2 806950 37680 2.0 20 10 4 9 83%  76 10863 94 62%
c o 14.66 67 15 32 114 27477 2 808281 38638 2.0 20 10 4 9 83%  76 10863 94 62%
c - 14.86 67 15 32 115 28452 2 817628 37900 2.0 20 10 4 10 83%  76 10863 94 62%
c u 15.02 68 15 32 115 28854 2 821656 40663 2.0 20 10 4 10 83%  76 10863 94 62%
c v 15.08 68 15 32 115 28854 2 821656 40630 2.0 20 10 4 10 83%  76 10863 94 62%
c w 15.10 68 15 32 115 28854 2 821656 40615 2.0 20 10 4 10 83%  76 10863 94 62%
c - 15.25 68 15 32 116 29153 2 828356 37773 2.0 20 10 4 10 83%  76 10863 94 62%
c } 15.27 68 15 33 116 29169 2 829100 38242 2.0 20 10 4 10 83%  76 10863 94 62%
c
c seconds   switched      rate          size/glue  tier1    binary      remaining
c        MB   reductions    conflicts         size   tier2     irredundant
c         level     restarts       redundant     glue    trail      variables
c
c [ 15.27 68 19 33 116 29169 1 829100 38242 1.4 21 15 5 13 82%  76 10863 94 62%
c B 15.27 68 19 33 116 29169 1 829100 38242 1.4 21 15 5 13 82%  76 10863 94 62%
c - 15.45 68 20 33 117 29175 1 839127 34911 1.4 22 15 5 13 82%  76 10863 94 62%
c - 15.63 69 20 33 118 29182 1 849944 30689 1.4 22 15 5 14 82%  76 10863 94 62%
c - 15.81 69 20 33 119 29183 1 860807 30820 1.4 21 15 5 14 82%  76 10863 94 62%
c - 15.99 69 20 33 120 29190 1 871715 31189 1.4 22 15 5 14 82%  76 10863 94 62%
c - 16.18 69 20 33 121 29196 1 882670 31118 1.4 22 15 5 14 82%  76 10863 94 62%
c - 16.36 69 19 33 122 29198 1 893671 32690 1.4 21 15 5 14 82%  76 10863 94 62%
c W 16.51 70 19 33 122 29199 1 902075 38487 1.4 21 15 5 14 82%  76 10863 94 62%
c ] 16.55 70 19 34 122 29199 1 904559 40357 1.4 21 15 5 14 82%  76 10863 94 62%
c { 16.55 70 15 34 122 29199 2 904559 40357 2.0 20 10 4 10 83%  76 10863 94 62%
c - 16.56 70 15 34 123 29203 2 904718 33524 2.0 20 10 4 10 83%  76 10863 94 62%
c u 16.73 71 14 34 123 29203 1 912059 39646 2.0 20 10 4 10 83%  76 10863 94 62%
c v 16.79 71 14 34 123 29203 1 912059 39523 2.0 20 10 4 10 83%  76 10863 94 62%
c w 16.81 71 14 34 123 29203 1 912059 38546 2.0 20 10 4 10 83%  76 10863 94 62%
c - 16.89 71 14 34 124 29203 1 915809 36579 2.0 20 10 4 9 83%  76 10863 94 62%
c - 17.12 71 14 34 125 29203 1 926945 41098 2.1 20 10 4 9 83%  76 10863 94 62%
c - 17.40 71 14 34 126 29206 1 938125 42988 2.1 20 9 4 9 83%  76 10863 94 62%
c - 17.60 71 13 34 127 29206 1 949350 44529 2.2 21 9 4 9 83%  76 10863 94 62%
c - 17.81 71 13 34 128 29206 1 960619 44624 2.3 21 9 4 9 83%  76 10863 94 62%
c
c seconds   switched      rate          size/glue tier1   binary      remaining
c        MB   reductions    conflicts         size  tier2    irredundant
c         level     restarts       redundant    glue   trail      variables
c
c o 17.85 71 13 34 128 29206 1 962836 46557 2.3 21 9 4 9 83%  76 10863 94 62%
c - 17.99 71 13 34 129 29236 1 971933 45100 2.3 21 9 4 9 84%  76 10863 94 62%
c } 18.01 71 12 35 129 29236 1 972706 45761 2.3 21 9 4 9 84%  76 10863 94 62%
c [ 18.01 71 19 35 129 29236 1 972706 45761 1.4 21 15 5 14 82%  76 10863 94 62%
c O 18.16 71 19 35 129 29241 1 980503 51770 1.4 21 15 5 14 82%  76 10863 94 62%
c - 18.22 71 19 35 130 29242 1 983292 43752 1.5 21 15 4 14 82%  76 10863 94 62%
c - 18.49 71 18 35 131 29249 1 994693 42354 1.5 21 14 4 13 82%  76 10863 94 62%
c - 18.73 71 17 35 132 29251 1 1006140 42416 1.5 21 14 4 13 82%  76 10863 94 62%
c u 18.83 77 17 35 132 29253 1 1007680 42915 1.5 21 14 4 13 82%  76 10863 94 62%
c v 18.89 77 17 35 132 29253 1 1007680 42854 1.5 21 14 4 13 82%  76 10863 94 62%
c w 18.92 77 17 35 132 29253 1 1007680 42823 1.5 21 14 4 13 82%  76 10863 94 62%
c - 19.32 79 17 35 133 29257 1 1017632 41073 1.6 21 13 4 13 82%  76 10863 94 62%
c ] 19.52 79 17 36 133 29264 1 1027560 47766 1.6 21 13 4 13 83%  76 10863 94 62%
c { 19.52 79 12 36 133 29264 1 1027560 47766 2.3 21 9 4 9 84%  76 10863 94 62%
c - 19.57 79 13 36 134 29558 1 1029167 39511 2.3 21 9 4 9 84%  76 10863 94 62%
c - 19.82 79 13 36 135 31158 1 1040743 39841 2.2 21 9 4 9 84%  76 10863 94 62%
c - 20.10 79 13 36 136 32571 1 1052363 40953 2.2 21 9 4 9 84%  76 10863 94 62%
c - 20.35 79 13 36 137 34137 1 1064024 41587 2.1 20 10 4 9 84%  76 10863 94 62%
c - 20.65 79 14 36 138 35170 1 1075728 42302 2.1 20 10 4 9 84%  76 10863 94 62%
c - 20.91 79 14 36 139 36231 1 1087475 43149 2.1 20 10 4 9 84%  76 10863 94 62%
c
c seconds   switched      rate           size/glue  tier1   binary      remaining
c        MB   reductions     conflicts         size   tier2    irredundant
c         level     restarts        redundant     glue   trail      variables
c
c - 21.18 79 14 36 140 36845 1 1099264 43340 2.1 20 10 4 9 83%  76 10863 94 62%
c } 21.25 79 14 37 140 37051 1 1103116 46287 2.1 20 10 4 9 83%  76 10863 94 62%
c [ 21.25 79 17 37 140 37051 1 1103116 46287 1.6 21 13 4 13 83%  76 10863 94 62%
c B 21.25 79 17 37 140 37051 1 1103116 46287 1.6 21 13 4 13 83%  76 10863 94 62%
c o 21.25 79 17 37 140 37051 1 1103116 46287 1.6 21 13 4 13 83%  76 10863 94 62%
c u 21.43 79 17 37 140 37055 1 1108578 50073 1.6 21 13 4 13 83%  76 10863 94 62%
c v 21.51 80 17 37 140 37055 1 1108578 50043 1.6 21 13 4 13 83%  76 10863 94 62%
c w 21.54 80 17 37 140 37055 1 1108578 50038 1.6 21 13 4 13 83%  76 10863 94 62%
c - 21.59 80 17 37 141 37056 1 1111096 40561 1.6 21 13 4 13 83%  76 10863 94 62%
c - 21.82 80 17 37 142 37063 1 1122971 38435 1.6 21 13 4 13 83%  76 10863 94 62%
c - 22.07 80 17 37 143 37065 1 1134888 38045 1.6 21 13 4 13 83%  76 10863 94 62%
c - 22.30 80 17 37 144 37072 1 1146846 39330 1.6 21 13 4 13 83%  76 10863 94 62%
c - 22.54 80 17 37 145 37079 1 1158846 39474 1.6 22 13 4 13 84%  76 10863 94 62%
c - 22.77 80 17 37 146 37081 1 1170888 35421 1.6 22 14 4 13 84%  76 10863 94 62%
c - 23.07 80 18 37 147 37081 1 1182971 32705 1.6 22 14 4 13 84%  76 10863 94 62%
c ] 23.14 80 18 38 147 37082 1 1185925 34798 1.6 22 14 4 13 84%  76 10863 94 62%
c { 23.14 80 14 38 147 37082 1 1185925 34798 2.1 20 10 4 9 83%  76 10863 94 62%
c - 23.41 80 14 38 148 37473 1 1195095 36331 2.1 20 10 4 9 84%  76 10863 94 62%
c i 23.53 80 14 38 148 37579 1 1199439 38964 2.1 20 10 4 9 84%  84 10863 93 62%
c - 23.81 80 14 38 149 37941 1 1207261 40233 2.1 20 10 4 9 84%  69 10863 93 62%
c
c seconds   switched      rate           size/glue  tier1   binary      remaining
c        MB   reductions     conflicts         size   tier2    irredundant
c         level     restarts        redundant     glue   trail      variables
c
c u 24.19 80 15 38 149 38470 1 1214811 45866 2.1 20 10 4 9 84%  75 10857 93 62%
c v 24.28 80 15 38 149 38470 1 1214811 45757 2.1 20 10 4 9 84%  75 10857 93 62%
c w 24.31 81 15 38 149 38470 1 1214811 45706 2.1 20 10 4 9 84%  75 10857 93 62%
c - 24.54 81 15 38 150 38899 1 1219467 39233 2.1 21 10 3 9 84%  75 10857 93 62%
c - 25.03 81 15 38 151 39686 1 1231715 41349 2.2 21 10 3 9 84%  76 10857 93 62%
c - 25.44 81 15 38 152 40330 1 1244005 43245 2.2 21 10 3 9 83%  76 10857 93 62%
c o 25.84 81 16 38 152 41053 1 1253133 50192 2.2 21 10 3 9 83%  77 10857 93 62%
c - 26.02 81 16 38 153 41602 2 1256333 43382 2.2 21 10 3 9 83%  77 10857 93 62%
c - 26.52 81 16 38 154 42439 2 1268702 44306 2.2 21 10 3 9 83%  78 10857 93 62%
c } 26.54 81 16 39 154 42452 2 1269259 44778 2.2 21 10 3 9 83%  78 10857 93 62%
c [ 26.54 81 18 39 154 42452 1 1269259 44778 1.6 22 14 4 13 84%  78 10857 93 62%
c W 26.55 83 18 39 154 42452 1 1269259 44778 1.6 22 14 4 13 84%  78 10857 93 62%
c - 26.83 85 18 39 155 42458 1 1281112 40966 1.5 23 15 4 13 84%  78 10857 93 62%
c - 27.16 85 19 39 156 42465 1 1293564 36567 1.5 23 15 4 14 84%  78 10857 93 62%
c - 27.47 85 19 39 157 42469 1 1306054 36136 1.5 23 15 4 14 84%  78 10857 93 62%
c - 27.76 85 19 39 158 42476 1 1318583 36273 1.5 23 15 4 14 84%  78 10857 93 62%
c u 28.03 87 19 39 158 42480 1 1326418 41101 1.5 22 15 4 14 85%  78 10857 93 62%
c v 28.11 88 19 39 158 42480 1 1326418 40709 1.5 22 15 4 14 85%  78 10857 93 62%
c w 28.14 88 19 39 158 42480 1 1326418 40449 1.5 22 15 4 14 85%  78 10857 93 62%
c x 28.21 88 19 39 158 42480 1 1326418 40445 1.5 22 15 4 14 85%  78 10825 93 62%
c
c seconds   switched      rate           size/glue  tier1    binary      remaining
c        MB   reductions     conflicts         size   tier2     irredundant
c         level     restarts        redundant     glue    trail      variables
c
c - 28.33 88 19 39 159 42481 1 1331153 36799 1.5 23 15 4 14 85%  78 10825 93 62%
c - 28.63 88 19 39 160 42482 1 1343763 38630 1.6 23 15 4 14 85%  78 10825 93 62%
c - 28.93 88 19 39 161 42486 1 1356412 39433 1.6 24 15 4 14 85%  78 10825 93 62%
c I 29.16 88 19 39 161 42490 1 1364973 45896 1.6 23 15 4 14 84%  78 10825 93 62%
c - 29.28 88 19 39 162 42493 1 1369100 39391 1.6 23 15 4 14 84%  78 10825 93 62%
c - 29.59 88 19 39 163 42497 1 1381828 41036 1.6 23 15 4 14 84%  78 10825 93 62%
c - 29.88 88 19 39 164 42504 1 1394595 40955 1.5 23 15 4 14 84%  78 10825 93 62%
c ] 30.09 88 19 40 164 42510 1 1404937 48887 1.5 23 15 4 14 84%  78 10825 93 62%
c { 30.09 88 16 40 164 42510 2 1404937 48887 2.2 21 10 3 9 83%  78 10825 93 62%
c - 30.17 88 16 40 165 42833 2 1407401 38835 2.2 21 10 3 9 83%  78 10825 93 62%
c o 30.29 88 16 40 165 43261 2 1413231 43192 2.2 21 10 3 9 83%  79 10825 93 62%
c - 30.44 88 16 40 166 43699 2 1420247 42202 2.1 21 10 3 9 83%  79 10825 93 62%
c - 30.75 88 16 40 167 44980 2 1433131 46134 2.1 21 10 3 9 83%  79 10825 93 62%
c u 31.06 88 16 40 167 45952 2 1443487 53700 2.1 21 10 3 9 83%  79 10825 93 62%
c v 31.16 88 16 40 167 45952 2 1443487 53676 2.1 21 10 3 9 83%  79 10825 93 62%
c w 31.20 88 16 40 167 45952 2 1443487 53665 2.1 21 10 3 9 83%  79 10825 93 62%
c - 31.27 88 16 40 168 46194 2 1446055 46504 2.1 21 10 3 9 83%  79 10825 93 62%
c - 31.53 88 15 40 169 46697 2 1459016 47337 2.0 21 10 3 9 83%  79 10825 93 62%
c - 31.83 88 15 40 170 47546 2 1472017 48307 2.0 20 10 3 9 83%  79 10825 93 62%
c s 31.86 88 15 40 170 47553 2 1472544 48732 2.0 20 10 3 9 83%  79 10805 93 62%
c
c seconds   switched      rate           size/glue  tier1   binary      remaining
c        MB   reductions     conflicts         size   tier2    irredundant
c         level     restarts        redundant     glue   trail      variables
c
c - 32.13 88 15 40 171 48110 1 1485055 48581 2.0 20 10 3 9 83%  79 10805 93 62%
c } 32.36 88 15 41 171 48540 1 1496412 57233 2.0 20 10 3 9 83%  79 10805 93 62%
c [ 32.36 88 19 41 171 48540 1 1496412 57233 1.5 23 15 4 14 84%  79 10805 93 62%
c B 32.36 88 19 41 171 48540 1 1496412 57233 1.5 23 15 4 14 84%  79 10805 93 62%
c - 32.40 88 19 41 172 48541 1 1498132 47605 1.5 23 15 4 14 84%  79 10805 93 62%
c - 32.70 89 20 41 173 48549 1 1511248 42833 1.5 23 15 4 14 84%  79 10805 93 62%
c - 33.03 89 20 41 174 48554 1 1524400 37640 1.5 23 15 4 14 83%  79 10805 93 62%
c - 33.32 89 20 41 175 48560 1 1537590 36418 1.5 23 16 4 14 83%  79 10805 93 62%
c - 33.61 89 20 41 176 48568 1 1550818 36717 1.5 23 16 4 14 83%  79 10805 93 62%
c - 33.87 89 20 41 177 48570 1 1564086 37211 1.5 23 16 4 14 83%  79 10805 93 62%
c u 34.00 89 20 41 177 48570 1 1566037 37917 1.5 23 16 4 14 83%  79 10805 93 62%
c v 34.09 89 20 41 177 48570 1 1566037 37835 1.5 23 16 4 14 83%  79 10805 93 62%
c w 34.12 89 20 41 177 48570 1 1566037 37808 1.5 23 16 4 14 83%  79 10805 93 62%
c ] 34.34 89 20 42 177 48570 1 1575966 44544 1.5 23 16 4 14 83%  79 10805 93 62%
c { 34.34 89 15 42 177 48570 1 1575966 44544 2.0 20 10 3 9 83%  79 10805 93 62%
c - 34.38 89 15 42 178 48808 1 1577391 37262 2.0 20 10 3 9 83%  79 10805 93 62%
c o 34.50 89 15 42 178 49137 1 1583308 41910 2.0 20 10 3 9 83%  79 10805 93 62%
c - 34.65 89 15 42 179 49422 1 1590734 41645 2.0 20 10 3 9 83%  79 10805 93 62%
c - 34.93 89 14 42 180 49959 1 1604113 45367 1.9 20 10 3 9 83%  79 10805 93 62%
c - 35.20 89 14 42 181 50414 1 1617529 47491 2.0 20 10 3 9 83%  79 10805 93 62%
c
c seconds   switched      rate           size/glue  tier1   binary      remaining
c        MB   reductions     conflicts         size   tier2    irredundant
c         level     restarts        redundant     glue   trail      variables
c
c - 35.47 89 14 42 182 50789 1 1630983 46738 1.9 19 10 3 9 83%  79 10805 93 62%
c - 35.78 89 14 42 183 51522 1 1644476 46660 1.9 19 10 3 9 82%  79 10805 93 62%
c - 36.09 89 14 42 184 52570 1 1658004 46950 1.9 19 10 3 9 82%  79 10805 93 62%
c - 36.37 89 14 42 185 53151 1 1671568 47285 1.9 20 10 3 9 82%  79 10805 93 62%
c } 36.45 89 14 43 185 53401 1 1675941 50867 1.9 20 10 3 9 82%  79 10805 93 62%
c [ 36.45 89 20 43 185 53401 1 1675941 50867 1.5 23 16 4 14 83%  79 10805 93 62%
c W 36.47 90 20 43 185 53401 1 1675941 50867 1.5 23 16 4 14 83%  79 10805 93 62%
c - 36.68 90 20 43 186 53407 1 1685171 44548 1.5 23 16 4 14 83%  79 10805 93 62%
c u 36.94 91 20 43 186 53412 1 1694101 50810 1.5 23 16 4 14 83%  79 10805 93 62%
c v 37.03 91 20 43 186 53412 1 1694101 50763 1.5 23 16 4 14 83%  79 10805 93 62%
c w 37.07 91 20 43 186 53412 1 1694101 50507 1.5 23 16 4 14 83%  79 10805 93 62%
c - 37.18 91 20 43 187 53414 1 1698809 39539 1.5 23 16 4 14 83%  79 10805 93 62%
c - 37.44 91 19 43 188 53418 1 1712483 40315 1.5 22 15 4 14 83%  79 10805 93 62%
c - 37.71 91 19 43 189 53426 1 1726195 42774 1.5 22 15 4 14 83%  79 10805 93 62%
c - 37.98 91 18 43 190 53430 1 1739943 43321 1.5 21 14 4 14 82%  79 10805 93 62%
c - 38.25 91 18 43 191 53431 1 1753728 43814 1.5 21 14 4 14 82%  79 10805 93 62%
c - 38.51 91 17 43 192 53438 1 1767549 44478 1.5 20 14 4 14 82%  80 10805 93 62%
c o 38.73 91 17 43 192 53444 1 1778524 52148 1.5 20 14 4 14 82%  80 10805 93 62%
c ] 38.76 91 17 44 192 53445 1 1779563 52996 1.5 20 14 4 14 82%  80 10805 93 62%
c { 38.76 91 14 44 192 53445 1 1779563 52996 1.9 20 10 3 9 82%  80 10805 93 62%
c
c seconds   switched      rate           size/glue  tier1   binary      remaining
c        MB   reductions     conflicts         size   tier2    irredundant
c         level     restarts        redundant     glue   trail      variables
c
c - 38.79 91 14 44 193 53490 1 1781405 44240 1.9 20 10 3 9 82%  80 10805 93 62%
c - 39.05 91 14 44 194 53986 1 1795299 44831 2.0 20 10 3 9 82%  80 10805 93 62%
c - 39.30 91 14 44 195 54194 1 1809227 46823 2.0 20 10 3 9 82%  80 10805 93 62%
c - 39.59 91 14 44 196 54905 1 1823194 47768 2.0 20 10 3 9 82%  80 10805 93 62%
c u 39.76 91 14 44 196 55118 1 1827736 50819 2.0 20 10 3 9 82%  80 10805 93 62%
c v 39.86 91 14 44 196 55118 1 1827736 50798 2.0 20 10 3 9 82%  80 10805 93 62%
c w 39.90 91 14 44 196 55118 1 1827736 50782 2.0 20 10 3 9 82%  80 10805 93 62%
c - 40.11 91 14 44 197 55619 1 1837194 47682 2.0 20 10 3 9 82%  80 10805 93 62%
c - 40.47 91 14 44 198 56556 1 1851230 47271 2.0 20 10 3 9 82%  80 10805 93 62%
c - 40.77 91 14 44 199 57188 1 1865304 47160 2.0 20 10 3 9 82%  80 10805 93 62%
c - 41.06 91 13 44 200 57511 1 1879411 45937 1.9 19 10 3 9 82%  80 10805 93 62%
c } 41.25 91 13 45 200 57934 1 1888396 52314 1.9 19 10 3 9 82%  80 10805 93 62%
c [ 41.25 91 17 45 200 57934 1 1888396 52314 1.5 20 14 4 14 82%  80 10805 93 62%
c O 41.25 91 17 45 200 57934 1 1888396 52314 1.5 20 14 4 14 82%  80 10805 93 62%
c - 41.34 91 17 45 201 57938 1 1893554 45387 1.5 20 13 4 14 82%  80 10805 93 62%
c - 41.63 91 17 45 202 57946 1 1907733 44469 1.5 20 13 4 13 82%  80 10805 93 62%
c - 41.93 91 17 45 203 57949 1 1921945 42191 1.5 20 13 4 13 82%  80 10805 93 62%
c - 42.28 91 17 45 204 57958 1 1936192 41245 1.5 20 13 4 13 82%  80 10805 93 62%
c - 42.60 91 16 45 205 57963 1 1950474 42770 1.5 20 13 4 13 82%  80 10805 93 62%
c - 42.94 91 16 45 206 57964 1 1964792 45324 1.5 19 13 4 13 82%  80 10805 93 62%
c
c seconds   switched      rate           size/glue  tier1    binary      remaining
c        MB   reductions     conflicts         size   tier2     irredundant
c         level     restarts        redundant     glue    trail      variables
c
c u 43.09 97 16 45 206 57964 1 1966972 46262 1.5 19 13 4 13 82%  80 10805 93 62%
c v 43.20 97 16 45 206 57964 1 1966972 45188 1.5 19 13 4 13 82%  80 10805 93 62%
c w 43.24 97 16 45 206 57964 1 1966972 43581 1.5 19 13 4 13 82%  80 10805 93 62%
c - 44.01 100 16 45 207 57971 1 1979144 43373 1.5 19 13 4 13 82%  80 10805 93 62%
c ] 44.20 100 15 46 207 57976 1 1988210 49357 1.5 19 12 4 13 82%  80 10805 93 62%
c { 44.20 100 13 46 207 57976 1 1988210 49357 1.9 19 10 3 9 82%  80 10805 93 62%
c o 44.20 100 13 46 207 57987 1 1988260 49403 1.9 19 10 3 9 82%  80 10805 93 62%
c - 44.30 100 13 46 208 58180 1 1993532 43599 1.9 19 10 3 9 82%  80 10805 93 62%
c - 44.58 100 13 46 209 58982 1 2007954 45163 1.9 19 10 3 9 82%  80 10805 93 62%
c - 44.90 100 13 46 210 59726 1 2022410 46147 1.9 19 10 3 9 82%  80 10805 93 62%
c - 45.22 100 13 46 211 60505 1 2036902 46466 1.9 19 10 3 9 82%  80 10805 93 62%
c - 45.50 100 13 46 212 60996 1 2051428 45765 1.8 18 10 3 9 82%  80 10805 93 62%
c - 45.84 100 13 46 213 61879 1 2065992 45896 1.8 18 10 3 9 82%  81 10805 93 62%
c - 46.14 100 13 46 214 62680 1 2080586 47080 1.8 18 10 3 9 82%  81 10805 93 62%
c - 46.40 100 13 46 215 63139 1 2095215 48093 1.9 18 10 3 9 82%  81 10805 93 62%
c } 46.64 100 13 47 215 63500 1 2106254 56173 1.9 18 10 3 9 82%  81 10805 93 62%
c [ 46.64 100 15 47 215 63500 1 2106254 56173 1.5 19 12 4 13 82%  81 10805 93 62%
c B 46.64 100 15 47 215 63500 1 2106254 56173 1.5 19 12 4 13 82%  81 10805 93 62%
c - 46.74 100 16 47 216 63502 1 2109877 47537 1.5 19 12 4 13 82%  81 10805 93 62%
c u 46.87 100 15 47 216 63504 1 2111838 48617 1.5 19 12 4 13 82%  81 10805 93 62%
c
c seconds    switched      rate           size/glue  tier1    binary      remaining
c         MB   reductions     conflicts         size   tier2     irredundant
c          level     restarts        redundant     glue    trail      variables
c
c v 46.98 100 15 47 216 63504 1 2111838 48594 1.5 19 12 4 13 82%  81 10805 93 62%
c w 47.02 100 15 47 216 63504 1 2111838 48553 1.5 19 12 4 13 82%  81 10805 93 62%
c - 47.35 100 15 47 217 63511 1 2124574 45933 1.5 19 12 4 13 82%  81 10805 93 62%
c - 47.71 100 15 47 218 63515 1 2139304 45081 1.5 19 12 4 13 82%  81 10805 93 62%
c - 48.06 100 15 47 219 63524 1 2154068 45517 1.5 19 12 4 13 82%  81 10805 93 62%
c - 48.38 100 15 47 220 63529 1 2168866 46377 1.5 19 12 4 13 82%  81 10805 93 62%
c - 48.70 100 15 47 221 63530 1 2183700 46555 1.6 18 12 4 13 81%  81 10805 93 62%
c - 49.02 100 14 47 222 63537 1 2198567 46823 1.6 18 11 4 13 82%  82 10805 93 62%
c ] 49.25 100 14 48 222 63544 1 2210148 55264 1.6 18 11 4 13 81%  83 10805 93 62%
c { 49.25 100 13 48 222 63544 1 2210148 55264 1.9 18 10 3 9 82%  83 10805 93 62%
c - 49.32 100 13 48 223 63562 1 2213466 47373 1.8 18 10 3 9 82%  83 10805 93 62%
c i 49.33 100 13 48 223 63562 1 2214012 47631 1.8 18 10 3 9 82%  94 10805 92 61%
c o 49.33 100 13 48 223 63562 1 2214012 47631 1.8 18 10 3 9 82%  94 10805 92 61%
c - 49.64 100 13 48 224 64859 1 2228399 34720 1.9 18 10 3 9 82%  76 10805 92 61%
c - 49.96 100 13 48 225 65513 1 2243365 43839 1.9 19 10 3 9 82%  77 10805 92 61%
c - 50.35 100 13 48 226 66597 1 2258367 46878 1.9 19 10 3 9 82%  78 10805 92 61%
c u 50.56 100 13 48 226 66772 1 2262362 48762 1.9 19 10 3 9 82%  78 10800 92 61%
c v 50.69 100 13 48 226 66772 1 2262362 48645 1.9 19 10 3 9 82%  78 10800 92 61%
c w 50.73 100 13 48 226 66772 1 2262362 48621 1.9 19 10 3 9 82%  78 10800 92 61%
c - 50.99 100 13 48 227 67511 1 2273400 46597 1.9 19 10 3 9 82%  78 10800 92 61%
c
c seconds    switched      rate           size/glue  tier1   binary      remaining
c         MB   reductions     conflicts         size   tier2    irredundant
c          level     restarts        redundant     glue   trail      variables
c
c - 51.38 100 13 48 228 68507 1 2288468 47734 1.9 19 10 3 9 82%  78 10800 92 61%
c - 51.74 100 14 48 229 69514 1 2303567 48494 1.9 19 10 3 9 82%  78 10800 92 61%
c - 52.09 100 13 48 230 70077 1 2318701 48739 1.9 19 10 3 9 82%  80 10799 92 61%
c - 52.40 100 13 48 231 70848 1 2333866 48938 1.9 19 10 3 9 82%  80 10799 92 61%
c } 52.50 100 13 49 231 71124 1 2337758 51487 1.8 18 10 3 9 82%  80 10799 92 61%
c [ 52.50 100 14 49 231 71124 1 2337758 51487 1.6 18 11 4 13 81%  80 10799 92 61%
c W 52.51 101 14 49 231 71124 1 2337758 51487 1.6 18 11 4 13 81%  80 10799 92 61%
c - 52.76 101 15 49 232 71130 1 2349064 45299 1.6 18 12 4 13 82%  80 10799 92 61%
c - 53.08 101 15 49 233 71138 1 2364295 41096 1.6 19 12 3 13 82%  80 10799 92 61%
c - 53.40 101 15 49 234 71145 1 2379559 40906 1.6 20 12 3 13 82%  80 10799 92 61%
c - 53.72 101 15 49 235 71152 1 2394856 43970 1.6 20 12 3 13 82%  80 10799 92 61%
c - 54.06 101 15 49 236 71154 1 2410186 45531 1.6 20 12 3 13 82%  80 10799 92 61%
c u 54.32 101 15 49 236 71154 1 2418617 50421 1.6 20 12 3 13 82%  80 10799 92 61%
c v 54.42 101 15 49 236 71154 1 2418617 50171 1.6 20 12 3 13 82%  80 10799 92 61%
c w 54.45 101 15 49 236 71154 1 2418617 50158 1.6 20 12 3 13 82%  80 10799 92 61%
c x 54.52 101 15 49 236 71154 1 2418617 50148 1.6 20 12 3 13 82%  80 9615 92 61%
c - 54.64 101 15 49 237 71159 1 2425548 44034 1.6 20 12 3 13 82%  80 9615 92 61%
c - 54.96 101 16 49 238 71168 1 2440943 43414 1.6 20 12 3 13 82%  80 9615 92 61%
c - 55.31 101 16 49 239 71172 1 2456370 41188 1.6 20 13 3 13 82%  80 9615 92 61%
c - 55.61 101 16 49 240 71182 1 2471829 41481 1.6 20 13 3 13 82%  80 9615 92 61%
c
c seconds    switched      rate           size/glue  tier1    binary     remaining
c         MB   reductions     conflicts         size   tier2    irredundant
c          level     restarts        redundant     glue    trail     variables
c
c I 55.62 101 16 49 240 71182 1 2471997 41588 1.6 20 13 3 13 82%  80 9615 92 61%
c o 55.62 101 16 49 240 71182 1 2471997 41588 1.6 20 13 3 13 82%  80 9615 92 61%
c ] 55.76 101 16 50 240 71183 1 2477279 45623 1.6 20 13 3 13 82%  80 9615 92 61%
c { 55.76 101 13 50 240 71183 1 2477279 45623 1.8 18 10 3 9 82%  80 9615 92 61%
c - 55.95 101 13 50 241 71201 1 2487320 46164 1.9 18 10 3 9 82%  80 9615 92 61%
c s 56.23 101 13 50 241 71206 1 2498844 54739 1.9 18 10 3 9 82%  84 9527 92 61%
c e 56.24 101 13 50 241 71206 1 2498844 54739 1.9 18 10 3 9 82%  83 9542 91 60%
c s 56.24 101 13 50 241 71206 1 2498844 54739 1.9 18 10 3 9 82%  83 9538 91 60%
c - 56.31 101 13 50 242 71206 1 2502844 39979 1.9 18 10 3 9 82%  84 9538 91 60%
c - 56.59 101 12 50 243 71206 1 2518402 44367 1.9 18 9 3 9 83%  84 9538 91 60%
c - 56.93 101 12 50 244 71206 1 2533991 46209 1.9 17 9 3 9 83%  84 9538 91 60%
c - 57.25 101 11 50 245 71206 1 2549613 48687 2.0 17 9 3 9 83%  85 9538 91 60%
c - 57.60 101 11 50 246 71326 1 2565265 50797 2.0 18 9 3 9 83%  85 9538 91 60%
c - 57.96 101 11 50 247 71326 1 2580950 50649 2.0 17 9 3 9 83%  86 9538 91 60%
c u 58.10 101 11 50 247 71326 1 2583086 50643 2.0 17 9 3 9 83%  88 9538 91 60%
c v 58.22 101 11 50 247 71326 1 2583086 50282 2.0 17 9 3 9 83%  88 9538 91 60%
c w 58.26 101 11 50 247 71326 1 2583086 50153 2.0 17 9 3 9 83%  88 9538 91 60%
c t 58.26 101 11 50 247 71326 1 2583086 50153 2.0 17 9 3 9 83%  86 9538 91 60%
c - 58.56 101 11 50 248 71357 1 2596666 50379 2.0 17 9 3 9 83%  86 9538 91 60%
c - 58.93 101 11 50 249 71447 1 2612414 52469 2.1 18 8 3 9 83%  86 9538 91 60%
c
c seconds    switched      rate           size/glue tier1   binary     remaining
c         MB   reductions     conflicts         size  tier2   irredundant
c          level     restarts        redundant    glue   trail     variables
c
c } 58.98 101 11 51 249 71448 1 2614805 54610 2.1 18 8 3 9 83%  86 9538 91 60%
c [ 58.98 101 16 51 249 71448 1 2614805 54610 1.6 20 13 3 13 82%  86 9538 91 60%
c B 58.98 101 16 51 249 71448 1 2614805 54610 1.6 20 13 3 13 82%  86 9538 91 60%
c - 59.25 102 16 51 250 71455 1 2628193 50952 1.6 20 12 3 13 82%  86 9538 91 60%
c - 59.55 102 16 51 251 71462 1 2644004 47754 1.7 21 12 3 13 82%  86 9538 91 60%
c - 59.86 102 16 51 252 71469 1 2659846 46675 1.7 21 12 3 13 82%  86 9538 91 60%
c - 60.12 102 16 51 253 71477 1 2675720 44588 1.7 20 12 3 13 82%  86 9538 91 60%
c - 60.44 102 15 51 254 71478 1 2691625 44684 1.7 20 12 3 13 82%  86 9538 91 60%
c - 60.78 102 15 51 255 71485 1 2707562 45265 1.7 20 12 3 13 82%  86 9538 91 60%
c - 61.11 102 15 51 256 71493 1 2723532 44341 1.7 20 12 3 13 82%  86 9538 91 60%
c - 61.47 102 15 51 257 71500 1 2739535 43468 1.7 20 12 3 13 82%  86 9538 91 60%
c u 61.85 102 15 51 257 71507 1 2753618 51307 1.6 20 12 3 13 82%  87 9538 91 60%
c v 61.95 102 15 51 257 71507 1 2753618 50261 1.6 20 12 3 13 82%  88 9538 91 60%
c w 62.00 102 15 51 257 71507 1 2753618 50206 1.6 20 12 3 13 82%  88 9538 91 60%
c t 62.00 102 15 51 257 71507 1 2753618 50206 1.6 20 12 3 13 82%  86 9538 91 60%
c o 62.00 102 15 51 257 71507 1 2753618 50206 1.6 20 12 3 13 82%  86 9538 91 60%
c - 62.05 102 15 51 258 71508 1 2755567 41917 1.6 20 12 3 13 82%  86 9538 91 60%
c ] 62.12 102 15 52 258 71508 1 2758978 44483 1.6 20 12 3 13 82%  86 9538 91 60%
c { 62.12 102 11 52 258 71508 1 2758978 44483 2.1 18 8 3 9 83%  86 9538 91 60%
c - 62.46 102 11 52 259 73346 1 2771632 41976 2.0 17 9 3 9 83%  86 9538 91 60%
c
c seconds    switched      rate           size/glue tier1   binary     remaining
c         MB   reductions     conflicts         size  tier2   irredundant
c          level     restarts        redundant    glue   trail     variables
c
c - 62.82 102 11 52 260 74581 1 2787728 44467 2.0 17 9 3 9 83%  87 9538 91 60%
c - 63.20 102 12 52 261 76312 1 2803853 46323 1.9 17 9 3 9 82%  87 9538 91 60%
c - 63.55 102 12 52 262 77846 1 2820008 47390 1.9 17 9 3 9 82%  87 9538 91 60%
c - 63.94 102 12 52 263 79524 1 2836195 48323 1.8 17 9 3 9 82%  87 9538 91 60%
c - 64.29 102 12 52 264 80221 1 2852414 48164 1.8 17 9 3 9 82%  87 9538 91 60%
c - 64.64 102 12 52 265 80427 1 2868662 46969 1.8 16 9 3 9 82%  87 9538 91 60%
c - 64.98 102 12 52 266 81602 1 2884941 47652 1.8 16 9 3 9 82%  88 9538 91 60%
c - 65.28 102 12 52 267 82298 1 2901253 49267 1.8 17 9 3 9 82%  88 9538 91 60%
c } 65.42 102 12 53 267 82948 1 2906766 53468 1.8 17 9 3 9 82%  88 9538 91 60%
c [ 65.42 102 15 53 267 82948 1 2906766 53468 1.6 20 12 3 13 82%  88 9538 91 60%
c W 65.44 102 15 53 267 82948 1 2906766 53468 1.6 20 12 3 13 82%  88 9538 91 60%
c - 65.68 106 16 53 268 82954 1 2917593 47778 1.6 20 12 3 13 83%  88 9538 91 60%
c s 65.78 106 16 53 268 82957 1 2922428 51534 1.6 20 13 3 13 83%  88 9526 91 60%
c u 66.03 108 16 53 268 82961 1 2930047 56302 1.6 20 13 3 13 83%  92 9526 91 60%
c v 66.16 109 16 53 268 82961 1 2930047 55747 1.6 20 13 3 13 83%  91 9526 91 60%
c w 66.21 109 16 53 268 82961 1 2930047 55692 1.6 20 13 3 13 83%  91 9526 91 60%
c - 66.28 109 16 53 269 82962 1 2933963 43856 1.6 20 13 3 13 83%  91 9526 91 60%
c - 66.57 109 16 53 270 82969 1 2950364 44603 1.7 21 12 3 13 82%  91 9526 91 60%
c - 66.89 109 16 53 271 82977 1 2966795 46554 1.7 21 12 3 13 82%  91 9526 91 60%
c - 67.26 109 15 53 272 82978 1 2983260 48975 1.7 21 12 3 13 82%  91 9526 91 60%
c
c seconds    switched      rate           size/glue  tier1    binary     remaining
c         MB   reductions     conflicts         size   tier2    irredundant
c          level     restarts        redundant     glue    trail     variables
c
c - 67.59 109 15 53 273 82985 1 2999756 47306 1.7 20 12 3 12 82%  92 9526 91 60%
c - 67.93 109 15 53 274 82993 1 3016278 43830 1.7 20 12 3 12 82%  92 9526 91 60%
c - 68.25 109 15 53 275 83000 1 3032831 43840 1.7 20 12 3 12 82%  92 9526 91 60%
c - 68.63 109 15 53 276 83008 1 3049415 43696 1.6 20 12 3 12 81%  92 9526 91 60%
c O 68.89 109 15 53 276 83009 1 3062128 51956 1.6 19 12 3 12 81%  92 9526 91 60%
c o 68.89 109 15 53 276 83009 1 3062128 51956 1.6 19 12 3 12 81%  92 9526 91 60%
c - 68.99 109 15 53 277 83009 1 3066030 43151 1.6 19 12 3 12 81%  92 9526 91 60%
c ] 69.03 109 15 54 277 83009 1 3067794 44327 1.6 19 12 3 12 81%  92 9526 91 60%
c { 69.03 109 12 54 277 83009 1 3067794 44327 1.8 17 9 3 9 82%  92 9526 91 60%
c i 69.30 109 13 54 277 83615 1 3076353 51512 1.8 17 9 3 9 82%  97 9526 90 60%
c - 69.56 109 13 54 278 84420 1 3082673 45454 1.9 18 9 3 9 82%  81 9526 90 60%
c - 70.23 109 14 54 279 85738 1 3099348 48900 1.9 18 10 3 9 82%  81 9526 90 60%
c u 70.88 109 14 54 279 86582 1 3112453 59336 2.0 19 10 3 9 82%  86 9521 90 60%
c v 70.99 110 14 54 279 86582 1 3112453 59284 2.0 19 10 3 9 82%  86 9521 90 60%
c w 71.03 110 14 54 279 86582 1 3112453 59217 2.0 19 10 3 9 82%  86 9521 90 60%
c x 71.12 115 14 54 279 86582 1 3112453 59192 2.0 19 10 3 9 82%  92 9021 90 60%
c t 71.12 115 14 54 279 86582 1 3112453 59192 2.0 19 10 3 9 82%  87 9021 90 60%
c - 71.29 115 14 54 280 86979 1 3116051 51336 2.0 19 10 3 9 82%  87 9021 90 60%
c - 72.12 115 15 54 281 88608 1 3132786 53033 2.0 19 10 3 9 82%  87 9021 90 60%
c - 72.93 115 15 54 282 89909 1 3149549 54471 2.0 20 10 3 9 81%  87 9021 90 60%
c
c seconds    switched      rate           size/glue  tier1   binary     remaining
c         MB   reductions     conflicts         size   tier2   irredundant
c          level     restarts        redundant     glue   trail     variables
c
c - 73.74 115 16 54 283 91122 1 3166341 56786 2.0 20 10 3 9 81%  87 9021 90 60%
c - 74.62 115 16 54 284 92734 2 3183164 57229 2.0 20 10 3 9 81%  89 9021 90 60%
c i 75.32 115 16 54 284 93783 2 3196919 68534 2.0 20 10 3 9 81%  94 9020 89 59%
c - 75.51 116 16 54 285 94117 2 3200018 56204 2.0 20 10 3 9 81% 102 9006 89 59%
c - 76.38 116 16 54 286 95606 2 3216900 58563 2.0 21 10 3 9 81% 102 9006 89 59%
c } 76.87 116 16 55 286 96898 2 3226189 65405 2.0 21 11 3 9 81% 102 9006 89 59%
c [ 76.87 116 15 55 286 96898 1 3226189 65405 1.6 19 12 3 12 81% 102 9006 89 59%
c B 76.87 116 15 55 286 96898 1 3226189 65405 1.6 19 12 3 12 81% 102 9006 89 59%
c - 77.03 116 15 55 287 96903 1 3233812 58377 1.6 19 12 3 12 81% 102 9006 89 59%
c - 77.38 116 14 55 288 96911 1 3250753 57552 1.6 18 11 3 12 81% 102 9006 89 59%
c - 77.76 116 14 55 289 96919 1 3267724 57507 1.6 18 11 3 12 81% 102 9006 89 59%
c - 78.18 116 14 55 290 96927 1 3284724 57068 1.6 18 11 3 12 81% 102 9006 89 59%
c - 78.61 116 14 55 291 96928 1 3301754 55352 1.6 18 12 3 12 81% 102 9006 89 59%
c u 78.84 116 14 55 291 96928 1 3302207 54604 1.6 18 12 3 12 81%  98 9006 89 59%
c v 79.10 116 14 55 291 96928 1 3302207 54175 1.6 18 12 3 12 81%  98 9006 89 59%
c w 79.19 116 14 55 291 96928 1 3302207 54028 1.6 18 12 3 12 81%  98 9006 89 59%
c o 79.19 116 14 55 291 96928 1 3302207 54028 1.6 18 12 3 12 81%  98 9006 89 59%
c - 79.58 116 14 55 292 96935 1 3318813 53735 1.6 18 12 3 12 81%  98 9006 89 59%
c - 80.03 116 14 55 293 96943 1 3335902 54252 1.6 18 11 3 12 81%  98 9006 89 59%
c - 80.46 116 14 55 294 96950 1 3353019 55481 1.6 18 11 3 12 81%  98 9006 89 59%
c
c seconds    switched      rate           size/glue  tier1    binary     remaining
c         MB   reductions     conflicts         size   tier2    irredundant
c          level     restarts        redundant     glue    trail     variables
c
c - 80.93 116 15 55 295 96958 1 3370165 53985 1.6 18 12 3 12 80%  98 9006 89 59%
c s 81.45 116 15 55 295 96959 1 3385962 64346 1.5 18 12 3 12 80%  98 8907 89 59%
c e 81.46 116 15 55 295 96959 1 3385962 64346 1.5 18 12 3 12 80%  92 8927 87 58%
c - 81.53 116 15 55 296 96959 1 3387343 49241 1.5 18 12 3 12 80%  92 8927 87 58%
c W 81.74 116 15 55 296 96960 1 3396283 55635 1.5 18 12 3 12 80%  92 8927 87 58%
c - 81.93 120 15 55 297 96960 1 3404548 48433 1.5 19 12 3 12 81%  92 8927 87 58%
c - 82.38 120 15 55 298 96960 1 3421782 47124 1.5 19 12 3 12 81%  92 8927 87 58%
c - 82.76 120 15 55 299 96970 1 3439044 49788 1.5 18 12 3 12 81%  92 8927 87 58%
c - 83.16 120 15 55 300 96975 1 3456335 51853 1.5 18 12 3 12 80%  92 8927 87 58%
c - 83.55 120 15 55 301 96986 1 3473655 53374 1.5 18 12 3 12 80%  92 8927 87 58%
c - 83.98 120 15 55 302 96991 1 3491007 54102 1.5 18 12 3 12 80%  92 8927 87 58%
c u 84.26 120 15 55 302 96991 1 3498035 56561 1.5 18 12 3 12 80%  92 8927 87 58%
c v 84.38 120 15 55 302 96991 1 3498035 52599 1.5 18 12 3 12 80%  92 8927 87 58%
c w 84.43 120 15 55 302 96991 1 3498035 51652 1.5 18 12 3 12 80%  92 8927 87 58%
c x 84.52 120 15 55 302 96991 1 3498035 51623 1.5 18 12 3 12 80%  92 7779 87 58%
c - 85.71 132 15 55 303 96994 1 3508385 49562 1.5 18 12 3 12 80%  92 7779 87 58%
c - 86.13 132 15 55 304 97004 1 3525791 52240 1.5 18 12 3 12 80%  92 7779 87 58%
c - 86.51 132 15 55 305 97009 1 3543227 51147 1.5 18 12 3 12 80%  92 7779 87 58%
c ] 86.61 132 15 56 305 97013 1 3547407 54101 1.5 18 12 3 12 80%  92 7779 87 58%
c { 86.61 132 16 56 305 97013 2 3547407 54101 2.0 21 11 3 9 81%  92 7779 87 58%
c
c seconds    switched      rate           size/glue  tier1   binary     remaining
c         MB   reductions     conflicts         size   tier2   irredundant
c          level     restarts        redundant     glue   trail     variables
c
c o 86.74 132 16 56 305 97116 2 3553880 58599 1.9 20 10 3 9 81%  92 7779 87 58%
c - 86.90 132 16 56 306 97223 2 3560691 51027 1.9 20 10 3 9 81%  92 7779 87 58%
c - 87.33 132 15 56 307 97332 1 3578183 54132 1.9 19 10 3 9 80%  92 7779 87 58%
c - 87.75 132 14 56 308 97666 1 3595705 56334 1.8 18 10 3 9 80%  93 7779 87 58%
c - 88.11 132 14 56 309 97959 1 3613255 56353 1.8 17 10 3 9 80%  94 7779 87 58%
c - 88.49 132 14 56 310 98426 1 3630834 55964 1.7 17 10 3 9 80%  94 7779 87 58%
c - 88.90 132 13 56 311 98937 1 3648440 56627 1.7 16 10 3 9 80%  95 7779 87 58%
c - 89.36 132 13 56 312 99774 1 3666075 56923 1.7 16 10 3 9 80%  95 7779 87 58%
c - 89.82 132 13 56 313 100454 1 3683739 57529 1.7 16 9 3 9 80%  95 7779 87 58%
c - 90.26 132 13 56 314 100936 1 3701430 58574 1.7 16 9 3 9 80%  95 7779 87 58%
c u 90.44 132 13 56 314 101057 1 3704075 59983 1.7 16 9 3 9 80%  95 7779 87 58%
c v 90.55 132 13 56 314 101057 1 3704075 59443 1.7 16 9 3 9 80%  95 7779 87 58%
c w 90.59 132 13 56 314 101057 1 3704075 59418 1.7 16 9 3 9 80%  95 7779 87 58%
c x 90.68 132 13 56 314 101057 1 3704075 59399 1.7 16 9 3 9 80%  95 7197 87 58%
c } 90.97 132 12 57 314 101202 1 3716749 67346 1.7 15 9 3 9 80%  95 7197 87 58%
c [ 90.97 132 15 57 314 101202 1 3716749 67346 1.5 18 12 3 12 80%  95 7197 87 58%
c I 90.97 132 15 57 314 101202 1 3716749 67346 1.5 18 12 3 12 80%  95 7197 87 58%
c - 91.05 133 15 57 315 101204 1 3719151 57135 1.5 18 12 3 12 80%  95 7197 87 58%
c - 91.50 133 15 57 316 101214 1 3736901 54131 1.5 18 12 3 12 80%  95 7197 87 58%
c - 91.94 133 15 57 317 101220 1 3754677 52597 1.5 18 12 3 12 81%  95 7197 87 58%
c
c seconds    switched       rate           size/glue  tier1    binary     remaining
c         MB   reductions      conflicts         size   tier2    irredundant
c          level      restarts        redundant     glue    trail     variables
c
c - 92.39 133 15 57 318 101230 1 3772482 53551 1.5 18 12 3 12 81%  95 7197 87 58%
c - 92.88 133 15 57 319 101232 1 3790315 53484 1.5 18 12 3 12 80%  95 7197 87 58%
c - 93.32 133 14 57 320 101239 1 3808176 55305 1.5 18 11 3 12 80%  95 7197 87 58%
c - 93.73 133 14 57 321 101247 1 3826065 56147 1.6 17 11 3 12 80%  97 7197 87 58%
c i 93.84 133 14 57 321 101247 1 3831095 58889 1.6 17 11 3 12 80% 104 7197 86 57%
c o 93.84 133 14 57 321 101247 1 3831095 58889 1.6 17 11 3 12 80% 104 7197 86 57%
c - 94.15 133 13 57 322 101254 1 3843982 40990 1.6 17 11 3 12 80% 102 7197 86 57%
c i 94.34 133 13 57 322 101260 1 3852367 45908 1.6 16 10 3 12 80% 108 7197 82 54%
c i 94.41 133 13 57 322 101261 1 3855232 47734 1.6 16 10 3 12 80% 114 7197 79 52%
c i 94.49 133 13 57 322 101262 1 3859246 50172 1.6 16 10 3 12 80% 124 7197 74 49%
c i 94.50 133 13 57 322 101262 1 3859949 50559 1.6 16 10 3 12 80% 129 7197 71 47%
c i 94.51 133 13 57 322 101262 1 3860248 50727 1.6 16 10 3 12 80% 136 7197 64 42%
c i 94.51 133 13 57 322 101262 1 3860317 50765 1.6 16 10 3 12 80% 139 7197 45 30%
c ] 94.51 133 13 57 322 101262 1 3860319 50765 1.6 16 10 3 12 80% 139 7197 20 13%
c 0 94.51 133 12 57 322 101262 1 3860319 50765 1.7 15 9 3 9 80% 139 7197 20 13%
c
c ---- [ result ] ------------------------------------------------------------
c
s UNSATISFIABLE
c
c ---- [ profiling ] ---------------------------------------------------------
c
c          85.79   90.77 %  search
c          43.38   45.90 %  focused
c          42.41   44.88 %  stable
c           8.70    9.21 %  simplify
c           8.31    8.79 %  probe
c           6.44    6.81 %  vivify
c           1.72    1.82 %  sweep
c           1.08    1.15 %  reduce
c           0.34    0.36 %  eliminate
c           0.30    0.32 %  subsume
c           0.12    0.12 %  substitute
c           0.07    0.07 %  walking
c           0.02    0.02 %  factor
c           0.01    0.01 %  preprocess
c           0.01    0.01 %  congruence
c           0.00    0.00 %  parse
c           0.00    0.00 %  transitive
c           0.00    0.00 %  lucky
c           0.00    0.00 %  backbone
c =============================================
c          94.51  100.00 %  total
c
c ---- [ statistics ] --------------------------------------------------------
c
c conflicts:                          3860319            40844.68 per second
c decisions:                          4776865                1.24 per conflict
c eliminated:                             212              140 %  variables
c factored:                               152              101 %  variables
c iterations:                              12                8 %  variables
c propagations:                      65083943           688630    per second
c reductions:                             322            11989    interval
c reordered:                               27           142975    interval
c rephased:                                39            98983    interval
c restarts:                            101262               38    interval
c strengthened:                             4                0 %  checks
c subsumed:                               250                0 %  checks
c switched:                                57            67725    interval
c vivified:                             67299               50 %  checks
c walks:                                   13           296948    interval
c
c ---- [ glue usage ] --------------------------------------------------------
c
c focused glue 3   used 1968164 clauses 18.89% accumulated 62.05% tier1
c focused glue 4   used  868594 clauses  8.34% accumulated 70.38%
c focused glue 5-7 used 1472809 clauses 14.14% accumulated 84.52%
c focused glue 8   used  425057 clauses  4.08% accumulated 88.60%
c focused glue 9   used  354628 clauses  3.40% accumulated 92.00% tier2
c
c stable glue 3    used 2296785 clauses 16.31% accumulated 55.88% tier1
c stable glue 4    used 1031467 clauses  7.32% accumulated 63.21%
c stable glue 5-10 used 3255067 clauses 23.11% accumulated 86.32%
c stable glue 11   used  374833 clauses  2.66% accumulated 88.98%
c stable glue 12   used  323743 clauses  2.30% accumulated 91.28% tier2
c
c ---- [ resources ] ---------------------------------------------------------
c
c maximum-resident-set-size:     142421786624 bytes     135824 MB
c process-time:                         1m 35s              94.51 seconds
c
c ---- [ shutting down ] -----------------------------------------------------
c
c exit 20
