c ---- [ banner ] ------------------------------------------------------------
c
c Kissat SAT Solver
c 
c Copyright (c) 2021-2024 Armin Biere University of Freiburg
c Copyright (c) 2019-2021 Armin Biere Johannes Kepler University Linz
c 
c Version 4.0.4 8af8e56f174b778aef3aa45af9f739b2a5f492c2
c Apple clang version 17.0.0 (clang-1700.6.3.2) -W -Wall -O3 -DNDEBUG
c Mon Mar 30 18:25:47 CEST 2026 Darwin Mac 24.6.0 arm64
c
c ---- [ parsing ] -----------------------------------------------------------
c
c opened and reading DIMACS file:
c
c   tmp.cnf
c
c parsed 'p cnf 406 1679535' header
c closing input after reading 53060476 bytes (51 MB)
c finished parsing after 0.17 seconds
c
c ---- [ solving ] -----------------------------------------------------------
c
c seconds  switched rate     size/glue tier1 binary         remaining
c         MB reductions conflicts size  tier2    irredundant
c          level restarts redundant glue  trail         variables
c
c *  0.17 155 0 0 0  0 0   0   0 0.0 0 0 0 0 0%   0 1679535 406 100%
c (  0.21 209 0 0 0  0 0   0   0 0.0 0 0 0 0 0%   0 1679535 406 100%
c .  0.21 209 0 0 0  0 0   0   0 0.0 0 0 0 0 0%   0 1679535 406 100%
c )  0.32 215 0 0 0  0 0   0   0 0.0 0 0 0 0 0%   0 1679535 406 100%
c {  0.33 219 0 0 0  0 0   0   0 0.0 0 0 2 6 0%   0 1679535 406 100%
c -  0.57 234 70 0 1 217 17 1001 708 1.5 32 21 14 32 47%   0 1679535 406 100%
c }  0.57 234 70 1 1 217 17 1001 708 1.5 32 21 14 32 47%   0 1679535 406 100%
c [  0.57 234 0 1 1 217 0 1001 708 0.0 0 0 2 6 0%   0 1679535 406 100%
c B  0.57 234 0 1 1 217 0 1001 708 0.0 0 0 2 6 0%   0 1679535 406 100%
c -  0.64 234 127 1 2 217 1 2001 1542 1.7 54 31 17 43 61%   0 1679535 406 100%
c W  0.69 255 127 1 2 217 1 2002 1543 1.7 54 31 17 43 61%   0 1679535 406 100%
c u  0.85 261 95 1 2 219 2 3176 2615 1.5 52 36 18 49 50%   0 1679535 406 100%
c v  0.88 261 95 1 2 219 2 3176 2599 1.5 52 36 18 49 50%   0 1679535 406 100%
c w  0.91 261 95 1 2 219 2 3176 2599 1.5 52 36 18 49 50%   0 1679535 406 100%
c -  0.99 269 91 1 3 219 2 3416 2495 1.5 51 35 18 51 50%   0 1679535 406 100%
c ]  1.01 269 88 2 3 219 2 3601 2670 1.5 50 34 18 51 50%   0 1679535 406 100%
c {  1.01 269 70 2 3 219 17 3601 2670 1.5 32 21 14 32 47%   0 1679535 406 100%
c }  1.09 272 50 3 3 223 9 4603 3651 2.0 35 18 14 31 48%   0 1679535 406 100%
c [  1.09 272 88 3 3 223 2 4603 3651 1.5 50 34 18 51 50%   0 1679535 406 100%
c I  1.09 272 88 3 3 223 2 4603 3651 1.5 50 34 18 51 50%   0 1679535 406 100%
c
c seconds   switched  rate       size/glue  tier1     binary         remaining
c         MB reductions conflicts      size    tier2      irredundant
c          level restarts   redundant     glue     trail         variables
c
c -  1.13 273 87 3 4 223 2 5148 3607 1.5 51 34 18 51 50%   0 1679535 406 100%
c ]  1.18 273 87 4 4 224 2 6360 4770 1.4 55 38 18 53 51%   0 1679535 406 100%
c {  1.18 273 50 4 4 224 9 6360 4770 2.0 35 18 14 31 48%   0 1679535 406 100%
c -  1.41 277 56 4 5 456 13 7148 4465 1.8 33 19 12 23 46%   0 1679535 406 100%
c }  1.89 281 65 5 5 887 17 8712 6025 1.6 32 20 12 23 46%   0 1679535 406 100%
c [  1.89 281 87 5 5 887 2 8712 6025 1.4 55 38 18 53 51%   0 1679535 406 100%
c B  1.89 281 87 5 5 887 2 8712 6025 1.4 55 38 18 53 51%   0 1679535 406 100%
c -  1.94 282 87 5 6 887 2 9384 5416 1.4 56 40 19 59 51%   0 1679535 406 100%
c u  2.08 216 87 5 6 888 2 9786 5765 1.4 57 41 19 59 51%   0 1679535 406 100%
c v  2.13 236 87 5 6 888 2 9786 5740 1.4 57 41 19 59 51%   0 1679535 406 100%
c w  2.17 237 87 5 6 888 2 9786 5740 1.4 57 41 19 59 51%   0 1679535 406 100%
c -  2.31 241 84 5 7 889 1 11833 6027 1.3 59 44 20 61 51%   0 1679535 406 100%
c W  2.44 259 81 5 7 891 1 14242 8220 1.3 60 45 20 61 50%   0 1679535 406 100%
c o  2.45 259 81 5 7 891 1 14242 8220 1.3 60 45 20 61 50%   0 1679535 406 100%
c -  2.47 260 82 5 8 891 1 14478 6409 1.3 59 45 20 61 51%   0 1679535 406 100%
c e  2.68 274 84 5 8 892 1 15878 7760 1.4 60 44 20 61 52%   0 1645102 390 96%
c ^  2.76 287 84 5 8 892 1 15878 7760 1.4 60 44 20 61 52%   0 1645102 390 96%
c -  2.84 287 84 5 9 893 1 17306 7231 1.4 61 44 19 62 54%   0 1645102 390 96%
c u  2.99 288 84 5 9 893 1 20044 9866 1.4 64 44 19 62 56%   0 1645102 390 96%
c v  3.02 288 84 5 9 893 1 20044 9856 1.4 64 44 19 62 56%   0 1645102 390 96%
c
c seconds   switched  rate        size/glue  tier1     binary         remaining
c         MB reductions conflicts       size    tier2      irredundant
c          level restarts    redundant     glue     trail         variables
c
c w  3.05 288 84 5 9 893 1 20044 9855 1.4 64 44 19 62 56%   0 1645102 390 96%
c -  3.14 288 84 5 10 893 1 20306 7809 1.4 64 44 18 62 56%   0 1645102 390 96%
c O  3.21 288 84 5 10 894 1 21770 9198 1.4 64 45 18 62 56%   0 1645102 390 96%
c -  3.27 289 81 5 11 896 1 23469 8629 1.4 63 44 18 60 56%   0 1645102 390 96%
c ]  3.31 289 79 6 11 896 1 24824 9876 1.4 62 43 18 60 55%   0 1645102 390 96%
c {  3.31 289 65 6 11 896 17 24824 9876 1.6 32 20 12 23 46%   0 1645102 390 96%
c o  3.33 290 65 6 11 901 17 24837 9889 1.6 32 20 12 23 46%   0 1645102 390 96%
c -  4.81 304 75 6 12 1344 19 26785 10421 1.5 32 22 14 30 47%   0 1645102 390 96%
c }  6.18 305 81 7 12 1718 19 28894 12517 1.4 33 23 14 30 48%   0 1645102 390 96%
c [  6.18 305 79 7 12 1718 1 28894 12517 1.4 62 43 18 60 55%   0 1645102 390 96%
c -  6.26 305 78 7 13 1719 1 30251 11810 1.4 62 43 18 58 55%   0 1645102 390 96%
c B  6.33 305 78 7 13 1720 1 31531 13019 1.4 62 43 18 58 55%   0 1645102 390 96%
c ^  6.63 322 79 7 13 1720 1 31708 13194 1.4 62 43 18 58 56%   0 1645102 390 96%
c -  6.76 286 79 7 14 1721 1 33857 12195 1.4 62 43 18 59 56%   0 1645102 390 96%
c u  6.93 298 79 7 14 1722 1 34131 12326 1.4 62 43 18 59 56%   0 1645102 390 96%
c v  7.07 302 79 7 14 1722 1 34131 12255 1.4 62 43 18 59 56%   0 1645102 390 96%
c w  7.13 304 79 7 14 1722 1 34131 12255 1.4 62 43 18 59 56%   0 1645102 390 96%
c -  7.32 305 79 7 15 1724 1 37599 12278 1.4 62 44 19 61 56%   0 1645102 390 96%
c -  7.44 305 78 7 16 1725 1 41473 12910 1.4 63 44 19 61 57%   0 1645102 390 96%
c W  7.55 329 77 7 16 1727 1 43754 15036 1.4 64 45 19 61 57%   0 1645102 390 96%
c
c seconds   switched    rate         size/glue  tier1     binary         remaining
c         MB  reductions  conflicts        size    tier2      irredundant
c          level   restarts     redundant     glue     trail         variables
c
c -  7.61 329 77 7 17 1728 1 45473 13702 1.4 64 45 19 60 57%   0 1645102 390 96%
c -  7.73 329 76 7 18 1731 1 49600 14619 1.4 64 45 19 60 57%   0 1645102 390 96%
c u  7.91 326 75 7 18 1731 1 52273 16989 1.4 64 46 19 60 57%   0 1645102 390 96%
c v  7.95 330 75 7 18 1731 1 52273 16980 1.4 64 46 19 60 57%   0 1645102 390 96%
c w  7.99 331 75 7 18 1731 1 52273 16980 1.4 64 46 19 60 57%   0 1645102 390 96%
c o  8.12 355 75 7 18 1731 1 52273 16980 1.4 64 46 19 60 57%   0 1645102 390 96%
c -  8.19 355 79 7 19 1732 1 53842 15205 1.4 65 46 19 60 57%   0 1645102 390 96%
c -  8.35 355 79 7 20 1732 1 58200 15666 1.4 64 46 19 60 57%   0 1645102 390 96%
c I  8.36 355 79 7 20 1732 1 58658 16110 1.4 64 46 19 60 57%   0 1645102 390 96%
c -  8.58 356 80 7 21 1733 1 62672 15977 1.4 64 46 19 61 57%   0 1645102 390 96%
c ^  8.90 375 80 7 21 1736 1 66023 19121 1.4 64 46 19 61 57%   0 1645102 390 96%
c -  8.99 376 80 7 22 1737 1 67254 16534 1.4 64 46 19 61 57%   0 1645102 390 96%
c -  9.22 376 80 7 23 1739 1 71945 16824 1.4 64 46 19 61 58%   0 1645102 390 96%
c u  9.39 377 79 7 23 1740 1 74591 19209 1.4 64 46 19 61 58%   0 1645102 390 96%
c v  9.44 377 79 7 23 1740 1 74591 19191 1.4 64 46 19 61 58%   0 1645102 390 96%
c w  9.48 377 79 7 23 1740 1 74591 19191 1.4 64 46 19 61 58%   0 1645102 390 96%
c B  9.65 377 79 7 23 1742 1 76461 20881 1.4 64 47 19 61 58%   0 1645102 390 96%
c -  9.67 377 79 7 24 1742 1 76742 17435 1.4 64 47 19 61 58%   0 1645102 390 96%
c -  9.90 377 79 7 25 1745 1 81640 18285 1.4 65 47 19 61 58%   0 1645102 390 96%
c - 10.10 377 79 7 26 1747 1 86640 18621 1.4 65 47 19 61 58%   0 1645102 390 96%
c
c seconds   switched    rate         size/glue  tier1     binary         remaining
c         MB  reductions  conflicts        size    tier2      irredundant
c          level   restarts     redundant     glue     trail         variables
c
c - 10.30 378 79 7 27 1747 1 91739 18755 1.4 65 48 19 61 58%   0 1645102 390 96%
c ] 10.32 378 79 8 27 1747 1 92238 19206 1.4 65 48 19 61 58%   0 1645102 390 96%
c { 10.32 378 81 8 27 1747 19 92238 19206 1.4 33 23 14 30 48%   0 1645102 390 96%
c o 10.33 378 81 8 27 1748 19 92242 19210 1.4 33 23 14 30 48%   0 1645102 390 96%
c - 11.27 388 77 8 28 2183 15 96935 21651 1.5 34 23 15 36 48%   0 1645102 390 96%
c } 11.59 391 77 9 28 2304 15 98397 23098 1.5 34 23 15 36 48%   0 1645102 390 96%
c [ 11.59 391 79 9 28 2304 1 98397 23098 1.4 65 48 19 61 58%   0 1645102 390 96%
c W 11.65 434 79 9 28 2304 1 98397 23098 1.4 65 48 19 61 58%   0 1645102 390 96%
c u 11.96 439 80 9 28 2306 1 101246 25673 1.3 66 49 19 61 59%   0 1645102 390 96%
c v 12.07 440 80 9 28 2306 1 101246 25632 1.3 66 49 19 61 59%   0 1645102 390 96%
c w 12.12 440 80 9 28 2306 1 101246 25632 1.3 66 49 19 61 59%   0 1645102 390 96%
c - 12.24 441 80 9 29 2306 1 102226 23035 1.3 66 49 19 62 59%   0 1645102 390 96%
c ] 12.37 442 80 9 29 2309 1 104741 25290 1.3 67 49 19 62 59%   0 1645102 390 96%
c 1 12.37 442 77 9 29 2309 15 104741 25290 1.5 34 23 15 36 48%   0 1645102 390 96%
c
c ---- [ result ] ------------------------------------------------------------
c
s SATISFIABLE
v 1 2 3 4 5 6 7 8 -9 -10 -11 -12 13 14 15 -16 -17 -18 19 -20 21 -22 -23 24 -25
v -26 -27 -28 29 30 31 32 33 -34 -35 36 37 38 39 -40 -41 -42 43 -44 -45 -46
v -47 -48 -49 -50 -51 -52 -53 -54 -55 56 57 -58 -59 60 61 -62 -63 -64 -65 66
v 67 68 -69 -70 71 -72 73 -74 75 -76 -77 -78 -79 -80 -81 82 83 84 -85 -86 87
v 88 89 90 -91 -92 -93 -94 95 -96 -97 -98 -99 -100 -101 -102 -103 -104 -105
v -106 107 108 -109 -110 -111 -112 -113 -114 -115 -116 -117 -118 119 -120 -121
v -122 123 -124 125 -126 -127 -128 -129 -130 131 -132 -133 134 -135 -136 -137
v -138 -139 -140 -141 142 -143 -144 -145 146 -147 148 -149 -150 -151 -152 -153
v 154 -155 -156 -157 -158 -159 -160 -161 -162 -163 164 -165 -166 -167 168 -169
v 170 -171 -172 -173 -174 -175 176 -177 -178 -179 -180 -181 182 183 -184 -185
v -186 187 -188 -189 -190 -191 192 -193 194 195 -196 -197 -198 -199 -200 201
v 202 203 -204 -205 206 -207 208 -209 210 -211 -212 -213 -214 -215 -216 217
v 218 219 -220 -221 -222 223 -224 -225 -226 -227 -228 -229 -230 -231 232 -233
v -234 -235 236 237 -238 -239 -240 241 -242 -243 -244 -245 -246 -247 -248 -249
v 250 -251 -252 -253 254 -255 -256 -257 258 -259 -260 -261 -262 -263 -264 -265
v -266 267 -268 -269 -270 -271 -272 -273 274 -275 -276 -277 -278 -279 -280
v -281 -282 283 -284 -285 -286 -287 -288 289 -290 291 -292 293 -294 295 -296
v -297 -298 299 -300 301 302 -303 -304 -305 306 -307 -308 -309 -310 311 -312
v -313 314 -315 -316 -317 -318 319 -320 -321 -322 -323 324 -325 -326 327 -328
v -329 -330 -331 -332 333 -334 335 -336 337 -338 -339 -340 -341 -342 -343 344
v -345 346 -347 348 -349 350 -351 -352 353 -354 355 -356 -357 -358 359 -360
v 361 -362 -363 -364 -365 366 -367 368 369 370 -371 372 -373 -374 -375 376
v -377 378 -379 380 -381 382 -383 -384 385 -386 -387 -388 389 -390 391 -392
v 393 -394 395 -396 -397 398 399 400 -401 402 403 404 405 406 0
c
c ---- [ profiling ] ---------------------------------------------------------
c
c           9.28   75.06 %  search
c           5.17   41.82 %  focused
c           4.11   33.24 %  stable
c           2.75   22.24 %  simplify
c           1.97   15.89 %  probe
c           1.26   10.15 %  vivify
c           0.71    5.75 %  eliminate
c           0.46    3.69 %  subsume
c           0.41    3.31 %  substitute
c           0.19    1.53 %  walking
c           0.17    1.36 %  parse
c           0.15    1.23 %  sweep
c           0.11    0.93 %  preprocess
c           0.11    0.89 %  congruence
c           0.10    0.79 %  reduce
c           0.05    0.41 %  lucky
c           0.02    0.16 %  factor
c           0.02    0.14 %  transitive
c           0.00    0.01 %  backbone
c           0.00    0.00 %  extend
c =============================================
c          12.37  100.00 %  total
c
c ---- [ statistics ] --------------------------------------------------------
c
c conflicts:                           104741             8467.67 per second
c decisions:                           338638                3.23 per conflict
c eliminated:                              16                4 %  variables
c propagations:                       3388902           273972    per second
c reductions:                              29             3612    interval
c reordered:                                4            26185    interval
c rephased:                                11             9522    interval
c restarts:                              2309               45    interval
c switched:                                 9            11638    interval
c vivified:                               761               30 %  checks
c walks:                                    4            26185    interval
c
c ---- [ glue usage ] --------------------------------------------------------
c
c focused glue 15    used  522 clauses  4.85% accumulated 51.50% tier1
c focused glue 16    used  362 clauses  3.37% accumulated 54.87%
c focused glue 17-35 used 3668 clauses 34.10% accumulated 88.97%
c focused glue 36    used   94 clauses  0.87% accumulated 89.84%
c focused glue 37    used   79 clauses  0.73% accumulated 90.57% tier2
c
c stable glue 19    used   9800 clauses  2.70% accumulated 51.73% tier1
c stable glue 20    used   6780 clauses  1.87% accumulated 53.60%
c stable glue 21-60 used 129510 clauses 35.70% accumulated 89.30%
c stable glue 61    used   2043 clauses  0.56% accumulated 89.87%
c stable glue 62    used   2048 clauses  0.56% accumulated 90.43% tier2
c
c ---- [ resources ] ---------------------------------------------------------
c
c maximum-resident-set-size:     474476445696 bytes     452496 MB
c process-time:                            12s              12.37 seconds
c
c ---- [ shutting down ] -----------------------------------------------------
c
c exit 10
