c ---- [ banner ] ------------------------------------------------------------
c
c Kissat SAT Solver
c 
c Copyright (c) 2021-2024 Armin Biere University of Freiburg
c Copyright (c) 2019-2021 Armin Biere Johannes Kepler University Linz
c 
c Version 4.0.4 8af8e56f174b778aef3aa45af9f739b2a5f492c2
c Apple clang version 17.0.0 (clang-1700.6.3.2) -W -Wall -O3 -DNDEBUG
c Mon Mar 30 18:25:47 CEST 2026 Darwin Mac 24.6.0 arm64
c
c ---- [ parsing ] -----------------------------------------------------------
c
c opened and reading DIMACS file:
c
c   tmp.cnf
c
c parsed 'p cnf 105 6890' header
c closing input after reading 552865 bytes (540 KB)
c finished parsing after 0.00 seconds
c
c ---- [ solving ] -----------------------------------------------------------
c
c seconds switched rate     size/glue tier1 binary      remaining
c        MB reductions conflicts size  tier2  irredundant
c         level restarts redundant glue  trail      variables
c
c *  0.00  4 0 0 0  0 0   0   0 0.0 0 0 0 0 0% 455 6435 105 100%
c (  0.00  6 0 0 0  0 0   0   0 0.0 0 0 0 0 0% 455 6435 105 100%
c .  0.00  6 0 0 0  0 0   0   0 0.0 0 0 0 0 0% 455 6435 105 100%
c f  0.01  7 0 0 0  0 0   0   0 0.0 0 0 0 0 0% 235 6435 140 133%
c )  0.01  7 0 0 0  0 0   0   0 0.0 0 0 0 0 0% 235 6435 140 133%
c {  0.01  7 0 0 0  0 0   0   0 0.0 0 0 2 6 0% 235 6435 140 133%
c -  0.01  7 10 0 1 112 2 1002 454 1.7 14 8 7 11 65% 235 6435 140 133%
c }  0.01  7 10 1 1 112 2 1002 454 1.7 14 8 7 11 65% 235 6435 140 133%
c [  0.01  7 0 1 1 112 0 1002 454 0.0 0 0 2 6 0% 235 6435 140 133%
c B  0.01  7 0 1 1 112 0 1002 454 0.0 0 0 2 6 0% 235 6435 140 133%
c ]  0.02  7 16 2 1 112 1 1660 895 1.6 17 11 8 11 79% 236 6435 140 133%
c {  0.02  7 10 2 1 112 2 1660 895 1.7 14 8 7 11 65% 236 6435 140 133%
c -  0.02  7 10 2 2 116 1 2002 1003 1.7 13 8 7 11 68% 236 6435 140 133%
c }  0.02  7 9 3 2 116 1 2661 1376 1.6 11 7 7 11 69% 236 6435 140 133%
c [  0.02  7 16 3 2 116 1 2661 1376 1.6 17 11 8 11 79% 236 6435 140 133%
c W  0.02  7 16 3 2 116 1 2661 1376 1.6 17 11 8 11 79% 236 6435 140 133%
c u  0.03  7 19 3 2 116 1 3123 1588 1.5 19 12 8 11 76% 236 6435 140 133%
c v  0.03  7 19 3 2 116 1 3123 1570 1.5 19 12 8 11 76% 236 6435 140 133%
c w  0.03  7 19 3 2 116 1 3123 1554 1.5 19 12 8 11 76% 236 6435 140 133%
c ]  0.04  7 19 4 2 116 1 3266 1647 1.5 19 13 11 17 75% 236 6435 140 133%
c
c seconds switched  rate       size/glue tier1    binary      remaining
c        MB reductions conflicts     size  tier2    irredundant
c         level restarts  redundant    glue    trail      variables
c
c {  0.04  7 9 4 2 116 1 3266 1647 1.6 11 7 7 11 69% 236 6435 140 133%
c -  0.04  7 10 4 3 168 1 3416 1621 1.5 12 7 6 12 68% 236 6435 140 133%
c -  0.05  7 11 4 4 547 2 5152 2323 1.4 12 9 7 13 68% 236 6435 140 133%
c }  0.05  7 11 5 4 547 2 5618 2627 1.4 12 8 7 13 68% 236 6435 140 133%
c [  0.05  7 19 5 4 547 1 5618 2627 1.5 19 13 11 17 75% 236 6435 140 133%
c I  0.05  7 19 5 4 547 1 5618 2627 1.5 19 13 11 17 75% 236 6435 140 133%
c ]  0.06  7 30 6 4 548 1 6740 3538 1.3 28 22 11 17 76% 236 6435 140 133%
c {  0.06  7 11 6 4 548 2 6740 3538 1.4 12 8 7 13 68% 236 6435 140 133%
c -  0.07  7 13 6 5 693 2 7152 2936 1.3 13 10 8 26 68% 236 6435 140 133%
c -  0.08  7 19 6 6 1359 2 9388 3599 1.2 19 16 23 29 69% 236 6435 140 133%
c u  0.09  7 19 6 6 1420 2 9616 3539 1.2 19 17 23 29 69% 236 6435 140 133%
c v  0.09  7 19 6 6 1420 2 9616 3456 1.2 19 17 23 29 69% 236 6435 140 133%
c w  0.09  7 19 6 6 1420 2 9616 3456 1.2 19 17 23 29 69% 236 6435 140 133%
c }  0.14  8 20 7 6 1727 2 10809 4222 1.2 20 17 23 29 69% 236 6435 140 133%
c [  0.14  8 30 7 6 1727 1 10809 4222 1.3 28 22 11 17 76% 236 6435 140 133%
c B  0.14  8 30 7 6 1727 1 10809 4222 1.3 28 22 11 17 76% 236 6435 140 133%
c o  0.14  8 30 7 6 1727 1 10809 4222 1.3 28 22 11 17 76% 236 6435 140 133%
c -  0.15  8 27 7 7 1727 1 11837 5007 1.3 25 19 14 33 79% 236 6435 140 133%
c ]  0.17  8 23 8 7 1729 1 13674 6421 1.4 23 17 14 33 81% 236 6435 140 133%
c {  0.17  8 20 8 7 1729 2 13674 6421 1.2 20 17 23 29 69% 236 6435 140 133%
c
c seconds  switched   rate        size/glue  tier1     binary      remaining
c        MB reductions  conflicts       size    tier2    irredundant
c         level  restarts    redundant     glue     trail      variables
c
c -  0.17  8 20 8 8 1919 2 14482 6741 1.2 21 18 21 28 70% 236 6435 140 133%
c e  0.21 10 20 8 8 1981 2 15611 7599 1.2 21 18 21 28 70% 235 4719 138 131%
c ^  0.22 10 20 8 8 1981 2 15611 7599 1.2 21 18 21 28 70% 235 4719 138 131%
c -  0.23 10 20 8 9 1996 2 17310 8423 1.2 21 17 19 28 71% 235 4719 138 131%
c u  0.26 10 20 8 9 2029 2 19701 10197 1.2 20 17 18 28 72% 235 4719 138 131%
c v  0.26 10 20 8 9 2029 2 19701 10181 1.2 20 17 18 28 72% 235 4719 138 131%
c w  0.26 10 20 8 9 2029 2 19701 10181 1.2 20 17 18 28 72% 235 4719 138 131%
c }  0.27 10 20 9 9 2036 2 19836 10294 1.2 20 17 18 28 72% 235 4719 138 131%
c [  0.27 10 23 9 9 2036 1 19836 10294 1.4 23 17 14 33 81% 235 4719 138 131%
c W  0.27 11 23 9 9 2036 1 19836 10294 1.4 23 17 14 33 81% 235 4719 138 131%
c -  0.27 11 23 9 10 2036 1 20312 10042 1.4 23 17 12 28 81% 235 4719 138 131%
c -  0.31 11 20 9 11 2038 1 23477 11753 1.4 20 15 11 21 80% 235 4719 138 131%
c ]  0.31 11 20 10 11 2039 1 24188 12225 1.4 20 15 11 21 80% 235 4719 138 131%
c {  0.31 11 20 10 11 2039 2 24188 12225 1.2 20 17 18 28 72% 235 4719 138 131%
c -  0.34 11 19 10 12 2042 2 26793 12825 1.2 20 16 15 27 73% 235 4719 138 131%
c -  0.37 11 19 10 13 2044 2 30258 14456 1.3 20 15 14 26 74% 235 4719 138 131%
c e  0.42 12 19 10 13 2044 2 31937 15781 1.3 20 15 14 26 74% 250 4719 123 117%
c ^  0.42 12 19 10 13 2044 2 31937 15781 1.3 20 15 14 26 74% 250 4719 123 117%
c o  0.42 12 19 10 13 2044 2 31937 9499 1.3 20 15 14 26 74% 250 4719 123 117%
c }  0.42 12 19 11 13 2050 2 32815 10103 1.3 20 15 14 26 74% 250 4719 123 117%
c
c seconds   switched    rate         size/glue  tier1     binary      remaining
c        MB   reductions  conflicts        size    tier2    irredundant
c         level    restarts     redundant     glue     trail      variables
c
c [  0.42 12 20 11 13 2050 1 32815 10103 1.4 20 15 11 21 80% 250 4719 123 117%
c O  0.42 12 20 11 13 2050 1 32815 10103 1.4 20 15 11 21 80% 250 4719 123 117%
c -  0.43 14 19 11 14 2051 1 33867 10354 1.4 20 14 11 18 81% 250 4719 123 117%
c u  0.44 14 19 11 14 2051 1 34233 9393 1.4 20 14 11 18 81% 250 4719 123 117%
c v  0.45 14 19 11 14 2051 1 34233 9361 1.4 20 14 11 18 81% 250 4719 123 117%
c -  0.48 15 19 11 15 2053 1 37608 11349 1.4 20 14 11 17 82% 250 4719 123 117%
c -  0.51 15 18 11 16 2056 1 41480 13762 1.5 20 14 11 17 82% 250 4719 123 117%
c B  0.52 15 18 11 16 2056 1 42577 14411 1.5 20 14 11 17 82% 250 4719 123 117%
c ]  0.52 15 18 12 16 2056 1 43127 14786 1.5 20 13 11 17 82% 250 4719 123 117%
c {  0.52 15 19 12 16 2056 2 43127 14786 1.3 20 15 14 26 74% 250 4719 123 117%
c -  0.54 15 18 12 17 2056 2 45481 14524 1.3 19 15 12 25 75% 250 4719 123 117%
c -  0.57 15 18 12 18 2227 2 49605 15623 1.3 19 14 12 25 75% 251 4719 123 117%
c u  0.60 18 17 12 18 2282 1 52936 17905 1.3 19 14 12 25 75% 251 4719 123 117%
c v  0.61 18 17 12 18 2282 1 52936 17839 1.3 19 14 12 25 75% 251 4719 123 117%
c o  0.65 19 17 12 18 2282 1 52936 17839 1.3 19 14 12 25 75% 251 4719 123 117%
c -  0.66 19 17 12 19 2321 1 53848 17512 1.3 19 14 12 24 75% 251 4719 123 117%
c }  0.66 19 17 13 19 2321 1 54606 18003 1.3 18 14 12 24 75% 251 4719 123 117%
c [  0.66 19 18 13 19 2321 1 54606 18003 1.5 20 13 11 17 82% 251 4719 123 117%
c W  0.67 19 18 13 19 2321 1 54801 18129 1.5 20 13 11 17 82% 251 4719 123 117%
c -  0.70 19 19 13 20 2323 1 58206 19153 1.4 21 14 11 19 82% 251 4719 123 117%
c
c seconds   switched    rate         size/glue  tier1     binary      remaining
c        MB   reductions  conflicts        size    tier2    irredundant
c         level    restarts     redundant     glue     trail      variables
c
c ]  0.74 19 20 14 20 2326 1 62458 22596 1.4 22 15 11 19 82% 251 4719 123 117%
c {  0.74 19 17 14 20 2326 1 62458 22596 1.3 18 14 12 24 75% 251 4719 123 117%
c -  0.75 19 17 14 21 2332 1 62678 20929 1.3 18 14 12 24 75% 251 4719 123 117%
c -  0.80 19 17 14 22 2482 1 67262 20941 1.3 18 14 11 23 75% 251 4719 123 117%
c ^  0.81 19 17 14 22 2482 1 67318 20982 1.3 18 14 11 23 75% 251 4719 123 117%
c -  0.85 19 17 14 23 2628 1 71953 21928 1.3 18 14 11 23 75% 251 4719 123 117%
c u  0.90 20 16 14 23 2628 1 75947 25048 1.4 18 13 11 23 76% 251 4719 123 117%
c v  0.91 20 16 14 23 2628 1 75947 24970 1.4 18 13 11 23 76% 251 4719 123 117%
c -  0.92 20 16 14 24 2652 1 76748 23727 1.4 18 13 11 22 76% 251 4719 123 117%
c }  0.92 20 16 15 24 2685 1 77173 23992 1.4 18 13 11 22 76% 251 4719 123 117%
c [  0.92 20 20 15 24 2685 1 77173 23992 1.4 22 15 11 19 82% 251 4719 123 117%
c I  0.92 20 20 15 24 2685 1 77173 23992 1.4 22 15 11 19 82% 251 4719 123 117%
c -  0.97 21 23 15 25 2688 1 81646 24837 1.4 24 17 12 25 82% 251 4719 123 117%
c -  1.02 21 24 15 26 2691 1 86646 26706 1.4 25 18 13 25 81% 251 4719 123 117%
c ]  1.05 21 24 16 26 2691 1 89407 28642 1.4 25 18 13 25 81% 251 4719 123 117%
c {  1.05 21 16 16 26 2691 1 89407 28642 1.4 18 13 11 22 76% 251 4719 123 117%
c o  1.05 21 16 16 26 2736 1 89592 28746 1.4 18 13 11 22 76% 251 4719 123 117%
c -  1.08 21 16 16 27 2819 1 91745 28898 1.4 18 13 11 22 77% 251 4719 123 117%
c -  1.14 21 16 16 28 2907 1 96941 30261 1.4 18 13 11 21 77% 251 4719 123 117%
c -  1.19 21 16 16 29 3040 1 102233 30828 1.4 18 13 11 20 77% 251 4719 123 117%
c
c seconds   switched    rate          size/glue  tier1     binary      remaining
c        MB   reductions  conflicts         size    tier2    irredundant
c         level    restarts      redundant     glue     trail      variables
c
c u  1.22 24 16 16 29 3040 1 103429 31755 1.4 18 13 11 20 77% 251 4719 123 117%
c v  1.22 25 16 16 29 3040 1 103429 31506 1.4 18 13 11 20 77% 251 4719 123 117%
c w  1.23 25 16 16 29 3040 1 103429 31491 1.4 18 13 11 20 77% 251 4719 123 117%
c -  1.27 25 16 16 30 3133 1 107618 29557 1.4 18 13 10 19 77% 251 4719 123 117%
c }  1.27 25 16 17 30 3133 1 107747 29625 1.4 18 13 10 19 77% 251 4719 123 117%
c [  1.27 25 24 17 30 3133 1 107747 29625 1.4 25 18 13 25 81% 251 4719 123 117%
c B  1.27 25 24 17 30 3133 1 107747 29625 1.4 25 18 13 25 81% 251 4719 123 117%
c -  1.32 25 23 17 31 3137 1 113095 30457 1.4 24 17 13 23 79% 251 4719 123 117%
c -  1.36 25 22 17 32 3139 1 118663 32061 1.4 23 17 13 23 78% 251 4719 123 117%
c e  1.43 26 22 17 32 3142 1 124302 36643 1.4 23 17 13 23 80% 264 4719 119 113%
c ^  1.44 26 22 17 32 3142 1 124302 36643 1.4 23 17 13 23 80% 264 4719 119 113%
c -  1.45 26 22 17 33 3142 1 124322 25638 1.4 23 17 13 22 80% 264 4719 119 113%
c W  1.48 26 22 17 33 3146 1 128660 28825 1.4 23 16 13 22 80% 264 4719 119 113%
c -  1.49 26 22 17 34 3146 1 130066 28357 1.4 23 16 12 22 80% 264 4719 119 113%
c ]  1.51 26 22 18 34 3146 1 132597 30232 1.4 23 16 12 22 80% 264 4719 119 113%
c {  1.51 26 16 18 34 3146 1 132597 30232 1.4 18 13 10 19 77% 264 4719 119 113%
c u  1.56 29 15 18 34 3146 1 135546 32862 1.5 18 12 10 19 77% 264 4719 119 113%
c v  1.56 29 15 18 34 3146 1 135546 32696 1.5 18 12 10 19 77% 264 4719 119 113%
c w  1.57 29 15 18 34 3146 1 135546 32678 1.5 18 12 10 19 77% 264 4719 119 113%
c o  1.57 29 15 18 34 3146 1 135546 32678 1.5 18 12 10 19 77% 264 4719 119 113%
c
c seconds   switched    rate          size/glue  tier1     binary      remaining
c        MB   reductions  conflicts         size    tier2    irredundant
c         level    restarts      redundant     glue     trail      variables
c
c -  1.58 29 15 18 35 3146 1 135897 31269 1.5 18 12 10 19 77% 264 4719 119 113%
c -  1.63 29 15 18 36 3146 1 141814 32296 1.5 17 12 10 18 78% 265 4719 119 113%
c -  1.68 29 14 18 37 3146 1 147816 30097 1.5 16 11 9 18 78% 266 4719 119 113%
c -  1.74 29 13 18 38 3146 1 153899 31842 1.5 16 10 9 17 79% 267 4719 119 113%
c }  1.75 29 13 19 38 3146 1 154942 32658 1.5 16 10 9 17 79% 267 4719 119 113%
c [  1.75 29 22 19 38 3146 1 154942 32658 1.4 23 16 12 22 80% 267 4719 119 113%
c O  1.75 29 22 19 38 3146 1 154942 32658 1.4 23 16 12 22 80% 267 4719 119 113%
c -  1.81 29 22 19 39 3149 1 160065 35987 1.4 23 16 12 21 80% 267 4719 119 113%
c -  1.89 33 22 19 40 3152 1 166310 40160 1.4 23 16 12 21 80% 269 4719 119 113%
c i  1.93 33 21 19 40 3154 1 169477 42263 1.4 23 16 12 21 80% 274 4719 118 112%
c ]  1.94 33 21 20 40 3155 1 169881 42544 1.4 23 16 12 21 79% 274 4719 118 112%
c {  1.94 33 13 20 40 3155 1 169881 42544 1.5 16 10 9 17 79% 274 4719 118 112%
c u  1.98 36 13 20 40 3336 1 172380 31580 1.5 16 10 9 17 79% 263 4719 118 112%
c v  1.99 37 13 20 40 3336 1 172380 31487 1.5 16 10 9 17 79% 263 4719 118 112%
c w  2.00 37 13 20 40 3336 1 172380 31469 1.5 16 10 9 17 79% 263 4719 118 112%
c -  2.08 38 13 20 41 3349 1 172634 30198 1.5 16 10 9 17 79% 263 4719 118 112%
c -  2.14 38 13 20 42 3678 1 179038 33019 1.5 15 10 9 17 78% 264 4719 118 112%
c -  2.21 38 13 20 43 3889 1 185518 35647 1.5 15 10 9 16 78% 266 4719 118 112%
c -  2.28 38 13 20 44 4485 1 192075 38171 1.4 15 10 9 16 78% 266 4719 118 112%
c }  2.34 38 13 21 44 4743 1 196620 40753 1.4 15 10 9 16 78% 266 4719 118 112%
c
c seconds   switched    rate          size/glue  tier1     binary      remaining
c        MB   reductions  conflicts         size    tier2    irredundant
c         level    restarts      redundant     glue     trail      variables
c
c [  2.34 38 21 21 44 4743 1 196620 40753 1.4 23 16 12 21 79% 266 4719 118 112%
c B  2.34 38 21 21 44 4743 1 196620 40753 1.4 23 16 12 21 79% 266 4719 118 112%
c o  2.34 38 21 21 44 4743 1 196620 40753 1.4 23 16 12 21 79% 266 4719 118 112%
c -  2.36 38 22 21 45 4745 1 198710 40690 1.4 23 16 12 21 80% 266 4719 118 112%
c e  2.47 38 22 21 45 4749 1 205242 46045 1.4 23 16 12 21 81% 322 4719 109 104%
c ^  2.47 38 22 21 45 4749 1 205242 46045 1.4 23 16 12 21 81% 322 4719 109 104%
c -  2.48 38 22 21 46 4749 1 205419 15816 1.4 23 16 13 21 81% 322 4719 109 104%
c -  2.53 38 22 21 47 4752 1 212203 19844 1.4 23 16 13 21 81% 322 4719 109 104%
c u  2.56 38 22 21 47 4753 1 214077 20790 1.4 23 16 13 21 81% 323 4719 109 104%
c v  2.57 38 22 21 47 4753 1 214077 20664 1.4 23 16 13 21 81% 323 4719 109 104%
c w  2.57 38 22 21 47 4753 1 214077 20516 1.4 23 16 13 21 81% 323 4719 109 104%
c x  2.58 38 22 21 47 4753 1 214077 20516 1.4 23 16 13 21 81% 323 4719 109 104%
c -  2.62 38 22 21 48 4756 1 219058 23467 1.4 23 16 13 20 81% 323 4719 109 104%
c ]  2.67 38 21 22 48 4757 1 224103 27188 1.4 23 16 13 20 80% 323 4719 109 104%
c {  2.67 38 13 22 48 4757 1 224103 27188 1.4 15 10 9 16 78% 323 4719 109 104%
c -  2.69 38 13 22 49 5205 1 225986 25607 1.4 15 11 9 16 78% 323 4719 109 104%
c -  2.75 38 14 22 50 6988 1 232987 24754 1.4 16 12 9 19 77% 323 4719 109 104%
c -  2.84 39 15 22 51 8797 2 240058 23190 1.3 17 13 9 20 76% 323 4719 109 104%
c -  2.89 39 16 22 52 10453 2 247199 23674 1.3 17 13 10 21 75% 323 4719 109 104%
c -  2.95 39 16 22 53 11615 2 254411 24768 1.3 17 14 10 21 75% 323 4719 109 104%
c
c seconds   switched     rate          size/glue  tier1     binary      remaining
c        MB   reductions   conflicts         size    tier2    irredundant
c         level    restarts       redundant     glue     trail      variables
c
c }  2.96 39 17 23 53 11851 2 255619 25447 1.3 17 14 10 21 75% 323 4719 109 104%
c [  2.96 39 21 23 53 11851 1 255619 25447 1.4 23 16 13 20 80% 323 4719 109 104%
c W  2.96 40 21 23 53 11851 1 255619 25447 1.4 23 16 13 20 80% 323 4719 109 104%
c u  3.02 41 21 23 53 11854 1 260677 27624 1.4 22 16 13 20 80% 327 4719 109 104%
c v  3.03 42 21 23 53 11854 1 260677 21008 1.4 22 16 13 20 80% 327 4719 109 104%
c w  3.04 42 21 23 53 11854 1 260677 20804 1.4 22 16 13 20 80% 327 4719 109 104%
c t  3.04 42 21 23 53 11854 1 260677 20804 1.4 22 16 13 20 80% 325 4719 109 104%
c o  3.04 42 21 23 53 11854 1 260677 20804 1.4 22 16 13 20 80% 325 4719 109 104%
c -  3.05 42 21 23 54 11855 1 261691 21008 1.4 22 16 12 20 79% 325 4719 109 104%
c -  3.10 42 21 23 55 11858 1 269039 25828 1.4 22 15 12 20 79% 325 4719 109 104%
c -  3.18 42 21 23 56 11863 1 276456 29481 1.4 23 16 12 20 80% 325 4719 109 104%
c -  3.26 42 21 23 57 11865 1 283939 31674 1.5 23 16 12 20 80% 325 4719 109 104%
c ]  3.31 42 21 24 57 11865 1 287908 34588 1.4 23 16 12 20 80% 325 4719 109 104%
c {  3.31 42 17 24 57 11865 2 287908 34588 1.3 17 14 10 21 75% 325 4719 109 104%
c -  3.36 42 17 24 58 11935 2 291489 33393 1.3 17 14 10 21 74% 325 4719 109 104%
c -  3.42 42 16 24 59 11974 2 299104 34822 1.3 17 13 10 21 75% 325 4719 109 104%
c -  3.49 42 16 24 60 12087 2 306786 35817 1.3 17 13 10 20 75% 325 4719 109 104%
c e  3.58 42 16 24 60 12205 2 312188 38987 1.3 17 13 10 20 75% 358 4719 106 101%
c !  3.59 43 16 24 60 12205 2 312188 38987 1.3 17 13 10 20 75% 358 4719 106 101%
c b  3.59 43 16 24 60 12219 2 312322 26512 1.3 17 13 10 20 75% 359 4719 105 100%
c
c seconds   switched     rate          size/glue  tier1     binary      remaining
c        MB   reductions   conflicts         size    tier2    irredundant
c         level    restarts       redundant     glue     trail      variables
c
c u  3.61 43 16 24 60 12219 2 312322 25868 1.3 17 13 10 20 75% 361 4719 105 100%
c v  3.62 43 16 24 60 12219 2 312322 23937 1.3 17 13 10 20 75% 361 4719 105 100%
c w  3.62 43 16 24 60 12219 2 312322 23927 1.3 17 13 10 20 75% 361 4719 105 100%
c x  3.63 43 16 24 60 12219 2 312322 23927 1.3 17 13 10 20 75% 361 4719 105 100%
c t  3.64 43 16 24 60 12219 2 312322 23927 1.3 17 13 10 20 75% 355 4719 104 99%
c u  3.65 43 16 24 60 12219 2 312322 21669 1.3 17 13 10 20 75% 356 4719 104 99%
c v  3.66 43 16 24 60 12219 2 312322 19972 1.3 17 13 10 20 75% 356 4719 104 99%
c w  3.67 43 16 24 60 12219 2 312322 19971 1.3 17 13 10 20 75% 356 4719 104 99%
c x  3.68 43 16 24 60 12219 2 312322 19971 1.3 17 13 10 20 75% 356 4719 104 99%
c t  3.68 43 16 24 60 12219 2 312322 19971 1.3 17 13 10 20 75% 355 4719 104 99%
c -  3.70 43 16 24 61 12219 2 314533 20413 1.3 17 13 10 20 75% 342 4719 104 99%
c i  3.76 43 16 24 61 12219 2 321586 24948 1.3 17 13 10 20 75% 353 4719 103 98%
c -  3.77 43 16 24 62 12226 2 322343 18833 1.3 17 13 10 20 75% 336 4719 103 98%
c i  3.78 43 15 24 62 12226 2 324133 19852 1.3 17 13 10 20 75% 339 4719 102 97%
c }  3.79 43 15 25 62 12234 2 324585 20132 1.3 17 13 10 20 75% 339 4719 102 97%
c [  3.79 43 21 25 62 12234 1 324585 20132 1.4 23 16 12 20 80% 339 4719 102 97%
c I  3.79 43 21 25 62 12234 1 324585 20132 1.4 23 16 12 20 80% 339 4719 102 97%
c -  3.83 44 21 25 63 12238 1 330217 17739 1.4 23 16 12 20 79% 329 4719 102 97%
c -  3.92 44 21 25 64 12241 1 338156 22790 1.4 23 16 12 20 79% 329 4719 102 97%
c -  3.98 44 21 25 65 12247 1 346157 26105 1.4 22 15 12 20 79% 329 4719 102 97%
c
c seconds   switched     rate          size/glue  tier1     binary      remaining
c        MB   reductions   conflicts         size    tier2    irredundant
c         level    restarts       redundant     glue     trail      variables
c
c -  4.06 44 21 25 66 12248 1 354221 27921 1.5 23 15 12 20 79% 329 4719 102 97%
c ]  4.10 44 21 26 66 12248 1 358051 30666 1.5 23 15 12 20 79% 329 4719 102 97%
c {  4.10 44 15 26 66 12248 2 358051 30666 1.3 17 13 10 20 75% 329 4719 102 97%
c -  4.16 44 15 26 67 12523 1 362345 29309 1.3 17 13 10 20 75% 329 4719 102 97%
c c  4.23 47 15 26 67 12596 1 369094 33408 1.3 16 13 10 20 75% 329 4719 101 96%
c d  4.23 47 15 26 67 12596 1 369094 30752 1.3 16 13 10 20 75% 327 4719 101 96%
c b  4.24 47 15 26 67 12596 1 369094 30752 1.3 16 13 10 20 75% 327 4719 98 93%
c u  4.25 49 15 26 67 12596 1 369094 25288 1.3 16 13 10 20 75% 328 4719 98 93%
c v  4.27 49 15 26 67 12596 1 369094 20459 1.3 16 13 10 20 75% 327 4719 98 93%
c w  4.27 49 15 26 67 12596 1 369094 20453 1.3 16 13 10 20 75% 327 4719 98 93%
c x  4.28 49 15 26 67 12596 1 369094 20452 1.3 16 13 10 20 75% 327 4608 98 93%
c u  4.34 50 15 26 67 12596 1 369094 20324 1.3 16 13 10 20 75% 327 4608 98 93%
c v  4.36 50 15 26 67 12596 1 369094 20219 1.3 16 13 10 20 75% 327 4608 98 93%
c w  4.36 50 15 26 67 12596 1 369094 20218 1.3 16 13 10 20 75% 327 4608 98 93%
c x  4.37 50 15 26 67 12596 1 369094 20218 1.3 16 13 10 20 75% 327 4608 98 93%
c o  4.37 50 15 26 67 12596 1 369094 20218 1.3 16 13 10 20 75% 327 4608 98 93%
c -  4.39 52 15 26 68 12599 1 370533 18321 1.3 16 12 10 20 75% 318 4608 98 93%
c -  4.47 52 15 26 69 12655 1 378780 22445 1.4 17 12 10 19 75% 318 4608 98 93%
c i  4.48 52 15 26 69 12655 1 379213 22646 1.4 17 12 10 19 75% 322 4608 97 92%
c i  4.49 52 15 26 69 12682 1 380844 23690 1.4 17 12 10 19 75% 325 4608 96 91%
c
c seconds   switched     rate          size/glue  tier1     binary     remaining
c        MB   reductions   conflicts         size    tier2    irredundant
c         level    restarts       redundant     glue     trail     variables
c
c i  4.51 52 15 26 69 12685 1 383206 25114 1.4 16 12 10 19 75% 330 4608 95 90%
c -  4.55 52 15 26 70 12750 1 387086 19475 1.4 16 12 9 19 75% 305 4608 95 90%
c i  4.57 52 15 26 70 12754 1 389706 21041 1.4 16 12 9 19 75% 307 4608 82 78%
c i  4.59 52 15 26 70 12755 1 391749 22529 1.4 16 12 9 19 75% 313 4608 76 72%
c i  4.60 52 15 26 70 12759 1 392531 23117 1.4 16 12 9 19 75% 315 4608 67 64%
c }  4.60 52 15 26 70 12759 1 392578 23130 1.4 16 12 9 19 75% 320 4608 28 27%
c 0  4.60 52 15 26 70 12759 1 392578 23130 1.4 16 12 9 19 75% 320 4608 28 27%
c
c ---- [ result ] ------------------------------------------------------------
c
s UNSATISFIABLE
c
c ---- [ profiling ] ---------------------------------------------------------
c
c           3.77   81.90 %  search
c           2.12   46.00 %  focused
c           1.65   35.90 %  stable
c           0.83   17.95 %  simplify
c           0.64   13.88 %  probe
c           0.41    9.02 %  vivify
c           0.18    4.01 %  eliminate
c           0.18    3.98 %  sweep
c           0.15    3.25 %  reduce
c           0.06    1.40 %  subsume
c           0.03    0.67 %  substitute
c           0.00    0.10 %  congruence
c           0.00    0.09 %  walking
c           0.00    0.08 %  factor
c           0.00    0.06 %  parse
c           0.00    0.06 %  lucky
c           0.00    0.03 %  preprocess
c           0.00    0.02 %  transitive
c           0.00    0.01 %  backbone
c =============================================
c           4.60  100.00 %  total
c
c ---- [ statistics ] --------------------------------------------------------
c
c conflicts:                           392578            85302.41 per second
c congruent:                                1                1 %  variables
c decisions:                           543151                1.38 per conflict
c eliminated:                              33               31 %  variables
c factored:                                35               33 %  variables
c iterations:                              10               10 %  variables
c propagations:                       5619878          1221131    per second
c reductions:                              70             5608    interval
c reordered:                                8            49072    interval
c rephased:                                15            26172    interval
c restarts:                             12759               31    interval
c strengthened:                          1113                0 %  checks
c substituted:                              1                1 %  variables
c switched:                                26            15099    interval
c vivified:                             31400               85 %  checks
c walks:                                    5            78516    interval
c
c ---- [ glue usage ] --------------------------------------------------------
c
c focused glue 9     used  43868 clauses  8.53% accumulated 52.09% tier1
c focused glue 10    used  39805 clauses  7.74% accumulated 59.84%
c focused glue 11-17 used 141981 clauses 27.62% accumulated 87.45%
c focused glue 18    used   9503 clauses  1.85% accumulated 89.30%
c focused glue 19    used   8754 clauses  1.70% accumulated 91.01% tier2
c
c stable glue 12    used  33368 clauses  8.05% accumulated 52.51% tier1
c stable glue 13    used  31048 clauses  7.49% accumulated 60.00%
c stable glue 14-18 used 112117 clauses 27.06% accumulated 87.06%
c stable glue 19    used  12172 clauses  2.94% accumulated 89.99%
c stable glue 20    used   9517 clauses  2.30% accumulated 92.29% tier2
c
c ---- [ resources ] ---------------------------------------------------------
c
c maximum-resident-set-size:      56103010304 bytes      53504 MB
c process-time:                             5s               4.60 seconds
c
c ---- [ shutting down ] -----------------------------------------------------
c
c exit 20
