c ---- [ banner ] ------------------------------------------------------------
c
c Kissat SAT Solver
c 
c Copyright (c) 2021-2024 Armin Biere University of Freiburg
c Copyright (c) 2019-2021 Armin Biere Johannes Kepler University Linz
c 
c Version 4.0.4 8af8e56f174b778aef3aa45af9f739b2a5f492c2
c Apple clang version 17.0.0 (clang-1700.6.3.2) -W -Wall -O3 -DNDEBUG
c Mon Mar 30 18:25:47 CEST 2026 Darwin Mac 24.6.0 arm64
c
c ---- [ parsing ] -----------------------------------------------------------
c
c opened and reading DIMACS file:
c
c   tmp.cnf
c
c parsed 'p cnf 136 48620' header
c closing input after reading 1339836 bytes (1 MB)
c finished parsing after 0.01 seconds
c
c ---- [ solving ] -----------------------------------------------------------
c
c seconds switched rate     size/glue tier1 binary       remaining
c        MB reductions conflicts size  tier2   irredundant
c         level restarts redundant glue  trail       variables
c
c *  0.01 12 0 0 0  0 0   0   0 0.0 0 0 0 0 0%   0 48620 115 100%
c (  0.01 13 0 0 0  0 0   0   0 0.0 0 0 0 0 0%   0 48620 115 100%
c .  0.01 13 0 0 0  0 0   0   0 0.0 0 0 0 0 0%   0 48620 115 100%
c )  0.02 14 0 0 0  0 0   0   0 0.0 0 0 0 0 0%   0 48620 115 100%
c {  0.02 14 0 0 0  0 0   0   0 0.0 0 0 2 6 0%   0 48620 115 100%
c -  0.04 14 20 0 1 121 2 1000 653 1.4 16 12 11 14 47%   0 48620 115 100%
c }  0.04 14 20 1 1 121 2 1000 653 1.4 16 12 11 14 47%   0 48620 115 100%
c [  0.04 14 0 1 1 121 0 1000 653 0.0 0 0 2 6 0%   0 48620 115 100%
c B  0.04 14 32 1 1 121 18 1001 654 1.5 16 11 2 6 57%   0 48620 115 100%
c -  0.05 14 22 1 2 121 1 2000 1485 1.7 19 11 10 15 50%   0 48620 115 100%
c W  0.05 17 22 1 2 121 1 2003 1487 1.7 19 11 10 15 50%   0 48620 115 100%
c ]  0.05 17 22 2 2 122 1 2260 1728 1.6 19 12 10 15 51%   0 48620 115 100%
c {  0.05 17 20 2 2 122 2 2260 1728 1.4 16 12 11 14 47%   0 48620 115 100%
c u  0.06 17 19 2 2 130 2 2545 1952 1.4 16 12 11 14 47%   0 48620 115 100%
c v  0.06 17 19 2 2 130 2 2545 1951 1.4 16 12 11 14 47%   0 48620 115 100%
c w  0.06 17 19 2 2 130 2 2545 1951 1.4 16 12 11 14 47%   0 48620 115 100%
c }  0.08 18 18 3 2 137 2 3260 2507 1.4 16 11 11 14 46%   0 48620 115 100%
c [  0.08 18 22 3 2 137 1 3260 2507 1.6 19 12 10 15 51%   0 48620 115 100%
c -  0.08 18 21 3 3 137 1 3415 2473 1.6 19 12 10 16 50%   0 48620 115 100%
c I  0.09 18 19 3 3 137 1 4263 3172 1.6 18 12 10 16 48%   0 48620 115 100%
c
c seconds  switched  rate       size/glue  tier1     binary       remaining
c        MB reductions conflicts      size    tier2     irredundant
c         level restarts   redundant     glue     trail       variables
c
c ]  0.09 18 19 4 3 138 1 4528 3396 1.6 18 12 10 16 47%   0 48620 115 100%
c {  0.09 18 18 4 3 138 2 4528 3396 1.4 16 11 11 14 46%   0 48620 115 100%
c -  0.10 18 17 4 4 138 1 5147 3522 1.4 16 11 10 14 45%   0 48620 115 100%
c }  0.13 18 17 5 4 392 2 6880 4886 1.4 16 12 10 14 45%   0 48620 115 100%
c [  0.13 18 19 5 4 392 1 6880 4886 1.6 18 12 10 16 47%   0 48620 115 100%
c -  0.13 18 18 5 5 392 1 7148 4422 1.5 18 12 10 15 47%   0 48620 115 100%
c u  0.14 21 18 5 5 392 1 7837 4918 1.5 18 12 10 15 48%   0 48620 115 100%
c v  0.15 21 18 5 5 392 1 7837 4913 1.5 18 12 10 15 48%   0 48620 115 100%
c w  0.15 21 18 5 5 392 1 7837 4907 1.5 18 12 10 15 48%   0 48620 115 100%
c B  0.16 22 18 5 5 393 1 8034 5038 1.5 18 12 10 15 48%   0 48620 115 100%
c -  0.18 22 18 5 6 394 1 9386 5257 1.4 18 13 10 16 48%   0 48620 115 100%
c ]  0.19 22 19 6 6 394 1 10198 5895 1.4 18 13 10 16 49%   0 48620 115 100%
c {  0.19 22 17 6 6 394 2 10198 5895 1.4 16 12 10 14 45%   0 48620 115 100%
c -  0.21 22 17 6 7 396 2 11836 6347 1.4 17 12 10 14 45%   0 48620 115 100%
c o  0.21 22 17 6 7 401 2 12455 6833 1.4 17 12 10 14 46%   0 48620 115 100%
c e  0.23 23 17 6 7 409 2 12720 7078 1.4 17 12 10 14 45%   0 47686 103 90%
c ^  0.24 23 17 6 7 409 2 12720 7078 1.4 17 12 10 14 45%   0 47686 103 90%
c }  0.26 23 16 7 7 420 2 14267 8432 1.4 17 12 10 14 47%   0 47686 103 90%
c [  0.26 23 19 7 7 420 1 14267 8432 1.4 18 13 10 16 49%   0 47686 103 90%
c W  0.26 26 19 7 7 420 1 14267 8432 1.4 18 13 10 16 49%   0 47686 103 90%
c
c seconds  switched  rate        size/glue  tier1     binary       remaining
c        MB reductions conflicts       size    tier2     irredundant
c         level restarts    redundant     glue     trail       variables
c
c -  0.26 27 19 7 8 420 1 14483 7710 1.4 19 13 10 17 49%   0 47686 103 90%
c u  0.29 28 19 7 8 421 1 16055 8923 1.4 19 14 10 17 50%   0 47686 103 90%
c v  0.29 28 19 7 8 421 1 16055 8918 1.4 19 14 10 17 50%   0 47686 103 90%
c w  0.29 28 19 7 8 421 1 16055 8917 1.4 19 14 10 17 50%   0 47686 103 90%
c -  0.31 28 19 7 9 422 1 17311 8760 1.4 19 14 10 17 51%   0 47686 103 90%
c ]  0.33 28 19 8 9 423 1 18738 9792 1.3 19 14 10 17 51%   0 47686 103 90%
c {  0.33 28 16 8 9 423 2 18738 9792 1.4 17 12 10 14 47%   0 47686 103 90%
c -  0.36 28 17 8 10 732 2 20313 9692 1.4 17 12 10 14 47%   0 47686 103 90%
c -  0.40 29 16 8 11 880 2 23475 10788 1.4 17 12 10 14 47%   0 47686 103 90%
c }  0.42 29 16 9 11 880 2 24897 11718 1.4 16 12 10 14 48%   0 47686 103 90%
c [  0.42 29 19 9 11 880 1 24897 11718 1.3 19 14 10 17 51%   0 47686 103 90%
c O  0.42 29 19 9 11 880 1 24897 11718 1.3 19 14 10 17 51%   0 47686 103 90%
c o  0.42 29 19 9 11 880 1 24897 11718 1.3 19 14 10 17 51%   0 47686 103 90%
c ^  0.44 30 19 9 11 880 1 25452 12199 1.4 19 14 10 17 52%   0 47686 103 90%
c -  0.46 30 19 9 12 881 1 26792 11657 1.3 19 14 10 17 52%   0 47686 103 90%
c u  0.47 30 19 9 12 882 1 27388 12048 1.3 19 14 10 17 52%   0 47686 103 90%
c v  0.48 30 19 9 12 882 1 27388 12018 1.3 19 14 10 17 52%   0 47686 103 90%
c w  0.48 30 19 9 12 882 1 27388 12006 1.3 19 14 10 17 52%   0 47686 103 90%
c -  0.52 30 19 9 13 884 1 30258 12544 1.3 19 14 10 17 53%   0 47686 103 90%
c ]  0.54 30 19 10 13 885 1 32004 13686 1.3 19 14 10 17 53%   0 47686 103 90%
c
c seconds   switched   rate         size/glue  tier1     binary       remaining
c        MB   reductions conflicts        size    tier2     irredundant
c         level   restarts     redundant     glue     trail       variables
c
c {  0.54 30 16 10 13 885 2 32004 13686 1.4 16 12 10 14 48%   0 47686 103 90%
c -  0.57 30 16 10 14 1039 2 33863 13745 1.4 16 12 10 14 48%   0 47686 103 90%
c -  0.63 30 16 10 15 1149 2 37604 13941 1.4 16 12 9 14 48%   0 47686 103 90%
c }  0.68 30 16 11 15 1440 2 40631 16528 1.4 16 12 9 14 48%   0 47686 103 90%
c [  0.68 30 19 11 15 1440 1 40631 16528 1.3 19 14 10 17 53%   0 47686 103 90%
c B  0.68 30 19 11 15 1440 1 40631 16528 1.3 19 14 10 17 53%   0 47686 103 90%
c -  0.70 30 19 11 16 1440 1 41476 14840 1.3 19 14 10 17 53%   0 47686 103 90%
c u  0.71 30 19 11 16 1441 1 41982 15230 1.3 19 14 10 17 53%   0 47686 103 90%
c v  0.72 30 19 11 16 1441 1 41982 15194 1.3 19 14 10 17 53%   0 47686 103 90%
c w  0.73 30 19 11 16 1441 1 41982 15189 1.3 19 14 10 17 53%   0 47686 103 90%
c -  0.79 30 19 11 17 1443 1 45477 15723 1.3 19 14 10 17 52%   0 47686 103 90%
c -  0.84 31 19 11 18 1446 1 49601 16686 1.3 19 14 10 17 51%   0 47686 103 90%
c ]  0.86 31 18 12 18 1446 1 50611 17408 1.3 19 14 10 17 51%   0 47686 103 90%
c {  0.86 31 16 12 18 1446 2 50611 17408 1.4 16 12 9 14 48%   0 47686 103 90%
c o  0.86 31 16 12 18 1476 2 50809 17558 1.4 16 12 9 14 48%   0 47686 103 90%
c ^  0.94 35 16 12 18 1675 2 53056 19455 1.4 17 12 9 14 48%   0 47686 103 90%
c -  0.96 35 16 12 19 1675 2 53846 18779 1.4 17 12 10 14 48%   0 47686 103 90%
c -  1.04 36 16 12 20 1984 2 58205 20394 1.4 16 12 10 14 49%   0 47686 103 90%
c u  1.09 36 16 12 20 2114 2 59938 21714 1.4 16 12 10 14 48%   0 47686 103 90%
c v  1.10 36 16 12 20 2114 2 59938 21686 1.4 16 12 10 14 48%   0 47686 103 90%
c
c seconds   switched    rate         size/glue  tier1     binary       remaining
c        MB   reductions  conflicts        size    tier2     irredundant
c         level    restarts     redundant     glue     trail       variables
c
c w  1.10 36 16 12 20 2114 2 59938 21678 1.4 16 12 10 14 48%   0 47686 103 90%
c }  1.16 37 16 13 20 2314 2 62090 23522 1.4 16 12 10 14 48%   0 47686 103 90%
c [  1.16 37 18 13 20 2314 1 62090 23522 1.3 19 14 10 17 51%   0 47686 103 90%
c W  1.16 37 18 13 20 2314 1 62090 23522 1.3 19 14 10 17 51%   0 47686 103 90%
c -  1.17 37 19 13 21 2314 1 62677 21908 1.3 19 14 10 17 51%   0 47686 103 90%
c -  1.24 37 19 13 22 2317 1 67259 23262 1.3 19 14 10 17 51%   0 47686 103 90%
c -  1.31 38 18 13 23 2320 1 71949 24683 1.3 19 14 10 17 50%   0 47686 103 90%
c ]  1.38 38 18 14 23 2323 1 76590 28124 1.3 19 14 10 17 49%   0 47686 103 90%
c {  1.38 38 16 14 23 2323 2 76590 28124 1.4 16 12 10 14 48%   0 47686 103 90%
c -  1.39 38 16 14 24 2359 2 76744 26308 1.4 16 12 10 14 48%   0 47686 103 90%
c u  1.50 38 16 14 24 2651 2 81380 29915 1.4 17 12 10 14 49%   0 47686 103 90%
c v  1.51 38 16 14 24 2651 2 81380 28900 1.4 17 12 10 14 49%   0 47686 103 90%
c w  1.52 38 16 14 24 2651 2 81380 28487 1.4 17 12 10 14 49%   0 47686 103 90%
c o  1.52 38 16 14 24 2651 2 81380 28487 1.4 17 12 10 14 49%   0 47686 103 90%
c -  1.53 38 16 14 25 2660 2 81642 26849 1.4 17 12 10 14 49%   0 47686 103 90%
c -  1.61 38 16 14 26 2761 2 86642 26806 1.4 17 12 9 14 48%   0 47686 103 90%
c }  1.72 38 16 15 26 3088 2 91306 30632 1.4 17 12 9 14 48%   0 47686 103 90%
c [  1.72 38 18 15 26 3088 1 91306 30632 1.3 19 14 10 17 49%   0 47686 103 90%
c I  1.72 38 18 15 26 3088 1 91306 30632 1.3 19 14 10 17 49%   0 47686 103 90%
c -  1.73 39 18 15 27 3088 1 91744 27707 1.3 19 14 10 17 49%   0 47686 103 90%
c
c seconds   switched    rate         size/glue  tier1     binary       remaining
c        MB   reductions  conflicts        size    tier2     irredundant
c         level    restarts     redundant     glue     trail       variables
c
c -  1.80 39 18 15 28 3092 1 96940 29063 1.3 19 14 10 17 49%   0 47686 103 90%
c s  1.84 39 18 15 28 3092 1 97518 29500 1.3 19 14 10 17 49%   0 47682 103 90%
c ^  1.87 40 18 15 28 3092 1 97518 29500 1.3 19 14 10 17 49%   0 47682 103 90%
c -  1.94 40 18 15 29 3094 1 102231 30629 1.3 19 14 10 17 49%   0 47682 103 90%
c u  2.03 40 18 15 29 3097 1 106438 33723 1.3 18 14 10 17 49%   0 47682 103 90%
c v  2.05 40 18 15 29 3097 1 106438 33647 1.3 18 14 10 17 49%   0 47682 103 90%
c w  2.05 40 18 15 29 3097 1 106438 33577 1.3 18 14 10 17 49%   0 47682 103 90%
c -  2.08 40 18 15 30 3097 1 107618 31956 1.3 19 14 10 17 49%   0 47682 103 90%
c B  2.11 40 18 15 30 3099 1 109111 33086 1.3 19 14 10 17 49%   0 47682 103 90%
c ]  2.12 40 18 16 30 3100 1 110143 33888 1.3 19 14 10 17 49%   0 47682 103 90%
c {  2.12 40 16 16 30 3100 2 110143 33888 1.4 17 12 9 14 48%   0 47682 103 90%
c -  2.19 41 16 16 31 3414 2 113096 33293 1.4 17 12 9 14 48%   0 47682 103 90%
c -  2.32 41 16 16 32 3792 2 118663 34383 1.4 17 12 9 14 48%   0 47682 103 90%
c o  2.40 41 16 16 32 3824 2 122807 37455 1.4 17 12 9 14 48%   0 47682 103 90%
c -  2.43 41 16 16 33 3851 2 124319 35536 1.4 17 12 9 14 48%   0 47682 103 90%
c }  2.53 41 16 17 33 4114 2 128480 38876 1.4 17 12 9 14 48%   0 47682 103 90%
c [  2.53 41 18 17 33 4114 1 128480 38876 1.3 19 14 10 17 49%   0 47682 103 90%
c W  2.55 45 18 17 33 4115 1 130023 40117 1.3 19 14 10 17 49%   0 47682 103 90%
c -  2.56 45 18 17 34 4115 1 130065 37124 1.3 19 14 10 17 49%   0 47682 103 90%
c u  2.67 52 18 17 34 4119 1 135189 40870 1.3 19 14 10 17 49%   0 47682 103 90%
c
c seconds   switched    rate          size/glue  tier1     binary       remaining
c        MB   reductions  conflicts         size    tier2     irredundant
c         level    restarts      redundant     glue     trail       variables
c
c v  2.69 53 18 17 34 4119 1 135189 40780 1.3 19 14 10 17 49%   0 47682 103 90%
c w  2.70 53 18 17 34 4119 1 135189 40667 1.3 19 14 10 17 49%   0 47682 103 90%
c -  2.77 55 18 17 35 4119 1 135895 37966 1.3 19 14 10 17 49%   0 47682 103 90%
c -  2.87 55 18 17 36 4121 1 141813 38989 1.3 18 14 10 17 49%   0 47682 103 90%
c -  2.97 55 18 17 37 4126 1 147813 40463 1.3 18 14 10 17 49%   0 47682 103 90%
c ]  3.03 55 18 18 37 4127 1 151459 43054 1.3 18 14 10 17 49%   0 47682 103 90%
c {  3.03 55 16 18 37 4127 2 151459 43054 1.4 17 12 9 14 48%   0 47682 103 90%
c -  3.09 55 16 18 38 4145 2 153895 41656 1.4 16 12 9 14 48%   0 47682 103 90%
c -  3.22 55 16 18 39 4273 2 160060 43021 1.4 16 11 9 14 48%   0 47682 103 90%
c ^  3.32 56 16 18 39 4299 2 160698 43523 1.4 16 11 9 14 48%   0 47682 103 90%
c -  3.43 56 16 18 40 4328 2 166304 44576 1.4 16 11 9 14 48%   0 47682 103 90%
c u  3.48 57 16 18 40 4368 2 167734 45694 1.4 16 11 9 14 48%   0 47682 103 90%
c v  3.50 57 16 18 40 4368 2 167734 45597 1.4 16 11 9 14 48%   0 47682 103 90%
c w  3.51 57 16 18 40 4368 2 167734 45554 1.4 16 11 9 14 48%   0 47682 103 90%
c -  3.63 58 16 18 41 4399 2 172630 46049 1.4 16 11 9 14 48%   0 47682 103 90%
c }  3.66 58 16 19 41 4416 2 173804 47022 1.4 16 11 9 14 48%   0 47682 103 90%
c [  3.66 58 18 19 41 4416 1 173804 47022 1.3 18 14 10 17 49%   0 47682 103 90%
c O  3.66 58 18 19 41 4416 1 173804 47022 1.3 18 14 10 17 49%   0 47682 103 90%
c o  3.66 58 18 19 41 4416 1 173804 47022 1.3 18 14 10 17 49%   0 47682 103 90%
c -  3.76 58 18 19 42 4420 1 179035 46699 1.3 18 14 10 17 49%   0 47682 103 90%
c
c seconds   switched    rate          size/glue  tier1     binary       remaining
c        MB   reductions  conflicts         size    tier2     irredundant
c         level    restarts      redundant     glue     trail       variables
c
c -  3.90 58 17 19 43 4422 1 185515 46352 1.3 18 14 10 16 49%   0 47682 103 90%
c -  4.02 58 17 19 44 4427 1 192072 47384 1.3 18 14 10 16 50%   0 47682 103 90%
c ]  4.12 58 17 20 44 4429 1 197383 51469 1.3 18 14 10 16 50%   0 47682 103 90%
c {  4.12 58 16 20 44 4429 2 197383 51469 1.4 16 11 9 14 48%   0 47682 103 90%
c -  4.16 58 16 20 45 4539 2 198705 48743 1.4 16 11 9 14 48%   0 47682 103 90%
c u  4.31 64 15 20 45 4704 2 204176 53079 1.4 16 11 9 14 48%   0 47682 103 90%
c v  4.34 64 15 20 45 4704 2 204176 52542 1.4 16 11 9 14 48%   0 47682 103 90%
c w  4.35 64 15 20 45 4704 2 204176 52343 1.4 16 11 9 14 48%   0 47682 103 90%
c -  4.40 71 15 20 46 4795 2 205413 50037 1.4 16 11 9 14 48%   0 47682 103 90%
c -  4.54 71 15 20 47 5047 2 212195 51303 1.4 16 11 9 14 48%   0 47682 103 90%
c -  4.73 72 15 20 48 5639 2 219051 53116 1.4 16 11 9 14 48%   0 47682 103 90%
c }  4.82 72 15 21 48 5641 2 224122 56607 1.4 16 11 9 14 47%   0 47682 103 90%
c [  4.82 72 17 21 48 5641 1 224122 56607 1.3 18 14 10 16 50%   0 47682 103 90%
c B  4.82 72 17 21 48 5641 1 224122 56607 1.3 18 14 10 16 50%   0 47682 103 90%
c -  4.86 72 17 21 49 5642 1 225979 54485 1.3 18 14 10 16 50%   0 47682 103 90%
c -  5.01 72 17 21 50 5647 1 232979 55591 1.3 18 14 10 16 50%   0 47682 103 90%
c -  5.16 72 17 21 51 5650 1 240050 56623 1.3 18 14 9 16 50%   0 47682 103 90%
c !  5.38 72 17 21 51 5653 1 244326 59620 1.3 18 14 9 16 50%   0 47682 103 90%
c o  5.38 72 17 21 51 5653 1 244326 59620 1.3 18 14 9 16 50%   0 47682 103 90%
c u  5.43 73 17 21 51 5653 1 244565 59743 1.3 18 14 9 16 50%   0 47682 103 90%
c
c seconds   switched    rate          size/glue  tier1    binary       remaining
c        MB   reductions  conflicts         size   tier2     irredundant
c         level    restarts      redundant     glue    trail       variables
c
c v  5.46 73 17 21 51 5653 1 244565 59463 1.3 18 14 9 16 50%   0 47682 103 90%
c w  5.48 73 17 21 51 5653 1 244565 59353 1.3 18 14 9 16 50%   0 47682 103 90%
c -  5.54 79 17 21 52 5654 1 247191 56448 1.3 18 14 9 16 50%   0 47682 103 90%
c -  5.68 80 17 21 53 5655 1 254403 57573 1.4 18 14 9 16 50%   0 47682 103 90%
c ]  5.69 80 17 22 53 5655 1 254809 57871 1.4 18 14 9 16 50%   0 47682 103 90%
c {  5.69 80 15 22 53 5655 2 254809 57871 1.4 16 11 9 14 47%   0 47682 103 90%
c -  5.86 81 15 22 54 5918 2 261684 59564 1.4 16 11 9 14 48%   0 47682 103 90%
c -  6.03 81 15 22 55 6110 1 269034 61012 1.4 16 11 9 14 48%   0 47682 103 90%
c -  6.20 81 15 22 56 6112 1 276450 62390 1.5 16 11 9 14 48%   0 47682 103 90%
c -  6.38 81 15 22 57 6284 1 283934 62907 1.5 16 11 9 13 48%   0 47682 103 90%
c }  6.43 81 15 23 57 6337 1 286325 64786 1.4 16 11 9 13 48%   0 47682 103 90%
c [  6.43 81 17 23 57 6337 1 286325 64786 1.4 18 14 9 16 50%   0 47682 103 90%
c W  6.44 81 17 23 57 6337 1 286325 64786 1.4 18 14 9 16 50%   0 47682 103 90%
c u  6.55 85 17 23 57 6339 1 289002 66609 1.4 18 14 9 16 50%   0 47682 103 90%
c v  6.59 85 17 23 57 6339 1 289002 66578 1.4 18 14 9 16 50%   0 47682 103 90%
c w  6.61 85 17 23 57 6339 1 289002 66564 1.4 18 14 9 16 50%   0 47682 103 90%
c -  6.67 86 17 23 58 6340 1 291484 62770 1.4 19 14 9 16 50%   0 47682 103 90%
c -  6.82 86 18 23 59 6344 1 299099 63062 1.3 19 14 9 16 49%   0 47682 103 90%
c -  6.98 86 17 23 60 6349 1 306780 63601 1.3 18 14 9 16 49%   0 47682 103 90%
c -  7.14 86 17 23 61 6351 1 314525 64480 1.3 18 14 9 16 49%   0 47682 103 90%
c
c seconds   switched    rate          size/glue  tier1    binary       remaining
c        MB   reductions  conflicts         size   tier2     irredundant
c         level    restarts      redundant     glue    trail       variables
c
c I  7.26 86 17 23 61 6354 1 321678 69800 1.4 18 14 9 16 48%   0 47682 103 90%
c o  7.26 86 17 23 61 6354 1 321678 69800 1.4 18 14 9 16 48%   0 47682 103 90%
c -  7.28 86 17 23 62 6354 1 322336 65162 1.4 18 14 9 16 48%   0 47682 103 90%
c ]  7.30 86 17 24 62 6354 1 323519 66091 1.4 18 14 9 16 49%   0 47682 103 90%
c {  7.30 86 15 24 62 6354 1 323519 66091 1.4 16 11 9 13 48%   0 47682 103 90%
c -  7.59 86 15 24 63 7446 1 330210 65904 1.4 16 11 9 14 48%   0 47682 103 90%
c u  7.79 93 15 24 63 7638 1 337539 71532 1.4 16 11 9 14 48%   0 47682 103 90%
c v  7.83 93 15 24 63 7638 1 337539 71487 1.4 16 11 9 14 48%   0 47682 103 90%
c w  7.85 93 15 24 63 7638 1 337539 71480 1.4 16 11 9 14 48%   0 47682 103 90%
c -  8.01 95 15 24 64 7721 1 338147 66224 1.4 16 11 9 14 48%   0 47682 103 90%
c -  8.32 95 16 24 65 8756 2 346148 66709 1.4 16 11 9 14 48%   0 47682 103 90%
c s  8.51 95 15 24 65 8905 2 349981 69690 1.4 16 11 9 14 48%   0 47667 103 90%
c -  8.73 95 15 24 66 9136 2 354211 68702 1.4 16 11 9 14 48%   0 47667 103 90%
c }  8.89 95 15 25 66 9421 2 360196 73284 1.4 16 11 9 14 48%   0 47667 103 90%
c [  8.89 95 17 25 66 9421 1 360196 73284 1.4 18 14 9 16 49%   0 47667 103 90%
c B  8.91 95 17 25 66 9421 1 361119 73930 1.4 18 14 9 16 49%   0 47667 103 90%
c -  8.94 95 17 25 67 9423 1 362335 70099 1.4 18 14 9 16 49%   0 47667 103 90%
c -  9.09 98 18 25 68 9427 1 370523 70204 1.3 19 14 9 16 49%   0 47667 103 90%
c -  9.25 98 18 25 69 9432 1 378769 70441 1.3 19 14 9 16 49%   0 47667 103 90%
c -  9.44 98 18 25 70 9435 1 387076 70778 1.3 19 14 9 16 50%   0 47667 103 90%
c
c seconds    switched    rate          size/glue  tier1    binary       remaining
c         MB   reductions  conflicts         size   tier2     irredundant
c          level    restarts      redundant     glue    trail       variables
c
c u  9.56 106 18 25 70 9435 1 390255 73124 1.3 19 14 9 16 50%   0 47667 103 90%
c v  9.59 107 18 25 70 9435 1 390255 73047 1.3 19 14 9 16 50%   0 47667 103 90%
c w  9.61 107 18 25 70 9435 1 390255 72970 1.3 19 14 9 16 50%   0 47667 103 90%
c -  9.74 107 18 25 71 9438 1 395443 70395 1.3 19 14 9 16 50%   0 47667 103 90%
c -  9.91 107 18 25 72 9442 1 403872 70321 1.3 19 14 9 16 50%   0 47667 103 90%
c W  9.94 111 18 25 72 9442 1 404831 70942 1.3 19 14 9 16 50%   0 47667 103 90%
c o  9.94 111 18 25 72 9442 1 404831 70942 1.3 19 14 9 16 50%   0 47667 103 90%
c - 10.10 114 18 25 73 9448 1 412358 70796 1.3 19 14 9 16 49%   0 47667 103 90%
c ] 10.17 114 18 26 73 9449 1 415695 73082 1.3 19 14 9 16 49%   0 47667 103 90%
c { 10.17 114 15 26 73 9449 2 415695 73082 1.4 16 11 9 14 48%   0 47667 103 90%
c - 10.34 115 15 26 74 9778 2 420903 71576 1.4 16 11 9 14 48%   0 47667 103 90%
c - 10.60 115 15 26 75 10232 2 429505 72744 1.4 16 11 9 14 48%   0 47667 103 90%
c - 10.88 115 15 26 76 10693 2 438167 73642 1.4 16 11 9 14 48%   0 47667 103 90%
c - 11.23 115 16 26 77 11451 2 446885 75228 1.4 16 11 9 14 48%   0 47667 103 90%
c u 11.31 113 16 26 77 11451 2 447198 75326 1.4 16 11 9 14 48%   0 47667 103 90%
c v 11.36 114 16 26 77 11451 2 447198 75245 1.4 16 11 9 14 48%   0 47667 103 90%
c w 11.38 114 16 26 77 11451 2 447198 75223 1.4 16 11 9 14 48%   0 47667 103 90%
c - 11.75 115 16 26 78 12225 2 455662 76541 1.4 16 12 9 14 48%   0 47667 103 90%
c } 11.84 115 16 27 78 12505 2 457913 78337 1.4 16 12 9 14 48%   0 47667 103 90%
c [ 11.84 115 18 27 78 12505 1 457913 78337 1.3 19 14 9 16 49%   0 47667 103 90%
c
c seconds    switched     rate          size/glue  tier1    binary       remaining
c         MB   reductions   conflicts         size   tier2     irredundant
c          level    restarts       redundant     glue    trail       variables
c
c O 11.84 115 18 27 78 12505 1 457913 78337 1.3 19 14 9 16 49%   0 47667 103 90%
c - 11.98 115 18 27 79 12510 1 464494 77125 1.3 19 14 9 16 50%   0 47667 103 90%
c - 12.16 115 18 27 80 12514 1 473382 76646 1.3 19 14 9 16 50%   0 47667 103 90%
c - 12.61 115 18 27 81 12518 1 482327 76739 1.3 18 14 9 16 50%   0 47667 103 90%
c - 12.82 115 17 27 82 12520 1 491327 77082 1.3 18 14 9 16 50%   0 47667 103 90%
c - 13.00 115 17 27 83 12526 1 500383 77677 1.3 18 14 9 16 49%   0 47667 103 90%
c u 13.26 115 17 27 83 12530 1 508444 83113 1.3 18 14 9 16 49%   0 47667 103 90%
c v 13.32 115 17 27 83 12530 1 508444 82175 1.3 18 14 9 16 49%   0 47667 103 90%
c w 13.34 115 17 27 83 12530 1 508444 81888 1.3 18 14 9 16 49%   0 47667 103 90%
c o 13.34 115 17 27 83 12530 1 508444 81888 1.3 18 14 9 16 49%   0 47667 103 90%
c - 13.37 121 17 27 84 12531 1 509494 77041 1.3 18 14 9 16 49%   0 47667 103 90%
c B 13.40 122 17 27 84 12532 1 510700 78000 1.3 18 14 9 16 49%   0 47667 103 90%
c - 13.57 123 17 27 85 12534 1 518659 77359 1.3 18 14 9 16 49%   0 47667 103 90%
c - 13.79 123 17 27 86 12535 1 527878 77778 1.3 18 14 9 16 49%   0 47667 103 90%
c ] 13.80 123 17 28 86 12535 1 528593 78285 1.3 18 14 9 16 49%   0 47667 103 90%
c { 13.80 123 16 28 86 12535 2 528593 78285 1.4 16 12 9 14 48%   0 47667 103 90%
c - 14.12 138 16 28 87 13128 2 537151 78249 1.4 16 12 9 14 48%   0 47667 103 90%
c - 14.41 138 16 28 88 13432 2 546478 78576 1.4 16 12 9 14 48%   0 47667 103 90%
c - 14.68 139 16 28 89 13646 2 555860 79190 1.4 16 11 9 14 49%   0 47667 103 90%
c - 15.08 155 16 28 90 14528 2 565296 81542 1.4 16 12 9 14 48%   0 47667 103 90%
c
c seconds    switched     rate          size/glue  tier1    binary       remaining
c         MB   reductions   conflicts         size   tier2     irredundant
c          level    restarts       redundant     glue    trail       variables
c
c u 15.43 164 16 28 90 14764 2 574044 88293 1.4 16 11 9 14 48%   0 47667 103 90%
c v 15.49 165 16 28 90 14764 2 574044 88231 1.4 16 11 9 14 48%   0 47667 103 90%
c w 15.52 165 16 28 90 14764 2 574044 88214 1.4 16 11 9 14 48%   0 47667 103 90%
c - 15.55 166 16 28 91 14798 2 574785 84073 1.4 16 11 9 14 48%   0 47667 103 90%
c } 15.63 164 16 29 91 14914 2 576731 85542 1.4 16 11 9 14 48%   0 47667 103 90%
c [ 15.63 164 17 29 91 14914 1 576731 85542 1.3 18 14 9 16 49%   0 47667 103 90%
c W 15.64 164 17 29 91 14914 1 576731 85542 1.3 18 14 9 16 49%   0 47667 103 90%
c - 15.81 164 17 29 92 14919 1 584324 84586 1.3 18 14 9 16 50%   0 47667 103 90%
c - 16.05 164 17 29 93 14924 1 593916 85138 1.3 18 14 9 16 50%   0 47667 103 90%
c - 16.29 164 17 29 94 14928 1 603559 85706 1.3 18 14 9 16 50%   0 47667 103 90%
c - 16.52 164 17 29 95 14931 1 613256 85304 1.3 18 14 9 16 49%   0 47667 103 90%
c - 16.75 165 17 29 96 14936 1 623004 85188 1.3 18 14 9 16 49%   0 47667 103 90%
c - 16.98 164 17 29 97 14942 1 632802 85470 1.3 18 14 9 16 49%   0 47667 103 90%
c s 17.14 164 17 29 97 14942 1 633413 85832 1.3 18 14 9 16 49%   0 47642 103 90%
c o 17.24 164 17 29 97 14942 1 633413 85832 1.3 18 14 9 16 49%   0 47642 103 90%
c I 17.35 164 17 29 97 14943 1 639283 90639 1.3 18 14 9 16 50%   0 47642 103 90%
c - 17.44 165 17 29 98 14943 1 642650 85473 1.3 18 14 9 16 49%   0 47642 103 90%
c u 17.55 164 17 29 98 14944 1 644050 86343 1.3 18 14 9 16 49%   0 47642 103 90%
c v 17.62 165 17 29 98 14944 1 644050 85692 1.3 18 14 9 16 49%   0 47642 103 90%
c w 17.64 165 17 29 98 14944 1 644050 85401 1.3 18 14 9 16 49%   0 47642 103 90%
c
c seconds    switched     rate          size/glue  tier1    binary       remaining
c         MB   reductions   conflicts         size   tier2     irredundant
c          level    restarts       redundant     glue    trail       variables
c
c ] 17.71 165 17 30 98 14944 1 646773 87418 1.3 18 14 9 16 49%   0 47642 103 90%
c { 17.71 165 16 30 98 14944 2 646773 87418 1.4 16 11 9 14 48%   0 47642 103 90%
c - 17.88 165 16 30 99 15142 2 652553 85879 1.4 16 11 9 14 48%   0 47642 103 90%
c - 18.30 165 16 30 100 15689 2 662503 87866 1.4 16 12 9 14 48%   0 47642 103 90%
c - 18.68 166 16 30 101 16442 2 672504 89979 1.4 16 12 9 14 48%   0 47642 103 90%
c - 19.05 176 16 30 102 16785 2 682556 92521 1.4 16 12 9 14 48%   0 47642 103 90%
c - 19.48 193 16 30 103 17337 2 692658 94639 1.4 16 12 9 14 48%   0 47642 103 90%
c } 19.74 190 16 31 103 17468 2 701207 101359 1.4 16 11 9 14 47%   0 47642 103 90%
c [ 19.74 190 17 31 103 17468 1 701207 101359 1.3 18 14 9 16 49%   0 47642 103 90%
c - 19.80 192 17 31 104 17469 1 702807 97438 1.4 18 14 9 16 49%   0 47642 103 90%
c B 19.92 193 17 31 104 17472 1 706967 100834 1.4 18 13 9 16 49%   0 47642 103 90%
c - 20.09 193 17 31 105 17474 1 713005 98836 1.4 18 13 9 16 49%   0 47642 103 90%
c u 20.33 193 17 31 105 17478 1 718514 102422 1.4 18 14 9 16 49%   0 47642 103 90%
c v 20.42 193 17 31 105 17478 1 718514 102271 1.4 18 14 9 16 49%   0 47642 103 90%
c w 20.45 193 17 31 105 17478 1 718514 102172 1.4 18 14 9 16 49%   0 47642 103 90%
c - 20.83 196 17 31 106 17481 1 723251 98707 1.4 18 14 9 16 49%   0 47642 103 90%
c - 21.09 195 17 31 107 17482 1 733546 97935 1.3 18 14 9 16 48%   0 47642 103 90%
c - 21.40 196 17 31 108 17489 1 743890 97954 1.4 18 13 9 16 48%   0 47642 103 90%
c - 21.66 197 17 31 109 17495 1 754282 97611 1.3 18 14 9 16 48%   0 47642 103 90%
c - 21.95 195 17 31 110 17497 1 764723 97772 1.3 18 13 9 16 48%   0 47642 103 90%
c
c seconds    switched      rate           size/glue  tier1    binary       remaining
c         MB   reductions    conflicts          size   tier2     irredundant
c          level     restarts       redundant      glue    trail       variables
c
c ] 22.17 197 17 32 110 17498 1 772929 103224 1.3 18 13 9 16 47%   0 47642 103 90%
c { 22.17 197 16 32 110 17498 2 772929 103224 1.4 16 11 9 14 47%   0 47642 103 90%
c o 22.19 197 16 32 110 17503 2 773502 103679 1.4 16 11 9 14 47%   0 47642 103 90%
c - 22.29 196 16 32 111 17678 2 775212 98841 1.4 16 11 9 14 47%   0 47642 103 90%
c - 22.74 196 16 32 112 18269 2 785748 100241 1.4 16 11 9 14 48%   0 47642 103 90%
c - 23.13 197 16 32 113 18758 2 796331 101193 1.4 16 12 9 14 48%   0 47642 103 90%
c u 23.24 198 16 32 113 18758 2 797488 101922 1.4 16 11 9 14 48%   0 47642 103 90%
c v 23.31 198 16 32 113 18758 2 797488 101835 1.4 16 11 9 14 48%   0 47642 103 90%
c w 23.33 198 16 32 113 18758 2 797488 101812 1.4 16 11 9 14 48%   0 47642 103 90%
c - 23.87 203 16 32 114 19604 2 806963 102774 1.4 16 12 9 14 47%   0 47642 103 90%
c - 24.34 201 16 32 115 20299 2 817640 103676 1.4 16 12 9 14 47%   0 47642 103 90%
c - 24.77 202 16 32 116 20861 2 828364 105220 1.4 16 12 9 14 47%   0 47642 103 90%
c } 25.02 202 16 33 116 21147 2 834033 109524 1.4 16 12 9 14 47%   0 47642 103 90%
c [ 25.02 202 17 33 116 21147 1 834033 109524 1.3 18 13 9 16 47%   0 47642 103 90%
c W 25.03 202 17 33 116 21147 1 834033 109524 1.3 18 13 9 16 47%   0 47642 103 90%
c - 25.18 202 17 33 117 21150 1 839134 106552 1.3 18 13 9 16 47%   0 47642 103 90%
c - 25.47 203 17 33 118 21156 1 849951 106885 1.4 18 13 9 16 47%   0 47642 103 90%
c - 25.78 202 17 33 119 21161 1 860813 105828 1.3 18 13 9 16 47%   0 47642 103 90%
c - 26.12 203 16 33 120 21165 1 871721 104524 1.4 18 13 9 16 47%   0 47642 103 90%
c u 26.50 204 17 33 120 21170 1 881018 111239 1.4 18 13 9 16 47%   0 47642 103 90%
c
c seconds    switched      rate           size/glue  tier1    binary       remaining
c         MB   reductions    conflicts          size   tier2     irredundant
c          level     restarts       redundant      glue    trail       variables
c
c v 26.62 205 17 33 120 21170 1 881018 108785 1.4 18 13 9 16 47%   0 47642 103 90%
c w 26.67 205 17 33 120 21170 1 881018 108129 1.4 18 13 9 16 47%   0 47642 103 90%
c - 26.75 205 17 33 121 21171 1 882675 102254 1.4 18 13 9 16 47%   0 47642 103 90%
c - 27.06 204 16 33 122 21176 1 893676 102761 1.4 18 13 9 16 48%   0 47642 103 90%
c - 27.35 204 16 33 123 21177 1 904721 104038 1.4 18 13 9 16 48%   0 47642 103 90%
c O 27.55 205 16 33 123 21177 1 912462 109748 1.4 18 13 9 16 48%   0 47642 103 90%
c o 27.55 205 16 33 123 21177 1 912462 109748 1.4 18 13 9 16 48%   0 47642 103 90%
c - 27.65 203 16 33 124 21177 1 915811 105033 1.4 18 13 9 16 48%   0 47642 103 90%
c ] 27.90 202 16 34 124 21184 1 925898 111722 1.4 18 13 9 16 48%   0 47642 103 90%
c { 27.90 202 16 34 124 21184 2 925898 111722 1.4 16 12 9 14 47%   0 47642 103 90%
c - 27.94 203 16 34 125 21192 2 926947 106599 1.4 16 12 9 14 47%   0 47642 103 90%
c - 28.23 204 15 34 126 21195 2 938128 94988 1.4 16 12 8 14 47%   0 47642 103 90%
c - 28.57 205 15 34 127 21265 1 949352 93277 1.4 16 11 8 13 47%   0 47642 103 90%
c - 28.91 204 15 34 128 21387 1 960621 93951 1.4 16 11 8 13 47%   0 47642 103 90%
c u 29.27 204 15 34 128 21534 1 969159 100102 1.4 16 11 8 13 47%   0 47642 103 90%
c v 29.36 205 15 34 128 21534 1 969159 99971 1.4 16 11 8 13 47%   0 47642 103 90%
c w 29.39 205 15 34 128 21534 1 969159 99867 1.4 16 11 8 13 47%   0 47642 103 90%
c - 29.51 204 15 34 129 21600 1 971935 95287 1.4 16 11 8 13 47%   0 47642 103 90%
c - 29.85 204 15 34 130 21763 1 983293 96640 1.4 16 11 8 13 47%   0 47642 103 90%
c } 30.12 203 15 35 130 21821 1 994045 104889 1.4 16 11 8 13 47%   0 47642 103 90%
c
c seconds    switched      rate           size/glue  tier1    binary       remaining
c         MB   reductions    conflicts          size   tier2     irredundant
c          level     restarts       redundant      glue    trail       variables
c
c [ 30.12 203 16 35 130 21821 1 994045 104889 1.4 18 13 9 16 48%   0 47642 103 90%
c - 30.15 204 16 35 131 21821 1 994694 97544 1.4 18 13 9 16 48%   0 47642 103 90%
c B 30.19 204 16 35 131 21823 1 996499 98859 1.4 18 13 9 16 48%   0 47642 103 90%
c - 30.43 205 16 35 132 21827 1 1006142 97779 1.4 18 13 9 16 48%   0 47642 103 90%
c - 30.73 205 16 35 133 21834 1 1017632 98098 1.4 18 13 9 16 48%   0 47642 103 90%
c - 31.07 204 16 35 134 21837 1 1029165 98848 1.4 18 13 9 16 48%   0 47642 103 90%
c - 31.41 205 16 35 135 21844 1 1040740 98431 1.4 18 13 9 15 47%   0 47642 103 90%
c o 31.49 205 16 35 135 21846 1 1043827 100732 1.4 18 13 9 15 47%   0 47642 103 90%
c - 31.73 204 16 35 136 21850 1 1052359 97631 1.4 18 13 9 15 48%   0 47642 103 90%
c u 32.08 205 16 35 136 21851 1 1061960 103978 1.4 18 13 9 15 48%   0 47642 103 90%
c v 32.18 205 16 35 136 21851 1 1061960 103771 1.4 18 13 9 15 48%   0 47642 103 90%
c w 32.22 205 16 35 136 21851 1 1061960 103653 1.4 18 13 9 15 48%   0 47642 103 90%
c - 32.29 200 16 35 137 21851 1 1064020 96853 1.4 18 13 9 15 48%   0 47642 103 90%
c ] 32.38 202 16 36 137 21851 1 1067269 99194 1.4 18 13 9 15 48%   0 47642 103 90%
c { 32.38 202 15 36 137 21851 1 1067269 99194 1.4 16 11 8 13 47%   0 47642 103 90%
c - 32.64 205 15 36 138 22035 1 1075726 98456 1.4 16 11 8 13 46%   0 47642 103 90%
c - 33.13 203 15 36 139 22673 1 1087473 99906 1.4 16 11 8 13 46%   0 47642 103 90%
c - 33.58 205 15 36 140 23298 1 1099263 102004 1.4 16 11 8 13 46%   0 47642 103 90%
c - 34.14 204 15 36 141 24168 1 1111095 103559 1.4 16 11 8 13 46%   0 47642 103 90%
c - 34.69 204 15 36 142 24892 1 1122970 104700 1.4 16 11 8 13 46%   0 47642 103 90%
c
c seconds    switched      rate            size/glue  tier1    binary       remaining
c         MB   reductions     conflicts          size   tier2     irredundant
c          level     restarts        redundant      glue    trail       variables
c
c - 35.17 205 15 36 143 25271 1 1134886 105666 1.4 16 11 8 13 46%   0 47642 103 90%
c } 35.56 205 15 37 143 25963 1 1142825 111837 1.4 16 11 8 13 46%   0 47642 103 90%
c [ 35.56 205 16 37 143 25963 1 1142825 111837 1.4 18 13 9 15 48%   0 47642 103 90%
c W 35.57 205 16 37 143 25963 1 1142825 111837 1.4 18 13 9 15 48%   0 47642 103 90%
c - 35.70 204 16 37 144 25965 1 1146846 105910 1.4 18 13 9 15 48%   0 47642 103 90%
c - 36.02 204 16 37 145 25972 1 1158847 105206 1.4 18 13 8 15 47%   0 47642 103 90%
c u 36.15 204 16 37 145 25973 1 1159448 105283 1.4 18 13 8 15 47%   0 47642 103 90%
c v 36.28 204 16 37 145 25973 1 1159448 104904 1.4 18 13 8 15 47%   0 47642 103 90%
c w 36.33 204 16 37 145 25973 1 1159448 104532 1.4 18 13 8 15 47%   0 47642 103 90%
c - 36.72 204 16 37 146 25977 1 1170890 104890 1.4 18 13 8 15 47%   0 47642 103 90%
c - 37.07 204 16 37 147 25983 1 1182976 105686 1.4 17 13 8 15 47%   0 47642 103 90%
c - 37.41 204 16 37 148 25990 1 1195100 105880 1.4 17 13 8 15 47%   0 47642 103 90%
c - 37.75 205 16 37 149 25992 1 1207266 106390 1.4 17 13 8 15 47%   0 47642 103 90%
c - 38.09 204 16 37 150 25993 1 1219472 107541 1.4 17 12 8 15 47%   0 47642 103 90%
c - 38.42 204 15 37 151 25999 1 1231720 107853 1.4 17 12 8 15 47%   0 47642 103 90%
c I 38.60 204 15 37 151 26001 1 1238539 112777 1.4 17 12 8 15 47%   0 47642 103 90%
c o 38.60 204 15 37 151 26001 1 1238539 112777 1.4 17 12 8 15 47%   0 47642 103 90%
c - 38.79 204 15 37 152 26005 1 1244008 108581 1.4 17 12 8 15 47%   0 47642 103 90%
c ] 38.97 204 15 38 152 26008 1 1250334 112833 1.4 17 12 8 15 47%   0 47642 103 90%
c { 38.97 204 15 38 152 26008 1 1250334 112833 1.4 16 11 8 13 46%   0 47642 103 90%
c
c seconds    switched      rate            size/glue  tier1    binary       remaining
c         MB   reductions     conflicts          size   tier2     irredundant
c          level     restarts        redundant      glue    trail       variables
c
c - 39.18 204 15 38 153 26009 1 1256336 109081 1.4 16 11 8 13 46%   0 47642 103 90%
c u 39.47 204 15 38 153 26010 1 1261670 112100 1.4 16 11 8 13 46%   0 47642 103 90%
c v 39.59 205 15 38 153 26010 1 1261670 108839 1.4 16 11 8 13 46%   0 47642 103 90%
c w 39.63 205 15 38 153 26010 1 1261670 107859 1.4 16 11 8 13 46%   0 47642 103 90%
c - 39.91 205 15 38 154 26233 1 1268706 106011 1.4 16 11 8 13 46%   0 47642 103 90%
c - 40.28 205 15 38 155 26358 1 1281115 110059 1.4 16 11 8 13 46%   0 47642 103 90%
c - 40.74 204 15 38 156 26541 1 1293565 112575 1.4 16 11 8 13 46%   0 47642 103 90%
c - 41.24 204 15 38 157 26767 1 1306054 113606 1.4 16 11 8 13 46%   0 47642 103 90%
c - 41.77 204 15 38 158 27120 1 1318585 114204 1.4 16 11 8 13 46%   0 47642 103 90%
c - 42.18 205 15 38 159 27463 1 1331156 114376 1.4 16 11 8 13 46%   0 47642 103 90%
c } 42.26 205 15 39 159 27501 1 1333667 116249 1.4 16 11 8 13 47%   0 47642 103 90%
c [ 42.26 205 15 39 159 27501 1 1333667 116249 1.4 17 12 8 15 47%   0 47642 103 90%
c B 42.43 203 15 39 159 27506 1 1340317 121110 1.4 17 12 8 15 47%   0 47642 103 90%
c - 42.54 205 15 39 160 27507 1 1343767 112753 1.4 17 12 8 15 47%   0 47642 103 90%
c - 42.89 204 16 39 161 27514 1 1356417 111318 1.4 17 12 8 15 47%   0 47642 103 90%
c u 43.37 205 15 39 161 27517 1 1368681 119261 1.4 17 12 8 15 47%   0 47642 103 90%
c v 43.50 205 15 39 161 27517 1 1368681 117347 1.4 17 12 8 15 47%   0 47642 103 90%
c w 43.55 205 15 39 161 27517 1 1368681 116694 1.4 17 12 8 15 47%   0 47642 103 90%
c - 44.25 206 15 39 162 27518 1 1369105 109998 1.4 17 12 8 15 47%   0 47642 103 90%
c - 44.67 205 16 39 163 27525 1 1381833 111452 1.4 17 12 8 15 47%   0 47642 103 90%
c
c seconds    switched      rate            size/glue  tier1    binary       remaining
c         MB   reductions     conflicts          size   tier2     irredundant
c          level     restarts        redundant      glue    trail       variables
c
c - 45.06 206 16 39 164 27530 1 1394602 112973 1.4 17 12 8 15 47%   0 47642 103 90%
c - 45.46 206 15 39 165 27531 1 1407408 114240 1.4 17 12 8 15 46%   0 47642 103 90%
c - 45.83 206 15 39 166 27534 1 1420253 114465 1.4 17 12 8 15 46%   0 47642 103 90%
c - 46.18 205 15 39 167 27542 1 1433138 114516 1.4 17 12 8 15 47%   0 47642 103 90%
c ] 46.25 206 15 40 167 27544 1 1435568 116241 1.4 17 12 8 15 46%   0 47642 103 90%
c { 46.25 206 15 40 167 27544 1 1435568 116241 1.4 16 11 8 13 47%   0 47642 103 90%
c o 46.26 206 15 40 167 27550 1 1435774 116398 1.4 16 11 8 13 47%   0 47642 103 90%
c - 46.92 207 15 40 168 28885 1 1446061 115174 1.4 16 11 8 13 46%   0 47642 103 90%
c - 47.62 206 15 40 169 29913 1 1459025 116338 1.4 16 11 8 13 46%   0 47642 103 90%
c - 48.22 206 15 40 170 30579 1 1472025 116503 1.4 16 11 8 13 47%   0 47642 103 90%
c u 48.74 206 15 40 170 31114 1 1480479 122704 1.4 16 11 8 13 47%   0 47642 103 90%
c v 48.85 207 15 40 170 31114 1 1480479 122644 1.4 16 11 8 13 47%   0 47642 103 90%
c w 48.89 207 15 40 170 31114 1 1480479 122632 1.4 16 11 8 13 47%   0 47642 103 90%
c x 48.96 207 15 40 170 31114 1 1480479 122630 1.4 16 11 8 13 47%   0 47548 103 90%
c - 49.20 213 15 40 171 31427 1 1485064 116544 1.4 16 11 8 13 47%   0 47548 103 90%
c - 49.97 213 15 40 172 32761 2 1498143 117073 1.4 16 12 8 13 47%   0 47548 103 90%
c - 50.45 210 15 40 173 32992 1 1511258 117149 1.4 16 12 8 13 47%   0 47548 103 90%
c - 51.10 213 15 40 174 33657 1 1524411 117896 1.4 16 12 8 13 47%   0 47548 103 90%
c } 51.21 215 15 41 174 33757 1 1527042 119907 1.4 16 12 8 13 47%   0 47548 103 90%
c [ 51.21 215 15 41 174 33757 1 1527042 119907 1.4 17 12 8 15 46%   0 47548 103 90%
c
c seconds    switched      rate            size/glue  tier1    binary       remaining
c         MB   reductions     conflicts          size   tier2     irredundant
c          level     restarts        redundant      glue    trail       variables
c
c W 51.23 220 15 41 174 33757 1 1527042 119907 1.4 17 12 8 15 46%   0 47548 103 90%
c - 51.59 222 16 41 175 33763 1 1537601 118471 1.4 17 12 8 15 46%   0 47548 103 90%
c - 51.98 222 16 41 176 33770 1 1550829 118764 1.4 17 12 8 15 46%   0 47548 103 90%
c - 52.35 222 16 41 177 33774 1 1564097 118270 1.4 17 13 8 15 47%   0 47548 103 90%
c - 52.75 222 16 41 178 33782 1 1577401 117720 1.4 18 13 8 15 47%   0 47548 103 90%
c s 52.97 222 16 41 178 33786 1 1585365 123514 1.4 18 13 8 15 47%   0 47432 103 90%
c - 53.14 222 16 41 179 33786 1 1590743 118517 1.4 18 13 8 15 47%   0 47432 103 90%
c u 53.44 223 16 41 179 33787 1 1597156 122895 1.4 18 13 8 15 47%   0 47432 103 90%
c v 53.59 231 16 41 179 33787 1 1597156 122719 1.4 18 13 8 15 47%   0 47432 103 90%
c w 53.65 232 16 41 179 33787 1 1597156 122569 1.4 18 13 8 15 47%   0 47432 103 90%
c o 53.66 232 16 41 179 33787 1 1597156 122569 1.4 18 13 8 15 47%   0 47432 103 90%
c - 53.84 222 16 41 180 33787 1 1604123 118398 1.4 18 13 8 15 47%   0 47432 103 90%
c - 54.18 222 17 41 181 33793 1 1617539 118546 1.4 18 13 8 15 47%   0 47432 103 90%
c - 54.54 222 17 41 182 33801 1 1630992 119017 1.4 18 13 8 15 47%   0 47432 103 90%
c O 54.80 224 17 41 182 33802 1 1641382 126843 1.4 18 13 8 15 47%   0 47432 103 90%
c - 54.89 226 17 41 183 33804 1 1644483 119330 1.4 18 13 8 15 47%   0 47432 103 90%
c - 55.21 227 17 41 184 33812 1 1658010 117844 1.4 18 13 8 15 48%   0 47432 103 90%
c - 55.58 226 17 41 185 33817 1 1671574 115489 1.4 18 13 8 15 48%   0 47432 103 90%
c - 55.93 226 17 41 186 33818 1 1685175 115600 1.4 18 13 8 15 48%   0 47432 103 90%
c ] 56.18 227 16 42 186 33819 1 1695005 122632 1.4 18 13 8 15 48%   0 47432 103 90%
c
c seconds    switched      rate            size/glue  tier1    binary       remaining
c         MB   reductions     conflicts          size   tier2     irredundant
c          level     restarts        redundant      glue    trail       variables
c
c { 56.18 227 15 42 186 33819 1 1695005 122632 1.4 16 12 8 13 47%   0 47432 103 90%
c - 56.39 226 15 42 187 34070 1 1698813 115571 1.4 16 12 8 13 47%   0 47432 103 90%
c - 56.96 227 15 42 188 34382 1 1712487 115893 1.4 16 11 8 13 47%   0 47432 103 90%
c u 57.31 227 15 42 188 34475 1 1718734 120021 1.4 16 11 8 13 47%   0 47432 103 90%
c v 57.43 227 15 42 188 34475 1 1718734 119702 1.4 16 11 8 13 47%   0 47432 103 90%
c w 57.48 227 15 42 188 34475 1 1718734 119268 1.4 16 11 8 13 47%   0 47432 103 90%
c - 57.77 226 15 42 189 34615 1 1726199 116018 1.4 16 11 8 13 47%   0 47432 103 90%
c - 58.34 226 15 42 190 35082 1 1739947 116518 1.4 16 11 8 13 46%   0 47432 103 90%
c - 58.97 223 15 42 191 36139 1 1753731 117482 1.4 16 11 8 13 47%   0 47432 103 90%
c o 59.60 227 15 42 191 37047 1 1767424 127457 1.4 16 11 8 13 46%   0 47432 103 90%
c - 59.62 227 15 42 192 37054 1 1767551 118714 1.4 16 11 8 13 46%   0 47432 103 90%
c - 60.32 226 15 42 193 37916 1 1781409 119491 1.4 16 12 8 13 46%   0 47432 103 90%
c } 61.07 227 15 43 193 39238 2 1794978 129685 1.4 16 12 8 13 46%   0 47432 103 90%
c [ 61.07 227 16 43 193 39238 1 1794978 129685 1.4 18 13 8 15 48%   0 47432 103 90%
c B 61.07 227 16 43 193 39238 1 1794978 129685 1.4 18 13 8 15 48%   0 47432 103 90%
c - 61.10 226 16 43 194 39238 1 1795302 120650 1.4 18 13 8 15 48%   0 47432 103 90%
c - 61.49 227 16 43 195 39246 1 1809232 121659 1.4 18 13 8 15 47%   0 47432 103 90%
c - 61.90 226 16 43 196 39252 1 1823196 122955 1.4 18 13 8 15 47%   0 47432 103 90%
c - 62.30 227 16 43 197 39259 1 1837197 123599 1.4 18 13 8 15 47%   0 47432 103 90%
c u 62.69 227 16 43 197 39263 1 1845228 128705 1.4 18 13 8 15 47%   0 47432 103 90%
c
c seconds    switched      rate            size/glue  tier1    binary       remaining
c         MB   reductions     conflicts          size   tier2     irredundant
c          level     restarts        redundant      glue    trail       variables
c
c v 62.87 227 16 43 197 39263 1 1845228 124227 1.4 18 13 8 15 47%   0 47432 103 90%
c w 62.93 227 16 43 197 39263 1 1845228 123920 1.4 18 13 8 15 47%   0 47432 103 90%
c - 63.11 226 16 43 198 39266 1 1851233 119899 1.4 18 13 8 15 47%   0 47432 103 90%
c - 63.53 227 16 43 199 39268 1 1865305 120733 1.4 17 13 8 15 46%   0 47432 103 90%
c - 63.91 227 16 43 200 39270 1 1879412 121835 1.4 18 13 8 15 47%   0 47432 103 90%
c - 64.36 227 16 43 201 39278 1 1893557 121797 1.4 18 13 8 15 47%   0 47432 103 90%
c - 64.81 227 16 43 202 39283 1 1907735 121880 1.4 17 12 8 15 47%   0 47432 103 90%
c - 65.18 227 15 43 203 39290 1 1921947 122420 1.4 17 12 8 15 47%   0 47432 103 90%
c W 65.20 228 15 43 203 39290 1 1922446 122789 1.4 17 12 8 15 47%   0 47432 103 90%
c - 65.61 226 15 43 204 39298 1 1936194 121991 1.4 17 12 8 15 46%   0 47432 103 90%
c ] 65.96 225 15 44 204 39299 1 1948359 130002 1.4 17 12 8 15 46%   0 47432 103 90%
c { 65.96 225 15 44 204 39299 2 1948359 130002 1.4 16 12 8 13 46%   0 47432 103 90%
c - 66.04 226 15 44 205 39328 1 1950476 121069 1.4 16 12 8 13 46%   0 47432 103 90%
c - 66.51 227 15 44 206 39471 1 1964793 121144 1.4 16 12 8 13 46%   0 47432 103 90%
c o 66.53 226 15 44 206 39479 1 1965064 121341 1.4 16 12 8 13 46%   0 47432 103 90%
c u 67.06 236 15 44 206 39977 1 1976664 129402 1.4 16 12 8 13 46%   0 47432 103 90%
c v 67.17 237 15 44 206 39977 1 1976664 127055 1.4 16 12 8 13 46%   0 47432 103 90%
c w 67.20 237 15 44 206 39977 1 1976664 126004 1.4 16 12 8 13 46%   0 47432 103 90%
c x 67.26 238 15 44 206 39977 1 1976664 126001 1.4 16 12 8 13 46%   0 47429 103 90%
c - 67.41 235 15 44 207 40000 1 1979145 120487 1.4 16 12 8 13 46%   0 47429 103 90%
c
c seconds    switched      rate            size/glue  tier1    binary       remaining
c         MB   reductions     conflicts          size   tier2     irredundant
c          level     restarts        redundant      glue    trail       variables
c
c - 68.18 234 15 44 208 40762 1 1993532 124214 1.4 16 12 8 13 46%   0 47429 103 90%
c - 68.85 234 15 44 209 41347 1 2007956 127146 1.4 16 11 8 13 46%   0 47429 103 90%
c - 69.57 235 15 44 210 42200 1 2022413 129239 1.4 16 12 8 13 46%   0 47429 103 90%
c - 70.26 235 15 44 211 42725 1 2036904 131133 1.4 16 11 8 13 46%   0 47429 103 90%
c - 70.88 235 15 44 212 43182 1 2051429 133456 1.4 16 11 8 13 47%   0 47429 103 90%
c } 71.14 235 15 45 212 43449 1 2057192 137702 1.4 16 11 8 13 46%   0 47429 103 90%
c [ 71.14 235 15 45 212 43449 1 2057192 137702 1.4 17 12 8 15 46%   0 47429 103 90%
c I 71.14 235 15 45 212 43449 1 2057192 137702 1.4 17 12 8 15 46%   0 47429 103 90%
c - 71.40 236 15 45 213 43455 1 2065989 135497 1.4 17 12 8 15 47%   0 47429 103 90%
c - 71.78 236 16 45 214 43462 1 2080585 136148 1.4 17 13 8 15 47%   0 47429 103 90%
c - 72.16 236 16 45 215 43467 1 2095214 137353 1.4 17 13 8 15 47%   0 47429 103 90%
c - 72.57 232 16 45 216 43476 1 2109878 138157 1.4 18 13 8 15 47%   0 47429 103 90%
c u 72.82 246 16 45 216 43477 1 2113093 140024 1.4 18 13 8 15 47%   0 47429 103 90%
c v 73.01 248 16 45 216 43477 1 2113093 138072 1.4 18 13 8 15 47%   0 47429 103 90%
c w 73.08 248 16 45 216 43477 1 2113093 137454 1.4 18 13 8 15 47%   0 47429 103 90%
c - 73.40 236 16 45 217 43479 1 2124574 136749 1.4 18 13 8 15 47%   0 47429 103 90%
c - 73.84 236 16 45 218 43479 1 2139304 138892 1.4 18 13 8 15 47%   0 47429 103 90%
c - 74.25 236 16 45 219 43488 1 2154069 139821 1.4 18 13 8 15 47%   0 47429 103 90%
c o 74.53 236 16 45 219 43494 1 2164628 147609 1.4 18 13 8 15 47%   0 47429 103 90%
c - 74.66 237 16 45 220 43494 1 2168869 138727 1.4 18 13 8 15 47%   0 47429 103 90%
c
c seconds    switched      rate            size/glue  tier1    binary       remaining
c         MB   reductions     conflicts          size   tier2     irredundant
c          level     restarts        redundant      glue    trail       variables
c
c - 75.05 236 16 45 221 43501 1 2183702 137092 1.4 18 13 8 15 47%   0 47429 103 90%
c B 75.40 236 17 45 221 43509 1 2198341 148008 1.4 18 13 8 15 47%   0 47429 103 90%
c - 75.43 238 17 45 222 43509 1 2198568 135160 1.4 18 13 8 15 47%   0 47429 103 90%
c - 75.84 236 17 45 223 43510 1 2213467 135309 1.4 18 13 8 15 47%   0 47429 103 90%
c s 75.87 236 16 45 223 43510 1 2214344 135929 1.4 18 13 8 15 47%   0 47411 103 90%
c - 76.34 236 16 45 224 43511 1 2228402 135307 1.4 18 13 8 15 47%   0 47411 103 90%
c ] 76.40 236 16 46 224 43511 1 2230085 136519 1.4 18 13 8 15 47%   0 47411 103 90%
c { 76.40 236 15 46 224 43511 1 2230085 136519 1.4 16 11 8 13 46%   0 47411 103 90%
c - 77.13 236 15 46 225 44376 1 2243370 135793 1.4 16 11 8 13 46%   0 47411 103 90%
c u 77.94 237 15 46 225 45120 1 2254540 143420 1.4 16 11 8 13 46%   0 47411 103 90%
c v 78.10 246 15 46 225 45120 1 2254540 143218 1.4 16 11 8 13 46%   0 47411 103 90%
c w 78.16 246 15 46 225 45120 1 2254540 143182 1.4 16 11 8 13 46%   0 47411 103 90%
c - 78.35 237 15 46 226 45207 1 2258371 135900 1.4 16 11 8 13 46%   0 47411 103 90%
c - 79.16 237 15 46 227 46139 1 2273404 137147 1.4 16 12 8 13 46%   0 47411 103 90%
c - 79.94 237 15 46 228 46982 1 2288475 138174 1.4 16 12 8 13 46%   0 47411 103 90%
c - 80.60 236 15 46 229 47481 1 2303576 139126 1.4 16 11 8 13 46%   0 47411 103 90%
c - 81.38 236 15 46 230 48290 1 2318708 140526 1.4 16 12 8 13 46%   0 47411 103 90%
c - 82.14 236 15 46 231 48857 1 2333874 141147 1.4 16 12 8 13 46%   0 47411 103 90%
c } 82.80 235 15 47 231 49255 1 2348130 151423 1.4 16 11 8 13 45%   0 47411 103 90%
c [ 82.80 235 16 47 231 49255 1 2348130 151423 1.4 18 13 8 15 47%   0 47411 103 90%
c
c seconds    switched      rate            size/glue  tier1    binary       remaining
c         MB   reductions     conflicts          size   tier2     irredundant
c          level     restarts        redundant      glue    trail       variables
c
c W 82.82 236 16 47 231 49255 1 2348130 151423 1.4 18 13 8 15 47%   0 47411 103 90%
c - 82.88 236 16 47 232 49255 1 2349076 142398 1.4 18 13 8 15 47%   0 47411 103 90%
c - 83.38 236 16 47 233 49264 1 2364308 142468 1.4 18 13 8 15 47%   0 47411 103 90%
c - 83.92 237 16 47 234 49269 1 2379573 143933 1.4 18 13 8 15 47%   0 47411 103 90%
c - 84.50 237 16 47 235 49278 1 2394870 144434 1.4 18 13 8 15 47%   0 47411 103 90%
c u 84.94 250 16 47 235 49282 1 2401058 147956 1.4 18 13 8 15 47%   0 47411 103 90%
c v 85.17 251 16 47 235 49282 1 2401058 142786 1.4 18 13 8 15 47%   0 47411 103 90%
c w 85.26 251 16 47 235 49282 1 2401058 141089 1.4 18 13 8 15 47%   0 47411 103 90%
c o 86.47 240 16 47 235 49282 1 2401058 141089 1.4 18 13 8 15 47%   0 47411 103 90%
c - 86.77 234 16 47 236 49284 1 2410202 138371 1.4 18 13 8 15 47%   0 47411 103 90%
c - 87.22 235 16 47 237 49285 1 2425564 139981 1.4 18 13 8 15 47%   0 47411 103 90%
c - 87.72 235 16 47 238 49292 1 2440959 141471 1.4 18 13 8 15 46%   0 47411 103 90%
c - 88.21 236 16 47 239 49300 1 2456387 141142 1.4 18 13 8 15 46%   0 47411 103 90%
c - 88.70 235 16 47 240 49306 1 2471847 139908 1.4 18 13 8 15 46%   0 47411 103 90%
c - 89.22 235 15 47 241 49314 1 2487338 138909 1.4 17 12 8 15 46%   0 47411 103 90%
c - 89.73 236 15 47 242 49316 1 2502862 138322 1.4 17 12 8 15 45%   0 47411 103 90%
c O 89.75 236 15 47 242 49316 1 2503491 138785 1.4 17 12 8 15 45%   0 47411 103 90%
c - 90.25 235 15 47 243 49317 1 2518418 136986 1.4 17 12 8 15 45%   0 47411 103 90%
c ] 90.35 235 15 48 243 49317 1 2521872 139306 1.4 17 12 8 15 45%   0 47411 103 90%
c { 90.35 235 15 48 243 49317 1 2521872 139306 1.4 16 11 8 13 45%   0 47411 103 90%
c
c seconds    switched      rate            size/glue  tier1    binary       remaining
c         MB   reductions     conflicts          size   tier2     irredundant
c          level     restarts        redundant      glue    trail       variables
c
c - 90.93 235 15 48 244 49889 1 2534008 137356 1.4 16 11 8 13 46%   0 47411 103 90%
c - 91.75 235 15 48 245 50724 1 2549629 123055 1.4 16 11 7 13 45%   0 47411 103 90%
c u 92.02 246 15 48 245 50766 1 2552645 124376 1.4 16 11 7 13 45%   0 47411 103 90%
c v 92.20 247 15 48 245 50766 1 2552645 123657 1.4 16 11 7 13 45%   0 47411 103 90%
c w 92.26 247 15 48 245 50766 1 2552645 123513 1.4 16 11 7 13 45%   0 47411 103 90%
c - 92.89 247 15 48 246 51421 1 2565281 118593 1.4 16 11 7 13 45%   0 47411 103 90%
c - 93.59 246 15 48 247 51994 1 2580965 119306 1.4 16 11 7 13 45%   0 47411 103 90%
c - 94.29 248 15 48 248 52935 1 2596681 120424 1.4 16 12 7 13 45%   0 47411 103 90%
c - 94.85 247 15 48 249 53339 1 2612429 121860 1.4 16 11 7 13 46%   0 47411 103 90%
c o 94.98 248 15 48 249 53403 1 2616693 125055 1.4 16 11 7 13 46%   0 47411 103 90%
c - 95.49 247 15 48 250 54011 1 2628209 123337 1.4 16 11 7 13 46%   0 47411 103 90%
c - 96.01 246 14 48 251 54097 1 2644020 123408 1.4 15 11 7 13 45%   0 47411 103 90%
c } 96.21 246 14 49 251 54227 1 2649483 127538 1.4 15 11 7 13 45%   0 47411 103 90%
c [ 96.21 246 15 49 251 54227 1 2649483 127538 1.4 17 12 8 15 45%   0 47411 103 90%
c - 96.58 247 15 49 252 54233 1 2659862 125893 1.4 17 12 8 15 45%   0 47411 103 90%
c B 96.79 247 15 49 252 54237 1 2666155 130500 1.4 17 12 8 15 45%   0 47411 103 90%
c - 97.08 247 15 49 253 54241 1 2675736 128713 1.4 17 12 8 15 45%   0 47411 103 90%
c - 97.58 247 15 49 254 54248 1 2691642 130102 1.4 17 12 8 15 45%   0 47411 103 90%
c - 98.09 247 15 49 255 54256 1 2707579 131906 1.4 17 12 8 15 45%   0 47411 103 90%
c u 98.30 248 15 49 255 54256 1 2709352 132396 1.4 17 12 8 15 45%   0 47411 103 90%
c
c seconds    switched      rate            size/glue  tier1    binary       remaining
c         MB   reductions     conflicts          size   tier2     irredundant
c          level     restarts        redundant      glue    trail       variables
c
c v 98.45 248 15 49 255 54256 1 2709352 128854 1.4 17 12 8 15 45%   0 47411 103 90%
c w 98.50 248 15 49 255 54256 1 2709352 127937 1.4 17 12 8 15 45%   0 47411 103 90%
c x 98.59 256 15 49 255 54256 1 2709352 127933 1.4 17 12 8 15 45%   0 47364 103 90%
c - 99.03 256 15 49 256 54257 1 2723547 129032 1.4 16 12 8 15 45%   0 47364 103 90%
c - 99.55 256 15 49 257 54263 1 2739549 130604 1.4 16 12 8 15 45%   0 47364 103 90%
c - 100.11 256 14 49 258 54271 1 2755580 131543 1.4 16 12 8 15 45%   0 47364 103 90%
c - 100.60 256 15 49 259 54278 1 2771642 132097 1.4 17 12 8 15 45%   0 47364 103 90%
c - 101.14 256 15 49 260 54286 1 2787736 133348 1.4 16 12 8 15 45%   0 47364 103 90%
c - 101.71 256 14 49 261 54288 1 2803861 133676 1.4 16 12 8 15 45%   0 47364 103 90%
c ] 101.89 254 15 50 261 54288 1 2810383 138592 1.4 16 12 8 15 45%   0 47364 103 90%
c { 101.89 254 14 50 261 54288 1 2810383 138592 1.4 15 11 7 13 45%   0 47364 103 90%
c - 102.30 256 14 50 262 54418 1 2820017 134345 1.4 15 11 7 13 45%   0 47364 103 90%
c - 102.90 256 14 50 263 54455 1 2836204 135039 1.4 15 11 7 13 45%   0 47364 103 90%
c o 103.42 256 14 50 263 54613 1 2850293 144147 1.4 15 11 7 13 45%   0 47364 103 90%
c - 103.56 255 14 50 264 54663 1 2852422 135408 1.4 15 11 7 13 45%   0 47364 103 90%
c - 104.34 256 14 50 265 55181 1 2868671 137313 1.4 15 11 7 13 45%   0 47364 103 90%
c u 104.69 266 14 50 265 55247 1 2871187 138858 1.4 15 11 7 13 45%   0 47364 103 90%
c v 104.90 267 14 50 265 55247 1 2871187 136175 1.4 15 11 7 13 45%   0 47364 103 90%
c w 104.97 268 14 50 265 55247 1 2871187 136128 1.4 15 11 7 13 45%   0 47364 103 90%
c - 105.56 256 14 50 266 55582 1 2884949 137239 1.4 15 11 7 13 45%   0 47364 103 90%
c
c seconds     switched      rate            size/glue  tier1    binary       remaining
c          MB   reductions     conflicts          size   tier2     irredundant
c           level     restarts        redundant      glue    trail       variables
c
c - 106.37 256 14 50 267 56547 1 2901258 137989 1.4 15 11 7 13 45%   0 47364 103 90%
c - 107.02 256 14 50 268 56951 1 2917598 138685 1.4 15 11 7 13 45%   0 47364 103 90%
c - 107.57 256 13 50 269 57055 1 2933969 138225 1.4 15 11 7 13 46%   0 47364 103 90%
c } 108.25 255 13 51 269 57512 1 2947910 148337 1.4 15 11 7 13 46%   0 47364 103 90%
c [ 108.25 255 15 51 269 57512 1 2947910 148337 1.4 16 12 8 15 45%   0 47364 103 90%
c W 108.29 262 15 51 269 57512 1 2947910 148337 1.4 16 12 8 15 45%   0 47364 103 90%
c - 108.39 263 15 51 270 57514 1 2950371 139000 1.4 16 12 8 15 44%   0 47364 103 90%
c - 108.93 264 15 51 271 57524 1 2966802 139660 1.4 17 12 8 15 44%   0 47364 103 90%
c s 109.26 263 15 51 271 57526 1 2976481 146415 1.4 16 12 8 15 44%   0 46816 103 90%
c - 109.49 264 15 51 272 57529 1 2983265 139621 1.4 16 12 8 15 44%   0 46816 103 90%
c - 109.99 264 15 51 273 57539 1 2999757 139798 1.4 17 12 8 15 44%   0 46816 103 90%
c - 110.52 264 15 51 274 57542 1 3016280 138474 1.4 17 12 8 14 44%   0 46816 103 90%
c - 111.06 264 15 51 275 57545 1 3032833 138791 1.4 16 12 8 14 44%   0 46816 103 90%
c u 111.46 274 15 51 275 57548 1 3038196 141453 1.4 16 12 8 14 44%   0 46816 103 90%
c v 111.68 274 15 51 275 57548 1 3038196 134984 1.4 16 12 8 14 44%   0 46816 103 90%
c w 111.76 275 15 51 275 57548 1 3038196 134089 1.4 16 12 8 14 44%   0 46816 103 90%
c - 112.15 264 15 51 276 57555 1 3049416 132923 1.4 16 12 8 14 44%   0 46816 103 90%
c - 112.72 264 14 51 277 57560 1 3066030 136503 1.4 16 12 7 14 44%   0 46816 103 90%
c - 113.25 264 14 51 278 57570 1 3082673 138703 1.4 16 11 7 14 44%   0 46816 103 90%
c - 113.78 264 14 51 279 57573 1 3099347 141074 1.4 16 11 7 14 44%   0 46816 103 90%
c
c seconds     switched      rate            size/glue  tier1    binary       remaining
c          MB   reductions     conflicts          size   tier2     irredundant
c           level     restarts        redundant      glue    trail       variables
c
c - 114.34 264 14 51 280 57574 1 3116050 142365 1.4 16 11 7 14 44%   0 46816 103 90%
c I 114.65 263 14 51 280 57574 1 3125563 149468 1.4 16 11 7 14 44%   0 46816 103 90%
c o 114.65 264 14 51 280 57574 1 3125563 149468 1.4 16 11 7 14 44%   0 46816 103 90%
c ] 114.65 264 14 52 280 57574 1 3125563 149468 1.4 16 11 7 14 44%   0 46816 103 90%
c { 114.65 264 13 52 280 57574 1 3125563 149468 1.4 15 11 7 13 46%   0 46816 103 90%
c - 115.03 264 13 52 281 57993 1 3132784 143549 1.4 15 11 7 13 45%   0 46816 103 90%
c - 115.83 264 13 52 282 58544 1 3149547 140669 1.4 15 11 7 13 45%   0 46816 103 90%
c - 116.75 263 14 52 283 59993 1 3166340 138966 1.4 15 11 7 13 45%   0 46816 103 90%
c - 117.68 263 14 52 284 60919 1 3183162 140852 1.4 15 11 7 13 45%   0 46816 103 90%
c - 118.26 264 13 52 285 61205 1 3200015 141895 1.4 15 11 7 13 45%   0 46816 103 90%
c u 118.91 273 13 52 285 61928 1 3210500 143733 1.4 15 11 7 13 45%   0 46816 103 90%
c v 119.08 273 13 52 285 61928 1 3210500 142777 1.4 15 11 7 13 45%   0 46816 103 90%
c w 119.14 273 13 52 285 61928 1 3210500 142474 1.4 15 11 7 13 45%   0 46816 103 90%
c x 119.24 274 13 52 285 61928 1 3210500 142472 1.4 15 11 7 13 45%   0 46811 103 90%
c - 119.59 272 14 52 286 62628 1 3216896 136033 1.4 15 11 7 13 45%   0 46811 103 90%
c - 120.33 282 14 52 287 63202 1 3233807 138908 1.4 15 11 7 13 45%   0 46811 103 90%
c - 121.11 282 13 52 288 63938 1 3250748 140293 1.4 15 11 7 13 45%   0 46811 103 90%
c - 122.01 283 14 52 289 65179 1 3267720 140842 1.4 15 11 7 13 45%   0 46811 103 90%
c } 122.36 283 14 53 289 65782 1 3273351 144801 1.4 15 11 7 13 45%   0 46811 103 90%
c [ 122.36 283 14 53 289 65782 1 3273351 144801 1.4 16 11 7 14 44%   0 46811 103 90%
c
c seconds     switched      rate            size/glue  tier1    binary       remaining
c          MB   reductions     conflicts          size   tier2     irredundant
c           level     restarts        redundant      glue    trail       variables
c
c - 122.77 282 14 53 290 65788 1 3284720 142083 1.4 16 11 7 14 44%   0 46811 103 90%
c - 123.39 282 14 53 291 65796 1 3301749 143453 1.4 16 11 7 14 44%   0 46811 103 90%
c B 123.70 282 14 53 291 65800 1 3310897 149144 1.4 16 11 7 14 44%   0 46811 103 90%
c - 123.97 282 14 53 292 65804 1 3318808 143684 1.4 16 11 7 14 44%   0 46811 103 90%
c - 124.53 282 14 53 293 65811 1 3335896 144344 1.4 16 11 7 14 44%   0 46811 103 90%
c - 125.08 282 14 53 294 65812 1 3353015 145328 1.4 16 11 7 14 44%   0 46811 103 90%
c - 125.64 282 14 53 295 65821 1 3370165 144572 1.4 16 11 7 14 45%   0 46811 103 90%
c - 126.24 282 14 53 296 65827 1 3387340 144607 1.4 16 11 7 14 45%   0 46811 103 90%
c u 126.51 294 14 53 296 65827 1 3388030 144193 1.4 16 11 7 14 45%   0 46811 103 90%
c v 126.76 295 14 53 296 65827 1 3388030 137919 1.4 16 11 7 14 45%   0 46811 103 90%
c w 126.84 295 14 53 296 65827 1 3388030 136788 1.4 16 11 7 14 45%   0 46811 103 90%
c o 126.85 295 14 53 296 65827 1 3388030 136788 1.4 16 11 7 14 45%   0 46811 103 90%
c - 127.33 282 14 53 297 65837 1 3404544 139966 1.4 16 12 7 14 45%   0 46811 103 90%
c s 127.50 281 14 53 297 65841 1 3410246 144245 1.4 16 12 7 14 45%   0 46732 103 90%
c - 127.86 282 15 53 298 65842 1 3421779 143207 1.4 16 12 7 14 45%   0 46732 103 90%
c - 128.37 282 15 53 299 65844 1 3439044 143673 1.4 16 12 7 14 45%   0 46732 103 90%
c - 128.94 282 14 53 300 65844 1 3456336 144194 1.4 16 12 7 14 45%   0 46732 103 90%
c - 129.51 282 14 53 301 65847 1 3473657 145093 1.4 16 12 7 14 45%   0 46732 103 90%
c ] 129.90 282 14 54 301 65853 1 3484935 152185 1.4 16 11 7 14 45%   0 46732 103 90%
c { 129.90 282 14 54 301 65853 1 3484935 152185 1.4 15 11 7 13 45%   0 46732 103 90%
c
c seconds     switched      rate            size/glue  tier1    binary       remaining
c          MB   reductions     conflicts          size   tier2     irredundant
c           level     restarts        redundant      glue    trail       variables
c
c - 130.12 282 13 54 302 65853 1 3491007 145521 1.4 15 11 7 13 45%   0 46732 103 90%
c - 130.92 282 13 54 303 66097 1 3508385 147714 1.4 15 10 7 13 45%   0 46732 103 90%
c - 131.56 282 13 54 304 66200 1 3525793 150007 1.4 14 10 7 13 44%   0 46732 103 90%
c - 132.20 282 13 54 305 66320 1 3543229 151499 1.4 14 10 7 13 44%   0 46732 103 90%
c - 132.92 281 13 54 306 66603 1 3560693 152388 1.4 14 10 7 13 44%   0 46732 103 90%
c u 133.59 295 13 54 306 66697 1 3570810 157588 1.4 14 10 7 13 44%   0 46732 103 90%
c v 133.83 296 13 54 306 66697 1 3570810 154788 1.4 14 10 7 13 44%   0 46732 103 90%
c w 133.91 297 13 54 306 66697 1 3570810 154569 1.4 14 10 7 13 44%   0 46732 103 90%
c - 134.26 282 13 54 307 66865 1 3578185 151697 1.4 14 10 7 13 44%   0 46732 103 90%
c - 134.93 282 13 54 308 67353 1 3595706 154774 1.4 14 10 7 13 44%   0 46732 103 90%
c - 135.62 282 12 54 309 67804 1 3613255 155870 1.4 14 10 7 12 44%   0 46732 103 90%
c - 136.43 282 12 54 310 68288 1 3630833 157527 1.4 14 10 7 12 44%   0 46732 103 90%
c } 136.95 281 12 55 310 68487 1 3643329 166008 1.4 14 10 7 12 44%   0 46732 103 90%
c [ 136.95 281 14 55 310 68487 1 3643329 166008 1.4 16 11 7 14 45%   0 46732 103 90%
c W 136.97 282 14 55 310 68487 1 3643329 166008 1.4 16 11 7 14 45%   0 46732 103 90%
c o 136.97 282 14 55 310 68487 1 3643329 166008 1.4 16 11 7 14 45%   0 46732 103 90%
c - 137.18 282 14 55 311 68490 1 3648440 158893 1.4 16 11 7 14 45%   0 46732 103 90%
c - 137.78 282 14 55 312 68500 1 3666075 158761 1.4 15 11 7 14 45%   0 46732 103 90%
c - 138.42 283 14 55 313 68507 1 3683740 159328 1.4 15 11 7 14 44%   1 46732 103 90%
c - 139.02 282 14 55 314 68516 1 3701431 160575 1.4 15 11 7 14 44%   1 46732 103 90%
c
c seconds     switched      rate            size/glue  tier1    binary       remaining
c          MB   reductions     conflicts          size   tier2     irredundant
c           level     restarts        redundant      glue    trail       variables
c
c - 139.60 283 13 55 315 68517 1 3719151 161805 1.4 15 11 7 14 44%   1 46732 103 90%
c - 140.19 283 13 55 316 68524 1 3736899 161600 1.4 15 11 7 14 45%   1 46732 103 90%
c - 140.74 282 13 55 317 68532 1 3754676 162088 1.4 15 11 7 14 45%   1 46732 103 90%
c u 141.13 298 13 55 317 68533 1 3758883 161906 1.4 15 11 7 14 45%   1 46732 103 90%
c v 141.38 299 13 55 317 68533 1 3758883 151064 1.4 15 11 7 14 45%   1 46732 103 90%
c w 141.47 299 13 55 317 68533 1 3758883 148881 1.4 15 11 7 14 45%   1 46732 103 90%
c - 141.91 282 13 55 318 68541 1 3772483 151401 1.4 15 11 7 14 45%   1 46732 103 90%
c - 142.51 283 13 55 319 68547 1 3790315 156536 1.4 15 11 7 14 45%   1 46732 103 90%
c - 143.18 282 13 55 320 68549 1 3808175 157994 1.4 14 10 7 14 44%   2 46732 103 90%
c - 143.85 283 12 55 321 68549 1 3826063 158352 1.4 14 10 7 14 44%   3 46732 103 90%
c i 144.03 283 12 55 321 68549 1 3831054 161011 1.4 14 10 7 14 44%  13 46732 102 89%
c ] 144.09 284 12 56 321 68549 1 3832636 162082 1.4 14 10 7 14 44%  13 46732 102 89%
c { 144.09 284 12 56 321 68549 1 3832636 162082 1.4 14 10 7 12 44%  13 46732 102 89%
c - 144.60 282 12 56 322 69166 1 3843979 118546 1.4 14 10 7 12 44%   1 46732 102 89%
c - 145.38 282 12 56 323 69969 1 3861925 126582 1.4 14 10 7 12 44%   2 46732 102 89%
c - 146.15 282 12 56 324 70596 1 3879897 132326 1.4 14 10 7 12 43%   2 46732 102 89%
c s 146.17 282 12 56 324 70596 1 3880273 132491 1.4 14 10 7 12 43%   2 39977 102 89%
c - 146.88 282 12 56 325 71446 1 3897898 136653 1.4 14 10 7 12 44%   2 39977 102 89%
c - 147.57 282 12 56 326 71669 1 3915925 124683 1.4 13 9 6 12 44%   3 39977 102 89%
c o 147.90 282 12 56 326 71744 1 3927175 131123 1.4 13 9 6 12 44%   5 39977 102 89%
c
c seconds     switched      rate            size/glue tier1    binary       remaining
c          MB   reductions     conflicts          size  tier2     irredundant
c           level     restarts        redundant     glue    trail       variables
c
c - 148.18 282 12 56 327 71821 1 3933981 122575 1.4 13 9 6 12 44%   6 39977 102 89%
c i 148.41 282 11 56 327 71880 1 3939430 125518 1.4 13 9 6 12 44%  18 39977 101 88%
c i 148.72 282 11 56 327 71990 1 3950566 132177 1.4 13 9 6 12 44%  27 39977 99 86%
c - 148.79 282 11 56 328 72110 1 3952064 66633 1.4 13 9 6 12 44%   7 39977 99 86%
c u 148.97 283 11 56 328 72128 1 3952257 58463 1.4 13 9 6 12 44% 151 33306 99 86%
c v 149.13 283 11 56 328 72128 1 3952257 55548 1.4 13 9 6 12 44%   7 33306 99 86%
c w 149.15 283 11 56 328 72128 1 3952257 55392 1.4 13 9 6 12 44%   7 33306 99 86%
c x 149.30 283 11 56 328 72128 1 3952257 55308 1.4 13 9 6 12 44%   8 29532 99 86%
c i 150.45 286 11 56 328 72135 1 3953390 55844 1.4 13 9 6 12 44%  15 29532 98 85%
c i 150.73 286 11 56 328 72210 1 3963905 62086 1.4 12 9 6 12 44%  27 29532 96 83%
c i 150.76 286 11 56 328 72216 1 3965249 62877 1.4 12 9 6 12 44%  32 29532 95 83%
c i 150.78 286 11 56 328 72216 1 3966049 63325 1.4 12 9 6 12 44%  39 29532 94 82%
c i 150.83 286 11 56 328 72216 1 3968051 64588 1.4 12 9 6 12 43%  45 29532 93 81%
c i 150.85 286 11 56 328 72216 1 3968736 65072 1.4 12 9 6 12 43%  51 29532 92 80%
c i 150.85 286 11 56 328 72216 1 3968940 65152 1.4 12 9 6 12 43%  57 29532 91 79%
c i 150.85 286 11 56 328 72216 1 3969006 65186 1.4 12 9 6 12 43%  61 29532 85 74%
c } 150.85 286 11 56 328 72216 1 3969017 65186 1.4 12 9 6 12 43%  64 29532 68 59%
c 0 150.85 286 11 56 328 72216 1 3969017 65186 1.4 12 9 6 12 43%  64 29532 68 59%
c
c ---- [ result ] ------------------------------------------------------------
c
s UNSATISFIABLE
c
c ---- [ profiling ] ---------------------------------------------------------
c
c         134.85   89.39 %  search
c          70.51   46.74 %  focused
c          64.34   42.65 %  stable
c          15.98   10.59 %  simplify
c          14.73    9.76 %  probe
c          10.94    7.25 %  vivify
c           3.44    2.28 %  sweep
c           3.01    1.99 %  reduce
c           1.12    0.74 %  eliminate
c           1.04    0.69 %  subsume
c           0.32    0.21 %  substitute
c           0.14    0.09 %  walking
c           0.02    0.01 %  congruence
c           0.01    0.01 %  preprocess
c           0.01    0.01 %  transitive
c           0.01    0.00 %  parse
c           0.00    0.00 %  lucky
c           0.00    0.00 %  factor
c           0.00    0.00 %  backbone
c =============================================
c         150.85  100.00 %  total
c
c ---- [ statistics ] --------------------------------------------------------
c
c conflicts:                          3969017            26310.14 per second
c decisions:                          4838985                1.22 per conflict
c eliminated:                              12               10 %  variables
c iterations:                              12               10 %  variables
c propagations:                      49412895           327552    per second
c reductions:                             328            12101    interval
c reordered:                               27           147001    interval
c rephased:                                41            96805    interval
c restarts:                             72216               55    interval
c strengthened:                            20                0 %  checks
c subsumed:                              2666                0 %  checks
c switched:                                56            70875    interval
c vivified:                            159631               78 %  checks
c walks:                                   14           283501    interval
c
c ---- [ glue usage ] --------------------------------------------------------
c
c focused glue 6    used  400938 clauses  8.16% accumulated 51.30% tier1
c focused glue 7    used  386934 clauses  7.87% accumulated 59.17%
c focused glue 8-10 used 1045112 clauses 21.26% accumulated 80.42%
c focused glue 11   used  292013 clauses  5.94% accumulated 86.36%
c focused glue 12   used  232688 clauses  4.73% accumulated 91.10% tier2
c
c stable glue 7    used  582675 clauses  7.99% accumulated 53.57% tier1
c stable glue 8    used  530762 clauses  7.28% accumulated 60.85%
c stable glue 9-12 used 1672226 clauses 22.93% accumulated 83.78%
c stable glue 13   used  320871 clauses  4.40% accumulated 88.18%
c stable glue 14   used  264834 clauses  3.63% accumulated 91.81% tier2
c
c ---- [ resources ] ---------------------------------------------------------
c
c maximum-resident-set-size:     322609086464 bytes     307664 MB
c process-time:                         2m 31s             150.85 seconds
c
c ---- [ shutting down ] -----------------------------------------------------
c
c exit 20
