c ---- [ banner ] ------------------------------------------------------------
c
c Kissat SAT Solver
c 
c Copyright (c) 2021-2024 Armin Biere University of Freiburg
c Copyright (c) 2019-2021 Armin Biere Johannes Kepler University Linz
c 
c Version 4.0.4 8af8e56f174b778aef3aa45af9f739b2a5f492c2
c Apple clang version 17.0.0 (clang-1700.6.3.2) -W -Wall -O3 -DNDEBUG
c Mon Mar 30 18:25:47 CEST 2026 Darwin Mac 24.6.0 arm64
c
c ---- [ parsing ] -----------------------------------------------------------
c
c opened and reading DIMACS file:
c
c   tmp.cnf
c
c parsed 'p cnf 153 80444' header
c closing input after reading 2451944 bytes (2 MB)
c finished parsing after 0.01 seconds
c
c ---- [ solving ] -----------------------------------------------------------
c
c seconds switched rate     size/glue tier1 binary       remaining
c        MB reductions conflicts size  tier2   irredundant
c         level restarts redundant glue  trail       variables
c
c *  0.01 17 0 0 0  0 0   0   0 0.0 0 0 0 0 0%   0 80444 138 100%
c (  0.01 19 0 0 0  0 0   0   0 0.0 0 0 0 0 0%   0 80444 138 100%
c .  0.01 19 0 0 0  0 0   0   0 0.0 0 0 0 0 0%   0 80444 138 100%
c )  0.02 20 0 0 0  0 0   0   0 0.0 0 0 0 0 0%   0 80444 138 100%
c {  0.02 20 0 0 0  0 0   0   0 0.0 0 0 2 6 0%   0 80444 138 100%
c -  0.04 20 18 0 1  4 1 1001 576 1.4 17 12 11 15 35%   0 80444 138 100%
c }  0.04 20 18 1 1  4 1 1001 576 1.4 17 12 11 15 35%   0 80444 138 100%
c [  0.04 20 0 1 1  4 0 1001 576 0.0 0 0 2 6 0%   0 80444 138 100%
c B  0.04 20 0 1 1  4 0 1001 576 0.0 0 0 2 6 0%   0 80444 138 100%
c -  0.05 20 40 1 2  4 1 2001 1346 1.3 20 15 13 21 48%   0 80444 138 100%
c W  0.05 20 40 1 2  4 1 2002 1347 1.3 20 15 13 21 48%   0 80444 138 100%
c ]  0.06 20 35 2 2  5 1 2271 1535 1.3 19 15 13 21 46%   0 80444 138 100%
c {  0.06 20 18 2 2  5 1 2271 1535 1.4 17 12 11 15 35%   0 80444 138 100%
c u  0.07 20 18 2 2  5 1 2506 1718 1.4 17 12 11 15 35%   0 80444 138 100%
c v  0.07 20 18 2 2  5 1 2506 1717 1.4 17 12 11 15 35%   0 80444 138 100%
c w  0.07 20 18 2 2  5 1 2506 1716 1.4 17 12 11 15 35%   0 80444 138 100%
c }  0.09 20 17 3 2  5 1 3271 2339 1.4 17 12 11 15 37%   0 80444 138 100%
c [  0.09 20 35 3 2  5 1 3271 2339 1.3 19 15 13 21 46%   0 80444 138 100%
c -  0.09 20 33 3 3  5 1 3415 2324 1.3 19 14 12 19 45%   0 80444 138 100%
c I  0.11 20 25 3 3  5 1 4262 3028 1.4 18 13 12 19 42%   0 80444 138 100%
c
c seconds  switched rate       size/glue  tier1     binary       remaining
c        MB reductions conflicts     size    tier2     irredundant
c         level restarts  redundant     glue     trail       variables
c
c ]  0.11 20 25 4 3  6 1 4432 3182 1.4 18 13 12 19 42%   0 80444 138 100%
c {  0.11 20 17 4 3  6 1 4432 3182 1.4 17 12 11 15 37%   0 80444 138 100%
c -  0.12 24 16 4 4  6 1 5147 3488 1.5 17 12 11 14 37%   0 80444 138 100%
c }  0.15 25 16 5 4 206 1 6785 4833 1.5 17 12 11 14 37%   0 80444 138 100%
c [  0.15 25 25 5 4 206 1 6785 4833 1.4 18 13 12 19 42%   0 80444 138 100%
c -  0.15 25 23 5 5 206 1 7148 4715 1.4 18 12 10 17 41%   0 80444 138 100%
c u  0.17 29 22 5 5 206 1 7716 5147 1.5 18 12 10 17 41%   0 80444 138 100%
c v  0.17 29 22 5 5 206 1 7716 5143 1.5 18 12 10 17 41%   0 80444 138 100%
c w  0.18 29 22 5 5 206 1 7716 5143 1.5 18 12 10 17 41%   0 80444 138 100%
c B  0.20 33 22 5 5 207 1 8033 5384 1.4 18 13 10 17 40%   0 80444 138 100%
c -  0.22 33 22 5 6 208 1 9385 5781 1.4 19 14 11 18 42%   0 80444 138 100%
c ]  0.22 33 22 6 6 208 1 10079 6294 1.4 19 14 11 18 43%   0 80444 138 100%
c {  0.22 33 16 6 6 208 1 10079 6294 1.5 17 12 11 14 37%   0 80444 138 100%
c -  0.25 33 16 6 7 239 1 11835 6698 1.5 17 12 10 14 39%   0 80444 138 100%
c e  0.27 34 16 6 7 266 1 12521 7306 1.5 17 12 10 14 40%   0 78858 118 86%
c ^  0.27 34 16 6 7 266 1 12521 7306 1.5 17 12 10 14 40%   0 78858 118 86%
c o  0.28 34 16 6 7 266 1 12521 7306 1.5 17 12 10 14 40%   0 78858 118 86%
c }  0.30 34 16 7 7 271 1 14150 8707 1.5 17 11 10 14 39%   0 78858 118 86%
c [  0.30 34 22 7 7 271 1 14150 8707 1.4 19 14 11 18 43%   0 78858 118 86%
c W  0.30 39 22 7 7 271 1 14150 8707 1.4 19 14 11 18 43%   0 78858 118 86%
c
c seconds  switched  rate        size/glue  tier1     binary       remaining
c        MB reductions conflicts       size    tier2     irredundant
c         level restarts    redundant     glue     trail       variables
c
c -  0.31 40 22 7 8 271 1 14480 7932 1.4 19 14 11 18 44%   0 78858 118 86%
c u  0.34 40 21 7 8 272 1 15807 8808 1.4 19 14 11 18 45%   0 78858 118 86%
c v  0.34 40 21 7 8 272 1 15807 8806 1.4 19 14 11 18 45%   0 78858 118 86%
c w  0.34 40 21 7 8 272 1 15807 8804 1.4 19 14 11 18 45%   0 78858 118 86%
c -  0.37 43 21 7 9 273 1 17308 8586 1.3 19 14 10 18 46%   0 78858 118 86%
c ]  0.39 43 20 8 9 274 1 18517 9506 1.3 19 14 10 18 47%   0 78858 118 86%
c {  0.39 43 16 8 9 274 1 18517 9506 1.5 17 11 10 14 39%   0 78858 118 86%
c -  0.42 43 16 8 10 341 1 20308 9683 1.5 17 11 10 14 40%   0 78858 118 86%
c -  0.47 44 15 8 11 419 1 23470 10749 1.5 16 11 10 14 40%   0 78858 118 86%
c }  0.48 44 15 9 11 419 1 24676 11574 1.5 16 11 10 14 40%   0 78858 118 86%
c [  0.48 44 20 9 11 419 1 24676 11574 1.3 19 14 10 18 47%   0 78858 118 86%
c O  0.48 44 20 9 11 419 1 24676 11574 1.3 19 14 10 18 47%   0 78858 118 86%
c o  0.48 44 20 9 11 419 1 24676 11574 1.3 19 14 10 18 47%   0 78858 118 86%
c ^  0.51 45 20 9 11 419 1 25045 11851 1.3 19 14 10 18 47%   0 78858 118 86%
c -  0.53 45 20 9 12 421 1 26786 12019 1.4 19 14 10 18 46%   0 78858 118 86%
c u  0.54 45 20 9 12 421 1 26954 12133 1.4 19 14 10 18 46%   0 78858 118 86%
c v  0.55 45 20 9 12 421 1 26954 12082 1.4 19 14 10 18 46%   0 78858 118 86%
c w  0.55 45 20 9 12 421 1 26954 11932 1.4 19 14 10 18 46%   0 78858 118 86%
c -  0.60 46 19 9 13 423 1 30253 13314 1.3 18 13 10 17 45%   0 78858 118 86%
c ]  0.61 46 18 10 13 423 1 30564 13520 1.3 18 13 10 17 45%   0 78858 118 86%
c
c seconds   switched   rate         size/glue  tier1     binary       remaining
c        MB   reductions conflicts        size    tier2     irredundant
c         level   restarts     redundant     glue     trail       variables
c
c {  0.61 46 15 10 13 423 1 30564 13520 1.5 16 11 10 14 40%   0 78858 118 86%
c -  0.67 46 15 10 14 658 1 33861 13646 1.5 16 11 9 13 39%   0 78858 118 86%
c -  0.76 46 15 10 15 1116 2 37603 14761 1.5 16 11 9 13 40%   0 78858 118 86%
c }  0.80 46 15 11 15 1346 2 39192 16068 1.5 16 11 9 13 40%   0 78858 118 86%
c [  0.80 46 18 11 15 1346 1 39192 16068 1.3 18 13 10 17 45%   0 78858 118 86%
c B  0.80 46 18 11 15 1346 1 39192 16068 1.3 18 13 10 17 45%   0 78858 118 86%
c u  0.85 46 19 11 15 1348 1 41307 17715 1.3 19 14 10 17 45%   0 78858 118 86%
c v  0.86 46 19 11 15 1348 1 41307 16905 1.3 19 14 10 17 45%   0 78858 118 86%
c w  0.86 46 19 11 15 1348 1 41307 16829 1.3 19 14 10 17 45%   0 78858 118 86%
c -  0.88 47 19 11 16 1348 1 41475 15501 1.3 19 14 10 17 45%   0 78858 118 86%
c -  0.93 47 19 11 17 1351 1 45476 16578 1.3 19 14 10 18 46%   0 78858 118 86%
c -  0.98 47 19 11 18 1352 1 49599 17491 1.3 19 14 10 18 47%   0 78858 118 86%
c W  1.01 54 19 11 18 1352 1 51414 18755 1.3 19 14 10 18 47%   0 78858 118 86%
c o  1.01 54 19 11 18 1352 1 51414 18755 1.3 19 14 10 18 47%   0 78858 118 86%
c ^  1.06 54 19 11 18 1353 1 52197 19401 1.3 19 14 10 18 47%   0 78858 118 86%
c -  1.09 54 19 11 19 1355 1 53841 18323 1.3 19 15 10 18 48%   0 78858 118 86%
c ]  1.11 54 19 12 19 1355 1 55216 19335 1.3 20 15 10 18 48%   0 78858 118 86%
c {  1.11 54 15 12 19 1355 2 55216 19335 1.5 16 11 9 13 40%   0 78858 118 86%
c -  1.17 56 15 12 20 1544 2 58200 19427 1.4 16 11 9 14 40%   0 78858 118 86%
c u  1.20 56 15 12 20 1574 2 58966 19992 1.4 16 11 9 14 40%   0 78858 118 86%
c
c seconds   switched    rate         size/glue  tier1    binary       remaining
c        MB   reductions  conflicts        size   tier2     irredundant
c         level    restarts     redundant     glue    trail       variables
c
c v  1.20 56 15 12 20 1574 2 58966 19986 1.4 16 11 9 14 40%   0 78858 118 86%
c w  1.21 56 15 12 20 1574 2 58966 19980 1.4 16 11 9 14 40%   0 78858 118 86%
c -  1.31 56 15 12 21 1842 2 62672 20448 1.4 16 11 9 14 40%   0 78858 118 86%
c }  1.36 56 15 13 21 1955 2 66696 23247 1.4 16 11 9 14 40%   0 78858 118 86%
c [  1.36 56 19 13 21 1955 1 66696 23247 1.3 20 15 10 18 48%   0 78858 118 86%
c I  1.36 56 19 13 21 1955 1 66696 23247 1.3 20 15 10 18 48%   0 78858 118 86%
c -  1.37 56 19 13 22 1955 1 67255 21546 1.3 19 15 10 18 48%   0 78858 118 86%
c -  1.44 57 19 13 23 1959 1 71945 23004 1.3 19 14 10 18 48%   0 78858 118 86%
c -  1.51 57 19 13 24 1961 1 76741 24621 1.3 19 14 10 18 48%   0 78858 118 86%
c u  1.57 57 19 13 24 1962 1 80057 26991 1.3 19 14 10 18 48%   0 78858 118 86%
c v  1.59 57 19 13 24 1962 1 80057 26848 1.3 19 14 10 18 48%   0 78858 118 86%
c w  1.59 57 19 13 24 1962 1 80057 26843 1.3 19 14 10 18 48%   0 78858 118 86%
c -  1.63 58 19 13 25 1964 1 81639 25581 1.3 19 14 10 17 48%   0 78858 118 86%
c ]  1.64 58 19 14 25 1964 1 82566 26285 1.3 19 14 10 17 48%   0 78858 118 86%
c {  1.64 58 15 14 25 1964 2 82566 26285 1.4 16 11 9 14 40%   0 78858 118 86%
c o  1.64 58 15 14 25 1965 2 82595 26313 1.4 16 11 9 14 40%   0 78858 118 86%
c -  1.76 58 15 14 26 2560 2 86640 27002 1.4 16 11 9 14 40%   0 78858 118 86%
c -  1.90 58 15 14 27 3086 2 91739 29507 1.4 16 11 10 14 40%   0 78858 118 86%
c ^  2.04 58 15 14 27 3139 2 95930 33114 1.5 16 11 10 14 40%   0 78858 118 86%
c -  2.07 58 15 14 28 3265 2 96936 30312 1.5 16 11 9 14 40%   0 78858 118 86%
c
c seconds   switched    rate         size/glue  tier1    binary       remaining
c        MB   reductions  conflicts        size   tier2     irredundant
c         level    restarts     redundant     glue    trail       variables
c
c }  2.08 58 15 15 28 3265 2 97282 30571 1.5 16 11 9 14 40%   0 78858 118 86%
c [  2.08 58 19 15 28 3265 1 97282 30571 1.3 19 14 10 17 48%   0 78858 118 86%
c B  2.08 58 19 15 28 3265 1 97282 30571 1.3 19 14 10 17 48%   0 78858 118 86%
c -  2.16 58 19 15 29 3268 1 102228 30946 1.3 19 15 10 18 48%   0 78858 118 86%
c u  2.22 58 19 15 29 3270 1 104708 32815 1.3 20 15 10 18 48%   0 78858 118 86%
c v  2.23 58 19 15 29 3270 1 104708 32678 1.3 20 15 10 18 48%   0 78858 118 86%
c w  2.24 58 19 15 29 3270 1 104708 32675 1.3 20 15 10 18 48%   0 78858 118 86%
c -  2.29 58 19 15 30 3271 1 107615 32177 1.3 20 15 10 18 48%   0 78858 118 86%
c -  2.38 58 19 15 31 3274 1 113094 33522 1.3 20 15 10 18 48%   0 78858 118 86%
c W  2.47 58 19 15 31 3278 1 118193 37326 1.3 20 15 10 18 48%   0 78858 118 86%
c -  2.48 58 19 15 32 3278 1 118666 34528 1.3 20 15 10 18 48%   0 78858 118 86%
c ]  2.54 59 19 16 32 3279 1 122334 37323 1.3 20 15 10 18 49%   0 78858 118 86%
c {  2.54 59 15 16 32 3279 2 122334 37323 1.5 16 11 9 14 40%   0 78858 118 86%
c o  2.56 59 15 16 32 3349 2 122656 37604 1.5 16 11 9 14 40%   0 78858 118 86%
c -  2.62 59 15 16 33 3636 2 124322 35496 1.5 16 11 9 14 40%   0 78858 118 86%
c -  2.78 59 15 16 34 4074 2 130068 36759 1.4 16 11 9 14 40%   0 78858 118 86%
c u  2.91 66 15 16 34 4504 2 132991 39104 1.4 16 11 9 14 40%   0 78858 118 86%
c v  2.93 67 15 16 34 4504 2 132991 38876 1.4 16 11 9 14 40%   0 78858 118 86%
c w  2.94 72 15 16 34 4504 2 132991 38869 1.4 16 11 9 14 40%   0 78858 118 86%
c -  3.07 75 15 16 35 4649 2 135899 37757 1.4 16 11 9 14 40%   0 78858 118 86%
c
c seconds   switched    rate          size/glue  tier1    binary       remaining
c        MB   reductions  conflicts         size   tier2     irredundant
c         level    restarts      redundant     glue    trail       variables
c
c }  3.18 75 15 17 35 4894 2 140671 41568 1.4 16 11 9 14 40%   0 78858 118 86%
c [  3.18 75 19 17 35 4894 1 140671 41568 1.3 20 15 10 18 49%   0 78858 118 86%
c -  3.20 75 19 17 36 4895 1 141816 39073 1.3 20 15 10 18 49%   0 78858 118 86%
c O  3.21 75 19 17 36 4895 1 142418 39544 1.3 20 15 10 18 49%   0 78858 118 86%
c -  3.30 75 19 17 37 4899 1 147816 40254 1.3 20 15 10 18 48%   0 78858 118 86%
c -  3.39 75 19 17 38 4901 1 153899 41106 1.3 20 15 10 18 47%   0 78858 118 86%
c ^  3.54 75 19 17 38 4904 1 158073 44117 1.3 20 15 10 18 47%   0 78858 118 86%
c -  3.58 75 19 17 39 4906 1 160064 41572 1.3 20 15 10 18 47%   0 78858 118 86%
c u  3.69 75 19 17 39 4907 1 165003 45376 1.3 19 15 10 18 47%   0 78858 118 86%
c v  3.70 75 19 17 39 4907 1 165003 45332 1.3 19 15 10 18 47%   0 78858 118 86%
c w  3.71 75 19 17 39 4907 1 165003 45277 1.3 19 15 10 18 47%   0 78858 118 86%
c -  3.76 77 19 17 40 4908 1 166310 42829 1.3 19 15 10 18 47%   0 78858 118 86%
c B  3.82 77 19 17 40 4908 1 170159 45652 1.3 19 15 10 18 47%   0 78858 118 86%
c ]  3.87 77 19 18 40 4908 1 172599 47654 1.3 20 15 10 18 47%   0 78858 118 86%
c {  3.87 77 15 18 40 4908 2 172599 47654 1.4 16 11 9 14 40%   0 78858 118 86%
c -  3.87 77 15 18 41 4917 2 172634 43419 1.4 16 11 9 14 40%   0 78858 118 86%
c o  3.88 77 15 18 41 4973 2 172836 43579 1.4 16 11 9 14 40%   0 78858 118 86%
c -  4.03 77 15 18 42 5104 2 179039 43785 1.4 16 11 9 14 40%   0 78858 118 86%
c -  4.20 77 15 18 43 5574 2 185519 44490 1.4 16 11 10 14 40%   0 78858 118 86%
c -  4.34 78 15 18 44 5740 2 192076 45935 1.4 16 11 10 14 40%   0 78858 118 86%
c
c seconds   switched    rate          size/glue  tier1     binary       remaining
c        MB   reductions  conflicts         size    tier2     irredundant
c         level    restarts      redundant     glue     trail       variables
c
c }  4.39 78 15 19 44 5770 2 194947 48106 1.4 16 11 10 14 40%   0 78858 118 86%
c [  4.39 78 19 19 44 5770 1 194947 48106 1.3 20 15 10 18 47%   0 78858 118 86%
c -  4.45 78 19 19 45 5772 1 198712 47081 1.3 19 15 10 18 47%   0 78858 118 86%
c u  4.52 79 19 19 45 5774 1 200847 48524 1.3 19 14 10 18 46%   0 78858 118 86%
c v  4.55 80 19 19 45 5774 1 200847 48305 1.3 19 14 10 18 46%   0 78858 118 86%
c w  4.56 80 19 19 45 5774 1 200847 48260 1.3 19 14 10 18 46%   0 78858 118 86%
c W  4.59 88 19 19 45 5775 1 201609 48870 1.3 19 15 10 18 46%   0 78858 118 86%
c -  4.66 89 19 19 46 5776 1 205420 47865 1.3 19 15 10 18 47%   0 78858 118 86%
c -  4.78 90 19 19 47 5780 1 212203 48829 1.3 20 15 10 18 47%   0 78858 118 86%
c -  4.91 90 19 19 48 5783 1 219058 49855 1.3 20 15 10 18 48%   0 78858 118 86%
c -  5.03 92 19 19 49 5784 1 225987 51234 1.3 20 15 10 18 48%   0 78858 118 86%
c ]  5.06 92 19 20 49 5784 1 227387 52297 1.3 20 15 10 18 48%   0 78858 118 86%
c {  5.06 92 15 20 49 5784 2 227387 52297 1.4 16 11 10 14 40%   0 78858 118 86%
c o  5.23 122 15 20 49 6290 2 232971 56597 1.4 16 11 10 14 40%   0 78858 118 86%
c -  5.24 122 15 20 50 6293 2 232988 52793 1.4 16 11 10 14 40%   0 78858 118 86%
c -  5.43 147 15 20 51 6553 2 240059 54060 1.4 16 11 10 14 40%   0 78858 118 86%
c !  5.56 146 15 20 51 6553 2 240330 54280 1.4 16 11 10 14 40%   0 78858 118 86%
c u  5.62 149 15 20 51 6572 2 240574 54487 1.4 16 11 10 14 40%   0 78858 118 86%
c v  5.65 149 15 20 51 6572 2 240574 54465 1.4 16 11 10 14 40%   0 78858 118 86%
c w  5.66 150 15 20 51 6572 2 240574 54462 1.4 16 11 10 14 40%   0 78858 118 86%
c
c seconds    switched    rate          size/glue  tier1     binary       remaining
c         MB   reductions  conflicts         size    tier2     irredundant
c          level    restarts      redundant     glue     trail       variables
c
c -  5.88 172 15 20 52 7152 2 247200 55263 1.4 16 11 10 14 40%   0 78858 118 86%
c }  6.10 172 15 21 52 7640 2 254126 60892 1.4 16 11 10 14 40%   0 78858 118 86%
c [  6.10 172 19 21 52 7640 1 254126 60892 1.3 20 15 10 18 48%   0 78858 118 86%
c I  6.10 172 19 21 52 7640 1 254126 60892 1.3 20 15 10 18 48%   0 78858 118 86%
c -  6.12 174 19 21 53 7640 1 254411 57283 1.3 20 15 10 18 48%   0 78858 118 86%
c -  6.25 174 19 21 54 7645 1 261692 58964 1.3 20 15 10 18 48%   0 78858 118 86%
c -  6.39 174 19 21 55 7649 1 269043 60781 1.3 20 15 10 18 49%   0 78858 118 86%
c -  6.53 174 19 21 56 7653 1 276460 61999 1.3 20 15 10 18 48%   0 78858 118 86%
c -  6.68 174 18 21 57 7654 1 283944 62686 1.4 20 14 10 17 48%   0 78858 118 86%
c u  6.74 175 18 21 57 7654 1 284283 62885 1.4 20 14 10 17 48%   0 78858 118 86%
c v  6.78 175 18 21 57 7654 1 284283 62855 1.4 20 14 10 17 48%   0 78858 118 86%
c w  6.79 175 18 21 57 7654 1 284283 62846 1.4 20 14 10 17 48%   0 78858 118 86%
c -  6.93 176 19 21 58 7658 1 291493 62919 1.3 20 15 10 17 48%   0 78858 118 86%
c B  6.97 176 19 21 58 7660 1 293567 64528 1.3 20 15 10 17 48%   0 78858 118 86%
c ]  7.07 172 19 22 58 7661 1 298931 68336 1.3 20 15 10 17 48%   0 78858 118 86%
c {  7.07 172 15 22 58 7661 2 298931 68336 1.4 16 11 10 14 40%   0 78858 118 86%
c -  7.08 174 15 22 59 7661 2 299111 61810 1.4 16 11 10 14 40%   0 78858 118 86%
c o  7.20 176 15 22 59 7775 2 304285 66053 1.4 16 11 10 14 41%   0 78858 118 86%
c -  7.27 175 15 22 60 7844 2 306792 57430 1.4 16 11 9 14 41%   0 78858 118 86%
c -  7.46 174 15 22 61 7906 1 314537 58106 1.5 16 11 9 14 42%   0 78858 118 86%
c
c seconds    switched    rate          size/glue  tier1    binary       remaining
c         MB   reductions  conflicts         size   tier2     irredundant
c          level    restarts      redundant     glue    trail       variables
c
c -  7.64 176 15 22 62 8009 1 322347 59151 1.5 16 11 9 14 42%   0 78858 118 86%
c -  7.82 175 15 22 63 8100 1 330222 60415 1.5 16 11 9 13 42%   0 78858 118 86%
c }  7.82 176 15 23 63 8102 1 330448 60590 1.5 16 11 9 13 42%   0 78858 118 86%
c [  7.82 176 19 23 63 8102 1 330448 60590 1.3 20 15 10 17 48%   0 78858 118 86%
c u  7.91 174 19 23 63 8103 1 332027 61763 1.3 20 15 10 17 48%   0 78858 118 86%
c v  7.95 175 19 23 63 8103 1 332027 61696 1.3 20 15 10 17 48%   0 78858 118 86%
c w  7.96 175 19 23 63 8103 1 332027 61594 1.3 20 15 10 17 48%   0 78858 118 86%
c W  8.19 178 19 23 63 8107 1 337279 65762 1.3 20 15 10 17 48%   0 78858 118 86%
c -  8.22 178 19 23 64 8107 1 338160 61053 1.3 20 15 10 18 48%   0 78858 118 86%
c -  8.38 178 19 23 65 8111 1 346161 61606 1.3 20 15 10 18 49%   0 78858 118 86%
c -  8.55 177 19 23 66 8115 1 354225 61930 1.3 20 15 10 18 49%   0 78858 118 86%
c -  8.74 178 19 23 67 8116 1 362350 61933 1.3 20 15 10 18 49%   0 78858 118 86%
c ]  8.80 178 19 24 67 8118 1 365202 64160 1.3 20 15 10 18 49%   0 78858 118 86%
c {  8.80 178 15 24 67 8118 1 365202 64160 1.5 16 11 9 13 42%   0 78858 118 86%
c s  9.02 178 15 24 67 8247 1 369684 67452 1.5 16 11 9 13 42%   0 78853 118 86%
c -  9.17 186 15 24 68 8389 1 370536 62698 1.5 16 11 9 13 42%   0 78853 118 86%
c -  9.45 186 15 24 69 8868 1 378783 63908 1.5 16 11 9 13 42%   0 78853 118 86%
c u  9.61 185 15 24 69 8873 1 383878 67507 1.5 16 11 9 13 42%   0 78853 118 86%
c v  9.64 185 15 24 69 8873 1 383878 67476 1.5 16 11 9 13 42%   0 78853 118 86%
c w  9.65 185 15 24 69 8873 1 383878 67475 1.5 16 11 9 13 42%   0 78853 118 86%
c
c seconds    switched    rate          size/glue  tier1    binary       remaining
c         MB   reductions  conflicts         size   tier2     irredundant
c          level    restarts      redundant     glue    trail       variables
c
c o  9.72 185 15 24 69 8989 1 384951 68433 1.5 16 11 9 13 42%   0 78853 118 86%
c -  9.82 186 15 24 70 9245 1 387089 65338 1.5 16 11 9 13 42%   0 78853 118 86%
c - 10.03 187 15 24 71 9479 1 395455 66755 1.5 16 11 9 13 42%   0 78853 118 86%
c } 10.29 194 15 25 71 10108 1 401880 71864 1.5 16 11 9 13 42%   0 78853 118 86%
c [ 10.29 194 19 25 71 10108 1 401880 71864 1.3 20 15 10 18 49%   0 78853 118 86%
c O 10.29 194 19 25 71 10108 1 401880 71864 1.3 20 15 10 18 49%   0 78853 118 86%
c - 10.36 195 19 25 72 10109 1 403881 68984 1.3 20 15 10 18 49%   0 78853 118 86%
c - 10.57 194 18 25 73 10114 1 412368 70820 1.3 19 14 10 17 48%   0 78853 118 86%
c - 10.78 195 18 25 74 10120 1 420918 71500 1.3 19 14 10 17 47%   0 78853 118 86%
c - 10.95 195 18 25 75 10122 1 429521 72338 1.3 19 14 10 17 47%   0 78853 118 86%
c - 11.13 194 18 25 76 10125 1 438181 72899 1.3 19 14 10 17 46%   0 78853 118 86%
c u 11.24 195 18 25 76 10126 1 439887 74069 1.3 19 14 10 17 46%   0 78853 118 86%
c v 11.30 195 18 25 76 10126 1 439887 71804 1.3 19 14 10 17 46%   0 78853 118 86%
c w 11.32 195 18 25 76 10126 1 439887 70640 1.3 19 14 10 17 46%   0 78853 118 86%
c - 11.50 194 18 25 77 10129 1 446898 71939 1.3 19 14 10 17 46%   0 78853 118 86%
c ] 11.51 194 17 26 77 10130 1 447360 72274 1.3 19 14 10 17 46%   0 78853 118 86%
c { 11.51 194 15 26 77 10130 1 447360 72274 1.5 16 11 9 13 42%   0 78853 118 86%
c - 11.73 195 15 26 78 10170 1 455673 75222 1.5 16 11 9 13 42%   0 78853 118 86%
c - 12.05 204 14 26 79 10514 1 464505 77541 1.5 16 11 9 13 42%   0 78853 118 86%
c - 12.32 213 14 26 80 10840 1 473394 80486 1.5 16 11 9 13 42%   0 78853 118 86%
c
c seconds    switched     rate          size/glue  tier1    binary       remaining
c         MB   reductions   conflicts         size   tier2     irredundant
c          level    restarts       redundant     glue    trail       variables
c
c o 12.45 212 14 26 80 10998 1 477768 83612 1.5 16 11 9 13 42%   0 78853 118 86%
c - 12.67 214 15 26 81 11437 1 482338 82310 1.5 16 11 9 13 42%   0 78853 118 86%
c } 12.90 212 14 27 81 11756 1 489579 87711 1.5 16 11 9 13 41%   0 78853 118 86%
c [ 12.90 212 17 27 81 11756 1 489579 87711 1.3 19 14 10 17 46%   0 78853 118 86%
c B 12.90 212 17 27 81 11756 1 489579 87711 1.3 19 14 10 17 46%   0 78853 118 86%
c - 12.96 214 18 27 82 11757 1 491339 83326 1.3 19 14 10 17 46%   0 78853 118 86%
c s 13.21 214 18 27 82 11761 1 496776 87438 1.3 19 14 10 17 46%   0 78845 118 86%
c u 13.50 215 18 27 82 11762 1 500129 89930 1.3 19 14 10 17 46%   0 78845 118 86%
c v 13.56 215 18 27 82 11762 1 500129 89885 1.3 19 14 10 17 46%   0 78845 118 86%
c w 13.59 216 18 27 82 11762 1 500129 89869 1.3 19 14 10 17 46%   0 78845 118 86%
c - 13.61 216 18 27 83 11762 1 500394 84105 1.3 19 14 10 17 46%   0 78845 118 86%
c - 13.85 215 18 27 84 11768 1 509504 84581 1.3 19 14 10 17 46%   0 78845 118 86%
c - 14.10 215 18 27 85 11770 1 518670 85327 1.3 19 14 10 17 46%   0 78845 118 86%
c - 14.32 215 18 27 86 11774 1 527889 86069 1.3 19 14 10 17 46%   0 78845 118 86%
c - 14.55 215 17 27 87 11779 1 537162 86116 1.3 19 14 10 17 47%   0 78845 118 86%
c ] 14.74 216 17 28 87 11784 1 544889 91921 1.3 19 14 10 17 47%   0 78845 118 86%
c { 14.74 216 14 28 87 11784 1 544889 91921 1.5 16 11 9 13 41%   0 78845 118 86%
c - 14.83 216 15 28 88 11935 1 546490 86853 1.5 16 11 9 13 41%   0 78845 118 86%
c - 15.26 215 15 28 89 12750 1 555870 88091 1.4 16 11 9 13 41%   0 78845 118 86%
c u 15.63 217 15 28 89 12920 1 564653 94514 1.4 16 11 9 13 41%   0 78845 118 86%
c
c seconds    switched     rate          size/glue  tier1    binary       remaining
c         MB   reductions   conflicts         size   tier2     irredundant
c          level    restarts       redundant     glue    trail       variables
c
c v 15.69 217 15 28 89 12920 1 564653 94443 1.4 16 11 9 13 41%   0 78845 118 86%
c w 15.72 217 15 28 89 12920 1 564653 94427 1.4 16 11 9 13 41%   0 78845 118 86%
c - 15.76 216 15 28 90 12950 1 565303 88753 1.4 16 11 9 13 41%   0 78845 118 86%
c - 16.10 218 14 28 91 13385 1 574790 89564 1.4 16 11 9 13 41%   0 78845 118 86%
c o 16.32 217 14 28 91 13483 1 581740 94649 1.5 16 11 9 13 41%   0 78845 118 86%
c - 16.47 218 14 28 92 13775 1 584330 90888 1.4 16 11 9 13 41%   0 78845 118 86%
c } 16.86 216 14 29 92 14297 1 593029 97187 1.4 16 11 9 13 41%   0 78845 118 86%
c [ 16.86 216 17 29 92 14297 1 593029 97187 1.3 19 14 10 17 47%   0 78845 118 86%
c W 16.87 217 17 29 92 14297 1 593029 97187 1.3 19 14 10 17 47%   0 78845 118 86%
c - 16.91 217 17 29 93 14297 1 593923 92118 1.3 19 14 10 17 47%   0 78845 118 86%
c - 17.14 217 17 29 94 14303 1 603566 92980 1.3 19 14 10 17 47%   0 78845 118 86%
c - 17.38 218 17 29 95 14309 1 613261 94423 1.3 19 14 10 17 46%   0 78845 118 86%
c - 17.62 217 17 29 96 14311 1 623009 95832 1.3 19 14 10 17 46%   0 78845 118 86%
c - 17.86 218 17 29 97 14317 1 632806 96160 1.3 19 14 10 17 47%   0 78845 118 86%
c u 17.97 218 17 29 97 14317 1 633514 96570 1.3 19 14 10 17 47%   0 78845 118 86%
c v 18.05 218 17 29 97 14317 1 633514 96211 1.3 19 14 10 17 47%   0 78845 118 86%
c w 18.08 218 17 29 97 14317 1 633514 95602 1.3 19 14 10 17 47%   0 78845 118 86%
c - 18.30 217 18 29 98 14322 1 642656 95515 1.3 19 14 10 17 47%   0 78845 118 86%
c s 18.59 217 18 29 98 14325 1 648468 99956 1.3 19 14 10 17 47%   0 78831 118 86%
c - 18.86 217 18 29 99 14326 1 652555 95473 1.3 19 14 10 17 47%   0 78831 118 86%
c
c seconds    switched     rate          size/glue  tier1     binary       remaining
c         MB   reductions   conflicts         size    tier2     irredundant
c          level    restarts       redundant     glue     trail       variables
c
c I 18.93 217 18 29 99 14326 1 655580 97695 1.3 19 14 10 17 47%   0 78831 118 86%
c - 19.09 218 18 29 100 14327 1 662504 95499 1.3 19 14 10 17 46%   0 78831 118 86%
c - 19.33 218 17 29 101 14327 1 672504 94829 1.3 19 14 10 17 46%   0 78831 118 86%
c ] 19.39 219 17 30 101 14327 1 674489 96259 1.3 19 14 10 17 46%   0 78831 118 86%
c { 19.39 219 14 30 101 14327 1 674489 96259 1.4 16 11 9 13 41%   0 78831 118 86%
c - 19.69 217 14 30 102 14652 1 682554 94421 1.4 16 11 9 13 41%   0 78831 118 86%
c - 20.17 217 15 30 103 15475 2 692655 94637 1.4 16 11 9 13 41%   0 78831 118 86%
c o 20.19 218 15 30 103 15477 2 693343 95160 1.4 16 11 9 13 41%   0 78831 118 86%
c - 20.55 217 15 30 104 15768 1 702804 96078 1.4 16 11 9 13 41%   0 78831 118 86%
c u 20.82 218 15 30 104 15905 1 706755 99113 1.4 16 11 9 13 41%   0 78831 118 86%
c v 20.89 218 15 30 104 15905 1 706755 98920 1.4 16 11 9 13 41%   0 78831 118 86%
c w 20.92 218 15 30 104 15905 1 706755 98896 1.4 16 11 9 13 41%   0 78831 118 86%
c - 21.57 219 15 30 105 16487 2 713002 97340 1.4 16 11 9 13 41%   0 78831 118 86%
c - 21.93 219 15 30 106 16897 1 723248 99195 1.4 16 11 9 13 40%   0 78831 118 86%
c } 22.11 219 14 31 106 17017 1 728923 103452 1.4 16 11 9 13 40%   0 78831 118 86%
c [ 22.11 219 17 31 106 17017 1 728923 103452 1.3 19 14 10 17 46%   0 78831 118 86%
c B 22.11 219 17 31 106 17017 1 728923 103452 1.3 19 14 10 17 46%   0 78831 118 86%
c - 22.23 220 17 31 107 17020 1 733544 99941 1.3 19 14 10 17 46%   0 78831 118 86%
c - 22.48 219 18 31 108 17026 1 743889 101036 1.4 19 14 10 17 46%   0 78831 118 86%
c - 22.73 219 18 31 109 17031 1 754281 100695 1.4 19 14 10 17 46%   0 78831 118 86%
c
c seconds    switched      rate          size/glue  tier1     binary       remaining
c         MB   reductions    conflicts         size    tier2     irredundant
c          level     restarts       redundant     glue     trail       variables
c
c - 22.99 219 18 31 110 17034 1 764723 99164 1.4 19 14 10 17 46%   0 78831 118 86%
c - 23.24 219 18 31 111 17039 1 775211 98051 1.4 19 14 9 17 46%   0 78831 118 86%
c u 23.55 220 18 31 111 17045 1 784430 104882 1.4 19 14 9 17 46%   0 78831 118 86%
c v 23.61 220 18 31 111 17045 1 784430 104647 1.4 19 14 9 17 46%   0 78831 118 86%
c w 23.63 220 18 31 111 17045 1 784430 104582 1.4 19 14 9 17 46%   0 78831 118 86%
c x 23.67 220 18 31 111 17045 1 784430 104582 1.4 19 14 9 17 46%   0 78831 118 86%
c - 23.73 221 18 31 112 17045 1 785747 97280 1.4 19 14 9 17 46%   0 78831 118 86%
c - 24.00 219 18 31 113 17047 1 796330 95920 1.4 19 14 9 17 46%   0 78831 118 86%
c W 24.15 219 18 31 113 17047 1 801900 99892 1.4 19 14 9 17 46%   0 78831 118 86%
c - 24.30 219 18 31 114 17047 1 806961 95714 1.4 19 14 9 17 46%   0 78831 118 86%
c - 24.52 219 18 31 115 17052 1 817639 96243 1.4 19 14 9 17 46%   0 78831 118 86%
c ] 24.61 220 18 32 115 17054 1 821202 98812 1.4 19 14 9 17 46%   0 78831 118 86%
c { 24.61 220 14 32 115 17054 1 821202 98812 1.4 16 11 9 13 40%   0 78831 118 86%
c o 24.62 220 14 32 115 17083 1 821351 98944 1.4 16 11 9 13 40%   0 78831 118 86%
c s 25.00 220 14 32 115 17366 1 826059 102555 1.4 16 11 9 13 40%   0 78828 118 86%
c - 25.32 219 15 32 116 17554 2 828363 96938 1.4 16 11 9 13 40%   0 78828 118 86%
c - 25.86 220 15 32 117 18324 2 839134 98440 1.4 16 11 9 13 40%   0 78828 118 86%
c - 26.29 220 15 32 118 18777 2 849951 99753 1.4 16 11 9 13 40%   0 78828 118 86%
c - 26.71 219 15 32 119 19168 2 860814 101501 1.4 16 11 9 13 40%   0 78828 118 86%
c u 27.12 220 15 32 119 19575 2 866588 105985 1.4 16 11 9 13 40%   0 78828 118 86%
c
c seconds    switched      rate           size/glue  tier1    binary       remaining
c         MB   reductions    conflicts          size   tier2     irredundant
c          level     restarts       redundant      glue    trail       variables
c
c v 27.22 220 15 32 119 19575 2 866588 105749 1.4 16 11 9 13 40%   0 78828 118 86%
c w 27.25 220 15 32 119 19575 2 866588 105727 1.4 16 11 9 13 40%   0 78828 118 86%
c - 27.51 220 15 32 120 19925 2 871722 103248 1.4 16 11 9 13 40%   0 78828 118 86%
c } 27.95 220 15 33 120 20494 2 882307 111516 1.4 16 11 9 13 40%   0 78828 118 86%
c [ 27.95 220 18 33 120 20494 1 882307 111516 1.4 19 14 9 17 46%   0 78828 118 86%
c O 27.95 220 18 33 120 20494 1 882307 111516 1.4 19 14 9 17 46%   0 78828 118 86%
c - 27.98 220 18 33 121 20494 1 882676 104242 1.4 19 14 9 17 46%   0 78828 118 86%
c - 28.32 220 17 33 122 20500 1 893678 104480 1.4 19 14 9 17 46%   0 78828 118 86%
c - 28.66 220 17 33 123 20507 1 904723 104477 1.4 18 13 9 17 45%   0 78828 118 86%
c - 29.02 220 16 33 124 20509 1 915813 103961 1.4 18 13 9 17 44%   0 78828 118 86%
c - 29.37 220 16 33 125 20515 1 926949 104547 1.4 17 13 9 17 44%   0 78828 118 86%
c - 29.67 220 16 33 126 20522 1 938130 106750 1.4 17 13 9 17 43%   0 78828 118 86%
c - 30.00 220 16 33 127 20524 1 949356 109893 1.4 17 13 9 16 43%   0 78828 118 86%
c u 30.23 221 16 33 127 20524 1 953280 110619 1.4 17 13 9 16 43%   0 78828 118 86%
c v 30.34 221 16 33 127 20524 1 953280 107483 1.4 17 13 9 16 43%   0 78828 118 86%
c w 30.37 221 16 33 127 20524 1 953280 106708 1.4 17 13 9 16 43%   0 78828 118 86%
c o 30.38 221 16 33 127 20524 1 953280 106708 1.4 17 13 9 16 43%   0 78828 118 86%
c - 30.54 220 16 33 128 20524 1 960625 106423 1.4 17 13 9 16 43%   0 78828 118 86%
c B 30.67 220 16 33 128 20526 1 966345 110817 1.4 17 13 9 16 43%   0 78828 118 86%
c - 30.81 220 16 33 129 20530 1 971938 109950 1.4 18 13 9 16 43%   0 78828 118 86%
c
c seconds    switched      rate           size/glue  tier1    binary       remaining
c         MB   reductions    conflicts          size   tier2     irredundant
c          level     restarts       redundant      glue    trail       variables
c
c ] 30.85 220 16 34 129 20531 1 973446 111128 1.4 18 13 9 16 43%   0 78828 118 86%
c { 30.85 220 15 34 129 20531 2 973446 111128 1.4 16 11 9 13 40%   0 78828 118 86%
c - 31.26 221 15 34 130 20923 1 983296 113243 1.4 16 11 9 13 40%   0 78828 118 86%
c - 31.77 221 15 34 131 21266 1 994697 115024 1.4 16 11 9 13 40%   0 78828 118 86%
c - 32.41 221 15 34 132 21716 1 1006142 115989 1.4 16 11 9 13 40%   0 78828 118 86%
c - 32.93 221 14 34 133 22136 1 1017632 116056 1.4 16 11 9 13 40%   0 78828 118 86%
c - 33.40 221 14 34 134 22388 1 1029164 115872 1.4 16 11 9 13 40%   0 78828 118 86%
c - 33.87 221 14 34 135 22459 1 1040739 114818 1.4 15 11 9 13 40%   0 78828 118 86%
c } 33.91 221 14 35 135 22459 1 1041592 115369 1.4 15 11 9 13 40%   0 78828 118 86%
c [ 33.91 221 16 35 135 22459 1 1041592 115369 1.4 18 13 9 16 43%   0 78828 118 86%
c u 34.16 221 16 35 135 22461 1 1044557 113748 1.4 17 13 9 16 43%   0 78828 118 86%
c v 34.30 221 16 35 135 22461 1 1044557 109263 1.4 17 13 9 16 43%   0 78828 118 86%
c w 34.35 222 16 35 135 22461 1 1044557 108848 1.4 17 13 9 16 43%   0 78828 118 86%
c - 34.56 221 16 35 136 22465 1 1052359 107080 1.4 17 13 9 16 43%   0 78828 118 86%
c W 34.68 221 16 35 136 22468 1 1056146 109964 1.4 18 13 9 16 44%   0 78828 118 86%
c - 34.89 221 16 35 137 22472 1 1064020 109185 1.4 18 13 9 16 44%   0 78828 118 86%
c - 35.20 221 16 35 138 22475 1 1075724 110749 1.4 18 13 9 16 44%   0 78828 118 86%
c - 35.51 221 16 35 139 22481 1 1087472 111790 1.4 18 13 9 16 45%   0 78828 118 86%
c - 35.81 221 16 35 140 22487 1 1099262 112187 1.4 18 13 9 16 45%   0 78828 118 86%
c s 36.43 221 16 35 140 22489 1 1109169 118724 1.4 18 13 9 16 45%   0 78823 118 86%
c
c seconds    switched      rate            size/glue  tier1    binary       remaining
c         MB   reductions     conflicts          size   tier2     irredundant
c          level     restarts        redundant      glue    trail       variables
c
c s 36.82 221 16 35 140 22489 1 1109169 118724 1.4 18 13 9 16 45%   0 78822 118 86%
c o 36.83 221 16 35 140 22489 1 1109169 118724 1.4 18 13 9 16 45%   0 78822 118 86%
c - 36.89 222 16 35 141 22489 1 1111096 112675 1.4 18 13 9 16 45%   0 78822 118 86%
c - 37.22 221 16 35 142 22489 1 1122973 113614 1.4 18 13 9 16 45%   0 78822 118 86%
c - 37.54 221 16 35 143 22496 1 1134889 114817 1.4 18 13 9 16 45%   0 78822 118 86%
c u 37.82 221 16 35 143 22499 1 1140441 118623 1.4 18 13 9 16 45%   0 78822 118 86%
c v 37.92 221 16 35 143 22499 1 1140441 118324 1.4 18 13 9 16 45%   0 78822 118 86%
c w 37.96 221 16 35 143 22499 1 1140441 118165 1.4 18 13 9 16 45%   0 78822 118 86%
c - 38.15 221 16 35 144 22503 1 1146847 115798 1.4 18 13 9 16 45%   0 78822 118 86%
c I 38.30 221 16 35 144 22504 1 1151863 119258 1.4 18 13 9 16 45%   0 78822 118 86%
c - 38.54 222 16 35 145 22506 1 1158847 117238 1.4 18 13 9 16 45%   0 78822 118 86%
c ] 38.70 222 16 36 145 22510 1 1164143 121153 1.4 18 13 9 16 45%   0 78822 118 86%
c { 38.70 222 14 36 145 22510 1 1164143 121153 1.4 15 11 9 13 40%   0 78822 118 86%
c - 38.99 218 14 36 146 22779 1 1170888 118591 1.4 15 11 9 13 40%   0 78822 118 86%
c - 39.69 222 14 36 147 23693 1 1182972 119598 1.4 15 11 9 13 40%   0 78822 118 86%
c - 40.13 221 14 36 148 24058 1 1195096 120224 1.4 15 11 9 13 40%   0 78822 118 86%
c - 40.64 221 14 36 149 24694 1 1207262 120255 1.4 16 11 9 13 40%   0 78822 118 86%
c - 41.06 221 14 36 150 24948 1 1219469 121669 1.4 16 11 9 13 40%   0 78822 118 86%
c - 41.63 221 14 36 151 25490 1 1231717 122651 1.4 16 11 9 13 40%   0 78822 118 86%
c } 42.07 220 14 37 151 26047 1 1239699 128766 1.4 16 11 9 13 40%   0 78822 118 86%
c
c seconds    switched      rate            size/glue  tier1    binary       remaining
c         MB   reductions     conflicts          size   tier2     irredundant
c          level     restarts        redundant      glue    trail       variables
c
c [ 42.07 220 16 37 151 26047 1 1239699 128766 1.4 18 13 9 16 45%   0 78822 118 86%
c u 42.28 232 16 37 151 26048 1 1240984 129216 1.4 18 13 9 16 45%   0 78822 118 86%
c v 42.42 233 16 37 151 26048 1 1240984 129028 1.4 18 13 9 16 45%   0 78822 118 86%
c w 42.47 234 16 37 151 26048 1 1240984 128953 1.4 18 13 9 16 45%   0 78822 118 86%
c - 42.58 222 16 37 152 26050 1 1244005 122704 1.4 18 13 9 16 45%   0 78822 118 86%
c B 42.83 222 16 37 152 26055 1 1253641 129836 1.4 18 13 9 16 45%   0 78822 118 86%
c - 42.92 222 17 37 153 26057 1 1256334 122747 1.4 18 13 9 16 45%   0 78822 118 86%
c - 43.31 223 17 37 154 26061 1 1268705 122329 1.4 18 13 9 16 45%   0 78822 118 86%
c - 43.67 222 17 37 155 26068 1 1281114 122753 1.4 18 13 9 16 45%   0 78822 118 86%
c - 44.04 222 17 37 156 26075 1 1293563 122264 1.4 18 13 9 16 45%   0 78822 118 86%
c - 44.39 223 17 37 157 26077 1 1306052 122094 1.4 18 13 9 16 45%   0 78822 118 86%
c - 44.74 222 17 37 158 26077 1 1318581 121927 1.4 18 13 9 16 45%   0 78822 118 86%
c - 45.08 222 17 37 159 26084 1 1331151 123417 1.4 18 13 9 16 45%   0 78822 118 86%
c s 45.47 222 17 37 159 26090 1 1342342 132133 1.4 18 13 9 16 45%   0 78810 118 86%
c o 45.47 222 17 37 159 26090 1 1342342 132133 1.4 18 13 9 16 45%   0 78810 118 86%
c - 45.53 222 17 37 160 26091 1 1343761 124317 1.4 19 13 9 16 45%   0 78810 118 86%
c u 45.72 223 17 37 160 26091 1 1346238 126109 1.4 19 13 9 16 45%   0 78810 118 86%
c v 45.82 223 17 37 160 26091 1 1346238 125826 1.4 19 13 9 16 45%   0 78810 118 86%
c w 45.86 223 17 37 160 26091 1 1346238 125560 1.4 19 13 9 16 45%   0 78810 118 86%
c - 46.55 226 17 37 161 26093 1 1356410 122978 1.4 19 14 9 16 45%   0 78810 118 86%
c
c seconds    switched      rate            size/glue  tier1    binary       remaining
c         MB   reductions     conflicts          size   tier2     irredundant
c          level     restarts        redundant      glue    trail       variables
c
c ] 46.65 226 17 38 161 26097 1 1361494 126725 1.4 19 14 9 16 45%   0 78810 118 86%
c { 46.66 226 14 38 161 26097 1 1361494 126725 1.4 16 11 9 13 40%   0 78810 118 86%
c - 46.92 226 14 38 162 26163 1 1369098 122455 1.4 15 11 9 13 40%   0 78810 118 86%
c - 47.37 226 14 38 163 26402 1 1381825 123475 1.4 15 11 9 13 41%   0 78810 118 86%
c - 47.87 227 14 38 164 26930 1 1394592 125126 1.4 16 11 9 13 41%   0 78810 118 86%
c - 48.32 226 14 38 165 26970 1 1407398 127343 1.4 16 11 9 13 41%   0 78810 118 86%
c - 48.82 227 14 38 166 27069 1 1420244 127714 1.5 16 11 9 13 41%   0 78810 118 86%
c - 49.31 226 14 38 167 27238 1 1433129 128947 1.5 16 11 9 13 42%   0 78810 118 86%
c } 49.73 226 14 39 167 27492 1 1444828 137994 1.5 16 11 9 13 42%   0 78810 118 86%
c [ 49.73 226 17 39 167 27492 1 1444828 137994 1.4 19 14 9 16 45%   0 78810 118 86%
c W 49.74 226 17 39 167 27492 1 1444828 137994 1.4 19 14 9 16 45%   0 78810 118 86%
c - 49.80 226 17 39 168 27493 1 1446052 132015 1.4 19 14 9 16 45%   0 78810 118 86%
c u 50.23 233 17 39 168 27498 1 1456201 138580 1.4 19 14 9 16 44%   0 78810 118 86%
c v 50.33 236 17 39 168 27498 1 1456201 137956 1.4 19 14 9 16 44%   0 78810 118 86%
c w 50.37 236 17 39 168 27498 1 1456201 137879 1.4 19 14 9 16 44%   0 78810 118 86%
c - 50.54 226 17 39 169 27500 1 1459013 132313 1.4 18 14 9 16 44%   0 78810 118 86%
c - 50.91 227 17 39 170 27506 1 1472013 134050 1.4 18 13 9 16 44%   0 78810 118 86%
c - 51.27 227 17 39 171 27512 1 1485051 135817 1.4 18 13 9 16 44%   0 78810 118 86%
c - 51.67 227 17 39 172 27519 1 1498128 135970 1.4 18 13 9 16 44%   0 78810 118 86%
c - 52.07 227 17 39 173 27522 1 1511243 135967 1.4 18 13 9 16 43%   0 78810 118 86%
c
c seconds    switched      rate            size/glue  tier1    binary       remaining
c         MB   reductions     conflicts          size   tier2     irredundant
c          level     restarts        redundant      glue    trail       variables
c
c - 52.48 227 16 39 174 27522 1 1524398 136698 1.4 18 13 9 16 44%   0 78810 118 86%
c - 52.88 227 16 39 175 27529 1 1537590 136587 1.4 17 13 9 16 43%   0 78810 118 86%
c ] 53.23 226 16 40 175 27536 1 1548892 144388 1.4 17 13 9 16 44%   0 78810 118 86%
c { 53.23 226 14 40 175 27536 1 1548892 144388 1.5 16 11 9 13 42%   0 78810 118 86%
c o 53.23 227 14 40 175 27551 1 1548965 144458 1.5 16 11 9 13 42%   0 78810 118 86%
c - 53.40 227 14 40 176 27829 1 1550821 136649 1.5 16 11 9 13 42%   0 78810 118 86%
c - 54.16 227 14 40 177 28653 1 1564088 137944 1.5 16 11 9 13 42%   0 78810 118 86%
c u 54.67 242 14 40 177 28907 1 1570947 142840 1.5 16 11 9 13 42%   0 78810 118 86%
c v 54.81 243 14 40 177 28907 1 1570947 142206 1.5 16 11 9 13 42%   0 78810 118 86%
c w 54.87 243 14 40 177 28907 1 1570947 141810 1.5 16 11 9 13 42%   0 78810 118 86%
c - 55.27 227 14 40 178 29461 1 1577393 137772 1.5 16 11 9 13 42%   0 78810 118 86%
c - 56.07 227 14 40 179 30333 1 1590735 119589 1.4 16 11 8 13 42%   0 78810 118 86%
c - 56.73 227 14 40 180 30993 1 1604115 114165 1.4 16 11 8 13 41%   0 78810 118 86%
c s 56.78 227 14 40 180 31048 1 1605072 114899 1.4 16 11 8 13 41%   0 78799 118 86%
c - 57.43 228 14 40 181 32092 1 1617531 112693 1.4 16 11 8 13 41%   0 78799 118 86%
c - 57.95 227 14 40 182 32406 1 1630985 112482 1.4 16 11 8 13 41%   0 78799 118 86%
c } 58.33 226 14 41 182 32707 1 1640364 119153 1.4 16 11 8 13 41%   0 78799 118 86%
c [ 58.34 226 16 41 182 32707 1 1640364 119153 1.4 17 13 9 16 44%   0 78799 118 86%
c O 58.34 226 16 41 182 32707 1 1640364 119153 1.4 17 13 9 16 44%   0 78799 118 86%
c - 58.47 227 16 41 183 32709 1 1644476 112699 1.4 17 13 9 16 43%   0 78799 118 86%
c
c seconds    switched      rate            size/glue  tier1    binary       remaining
c         MB   reductions     conflicts          size   tier2     irredundant
c          level     restarts        redundant      glue    trail       variables
c
c - 58.88 227 16 41 184 32718 1 1658003 114169 1.4 17 12 9 16 43%   0 78799 118 86%
c - 59.29 227 15 41 185 32721 1 1671568 116989 1.4 17 12 9 16 43%   0 78799 118 86%
c - 59.70 227 15 41 186 32728 1 1685170 119112 1.4 17 12 9 16 42%   0 78799 118 86%
c u 60.05 236 15 41 186 32732 1 1690502 121775 1.4 16 12 9 16 42%   0 78799 118 86%
c v 60.22 237 15 41 186 32732 1 1690502 119101 1.4 16 12 9 16 42%   0 78799 118 86%
c w 60.28 238 15 41 186 32732 1 1690502 118308 1.4 16 12 9 16 42%   0 78799 118 86%
c - 60.55 227 15 41 187 32736 1 1698808 117539 1.4 16 12 9 16 42%   0 78799 118 86%
c - 60.94 228 15 41 188 32737 1 1712483 121000 1.4 16 12 9 16 42%   0 78799 118 86%
c - 61.34 227 15 41 189 32740 1 1726196 122392 1.4 16 12 9 16 41%   0 78799 118 86%
c - 61.74 227 15 41 190 32748 1 1739943 122746 1.4 16 12 9 16 41%   0 78799 118 86%
c - 62.18 227 15 41 191 32752 1 1753729 123859 1.4 16 12 9 16 41%   0 78799 118 86%
c B 62.39 227 14 41 191 32757 1 1761198 128779 1.4 16 12 9 16 42%   0 78799 118 86%
c o 62.39 227 14 41 191 32757 1 1761198 128779 1.4 16 12 9 16 42%   0 78799 118 86%
c - 62.65 227 15 41 192 32759 1 1767549 125362 1.4 16 12 9 16 42%   0 78799 118 86%
c - 63.04 227 15 41 193 32767 1 1781406 126824 1.4 16 12 9 16 42%   0 78799 118 86%
c ] 63.35 227 15 42 193 32768 1 1792467 135193 1.4 17 12 9 16 43%   0 78799 118 86%
c { 63.35 227 14 42 193 32768 1 1792467 135193 1.4 16 11 8 13 41%   0 78799 118 86%
c - 63.55 227 14 42 194 32981 1 1795298 126172 1.4 16 11 8 13 41%   0 78799 118 86%
c - 64.20 227 14 42 195 33618 1 1809226 125524 1.4 15 11 8 13 41%   0 78799 118 86%
c u 64.62 238 14 42 195 33890 1 1814894 129398 1.4 15 11 8 13 41%   0 78799 118 86%
c
c seconds    switched      rate            size/glue  tier1    binary       remaining
c         MB   reductions     conflicts          size   tier2     irredundant
c          level     restarts        redundant      glue    trail       variables
c
c v 64.76 239 14 42 195 33890 1 1814894 129207 1.4 15 11 8 13 41%   0 78799 118 86%
c w 64.81 239 14 42 195 33890 1 1814894 129158 1.4 15 11 8 13 41%   0 78799 118 86%
c - 65.26 227 14 42 196 34326 1 1823190 125067 1.4 15 11 8 13 41%   0 78799 118 86%
c - 65.80 228 14 42 197 34764 1 1837191 124823 1.4 15 11 8 13 40%   0 78799 118 86%
c - 66.59 227 14 42 198 35690 1 1851226 125761 1.4 15 11 8 13 40%   0 78799 118 86%
c - 67.07 227 14 42 199 35794 1 1865298 125814 1.4 15 11 8 13 40%   0 78799 118 86%
c - 67.74 227 14 42 200 36508 1 1879404 127473 1.4 15 11 8 13 40%   0 78799 118 86%
c } 68.47 226 14 43 200 37312 1 1892440 137633 1.4 15 11 8 13 40%   0 78799 118 86%
c [ 68.47 226 15 43 200 37312 1 1892440 137633 1.4 17 12 9 16 43%   0 78799 118 86%
c W 68.50 227 15 43 200 37312 1 1892440 137633 1.4 17 12 9 16 43%   0 78799 118 86%
c - 68.56 227 15 43 201 37313 1 1893547 131243 1.4 17 12 9 16 43%   0 78799 118 86%
c s 68.71 227 15 43 201 37316 1 1898460 134767 1.4 17 12 9 16 43%   0 78751 118 86%
c - 69.00 228 15 43 202 37321 1 1907727 133417 1.4 17 12 9 16 43%   0 78751 118 86%
c - 69.41 228 15 43 203 37326 1 1921939 134755 1.4 17 12 9 16 43%   0 78751 118 86%
c - 69.84 228 15 43 204 37333 1 1936186 136806 1.4 17 12 9 16 43%   0 78751 118 86%
c u 70.27 240 15 43 204 37339 1 1944143 142311 1.4 17 12 9 16 42%   0 78751 118 86%
c v 70.45 240 15 43 204 37339 1 1944143 139973 1.4 17 12 9 16 42%   0 78751 118 86%
c w 70.52 240 15 43 204 37339 1 1944143 138470 1.4 17 12 9 16 42%   0 78751 118 86%
c o 70.53 240 15 43 204 37339 1 1944143 138470 1.4 17 12 9 16 42%   0 78751 118 86%
c - 70.69 227 15 43 205 37341 1 1950470 134690 1.4 17 12 9 16 43%   0 78751 118 86%
c
c seconds    switched      rate            size/glue  tier1    binary       remaining
c         MB   reductions     conflicts          size   tier2     irredundant
c          level     restarts        redundant      glue    trail       variables
c
c - 71.06 227 16 43 206 37342 1 1964787 133941 1.4 17 13 9 16 44%   0 78751 118 86%
c - 71.47 227 16 43 207 37346 1 1979140 133085 1.4 17 13 9 16 44%   0 78751 118 86%
c - 71.85 227 16 43 208 37354 1 1993527 131768 1.3 17 13 9 16 44%   0 78751 118 86%
c - 72.26 227 16 43 209 37357 1 2007952 130366 1.3 17 13 9 16 44%   0 78751 118 86%
c - 72.69 227 16 43 210 37366 1 2022409 129656 1.3 17 13 9 16 44%   0 78751 118 86%
c I 72.82 228 16 43 210 37370 1 2026680 132513 1.3 17 13 9 16 44%   0 78751 118 86%
c - 73.14 228 16 43 211 37372 1 2036900 129218 1.3 17 13 9 16 44%   0 78751 118 86%
c - 73.57 228 16 43 212 37373 1 2051425 129558 1.3 17 13 9 16 44%   0 78751 118 86%
c ] 73.77 228 15 44 212 37374 1 2058517 134037 1.3 17 12 9 16 44%   0 78751 118 86%
c { 73.77 228 14 44 212 37374 1 2058517 134037 1.4 15 11 8 13 40%   0 78751 118 86%
c - 74.19 227 14 44 213 38007 1 2065985 129190 1.4 15 11 8 13 40%   0 78751 118 86%
c u 75.05 236 14 44 213 39028 1 2078303 138328 1.4 15 11 8 13 40%   0 78751 118 86%
c v 75.20 238 14 44 213 39028 1 2078303 138060 1.4 15 11 8 13 40%   0 78751 118 86%
c w 75.25 238 14 44 213 39028 1 2078303 138033 1.4 15 11 8 13 40%   0 78751 118 86%
c - 75.39 228 14 44 214 39145 1 2080581 128629 1.4 15 11 8 13 40%   0 78751 118 86%
c - 76.08 228 14 44 215 39915 1 2095209 129571 1.4 15 11 8 13 40%   0 78751 118 86%
c - 76.89 227 14 44 216 40880 1 2109871 130850 1.4 15 11 8 13 40%   0 78751 118 86%
c - 77.37 227 14 44 217 41052 1 2124567 130569 1.4 15 11 8 13 41%   0 78751 118 86%
c o 77.73 227 14 44 217 41233 1 2134296 136598 1.4 15 11 8 13 41%   0 78751 118 86%
c - 78.00 227 14 44 218 41375 1 2139298 129967 1.4 15 11 8 13 41%   0 78751 118 86%
c
c seconds    switched      rate            size/glue  tier1    binary       remaining
c         MB   reductions     conflicts          size   tier2     irredundant
c          level     restarts        redundant      glue    trail       variables
c
c - 78.78 227 14 44 219 42281 1 2154062 133049 1.4 15 11 8 13 40%   0 78751 118 86%
c } 79.42 227 14 45 219 43118 1 2167349 143379 1.4 15 11 8 13 40%   0 78751 118 86%
c [ 79.42 227 15 45 219 43118 1 2167349 143379 1.3 17 12 9 16 44%   0 78751 118 86%
c B 79.45 227 15 45 219 43118 1 2167828 143689 1.3 17 12 9 16 44%   0 78751 118 86%
c - 79.50 227 15 45 220 43119 1 2168861 136729 1.3 17 12 9 16 44%   0 78751 118 86%
c - 79.94 227 16 45 221 43127 1 2183693 137136 1.3 17 13 9 16 43%   0 78751 118 86%
c - 80.35 227 16 45 222 43132 1 2198560 136492 1.3 17 13 9 16 43%   0 78751 118 86%
c - 80.76 227 16 45 223 43140 1 2213461 136635 1.3 17 13 9 16 43%   0 78751 118 86%
c u 81.07 239 16 45 223 43143 1 2217397 138887 1.3 17 13 9 16 43%   0 78751 118 86%
c v 81.27 239 16 45 223 43143 1 2217397 134051 1.3 17 13 9 16 43%   0 78751 118 86%
c w 81.35 239 16 45 223 43143 1 2217397 132301 1.3 17 13 9 16 43%   0 78751 118 86%
c - 81.72 228 16 45 224 43147 1 2228394 132204 1.4 17 13 8 16 43%   0 78751 118 86%
c - 82.24 227 15 45 225 43148 1 2243360 136012 1.4 17 12 8 15 43%   0 78751 118 86%
c - 82.69 227 15 45 226 43155 1 2258360 136953 1.4 17 12 8 15 42%   0 78751 118 86%
c - 83.18 228 15 45 227 43162 1 2273394 136808 1.4 17 12 8 15 42%   0 78751 118 86%
c - 83.69 227 15 45 228 43168 1 2288461 135732 1.4 16 12 8 15 42%   0 78751 118 86%
c - 84.13 227 15 45 229 43176 1 2303561 135263 1.4 16 12 8 15 42%   0 78751 118 86%
c W 84.50 227 14 45 229 43179 1 2316016 143660 1.4 16 12 8 15 42%   0 78751 118 86%
c - 84.60 227 14 45 230 43179 1 2318693 134711 1.4 16 12 8 15 42%   0 78751 118 86%
c - 85.04 227 15 45 231 43180 1 2333859 133196 1.4 16 12 8 15 42%   0 78751 118 86%
c
c seconds    switched      rate            size/glue  tier1    binary       remaining
c         MB   reductions     conflicts          size   tier2     irredundant
c          level     restarts        redundant      glue    trail       variables
c
c ] 85.13 228 15 46 231 43180 1 2337174 135676 1.4 17 12 8 15 42%   0 78751 118 86%
c { 85.13 228 14 46 231 43180 1 2337174 135676 1.4 15 11 8 13 40%   0 78751 118 86%
c o 85.14 227 14 46 231 43208 1 2337354 135812 1.4 15 11 8 13 40%   0 78751 118 86%
c - 85.71 227 14 46 232 43780 1 2349057 132430 1.4 15 11 8 13 40%   0 78751 118 86%
c u 86.56 238 14 46 232 44391 1 2361476 140343 1.4 15 11 8 13 40%   0 78751 118 86%
c v 86.74 240 14 46 232 44391 1 2361476 139943 1.4 15 11 8 13 40%   0 78751 118 86%
c w 86.80 240 14 46 232 44391 1 2361476 139843 1.4 15 11 8 13 40%   0 78751 118 86%
c - 87.85 227 14 46 233 44455 1 2364288 132020 1.4 15 11 8 13 40%   0 78751 118 86%
c - 88.49 227 14 46 234 44919 1 2379553 133517 1.4 15 11 8 13 40%   0 78751 118 86%
c - 89.34 228 14 46 235 45922 1 2394851 135902 1.4 15 11 8 13 40%   0 78751 118 86%
c - 90.07 227 14 46 236 46742 1 2410180 139207 1.4 15 11 8 13 40%   0 78751 118 86%
c - 91.04 237 14 46 237 47690 1 2425543 142372 1.4 15 11 8 13 40%   0 78751 118 86%
c - 91.92 237 14 46 238 48880 1 2440938 145658 1.4 15 11 8 13 41%   0 78751 118 86%
c } 92.63 237 14 47 238 49455 1 2455220 156054 1.4 15 11 8 13 41%   0 78751 118 86%
c [ 92.63 237 15 47 238 49455 1 2455220 156054 1.4 17 12 8 15 42%   0 78751 118 86%
c - 92.70 238 15 47 239 49456 1 2456365 148568 1.4 16 12 8 15 42%   0 78751 118 86%
c O 93.08 238 15 47 239 49464 1 2471377 159395 1.4 17 12 8 15 42%   0 78751 118 86%
c - 93.13 238 15 47 240 49465 1 2471825 150074 1.4 17 12 8 15 42%   0 78751 118 86%
c - 93.64 238 15 47 241 49469 1 2487316 151481 1.4 16 12 8 15 42%   0 78751 118 86%
c - 94.16 239 15 47 242 49479 1 2502840 152595 1.4 16 12 8 15 42%   0 78751 118 86%
c
c seconds    switched      rate            size/glue  tier1    binary       remaining
c         MB   reductions     conflicts          size   tier2     irredundant
c          level     restarts        redundant      glue    trail       variables
c
c u 94.62 255 15 47 242 49483 1 2510539 156130 1.4 16 12 8 15 42%   0 78751 118 86%
c v 94.79 255 15 47 242 49483 1 2510539 151171 1.4 16 12 8 15 42%   0 78751 118 86%
c w 94.85 255 15 47 242 49483 1 2510539 149609 1.4 16 12 8 15 42%   0 78751 118 86%
c x 94.96 256 15 47 242 49483 1 2510539 149599 1.4 16 12 8 15 42%   0 78164 118 86%
c - 95.26 250 14 47 243 49484 1 2518397 148026 1.4 16 12 8 15 42%   0 78164 118 86%
c - 95.78 250 14 47 244 49485 1 2533986 151432 1.4 16 12 8 15 41%   0 78164 118 86%
c - 96.31 250 14 47 245 49492 1 2549608 154106 1.4 16 11 8 15 41%   0 78164 118 86%
c - 96.77 250 14 47 246 49500 1 2565260 155222 1.4 16 11 8 15 41%   0 78164 118 86%
c - 97.31 250 14 47 247 49507 1 2580945 156430 1.4 16 11 8 15 41%   0 78164 118 86%
c s 97.38 250 14 47 247 49507 1 2581454 156777 1.4 16 11 8 15 41%   0 77985 118 86%
c o 97.38 250 14 47 247 49507 1 2581454 156777 1.4 16 11 8 15 41%   0 77985 118 86%
c - 97.81 251 14 47 248 49515 1 2596661 154779 1.4 16 12 8 15 41%   0 77985 118 86%
c - 98.29 251 15 47 249 49516 1 2612409 152603 1.4 16 12 8 15 42%   0 77985 118 86%
c - 98.75 250 15 47 250 49517 1 2628188 151114 1.4 17 12 8 15 42%   0 77985 118 86%
c B 98.90 250 15 47 250 49517 1 2634041 155349 1.4 17 12 8 15 42%   0 77985 118 86%
c - 99.25 251 15 47 251 49517 1 2644000 149861 1.4 17 12 8 15 42%   0 77985 118 86%
c ] 99.34 251 15 48 251 49517 1 2646867 152014 1.4 17 12 8 15 42%   0 77985 118 86%
c { 99.34 251 14 48 251 49517 1 2646867 152014 1.4 15 11 8 13 41%   0 77985 118 86%
c - 99.89 250 14 48 252 49816 1 2659842 150980 1.4 15 11 8 13 41%   0 77985 118 86%
c u 100.35 264 14 48 252 50033 1 2664656 154047 1.4 15 11 8 13 41%   0 77985 118 86%
c
c seconds     switched      rate            size/glue  tier1    binary       remaining
c          MB   reductions     conflicts          size   tier2     irredundant
c           level     restarts        redundant      glue    trail       variables
c
c v 100.54 266 14 48 252 50033 1 2664656 152839 1.4 15 11 8 13 41%   0 77985 118 86%
c w 100.60 266 14 48 252 50033 1 2664656 152355 1.4 15 11 8 13 41%   0 77985 118 86%
c - 101.19 250 14 48 253 50465 1 2675716 152216 1.4 15 11 8 13 41%   0 77985 118 86%
c - 101.88 250 14 48 254 51135 1 2691623 155310 1.4 15 10 8 13 41%   0 77985 118 86%
c - 102.94 250 14 48 255 52199 1 2707562 158516 1.4 15 11 8 13 41%   0 77985 118 86%
c - 103.80 251 14 48 256 52890 1 2723531 161274 1.4 15 10 8 13 41%   0 77985 118 86%
c - 104.93 250 14 48 257 54205 1 2739532 163956 1.4 15 11 8 13 41%   0 77985 118 86%
c - 105.78 251 14 48 258 54945 1 2755564 166272 1.4 15 11 8 13 40%   0 77985 118 86%
c - 106.32 251 13 48 259 55091 1 2771627 166159 1.4 15 10 8 13 40%   0 77985 118 86%
c } 106.40 249 13 49 259 55156 1 2774478 168095 1.4 15 10 8 13 41%   0 77985 118 86%
c [ 106.40 249 15 49 259 55156 1 2774478 168095 1.4 17 12 8 15 42%   0 77985 118 86%
c - 106.85 267 15 49 260 55163 1 2787721 167118 1.4 17 12 8 15 42%   0 77985 118 86%
c - 107.45 267 15 49 261 55170 1 2803845 170112 1.4 17 12 8 15 42%   0 77985 118 86%
c W 107.48 264 15 49 261 55170 1 2804135 170300 1.4 17 12 8 15 42%   0 77985 118 86%
c o 107.48 267 15 49 261 55170 1 2804135 170300 1.4 17 12 8 15 42%   0 77985 118 86%
c - 108.03 268 15 49 262 55178 1 2820000 172591 1.4 16 12 8 15 42%   0 77985 118 86%
c u 108.46 288 15 49 262 55180 1 2823815 174801 1.4 16 12 8 15 42%   0 77985 118 86%
c v 108.73 288 15 49 262 55180 1 2823815 173691 1.4 16 12 8 15 42%   0 77985 118 86%
c w 108.83 288 15 49 262 55180 1 2823815 173164 1.4 16 12 8 15 42%   0 77985 118 86%
c - 109.25 267 15 49 263 55185 1 2836187 173164 1.4 16 12 8 15 42%   0 77985 118 86%
c
c seconds     switched      rate            size/glue  tier1    binary       remaining
c          MB   reductions     conflicts          size   tier2     irredundant
c           level     restarts        redundant      glue    trail       variables
c
c - 109.75 268 15 49 264 55186 1 2852405 174485 1.4 16 12 8 15 42%   0 77985 118 86%
c - 110.30 268 14 49 265 55193 1 2868653 174430 1.4 16 12 8 15 42%   0 77985 118 86%
c - 110.83 268 14 49 266 55201 1 2884932 174045 1.4 16 11 8 15 42%   0 77985 118 86%
c - 111.33 268 14 49 267 55208 1 2901243 173879 1.4 16 12 8 15 43%   0 77985 118 86%
c - 111.85 268 14 49 268 55216 1 2917583 173726 1.4 16 11 8 15 43%   0 77985 118 86%
c - 112.40 268 14 49 269 55217 1 2933953 174016 1.4 16 11 8 15 43%   0 77985 118 86%
c - 112.97 268 14 49 270 55218 1 2950355 174236 1.4 16 11 8 15 43%   0 77985 118 86%
c - 113.53 268 14 49 271 55218 1 2966786 175771 1.4 16 11 8 15 43%   0 77985 118 86%
c ] 113.63 266 14 50 271 55218 1 2970042 178013 1.4 16 11 8 15 43%   0 77985 118 86%
c { 113.63 266 13 50 271 55218 1 2970042 178013 1.4 15 10 8 13 41%   0 77985 118 86%
c s 113.77 268 13 50 271 55286 1 2973100 180195 1.4 15 10 8 13 41%   0 77967 118 86%
c - 114.40 268 13 50 272 55625 1 2983248 178353 1.4 15 10 8 13 40%   0 77967 118 86%
c u 114.87 284 13 50 272 55715 1 2988060 181219 1.4 15 10 8 13 40%   0 77967 118 86%
c v 115.08 285 13 50 272 55715 1 2988060 180889 1.4 15 10 8 13 40%   0 77967 118 86%
c w 115.16 285 13 50 272 55715 1 2988060 180431 1.4 15 10 8 13 40%   0 77967 118 86%
c - 115.86 268 13 50 273 56183 1 2999740 178793 1.4 15 10 8 13 40%   0 77967 118 86%
c - 116.62 268 13 50 274 56552 1 3016263 178728 1.4 14 10 8 13 40%   1 77967 118 86%
c - 117.65 267 13 50 275 57276 1 3032815 179754 1.4 14 10 8 13 40%   1 77967 118 86%
c o 117.91 268 13 50 275 57303 1 3037247 182924 1.4 14 10 8 13 40%   1 77967 118 86%
c - 118.64 268 13 50 276 57510 1 3049400 179963 1.4 14 10 8 13 39%   1 77967 118 86%
c
c seconds     switched      rate            size/glue  tier1    binary       remaining
c          MB   reductions     conflicts          size   tier2     irredundant
c           level     restarts        redundant      glue    trail       variables
c
c - 119.26 268 13 50 277 57603 1 3066013 180285 1.4 14 10 8 12 39%   1 77967 118 86%
c - 120.16 268 13 50 278 58324 1 3082656 181411 1.4 14 10 8 12 39%   1 77967 118 86%
c - 120.90 268 13 50 279 58539 1 3099330 184414 1.4 14 10 8 12 39%   1 77967 118 86%
c } 121.39 267 13 51 279 59085 1 3107567 189978 1.4 14 10 8 12 39%   1 77967 118 86%
c [ 121.39 267 14 51 279 59085 1 3107567 189978 1.4 16 11 8 15 43%   1 77967 118 86%
c I 121.39 267 14 51 279 59085 1 3107567 189978 1.4 16 11 8 15 43%   1 77967 118 86%
c - 121.72 268 14 51 280 59091 1 3116033 186775 1.4 16 11 8 15 43%   1 77967 118 86%
c - 122.33 277 14 51 281 59099 1 3132766 190142 1.4 16 11 8 15 42%   1 77967 118 86%
c - 122.98 269 14 51 282 59106 1 3149529 191772 1.4 16 11 8 15 42%   1 77967 118 86%
c u 123.57 289 14 51 282 59110 1 3157418 197061 1.4 16 11 8 15 42%   1 77967 118 86%
c v 123.78 289 14 51 282 59110 1 3157418 195474 1.4 16 11 8 15 42%   1 77967 118 86%
c w 123.86 289 14 51 282 59110 1 3157418 194650 1.4 16 11 8 15 42%   1 77967 118 86%
c x 124.02 289 14 51 282 59110 1 3157418 194624 1.4 16 11 8 15 42%   1 77341 118 86%
c - 124.40 263 14 51 283 59114 1 3166321 190737 1.4 16 11 8 15 42%   1 77341 118 86%
c - 125.06 265 14 51 284 59115 1 3183145 189953 1.4 16 11 8 15 42%   1 77341 118 86%
c - 125.74 263 13 51 285 59122 1 3199998 188744 1.4 15 11 8 15 42%   2 77341 118 86%
c - 126.36 253 13 51 286 59130 1 3216881 187948 1.4 15 11 8 15 42%   2 77341 118 86%
c - 126.98 262 13 51 287 59137 1 3233794 187340 1.4 15 10 8 15 41%   4 77341 118 86%
c i 127.22 252 13 51 287 59141 1 3239848 190467 1.4 14 10 8 15 41%  19 77341 117 85%
c - 127.62 253 13 51 288 59145 1 3250735 119333 1.4 14 10 8 15 41%   1 77341 117 85%
c
c seconds     switched      rate            size/glue  tier1    binary       remaining
c          MB   reductions     conflicts          size   tier2     irredundant
c           level     restarts        redundant      glue    trail       variables
c
c - 128.16 253 13 51 289 59146 1 3267706 126756 1.4 14 10 8 15 42%   1 77341 117 85%
c - 128.75 253 13 51 290 59147 1 3284706 131310 1.4 14 10 8 15 42%   1 77341 117 85%
c B 129.02 253 13 51 290 59147 1 3292901 136861 1.4 14 10 8 15 42%   1 77341 117 85%
c o 129.02 253 13 51 290 59147 1 3292901 136861 1.4 14 10 8 15 42%   1 77341 117 85%
c - 129.34 252 13 51 291 59147 1 3301736 133460 1.4 14 10 8 15 42%   2 77341 117 85%
c ] 129.56 253 13 52 291 59150 1 3308653 137728 1.4 14 10 8 15 42%   2 77341 117 85%
c { 129.56 253 13 52 291 59150 1 3308653 137728 1.4 14 10 8 12 39%   2 77341 117 85%
c - 129.95 253 13 52 292 59441 1 3318794 135841 1.4 14 10 8 12 39%   2 77341 117 85%
c u 130.70 263 12 52 292 59867 1 3331936 120516 1.4 14 10 8 12 39%   2 69064 117 85%
c v 130.93 265 12 52 292 59867 1 3331936 118982 1.4 14 10 8 12 39%   2 69064 117 85%
c w 131.01 265 12 52 292 59867 1 3331936 118770 1.4 14 10 8 12 39%   2 69064 117 85%
c - 131.25 252 13 52 293 60232 1 3335884 103366 1.4 14 10 7 12 39%   2 69064 117 85%
c - 131.90 252 12 52 294 60629 1 3353004 104531 1.4 14 10 7 12 39%   3 69064 117 85%
c - 132.52 254 12 52 295 61565 1 3370150 107499 1.4 14 10 7 12 39%   3 69064 117 85%
c - 133.25 252 12 52 296 62317 1 3387325 111516 1.4 13 10 7 12 39%   3 69064 117 85%
c s 133.81 253 12 52 296 62422 1 3399444 119153 1.4 13 9 7 12 40%   3 60888 117 85%
c - 134.09 249 12 52 297 63037 1 3404529 114712 1.4 13 10 7 12 40%   3 60888 117 85%
c - 134.89 253 12 52 298 63825 1 3421763 119227 1.4 13 10 7 12 40%   3 60888 117 85%
c - 135.74 252 12 52 299 64739 1 3439025 123673 1.4 13 9 7 12 40%   4 60888 117 85%
c - 136.39 253 12 52 300 65270 1 3456318 127413 1.4 13 9 7 12 39%   4 60888 117 85%
c
c seconds     switched      rate            size/glue tier1    binary       remaining
c          MB   reductions     conflicts          size  tier2     irredundant
c           level     restarts        redundant     glue    trail       variables
c
c } 136.40 254 12 53 300 65270 1 3456440 127484 1.4 13 9 7 12 39%   4 60888 117 85%
c [ 136.40 254 13 53 300 65270 1 3456440 127484 1.4 14 10 8 15 42%   4 60888 117 85%
c - 136.98 253 12 53 301 65280 1 3473639 130236 1.4 14 10 8 15 42%   5 60888 117 85%
c W 137.40 252 12 53 301 65284 1 3486041 138083 1.4 14 10 8 15 41%   6 60888 117 85%
c - 137.60 253 12 53 302 65286 1 3490988 134737 1.4 14 10 8 15 41%   6 60888 117 85%
c - 138.20 253 13 53 303 65297 1 3508366 138170 1.4 14 10 8 15 41%   6 60888 117 85%
c u 138.53 253 13 53 303 65298 1 3512045 139038 1.4 14 10 8 15 41%   8 60888 117 85%
c v 138.72 253 13 53 303 65298 1 3512045 137166 1.4 14 10 8 15 41%   8 60888 117 85%
c w 138.78 253 13 53 303 65298 1 3512045 136683 1.4 14 10 8 15 41%   8 60888 117 85%
c x 138.93 253 13 53 303 65298 1 3512045 136674 1.4 14 10 8 15 41%   8 58203 117 85%
c t 138.94 253 13 53 303 65298 1 3512045 136674 1.4 14 10 8 15 41%   6 58203 117 85%
c - 139.42 253 12 53 304 65300 1 3525772 138021 1.4 14 10 8 14 41%   7 58203 117 85%
c i 139.54 252 12 53 304 65300 1 3528600 139674 1.4 14 10 8 14 41%  15 58203 116 84%
c - 140.05 253 12 53 305 65304 1 3543207 105987 1.4 14 10 8 14 40%   9 58203 116 84%
c i 140.14 252 12 53 305 65306 1 3545536 107294 1.4 14 10 8 14 40%  13 58203 114 83%
c o 140.14 252 12 53 305 65306 1 3545536 107294 1.4 14 10 8 14 40%  13 58203 114 83%
c i 140.18 253 12 53 305 65306 1 3546223 107663 1.4 14 10 8 14 40%  20 58203 113 82%
c i 140.19 253 12 53 305 65306 1 3546361 107724 1.4 13 10 8 14 40%  24 58203 112 81%
c i 140.19 253 12 53 305 65306 1 3546413 107736 1.4 13 10 8 14 40%  31 58203 111 80%
c i 140.19 253 12 53 305 65306 1 3546416 107736 1.4 13 10 8 14 40%  32 58203 110 80%
c
c seconds     switched      rate            size/glue  tier1    binary       remaining
c          MB   reductions     conflicts          size   tier2     irredundant
c           level     restarts        redundant      glue    trail       variables
c
c i 140.19 253 12 53 305 65306 1 3546422 107736 1.4 13 10 8 14 40%  34 58203 106 77%
c i 140.19 253 12 53 305 65306 1 3546423 107736 1.4 13 10 8 14 40%  34 58203 95 69%
c ] 140.19 253 12 53 305 65306 1 3546425 107736 1.4 13 10 8 14 40%  34 58203 84 61%
c 0 140.19 253 12 53 305 65306 1 3546425 107736 1.4 13 9 7 12 39%  34 58203 84 61%
c
c ---- [ result ] ------------------------------------------------------------
c
s UNSATISFIABLE
c
c ---- [ profiling ] ---------------------------------------------------------
c
c         124.36   88.71 %  search
c          63.43   45.24 %  focused
c          60.93   43.46 %  stable
c          15.81   11.28 %  simplify
c          13.05    9.31 %  probe
c          10.83    7.73 %  vivify
c           2.84    2.02 %  reduce
c           2.60    1.85 %  eliminate
c           2.49    1.78 %  subsume
c           1.84    1.32 %  sweep
c           0.34    0.25 %  substitute
c           0.17    0.12 %  walking
c           0.02    0.01 %  congruence
c           0.01    0.01 %  transitive
c           0.01    0.01 %  preprocess
c           0.01    0.01 %  parse
c           0.00    0.00 %  lucky
c           0.00    0.00 %  factor
c           0.00    0.00 %  backbone
c =============================================
c         140.19  100.00 %  total
c
c ---- [ statistics ] --------------------------------------------------------
c
c conflicts:                          3546425            25296.83 per second
c decisions:                          4333857                1.22 per conflict
c eliminated:                              20               14 %  variables
c iterations:                              10                7 %  variables
c propagations:                      46106996           328884    per second
c reductions:                             305            11628    interval
c reordered:                               26           136401    interval
c rephased:                                41            86498    interval
c restarts:                             65306               54    interval
c strengthened:                            14                0 %  checks
c subsumed:                              8480                0 %  checks
c switched:                                53            66914    interval
c vivified:                            141311               83 %  checks
c walks:                                   14           253316    interval
c
c ---- [ glue usage ] --------------------------------------------------------
c
c focused glue 7    used 294089 clauses  8.77% accumulated 53.18% tier1
c focused glue 8    used 303033 clauses  9.04% accumulated 62.22%
c focused glue 9-10 used 566713 clauses 16.90% accumulated 79.12%
c focused glue 11   used 231556 clauses  6.91% accumulated 86.02%
c focused glue 12   used 175751 clauses  5.24% accumulated 91.26% tier2
c
c stable glue 8     used  523432 clauses  8.39% accumulated 57.39% tier1
c stable glue 9     used  462352 clauses  7.41% accumulated 64.80%
c stable glue 10-12 used 1078402 clauses 17.28% accumulated 82.08%
c stable glue 13    used  274502 clauses  4.40% accumulated 86.48%
c stable glue 14    used  229609 clauses  3.68% accumulated 90.16% tier2
c
c ---- [ resources ] ---------------------------------------------------------
c
c maximum-resident-set-size:     312425316352 bytes     297952 MB
c process-time:                         2m 20s             140.19 seconds
c
c ---- [ shutting down ] -----------------------------------------------------
c
c exit 20
