c ---- [ banner ] ------------------------------------------------------------
c
c Kissat SAT Solver
c 
c Copyright (c) 2021-2024 Armin Biere University of Freiburg
c Copyright (c) 2019-2021 Armin Biere Johannes Kepler University Linz
c 
c Version 4.0.4 8af8e56f174b778aef3aa45af9f739b2a5f492c2
c Apple clang version 17.0.0 (clang-1700.6.3.2) -W -Wall -O3 -DNDEBUG
c Mon Mar 30 18:25:47 CEST 2026 Darwin Mac 24.6.0 arm64
c
c ---- [ parsing ] -----------------------------------------------------------
c
c opened and reading DIMACS file:
c
c   tmp.cnf
c
c parsed 'p cnf 190 43605' header
c closing input after reading 2370693 bytes (2 MB)
c finished parsing after 0.01 seconds
c
c ---- [ solving ] -----------------------------------------------------------
c
c seconds switched rate     size/glue tier1 binary       remaining
c        MB reductions conflicts size  tier2   irredundant
c         level restarts redundant glue  trail       variables
c
c *  0.01 10 0 0 0  0 0   0   0 0.0 0 0 0 0 0%   0 43605 187 100%
c (  0.01 15 0 0 0  0 0   0   0 0.0 0 0 0 0 0%   0 43605 187 100%
c .  0.01 15 0 0 0  0 0   0   0 0.0 0 0 0 0 0%   0 43605 187 100%
c f  0.03 18 0 0 0  0 0   0   0 0.0 0 0 0 0 0% 386 39185 348 186%
c )  0.03 18 0 0 0  0 0   0   0 0.0 0 0 0 0 0% 386 39185 348 186%
c {  0.03 18 0 0 0  0 0   0   0 0.0 0 0 2 6 0% 386 39185 348 186%
c -  0.06 18 35 0 1  3 1 1001 562 1.3 20 16 12 19 38% 386 39185 348 186%
c }  0.06 18 35 1 1  3 1 1001 562 1.3 20 16 12 19 38% 386 39185 348 186%
c [  0.06 18 0 1 1  3 0 1001 562 0.0 0 0 2 6 0% 386 39185 348 186%
c B  0.06 18 0 1 1  3 0 1001 562 0.0 0 0 2 6 0% 386 39185 348 186%
c ]  0.09 18 65 2 1  3 1 1605 1105 1.4 21 15 13 19 48% 386 39185 348 186%
c {  0.09 18 35 2 1  3 1 1605 1105 1.3 20 16 12 19 38% 386 39185 348 186%
c -  0.10 18 42 2 2  3 1 2002 1403 1.3 20 15 12 19 41% 386 39185 348 186%
c u  0.12 18 47 2 2  3 1 2576 1931 1.4 20 14 12 18 43% 386 39185 348 186%
c v  0.12 18 47 2 2  3 1 2576 1929 1.4 20 14 12 18 43% 386 39185 348 186%
c w  0.12 18 47 2 2  3 1 2576 1928 1.4 20 14 12 18 43% 386 39185 348 186%
c }  0.12 18 47 3 2  3 1 2605 1954 1.4 20 14 12 18 44% 386 39185 348 186%
c [  0.12 18 65 3 2  3 1 2605 1954 1.4 21 15 13 19 48% 386 39185 348 186%
c W  0.13 18 65 3 2  3 1 2605 1954 1.4 21 15 13 19 48% 386 39185 348 186%
c -  0.15 18 44 3 3  3 1 3416 2497 1.5 22 15 11 20 50% 386 39185 348 186%
c
c seconds  switched rate       size/glue  tier1     binary       remaining
c        MB reductions conflicts     size    tier2     irredundant
c         level restarts  redundant     glue     trail       variables
c
c ]  0.16 18 42 4 3  3 1 3633 2690 1.4 23 16 11 20 50% 386 39185 348 186%
c {  0.16 18 47 4 3  3 1 3633 2690 1.4 20 14 12 18 44% 386 39185 348 186%
c -  0.18 18 32 4 4 21 1 5149 3354 1.5 18 12 9 17 39% 386 39185 348 186%
c }  0.19 18 28 5 4 21 1 5986 4106 1.5 17 11 9 17 38% 386 39185 348 186%
c [  0.19 18 42 5 4 21 1 5986 4106 1.4 23 16 11 20 50% 386 39185 348 186%
c I  0.19 18 42 5 4 21 1 5986 4106 1.4 23 16 11 20 50% 386 39185 348 186%
c -  0.22 18 30 5 5 22 1 7150 4477 1.7 22 13 10 19 48% 386 39185 348 186%
c ]  0.22 18 30 6 5 22 1 7174 4497 1.7 22 13 10 19 48% 386 39185 348 186%
c {  0.22 18 28 6 5 22 1 7174 4497 1.5 17 11 9 17 38% 386 39185 348 186%
c u  0.25 22 26 6 5 22 1 7928 5207 1.6 17 11 9 17 39% 386 39185 348 186%
c v  0.25 22 26 6 5 22 1 7928 5205 1.6 17 11 9 17 39% 386 39185 348 186%
c w  0.25 22 26 6 5 22 1 7928 5205 1.6 17 11 9 17 39% 386 39185 348 186%
c -  0.33 27 24 6 6 22 1 9387 5828 1.6 17 11 8 14 41% 386 39185 348 186%
c }  0.37 27 22 7 6 22 1 11243 7643 1.7 17 10 8 13 44% 386 39185 348 186%
c [  0.37 27 30 7 6 22 1 11243 7643 1.7 22 13 10 19 48% 386 39185 348 186%
c B  0.37 27 30 7 6 22 1 11243 7643 1.7 22 13 10 19 48% 386 39185 348 186%
c o  0.37 27 30 7 6 22 1 11243 7643 1.7 22 13 10 19 48% 386 39185 348 186%
c -  0.38 27 29 7 7 22 1 11838 7362 1.6 22 13 10 19 48% 386 39185 348 186%
c e  0.42 28 27 7 7 23 1 12864 8273 1.6 22 13 10 19 48% 204 38065 186 99%
c ^  0.44 28 27 7 7 23 1 12864 8273 1.6 22 13 10 19 48% 204 38065 186 99%
c
c seconds  switched rate        size/glue  tier1     binary       remaining
c        MB reductions conflicts      size    tier2     irredundant
c         level restarts   redundant     glue     trail       variables
c
c -  0.47 29 26 7 8 24 1 14487 7578 1.6 22 14 11 19 51% 204 38065 186 99%
c u  0.51 29 24 7 8 25 1 16240 9087 1.5 22 15 11 19 52% 204 38065 186 99%
c v  0.52 29 24 7 8 25 1 16240 9080 1.5 22 15 11 19 52% 204 38065 186 99%
c w  0.52 29 24 7 8 25 1 16240 9079 1.5 22 15 11 19 52% 204 38065 186 99%
c x  0.53 31 24 7 8 25 1 16240 9079 1.5 22 15 11 19 52% 204 38065 186 99%
c f  0.53 31 24 7 8 25 1 16240 9079 1.5 22 15 11 19 52% 208 38056 188 101%
c u  0.53 34 24 7 8 25 1 16240 9078 1.5 22 15 11 19 52% 208 38056 188 101%
c v  0.54 34 24 7 8 25 1 16240 9074 1.5 22 15 11 19 52% 208 38056 188 101%
c w  0.54 34 24 7 8 25 1 16240 9074 1.5 22 15 11 19 52% 208 38056 188 101%
c x  0.55 35 24 7 8 25 1 16240 9074 1.5 22 15 11 19 52% 208 38054 188 101%
c W  0.56 35 24 7 8 26 1 16773 9559 1.5 22 15 11 19 53% 208 38054 188 101%
c ]  0.57 38 24 8 8 26 1 16847 9631 1.5 22 15 11 19 53% 208 38054 188 101%
c {  0.57 38 22 8 8 26 1 16847 9631 1.7 17 10 8 13 44% 208 38054 188 101%
c -  0.58 39 21 8 9 34 1 17315 8928 1.7 17 10 8 13 45% 208 38054 188 101%
c -  0.62 39 19 8 10 235 1 20319 10042 1.6 16 10 8 12 46% 208 38054 188 101%
c o  0.65 40 18 8 10 352 1 21284 10862 1.6 16 10 8 12 47% 208 38054 188 101%
c }  0.69 40 18 9 10 434 2 23006 12268 1.6 15 10 8 12 48% 208 38054 188 101%
c [  0.69 40 24 9 10 434 1 23006 12268 1.5 22 15 11 19 53% 208 38054 188 101%
c -  0.70 40 24 9 11 434 1 23482 10883 1.5 22 14 11 19 54% 208 38054 188 101%
c O  0.72 40 23 9 11 435 1 24301 11458 1.5 21 14 11 19 54% 208 38054 188 101%
c
c seconds  switched   rate         size/glue  tier1     binary       remaining
c        MB  reductions conflicts        size    tier2     irredundant
c         level  restarts     redundant     glue     trail       variables
c
c s  0.76 40 23 9 11 436 1 25758 12800 1.5 21 14 11 19 55% 208 38052 188 101%
c e  0.77 40 23 9 11 436 1 25758 12800 1.5 21 14 11 19 55% 176 38102 168 90%
c ^  0.78 40 23 9 11 436 1 25758 12800 1.5 21 14 11 19 55% 176 38102 168 90%
c -  0.81 40 23 9 12 436 1 26799 7715 1.5 21 14 11 19 56% 176 38102 168 90%
c u  0.83 40 22 9 12 437 1 27717 8507 1.5 22 14 11 19 57% 176 38102 168 90%
c v  0.84 40 22 9 12 437 1 27717 8497 1.5 22 14 11 19 57% 176 38102 168 90%
c w  0.84 40 22 9 12 437 1 27717 8497 1.5 22 14 11 19 57% 176 38102 168 90%
c x  0.85 40 22 9 12 437 1 27717 8497 1.5 22 14 11 19 57% 176 38101 168 90%
c f  0.91 44 22 9 12 437 1 27717 8497 1.5 22 14 11 19 57% 184 38081 172 92%
c u  0.91 44 22 9 12 437 1 27717 8491 1.5 22 14 11 19 57% 184 38081 172 92%
c v  0.92 46 22 9 12 437 1 27717 8485 1.5 22 14 11 19 57% 184 38081 172 92%
c w  0.92 46 22 9 12 437 1 27717 8483 1.5 22 14 11 19 57% 184 38081 172 92%
c x  0.93 48 22 9 12 437 1 27717 8483 1.5 22 14 11 19 57% 184 38075 172 92%
c ]  0.95 49 22 10 12 438 1 28488 9099 1.5 22 14 11 19 57% 184 38075 172 92%
c {  0.95 49 18 10 12 438 2 28488 9099 1.6 15 10 8 12 48% 184 38075 172 92%
c -  1.03 50 18 10 13 732 2 30263 9769 1.6 15 10 8 12 49% 184 38075 172 92%
c -  1.12 50 17 10 14 1034 2 33868 11866 1.6 16 10 8 12 50% 184 38075 172 92%
c }  1.17 50 16 11 14 1055 2 37115 14443 1.6 15 10 8 12 51% 184 38075 172 92%
c [  1.17 50 22 11 14 1055 1 37115 14443 1.5 22 14 11 19 57% 184 38075 172 92%
c B  1.17 50 22 11 14 1055 1 37115 14443 1.5 22 14 11 19 57% 184 38075 172 92%
c
c seconds   switched    rate         size/glue  tier1     binary       remaining
c        MB   reductions  conflicts        size    tier2     irredundant
c         level    restarts     redundant     glue     trail       variables
c
c -  1.18 50 22 11 15 1055 1 37609 13109 1.5 22 14 10 18 57% 184 38075 172 92%
c -  1.26 51 21 11 16 1058 1 41482 14726 1.5 21 14 10 18 59% 184 38075 172 92%
c u  1.29 51 21 11 16 1059 1 42493 15631 1.5 21 14 10 18 60% 184 38075 172 92%
c v  1.30 52 21 11 16 1059 1 42493 15607 1.5 21 14 10 18 60% 184 38075 172 92%
c w  1.30 52 21 11 16 1059 1 42493 15607 1.5 21 14 10 18 60% 184 38075 172 92%
c x  1.31 53 21 11 16 1059 1 42493 15607 1.5 21 14 10 18 60% 184 37942 172 92%
c o  1.31 53 21 11 16 1059 1 42493 15607 1.5 21 14 10 18 60% 184 37942 172 92%
c -  1.38 53 21 11 17 1061 1 45483 16222 1.5 22 14 10 18 61% 184 37942 172 92%
c ]  1.42 53 21 12 17 1061 1 47101 17572 1.5 22 14 10 18 61% 184 37942 172 92%
c {  1.42 53 16 12 17 1061 2 47101 17572 1.6 15 10 8 12 51% 184 37942 172 92%
c -  1.47 53 16 12 18 1129 2 49606 15622 1.6 15 9 7 11 51% 184 37942 172 92%
c s  1.60 54 15 12 18 1220 2 53705 18867 1.6 15 9 7 11 52% 184 37938 172 92%
c e  1.61 54 15 12 18 1220 2 53705 18867 1.6 15 9 7 11 52% 165 37976 161 86%
c ^  1.64 55 15 12 18 1220 2 53705 18867 1.6 15 9 7 11 52% 165 37976 161 86%
c -  1.65 56 15 12 19 1255 2 53849 11228 1.6 15 9 7 11 52% 165 37976 161 86%
c -  1.76 56 15 12 20 1353 2 58209 13105 1.6 15 9 7 11 54% 165 37976 161 86%
c }  1.77 56 15 13 20 1353 2 58580 13417 1.6 15 9 7 11 54% 165 37976 161 86%
c [  1.77 56 21 13 20 1353 1 58580 13417 1.5 22 14 10 18 61% 165 37976 161 86%
c W  1.77 60 21 13 20 1353 1 58580 13417 1.5 22 14 10 18 61% 165 37976 161 86%
c u  1.83 60 21 13 20 1355 1 60676 15294 1.6 22 14 10 18 62% 165 37976 161 86%
c
c seconds   switched    rate         size/glue  tier1     binary       remaining
c        MB   reductions  conflicts        size    tier2     irredundant
c         level    restarts     redundant     glue     trail       variables
c
c v  1.84 61 21 13 20 1355 1 60676 15285 1.6 22 14 10 18 62% 165 37976 161 86%
c w  1.84 61 21 13 20 1355 1 60676 15283 1.6 22 14 10 18 62% 165 37976 161 86%
c x  1.85 63 21 13 20 1355 1 60676 15283 1.6 22 14 10 18 62% 165 37959 161 86%
c f  1.85 63 21 13 20 1355 1 60676 15283 1.6 22 14 10 18 62% 171 37943 163 87%
c u  1.87 70 21 13 20 1355 1 60676 15268 1.6 22 14 10 18 62% 171 37943 163 87%
c v  1.88 70 21 13 20 1355 1 60676 15266 1.6 22 14 10 18 62% 171 37943 163 87%
c w  1.88 70 21 13 20 1355 1 60676 15262 1.6 22 14 10 18 62% 171 37943 163 87%
c x  1.89 70 21 13 20 1355 1 60676 15262 1.6 22 14 10 18 62% 171 37937 163 87%
c -  2.04 73 20 13 21 1355 1 62683 15198 1.6 22 14 10 17 62% 171 37937 163 87%
c -  2.15 73 20 13 22 1359 1 67265 16981 1.6 22 14 10 17 62% 171 37937 163 87%
c ]  2.24 73 19 14 22 1360 1 71618 20589 1.6 22 14 10 17 63% 171 37937 163 87%
c {  2.24 73 15 14 22 1360 2 71618 20589 1.6 15 9 7 11 54% 171 37937 163 87%
c -  2.25 73 15 14 23 1422 2 71955 18561 1.6 15 9 7 11 54% 171 37937 163 87%
c -  2.33 73 14 14 24 1506 2 76750 19321 1.6 14 9 7 11 54% 171 37937 163 87%
c o  2.36 73 14 14 24 1566 2 78260 20491 1.6 14 9 7 11 54% 171 37937 163 87%
c -  2.43 73 14 14 25 1720 2 81650 20003 1.6 14 9 7 11 54% 171 37937 163 87%
c u  2.46 73 14 14 25 1777 2 82392 20523 1.6 14 9 7 11 54% 171 37937 163 87%
c v  2.48 73 14 14 25 1777 2 82392 20496 1.6 14 9 7 11 54% 171 37937 163 87%
c w  2.48 73 14 14 25 1777 2 82392 20478 1.6 14 9 7 11 54% 171 37937 163 87%
c x  2.49 73 14 14 25 1777 2 82392 20478 1.6 14 9 7 11 54% 171 37849 163 87%
c
c seconds   switched    rate         size/glue tier1    binary       remaining
c        MB   reductions  conflicts        size  tier2     irredundant
c         level    restarts     redundant    glue    trail       variables
c
c }  2.59 73 14 15 25 2079 2 86333 23601 1.5 14 9 7 11 55% 171 37849 163 87%
c [  2.59 73 19 15 25 2079 1 86333 23601 1.6 22 14 10 17 63% 171 37849 163 87%
c I  2.59 73 19 15 25 2079 1 86333 23601 1.6 22 14 10 17 63% 171 37849 163 87%
c -  2.60 73 19 15 26 2079 1 86653 21661 1.6 21 14 10 17 63% 171 37849 163 87%
c -  2.72 73 18 15 27 2083 1 91752 24022 1.6 21 13 9 16 63% 171 37849 163 87%
c -  2.83 73 18 15 28 2085 1 96948 25673 1.6 21 13 9 16 63% 171 37849 163 87%
c s  2.94 73 18 15 28 2086 1 98731 27122 1.6 20 13 9 16 62% 171 37843 163 87%
c e  2.95 73 18 15 28 2086 1 98731 27122 1.6 20 13 9 16 62% 149 37907 150 80%
c ^  3.01 74 18 15 28 2086 1 98731 27122 1.6 20 13 9 16 62% 149 37907 150 80%
c ]  3.02 74 18 16 28 2086 1 99171 14713 1.6 20 13 9 16 62% 149 37907 150 80%
c {  3.02 74 14 16 28 2086 2 99171 14713 1.5 14 9 7 11 55% 149 37907 150 80%
c -  3.09 74 14 16 29 2228 2 102242 15956 1.6 14 9 7 11 55% 149 37907 150 80%
c -  3.25 74 13 16 30 2491 2 107628 18795 1.5 14 9 7 11 55% 149 37907 150 80%
c u  3.28 74 13 16 30 2496 2 107774 18870 1.5 14 9 7 11 55% 149 37907 150 80%
c v  3.29 74 13 16 30 2496 2 107774 18758 1.5 14 9 7 11 55% 149 37907 150 80%
c w  3.30 74 13 16 30 2496 2 107774 18753 1.5 14 9 7 11 55% 149 37907 150 80%
c x  3.31 74 13 16 30 2496 2 107774 18752 1.5 14 9 7 11 55% 149 37764 150 80%
c -  3.41 74 13 16 31 2704 2 113105 20888 1.5 14 9 7 11 55% 149 37764 150 80%
c }  3.51 74 13 17 31 2859 2 117508 24614 1.5 14 9 7 11 56% 149 37764 150 80%
c [  3.51 74 18 17 31 2859 1 117508 24614 1.6 20 13 9 16 62% 149 37764 150 80%
c
c seconds   switched    rate          size/glue  tier1    binary       remaining
c        MB   reductions  conflicts         size   tier2     irredundant
c         level    restarts      redundant     glue    trail       variables
c
c B  3.51 74 18 17 31 2859 1 117508 24614 1.6 20 13 9 16 62% 149 37764 150 80%
c -  3.53 74 18 17 32 2860 1 118673 23319 1.6 20 13 9 16 63% 149 37764 150 80%
c -  3.63 74 18 17 33 2864 1 124330 25216 1.6 20 13 9 16 63% 149 37764 150 80%
c -  3.76 74 18 17 34 2866 1 130076 26976 1.6 20 13 9 16 63% 149 37764 150 80%
c -  3.91 74 17 17 35 2870 1 135906 27959 1.6 20 13 9 15 63% 149 37764 150 80%
c u  3.95 79 17 17 35 2871 1 136904 28795 1.6 20 13 9 15 63% 149 37764 150 80%
c v  3.96 80 17 17 35 2871 1 136904 28716 1.6 20 13 9 15 63% 149 37764 150 80%
c w  3.97 80 17 17 35 2871 1 136904 28716 1.6 20 13 9 15 63% 149 37764 150 80%
c x  3.98 80 17 17 35 2871 1 136904 28716 1.6 20 13 9 15 63% 149 37756 150 80%
c o  3.99 80 17 17 35 2871 1 136904 28716 1.6 20 13 9 15 63% 149 37756 150 80%
c ]  4.02 81 17 18 35 2871 1 138065 29632 1.6 20 13 9 15 63% 149 37756 150 80%
c {  4.02 81 13 18 35 2871 2 138065 29632 1.5 14 9 7 11 56% 149 37756 150 80%
c -  4.21 81 13 18 36 3834 2 141823 28376 1.5 14 9 7 11 55% 149 37756 150 80%
c -  4.49 83 14 18 37 5376 2 147825 28443 1.5 14 10 7 11 53% 149 37756 150 80%
c -  4.83 83 14 18 38 6941 2 153908 28960 1.4 14 10 7 12 53% 149 37756 150 80%
c -  5.12 83 14 18 39 8511 2 160073 29500 1.4 14 10 7 12 52% 149 37756 150 80%
c }  5.14 83 14 19 39 8600 2 160410 29734 1.4 14 10 7 12 51% 149 37756 150 80%
c [  5.14 83 17 19 39 8600 1 160410 29734 1.6 20 13 9 15 63% 149 37756 150 80%
c W  5.15 87 17 19 39 8600 1 160410 29734 1.6 20 13 9 15 63% 149 37756 150 80%
c s  5.35 87 17 19 39 8602 1 162720 31782 1.6 20 13 9 15 63% 149 37560 150 80%
c
c seconds   switched    rate          size/glue  tier1    binary       remaining
c        MB   reductions  conflicts         size   tier2     irredundant
c         level    restarts      redundant     glue    trail       variables
c
c e  5.36 88 17 19 39 8602 1 162720 31782 1.6 20 13 9 15 63% 113 37707 133 71%
c ^  5.50 88 17 19 39 8602 1 162720 31782 1.6 20 13 9 15 63% 113 37707 133 71%
c -  5.61 88 18 19 40 8604 1 166318 17392 1.5 20 13 9 16 63% 113 37707 133 71%
c u  5.73 89 18 19 40 8606 1 169875 19827 1.5 20 13 9 16 63% 113 37707 133 71%
c v  5.76 90 18 19 40 8606 1 169875 19588 1.5 20 13 9 16 63% 113 37707 133 71%
c w  5.78 90 18 19 40 8606 1 169875 19502 1.5 20 13 9 16 63% 113 37707 133 71%
c x  5.81 90 18 19 40 8606 1 169875 19461 1.5 20 13 9 16 63% 113 37403 133 71%
c -  5.87 90 18 19 41 8606 1 172645 18728 1.5 20 13 9 16 64% 113 37403 133 71%
c -  6.02 90 17 19 42 8612 1 179049 20358 1.5 20 13 9 15 64% 113 37403 133 71%
c O  6.17 90 17 19 42 8613 1 184635 24642 1.5 20 13 9 15 64% 113 37403 133 71%
c -  6.20 90 17 19 43 8614 1 185529 21613 1.5 20 13 9 15 64% 113 37403 133 71%
c -  6.41 90 18 19 44 8614 1 192086 22687 1.5 20 13 9 16 64% 113 37403 133 71%
c -  6.62 90 18 19 45 8619 1 198721 23429 1.5 20 13 9 16 64% 113 37403 133 71%
c -  6.84 90 18 19 46 8621 1 205429 24293 1.5 20 13 9 15 64% 113 37403 133 71%
c u  6.92 95 18 19 46 8622 1 206817 25277 1.5 20 13 9 15 64% 113 37403 133 71%
c v  6.94 97 18 19 46 8622 1 206817 25262 1.5 20 13 9 15 64% 113 37403 133 71%
c w  6.96 97 18 19 46 8622 1 206817 25253 1.5 20 13 9 15 64% 113 37403 133 71%
c x  6.98 97 18 19 46 8622 1 206817 25240 1.5 20 13 9 15 64% 113 37207 133 71%
c o  6.98 97 18 19 46 8622 1 206817 25240 1.5 20 13 9 15 64% 113 37207 133 71%
c ]  7.00 98 18 20 46 8623 1 207844 26147 1.5 20 13 9 15 64% 113 37207 133 71%
c
c seconds   switched    rate          size/glue  tier1    binary       remaining
c        MB   reductions  conflicts         size   tier2     irredundant
c         level    restarts      redundant     glue    trail       variables
c
c {  7.00 98 14 20 46 8623 2 207844 26147 1.4 14 10 7 12 51% 113 37207 133 71%
c -  7.11 98 14 20 47 8710 2 212211 26113 1.4 14 10 7 12 52% 113 37207 133 71%
c -  7.24 98 14 20 48 8779 2 219067 27417 1.5 14 10 7 12 54% 113 37207 133 71%
c -  7.39 98 14 20 49 8807 2 225996 28895 1.5 14 10 7 12 55% 113 37207 133 71%
c -  7.57 98 13 20 50 8934 2 232996 30959 1.5 14 10 7 11 56% 113 37207 133 71%
c }  7.61 98 13 21 50 8934 2 234583 32175 1.5 14 10 7 11 56% 113 37207 133 71%
c [  7.61 98 18 21 50 8934 1 234583 32175 1.5 20 13 9 15 64% 113 37207 133 71%
c B  7.61 98 18 21 50 8934 1 234583 32175 1.5 20 13 9 15 64% 113 37207 133 71%
c -  7.73 98 18 21 51 8938 1 240069 33628 1.5 20 13 9 15 65% 113 37207 133 71%
c -  7.92 98 17 21 52 8941 1 247210 36708 1.6 20 13 9 15 65% 113 37207 133 71%
c s  8.06 98 17 21 52 8941 1 247455 36909 1.6 20 13 9 15 65% 113 36622 133 71%
c e  8.06 98 17 21 52 8941 1 247455 36909 1.6 20 13 9 15 65% 102 36684 129 69%
c !  8.19 99 17 21 52 8941 1 247455 36909 1.6 20 13 9 15 65% 102 36684 129 69%
c u  8.23 99 17 21 52 8941 1 247776 33519 1.6 20 13 9 15 65% 102 36684 129 69%
c v  8.25 99 17 21 52 8941 1 247776 33505 1.6 20 13 9 15 65% 102 36684 129 69%
c w  8.26 99 17 21 52 8941 1 247776 33502 1.6 20 13 9 15 65% 102 36684 129 69%
c x  8.28 99 17 21 52 8941 1 247776 33494 1.6 20 13 9 15 65% 102 36440 129 69%
c f  8.28 99 17 21 52 8941 1 247776 33494 1.6 20 13 9 15 65% 112 36368 132 71%
c u  8.31 105 17 21 52 8941 1 247776 33431 1.6 20 13 9 15 65% 112 36368 132 71%
c v  8.34 106 17 21 52 8941 1 247776 33396 1.6 20 13 9 15 65% 112 36368 132 71%
c
c seconds    switched    rate          size/glue  tier1    binary       remaining
c         MB   reductions  conflicts         size   tier2     irredundant
c          level    restarts      redundant     glue    trail       variables
c
c w  8.35 106 17 21 52 8941 1 247776 33391 1.6 20 13 9 15 65% 112 36368 132 71%
c x  8.36 107 17 21 52 8941 1 247776 33382 1.6 20 13 9 15 65% 112 36179 132 71%
c -  8.57 110 17 21 53 8946 1 254421 34979 1.6 20 13 9 15 65% 112 36179 132 71%
c ]  8.65 110 17 22 53 8947 1 256656 36796 1.6 20 13 9 15 65% 112 36179 132 71%
c {  8.65 110 13 22 53 8947 2 256656 36796 1.5 14 10 7 11 56% 112 36179 132 71%
c -  8.77 110 13 22 54 8950 2 261701 36883 1.5 14 10 7 11 57% 112 36179 132 71%
c -  8.95 110 13 22 55 8950 2 269050 38911 1.6 15 9 7 11 58% 112 36179 132 71%
c -  9.10 110 13 22 56 8950 2 276467 41665 1.6 15 9 7 11 59% 112 36179 132 71%
c -  9.30 110 12 22 57 8950 2 283950 45062 1.7 15 9 7 11 60% 112 36179 132 71%
c }  9.42 110 12 23 57 8950 2 288173 48895 1.7 16 9 7 11 60% 112 36179 132 71%
c [  9.42 110 17 23 57 8950 1 288173 48895 1.6 20 13 9 15 65% 112 36179 132 71%
c W  9.42 114 17 23 57 8950 1 288173 48895 1.6 20 13 9 15 65% 112 36179 132 71%
c o  9.42 114 17 23 57 8950 1 288173 48895 1.6 20 13 9 15 65% 112 36179 132 71%
c -  9.51 115 17 23 58 8952 1 291500 47873 1.6 20 13 9 15 65% 112 36179 132 71%
c u  9.59 123 17 23 58 8953 1 292922 49126 1.6 20 13 9 15 65% 112 36179 132 71%
c v  9.62 124 17 23 58 8953 1 292922 49125 1.6 20 13 9 15 65% 112 36179 132 71%
c w  9.63 124 17 23 58 8953 1 292922 49124 1.6 20 13 9 15 65% 112 36179 132 71%
c x  9.65 125 17 23 58 8953 1 292922 49113 1.6 20 13 9 15 65% 112 35908 132 71%
c -  9.82 130 17 23 59 8956 1 299117 50520 1.6 20 13 8 15 65% 112 35908 132 71%
c - 10.04 131 17 23 60 8962 1 306798 52947 1.6 20 13 8 15 65% 112 35908 132 71%
c
c seconds    switched    rate          size/glue  tier1    binary       remaining
c         MB   reductions  conflicts         size   tier2     irredundant
c          level    restarts      redundant     glue    trail       variables
c
c ] 10.25 131 17 24 60 8964 1 313715 58135 1.6 20 13 8 15 65% 112 35908 132 71%
c { 10.25 131 12 24 60 8964 2 313715 58135 1.7 16 9 7 11 60% 112 35908 132 71%
c - 10.28 131 12 24 61 9039 2 314543 45896 1.7 16 9 6 11 60% 112 35908 132 71%
c - 10.54 132 12 24 62 9594 2 322357 44558 1.7 15 9 6 11 60% 112 35908 132 71%
c - 10.81 132 12 24 63 9812 2 330232 44483 1.7 15 9 6 11 60% 112 35908 132 71%
c - 11.11 132 12 24 64 10108 2 338170 45510 1.7 15 9 6 11 60% 112 35908 132 71%
c u 11.30 130 12 24 64 10300 2 342259 48482 1.7 15 9 6 11 60% 112 35908 132 71%
c v 11.34 133 12 24 64 10300 2 342259 48470 1.7 15 9 6 11 60% 112 35908 132 71%
c w 11.36 133 12 24 64 10300 2 342259 48466 1.7 15 9 6 11 60% 112 35908 132 71%
c x 11.39 134 12 24 64 10300 2 342259 48453 1.7 15 9 6 11 60% 112 35355 132 71%
c - 11.51 134 12 24 65 10365 2 346170 46953 1.7 15 9 6 10 60% 112 35355 132 71%
c } 11.64 134 12 25 65 10554 1 350393 49902 1.7 15 9 6 10 60% 113 35355 132 71%
c [ 11.64 134 17 25 65 10554 1 350393 49902 1.6 20 13 8 15 65% 113 35355 132 71%
c I 11.64 134 17 25 65 10554 1 350393 49902 1.6 20 13 8 15 65% 113 35355 132 71%
c - 11.76 134 17 25 66 10556 1 354232 48538 1.6 20 12 8 15 65% 113 35355 132 71%
c s 11.95 134 17 25 66 10557 1 354699 48944 1.6 20 12 8 15 65% 113 34930 132 71%
c e 11.95 135 17 25 66 10557 1 354699 48944 1.6 20 12 8 15 65% 108 34979 129 69%
c s 12.13 135 17 25 66 10557 1 354699 48944 1.6 20 12 8 15 65% 108 34972 129 69%
c - 12.31 135 16 25 67 10560 1 362357 32111 1.6 20 12 8 15 66% 108 34972 129 69%
c - 12.54 135 16 25 68 10566 1 370544 35691 1.6 19 12 8 15 66% 108 34972 129 69%
c
c seconds    switched     rate          size/glue  tier1    binary       remaining
c         MB   reductions   conflicts         size   tier2     irredundant
c          level    restarts       redundant     glue    trail       variables
c
c - 12.77 135 16 25 69 10568 1 378793 37409 1.6 19 12 8 15 66% 108 34972 129 69%
c - 13.03 135 16 25 70 10571 1 387100 37826 1.6 19 12 8 14 65% 108 34972 129 69%
c B 13.11 135 16 25 70 10574 1 389835 39672 1.6 19 12 8 14 65% 108 34972 129 69%
c o 13.11 135 16 25 70 10574 1 389835 39672 1.6 19 12 8 14 65% 108 34972 129 69%
c - 13.25 135 16 25 71 10575 1 395467 38895 1.6 19 12 8 14 65% 108 34972 129 69%
c u 13.30 135 16 25 71 10576 1 395897 39236 1.6 19 12 8 14 65% 108 34972 129 69%
c v 13.34 133 16 25 71 10576 1 395897 39206 1.6 19 12 8 14 65% 108 34972 129 69%
c w 13.36 133 16 25 71 10576 1 395897 39199 1.6 19 12 8 14 65% 108 34972 129 69%
c x 13.39 134 16 25 71 10576 1 395897 39187 1.6 19 12 8 14 65% 108 34416 129 69%
c f 13.39 134 16 25 71 10576 1 395897 39187 1.6 19 12 8 14 65% 109 34398 130 70%
c u 13.43 137 16 25 71 10576 1 395897 39164 1.6 19 12 8 14 65% 109 34398 130 70%
c v 13.47 137 16 25 71 10576 1 395897 39117 1.6 19 12 8 14 65% 109 34398 130 70%
c w 13.48 137 16 25 71 10576 1 395897 39112 1.6 19 12 8 14 65% 109 34398 130 70%
c x 13.51 137 16 25 71 10576 1 395897 39096 1.6 19 12 8 14 65% 109 34074 130 70%
c ] 13.74 140 16 26 71 10577 1 397417 40333 1.6 19 12 8 14 65% 109 34074 130 70%
c { 13.74 140 12 26 71 10577 1 397417 40333 1.7 15 9 6 10 60% 109 34074 130 70%
c - 13.93 141 12 26 72 10735 1 403895 39959 1.7 15 9 6 10 60% 109 34074 130 70%
c - 14.19 146 12 26 73 10991 1 412382 41557 1.7 14 9 6 10 60% 109 34074 130 70%
c - 14.53 146 12 26 74 11377 1 420927 43920 1.7 14 9 6 10 61% 109 34074 130 70%
c - 14.85 147 12 26 75 11901 1 429529 46197 1.6 14 9 6 10 61% 110 34074 130 70%
c
c seconds    switched     rate          size/glue tier1    binary       remaining
c         MB   reductions   conflicts         size  tier2     irredundant
c          level    restarts       redundant    glue    trail       variables
c
c - 15.20 147 12 26 76 12187 1 438189 48054 1.6 14 9 6 10 61% 111 34074 130 70%
c } 15.27 147 12 27 76 12339 1 439636 49248 1.6 14 9 6 10 61% 111 34074 130 70%
c [ 15.27 147 16 27 76 12339 1 439636 49248 1.6 19 12 8 14 65% 111 34074 130 70%
c W 15.28 148 16 27 76 12339 1 439636 49248 1.6 19 12 8 14 65% 111 34074 130 70%
c - 15.52 148 16 27 77 12344 1 446906 50473 1.6 19 12 8 14 65% 111 34074 130 70%
c u 15.79 148 16 27 77 12347 1 453984 55815 1.6 19 12 8 14 65% 111 34074 130 70%
c v 15.84 148 16 27 77 12347 1 453984 55723 1.6 19 12 8 14 65% 111 34074 130 70%
c w 15.86 149 16 27 77 12347 1 453984 55720 1.6 19 12 8 14 65% 111 34074 130 70%
c x 15.90 149 16 27 77 12347 1 453984 55704 1.6 19 12 8 14 65% 111 33381 130 70%
c - 15.96 150 16 27 78 12348 1 455681 52459 1.6 19 12 8 14 65% 111 33381 130 70%
c - 16.22 150 16 27 79 12353 1 464513 54516 1.6 19 12 8 14 65% 111 33381 130 70%
c - 16.47 150 16 27 80 12354 1 473401 56018 1.6 19 12 8 14 65% 111 33381 130 70%
c - 16.78 150 16 27 81 12360 1 482346 56124 1.6 19 12 7 14 65% 111 33381 130 70%
c s 17.13 150 16 27 81 12362 1 486272 59440 1.6 19 12 7 14 65% 112 33011 130 70%
c e 17.13 150 16 27 81 12362 1 486272 59440 1.6 19 12 7 14 65% 107 33041 128 68%
c s 17.18 150 16 27 81 12362 1 486272 59440 1.6 19 12 7 14 65% 107 32638 128 68%
c o 17.18 150 16 27 81 12362 1 486272 51498 1.6 19 12 7 14 65% 107 32638 128 68%
c O 17.23 150 16 27 81 12363 1 487797 52743 1.6 19 12 7 14 65% 107 32638 128 68%
c ] 17.33 150 16 28 81 12364 1 489675 54197 1.6 19 12 7 14 65% 107 32638 128 68%
c { 17.33 150 12 28 81 12364 1 489675 54197 1.6 14 9 6 10 61% 107 32638 128 68%
c
c seconds    switched     rate          size/glue tier1    binary       remaining
c         MB   reductions   conflicts         size  tier2     irredundant
c          level    restarts       redundant    glue    trail       variables
c
c - 17.41 150 12 28 82 12513 1 491346 49363 1.6 14 9 6 10 61% 107 32638 128 68%
c - 17.79 150 12 28 83 12987 1 500402 52348 1.6 14 9 6 10 61% 107 32638 128 68%
c - 18.14 150 12 28 84 13270 1 509514 54569 1.6 14 9 6 10 61% 107 32638 128 68%
c u 18.45 148 12 28 84 13609 1 516552 59951 1.6 14 9 6 10 61% 107 32638 128 68%
c v 18.51 149 12 28 84 13609 1 516552 59882 1.6 14 9 6 10 61% 107 32638 128 68%
c w 18.53 149 12 28 84 13609 1 516552 59855 1.6 14 9 6 10 61% 107 32638 128 68%
c x 18.57 149 12 28 84 13609 1 516552 59844 1.6 14 9 6 10 61% 107 32418 128 68%
c - 18.67 150 12 28 85 13731 1 518679 56892 1.6 14 9 6 10 61% 107 32418 128 68%
c - 19.06 150 11 28 86 13983 1 527899 58357 1.6 14 8 6 10 61% 111 32418 128 68%
c - 19.48 150 11 28 87 14602 1 537172 60202 1.6 14 8 6 10 61% 112 32418 128 68%
c } 19.49 150 11 29 87 14606 1 537813 60716 1.6 14 8 6 10 61% 112 32418 128 68%
c [ 19.49 150 16 29 87 14606 1 537813 60716 1.6 19 12 7 14 65% 112 32418 128 68%
c B 19.58 150 16 29 87 14608 1 540584 62772 1.6 19 12 7 14 65% 112 32418 128 68%
c - 19.77 150 16 29 88 14612 1 546504 62733 1.6 19 12 7 14 65% 112 32418 128 68%
c - 20.07 150 16 29 89 14617 1 555887 64434 1.6 20 12 7 14 65% 112 32418 128 68%
c - 20.43 150 16 29 90 14620 1 565323 65783 1.6 20 12 7 14 65% 112 32418 128 68%
c - 20.76 150 16 29 91 14623 1 574809 67108 1.6 19 12 7 14 65% 112 32418 128 68%
c u 21.15 150 16 29 91 14628 1 583710 73845 1.6 19 12 7 14 65% 112 32418 128 68%
c v 21.21 151 16 29 91 14628 1 583710 73800 1.6 19 12 7 14 65% 112 32418 128 68%
c w 21.23 151 16 29 91 14628 1 583710 73784 1.6 19 12 7 14 65% 112 32418 128 68%
c
c seconds    switched     rate          size/glue  tier1    binary       remaining
c         MB   reductions   conflicts         size   tier2     irredundant
c          level    restarts       redundant     glue    trail       variables
c
c x 21.29 151 16 29 91 14628 1 583710 73781 1.6 19 12 7 14 65% 112 32351 128 68%
c o 21.29 151 16 29 91 14628 1 583710 73781 1.6 19 12 7 14 65% 112 32351 128 68%
c - 21.33 151 16 29 92 14629 1 584348 67917 1.6 19 12 7 14 65% 112 32351 128 68%
c - 21.67 151 15 29 93 14634 1 593939 68767 1.6 19 12 7 14 65% 112 32351 128 68%
c ] 21.70 151 15 30 93 14634 1 594864 69506 1.6 19 12 7 14 65% 112 32351 128 68%
c { 21.70 151 11 30 93 14634 1 594864 69506 1.6 14 8 6 10 61% 112 32351 128 68%
c - 22.12 151 11 30 94 14894 1 603582 69382 1.6 13 8 6 10 62% 114 32351 128 68%
c - 22.58 151 11 30 95 15323 1 613278 70167 1.6 13 8 6 10 62% 115 32351 128 68%
c i 22.93 151 11 30 95 15399 1 622540 76013 1.6 13 8 6 10 62% 129 32351 126 67%
c - 22.96 151 11 30 96 15464 1 623024 58172 1.6 13 8 6 10 62% 107 32351 126 67%
c - 23.42 151 11 30 97 16014 1 632824 51599 1.6 13 8 5 10 62% 107 32351 126 67%
c - 23.82 151 11 30 98 16407 1 642672 53806 1.6 13 8 5 10 62% 108 32351 126 67%
c s 24.14 151 11 30 98 16433 1 644076 54841 1.6 13 8 5 10 62% 108 32130 126 67%
c } 24.39 151 11 31 98 16597 1 649299 58381 1.6 13 8 5 10 62% 111 32130 126 67%
c [ 24.39 151 15 31 98 16597 1 649299 58381 1.6 19 12 7 14 65% 111 32130 126 67%
c W 24.39 151 15 31 98 16597 1 649299 58381 1.6 19 12 7 14 65% 111 32130 126 67%
c - 24.54 151 15 31 99 16599 1 652571 55411 1.6 19 12 7 14 65% 111 32130 126 67%
c u 24.72 151 15 31 99 16601 1 655388 57304 1.6 19 12 7 14 65% 136 32107 126 67%
c v 24.79 151 15 31 99 16601 1 655388 57039 1.6 19 12 7 14 65% 136 32107 126 67%
c w 24.82 151 15 31 99 16601 1 655388 56971 1.6 19 12 7 14 65% 137 32107 126 67%
c
c seconds    switched     rate          size/glue  tier1    binary       remaining
c         MB   reductions   conflicts         size   tier2     irredundant
c          level    restarts       redundant     glue    trail       variables
c
c x 24.88 151 15 31 99 16601 1 655388 56964 1.6 19 12 7 14 65% 137 31932 126 67%
c t 24.89 151 15 31 99 16601 1 655388 56964 1.6 19 12 7 14 65% 136 31932 126 67%
c - 25.14 154 15 31 100 16604 1 662520 56353 1.6 18 12 7 14 65% 138 31932 126 67%
c i 25.25 154 15 31 100 16606 1 665522 58146 1.6 18 11 7 14 65% 143 31932 125 67%
c - 25.49 154 15 31 101 16610 1 672520 49419 1.6 18 11 7 14 65% 136 31932 125 67%
c i 25.88 154 15 31 101 16611 1 681703 55743 1.6 18 11 7 14 64% 144 31932 123 66%
c - 25.92 154 15 31 102 16612 1 682569 34815 1.6 18 11 7 14 64% 156 17079 123 66%
c - 26.22 154 15 31 103 16618 1 692668 39654 1.6 17 11 7 14 64% 156 17079 123 66%
c i 26.47 154 14 31 103 16622 1 699730 44064 1.6 17 11 7 14 64% 169 17079 119 64%
c o 26.47 154 14 31 103 16622 1 699730 44064 1.6 17 11 7 14 64% 169 17079 119 64%
c - 26.59 154 14 31 104 16624 1 702816 31529 1.6 17 11 6 13 64% 145 17078 119 64%
c i 26.62 154 14 31 104 16625 1 703643 31987 1.6 17 11 6 13 64% 149 17078 92 49%
c i 26.62 154 14 31 104 16625 1 703676 31996 1.6 17 11 6 13 64% 152 17078 86 46%
c i 26.62 154 14 31 104 16625 1 703684 32000 1.6 17 11 6 13 64% 153 17078 79 42%
c ] 26.62 154 14 31 104 16625 1 703688 32000 1.6 17 11 6 13 64% 155 17078 60 32%
c 0 26.62 154 11 31 104 16625 1 703688 32000 1.6 13 8 5 10 62% 155 17078 60 32%
c
c ---- [ result ] ------------------------------------------------------------
c
s UNSATISFIABLE
c
c ---- [ profiling ] ---------------------------------------------------------
c
c          22.41   84.17 %  search
c          11.24   42.22 %  focused
c          11.17   41.95 %  stable
c           4.18   15.71 %  simplify
c           2.44    9.15 %  probe
c           1.96    7.36 %  vivify
c           1.74    6.52 %  eliminate
c           1.69    6.34 %  subsume
c           0.37    1.38 %  sweep
c           0.31    1.16 %  reduce
c           0.08    0.31 %  substitute
c           0.03    0.11 %  walking
c           0.02    0.07 %  preprocess
c           0.02    0.06 %  factor
c           0.01    0.03 %  parse
c           0.01    0.03 %  congruence
c           0.00    0.01 %  lucky
c           0.00    0.01 %  transitive
c           0.00    0.00 %  backbone
c =============================================
c          26.62  100.00 %  total
c
c ---- [ statistics ] --------------------------------------------------------
c
c conflicts:                           703688            26429.55 per second
c decisions:                           923626                1.31 per conflict
c eliminated:                             232              124 %  variables
c factored:                               173               93 %  variables
c iterations:                               8                4 %  variables
c propagations:                      15665604           588378    per second
c reductions:                             104             6766    interval
c reordered:                               11            63972    interval
c rephased:                                20            35184    interval
c restarts:                             16625               42    interval
c strengthened:                            26                0 %  checks
c subsumed:                              2218                0 %  checks
c switched:                                31            22700    interval
c vivified:                             13528               27 %  checks
c walks:                                    7           100527    interval
c
c ---- [ glue usage ] --------------------------------------------------------
c
c focused glue 5   used 151841 clauses 15.30% accumulated 51.97% tier1
c focused glue 6   used 131322 clauses 13.23% accumulated 65.20%
c focused glue 7-8 used 184347 clauses 18.58% accumulated 83.78%
c focused glue 9   used  56632 clauses  5.71% accumulated 89.49%
c focused glue 10  used  37764 clauses  3.81% accumulated 93.29% tier2
c
c stable glue 6    used 116490 clauses  8.26% accumulated 50.93% tier1
c stable glue 7    used 104649 clauses  7.42% accumulated 58.35%
c stable glue 8-11 used 344000 clauses 24.40% accumulated 82.75%
c stable glue 12   used  57904 clauses  4.11% accumulated 86.85%
c stable glue 13   used  47870 clauses  3.39% accumulated 90.25% tier2
c
c ---- [ resources ] ---------------------------------------------------------
c
c maximum-resident-set-size:     165607899136 bytes     157936 MB
c process-time:                            27s              26.62 seconds
c
c ---- [ shutting down ] -----------------------------------------------------
c
c exit 20
