c ---- [ banner ] ------------------------------------------------------------
c
c Kissat SAT Solver
c 
c Copyright (c) 2021-2024 Armin Biere University of Freiburg
c Copyright (c) 2019-2021 Armin Biere Johannes Kepler University Linz
c 
c Version 4.0.4 8af8e56f174b778aef3aa45af9f739b2a5f492c2
c Apple clang version 17.0.0 (clang-1700.6.3.2) -W -Wall -O3 -DNDEBUG
c Mon Mar 30 18:25:47 CEST 2026 Darwin Mac 24.6.0 arm64
c
c ---- [ parsing ] -----------------------------------------------------------
c
c opened and reading DIMACS file:
c
c   tmp.cnf
c
c parsed 'p cnf 276 12650' header
c closing input after reading 987789 bytes (965 KB)
c finished parsing after 0.00 seconds
c
c ---- [ solving ] -----------------------------------------------------------
c
c seconds switched rate     size/glue tier1  binary       remaining
c        MB reductions conflicts size  tier2    irredundant
c         level restarts redundant glue  trail        variables
c
c *  0.00  5 0 0 0  0 0   0   0 0.0 0 0 0 0 0% 2024 10626 275 100%
c (  0.01  7 0 0 0  0 0   0   0 0.0 0 0 0 0 0% 2024 10626 275 100%
c .  0.01  7 0 0 0  0 0   0   0 0.0 0 0 0 0 0% 2024 10626 275 100%
c f  0.02 10 0 0 0  0 0   0   0 0.0 0 0 0 0 0% 694 10626 388 141%
c )  0.02 10 0 0 0  0 0   0   0 0.0 0 0 0 0 0% 694 10626 388 141%
c {  0.02 10 0 0 0  0 0   0   0 0.0 0 0 2 6 0% 694 10626 388 141%
c -  0.03 10 38 0 1  1 1 1001 653 2.1 19 9 8 11 73% 694 10626 388 141%
c }  0.03 10 38 1 1  1 1 1001 653 2.1 19 9 8 11 73% 694 10626 388 141%
c [  0.03 10 0 1 1  1 0 1001 653 0.0 0 0 2 6 0% 694 10626 388 141%
c B  0.03 10 0 1 1  1 0 1001 653 0.0 0 0 2 6 0% 694 10626 388 141%
c -  0.04 10 105 1 2  1 2 2002 1394 1.3 22 17 12 22 71% 694 10626 388 141%
c W  0.04 10 105 1 2  1 2 2002 1394 1.3 22 17 12 22 71% 694 10626 388 141%
c ]  0.04 10 102 2 2  1 2 2052 1438 1.3 22 17 12 22 70% 694 10626 388 141%
c {  0.04 10 38 2 2  1 1 2052 1438 2.1 19 9 8 11 73% 694 10626 388 141%
c u  0.06 10 29 2 2 337 2 2905 2000 1.5 18 12 8 11 57% 694 10626 388 141%
c v  0.06 10 29 2 2 337 2 2905 1998 1.5 18 12 8 11 57% 694 10626 388 141%
c w  0.06 10 29 2 2 337 2 2905 1997 1.5 18 12 8 11 57% 694 10626 388 141%
c x  0.06 10 29 2 2 337 2 2905 1996 1.5 18 12 8 11 57% 694 10611 388 141%
c }  0.07 10 28 3 2 391 2 3052 2098 1.5 18 12 10 15 56% 694 10611 388 141%
c [  0.07 10 102 3 2 391 2 3052 2098 1.3 22 17 12 22 70% 694 10611 388 141%
c
c seconds  switched  rate       size/glue  tier1     binary       remaining
c        MB reductions conflicts      size    tier2     irredundant
c         level restarts   redundant     glue     trail       variables
c
c -  0.07 10 80 3 3 391 1 3416 2289 1.3 21 16 13 21 62% 694 10611 388 141%
c I  0.08 10 56 3 3 392 1 4261 2737 1.3 20 15 13 21 53% 694 10611 388 141%
c -  0.08 10 43 3 4 393 1 5148 2893 1.3 17 13 11 16 57% 694 10611 388 141%
c ]  0.09 10 37 4 4 393 1 6107 3489 1.3 17 14 11 16 59% 694 10611 388 141%
c {  0.09 10 28 4 4 393 2 6107 3489 1.5 18 12 10 15 56% 694 10611 388 141%
c -  0.10 10 23 4 5 424 2 7149 3546 1.4 17 12 9 14 57% 694 10611 388 141%
c }  0.12 10 21 5 5 505 2 8460 4529 1.4 16 11 9 14 59% 694 10611 388 141%
c [  0.12 10 37 5 5 505 1 8460 4529 1.3 17 14 11 16 59% 694 10611 388 141%
c B  0.12 10 37 5 5 505 1 8460 4529 1.3 17 14 11 16 59% 694 10611 388 141%
c u  0.13 10 34 5 5 505 1 8945 4851 1.3 17 13 11 16 60% 694 10611 388 141%
c v  0.13 10 34 5 5 505 1 8945 4846 1.3 17 13 11 16 60% 694 10611 388 141%
c w  0.13 10 34 5 5 505 1 8945 4828 1.3 17 13 11 16 60% 694 10611 388 141%
c x  0.13 10 34 5 5 505 1 8945 4828 1.3 17 13 11 16 60% 694 10611 388 141%
c -  0.14 10 32 5 6 505 1 9385 4434 1.3 17 13 10 15 61% 694 10611 388 141%
c ]  0.16 10 27 6 6 507 1 11587 5911 1.3 16 12 10 15 62% 694 10611 388 141%
c {  0.16 10 21 6 6 507 2 11587 5911 1.4 16 11 9 14 59% 694 10611 388 141%
c -  0.16 10 20 6 7 507 2 11834 5424 1.4 16 11 9 14 60% 694 10611 388 141%
c -  0.19 10 17 6 8 513 2 14479 6471 1.5 16 10 8 12 62% 694 10611 388 141%
c s  0.20 10 17 6 8 513 2 14512 6498 1.5 16 10 8 12 62% 694 10606 388 141%
c e  0.20 11 17 6 8 513 2 14512 6498 1.5 16 10 8 12 62% 207 9891 123 45%
c
c seconds  switched  rate        size/glue  tier1    binary      remaining
c        MB reductions conflicts       size   tier2    irredundant
c         level restarts    redundant     glue    trail      variables
c
c ^  0.21 11 17 6 8 513 2 14512 6498 1.5 16 10 8 12 62% 207 9891 123 45%
c o  0.21 11 17 6 8 513 2 14512 1092 1.5 16 10 8 12 62% 207 9891 123 45%
c }  0.22 11 16 7 8 513 2 15656 2028 1.5 15 10 8 12 66% 207 9891 123 45%
c [  0.22 11 27 7 8 513 1 15656 2028 1.3 16 12 10 15 62% 207 9891 123 45%
c W  0.22 12 27 7 8 513 1 15656 2028 1.3 16 12 10 15 62% 207 9891 123 45%
c -  0.23 12 26 7 9 514 1 17307 2979 1.3 17 13 10 16 66% 207 9891 123 45%
c u  0.24 13 25 7 9 515 1 18323 3831 1.4 18 13 10 16 68% 207 9891 123 45%
c v  0.25 13 25 7 9 515 1 18323 3831 1.4 18 13 10 16 68% 207 9891 123 45%
c w  0.25 13 25 7 9 515 1 18323 3830 1.4 18 13 10 16 68% 207 9891 123 45%
c x  0.25 13 25 7 9 515 1 18323 3829 1.4 18 13 10 16 68% 207 9834 123 45%
c ]  0.26 13 24 8 9 516 1 19898 4945 1.3 18 14 10 16 70% 207 9834 123 45%
c {  0.26 13 16 8 9 516 2 19898 4945 1.5 15 10 8 12 66% 207 9834 123 45%
c -  0.27 13 16 8 10 570 2 20308 4714 1.5 15 10 8 12 67% 207 9834 123 45%
c -  0.31 13 15 8 11 936 2 23470 6270 1.5 15 10 8 12 71% 207 9834 123 45%
c }  0.33 13 15 9 11 978 2 26057 7929 1.4 15 10 8 12 74% 207 9834 123 45%
c [  0.33 13 24 9 11 978 1 26057 7929 1.3 18 14 10 16 70% 207 9834 123 45%
c O  0.33 13 24 9 11 978 1 26057 7929 1.3 18 14 10 16 70% 207 9834 123 45%
c o  0.33 13 24 9 11 978 1 26057 7929 1.3 18 14 10 16 70% 207 9834 123 45%
c -  0.34 13 24 9 12 978 1 26786 7271 1.4 18 14 10 16 72% 207 9834 123 45%
c s  0.38 13 22 9 12 980 1 29244 9018 1.4 18 13 10 16 74% 207 9779 123 45%
c
c seconds  switched   rate        size/glue  tier1     binary      remaining
c        MB  reductions conflicts       size    tier2    irredundant
c         level  restarts    redundant     glue     trail      variables
c
c e  0.39 14 22 9 12 980 1 29244 9018 1.4 18 13 10 16 74% 218 9779 112 41%
c ^  0.40 14 22 9 12 980 1 29244 9018 1.4 18 13 10 16 74% 218 9779 112 41%
c ]  0.41 14 22 10 12 980 1 30210 6493 1.4 18 13 10 16 75% 218 9779 112 41%
c {  0.41 14 15 10 12 980 2 30210 6493 1.4 15 10 8 12 74% 218 9779 112 41%
c -  0.41 14 15 10 13 990 2 30253 5715 1.4 15 10 8 12 74% 218 9779 112 41%
c u  0.43 14 15 10 13 1102 2 31444 6511 1.4 15 10 8 12 74% 218 9779 112 41%
c v  0.43 14 15 10 13 1102 2 31444 6504 1.4 15 10 8 12 74% 218 9779 112 41%
c w  0.43 14 15 10 13 1102 2 31444 6503 1.4 15 10 8 12 74% 218 9779 112 41%
c x  0.43 14 15 10 13 1102 2 31444 6503 1.4 15 10 8 12 74% 218 9773 112 41%
c -  0.47 15 14 10 14 1251 2 33860 7500 1.4 14 10 8 12 76% 218 9773 112 41%
c -  0.51 15 14 10 15 1392 2 37602 8887 1.4 14 10 8 12 77% 218 9773 112 41%
c }  0.52 15 14 11 15 1424 2 38837 9820 1.4 14 10 8 12 78% 218 9773 112 41%
c [  0.52 15 22 11 15 1424 1 38837 9820 1.4 18 13 10 16 75% 218 9773 112 41%
c B  0.52 15 22 11 15 1424 1 38837 9820 1.4 18 13 10 16 75% 218 9773 112 41%
c -  0.54 15 21 11 16 1426 1 41474 10341 1.4 18 13 10 16 77% 218 9773 112 41%
c -  0.58 15 20 11 17 1429 1 45474 11645 1.4 18 13 10 15 79% 218 9773 112 41%
c u  0.61 17 20 11 17 1430 1 48348 13793 1.4 18 13 10 15 79% 218 9773 112 41%
c v  0.62 17 20 11 17 1430 1 48348 13777 1.4 18 13 10 15 79% 218 9773 112 41%
c w  0.62 17 20 11 17 1430 1 48348 13756 1.4 18 13 10 15 79% 218 9773 112 41%
c x  0.62 18 20 11 17 1430 1 48348 13756 1.4 18 13 10 15 79% 218 9769 112 41%
c
c seconds   switched    rate         size/glue  tier1     binary      remaining
c        MB   reductions  conflicts        size    tier2    irredundant
c         level    restarts     redundant     glue     trail      variables
c
c o  0.66 20 20 11 17 1430 1 48348 13756 1.4 18 13 10 15 79% 218 9769 112 41%
c ]  0.68 20 20 12 17 1430 1 49394 14528 1.4 18 13 10 15 80% 218 9769 112 41%
c {  0.68 20 14 12 17 1430 2 49394 14528 1.4 14 10 8 12 78% 218 9769 112 41%
c -  0.68 20 14 12 18 1480 2 49598 12851 1.4 14 10 8 12 78% 218 9769 112 41%
c -  0.73 20 14 12 19 1636 2 53840 13959 1.4 14 10 8 11 79% 218 9769 112 41%
c -  0.79 21 14 12 20 2012 2 58199 14866 1.4 14 10 8 12 79% 218 9769 112 41%
c }  0.81 21 13 13 20 2083 2 60874 16510 1.4 14 10 8 12 79% 218 9769 112 41%
c [  0.81 21 20 13 20 2083 1 60874 16510 1.4 18 13 10 15 80% 218 9769 112 41%
c W  0.82 22 20 13 20 2083 1 60874 16510 1.4 18 13 10 15 80% 218 9769 112 41%
c s  0.84 22 20 13 20 2083 1 61219 16795 1.4 18 13 10 15 80% 218 9745 112 41%
c e  0.85 23 20 13 20 2083 1 61219 16795 1.4 18 13 10 15 80% 219 9750 109 40%
c ^  0.87 23 20 13 20 2083 1 61219 16795 1.4 18 13 10 15 80% 219 9750 109 40%
c -  0.88 23 19 13 21 2084 1 62672 13052 1.4 18 13 9 15 80% 219 9750 109 40%
c -  0.92 23 18 13 22 2088 1 67255 14576 1.4 17 12 9 15 80% 219 9750 109 40%
c u  0.94 24 18 13 22 2089 1 69148 15838 1.4 17 12 9 15 80% 219 9750 109 40%
c v  0.95 24 18 13 22 2089 1 69148 15779 1.4 17 12 9 15 80% 219 9750 109 40%
c w  0.95 24 18 13 22 2089 1 69148 15749 1.4 17 12 9 15 80% 219 9750 109 40%
c x  0.96 24 18 13 22 2089 1 69148 15748 1.4 17 12 9 15 80% 219 9671 109 40%
c -  0.98 26 17 13 23 2089 1 71946 16223 1.4 17 12 9 14 81% 219 9671 109 40%
c ]  1.02 26 17 14 23 2092 1 75620 18664 1.4 17 12 9 14 82% 219 9671 109 40%
c
c seconds   switched    rate         size/glue  tier1    binary      remaining
c        MB   reductions  conflicts        size   tier2    irredundant
c         level    restarts     redundant     glue    trail      variables
c
c {  1.02 26 13 14 23 2092 2 75620 18664 1.4 14 10 8 12 79% 219 9671 109 40%
c -  1.04 26 13 14 24 2112 2 76741 17844 1.4 14 10 8 11 79% 219 9671 109 40%
c -  1.09 26 13 14 25 2202 2 81639 16990 1.4 13 10 7 11 79% 219 9671 109 40%
c -  1.15 26 13 14 26 2234 1 86640 17915 1.4 13 10 7 11 80% 220 9671 109 40%
c o  1.18 26 13 14 26 2240 1 89406 19572 1.4 13 9 7 11 80% 221 9671 109 40%
c }  1.20 26 13 15 26 2286 1 90337 20238 1.4 13 9 7 11 80% 221 9671 109 40%
c [  1.20 26 17 15 26 2286 1 90337 20238 1.4 17 12 9 14 82% 221 9671 109 40%
c I  1.20 26 17 15 26 2286 1 90337 20238 1.4 17 12 9 14 82% 221 9671 109 40%
c -  1.21 26 17 15 27 2287 1 91739 19077 1.4 17 12 8 14 82% 221 9671 109 40%
c u  1.24 26 16 15 27 2288 1 94022 20553 1.4 16 12 8 14 82% 221 9671 109 40%
c v  1.25 26 16 15 27 2288 1 94022 20523 1.4 16 12 8 14 82% 221 9671 109 40%
c w  1.25 26 16 15 27 2288 1 94022 20499 1.4 16 12 8 14 82% 221 9671 109 40%
c x  1.25 27 16 15 27 2288 1 94022 20499 1.4 16 12 8 14 82% 221 9652 109 40%
c -  1.29 27 16 15 28 2291 1 96936 20536 1.4 16 11 8 14 82% 221 9652 109 40%
c -  1.35 27 16 15 29 2292 1 102227 22162 1.4 16 11 8 13 82% 222 9652 109 40%
c ]  1.39 27 15 16 29 2295 1 105194 24101 1.4 16 11 8 13 82% 222 9652 109 40%
c {  1.39 27 13 16 29 2295 1 105194 24101 1.4 13 9 7 11 80% 222 9652 109 40%
c -  1.42 27 12 16 30 2308 1 107615 23641 1.4 13 9 7 11 80% 224 9652 109 40%
c i  1.43 27 12 16 30 2308 1 108578 24169 1.4 13 9 7 11 80% 230 9652 108 39%
c s  1.51 27 12 16 30 2599 1 112740 27032 1.4 13 9 7 11 81% 230 9594 108 39%
c
c seconds   switched    rate          size/glue tier1    binary      remaining
c        MB   reductions  conflicts         size  tier2    irredundant
c         level    restarts      redundant    glue    trail      variables
c
c e  1.52 27 12 16 30 2599 1 112740 27032 1.4 13 9 7 11 81% 231 9596 102 37%
c s  1.55 27 12 16 30 2599 1 112740 27032 1.4 13 9 7 11 81% 231 9594 102 37%
c ^  1.55 27 12 16 30 2599 1 112740 27032 1.4 13 9 7 11 81% 231 9594 102 37%
c -  1.56 28 12 16 31 2599 1 113094 1992 1.4 13 9 7 11 81% 231 9594 102 37%
c -  1.59 28 12 16 32 2960 2 118662 5469 1.4 13 9 7 11 81% 231 9594 102 37%
c u  1.64 28 12 16 32 3249 2 123099 8323 1.4 13 9 7 11 81% 231 9594 102 37%
c v  1.64 28 12 16 32 3249 2 123099 8257 1.4 13 9 7 11 81% 231 9594 102 37%
c w  1.65 28 12 16 32 3249 2 123099 8254 1.4 13 9 7 11 81% 231 9594 102 37%
c x  1.65 28 12 16 32 3249 2 123099 8250 1.4 13 9 7 11 81% 231 9570 102 37%
c }  1.66 28 12 17 32 3279 2 123531 8544 1.4 13 9 7 11 81% 231 9570 102 37%
c [  1.66 28 15 17 32 3279 1 123531 8544 1.4 16 11 8 13 82% 231 9570 102 37%
c B  1.66 28 15 17 32 3279 1 123531 8544 1.4 16 11 8 13 82% 231 9570 102 37%
c -  1.66 28 15 17 33 3279 1 124318 8462 1.4 16 11 8 13 83% 231 9570 102 37%
c -  1.71 28 15 17 34 3284 1 130062 10739 1.4 16 11 8 13 83% 231 9570 102 37%
c -  1.76 28 15 17 35 3285 1 135892 12570 1.4 16 11 8 13 83% 231 9570 102 37%
c -  1.82 29 15 17 36 3290 1 141811 14076 1.4 16 11 8 13 83% 231 9570 102 37%
c ]  1.82 29 15 18 36 3290 1 141866 14113 1.4 16 11 8 13 83% 231 9570 102 37%
c {  1.82 29 12 18 36 3290 2 141866 14113 1.4 13 9 7 11 81% 231 9570 102 37%
c o  1.82 29 12 18 36 3318 2 142027 14230 1.4 13 9 7 11 81% 231 9570 102 37%
c -  1.93 30 13 18 37 4780 2 147811 14014 1.4 13 10 7 11 80% 231 9570 102 37%
c
c seconds   switched    rate          size/glue  tier1    binary      remaining
c        MB   reductions  conflicts         size   tier2    irredundant
c         level    restarts      redundant     glue    trail      variables
c
c -  2.04 30 13 18 38 6235 2 153894 13799 1.3 14 10 7 12 79% 231 9570 102 37%
c u  2.11 32 14 18 38 6829 2 156492 15633 1.3 14 10 7 12 78% 231 9570 102 37%
c v  2.12 32 14 18 38 6829 2 156492 15531 1.3 14 10 7 12 78% 231 9570 102 37%
c w  2.12 32 14 18 38 6829 2 156492 15439 1.3 14 10 7 12 78% 231 9570 102 37%
c x  2.13 33 14 18 38 6829 2 156492 15411 1.3 14 10 7 12 78% 231 9500 102 37%
c -  2.27 36 14 18 39 7449 2 160059 15023 1.3 14 11 7 12 78% 231 9500 102 37%
c }  2.35 36 14 19 39 8048 2 164211 17664 1.3 14 11 7 12 78% 231 9500 102 37%
c [  2.35 36 15 19 39 8048 1 164211 17664 1.4 16 11 8 13 83% 231 9500 102 37%
c W  2.35 38 15 19 39 8048 1 164211 17664 1.4 16 11 8 13 83% 231 9500 102 37%
c -  2.37 38 15 19 40 8050 1 166303 16486 1.4 16 11 8 13 83% 231 9500 102 37%
c -  2.44 38 15 19 41 8054 1 172627 17764 1.4 15 11 8 13 83% 233 9500 102 37%
c -  2.50 38 14 19 42 8057 1 179030 18974 1.4 15 11 7 13 83% 234 9500 102 37%
c i  2.53 38 14 19 42 8058 1 181095 20067 1.4 15 11 7 13 83% 240 9500 101 37%
c -  2.57 38 14 19 43 8061 1 185510 11272 1.4 15 11 7 13 83% 227 9500 101 37%
c s  2.62 38 14 19 43 8061 1 186092 11652 1.4 15 11 7 13 83% 227 7222 101 37%
c e  2.62 38 14 19 43 8061 1 186092 11652 1.4 15 11 7 13 83% 227 7235 94 34%
c s  2.63 39 14 19 43 8061 1 186092 11652 1.4 15 11 7 13 83% 227 7225 94 34%
c e  2.63 39 14 19 43 8061 1 186092 11652 1.4 15 11 7 13 83% 226 7225 93 34%
c ^  2.63 39 14 19 43 8061 1 186092 11652 1.4 15 11 7 13 83% 226 7225 93 34%
c O  2.65 39 14 19 43 8061 1 188439 8047 1.4 15 11 7 13 83% 226 7225 93 34%
c
c seconds   switched    rate         size/glue  tier1    binary     remaining
c        MB   reductions  conflicts        size   tier2    irredundant
c         level    restarts     redundant     glue    trail     variables
c
c -  2.67 39 14 19 44 8062 1 192067 9750 1.4 15 11 7 13 83% 226 7225 93 34%
c u  2.69 39 14 19 44 8062 1 194327 11174 1.4 15 11 7 13 83% 226 7225 93 34%
c v  2.70 39 14 19 44 8062 1 194327 11020 1.4 15 11 7 13 83% 226 7225 93 34%
c w  2.70 39 14 19 44 8062 1 194327 10864 1.4 15 11 7 13 83% 226 7225 93 34%
c x  2.71 39 14 19 44 8062 1 194327 10860 1.4 15 11 7 13 83% 226 7109 93 34%
c o  2.71 39 14 19 44 8062 1 194327 10860 1.4 15 11 7 13 83% 226 7109 93 34%
c -  2.75 40 15 19 45 8064 1 198701 12730 1.4 16 11 7 13 83% 226 7109 93 34%
c -  2.81 40 14 19 46 8068 1 205409 15214 1.4 15 11 7 13 83% 226 7109 93 34%
c -  2.87 40 14 19 47 8072 1 212191 17034 1.4 16 11 7 13 83% 226 7109 93 34%
c B  2.91 40 14 19 47 8075 1 216181 19425 1.4 15 11 7 13 83% 227 7109 93 34%
c ]  2.93 40 14 20 47 8075 1 217628 20500 1.4 15 11 7 13 83% 227 7109 93 34%
c {  2.93 40 14 20 47 8075 2 217628 20500 1.3 14 11 7 12 78% 227 7109 93 34%
c -  2.94 40 14 20 48 8083 2 219047 18221 1.3 14 11 7 12 78% 227 7109 93 34%
c -  2.99 40 14 20 49 8143 2 225975 20017 1.3 14 10 7 12 79% 229 7109 93 34%
c -  3.05 40 13 20 50 8187 2 232977 21820 1.3 14 10 7 12 79% 231 7109 93 34%
c i  3.05 40 13 20 50 8187 2 233654 22188 1.3 14 10 7 12 79% 237 7109 92 33%
c u  3.10 40 13 20 50 8300 2 238385 14746 1.3 13 10 7 12 80% 238 7109 92 33%
c v  3.11 40 13 20 50 8300 2 238385 14506 1.3 13 10 7 12 80% 238 7109 92 33%
c w  3.12 40 13 20 50 8300 2 238385 14457 1.3 13 10 7 12 80% 238 7109 92 33%
c x  3.12 40 13 20 50 8300 2 238385 14457 1.3 13 10 7 12 80% 238 6960 92 33%
c
c seconds   switched    rate          size/glue  tier1    binary     remaining
c        MB   reductions  conflicts         size   tier2    irredundant
c         level    restarts      redundant     glue    trail     variables
c
c t  3.12 40 13 20 50 8300 2 238385 14457 1.3 13 10 7 12 80% 237 6960 92 33%
c -  3.14 40 13 20 51 8374 2 240048 14687 1.3 13 10 7 12 80% 222 6960 92 33%
c }  3.18 40 13 21 51 8447 2 244367 17508 1.3 13 10 7 12 80% 222 6960 92 33%
c [  3.18 40 14 21 51 8447 1 244367 17508 1.4 15 11 7 13 83% 222 6960 92 33%
c -  3.20 40 14 21 52 8449 1 247189 18904 1.4 15 11 7 13 83% 223 6960 92 33%
c W  3.20 40 14 21 52 8449 1 247631 19261 1.4 15 11 7 13 83% 223 6960 92 33%
c i  3.23 40 14 21 52 8451 1 250518 21104 1.4 15 11 7 13 83% 232 6960 91 33%
c -  3.26 40 14 21 53 8453 1 254401 17465 1.4 15 11 7 13 83% 217 6960 91 33%
c -  3.32 40 14 21 54 8457 1 261683 21066 1.4 15 11 7 12 83% 219 6960 91 33%
c i  3.35 40 14 21 54 8460 1 265176 23307 1.4 15 10 7 12 83% 225 6960 90 33%
c o  3.35 40 14 21 54 8460 1 265176 23307 1.4 15 10 7 12 83% 225 6960 90 33%
c ]  3.38 40 14 22 54 8460 1 267771 25233 1.4 15 10 7 12 84% 225 6960 90 33%
c {  3.38 40 13 22 54 8460 2 267771 25233 1.3 13 10 7 12 80% 225 6960 90 33%
c -  3.39 40 13 22 55 8460 2 269032 16709 1.4 13 10 7 11 80% 212 6960 90 33%
c -  3.46 40 12 22 56 8460 2 276448 19540 1.4 13 10 6 11 81% 213 6960 90 33%
c -  3.53 40 12 22 57 8460 2 283932 22288 1.4 13 9 6 11 81% 215 6960 90 33%
c s  3.58 40 12 22 57 8460 2 286968 24071 1.4 13 9 6 11 81% 216 4724 90 33%
c e  3.59 40 12 22 57 8460 2 286968 24071 1.4 13 9 6 11 81% 250 4727 85 31%
c !  3.59 40 12 22 57 8460 2 286968 24071 1.4 13 9 6 11 81% 250 4727 85 31%
c u  3.60 40 12 22 57 8460 2 287348 6538 1.4 13 9 6 11 81% 256 4727 85 31%
c
c seconds   switched    rate         size/glue tier1    binary     remaining
c        MB   reductions  conflicts        size  tier2    irredundant
c         level    restarts     redundant    glue    trail     variables
c
c v  3.61 40 12 22 57 8460 2 287348 6455 1.4 13 9 6 11 81% 259 4727 85 31%
c x  3.62 40 12 22 57 8460 2 287348 6454 1.4 13 9 6 11 81% 259 4454 85 31%
c t  3.62 40 12 22 57 8460 2 287348 6454 1.4 13 9 6 11 81% 250 4454 85 31%
c i  3.64 40 12 22 57 8460 2 290734 8541 1.4 13 9 6 11 82% 261 4454 84 31%
c -  3.65 40 11 22 58 8460 2 291481 6764 1.4 13 9 6 11 82% 247 4454 84 31%
c i  3.67 40 11 22 58 8460 1 294870 8942 1.4 12 9 6 11 82% 262 4454 83 30%
c -  3.70 40 11 22 59 8460 1 299096 8311 1.4 12 9 6 11 82% 240 4454 83 30%
c }  3.70 40 11 23 59 8460 1 299287 8396 1.4 12 9 6 11 82% 240 4454 83 30%
c [  3.70 40 14 23 59 8460 1 299287 8396 1.4 15 10 7 12 84% 240 4454 83 30%
c I  3.70 40 14 23 59 8460 1 299287 8396 1.4 15 10 7 12 84% 240 4454 83 30%
c -  3.74 40 14 23 60 8465 1 306779 12588 1.4 15 10 7 12 83% 246 4454 83 30%
c i  3.74 40 14 23 60 8465 1 306833 12607 1.4 15 10 7 12 83% 250 4454 82 30%
c -  3.81 40 14 23 61 8469 1 314527 12037 1.4 15 10 7 12 83% 239 4454 82 30%
c i  3.81 40 14 23 61 8469 1 315003 12286 1.4 15 10 7 12 83% 244 4454 69 25%
c i  3.83 40 14 23 61 8470 1 316880 13411 1.4 15 10 7 12 83% 249 4454 61 22%
c i  3.83 40 14 23 61 8471 1 317409 13652 1.4 15 10 7 12 83% 254 4454 53 19%
c i  3.83 40 14 23 61 8471 1 317422 13659 1.4 15 10 7 12 83% 254 4454 52 19%
c ]  3.83 40 14 23 61 8471 1 317584 13717 1.4 15 10 7 12 83% 260 4454 46 17%
c 0  3.83 40 11 23 61 8471 1 317584 13717 1.4 12 9 6 11 82% 260 4454 46 17%
c
c ---- [ result ] ------------------------------------------------------------
c
s UNSATISFIABLE
c
c ---- [ profiling ] ---------------------------------------------------------
c
c           3.19   83.18 %  search
c           1.65   43.00 %  focused
c           1.54   40.17 %  stable
c           0.62   16.22 %  simplify
c           0.38    9.94 %  probe
c           0.25    6.56 %  eliminate
c           0.24    6.17 %  vivify
c           0.21    5.50 %  subsume
c           0.12    3.24 %  sweep
c           0.07    1.82 %  reduce
c           0.02    0.45 %  preprocess
c           0.01    0.37 %  substitute
c           0.01    0.16 %  walking
c           0.00    0.09 %  parse
c           0.00    0.07 %  factor
c           0.00    0.06 %  congruence
c           0.00    0.06 %  lucky
c           0.00    0.02 %  transitive
c           0.00    0.01 %  backbone
c =============================================
c           3.83  100.00 %  total
c
c ---- [ statistics ] --------------------------------------------------------
c
c conflicts:                           317584            82855.23 per second
c decisions:                           424585                1.34 per conflict
c eliminated:                             298              108 %  variables
c factored:                               113               41 %  variables
c iterations:                              13                5 %  variables
c propagations:                       5429518          1416520    per second
c reductions:                              61             5206    interval
c reordered:                                7            45369    interval
c rephased:                                15            21172    interval
c restarts:                              8471               37    interval
c strengthened:                           119                0 %  checks
c subsumed:                              4668                0 %  checks
c switched:                                23            13808    interval
c vivified:                              4665               71 %  checks
c walks:                                    5            63517    interval
c
c ---- [ glue usage ] --------------------------------------------------------
c
c focused glue 6   used 66732 clauses 14.65% accumulated 57.47% tier1
c focused glue 7   used 55007 clauses 12.08% accumulated 69.55%
c focused glue 8-9 used 69132 clauses 15.18% accumulated 84.73%
c focused glue 10  used 21010 clauses  4.61% accumulated 89.34%
c focused glue 11  used 14752 clauses  3.24% accumulated 92.58% tier2
c
c stable glue 7    used 68647 clauses 11.22% accumulated 57.96% tier1
c stable glue 8    used 59290 clauses  9.69% accumulated 67.65%
c stable glue 9-10 used 88588 clauses 14.48% accumulated 82.14%
c stable glue 11   used 30602 clauses  5.00% accumulated 87.14%
c stable glue 12   used 23441 clauses  3.83% accumulated 90.98% tier2
c
c ---- [ resources ] ---------------------------------------------------------
c
c maximum-resident-set-size:      43150999552 bytes      41152 MB
c process-time:                             4s               3.83 seconds
c
c ---- [ shutting down ] -----------------------------------------------------
c
c exit 20
