c ---- [ banner ] ------------------------------------------------------------
c
c Kissat SAT Solver
c 
c Copyright (c) 2021-2024 Armin Biere University of Freiburg
c Copyright (c) 2019-2021 Armin Biere Johannes Kepler University Linz
c 
c Version 4.0.4 8af8e56f174b778aef3aa45af9f739b2a5f492c2
c Apple clang version 17.0.0 (clang-1700.6.3.2) -W -Wall -O3 -DNDEBUG
c Mon Mar 30 18:25:47 CEST 2026 Darwin Mac 24.6.0 arm64
c
c ---- [ parsing ] -----------------------------------------------------------
c
c opened and reading DIMACS file:
c
c   tmp.cnf
c
c parsed 'p cnf 120 24310' header
c closing input after reading 624915 bytes (610 KB)
c finished parsing after 0.00 seconds
c
c ---- [ solving ] -----------------------------------------------------------
c
c seconds switched rate     size/glue tier1 binary       remaining
c        MB reductions conflicts size  tier2   irredundant
c         level restarts redundant glue  trail       variables
c
c *  0.00  7 0 0 0  0 0   0   0 0.0 0 0 0 0 0%   0 24310 105 100%
c (  0.01  7 0 0 0  0 0   0   0 0.0 0 0 0 0 0%   0 24310 105 100%
c .  0.01  7 0 0 0  0 0   0   0 0.0 0 0 0 0 0%   0 24310 105 100%
c )  0.02  8 0 0 0  0 0   0   0 0.0 0 0 0 0 0%   0 24310 105 100%
c {  0.02  8 0 0 0  0 0   0   0 0.0 0 0 2 6 0%   0 24310 105 100%
c -  0.03  8 21 0 1 63 2 1001 597 1.4 16 11 10 14 50%   0 24310 105 100%
c }  0.03  8 21 1 1 63 2 1001 597 1.4 16 11 10 14 50%   0 24310 105 100%
c [  0.03  8 0 1 1 63 0 1001 597 0.0 0 0 2 6 0%   0 24310 105 100%
c B  0.03  8 0 1 1 63 0 1001 597 0.0 0 0 2 6 0%   0 24310 105 100%
c -  0.04  8 24 1 2 63 1 2002 1414 1.5 17 11 10 15 47%   0 24310 105 100%
c W  0.04  8 24 1 2 63 1 2002 1414 1.5 17 11 10 15 47%   0 24310 105 100%
c ]  0.04  8 24 2 2 64 1 2102 1506 1.5 17 11 10 15 48%   0 24310 105 100%
c {  0.04  8 21 2 2 64 2 2102 1506 1.4 16 11 10 14 50%   0 24310 105 100%
c u  0.05  8 18 2 2 72 2 2670 1978 1.4 15 11 10 14 48%   0 24310 105 100%
c v  0.05  8 18 2 2 72 2 2670 1971 1.4 15 11 10 14 48%   0 24310 105 100%
c w  0.06  8 18 2 2 72 2 2670 1969 1.4 15 11 10 14 48%   0 24310 105 100%
c }  0.06  8 18 3 2 86 2 3102 2320 1.4 15 11 10 14 47%   0 24310 105 100%
c [  0.06  8 24 3 2 86 1 3102 2320 1.5 17 11 10 15 48%   0 24310 105 100%
c -  0.07  8 22 3 3 86 1 3418 2410 1.5 17 11 10 15 47%   0 24310 105 100%
c ]  0.07  8 20 4 3 87 1 4213 3051 1.5 16 11 10 15 47%   0 24310 105 100%
c
c seconds  switched rate       size/glue  tier1     binary       remaining
c        MB reductions conflicts     size    tier2     irredundant
c         level restarts  redundant     glue     trail       variables
c
c {  0.07  8 18 4 3 87 2 4213 3051 1.4 15 11 10 14 47%   0 24310 105 100%
c -  0.08  8 16 4 4 101 1 5153 3469 1.4 15 11 10 13 46%   0 24310 105 100%
c }  0.10  8 15 5 4 111 1 6566 4501 1.4 15 10 10 13 44%   0 24310 105 100%
c [  0.10  8 20 5 4 111 1 6566 4501 1.5 16 11 10 15 47%   0 24310 105 100%
c I  0.10  8 20 5 4 111 1 6566 4501 1.5 16 11 10 15 47%   0 24310 105 100%
c -  0.10  8 18 5 5 111 1 7153 4592 1.5 16 11 10 14 47%   0 24310 105 100%
c u  0.11  8 17 5 5 112 1 8223 5375 1.5 16 11 10 14 48%   0 24310 105 100%
c v  0.12  8 17 5 5 112 1 8223 5340 1.5 16 11 10 14 48%   0 24310 105 100%
c w  0.12  8 17 5 5 112 1 8223 5332 1.5 16 11 10 14 48%   0 24310 105 100%
c ]  0.14  8 17 6 5 113 1 9219 6097 1.4 16 11 10 14 49%   0 24310 105 100%
c {  0.14  8 15 6 5 113 1 9219 6097 1.4 15 10 10 13 44%   0 24310 105 100%
c -  0.14  8 15 6 6 121 1 9389 5342 1.4 15 10 9 13 44%   0 24310 105 100%
c -  0.16  9 14 6 7 121 1 11838 6667 1.5 15 10 9 12 45%   0 24310 105 100%
c }  0.18  9 14 7 7 121 1 13288 7860 1.5 15 10 9 12 45%   0 24310 105 100%
c [  0.18  9 17 7 7 121 1 13288 7860 1.4 16 11 10 14 49%   0 24310 105 100%
c B  0.18  9 17 7 7 121 1 13288 7860 1.4 16 11 10 14 49%   0 24310 105 100%
c o  0.18  9 17 7 7 121 1 13288 7860 1.4 16 11 10 14 49%   0 24310 105 100%
c e  0.19  9 17 7 7 121 1 13348 7910 1.4 16 11 10 14 49%   0 23602 91 87%
c ^  0.19  9 17 7 7 121 1 13348 7910 1.4 16 11 10 14 49%   0 23602 91 87%
c -  0.20  9 17 7 8 122 1 14486 8009 1.4 17 12 10 15 51%   0 23602 91 87%
c
c seconds  switched  rate        size/glue  tier1     binary      remaining
c        MB reductions conflicts       size    tier2     irredundant
c         level restarts    redundant     glue     trail      variables
c
c u  0.23 12 17 7 8 123 1 16848 9731 1.4 17 12 10 15 52%   0 23602 91 87%
c v  0.23 12 17 7 8 123 1 16848 9727 1.4 17 12 10 15 52%   0 23602 91 87%
c w  0.23 12 17 7 8 123 1 16848 9710 1.4 17 12 10 15 52%   0 23602 91 87%
c ]  0.24 13 17 8 8 123 1 17177 9957 1.4 17 12 10 15 52%   0 23602 91 87%
c {  0.24 13 14 8 8 123 1 17177 9957 1.5 15 10 9 12 45%   0 23602 91 87%
c -  0.24 13 14 8 9 145 1 17314 9073 1.5 15 10 9 12 45%   0 23602 91 87%
c -  0.28 13 15 8 10 680 2 20315 10289 1.5 15 10 9 13 47%   0 23602 91 87%
c }  0.32 13 14 9 10 861 2 23336 12550 1.5 15 10 9 13 48%   0 23602 91 87%
c [  0.32 13 17 9 10 861 1 23336 12550 1.4 17 12 10 15 52%   0 23602 91 87%
c W  0.32 14 17 9 10 861 1 23336 12550 1.4 17 12 10 15 52%   0 23602 91 87%
c o  0.32 14 17 9 10 861 1 23336 12550 1.4 17 12 10 15 52%   0 23602 91 87%
c -  0.32 15 17 9 11 861 1 23479 11334 1.4 17 12 10 15 52%   0 23602 91 87%
c ^  0.37 16 17 9 11 863 1 26735 13564 1.4 17 12 10 15 54%   0 23602 91 87%
c -  0.37 16 17 9 12 863 1 26795 12135 1.4 17 12 10 15 54%   0 23602 91 87%
c u  0.40 16 17 9 12 865 1 28760 13566 1.4 17 12 10 15 54%   0 23602 91 87%
c v  0.41 16 17 9 12 865 1 28760 13532 1.4 17 12 10 15 54%   0 23602 91 87%
c w  0.41 16 17 9 12 865 1 28760 13498 1.4 17 12 10 15 54%   0 23602 91 87%
c ]  0.43 16 17 10 12 866 1 29899 14330 1.4 17 12 10 15 54%   0 23602 91 87%
c {  0.43 16 14 10 12 866 2 29899 14330 1.5 15 10 9 13 48%   0 23602 91 87%
c -  0.43 16 14 10 13 922 2 30259 13307 1.4 15 10 9 13 48%   0 23602 91 87%
c
c seconds   switched    rate         size/glue  tier1    binary      remaining
c        MB   reductions  conflicts        size   tier2     irredundant
c         level    restarts     redundant     glue    trail      variables
c
c -  0.49 17 15 10 14 1305 2 33864 14701 1.4 15 10 9 13 49%   0 23602 91 87%
c -  0.54 17 14 10 15 1556 2 37605 15757 1.4 15 10 9 13 49%   0 23602 91 87%
c }  0.56 17 14 11 15 1576 2 38528 16498 1.4 15 10 9 13 50%   0 23602 91 87%
c [  0.56 17 17 11 15 1576 1 38528 16498 1.4 17 12 10 15 54%   0 23602 91 87%
c O  0.56 17 17 11 15 1576 1 38528 16498 1.4 17 12 10 15 54%   0 23602 91 87%
c -  0.59 17 16 11 16 1578 1 41477 17157 1.4 17 12 10 15 53%   0 23602 91 87%
c u  0.63 22 16 11 16 1580 1 44100 19032 1.4 16 12 10 15 53%   0 23602 91 87%
c v  0.64 22 16 11 16 1580 1 44100 18965 1.4 16 12 10 15 53%   0 23602 91 87%
c w  0.65 22 16 11 16 1580 1 44100 18919 1.4 16 12 10 15 53%   0 23602 91 87%
c o  0.66 23 16 11 16 1580 1 44100 18919 1.4 16 12 10 15 53%   0 23602 91 87%
c -  0.68 23 16 11 17 1581 1 45477 18585 1.4 16 12 10 15 53%   0 23602 91 87%
c B  0.70 23 16 11 17 1582 1 48291 20679 1.4 17 12 10 15 53%   0 23602 91 87%
c ]  0.72 23 16 12 17 1582 1 49468 21448 1.4 17 12 10 15 53%   0 23602 91 87%
c {  0.72 23 14 12 17 1582 2 49468 21448 1.4 15 10 9 13 50%   0 23602 91 87%
c -  0.72 23 14 12 18 1603 2 49600 20039 1.4 15 10 9 13 50%   0 23602 91 87%
c -  0.79 23 14 12 19 1768 2 53842 21408 1.4 15 10 9 13 49%   0 23602 91 87%
c ^  0.85 24 14 12 19 1879 2 55751 22890 1.4 15 10 9 13 49%   0 23602 91 87%
c -  0.89 24 14 12 20 2047 2 58200 22707 1.4 15 10 9 13 49%   0 23602 91 87%
c }  0.93 24 14 13 20 2135 2 60947 24647 1.4 14 10 9 13 49%   0 23602 91 87%
c [  0.93 24 16 13 20 2135 1 60947 24647 1.4 17 12 10 15 53%   0 23602 91 87%
c
c seconds   switched    rate         size/glue  tier1     binary      remaining
c        MB   reductions  conflicts        size    tier2     irredundant
c         level    restarts     redundant     glue     trail      variables
c
c W  0.93 26 16 13 20 2135 1 60947 24647 1.4 17 12 10 15 53%   0 23602 91 87%
c -  0.95 27 16 13 21 2136 1 62672 24200 1.4 17 12 10 15 53%   0 23602 91 87%
c u  0.97 28 16 13 21 2136 1 62973 24414 1.4 17 12 10 15 53%   0 23602 91 87%
c v  0.98 28 16 13 21 2136 1 62973 24394 1.4 17 12 10 15 53%   0 23602 91 87%
c w  0.98 28 16 13 21 2136 1 62973 24385 1.4 17 12 10 15 53%   0 23602 91 87%
c -  1.04 29 16 13 22 2140 1 67256 25478 1.3 17 12 10 15 54%   0 23602 91 87%
c -  1.09 30 16 13 23 2141 1 71947 27395 1.4 17 12 10 15 54%   0 23602 91 87%
c ]  1.14 30 16 14 23 2143 1 75307 29844 1.4 17 12 10 15 54%   0 23602 91 87%
c {  1.14 30 14 14 23 2143 2 75307 29844 1.4 14 10 9 13 49%   0 23602 91 87%
c o  1.14 30 14 14 23 2151 2 75373 29899 1.4 14 10 9 13 49%   0 23602 91 87%
c -  1.17 30 14 14 24 2384 2 76743 28831 1.4 14 10 9 13 49%   0 23602 91 87%
c -  1.25 30 14 14 25 2695 2 81641 30305 1.4 14 10 9 13 49%   0 23602 91 87%
c u  1.34 34 14 14 25 2907 2 85516 33082 1.4 14 10 9 13 49%   0 23602 91 87%
c v  1.35 34 14 14 25 2907 2 85516 32785 1.4 14 10 9 13 49%   0 23602 91 87%
c w  1.36 34 14 14 25 2907 2 85516 32758 1.4 14 10 9 13 49%   0 23602 91 87%
c -  1.39 35 14 14 26 3016 2 86642 31478 1.4 14 10 9 13 49%   0 23602 91 87%
c }  1.46 35 14 15 26 3435 2 90022 34068 1.4 14 10 9 13 49%   0 23602 91 87%
c [  1.46 35 16 15 26 3435 1 90022 34068 1.4 17 12 10 15 54%   0 23602 91 87%
c I  1.46 35 16 15 26 3435 1 90022 34068 1.4 17 12 10 15 54%   0 23602 91 87%
c -  1.49 35 16 15 27 3436 1 91742 33528 1.4 17 12 10 15 54%   0 23602 91 87%
c
c seconds   switched    rate         size/glue  tier1    binary      remaining
c        MB   reductions  conflicts        size   tier2     irredundant
c         level    restarts     redundant     glue    trail      variables
c
c -  1.57 35 16 15 28 3440 1 96939 35538 1.4 17 12 9 15 54%   0 23602 91 87%
c -  1.64 36 16 15 29 3441 1 102230 37164 1.4 17 12 9 15 54%   0 23602 91 87%
c s  1.67 36 16 15 29 3442 1 102488 37339 1.4 17 12 9 15 54%   0 23600 91 87%
c ^  1.70 36 16 15 29 3442 1 102488 37339 1.4 17 12 9 15 54%   0 23600 91 87%
c -  1.77 36 16 15 30 3445 1 107615 38551 1.4 17 12 9 15 54%   0 23600 91 87%
c B  1.77 36 16 15 30 3446 1 107825 38717 1.4 17 12 9 15 54%   0 23600 91 87%
c ]  1.81 36 16 16 30 3447 1 110491 40587 1.3 17 12 9 15 54%   0 23600 91 87%
c {  1.81 36 14 16 30 3447 2 110491 40587 1.4 14 10 9 13 49%   0 23600 91 87%
c u  1.87 37 14 16 30 3655 2 111858 41644 1.4 15 10 9 13 49%   0 23600 91 87%
c v  1.89 37 14 16 30 3655 2 111858 41116 1.4 15 10 9 13 49%   0 23600 91 87%
c w  1.89 37 14 16 30 3655 2 111858 41028 1.4 15 10 9 13 49%   0 23600 91 87%
c -  1.93 37 14 16 31 3737 2 113092 39760 1.4 15 10 9 13 49%   0 23600 91 87%
c o  1.97 37 14 16 31 3796 2 115766 41787 1.4 15 10 9 13 50%   0 23600 91 87%
c -  2.05 37 14 16 32 4072 2 118660 41557 1.4 15 10 9 13 50%   0 23600 91 87%
c -  2.20 38 14 16 33 4740 2 124316 42952 1.4 15 11 9 13 50%   0 23600 91 87%
c }  2.30 38 14 17 33 5017 2 128830 46465 1.4 15 11 9 13 50%   0 23600 91 87%
c [  2.30 38 16 17 33 5017 1 128830 46465 1.3 17 12 9 15 54%   0 23600 91 87%
c W  2.30 38 16 17 33 5017 1 128830 46465 1.3 17 12 9 15 54%   0 23600 91 87%
c -  2.33 38 16 17 34 5018 1 130060 44616 1.3 17 12 9 15 54%   0 23600 91 87%
c -  2.42 38 16 17 35 5022 1 135891 45673 1.3 17 12 9 15 54%   0 23600 91 87%
c
c seconds   switched    rate          size/glue  tier1    binary      remaining
c        MB   reductions  conflicts         size   tier2     irredundant
c         level    restarts      redundant     glue    trail      variables
c
c -  2.52 38 16 17 36 5024 1 141807 46780 1.3 16 12 9 15 53%   0 23600 91 87%
c u  2.55 43 16 17 36 5024 1 142081 46863 1.3 16 12 9 15 53%   0 23600 91 87%
c v  2.58 44 16 17 36 5024 1 142081 44507 1.3 16 12 9 15 53%   0 23600 91 87%
c w  2.58 44 16 17 36 5024 1 142081 43903 1.3 16 12 9 15 53%   0 23600 91 87%
c -  2.73 45 15 17 37 5029 1 147807 46445 1.4 16 12 9 15 53%   0 23600 91 87%
c O  2.82 45 15 17 37 5030 1 153058 50309 1.4 16 12 9 15 53%   0 23600 91 87%
c -  2.83 45 15 17 38 5031 1 153891 49091 1.4 16 12 9 14 53%   0 23600 91 87%
c ]  2.84 45 15 18 38 5031 1 154180 49303 1.4 16 12 9 14 53%   0 23600 91 87%
c {  2.84 45 14 18 38 5031 2 154180 49303 1.4 15 11 9 13 50%   0 23600 91 87%
c -  2.95 45 14 18 39 5175 2 160056 51230 1.4 15 11 9 13 50%   0 23600 91 87%
c -  3.08 45 14 18 40 5315 2 166300 53640 1.4 15 11 9 13 50%   0 23600 91 87%
c ^  3.21 45 14 18 40 5327 2 168901 55576 1.4 15 11 9 13 50%   0 23600 91 87%
c o  3.21 45 14 18 40 5327 2 168901 55576 1.4 15 11 9 13 50%   0 23600 91 87%
c -  3.30 46 14 18 41 5328 1 172624 55746 1.4 15 10 9 13 50%   0 23600 91 87%
c u  3.41 47 14 18 41 5334 1 176292 58660 1.4 15 10 9 13 50%   0 23600 91 87%
c v  3.43 47 14 18 41 5334 1 176292 58645 1.4 15 10 9 13 50%   0 23600 91 87%
c w  3.44 47 14 18 41 5334 1 176292 58638 1.4 15 10 9 13 50%   0 23600 91 87%
c }  3.46 48 14 19 41 5359 1 176525 58832 1.4 15 10 9 13 50%   0 23600 91 87%
c [  3.46 48 15 19 41 5359 1 176525 58832 1.4 16 12 9 14 53%   0 23600 91 87%
c -  3.50 48 15 19 42 5361 1 179027 57290 1.4 16 12 9 14 53%   0 23600 91 87%
c
c seconds   switched    rate          size/glue  tier1    binary      remaining
c        MB   reductions  conflicts         size   tier2     irredundant
c         level    restarts      redundant     glue    trail      variables
c
c B  3.52 48 15 19 42 5362 1 180800 58632 1.4 16 12 9 14 53%   0 23600 91 87%
c -  3.61 48 15 19 43 5365 1 185508 58802 1.4 16 12 9 14 53%   0 23600 91 87%
c -  3.73 48 15 19 44 5368 1 192065 60417 1.4 16 12 9 14 52%   0 23600 91 87%
c -  3.86 48 15 19 45 5372 1 198699 61507 1.4 16 12 9 14 52%   0 23600 91 87%
c ]  3.94 48 15 20 45 5373 1 202658 64409 1.4 16 12 9 14 52%   0 23600 91 87%
c {  3.94 48 14 20 45 5373 1 202658 64409 1.4 15 10 9 13 50%   0 23600 91 87%
c -  4.02 48 14 20 46 5549 1 205409 54197 1.4 15 10 8 13 50%   0 23600 91 87%
c -  4.23 48 14 20 47 6234 2 212193 52539 1.4 15 11 8 13 50%   0 23600 91 87%
c u  4.36 48 14 20 47 6581 2 214598 54260 1.4 15 11 8 13 50%   0 23600 91 87%
c v  4.39 48 14 20 47 6581 2 214598 54235 1.4 15 11 8 13 50%   0 23600 91 87%
c w  4.40 48 14 20 47 6581 2 214598 54222 1.4 15 11 8 13 50%   0 23600 91 87%
c -  4.50 48 14 20 48 6743 2 219048 52453 1.4 15 11 8 13 50%   0 23600 91 87%
c -  4.68 48 14 20 49 7126 2 225979 53285 1.4 15 11 8 13 50%   0 23600 91 87%
c }  4.77 49 14 21 49 7309 2 229398 55953 1.4 15 11 8 13 50%   0 23600 91 87%
c [  4.77 49 15 21 49 7309 1 229398 55953 1.4 16 12 9 14 52%   0 23600 91 87%
c W  4.77 49 15 21 49 7309 1 229398 55953 1.4 16 12 9 14 52%   0 23600 91 87%
c o  4.77 49 15 21 49 7309 1 229398 55953 1.4 16 12 9 14 52%   0 23600 91 87%
c -  4.83 52 15 21 50 7311 1 232979 54173 1.4 16 12 9 14 52%   0 23600 91 87%
c -  4.96 53 15 21 51 7315 1 240051 54974 1.4 16 12 9 14 52%   0 23600 91 87%
c -  5.09 53 15 21 52 7320 1 247194 55473 1.4 16 12 9 14 53%   0 23600 91 87%
c
c seconds   switched    rate          size/glue  tier1    binary      remaining
c        MB   reductions  conflicts         size   tier2     irredundant
c         level    restarts      redundant     glue    trail      variables
c
c -  5.22 53 15 21 53 7323 1 254405 56034 1.4 16 12 9 14 52%   0 23600 91 87%
c !  5.27 54 15 21 53 7323 1 256810 57427 1.4 16 12 9 14 52%   0 23600 91 87%
c u  5.32 57 15 21 53 7323 1 257054 56033 1.4 16 12 9 14 52%   0 23600 91 87%
c v  5.35 57 15 21 53 7323 1 257054 52271 1.4 16 12 9 14 52%   0 23600 91 87%
c w  5.36 57 15 21 53 7323 1 257054 51954 1.4 16 12 9 14 52%   0 23600 91 87%
c -  5.45 57 15 21 54 7323 1 261685 52243 1.4 16 12 8 14 52%   0 23600 91 87%
c I  5.52 57 15 21 54 7326 1 264749 54165 1.4 16 12 8 14 52%   0 23600 91 87%
c -  5.60 57 15 21 55 7329 1 269035 55202 1.4 16 12 8 14 52%   0 23600 91 87%
c ]  5.62 57 15 22 55 7329 1 270208 56031 1.4 16 12 8 14 52%   0 23600 91 87%
c {  5.62 57 14 22 55 7329 2 270208 56031 1.4 15 11 8 13 50%   0 23600 91 87%
c -  5.73 57 14 22 56 7330 1 276454 56983 1.4 15 10 8 13 50%   0 23600 91 87%
c -  5.89 57 14 22 57 7338 1 283937 58381 1.4 14 10 8 12 50%   0 23600 91 87%
c -  6.02 57 13 22 58 7338 1 291488 60475 1.4 14 10 8 12 50%   0 23600 91 87%
c -  6.16 57 13 22 59 7345 1 299104 62799 1.4 14 10 8 12 51%   0 23600 91 87%
c }  6.21 57 13 23 59 7345 1 301726 64606 1.4 14 10 8 12 51%   0 23600 91 87%
c [  6.21 57 15 23 59 7345 1 301726 64606 1.4 16 12 8 14 52%   0 23600 91 87%
c u  6.30 57 15 23 59 7346 1 303767 61754 1.4 16 12 8 14 52%   0 23600 91 87%
c v  6.33 57 15 23 59 7346 1 303767 60705 1.4 16 12 8 14 52%   0 23600 91 87%
c w  6.34 57 15 23 59 7346 1 303767 60528 1.4 16 12 8 14 52%   0 23600 91 87%
c o  6.34 57 15 23 59 7346 1 303767 60528 1.4 16 12 8 14 52%   0 23600 91 87%
c
c seconds   switched    rate          size/glue  tier1    binary      remaining
c        MB   reductions  conflicts         size   tier2     irredundant
c         level    restarts      redundant     glue    trail      variables
c
c B  6.35 57 15 23 59 7347 1 304190 60866 1.4 16 12 8 14 52%   0 23600 91 87%
c -  6.41 57 15 23 60 7348 1 306786 59539 1.4 16 12 8 14 52%   0 23600 91 87%
c -  6.54 57 14 23 61 7352 1 314531 61653 1.4 16 11 8 14 52%   0 23600 91 87%
c -  6.68 57 14 23 62 7357 1 322341 63910 1.4 15 11 8 14 52%   0 23600 91 87%
c -  6.84 57 14 23 63 7359 1 330215 65606 1.4 15 11 8 14 52%   0 23600 91 87%
c ]  6.90 57 14 24 63 7359 1 333954 68068 1.4 15 11 8 14 52%   0 23600 91 87%
c {  6.90 57 13 24 63 7359 1 333954 68068 1.4 14 10 8 12 51%   0 23600 91 87%
c -  6.96 57 13 24 64 7429 1 338153 67481 1.4 14 10 8 12 51%   0 23600 91 87%
c -  7.13 57 13 24 65 7708 1 346157 68643 1.4 14 10 8 12 50%   0 23600 91 87%
c -  7.37 57 13 24 66 8413 1 354220 69982 1.4 14 10 8 12 50%   0 23600 91 87%
c u  7.46 64 13 24 66 8457 1 354789 67128 1.4 14 10 8 12 50%   0 23600 91 87%
c v  7.50 64 13 24 66 8457 1 354789 65452 1.4 14 10 8 12 50%   0 23600 91 87%
c w  7.51 65 13 24 66 8457 1 354789 65336 1.4 14 10 8 12 50%   0 23600 91 87%
c -  7.91 68 13 24 67 9344 1 362344 68127 1.4 14 10 8 12 50%   0 23600 91 87%
c s  8.03 68 13 24 67 9511 1 367873 71912 1.4 14 10 8 12 50%   0 23567 91 87%
c -  8.13 68 13 24 68 9867 1 370529 70590 1.4 14 10 8 12 50%   0 23567 91 87%
c }  8.13 68 13 25 68 9872 1 370631 70660 1.4 14 10 8 12 50%   0 23567 91 87%
c [  8.13 68 14 25 68 9872 1 370631 70660 1.4 15 11 8 14 52%   0 23567 91 87%
c W  8.13 68 14 25 68 9872 1 370631 70660 1.4 15 11 8 14 52%   0 23567 91 87%
c -  8.28 72 14 25 69 9877 1 378775 71497 1.4 15 11 8 14 52%   0 23567 91 87%
c
c seconds   switched    rate          size/glue  tier1    binary      remaining
c        MB   reductions  conflicts         size   tier2     irredundant
c         level    restarts      redundant     glue    trail      variables
c
c -  8.43 73 14 25 70 9881 1 387082 72400 1.4 15 11 8 14 52%   0 23567 91 87%
c o  8.47 73 14 25 70 9884 1 389147 73733 1.4 15 11 8 14 52%   0 23567 91 87%
c -  8.59 73 13 25 71 9886 1 395448 74873 1.4 15 11 8 14 51%   0 23567 91 87%
c -  8.78 74 13 25 72 9887 1 403876 76954 1.4 14 10 8 13 51%   1 23567 91 87%
c u  8.96 83 13 25 72 9892 1 410200 63761 1.4 14 10 8 13 51%   1 23567 91 87%
c v  9.00 83 13 25 72 9892 1 410200 63683 1.4 14 10 8 13 51%   1 23567 91 87%
c w  9.01 83 13 25 72 9892 1 410200 63608 1.4 14 10 8 13 51%   1 23567 91 87%
c x  9.03 83 13 25 72 9892 1 410200 63605 1.4 14 10 8 13 51%   1 23548 91 87%
c -  9.07 91 13 25 73 9893 1 412362 62353 1.4 14 10 8 13 51%   1 23548 91 87%
c ]  9.20 91 13 26 73 9896 1 418152 66290 1.4 14 10 8 13 51%   1 23548 91 87%
c {  9.20 91 13 26 73 9896 1 418152 66290 1.4 14 10 8 12 50%   1 23548 91 87%
c -  9.26 92 13 26 74 9947 1 420906 65523 1.4 14 10 8 12 50%   1 23548 91 87%
c -  9.56 92 13 26 75 10599 1 429508 67459 1.4 14 10 8 12 50%   1 23548 91 87%
c -  9.83 92 13 26 76 11122 1 438168 68995 1.4 14 10 8 12 50%   1 23548 91 87%
c - 10.10 92 13 26 77 11466 1 446885 70142 1.4 14 10 8 12 49%   1 23548 91 87%
c - 10.38 92 13 26 78 12092 1 455662 71697 1.4 14 10 8 12 49%   1 23548 91 87%
c } 10.53 92 13 27 78 12339 1 460370 75195 1.4 14 10 8 12 49%   1 23548 91 87%
c [ 10.53 92 13 27 78 12339 1 460370 75195 1.4 14 10 8 13 51%   1 23548 91 87%
c O 10.53 92 13 27 78 12339 1 460370 75195 1.4 14 10 8 13 51%   1 23548 91 87%
c - 10.64 97 13 27 79 12341 1 464493 73387 1.4 14 10 8 13 50%   1 23548 91 87%
c
c seconds   switched     rate          size/glue  tier1    binary      remaining
c        MB   reductions   conflicts         size   tier2     irredundant
c         level    restarts       redundant     glue    trail      variables
c
c u 10.84 98 13 27 79 12345 1 470067 76615 1.4 14 10 8 13 50%   1 23548 91 87%
c v 10.91 98 13 27 79 12345 1 470067 75984 1.4 14 10 8 13 50%   1 23548 91 87%
c w 10.93 98 13 27 79 12345 1 470067 75749 1.4 14 10 8 13 50%   1 23548 91 87%
c - 11.01 100 13 27 80 12346 1 473381 73385 1.4 14 10 8 13 50%   1 23548 91 87%
c - 11.22 100 13 27 81 12352 1 482325 74792 1.4 14 10 8 13 50%   1 23548 91 87%
c - 11.41 100 13 27 82 12353 1 491325 76915 1.4 14 10 8 13 49%   1 23548 91 87%
c - 11.63 100 12 27 83 12359 1 500380 79385 1.4 14 10 7 13 49%   2 23548 91 87%
c s 11.72 100 12 27 83 12360 1 503713 81878 1.4 14 10 7 13 49%   2 21914 91 87%
c s 11.72 100 12 27 83 12360 1 503713 81878 1.4 14 10 7 13 49%   2 21902 91 87%
c o 11.72 100 12 27 83 12360 1 503713 81878 1.4 14 10 7 13 49%   2 21902 91 87%
c - 11.85 100 12 27 84 12363 1 509491 82892 1.4 14 10 7 13 49%   2 21902 91 87%
c B 11.93 100 12 27 84 12366 1 513157 85437 1.4 14 10 7 13 49%   2 21902 91 87%
c ] 11.99 100 12 28 84 12367 1 515553 87142 1.4 14 10 7 13 49%   2 21902 91 87%
c { 11.99 100 13 28 84 12367 1 515553 87142 1.4 14 10 8 12 49%   2 21902 91 87%
c - 12.09 101 13 28 85 12474 1 518656 87094 1.4 14 10 8 12 49%   2 21902 91 87%
c - 12.39 101 13 28 86 12986 1 527876 89360 1.4 14 10 8 12 50%   2 21902 91 87%
c u 12.66 101 13 28 86 13190 1 534459 93209 1.4 14 10 8 12 49%   2 21902 91 87%
c v 12.72 101 13 28 86 13190 1 534459 92377 1.4 14 10 8 12 49%   2 21902 91 87%
c w 12.74 101 13 28 86 13190 1 534459 92315 1.4 14 10 8 12 49%   2 21902 91 87%
c - 12.84 109 13 28 87 13335 1 537149 90233 1.4 14 10 8 12 49%   2 21902 91 87%
c
c seconds    switched     rate          size/glue  tier1    binary      remaining
c         MB   reductions   conflicts         size   tier2     irredundant
c          level    restarts       redundant     glue    trail      variables
c
c - 13.15 109 13 28 88 13675 1 546477 80822 1.4 14 10 7 12 49%   2 21902 91 87%
c - 13.51 109 13 28 89 14399 1 555860 78633 1.4 14 10 7 12 49%   2 21902 91 87%
c } 13.75 109 13 29 89 15014 1 563691 84451 1.4 14 10 7 12 49%   2 21902 91 87%
c [ 13.75 109 12 29 89 15014 1 563691 84451 1.4 14 10 7 13 49%   2 21902 91 87%
c - 13.79 110 12 29 90 15015 1 565294 78300 1.4 14 10 7 13 49%   2 21902 91 87%
c W 13.93 110 12 29 90 15019 1 570741 82213 1.4 14 10 7 13 49%   2 21902 91 87%
c - 14.03 110 12 29 91 15020 1 574781 78611 1.4 14 10 7 13 49%   2 21902 91 87%
c - 14.27 110 12 29 92 15026 1 584320 79437 1.4 14 10 7 13 49%   2 21902 91 87%
c - 14.52 110 12 29 93 15028 1 593913 80386 1.4 14 10 7 13 49%   2 21902 91 87%
c - 14.75 110 12 29 94 15034 1 603556 81703 1.4 14 10 7 13 48%   2 21902 91 87%
c u 14.82 109 12 29 94 15034 1 603899 80082 1.4 14 10 7 13 48%   2 21902 91 87%
c v 14.87 109 12 29 94 15034 1 603899 76208 1.4 14 10 7 13 48%   2 21902 91 87%
c w 14.89 109 12 29 94 15034 1 603899 76026 1.4 14 10 7 13 48%   2 21902 91 87%
c x 14.93 109 12 29 94 15034 1 603899 76021 1.4 14 10 7 13 48%   2 21464 91 87%
c o 14.93 109 12 29 94 15034 1 603899 76021 1.4 14 10 7 13 48%   2 21464 91 87%
c - 15.14 121 12 29 95 15038 1 613251 78744 1.4 14 10 7 13 48%   2 21464 91 87%
c - 15.37 121 12 29 96 15043 1 622997 82355 1.4 14 10 7 13 48%   2 21464 91 87%
c ] 15.47 122 12 30 96 15043 1 627194 85272 1.4 14 10 7 13 49%   2 21464 91 87%
c { 15.47 122 13 30 96 15043 1 627194 85272 1.4 14 10 7 12 49%   2 21464 91 87%
c - 15.66 122 13 30 97 15519 1 632795 84494 1.4 14 10 7 12 49%   2 21464 91 87%
c
c seconds    switched     rate          size/glue  tier1    binary      remaining
c         MB   reductions   conflicts         size   tier2     irredundant
c          level    restarts       redundant     glue    trail      variables
c
c - 15.98 122 13 30 98 16001 1 642643 85860 1.4 14 10 7 12 49%   2 21464 91 87%
c - 16.25 122 13 30 99 16053 1 652543 86871 1.4 14 10 7 12 49%   2 21464 91 87%
c - 16.56 122 13 30 100 16460 1 662493 88277 1.4 14 10 7 12 50%   2 21464 91 87%
c s 16.73 122 13 30 100 16601 1 666958 91482 1.4 14 10 7 12 49%   2 19480 91 87%
c - 16.92 122 13 30 101 16612 1 672495 90105 1.4 14 10 7 12 49%   2 19480 91 87%
c u 17.17 122 13 30 101 16612 1 678145 93351 1.4 14 10 7 12 49%   2 19480 91 87%
c v 17.24 122 13 30 101 16612 1 678145 92970 1.4 14 10 7 12 49%   2 19480 91 87%
c w 17.26 122 13 30 101 16612 1 678145 92863 1.4 14 10 7 12 49%   2 19480 91 87%
c } 17.39 124 13 31 101 16783 1 681629 95185 1.4 14 10 7 12 49%   2 19480 91 87%
c [ 17.39 124 12 31 101 16783 1 681629 95185 1.4 14 10 7 13 49%   2 19480 91 87%
c I 17.39 124 12 31 101 16783 1 681629 95185 1.4 14 10 7 13 49%   2 19480 91 87%
c - 17.43 124 12 31 102 16783 1 682548 90405 1.4 14 10 7 13 49%   2 19480 91 87%
c - 17.65 124 13 31 103 16789 1 692647 92094 1.4 14 10 7 13 49%   2 19480 91 87%
c - 17.90 124 13 31 104 16796 1 702796 94445 1.4 14 10 7 13 49%   2 19480 91 87%
c - 18.15 125 13 31 105 16797 1 712995 95331 1.4 14 10 7 13 49%   2 19480 91 87%
c - 18.43 125 13 31 106 16804 1 723241 96649 1.4 14 10 7 13 49%   2 19480 91 87%
c - 18.69 125 13 31 107 16810 1 733536 97179 1.4 14 10 7 12 49%   2 19480 91 87%
c - 18.98 125 12 31 108 16812 1 743881 97543 1.4 14 10 7 12 49%   3 19480 91 87%
c ] 19.06 125 12 32 108 16812 1 746864 99310 1.4 14 10 7 12 49%   4 19480 91 87%
c { 19.06 125 13 32 108 16812 1 746864 99310 1.4 14 10 7 12 49%   4 19480 91 87%
c
c seconds    switched      rate           size/glue  tier1    binary      remaining
c         MB   reductions    conflicts          size   tier2     irredundant
c          level     restarts       redundant      glue    trail      variables
c
c i 19.24 125 12 32 108 16822 1 753426 102829 1.4 13 10 7 12 49%  16 19480 90 86%
c o 19.24 125 12 32 108 16822 1 753426 102829 1.4 13 10 7 12 49%  16 19480 90 86%
c - 19.27 125 12 32 109 16839 1 754273 70940 1.4 13 10 7 12 49%   2 19480 90 86%
c u 19.43 132 12 32 109 16839 1 757882 72176 1.4 13 9 7 12 49%   2 18617 90 86%
c v 19.48 132 12 32 109 16839 1 757882 71021 1.4 13 9 7 12 49%   2 18617 90 86%
c w 19.48 132 12 32 109 16839 1 757882 71012 1.4 13 9 7 12 49%   2 18617 90 86%
c x 19.52 132 12 32 109 16839 1 757882 71010 1.4 13 9 7 12 49%   2 18389 90 86%
c - 20.03 137 12 32 110 16848 1 764713 73317 1.4 13 9 7 12 49%   3 18389 90 86%
c i 20.10 137 12 32 110 16848 1 767188 74513 1.4 13 9 7 12 49%  17 18389 89 85%
c - 20.32 137 12 32 111 17227 1 775202 58833 1.4 13 9 7 12 48%   1 18389 89 85%
c - 20.60 137 12 32 112 17370 1 785737 63709 1.4 13 9 7 11 48%   2 18389 89 85%
c - 20.90 137 12 32 113 17418 1 796320 66552 1.4 13 9 7 11 48%   4 18389 89 85%
c i 21.04 137 11 32 113 17418 1 801861 69762 1.4 12 9 7 11 48%  13 18389 88 84%
c - 21.20 137 11 32 114 17445 1 806950 50662 1.4 12 9 6 11 48%   2 18389 88 84%
c } 21.23 137 11 33 114 17445 1 807971 51231 1.4 12 9 6 11 47%   2 18389 88 84%
c [ 21.23 137 12 33 114 17445 1 807971 51231 1.4 14 10 7 12 49%   2 18389 88 84%
c B 21.23 137 12 33 114 17445 1 807971 51231 1.4 14 10 7 12 49%   2 18389 88 84%
c i 21.47 137 12 33 114 17451 1 817382 56985 1.4 13 9 7 12 48%  13 18389 87 83%
c - 21.49 137 12 33 115 17451 1 817630 42303 1.4 13 9 7 12 48%   2 18389 87 83%
c i 21.65 137 12 33 115 17455 1 825110 46744 1.4 13 9 7 12 48%  12 18389 86 82%
c
c seconds    switched      rate          size/glue tier1    binary      remaining
c         MB   reductions    conflicts         size  tier2     irredundant
c          level     restarts       redundant    glue    trail      variables
c
c i 21.70 137 12 33 115 17457 1 827779 48402 1.4 13 9 7 12 48%  21 18389 85 81%
c - 21.72 137 12 33 116 17457 1 828354 29846 1.4 13 9 7 12 48%   4 18389 85 81%
c i 21.74 137 12 33 116 17458 1 829232 30300 1.4 13 9 7 12 48%  10 18389 84 80%
c i 21.75 137 12 33 116 17458 1 829451 30385 1.4 13 9 7 12 48%  16 18389 83 79%
c i 21.75 137 12 33 116 17458 1 829514 30405 1.4 13 9 7 12 48%  20 18389 82 78%
c i 21.75 137 12 33 116 17458 1 829561 30425 1.4 13 9 7 12 48%  24 18389 80 76%
c i 21.75 137 12 33 116 17458 1 829595 30432 1.4 13 9 7 12 48%  28 18389 79 75%
c i 21.75 137 12 33 116 17458 1 829616 30433 1.4 13 9 7 12 48%  32 18388 78 74%
c i 21.75 137 12 33 116 17458 1 829625 30435 1.4 13 9 7 12 48%  35 18388 74 70%
c i 21.75 137 12 33 116 17458 1 829626 30435 1.4 13 9 7 12 48%  35 18388 72 69%
c ] 21.75 137 12 33 116 17458 1 829628 30435 1.4 13 9 7 12 48%  35 18388 60 57%
c 0 21.75 137 11 33 116 17458 1 829628 30435 1.4 12 9 6 11 47%  35 18388 60 57%
c
c ---- [ result ] ------------------------------------------------------------
c
s UNSATISFIABLE
c
c ---- [ profiling ] ---------------------------------------------------------
c
c          19.22   88.38 %  search
c          10.29   47.29 %  focused
c           8.94   41.09 %  stable
c           2.51   11.54 %  simplify
c           2.23   10.26 %  probe
c           1.62    7.44 %  vivify
c           0.54    2.46 %  sweep
c           0.52    2.38 %  reduce
c           0.27    1.26 %  eliminate
c           0.23    1.03 %  subsume
c           0.07    0.32 %  substitute
c           0.02    0.08 %  walking
c           0.01    0.06 %  preprocess
c           0.01    0.02 %  congruence
c           0.00    0.02 %  parse
c           0.00    0.01 %  transitive
c           0.00    0.01 %  lucky
c           0.00    0.00 %  factor
c           0.00    0.00 %  backbone
c =============================================
c          21.75  100.00 %  total
c
c ---- [ statistics ] --------------------------------------------------------
c
c conflicts:                           829628            38140.39 per second
c decisions:                          1013440                1.22 per conflict
c eliminated:                              14               13 %  variables
c iterations:                              15               14 %  variables
c propagations:                      10709133           492330    per second
c reductions:                             116             7152    interval
c reordered:                               12            69136    interval
c rephased:                                22            37710    interval
c restarts:                             17458               48    interval
c strengthened:                            17                0 %  checks
c subsumed:                              3665                0 %  checks
c switched:                                33            25140    interval
c vivified:                             63408               84 %  checks
c walks:                                    7           118518    interval
c
c ---- [ glue usage ] --------------------------------------------------------
c
c focused glue 6   used  93673 clauses 10.23% accumulated 51.14% tier1
c focused glue 7   used  90038 clauses  9.84% accumulated 60.98%
c focused glue 8-9 used 160785 clauses 17.57% accumulated 78.55%
c focused glue 10  used  63745 clauses  6.96% accumulated 85.51%
c focused glue 11  used  48399 clauses  5.29% accumulated 90.80% tier2
c
c stable glue 7    used 117876 clauses  9.89% accumulated 57.63% tier1
c stable glue 8    used 105910 clauses  8.89% accumulated 66.51%
c stable glue 9-10 used 173232 clauses 14.54% accumulated 81.05%
c stable glue 11   used  66044 clauses  5.54% accumulated 86.59%
c stable glue 12   used  51845 clauses  4.35% accumulated 90.95% tier2
c
c ---- [ resources ] ---------------------------------------------------------
c
c maximum-resident-set-size:     146716753920 bytes     139920 MB
c process-time:                            22s              21.75 seconds
c
c ---- [ shutting down ] -----------------------------------------------------
c
c exit 20
