c ---- [ banner ] ------------------------------------------------------------
c
c Kissat SAT Solver
c 
c Copyright (c) 2021-2024 Armin Biere University of Freiburg
c Copyright (c) 2019-2021 Armin Biere Johannes Kepler University Linz
c 
c Version 4.0.4 8af8e56f174b778aef3aa45af9f739b2a5f492c2
c Apple clang version 17.0.0 (clang-1700.6.3.2) -W -Wall -O3 -DNDEBUG
c Mon Mar 30 18:25:47 CEST 2026 Darwin Mac 24.6.0 arm64
c
c ---- [ parsing ] -----------------------------------------------------------
c
c opened and reading DIMACS file:
c
c   tmp.cnf
c
c parsed 'p cnf 136 36686' header
c closing input after reading 1077471 bytes (1 MB)
c finished parsing after 0.00 seconds
c
c ---- [ solving ] -----------------------------------------------------------
c
c seconds switched rate     size/glue tier1 binary       remaining
c        MB reductions conflicts size  tier2   irredundant
c         level restarts redundant glue  trail       variables
c
c *  0.00  9 0 0 0  0 0   0   0 0.0 0 0 0 0 0%   0 36686 126 100%
c (  0.01 10 0 0 0  0 0   0   0 0.0 0 0 0 0 0%   0 36686 126 100%
c .  0.01 10 0 0 0  0 0   0   0 0.0 0 0 0 0 0%   0 36686 126 100%
c f  0.07 11 0 0 0  0 0   0   0 0.0 0 0 0 0 0% 232 26105 242 192%
c )  0.07 11 0 0 0  0 0   0   0 0.0 0 0 0 0 0% 232 26105 242 192%
c {  0.07 11 0 0 0  0 0   0   0 0.0 0 0 2 6 0% 232 26105 242 192%
c -  0.09 11 20 0 1 156 3 1001 671 1.4 16 11 10 14 37% 232 26105 242 192%
c }  0.09 11 20 1 1 156 3 1001 671 1.4 16 11 10 14 37% 232 26105 242 192%
c [  0.09 11 0 1 1 156 0 1001 671 0.0 0 0 2 6 0% 232 26105 242 192%
c B  0.09 11 0 1 1 156 0 1001 671 0.0 0 0 2 6 0% 232 26105 242 192%
c -  0.10 11 30 1 2 156 1 2002 1507 1.5 17 11 10 15 40% 232 26105 242 192%
c W  0.10 11 30 1 2 156 1 2002 1507 1.5 17 11 10 15 40% 232 26105 242 192%
c ]  0.10 11 29 2 2 157 1 2064 1562 1.5 17 11 10 15 40% 232 26105 242 192%
c {  0.10 11 20 2 2 157 3 2064 1562 1.4 16 11 10 14 37% 232 26105 242 192%
c u  0.11 11 18 2 2 163 2 2654 2042 1.5 15 10 10 14 37% 232 26105 242 192%
c v  0.11 11 18 2 2 163 2 2654 2036 1.5 15 10 10 14 37% 232 26105 242 192%
c w  0.12 11 18 2 2 163 2 2654 2035 1.5 15 10 10 14 37% 232 26105 242 192%
c }  0.12 11 18 3 2 169 2 3064 2384 1.4 15 11 10 14 36% 232 26105 242 192%
c [  0.12 11 29 3 2 169 1 3064 2384 1.5 17 11 10 15 40% 232 26105 242 192%
c -  0.13 11 26 3 3 169 1 3416 2513 1.5 17 11 10 15 38% 232 26105 242 192%
c
c seconds  switched  rate       size/glue  tier1     binary       remaining
c        MB reductions conflicts      size    tier2     irredundant
c         level restarts   redundant     glue     trail       variables
c
c ]  0.14 11 21 4 3 170 1 4199 3062 1.4 16 11 10 15 37% 232 26105 242 192%
c {  0.14 11 18 4 3 170 2 4199 3062 1.4 15 11 10 14 36% 232 26105 242 192%
c -  0.15 11 16 4 4 183 2 5149 3426 1.4 15 10 9 13 37% 232 26105 242 192%
c }  0.18 13 15 5 4 198 2 6551 4453 1.4 14 10 9 13 36% 232 26105 242 192%
c [  0.18 13 21 5 4 198 1 6551 4453 1.4 16 11 10 15 37% 232 26105 242 192%
c I  0.18 13 21 5 4 198 1 6551 4453 1.4 16 11 10 15 37% 232 26105 242 192%
c -  0.18 14 20 5 5 198 1 7149 4437 1.5 16 11 10 14 38% 232 26105 242 192%
c u  0.20 16 19 5 5 199 1 8170 5314 1.5 17 11 10 14 40% 232 26105 242 192%
c v  0.20 16 19 5 5 199 1 8170 5289 1.5 17 11 10 14 40% 232 26105 242 192%
c w  0.20 16 19 5 5 199 1 8170 5281 1.5 17 11 10 14 40% 232 26105 242 192%
c -  0.23 17 18 5 6 200 1 9385 5484 1.5 16 11 9 14 40% 232 26105 242 192%
c ]  0.24 17 17 6 6 200 1 10155 6128 1.5 16 11 9 14 40% 232 26105 242 192%
c {  0.24 17 15 6 6 200 2 10155 6128 1.4 14 10 9 13 36% 232 26105 242 192%
c -  0.26 17 15 6 7 200 2 11834 6880 1.4 14 10 9 12 38% 232 26105 242 192%
c e  0.30 18 14 6 7 200 1 13254 7999 1.5 14 10 9 12 38% 201 25364 203 161%
c ^  0.31 18 14 6 7 200 1 13254 7999 1.5 14 10 9 12 38% 201 25364 203 161%
c o  0.31 18 14 6 7 200 1 13254 7854 1.5 14 10 9 12 38% 201 25364 203 161%
c }  0.32 18 14 7 7 201 1 14225 8730 1.5 14 9 9 12 39% 201 25364 203 161%
c [  0.32 18 17 7 7 201 1 14225 8730 1.5 16 11 9 14 40% 201 25364 203 161%
c B  0.32 18 17 7 7 201 1 14225 8730 1.5 16 11 9 14 40% 201 25364 203 161%
c
c seconds  switched  rate        size/glue  tier1    binary       remaining
c        MB reductions conflicts       size   tier2     irredundant
c         level restarts    redundant     glue    trail       variables
c
c -  0.33 19 17 7 8 201 1 14480 8124 1.5 16 11 9 14 40% 201 25364 203 161%
c u  0.36 19 16 7 8 203 1 16733 9867 1.5 16 10 9 14 41% 201 25364 203 161%
c v  0.36 19 16 7 8 203 1 16733 9838 1.5 16 10 9 14 41% 201 25364 203 161%
c w  0.36 19 16 7 8 203 1 16733 9831 1.5 16 10 9 14 41% 201 25364 203 161%
c f  0.37 20 16 7 8 203 1 16733 9831 1.5 16 10 9 14 41% 259 25043 231 183%
c u  0.38 22 16 7 8 203 1 16733 9817 1.5 16 10 9 14 41% 259 25043 231 183%
c v  0.38 23 16 7 8 203 1 16733 9800 1.5 16 10 9 14 41% 259 25043 231 183%
c w  0.38 23 16 7 8 203 1 16733 9796 1.5 16 10 9 14 41% 259 25043 231 183%
c -  0.39 23 16 7 9 203 1 17308 9336 1.5 16 11 9 13 41% 259 25043 231 183%
c ]  0.42 23 15 8 9 204 1 19145 10677 1.5 16 11 9 13 42% 259 25043 231 183%
c {  0.42 23 14 8 9 204 1 19145 10677 1.5 14 9 9 12 39% 259 25043 231 183%
c -  0.43 23 14 8 10 254 1 20308 9964 1.5 14 9 8 12 40% 259 25043 231 183%
c o  0.49 23 14 8 10 642 2 23279 12369 1.5 14 9 8 12 42% 259 25043 231 183%
c -  0.50 23 14 8 11 709 2 23470 10976 1.5 14 10 8 12 42% 259 25043 231 183%
c }  0.52 23 13 9 11 721 2 25304 12278 1.4 14 9 8 12 42% 259 25043 231 183%
c [  0.52 23 15 9 11 721 1 25304 12278 1.5 16 11 9 13 42% 259 25043 231 183%
c W  0.52 25 15 9 11 721 1 25304 12278 1.5 16 11 9 13 42% 259 25043 231 183%
c e  0.55 26 15 9 11 722 1 26544 13305 1.4 16 11 9 13 42% 249 25043 207 164%
c ^  0.56 27 15 9 11 722 1 26544 13305 1.4 16 11 9 13 42% 249 25043 207 164%
c -  0.56 27 15 9 12 722 1 26786 10989 1.4 16 11 9 13 43% 249 25043 207 164%
c
c seconds  switched   rate         size/glue  tier1    binary       remaining
c        MB  reductions conflicts        size   tier2     irredundant
c         level  restarts     redundant     glue    trail       variables
c
c u  0.61 29 15 9 12 723 1 28573 12244 1.4 16 11 9 13 43% 249 25043 207 164%
c v  0.61 29 15 9 12 723 1 28573 12214 1.4 16 11 9 13 43% 249 25043 207 164%
c w  0.62 29 15 9 12 723 1 28573 12199 1.4 16 11 9 13 43% 249 25043 207 164%
c f  0.65 31 15 9 12 723 1 28573 12199 1.4 16 11 9 13 43% 241 25031 213 169%
c u  0.66 31 15 9 12 723 1 28573 12180 1.4 16 11 9 13 43% 241 25031 213 169%
c v  0.66 31 15 9 12 723 1 28573 12172 1.4 16 11 9 13 43% 241 25031 213 169%
c w  0.66 31 15 9 12 723 1 28573 12167 1.4 16 11 9 13 43% 241 25031 213 169%
c -  0.69 31 15 9 13 724 1 30250 11993 1.4 16 11 9 13 43% 241 25031 213 169%
c ]  0.70 31 15 10 13 725 1 31086 12621 1.4 16 11 9 13 43% 241 25031 213 169%
c {  0.70 31 13 10 13 725 2 31086 12621 1.4 14 9 8 12 42% 241 25031 213 169%
c -  0.75 31 13 10 14 952 2 33855 13549 1.4 13 9 8 11 43% 241 25031 213 169%
c -  0.80 31 13 10 15 989 2 37596 13190 1.4 13 9 7 11 43% 241 25031 213 169%
c }  0.85 31 13 11 15 1403 2 39713 14972 1.4 13 9 7 11 43% 242 25031 213 169%
c [  0.85 31 15 11 15 1403 1 39713 14972 1.4 16 11 9 13 43% 242 25031 213 169%
c O  0.85 31 15 11 15 1403 1 39713 14972 1.4 16 11 9 13 43% 242 25031 213 169%
c -  0.88 31 15 11 16 1404 1 41468 13740 1.4 15 11 9 13 44% 242 25031 213 169%
c u  0.92 32 15 11 16 1405 1 43821 15436 1.4 16 11 9 13 44% 242 25031 213 169%
c v  0.93 32 15 11 16 1405 1 43821 15391 1.4 16 11 9 13 44% 242 25031 213 169%
c w  0.94 32 15 11 16 1405 1 43821 15381 1.4 16 11 9 13 44% 242 25031 213 169%
c o  0.94 32 15 11 16 1405 1 43821 15381 1.4 16 11 9 13 44% 242 25031 213 169%
c
c seconds   switched    rate         size/glue  tier1    binary       remaining
c        MB   reductions  conflicts        size   tier2     irredundant
c         level    restarts     redundant     glue    trail       variables
c
c -  0.96 32 15 11 17 1407 1 45468 14826 1.4 16 11 9 14 46% 242 25031 213 169%
c B  1.01 32 15 11 17 1409 1 49475 18120 1.5 16 11 9 14 48% 242 25031 213 169%
c -  1.01 32 15 11 18 1409 1 49591 15898 1.5 16 11 8 13 48% 242 25031 213 169%
c ]  1.03 32 15 12 18 1409 1 50990 17078 1.5 16 11 8 13 48% 242 25031 213 169%
c {  1.03 32 13 12 18 1409 2 50990 17078 1.4 13 9 7 11 43% 242 25031 213 169%
c -  1.09 32 13 12 19 1761 2 53833 17029 1.4 13 9 7 11 44% 242 25031 213 169%
c e  1.14 32 13 12 19 1761 2 55381 18257 1.4 13 9 7 11 44% 232 25043 202 160%
c ^  1.16 33 13 12 19 1761 2 55381 18257 1.4 13 9 7 11 44% 232 25043 202 160%
c -  1.22 33 13 12 20 2092 2 58192 17055 1.4 13 9 7 11 45% 232 25043 202 160%
c }  1.32 33 13 13 20 2618 2 62471 20472 1.4 13 9 7 11 45% 232 25043 202 160%
c [  1.32 33 15 13 20 2618 1 62471 20472 1.5 16 11 8 13 48% 232 25043 202 160%
c W  1.32 35 15 13 20 2618 1 62471 20472 1.5 16 11 8 13 48% 232 25043 202 160%
c u  1.34 36 15 13 20 2618 1 62578 20520 1.5 16 11 8 13 48% 232 25043 202 160%
c v  1.35 36 15 13 20 2618 1 62578 20470 1.5 16 11 8 13 48% 232 25043 202 160%
c w  1.36 36 15 13 20 2618 1 62578 20464 1.5 16 11 8 13 48% 232 25043 202 160%
c f  1.36 36 15 13 20 2618 1 62578 20464 1.5 16 11 8 13 48% 238 25027 204 162%
c u  1.38 37 15 13 20 2618 1 62578 20444 1.5 16 11 8 13 48% 238 25027 204 162%
c v  1.39 37 15 13 20 2618 1 62578 20326 1.5 16 11 8 13 48% 238 25027 204 162%
c w  1.39 37 15 13 20 2618 1 62578 20316 1.5 16 11 8 13 48% 238 25027 204 162%
c -  1.46 37 15 13 21 2618 1 62666 18215 1.5 16 11 8 14 48% 238 25027 204 162%
c
c seconds   switched    rate         size/glue  tier1    binary       remaining
c        MB   reductions  conflicts        size   tier2     irredundant
c         level    restarts     redundant     glue    trail       variables
c
c -  1.53 37 15 13 22 2621 1 67248 19607 1.4 16 11 8 14 48% 238 25027 204 162%
c -  1.61 37 15 13 23 2624 1 71938 20937 1.4 16 11 8 14 47% 238 25027 204 162%
c -  1.69 37 15 13 24 2626 1 76734 22053 1.4 16 11 8 13 47% 238 25027 204 162%
c ]  1.69 37 15 14 24 2627 1 76910 22199 1.4 16 11 8 13 47% 238 25027 204 162%
c {  1.69 37 13 14 24 2627 2 76910 22199 1.4 13 9 7 11 45% 238 25027 204 162%
c o  1.73 37 13 14 24 2729 2 78276 23202 1.4 13 9 7 11 45% 238 25027 204 162%
c -  1.83 38 14 14 25 3336 2 81632 23202 1.4 13 10 7 11 45% 238 25027 204 162%
c u  1.91 41 13 14 25 3398 2 84981 25741 1.4 13 9 7 11 45% 238 25027 204 162%
c v  1.92 42 13 14 25 3398 2 84981 25508 1.4 13 9 7 11 45% 238 25027 204 162%
c w  1.93 42 13 14 25 3398 2 84981 25501 1.4 13 9 7 11 45% 238 25027 204 162%
c x  1.94 42 13 14 25 3398 2 84981 25500 1.4 13 9 7 11 45% 238 25023 204 162%
c -  1.97 43 13 14 26 3405 2 86632 24328 1.4 13 9 7 11 46% 238 25023 204 162%
c }  2.09 43 13 15 26 3902 2 91626 28307 1.4 13 9 7 11 46% 238 25023 204 162%
c [  2.09 43 15 15 26 3902 1 91626 28307 1.4 16 11 8 13 47% 238 25023 204 162%
c I  2.09 43 15 15 26 3902 1 91626 28307 1.4 16 11 8 13 47% 238 25023 204 162%
c -  2.10 43 15 15 27 3902 1 91733 25493 1.4 16 11 8 13 47% 238 25023 204 162%
c -  2.17 43 15 15 28 3906 1 96932 26773 1.4 16 11 8 13 48% 238 25023 204 162%
c s  2.28 43 15 15 28 3908 1 101833 30640 1.5 16 11 8 13 48% 238 24999 204 162%
c e  2.29 43 15 15 28 3908 1 101833 30640 1.5 16 11 8 13 48% 229 25028 199 158%
c ^  2.33 43 15 15 28 3908 1 101833 30640 1.5 16 11 8 13 48% 229 25028 199 158%
c
c seconds   switched    rate          size/glue  tier1    binary       remaining
c        MB   reductions  conflicts         size   tier2     irredundant
c         level    restarts      redundant     glue    trail       variables
c
c -  2.33 43 15 15 29 3908 1 102224 27176 1.5 16 11 8 13 48% 229 25028 199 158%
c -  2.42 44 15 15 30 3911 1 107610 28508 1.5 16 11 8 13 49% 229 25028 199 158%
c B  2.44 44 15 15 30 3913 1 109430 30019 1.5 16 11 8 13 49% 229 25028 199 158%
c u  2.50 44 15 15 30 3914 1 111163 31406 1.5 16 11 8 13 49% 229 25028 199 158%
c v  2.52 44 15 15 30 3914 1 111163 30783 1.5 16 11 8 13 49% 231 25028 199 158%
c w  2.52 44 15 15 30 3914 1 111163 30768 1.5 16 11 8 13 49% 231 25028 199 158%
c t  2.52 44 15 15 30 3914 1 111163 30768 1.5 16 11 8 13 49% 229 25028 199 158%
c -  2.58 44 15 15 31 3915 1 113087 29351 1.5 16 11 8 13 48% 229 25028 199 158%
c ]  2.59 44 15 16 31 3915 1 113662 29810 1.5 16 11 8 13 48% 229 25028 199 158%
c {  2.59 44 13 16 31 3915 2 113662 29810 1.4 13 9 7 11 46% 229 25028 199 158%
c -  2.69 44 13 16 32 4021 2 118655 31058 1.4 13 9 7 11 46% 229 25028 199 158%
c o  2.71 44 13 16 32 4031 2 119590 31770 1.4 13 9 7 11 46% 229 25028 199 158%
c -  2.86 45 13 16 33 4631 2 124312 32228 1.4 13 9 7 11 47% 229 25028 199 158%
c -  3.02 45 13 16 34 5298 2 130056 33569 1.4 13 9 7 11 47% 230 25028 199 158%
c }  3.06 45 13 17 34 5320 2 131999 35058 1.4 13 9 7 11 47% 230 25028 199 158%
c [  3.06 45 15 17 34 5320 1 131999 35058 1.5 16 11 8 13 48% 230 25028 199 158%
c W  3.06 48 15 17 34 5320 1 131999 35058 1.5 16 11 8 13 48% 230 25028 199 158%
c -  3.15 49 15 17 35 5322 1 135888 35164 1.5 16 11 8 13 48% 230 25028 199 158%
c u  3.27 51 15 17 35 5326 1 141202 39243 1.4 16 11 8 13 48% 230 25028 199 158%
c v  3.30 52 15 17 35 5326 1 141202 39188 1.4 16 11 8 13 48% 230 25028 199 158%
c
c seconds   switched    rate          size/glue  tier1    binary       remaining
c        MB   reductions  conflicts         size   tier2     irredundant
c         level    restarts      redundant     glue    trail       variables
c
c w  3.31 52 15 17 35 5326 1 141202 39139 1.4 16 11 8 13 48% 230 25028 199 158%
c -  3.32 52 15 17 36 5326 1 141804 36261 1.4 16 11 8 14 48% 230 25028 199 158%
c -  3.45 52 15 17 37 5329 1 147804 37646 1.4 16 11 8 14 49% 230 25028 199 158%
c -  3.58 52 15 17 38 5333 1 153887 38172 1.4 16 11 8 13 49% 230 25028 199 158%
c ]  3.60 52 15 18 38 5333 1 154437 38613 1.4 16 11 8 13 49% 230 25028 199 158%
c {  3.60 52 13 18 38 5333 2 154437 38613 1.4 13 9 7 11 47% 230 25028 199 158%
c -  3.76 53 13 18 39 5490 2 160051 38982 1.4 13 9 7 11 46% 230 25028 199 158%
c -  3.98 53 13 18 40 5903 2 166295 39727 1.4 13 9 7 11 46% 230 25028 199 158%
c s  4.10 53 13 18 40 6010 2 167843 40790 1.4 13 9 7 11 46% 230 24948 199 158%
c e  4.10 53 13 18 40 6010 2 167843 40790 1.4 13 9 7 11 46% 188 25104 183 145%
c ^  4.16 53 13 18 40 6010 2 167843 40790 1.4 13 9 7 11 46% 188 25104 183 145%
c o  4.24 53 13 18 40 6175 2 171026 37916 1.4 13 9 7 11 46% 188 25104 183 145%
c -  4.30 55 13 18 41 6251 2 172619 35923 1.4 13 9 7 11 46% 188 25104 183 145%
c u  4.45 56 13 18 41 6446 2 175205 37250 1.4 13 9 7 11 46% 188 25104 183 145%
c v  4.49 56 13 18 41 6446 2 175205 37019 1.4 13 9 7 11 46% 188 25104 183 145%
c w  4.50 56 13 18 41 6446 2 175205 36949 1.4 13 9 7 11 46% 188 25104 183 145%
c }  4.55 56 13 19 41 6451 2 176782 38029 1.4 13 9 7 11 46% 188 25104 183 145%
c [  4.55 56 15 19 41 6451 1 176782 38029 1.4 16 11 8 13 49% 188 25104 183 145%
c O  4.55 56 15 19 41 6451 1 176782 38029 1.4 16 11 8 13 49% 188 25104 183 145%
c -  4.61 56 15 19 42 6453 1 179024 36606 1.4 16 11 8 13 48% 188 25104 183 145%
c
c seconds   switched    rate          size/glue  tier1    binary       remaining
c        MB   reductions  conflicts         size   tier2     irredundant
c         level    restarts      redundant     glue    trail       variables
c
c -  4.74 56 15 19 43 6457 1 185505 37440 1.4 16 11 8 13 48% 188 25104 183 145%
c -  4.88 56 15 19 44 6460 1 192064 37920 1.4 16 11 8 13 48% 188 25104 183 145%
c -  5.03 56 15 19 45 6464 1 198698 39163 1.4 16 11 8 13 48% 188 25104 183 145%
c B  5.15 56 14 19 45 6465 1 204523 43497 1.4 16 11 8 13 48% 188 25104 183 145%
c -  5.18 56 14 19 46 6465 1 205407 39467 1.4 16 11 8 13 48% 188 25104 183 145%
c -  5.30 56 15 19 47 6468 1 212189 39778 1.4 16 11 7 13 49% 188 25104 183 145%
c u  5.36 61 15 19 47 6468 1 213274 40339 1.4 16 11 7 13 49% 188 25104 183 145%
c v  5.39 61 15 19 47 6468 1 213274 39872 1.4 16 11 7 13 49% 188 25104 183 145%
c w  5.41 61 15 19 47 6468 1 213274 39807 1.4 16 11 7 13 49% 188 25104 183 145%
c ]  5.51 63 15 20 47 6471 1 215930 41704 1.4 16 11 7 13 49% 188 25104 183 145%
c {  5.51 63 13 20 47 6471 2 215930 41704 1.4 13 9 7 11 46% 188 25104 183 145%
c -  5.59 63 13 20 48 6539 2 219047 40093 1.4 13 9 7 11 46% 190 25104 183 145%
c i  5.61 63 13 20 48 6539 2 219973 40711 1.4 13 9 7 11 46% 197 25104 182 144%
c -  5.79 63 13 20 49 6663 2 225978 34644 1.4 13 9 6 11 46% 185 25104 182 144%
c -  5.98 63 12 20 50 6868 2 232979 34537 1.4 13 9 6 11 46% 185 25104 182 144%
c o  6.01 63 12 20 50 6874 2 234460 35501 1.4 12 9 6 11 46% 186 25104 182 144%
c -  6.12 63 12 20 51 6899 2 240050 35671 1.4 12 9 6 11 46% 186 25104 182 144%
c }  6.18 63 12 21 51 6899 2 242669 37415 1.4 12 9 6 11 46% 188 25104 182 144%
c [  6.18 63 15 21 51 6899 1 242669 37415 1.4 16 11 7 13 49% 188 25104 182 144%
c W  6.19 66 15 21 51 6899 1 242669 37415 1.4 16 11 7 13 49% 188 25104 182 144%
c
c seconds   switched    rate          size/glue  tier1    binary       remaining
c        MB   reductions  conflicts         size   tier2     irredundant
c         level    restarts      redundant     glue    trail       variables
c
c -  6.26 67 15 21 52 6902 1 247191 36546 1.4 16 11 7 13 49% 188 25104 182 144%
c -  6.40 67 15 21 53 6905 1 254403 38097 1.4 16 11 7 13 49% 188 25104 182 144%
c s  6.42 67 15 21 53 6906 1 255209 38579 1.4 16 11 7 13 49% 188 25091 182 144%
c e  6.42 67 15 21 53 6906 1 255209 38579 1.4 16 11 7 13 49% 142 25392 162 129%
c !  6.50 67 15 21 53 6906 1 255209 38579 1.4 16 11 7 13 49% 142 25392 162 129%
c u  6.53 68 15 21 53 6906 1 255469 31942 1.4 16 11 7 13 49% 142 25392 162 129%
c v  6.56 68 15 21 53 6906 1 255469 31822 1.4 16 11 7 13 49% 142 25392 162 129%
c w  6.57 68 15 21 53 6906 1 255469 31716 1.4 16 11 7 13 49% 142 25392 162 129%
c x  6.58 68 15 21 53 6906 1 255469 31709 1.4 16 11 7 13 49% 142 24906 162 129%
c f  6.59 68 15 21 53 6906 1 255469 31709 1.4 16 11 7 13 49% 158 24712 171 136%
c u  6.62 68 15 21 53 6906 1 255469 31492 1.4 16 11 7 13 49% 158 24712 171 136%
c v  6.66 69 15 21 53 6906 1 255469 31267 1.4 16 11 7 13 49% 158 24712 171 136%
c w  6.67 69 15 21 53 6906 1 255469 31124 1.4 16 11 7 13 49% 158 24712 171 136%
c -  6.77 69 15 21 54 6911 1 261684 32793 1.4 16 11 7 13 50% 158 24712 171 136%
c -  6.89 69 15 21 55 6913 1 269033 34578 1.4 16 11 7 13 50% 158 24712 171 136%
c -  7.03 69 14 21 56 6914 1 276451 36003 1.4 16 11 7 13 50% 158 24712 171 136%
c I  7.06 69 14 21 56 6916 1 278020 37128 1.4 16 11 7 13 50% 158 24712 171 136%
c ]  7.16 69 14 22 56 6919 1 282889 40635 1.4 16 11 7 13 50% 158 24712 171 136%
c {  7.16 69 12 22 56 6919 2 282889 40635 1.4 12 9 6 11 46% 158 24712 171 136%
c -  7.19 69 12 22 57 6919 2 283934 37194 1.4 12 9 6 10 46% 158 24712 171 136%
c
c seconds   switched    rate          size/glue tier1    binary       remaining
c        MB   reductions  conflicts         size  tier2     irredundant
c         level    restarts      redundant    glue    trail       variables
c
c -  7.36 69 12 22 58 6937 2 291483 39284 1.4 12 9 6 10 46% 158 24712 171 136%
c -  7.55 69 12 22 59 6947 2 299098 42242 1.5 13 8 6 10 47% 158 24712 171 136%
c u  7.64 69 12 22 59 6971 1 301965 44486 1.5 13 8 6 10 47% 158 24712 171 136%
c v  7.68 70 12 22 59 6971 1 301965 44466 1.5 13 8 6 10 47% 158 24712 171 136%
c w  7.69 70 12 22 59 6971 1 301965 44463 1.5 13 8 6 10 47% 158 24712 171 136%
c -  7.78 70 12 22 60 6977 1 306780 44183 1.5 13 8 6 10 47% 158 24712 171 136%
c }  7.94 70 11 23 60 7008 1 314405 50942 1.6 13 8 6 10 47% 158 24712 171 136%
c [  7.94 70 14 23 60 7008 1 314405 50942 1.4 16 11 7 13 50% 158 24712 171 136%
c -  7.94 70 14 23 61 7008 1 314526 46298 1.4 16 11 7 13 50% 158 24712 171 136%
c B  8.02 70 14 23 61 7010 1 317460 48605 1.5 16 11 7 13 49% 158 24712 171 136%
c o  8.02 70 14 23 61 7010 1 317460 48605 1.5 16 11 7 13 49% 158 24712 171 136%
c -  8.10 70 14 23 62 7013 1 322337 47570 1.5 16 11 7 13 50% 158 24712 171 136%
c -  8.25 70 14 23 63 7017 1 330211 48058 1.5 16 11 7 13 49% 158 24712 171 136%
c -  8.41 70 14 23 64 7021 1 338148 49075 1.5 16 11 7 13 49% 158 24712 171 136%
c -  8.59 70 14 23 65 7022 1 346148 50113 1.5 16 11 7 13 49% 158 24712 171 136%
c ]  8.65 70 14 24 65 7025 1 349988 53070 1.5 16 11 7 13 49% 158 24712 171 136%
c {  8.65 70 11 24 65 7025 1 349988 53070 1.6 13 8 6 10 47% 158 24712 171 136%
c u  8.81 70 12 24 65 7545 1 352747 55195 1.5 13 8 6 10 47% 158 24712 171 136%
c v  8.84 70 12 24 65 7545 1 352747 55041 1.5 13 8 6 10 47% 158 24712 171 136%
c w  8.86 70 12 24 65 7545 1 352747 54943 1.5 13 8 6 10 47% 158 24712 171 136%
c
c seconds   switched    rate          size/glue tier1    binary       remaining
c        MB   reductions  conflicts         size  tier2     irredundant
c         level    restarts      redundant    glue    trail       variables
c
c x  8.88 71 12 24 65 7545 1 352747 54939 1.5 13 8 6 10 47% 158 24693 171 136%
c -  8.95 74 12 24 66 7811 1 354213 50701 1.5 13 8 6 10 47% 158 24693 171 136%
c -  9.26 74 12 24 67 8601 2 362339 51458 1.5 13 8 6 10 47% 158 24693 171 136%
c s  9.43 74 12 24 67 8713 2 365493 53615 1.5 13 8 6 10 47% 159 24473 171 136%
c e  9.43 74 12 24 67 8713 2 365493 53615 1.5 13 8 6 10 47% 150 24540 166 132%
c -  9.62 74 11 24 68 8927 2 370526 50369 1.5 13 8 6 10 47% 156 24540 166 132%
c i  9.62 74 11 24 68 8927 2 370596 50404 1.5 13 8 6 10 47% 160 24540 163 129%
c -  9.89 74 11 24 69 9541 2 378772 44430 1.5 12 8 6 10 46% 143 24540 163 129%
c i  9.90 74 11 24 69 9583 2 379035 44632 1.5 12 8 6 10 46% 143 24540 158 125%
c } 10.06 74 11 25 69 9694 1 386666 49522 1.5 12 8 6 10 46% 147 24540 158 125%
c [ 10.06 74 14 25 69 9694 1 386666 49522 1.5 16 11 7 13 49% 147 24540 158 125%
c W 10.06 74 14 25 69 9694 1 386666 49522 1.5 16 11 7 13 49% 134 24540 158 125%
c - 10.07 74 14 25 70 9694 1 387080 45156 1.5 16 11 7 13 49% 134 24540 158 125%
c - 10.23 74 14 25 71 9700 1 395446 48457 1.5 16 11 7 13 49% 134 24540 158 125%
c - 10.41 74 14 25 72 9704 1 403872 51228 1.5 16 11 7 13 48% 136 24540 158 125%
c i 10.47 74 14 25 72 9706 1 406363 52640 1.5 16 11 7 13 48% 138 24540 157 125%
c o 10.47 74 14 25 72 9706 1 406363 52640 1.5 16 11 7 13 48% 138 24540 157 125%
c u 10.55 74 14 25 72 9707 1 407903 42751 1.5 16 11 7 13 48% 139 24469 157 125%
c v 10.60 74 14 25 72 9707 1 407903 42610 1.5 16 11 7 13 48% 139 24469 157 125%
c w 10.63 74 14 25 72 9707 1 407903 42501 1.5 16 11 7 13 48% 139 24469 157 125%
c
c seconds   switched    rate          size/glue  tier1    binary       remaining
c        MB   reductions  conflicts         size   tier2     irredundant
c         level    restarts      redundant     glue    trail       variables
c
c t 10.63 74 14 25 72 9707 1 407903 42501 1.5 16 11 7 13 48% 138 24469 157 125%
c f 10.63 74 14 25 72 9707 1 407903 42501 1.5 16 11 7 13 48% 148 24325 162 129%
c u 10.68 76 14 25 72 9707 1 407903 42287 1.5 16 11 7 13 48% 141 24325 162 129%
c v 10.72 76 14 25 72 9707 1 407903 42225 1.5 16 11 7 13 48% 141 24325 162 129%
c w 10.73 76 14 25 72 9707 1 407903 42153 1.5 16 11 7 13 48% 141 24325 162 129%
c x 10.77 76 14 25 72 9707 1 407903 42144 1.5 16 11 7 13 48% 141 23921 162 129%
c - 11.01 77 14 25 73 9708 1 412358 43258 1.5 16 11 7 13 48% 141 23921 162 129%
c - 11.20 77 13 25 74 9710 1 420903 47424 1.5 15 10 6 13 48% 142 23921 162 129%
c i 11.29 77 13 25 74 9712 1 424081 49297 1.5 15 10 6 13 48% 148 23921 159 126%
c - 11.40 77 13 25 75 9715 1 429505 33360 1.5 15 10 6 12 47% 133 21208 159 126%
c O 11.51 77 13 25 75 9718 1 434827 36953 1.5 15 10 6 12 47% 134 21208 159 126%
c - 11.61 77 13 25 76 9720 1 438166 37889 1.5 15 10 6 12 47% 135 21208 159 126%
c i 11.62 77 13 25 76 9721 1 438528 38064 1.5 15 10 6 12 47% 141 21208 155 123%
c i 11.64 77 13 25 76 9721 1 439606 38742 1.5 15 10 6 12 47% 146 21208 154 122%
c i 11.66 77 13 25 76 9722 1 440611 39369 1.5 15 10 6 12 47% 150 21208 152 121%
c i 11.67 77 13 25 76 9722 1 441333 39836 1.5 15 10 6 12 47% 156 21208 146 116%
c i 11.67 77 13 25 76 9722 1 441460 39909 1.5 15 10 6 12 47% 158 21208 145 115%
c i 11.67 77 13 25 76 9722 1 441514 39922 1.5 15 10 6 12 47% 162 21208 124 98%
c ] 11.67 77 13 25 76 9722 1 441516 39922 1.5 15 10 6 12 47% 162 21208 118 94%
c 0 11.67 77 11 25 76 9722 1 441516 39922 1.5 12 8 6 10 46% 162 21208 118 94%
c
c ---- [ result ] ------------------------------------------------------------
c
s UNSATISFIABLE
c
c ---- [ profiling ] ---------------------------------------------------------
c
c           9.68   82.95 %  search
c           4.90   42.01 %  stable
c           4.78   40.94 %  focused
c           1.92   16.41 %  simplify
c           1.52   13.02 %  probe
c           1.06    9.11 %  vivify
c           0.45    3.85 %  eliminate
c           0.42    3.57 %  subsume
c           0.32    2.74 %  sweep
c           0.18    1.51 %  reduce
c           0.08    0.67 %  factor
c           0.07    0.58 %  preprocess
c           0.05    0.42 %  substitute
c           0.02    0.13 %  walking
c           0.01    0.06 %  congruence
c           0.00    0.04 %  parse
c           0.00    0.01 %  transitive
c           0.00    0.01 %  lucky
c           0.00    0.00 %  backbone
c =============================================
c          11.67  100.00 %  total
c
c ---- [ statistics ] --------------------------------------------------------
c
c conflicts:                           441516            37815.08 per second
c decisions:                           581446                1.32 per conflict
c eliminated:                             120               95 %  variables
c factored:                               166              132 %  variables
c iterations:                              12               10 %  variables
c propagations:                      11296595           967534    per second
c reductions:                              76             5809    interval
c reordered:                                9            49057    interval
c rephased:                                18            24529    interval
c restarts:                              9722               45    interval
c strengthened:                            17                0 %  checks
c subsumed:                               337                0 %  checks
c switched:                                25            17661    interval
c vivified:                             14010               52 %  checks
c walks:                                    6            73586    interval
c
c ---- [ glue usage ] --------------------------------------------------------
c
c focused glue 5   used 47518 clauses 10.66% accumulated 50.66% tier1
c focused glue 6   used 47544 clauses 10.67% accumulated 61.33%
c focused glue 7-8 used 86550 clauses 19.42% accumulated 80.75%
c focused glue 9   used 32332 clauses  7.26% accumulated 88.01%
c focused glue 10  used 21825 clauses  4.90% accumulated 92.91% tier2
c
c stable glue 6    used  77050 clauses  9.43% accumulated 52.58% tier1
c stable glue 7    used  69690 clauses  8.53% accumulated 61.10%
c stable glue 8-10 used 166638 clauses 20.38% accumulated 81.49%
c stable glue 11   used  40411 clauses  4.94% accumulated 86.43%
c stable glue 12   used  33469 clauses  4.09% accumulated 90.52% tier2
c
c ---- [ resources ] ---------------------------------------------------------
c
c maximum-resident-set-size:      82611011584 bytes      78784 MB
c process-time:                            12s              11.67 seconds
c
c ---- [ shutting down ] -----------------------------------------------------
c
c exit 20
