c ---- [ banner ] ------------------------------------------------------------
c
c Kissat SAT Solver
c 
c Copyright (c) 2021-2024 Armin Biere University of Freiburg
c Copyright (c) 2019-2021 Armin Biere Johannes Kepler University Linz
c 
c Version 4.0.4 8af8e56f174b778aef3aa45af9f739b2a5f492c2
c Apple clang version 17.0.0 (clang-1700.6.3.2) -W -Wall -O3 -DNDEBUG
c Mon Mar 30 18:25:47 CEST 2026 Darwin Mac 24.6.0 arm64
c
c ---- [ parsing ] -----------------------------------------------------------
c
c opened and reading DIMACS file:
c
c   tmp.cnf
c
c parsed 'p cnf 153 40392' header
c closing input after reading 1547873 bytes (1 MB)
c finished parsing after 0.01 seconds
c
c ---- [ solving ] -----------------------------------------------------------
c
c seconds switched rate     size/glue tier1 binary       remaining
c        MB reductions conflicts size  tier2   irredundant
c         level restarts redundant glue  trail       variables
c
c *  0.01 12 0 0 0  0 0   0   0 0.0 0 0 0 0 0%   0 40392 147 100%
c (  0.01 13 0 0 0  0 0   0   0 0.0 0 0 0 0 0%   0 40392 147 100%
c .  0.01 13 0 0 0  0 0   0   0 0.0 0 0 0 0 0%   0 40392 147 100%
c f  0.04 14 0 0 0  0 0   0   0 0.0 0 0 0 0 0% 316 32652 301 205%
c )  0.04 14 0 0 0  0 0   0   0 0.0 0 0 0 0 0% 316 32652 301 205%
c {  0.04 14 0 0 0  0 0   0   0 0.0 0 0 2 6 0% 316 32652 301 205%
c -  0.05 14 21 0 1 24 1 1001 634 1.4 16 11 9 16 36% 316 32652 301 205%
c }  0.05 14 21 1 1 24 1 1001 634 1.4 16 11 9 16 36% 316 32652 301 205%
c [  0.05 14 0 1 1 24 0 1001 634 0.0 0 0 2 6 0% 316 32652 301 205%
c B  0.05 14 0 1 1 24 0 1001 634 0.0 0 0 2 6 0% 316 32652 301 205%
c ]  0.05 14 40 2 1 24 1 1759 1268 1.3 20 15 12 19 38% 316 32652 301 205%
c {  0.05 14 21 2 1 24 1 1759 1268 1.4 16 11 9 16 36% 316 32652 301 205%
c -  0.06 14 21 2 2 61 2 2001 1432 1.4 16 12 9 16 35% 316 32652 301 205%
c u  0.07 14 19 2 2 73 1 2605 1902 1.4 16 12 10 15 33% 316 32652 301 205%
c v  0.08 14 19 2 2 73 1 2605 1899 1.4 16 12 10 15 33% 316 32652 301 205%
c w  0.08 14 19 2 2 73 1 2605 1895 1.4 16 12 10 15 33% 316 32652 301 205%
c }  0.08 14 19 3 2 77 2 2760 2022 1.4 16 12 10 15 33% 316 32652 301 205%
c [  0.08 14 40 3 2 77 1 2760 2022 1.3 20 15 12 19 38% 316 32652 301 205%
c W  0.08 14 40 3 2 77 1 2760 2022 1.3 20 15 12 19 38% 316 32652 301 205%
c -  0.09 14 33 3 3 77 1 3418 2485 1.4 20 14 11 18 39% 316 32652 301 205%
c
c seconds  switched rate       size/glue  tier1     binary       remaining
c        MB reductions conflicts     size    tier2     irredundant
c         level restarts  redundant     glue     trail       variables
c
c ]  0.11 14 27 4 3 78 1 4608 3523 1.4 20 14 11 18 38% 316 32652 301 205%
c {  0.11 14 19 4 3 78 2 4608 3523 1.4 16 12 10 15 33% 316 32652 301 205%
c -  0.12 14 19 4 4 105 2 5151 3620 1.4 16 12 10 15 35% 316 32652 301 205%
c }  0.15 14 18 5 4 157 2 6960 5216 1.5 16 11 9 14 36% 316 32652 301 205%
c [  0.15 14 27 5 4 157 1 6960 5216 1.4 20 14 11 18 38% 316 32652 301 205%
c I  0.15 14 27 5 4 157 1 6960 5216 1.4 20 14 11 18 38% 316 32652 301 205%
c -  0.16 14 26 5 5 157 1 7151 4703 1.4 20 14 10 18 38% 316 32652 301 205%
c u  0.17 16 23 5 5 158 1 8023 5507 1.5 20 13 10 18 39% 316 32652 301 205%
c v  0.18 17 23 5 5 158 1 8023 5498 1.5 20 13 10 18 39% 316 32652 301 205%
c w  0.18 17 23 5 5 158 1 8023 5498 1.5 20 13 10 18 39% 316 32652 301 205%
c -  0.21 19 22 5 6 159 1 9387 5718 1.5 19 13 9 17 39% 316 32652 301 205%
c B  0.23 19 20 5 6 159 1 10731 6800 1.5 19 12 9 17 40% 316 32652 301 205%
c o  0.23 19 20 5 6 159 1 10731 6800 1.5 19 12 9 17 40% 316 32652 301 205%
c ]  0.23 19 20 6 6 159 1 10834 6895 1.5 19 13 9 17 40% 316 32652 301 205%
c {  0.23 19 18 6 6 159 2 10834 6895 1.5 16 11 9 14 36% 316 32652 301 205%
c -  0.24 19 17 6 7 160 2 11836 6884 1.5 16 10 9 14 37% 316 32652 301 205%
c e  0.27 21 16 6 7 160 2 13022 8020 1.7 16 10 9 14 38% 229 32057 213 145%
c ^  0.27 21 16 6 7 160 2 13022 8020 1.7 16 10 9 14 38% 229 32057 213 145%
c -  0.30 22 16 6 8 160 1 14481 8025 1.7 16 10 8 12 41% 229 32057 213 145%
c }  0.30 22 16 7 8 160 1 14903 8420 1.7 17 10 8 12 42% 229 32057 213 145%
c
c seconds  switched  rate        size/glue  tier1    binary       remaining
c        MB reductions conflicts       size   tier2     irredundant
c         level restarts    redundant     glue    trail       variables
c
c [  0.30 22 20 7 8 160 1 14903 8420 1.5 19 13 9 17 40% 229 32057 213 145%
c W  0.32 24 20 7 8 161 1 16261 9674 1.5 19 12 9 17 43% 229 32057 213 145%
c u  0.33 24 20 7 8 161 1 16438 9830 1.5 19 12 9 17 44% 229 32057 213 145%
c v  0.33 24 20 7 8 161 1 16438 9815 1.5 19 12 9 17 44% 229 32057 213 145%
c w  0.33 25 20 7 8 161 1 16438 9815 1.5 19 12 9 17 44% 229 32057 213 145%
c f  0.34 25 20 7 8 161 1 16438 9815 1.5 19 12 9 17 44% 272 31928 235 160%
c u  0.34 25 20 7 8 161 1 16438 9797 1.5 19 12 9 17 44% 272 31928 235 160%
c v  0.35 25 20 7 8 161 1 16438 9774 1.5 19 12 9 17 44% 272 31928 235 160%
c w  0.35 25 20 7 8 161 1 16438 9773 1.5 19 12 9 17 44% 272 31928 235 160%
c -  0.36 26 20 7 9 162 1 17309 9020 1.5 19 13 9 16 45% 272 31928 235 160%
c ]  0.39 26 20 8 9 164 1 20141 11354 1.5 19 13 9 17 47% 272 31928 235 160%
c {  0.39 26 16 8 9 164 1 20141 11354 1.7 17 10 8 12 42% 272 31928 235 160%
c -  0.39 26 15 8 10 173 1 20310 10107 1.7 16 10 8 12 42% 272 31928 235 160%
c o  0.40 26 15 8 10 177 1 20867 10609 1.7 16 10 8 12 43% 272 31928 235 160%
c -  0.45 26 15 8 11 429 2 23473 10626 1.6 16 10 7 12 43% 272 31928 235 160%
c e  0.52 27 15 8 11 701 2 26064 12800 1.6 15 10 7 12 42% 242 31962 210 143%
c ^  0.53 27 15 8 11 701 2 26064 12800 1.6 15 10 7 12 42% 242 31962 210 143%
c }  0.54 27 15 9 11 752 2 26300 11247 1.6 15 10 7 12 43% 242 31962 210 143%
c [  0.54 27 20 9 11 752 1 26300 11247 1.5 19 13 9 17 47% 242 31962 210 143%
c O  0.54 27 20 9 11 752 1 26300 11247 1.5 19 13 9 17 47% 242 31962 210 143%
c
c seconds  switched   rate        size/glue  tier1    binary       remaining
c        MB  reductions conflicts       size   tier2     irredundant
c         level  restarts    redundant     glue    trail       variables
c
c -  0.55 28 20 9 12 752 1 26789 9886 1.5 19 13 9 16 47% 242 31962 210 143%
c u  0.58 30 20 9 12 753 1 28048 10860 1.5 19 13 9 16 48% 242 31962 210 143%
c v  0.59 30 20 9 12 753 1 28048 10826 1.5 19 13 9 16 48% 242 31962 210 143%
c w  0.59 31 20 9 12 753 1 28048 10820 1.5 19 13 9 16 48% 242 31962 210 143%
c f  0.63 32 20 9 12 753 1 28048 10820 1.5 19 13 9 16 48% 261 31916 217 148%
c u  0.64 34 20 9 12 753 1 28048 10799 1.5 19 13 9 16 48% 261 31916 217 148%
c v  0.65 35 20 9 12 753 1 28048 10789 1.5 19 13 9 16 48% 261 31916 217 148%
c w  0.65 35 20 9 12 753 1 28048 10789 1.5 19 13 9 16 48% 261 31916 217 148%
c x  0.65 35 20 9 12 753 1 28048 10788 1.5 19 13 9 16 48% 261 31916 217 148%
c -  0.69 35 19 9 13 754 1 30253 10591 1.5 19 13 9 16 49% 261 31916 217 148%
c -  0.74 35 18 9 14 757 1 33858 11524 1.5 19 13 9 16 49% 261 31916 217 148%
c ]  0.76 35 18 10 14 758 1 35385 12714 1.5 19 13 9 16 50% 261 31916 217 148%
c {  0.76 35 15 10 14 758 2 35385 12714 1.6 15 10 7 12 43% 261 31916 217 148%
c -  0.80 35 14 10 15 830 2 37599 13182 1.6 15 10 8 12 43% 261 31916 217 148%
c -  0.88 35 14 10 16 1132 2 41474 14408 1.5 15 10 8 12 43% 261 31916 217 148%
c o  0.89 35 14 10 16 1137 2 42460 14989 1.5 14 10 8 12 43% 261 31916 217 148%
c u  0.92 36 14 10 16 1198 2 42998 15401 1.5 14 10 8 12 43% 262 31916 217 148%
c v  0.93 36 14 10 16 1198 2 42998 15380 1.5 14 10 8 12 43% 262 31916 217 148%
c w  0.93 36 14 10 16 1198 2 42998 15378 1.5 14 10 8 12 43% 262 31916 217 148%
c }  0.96 36 14 11 16 1210 2 44012 16139 1.5 14 9 8 12 43% 262 31916 217 148%
c
c seconds   switched    rate         size/glue  tier1    binary       remaining
c        MB   reductions  conflicts        size   tier2     irredundant
c         level    restarts     redundant     glue    trail       variables
c
c [  0.96 36 18 11 16 1210 1 44012 16139 1.5 19 13 9 16 50% 262 31916 217 148%
c B  0.96 36 18 11 16 1210 1 44012 16139 1.5 19 13 9 16 50% 262 31916 217 148%
c -  0.99 36 18 11 17 1211 1 45474 15452 1.5 19 13 9 16 50% 262 31916 217 148%
c -  1.04 36 18 11 18 1214 1 49597 16705 1.4 18 13 9 16 50% 262 31916 217 148%
c -  1.10 36 17 11 19 1216 1 53840 17979 1.4 18 13 9 15 51% 262 31916 217 148%
c e  1.14 36 17 11 19 1216 1 54345 18378 1.4 18 13 9 15 51% 248 31953 204 139%
c ^  1.16 36 17 11 19 1216 1 54345 18378 1.4 18 13 9 15 51% 248 31953 204 139%
c ]  1.19 36 17 12 19 1216 1 55731 16783 1.4 18 13 9 15 51% 248 31953 204 139%
c {  1.19 36 14 12 19 1216 2 55731 16783 1.5 14 9 8 12 43% 248 31953 204 139%
c -  1.24 36 13 12 20 1249 2 58199 15530 1.5 14 9 7 11 44% 248 31953 204 139%
c u  1.30 37 13 12 20 1322 2 61393 17941 1.5 14 9 7 11 44% 250 31953 204 139%
c v  1.31 37 13 12 20 1322 2 61393 17901 1.5 14 9 7 11 44% 250 31953 204 139%
c w  1.32 37 13 12 20 1322 2 61393 17892 1.5 14 9 7 11 44% 250 31953 204 139%
c f  1.32 37 13 12 20 1322 2 61393 17892 1.5 14 9 7 11 44% 252 31940 206 140%
c u  1.33 44 13 12 20 1322 2 61393 17885 1.5 14 9 7 11 44% 252 31940 206 140%
c v  1.35 44 13 12 20 1322 2 61393 17873 1.5 14 9 7 11 44% 252 31940 206 140%
c w  1.35 44 13 12 20 1322 2 61393 17847 1.5 14 9 7 11 44% 252 31940 206 140%
c -  1.41 45 13 12 21 1530 2 62672 16391 1.5 14 9 7 11 44% 252 31940 206 140%
c }  1.55 45 13 13 21 2262 2 67212 20175 1.5 14 9 7 11 45% 252 31940 206 140%
c [  1.55 45 17 13 21 2262 1 67212 20175 1.4 18 13 9 15 51% 252 31940 206 140%
c
c seconds   switched    rate         size/glue  tier1    binary       remaining
c        MB   reductions  conflicts        size   tier2     irredundant
c         level    restarts     redundant     glue    trail       variables
c
c W  1.55 48 17 13 21 2262 1 67212 20175 1.4 18 13 9 15 51% 252 31940 206 140%
c -  1.55 48 17 13 22 2262 1 67254 18030 1.4 18 13 9 15 51% 252 31940 206 140%
c -  1.64 49 17 13 23 2265 1 71944 19399 1.4 18 12 8 15 51% 252 31940 206 140%
c -  1.71 49 17 13 24 2268 1 76739 20166 1.4 18 13 8 15 52% 252 31940 206 140%
c -  1.78 49 16 13 25 2271 1 81639 20662 1.4 18 13 8 15 53% 252 31940 206 140%
c I  1.79 49 16 13 25 2271 1 82116 21007 1.4 18 13 8 15 53% 252 31940 206 140%
c o  1.79 49 16 13 25 2271 1 82116 21007 1.4 18 13 8 15 53% 252 31940 206 140%
c u  1.82 50 16 13 25 2271 1 83363 22097 1.4 18 12 8 15 53% 252 31940 206 140%
c v  1.83 50 16 13 25 2271 1 83363 21892 1.4 18 12 8 15 53% 252 31940 206 140%
c w  1.83 50 16 13 25 2271 1 83363 21873 1.4 18 12 8 15 53% 252 31940 206 140%
c x  1.84 51 16 13 25 2271 1 83363 21870 1.4 18 12 8 15 53% 252 31928 206 140%
c -  1.88 51 16 13 26 2274 1 86639 22071 1.4 18 12 8 15 53% 252 31928 206 140%
c ]  1.93 51 16 14 26 2275 1 90783 25453 1.5 17 12 8 15 54% 252 31928 206 140%
c {  1.93 51 13 14 26 2275 2 90783 25453 1.5 14 9 7 11 45% 252 31928 206 140%
c -  1.96 51 13 14 27 2352 2 91740 23440 1.5 13 9 7 11 45% 252 31928 206 140%
c -  2.08 51 13 14 28 2592 2 96938 24840 1.5 13 9 7 11 46% 253 31928 206 140%
c s  2.21 51 13 14 28 2980 2 99897 27229 1.4 13 9 7 11 46% 253 31917 206 140%
c e  2.21 51 13 14 28 2980 2 99897 27229 1.4 13 9 7 11 46% 217 32020 185 126%
c ^  2.25 51 13 14 28 2980 2 99897 27229 1.4 13 9 7 11 46% 217 32020 185 126%
c -  2.32 51 13 14 29 3143 2 102230 19163 1.4 13 9 7 11 46% 217 32020 185 126%
c
c seconds   switched    rate          size/glue tier1    binary       remaining
c        MB   reductions  conflicts         size  tier2     irredundant
c         level    restarts      redundant    glue    trail       variables
c
c }  2.42 51 13 15 29 3538 2 105503 21825 1.4 13 9 7 11 47% 217 32020 185 126%
c [  2.42 51 16 15 29 3538 1 105503 21825 1.5 17 12 8 15 54% 217 32020 185 126%
c B  2.42 51 16 15 29 3538 1 105503 21825 1.5 17 12 8 15 54% 217 32020 185 126%
c -  2.45 51 16 15 30 3540 1 107615 21817 1.5 17 12 8 14 54% 217 32020 185 126%
c u  2.49 55 16 15 30 3540 1 109038 22794 1.5 17 12 8 14 54% 218 32020 185 126%
c v  2.51 55 16 15 30 3540 1 109038 22431 1.5 17 12 8 14 54% 219 32020 185 126%
c w  2.51 55 16 15 30 3540 1 109038 22424 1.5 17 12 8 14 54% 219 32020 185 126%
c t  2.51 55 16 15 30 3540 1 109038 22424 1.5 17 12 8 14 54% 217 32020 185 126%
c -  2.58 55 15 15 31 3543 1 113092 24072 1.5 17 12 8 14 54% 217 32020 185 126%
c -  2.68 55 16 15 32 3545 1 118659 25468 1.5 17 12 8 14 55% 217 32020 185 126%
c -  2.80 56 15 15 33 3550 1 124315 26507 1.5 17 12 7 14 55% 217 32020 185 126%
c W  2.84 56 15 15 33 3551 1 126415 28099 1.5 17 12 7 14 55% 217 32020 185 126%
c o  2.84 56 15 15 33 3551 1 126415 28099 1.5 17 12 7 14 55% 217 32020 185 126%
c ]  2.89 56 15 16 33 3551 1 129682 30986 1.5 17 12 7 14 55% 217 32020 185 126%
c {  2.89 56 13 16 33 3551 2 129682 30986 1.4 13 9 7 11 47% 217 32020 185 126%
c -  2.91 56 13 16 34 3643 2 130060 28492 1.4 13 9 7 11 47% 217 32020 185 126%
c -  3.10 56 13 16 35 4259 2 135891 29900 1.4 13 9 7 11 47% 217 32020 185 126%
c u  3.19 61 13 16 35 4295 2 138492 31801 1.4 13 9 7 11 47% 218 32020 185 126%
c v  3.21 61 13 16 35 4295 2 138492 31716 1.4 13 9 7 11 47% 218 32020 185 126%
c w  3.21 61 13 16 35 4295 2 138492 31701 1.4 13 9 7 11 47% 218 32020 185 126%
c
c seconds   switched    rate          size/glue tier1    binary       remaining
c        MB   reductions  conflicts         size  tier2     irredundant
c         level    restarts      redundant    glue    trail       variables
c
c x  3.23 62 13 16 35 4295 2 138492 31698 1.4 13 9 7 11 47% 218 31978 185 126%
c t  3.23 62 13 16 35 4295 2 138492 31698 1.4 13 9 7 11 47% 217 31978 185 126%
c -  3.31 64 13 16 36 4334 2 141807 26878 1.4 13 9 6 11 47% 217 31978 185 126%
c -  3.44 64 13 16 37 4372 2 147807 26539 1.4 13 9 6 11 48% 219 31978 185 126%
c }  3.45 64 12 17 37 4374 2 148022 26679 1.4 13 9 6 11 48% 219 31978 185 126%
c [  3.45 64 15 17 37 4374 1 148022 26679 1.5 17 12 7 14 55% 219 31978 185 126%
c O  3.50 64 15 17 37 4376 1 150643 28353 1.5 17 11 7 14 55% 220 31978 185 126%
c -  3.57 64 15 17 38 4378 1 153892 27157 1.5 17 11 7 14 55% 220 31978 185 126%
c -  3.69 64 15 17 39 4380 1 160056 28340 1.5 17 12 7 14 56% 220 31978 185 126%
c s  3.86 64 15 17 39 4384 1 164620 31427 1.5 17 12 7 14 56% 220 31889 185 126%
c e  3.86 64 15 17 39 4384 1 164620 31427 1.5 17 12 7 14 56% 185 32049 166 113%
c ^  3.92 64 15 17 39 4384 1 164620 31427 1.5 17 12 7 14 56% 185 32049 166 113%
c -  3.95 64 15 17 40 4385 1 166301 21599 1.5 17 12 7 14 56% 185 32049 166 113%
c u  4.07 68 15 17 40 4387 1 171835 25658 1.5 17 12 7 14 56% 186 32049 166 113%
c v  4.08 68 15 17 40 4387 1 171835 25563 1.5 17 12 7 14 56% 186 32049 166 113%
c w  4.09 68 15 17 40 4387 1 171835 25522 1.5 17 12 7 14 56% 186 32049 166 113%
c x  4.11 70 15 17 40 4387 1 171835 25518 1.5 17 12 7 14 56% 186 32008 166 113%
c t  4.11 70 15 17 40 4387 1 171835 25518 1.5 17 12 7 14 56% 185 32008 166 113%
c -  4.13 72 15 17 41 4387 1 172626 23701 1.5 17 12 7 14 56% 185 32008 166 113%
c ]  4.16 72 15 18 41 4388 1 174584 25360 1.5 17 12 7 14 56% 185 32008 166 113%
c
c seconds   switched    rate          size/glue tier1    binary       remaining
c        MB   reductions  conflicts         size  tier2     irredundant
c         level    restarts      redundant    glue    trail       variables
c
c {  4.16 72 12 18 41 4388 2 174584 25360 1.4 13 9 6 11 48% 185 32008 166 113%
c o  4.22 72 13 18 41 4636 2 176456 26548 1.4 13 9 6 11 48% 185 32008 166 113%
c -  4.32 72 13 18 42 5157 2 179030 25171 1.4 13 9 6 11 48% 185 32008 166 113%
c -  4.53 72 13 18 43 6140 2 185510 25725 1.4 13 9 6 11 47% 185 32008 166 113%
c -  4.78 72 13 18 44 7127 2 192067 26374 1.4 13 9 6 11 47% 185 32008 166 113%
c }  4.96 72 13 19 44 7899 2 196930 29697 1.4 13 9 6 11 47% 185 32008 166 113%
c [  4.96 72 15 19 44 7899 1 196930 29697 1.5 17 12 7 14 56% 185 32008 166 113%
c B  4.96 72 15 19 44 7899 1 196930 29697 1.5 17 12 7 14 56% 185 32008 166 113%
c -  4.99 72 15 19 45 7900 1 198703 27011 1.5 17 12 7 14 56% 185 32008 166 113%
c -  5.08 73 16 19 46 7905 1 205413 27103 1.5 17 12 7 14 57% 185 32008 166 113%
c u  5.17 77 16 19 46 7905 1 209171 29856 1.5 18 12 7 14 57% 186 32008 166 113%
c v  5.19 78 16 19 46 7905 1 209171 29429 1.5 18 12 7 14 57% 186 32008 166 113%
c w  5.20 78 16 19 46 7905 1 209171 29415 1.5 18 12 7 14 57% 186 32008 166 113%
c x  5.22 78 16 19 46 7905 1 209171 29389 1.5 18 12 7 14 57% 186 31409 166 113%
c t  5.31 82 16 19 46 7905 1 209171 29389 1.5 18 12 7 14 57% 185 31409 166 113%
c -  5.36 84 16 19 47 7908 1 212196 27205 1.5 18 12 7 14 57% 185 31409 166 113%
c -  5.48 85 16 19 48 7912 1 219051 28882 1.5 18 12 7 14 58% 185 31409 166 113%
c -  5.60 85 16 19 49 7913 1 225980 29947 1.5 18 12 7 14 58% 185 31409 166 113%
c W  5.65 88 16 19 49 7913 1 228382 31831 1.5 18 12 7 14 58% 185 31409 166 113%
c -  5.72 89 16 19 50 7916 1 232981 31331 1.5 18 12 7 14 58% 185 31409 166 113%
c
c seconds   switched    rate          size/glue  tier1    binary       remaining
c        MB   reductions  conflicts         size   tier2     irredundant
c         level    restarts      redundant     glue    trail       variables
c
c -  5.84 89 16 19 51 7920 1 240053 32084 1.5 18 12 7 14 58% 185 31409 166 113%
c o  5.89 89 16 19 51 7922 1 243183 34493 1.5 18 12 7 14 58% 185 31409 166 113%
c -  5.98 89 15 19 52 7924 1 247196 33062 1.5 18 12 7 14 58% 185 31409 166 113%
c s  6.11 89 15 19 52 7926 1 250292 35117 1.5 18 12 7 14 58% 185 30679 166 113%
c e  6.12 90 15 19 52 7926 1 250292 35117 1.5 18 12 7 14 58% 139 30974 146 99%
c !  6.19 90 15 19 52 7926 1 250292 35117 1.5 18 12 7 14 58% 139 30974 146 99%
c u  6.22 90 15 19 52 7927 1 250608 26342 1.5 18 12 7 14 58% 139 30974 146 99%
c v  6.23 90 15 19 52 7927 1 250608 25855 1.5 18 12 7 14 58% 140 30974 146 99%
c w  6.24 90 15 19 52 7927 1 250608 25848 1.5 18 12 7 14 58% 140 30974 146 99%
c x  6.25 90 15 19 52 7927 1 250608 25842 1.5 18 12 7 14 58% 140 30843 146 99%
c t  6.25 90 15 19 52 7927 1 250608 25842 1.5 18 12 7 14 58% 139 30843 146 99%
c f  6.25 90 15 19 52 7927 1 250608 25842 1.5 18 12 7 14 58% 152 30719 151 103%
c u  6.27 95 15 19 52 7927 1 250608 25769 1.5 18 12 7 14 58% 152 30719 151 103%
c v  6.29 95 15 19 52 7927 1 250608 25617 1.5 18 12 7 14 58% 152 30719 151 103%
c w  6.30 95 15 19 52 7927 1 250608 25605 1.5 18 12 7 14 58% 152 30719 151 103%
c x  6.31 96 15 19 52 7927 1 250608 25597 1.5 18 12 7 14 58% 152 30232 151 103%
c -  6.36 96 15 19 53 7927 1 254408 24980 1.5 18 12 7 13 58% 152 30232 151 103%
c ]  6.45 96 15 20 53 7928 1 260575 29758 1.5 17 12 7 13 58% 152 30232 151 103%
c {  6.45 96 13 20 53 7928 2 260575 29758 1.4 13 9 6 11 47% 152 30232 151 103%
c -  6.47 96 13 20 54 7938 2 261689 26760 1.4 13 9 6 11 47% 152 30232 151 103%
c
c seconds   switched    rate          size/glue tier1    binary       remaining
c        MB   reductions  conflicts         size  tier2     irredundant
c         level    restarts      redundant    glue    trail       variables
c
c -  6.65 96 13 20 55 7994 2 269037 28993 1.4 13 9 6 11 48% 152 30232 151 103%
c -  6.84 96 13 20 56 8374 2 276453 30969 1.4 13 9 6 11 48% 153 30232 151 103%
c -  7.00 96 12 20 57 8509 2 283937 32615 1.4 13 9 6 11 49% 154 30232 151 103%
c }  7.10 96 12 21 57 8782 2 287315 35424 1.4 13 9 6 11 49% 154 30232 151 103%
c [  7.10 96 15 21 57 8782 1 287315 35424 1.5 17 12 7 13 58% 154 30232 151 103%
c I  7.10 96 15 21 57 8782 1 287315 35424 1.5 17 12 7 13 58% 154 30232 151 103%
c -  7.19 96 15 21 58 8785 1 291487 33953 1.5 17 12 7 13 58% 154 30232 151 103%
c u  7.30 96 15 21 58 8788 1 296335 37652 1.5 17 12 7 13 58% 155 30232 151 103%
c v  7.33 96 15 21 58 8788 1 296335 37621 1.5 17 12 7 13 58% 155 30232 151 103%
c w  7.34 96 15 21 58 8788 1 296335 37587 1.5 17 12 7 13 58% 155 30232 151 103%
c x  7.35 96 15 21 58 8788 1 296335 37584 1.5 17 12 7 13 58% 155 29225 151 103%
c t  7.35 96 15 21 58 8788 1 296335 37584 1.5 17 12 7 13 58% 154 29225 151 103%
c -  7.41 96 15 21 59 8788 1 299102 34852 1.5 17 12 7 13 58% 154 29225 151 103%
c -  7.53 96 15 21 60 8794 1 306783 35381 1.5 17 12 7 13 58% 154 29225 151 103%
c -  7.66 96 15 21 61 8796 1 314529 35791 1.5 17 12 7 13 58% 154 29225 151 103%
c -  7.78 96 15 21 62 8799 1 322339 37301 1.5 17 11 7 13 58% 154 29225 151 103%
c B  7.85 96 15 21 62 8802 1 326755 40216 1.5 17 11 7 13 58% 154 29225 151 103%
c o  7.85 96 15 21 62 8802 1 326755 40216 1.5 17 11 7 13 58% 154 29225 151 103%
c ]  7.88 96 15 22 62 8803 1 328497 41796 1.5 17 11 7 13 58% 154 29225 151 103%
c {  7.88 96 12 22 62 8803 2 328497 41796 1.4 13 9 6 11 49% 154 29225 151 103%
c
c seconds   switched    rate          size/glue tier1    binary       remaining
c        MB   reductions  conflicts         size  tier2     irredundant
c         level    restarts      redundant    glue    trail       variables
c
c -  7.92 96 12 22 63 8804 2 330214 39129 1.4 13 9 6 11 49% 154 29225 151 103%
c -  8.05 97 12 22 64 8805 2 338151 42219 1.5 13 9 6 10 50% 154 29225 151 103%
c -  8.27 97 12 22 65 8812 2 346152 45004 1.5 13 9 6 10 51% 155 29225 151 103%
c u  8.31 98 12 22 65 8812 2 346412 45116 1.5 13 9 6 10 51% 155 29225 151 103%
c v  8.33 98 12 22 65 8812 2 346412 45104 1.5 13 9 6 10 51% 155 29225 151 103%
c w  8.34 98 12 22 65 8812 2 346412 45095 1.5 13 9 6 10 51% 155 29225 151 103%
c x  8.36 99 12 22 65 8812 2 346412 45095 1.5 13 9 6 10 51% 155 28731 151 103%
c -  8.52 99 12 22 66 8812 2 354214 47094 1.6 13 8 6 10 52% 156 28731 151 103%
c s  8.72 99 11 22 66 8812 2 358816 50910 1.6 13 8 6 10 53% 156 28542 151 103%
c e  8.72 99 11 22 66 8812 2 358816 50910 1.6 13 8 6 10 53% 152 28590 148 101%
c }  8.83 99 11 23 66 8813 2 360013 49841 1.6 13 8 6 10 53% 152 28590 148 101%
c [  8.83 99 15 23 66 8813 1 360013 49841 1.5 17 11 7 13 58% 152 28590 148 101%
c -  8.88 99 15 23 67 8815 1 362339 47670 1.5 17 11 6 13 58% 152 28590 148 101%
c W  9.02 103 14 23 67 8819 1 370466 53615 1.5 17 11 6 13 58% 152 28590 148 101%
c -  9.03 103 14 23 68 8819 1 370524 49231 1.5 17 11 6 13 58% 152 28590 148 101%
c -  9.18 104 14 23 69 8825 1 378773 50454 1.5 16 11 6 13 58% 152 28590 148 101%
c -  9.36 105 14 23 70 8827 1 387080 51369 1.5 16 11 6 13 58% 152 28590 148 101%
c -  9.52 105 14 23 71 8830 1 395450 51934 1.5 16 11 6 13 58% 152 28590 148 101%
c ]  9.58 105 14 24 71 8832 1 398495 53999 1.5 16 11 6 13 58% 152 28590 148 101%
c {  9.58 105 11 24 71 8832 2 398495 53999 1.6 13 8 6 10 53% 152 28590 148 101%
c
c seconds    switched    rate          size/glue tier1    binary       remaining
c         MB   reductions  conflicts         size  tier2     irredundant
c          level    restarts      redundant    glue    trail       variables
c
c u  9.69 107 11 24 71 8984 2 400872 55552 1.6 13 8 6 10 53% 152 28590 148 101%
c v  9.72 107 11 24 71 8984 2 400872 55505 1.6 13 8 6 10 53% 152 28590 148 101%
c w  9.73 107 11 24 71 8984 2 400872 55483 1.6 13 8 6 10 53% 152 28590 148 101%
c x  9.76 107 11 24 71 8984 2 400872 55482 1.6 13 8 6 10 53% 152 28462 148 101%
c -  9.86 107 11 24 72 9139 2 403876 44792 1.6 13 8 5 10 53% 153 28462 148 101%
c i 10.02 107 11 24 72 9246 1 410723 49402 1.6 13 8 5 10 53% 165 28462 145 99%
c o 10.02 107 11 24 72 9246 1 410723 49402 1.6 13 8 5 10 53% 165 28462 145 99%
c - 10.07 107 11 24 73 9456 1 412362 37141 1.6 13 8 5 10 53% 143 28462 145 99%
c i 10.30 107 11 24 73 9912 2 420138 42780 1.5 13 8 5 10 53% 151 28462 144 98%
c - 10.33 108 11 24 74 9976 2 420906 35894 1.5 13 8 5 10 53% 139 28462 144 98%
c i 10.45 108 11 24 74 10010 1 427073 40047 1.5 13 8 5 10 53% 150 28462 142 97%
c - 10.50 108 11 24 75 10061 1 429509 31704 1.6 13 8 5 10 53% 128 28462 142 97%
c } 10.68 108 11 25 75 10641 2 435172 35998 1.5 13 8 5 10 53% 131 28462 142 97%
c [ 10.68 108 14 25 75 10641 1 435172 35998 1.5 16 11 6 13 58% 131 28462 142 97%
c O 10.68 108 14 25 75 10641 1 435172 35998 1.5 16 11 6 13 58% 131 28462 142 97%
c - 10.75 108 14 25 76 10643 1 438169 35284 1.5 16 11 6 13 58% 131 28462 142 97%
c - 10.92 108 14 25 77 10647 1 446887 38874 1.5 16 11 6 13 58% 131 28462 142 97%
c - 11.10 108 14 25 78 10653 1 455661 40344 1.5 16 11 6 13 57% 131 28462 142 97%
c u 11.21 108 14 25 78 10654 1 459743 43231 1.5 16 11 6 13 57% 136 28458 142 97%
c v 11.25 108 14 25 78 10654 1 459743 42610 1.5 16 11 6 13 57% 136 28458 142 97%
c
c seconds    switched     rate          size/glue  tier1    binary       remaining
c         MB   reductions   conflicts         size   tier2     irredundant
c          level    restarts       redundant     glue    trail       variables
c
c w 11.26 108 14 25 78 10654 1 459743 41872 1.5 16 11 6 13 57% 136 28458 142 97%
c x 11.29 108 14 25 78 10654 1 459743 41867 1.5 16 11 6 13 57% 136 28183 142 97%
c t 11.45 109 14 25 78 10654 1 459743 41867 1.5 16 11 6 13 57% 135 28183 142 97%
c - 11.57 110 14 25 79 10655 1 464492 40308 1.5 16 11 6 13 57% 135 28183 142 97%
c - 11.78 110 14 25 80 10660 1 473382 42371 1.5 16 11 6 13 57% 135 28183 142 97%
c ] 11.96 110 14 26 80 10663 1 480626 47357 1.5 16 11 6 13 57% 135 28183 142 97%
c { 11.96 110 11 26 80 10663 2 480626 47357 1.5 13 8 5 10 53% 135 28183 142 97%
c - 12.02 110 11 26 81 10803 2 482326 44190 1.5 13 8 5 10 53% 138 28183 142 97%
c - 12.29 110 11 26 82 11155 2 491328 45658 1.5 13 8 5 10 53% 140 28183 142 97%
c s 12.43 110 11 26 82 11187 2 492356 46372 1.5 13 8 5 10 53% 141 27462 142 97%
c e 12.43 110 11 26 82 11187 2 492356 46372 1.5 13 8 5 10 53% 137 27480 141 96%
c s 12.43 110 11 26 82 11187 2 492356 46372 1.5 13 8 5 10 53% 137 27467 141 96%
c - 12.64 112 11 26 83 11295 1 500383 44183 1.5 12 8 5 9 53% 139 27467 141 96%
c i 12.69 112 11 26 83 11322 1 502163 45263 1.5 12 8 5 9 53% 147 27467 135 92%
c o 12.69 112 11 26 83 11322 1 502163 45263 1.5 12 8 5 9 53% 147 27467 135 92%
c i 12.79 112 11 26 83 11373 1 506838 48671 1.5 12 8 5 9 53% 157 27466 134 91%
c - 12.86 112 11 26 84 11518 1 509496 29199 1.5 12 8 5 9 53% 128 20947 134 91%
c i 12.89 112 11 26 84 11518 1 511036 30191 1.5 12 8 5 9 53% 135 20947 133 90%
c i 12.92 112 11 26 84 11543 1 512009 30838 1.5 12 8 5 9 53% 138 20947 132 90%
c i 12.95 112 11 26 84 11610 1 513360 31700 1.5 12 8 5 9 53% 148 20947 131 89%
c
c seconds    switched     rate          size/glue tier1   binary       remaining
c         MB   reductions   conflicts         size  tier2    irredundant
c          level    restarts       redundant    glue   trail       variables
c
c i 13.01 112 11 26 84 11613 1 516694 33904 1.5 12 8 5 9 53% 156 20947 127 86%
c i 13.04 112 11 26 84 11624 1 518528 35053 1.5 12 8 5 9 53% 165 20947 117 80%
c i 13.04 112 11 26 84 11624 1 518590 35092 1.5 12 8 5 9 53% 169 20947 116 79%
c i 13.04 112 11 26 84 11624 1 518605 35099 1.5 12 8 5 9 53% 172 20947 112 76%
c i 13.04 112 11 26 84 11624 1 518610 35099 1.5 12 8 5 9 53% 174 20947 94 64%
c } 13.04 112 11 26 84 11624 1 518612 35099 1.5 12 8 5 9 53% 174 20947 58 39%
c 0 13.04 112 11 26 84 11624 1 518612 35099 1.5 12 8 5 9 53% 174 20947 58 39%
c
c ---- [ result ] ------------------------------------------------------------
c
s UNSATISFIABLE
c
c ---- [ profiling ] ---------------------------------------------------------
c
c          10.99   84.23 %  search
c           5.75   44.08 %  focused
c           5.24   40.15 %  stable
c           2.02   15.48 %  simplify
c           1.31   10.03 %  probe
c           0.90    6.88 %  vivify
c           0.73    5.56 %  eliminate
c           0.69    5.25 %  subsume
c           0.32    2.46 %  sweep
c           0.19    1.44 %  reduce
c           0.05    0.39 %  substitute
c           0.03    0.23 %  factor
c           0.03    0.22 %  preprocess
c           0.01    0.11 %  walking
c           0.01    0.05 %  parse
c           0.01    0.05 %  congruence
c           0.00    0.02 %  lucky
c           0.00    0.01 %  transitive
c           0.00    0.00 %  backbone
c =============================================
c          13.04  100.00 %  total
c
c ---- [ statistics ] --------------------------------------------------------
c
c conflicts:                           518612            39754.80 per second
c decisions:                           683057                1.32 per conflict
c eliminated:                             190              129 %  variables
c factored:                               190              129 %  variables
c iterations:                              14               10 %  variables
c propagations:                      12880289           987353    per second
c reductions:                              84             6174    interval
c reordered:                               10            51861    interval
c rephased:                                18            28812    interval
c restarts:                             11624               45    interval
c strengthened:                             9                0 %  checks
c subsumed:                              1752                0 %  checks
c switched:                                26            19947    interval
c vivified:                             12271               37 %  checks
c walks:                                    6            86435    interval
c
c ---- [ glue usage ] --------------------------------------------------------
c
c focused glue 5 used 80866 clauses 11.99% accumulated 60.56% tier1
c focused glue 6 used 67130 clauses  9.96% accumulated 70.51%
c focused glue 7 used 56980 clauses  8.45% accumulated 78.96%
c focused glue 8 used 46317 clauses  6.87% accumulated 85.83%
c focused glue 9 used 34867 clauses  5.17% accumulated 91.01% tier2
c
c stable glue 6    used 107018 clauses  9.53% accumulated 54.95% tier1
c stable glue 7    used  90517 clauses  8.06% accumulated 63.01%
c stable glue 8-11 used 258343 clauses 23.00% accumulated 86.02%
c stable glue 12   used  40573 clauses  3.61% accumulated 89.63%
c stable glue 13   used  33403 clauses  2.97% accumulated 92.61% tier2
c
c ---- [ resources ] ---------------------------------------------------------
c
c maximum-resident-set-size:     120359747584 bytes     114784 MB
c process-time:                            13s              13.04 seconds
c
c ---- [ shutting down ] -----------------------------------------------------
c
c exit 20
