c ---- [ banner ] ------------------------------------------------------------
c
c Kissat SAT Solver
c 
c Copyright (c) 2021-2024 Armin Biere University of Freiburg
c Copyright (c) 2019-2021 Armin Biere Johannes Kepler University Linz
c 
c Version 4.0.4 8af8e56f174b778aef3aa45af9f739b2a5f492c2
c Apple clang version 17.0.0 (clang-1700.6.3.2) -W -Wall -O3 -DNDEBUG
c Mon Mar 30 18:25:47 CEST 2026 Darwin Mac 24.6.0 arm64
c
c ---- [ parsing ] -----------------------------------------------------------
c
c opened and reading DIMACS file:
c
c   tmp.cnf
c
c parsed 'p cnf 136 25636' header
c closing input after reading 853134 bytes (833 KB)
c finished parsing after 0.00 seconds
c
c ---- [ solving ] -----------------------------------------------------------
c
c seconds switched rate     size/glue tier1 binary       remaining
c        MB reductions conflicts size  tier2   irredundant
c         level restarts redundant glue  trail       variables
c
c *  0.00  7 0 0 0  0 0   0   0 0.0 0 0 0 0 0%   0 25636 130 100%
c (  0.01  9 0 0 0  0 0   0   0 0.0 0 0 0 0 0%   0 25636 130 100%
c .  0.01  9 0 0 0  0 0   0   0 0.0 0 0 0 0 0%   0 25636 130 100%
c f  0.03 10 0 0 0  0 0   0   0 0.0 0 0 0 0 0% 266 20100 262 202%
c )  0.03 10 0 0 0  0 0   0   0 0.0 0 0 0 0 0% 266 20100 262 202%
c {  0.03 10 0 0 0  0 0   0   0 0.0 0 0 2 6 0% 266 20100 262 202%
c -  0.04 10 36 0 1  0 1 1001 651 1.5 17 11 9 15 41% 266 20100 262 202%
c }  0.04 10 36 1 1  0 1 1001 651 1.5 17 11 9 15 41% 266 20100 262 202%
c [  0.04 10 0 1 1  0 0 1001 651 0.0 0 0 2 6 0% 266 20100 262 202%
c B  0.04 10 0 1 1  0 0 1001 651 0.0 0 0 2 6 0% 266 20100 262 202%
c ]  0.04 10 34 2 1  0 1 1610 1191 1.4 18 13 11 18 41% 266 20100 262 202%
c {  0.04 10 36 2 1  0 1 1610 1191 1.5 17 11 9 15 41% 266 20100 262 202%
c -  0.05 10 31 2 2 43 1 2001 1484 1.5 16 11 9 15 39% 266 20100 262 202%
c }  0.06 10 26 3 2 58 2 2610 1892 1.4 15 10 9 15 36% 266 20100 262 202%
c [  0.06 10 34 3 2 58 1 2610 1892 1.4 18 13 11 18 41% 266 20100 262 202%
c W  0.06 10 34 3 2 58 1 2610 1892 1.4 18 13 11 18 41% 266 20100 262 202%
c u  0.06 10 31 3 2 58 1 2715 1964 1.4 18 13 11 18 40% 266 20100 262 202%
c v  0.06 10 31 3 2 58 1 2715 1959 1.4 18 13 11 18 40% 266 20100 262 202%
c w  0.06 10 31 3 2 58 1 2715 1958 1.4 18 13 11 18 40% 266 20100 262 202%
c -  0.07 10 24 3 3 58 1 3418 2318 1.4 17 12 9 15 40% 266 20100 262 202%
c
c seconds  switched rate       size/glue  tier1    binary       remaining
c        MB reductions conflicts     size   tier2     irredundant
c         level restarts  redundant     glue    trail       variables
c
c ]  0.07 10 24 4 3 58 1 3595 2456 1.4 18 12 9 15 41% 266 20100 262 202%
c {  0.07 10 26 4 3 58 2 3595 2456 1.4 15 10 9 15 36% 266 20100 262 202%
c -  0.09 10 21 4 4 131 2 5152 3394 1.4 14 10 9 13 36% 266 20100 262 202%
c }  0.10 10 19 5 4 131 2 5947 4052 1.4 14 10 9 13 35% 266 20100 262 202%
c [  0.10 10 24 5 4 131 1 5947 4052 1.4 18 12 9 15 41% 266 20100 262 202%
c I  0.10 10 24 5 4 131 1 5947 4052 1.4 18 12 9 15 41% 266 20100 262 202%
c -  0.11 11 18 5 5 132 1 7154 4627 1.5 16 11 8 15 41% 266 20100 262 202%
c u  0.12 12 16 5 5 133 1 8364 5550 1.5 15 10 8 15 40% 266 20100 262 202%
c v  0.13 12 16 5 5 133 1 8364 5545 1.5 15 10 8 15 40% 266 20100 262 202%
c w  0.13 13 16 5 5 133 1 8364 5544 1.5 15 10 8 15 40% 266 20100 262 202%
c ]  0.14 14 16 6 5 133 1 8704 5809 1.5 15 10 8 15 40% 266 20100 262 202%
c {  0.14 14 19 6 5 133 2 8704 5809 1.4 14 10 9 13 35% 266 20100 262 202%
c -  0.15 14 18 6 6 133 2 9390 5625 1.5 14 9 8 13 36% 266 20100 262 202%
c o  0.17 14 16 6 6 142 1 11017 7128 1.6 14 9 7 12 37% 266 20100 262 202%
c -  0.18 14 16 6 7 142 1 11839 6790 1.6 14 9 7 11 37% 266 20100 262 202%
c }  0.19 14 15 7 7 142 1 12773 7603 1.6 13 8 7 11 37% 266 20100 262 202%
c [  0.19 14 16 7 7 142 1 12773 7603 1.5 15 10 8 15 40% 266 20100 262 202%
c B  0.19 14 16 7 7 142 1 12773 7603 1.5 15 10 8 15 40% 266 20100 262 202%
c e  0.20 15 16 7 7 142 1 13575 8284 1.5 15 10 8 15 40% 204 19577 196 151%
c ^  0.21 15 16 7 7 142 1 13575 8284 1.5 15 10 8 15 40% 204 19577 196 151%
c
c seconds  switched  rate        size/glue  tier1    binary       remaining
c        MB reductions conflicts       size   tier2     irredundant
c         level restarts    redundant     glue    trail       variables
c
c -  0.22 16 16 7 8 143 1 14485 7543 1.5 16 10 8 14 42% 204 19577 196 151%
c ]  0.24 16 15 8 8 144 1 15947 8621 1.5 15 10 8 14 43% 204 19577 196 151%
c {  0.24 16 15 8 8 144 1 15947 8621 1.6 13 8 7 11 37% 204 19577 196 151%
c u  0.26 18 15 8 8 249 1 17133 9424 1.6 13 8 7 11 38% 204 19577 196 151%
c v  0.26 18 15 8 8 249 1 17133 9332 1.6 13 8 7 11 38% 204 19577 196 151%
c w  0.27 18 15 8 8 249 1 17133 9331 1.6 13 8 7 11 38% 204 19577 196 151%
c x  0.27 19 15 8 8 249 1 17133 9331 1.6 13 8 7 11 38% 204 19577 196 151%
c f  0.27 19 15 8 8 249 1 17133 9331 1.6 13 8 7 11 38% 226 19508 207 159%
c u  0.27 19 15 8 8 249 1 17133 9284 1.6 13 8 7 11 38% 226 19508 207 159%
c v  0.28 19 15 8 8 249 1 17133 9268 1.6 13 8 7 11 38% 226 19508 207 159%
c w  0.28 19 15 8 8 249 1 17133 9268 1.6 13 8 7 11 38% 226 19508 207 159%
c -  0.29 19 15 8 9 311 2 17313 8608 1.5 13 9 7 11 38% 226 19508 207 159%
c -  0.33 19 14 8 10 459 2 20313 9890 1.5 13 8 7 10 39% 227 19508 207 159%
c o  0.36 19 13 8 10 610 2 21846 11112 1.5 13 8 7 10 40% 227 19508 207 159%
c }  0.37 19 13 9 10 612 2 22106 11352 1.5 13 8 7 10 40% 227 19508 207 159%
c [  0.37 19 15 9 10 612 1 22106 11352 1.5 15 10 8 14 43% 227 19508 207 159%
c W  0.37 19 15 9 10 612 1 22106 11352 1.5 15 10 8 14 43% 227 19508 207 159%
c -  0.38 20 15 9 11 613 1 23476 11167 1.5 15 10 8 13 44% 227 19508 207 159%
c -  0.41 20 14 9 12 615 1 26792 12674 1.5 15 10 7 12 46% 227 19508 207 159%
c e  0.43 20 14 9 12 615 1 27189 12953 1.5 15 10 7 12 46% 202 19543 187 144%
c
c seconds  switched   rate         size/glue  tier1    binary       remaining
c        MB  reductions conflicts        size   tier2     irredundant
c         level  restarts     redundant     glue    trail       variables
c
c ^  0.44 20 14 9 12 615 1 27189 12953 1.5 15 10 7 12 46% 202 19543 187 144%
c u  0.48 23 14 9 12 617 1 29253 13361 1.5 15 10 7 12 47% 202 19543 187 144%
c v  0.49 24 14 9 12 617 1 29253 13349 1.5 15 10 7 12 47% 202 19543 187 144%
c w  0.49 24 14 9 12 617 1 29253 13346 1.5 15 10 7 12 47% 202 19543 187 144%
c f  0.52 25 14 9 12 617 1 29253 13346 1.5 15 10 7 12 47% 213 19503 194 149%
c u  0.53 28 14 9 12 617 1 29253 13312 1.5 15 10 7 12 47% 213 19503 194 149%
c v  0.54 29 14 9 12 617 1 29253 13312 1.5 15 10 7 12 47% 213 19503 194 149%
c w  0.54 29 14 9 12 617 1 29253 13311 1.5 15 10 7 12 47% 213 19503 194 149%
c x  0.54 29 14 9 12 617 1 29253 13311 1.5 15 10 7 12 47% 213 19497 194 149%
c O  0.55 29 14 9 12 617 1 29636 13620 1.5 15 10 7 12 47% 213 19497 194 149%
c -  0.56 29 14 9 13 617 1 30259 12624 1.5 15 10 7 12 47% 213 19497 194 149%
c ]  0.56 29 14 10 13 618 1 30531 12813 1.5 15 10 7 12 47% 213 19497 194 149%
c {  0.56 29 13 10 13 618 2 30531 12813 1.5 13 8 7 10 40% 213 19497 194 149%
c -  0.65 29 13 10 14 1079 2 33864 13978 1.5 13 8 7 10 42% 213 19497 194 149%
c -  0.71 29 13 10 15 1128 2 37609 13601 1.5 12 8 6 10 44% 214 19497 194 149%
c }  0.74 29 13 11 15 1229 2 39159 14709 1.5 12 8 6 10 44% 214 19497 194 149%
c [  0.74 29 14 11 15 1229 1 39159 14709 1.5 15 10 7 12 47% 214 19497 194 149%
c B  0.75 29 14 11 15 1229 1 39398 14846 1.5 15 10 7 12 47% 214 19497 194 149%
c -  0.77 29 14 11 16 1231 1 41481 13972 1.5 15 10 7 13 48% 214 19497 194 149%
c u  0.82 29 15 11 16 1233 1 44862 16661 1.5 16 11 7 13 50% 214 19497 194 149%
c
c seconds   switched    rate         size/glue  tier1    binary       remaining
c        MB   reductions  conflicts        size   tier2     irredundant
c         level    restarts     redundant     glue    trail       variables
c
c v  0.83 29 15 11 16 1233 1 44862 16642 1.5 16 11 7 13 50% 214 19497 194 149%
c w  0.84 29 15 11 16 1233 1 44862 16637 1.5 16 11 7 13 50% 214 19497 194 149%
c o  0.84 29 15 11 16 1233 1 44862 16637 1.5 16 11 7 13 50% 214 19497 194 149%
c -  0.85 29 15 11 17 1234 1 45481 14808 1.5 16 11 7 13 50% 214 19497 194 149%
c -  0.90 30 14 11 18 1235 1 49606 16075 1.5 16 11 7 13 53% 214 19497 194 149%
c W  0.93 30 14 11 18 1236 1 51621 17678 1.5 16 11 7 13 53% 214 19497 194 149%
c -  0.96 32 14 11 19 1238 1 53850 17010 1.5 16 11 7 13 54% 214 19497 194 149%
c ]  0.98 32 14 12 19 1238 1 55302 18159 1.5 16 11 7 13 54% 214 19497 194 149%
c {  0.98 32 13 12 19 1238 2 55302 18159 1.5 12 8 6 10 44% 214 19497 194 149%
c e  1.05 32 13 12 19 1554 2 56708 19387 1.5 12 8 6 10 44% 197 19535 178 137%
c ^  1.08 32 13 12 19 1554 2 56708 19387 1.5 12 8 6 10 44% 197 19535 178 137%
c -  1.13 32 13 12 20 1940 2 58210 16017 1.4 12 9 6 10 45% 197 19535 178 137%
c -  1.21 32 13 12 21 2136 2 62683 17108 1.4 12 8 6 10 45% 199 19535 178 137%
c u  1.25 33 12 12 21 2164 2 64067 18185 1.4 12 8 6 10 46% 199 19535 178 137%
c v  1.26 33 12 12 21 2164 2 64067 18162 1.4 12 8 6 10 46% 199 19535 178 137%
c w  1.27 34 12 12 21 2164 2 64067 18162 1.4 12 8 6 10 46% 199 19535 178 137%
c f  1.27 34 12 12 21 2164 2 64067 18162 1.4 12 8 6 10 46% 200 19529 179 138%
c u  1.28 37 12 12 21 2164 2 64067 18152 1.4 12 8 6 10 46% 200 19529 179 138%
c v  1.29 38 12 12 21 2164 2 64067 18144 1.4 12 8 6 10 46% 200 19529 179 138%
c w  1.29 38 12 12 21 2164 2 64067 18140 1.4 12 8 6 10 46% 200 19529 179 138%
c
c seconds   switched    rate         size/glue tier1    binary       remaining
c        MB   reductions  conflicts        size  tier2     irredundant
c         level    restarts     redundant    glue    trail       variables
c
c }  1.35 39 12 13 21 2171 2 66781 20038 1.4 12 8 6 10 46% 202 19529 179 138%
c [  1.35 39 14 13 21 2171 1 66781 20038 1.5 16 11 7 13 54% 202 19529 179 138%
c I  1.35 39 14 13 21 2171 1 66781 20038 1.5 16 11 7 13 54% 202 19529 179 138%
c -  1.36 39 14 13 22 2171 1 67265 17961 1.5 16 11 7 13 54% 202 19529 179 138%
c -  1.42 39 14 13 23 2175 1 71957 19525 1.5 16 10 7 13 55% 202 19529 179 138%
c -  1.48 39 14 13 24 2177 1 76753 21155 1.5 16 10 7 13 56% 202 19529 179 138%
c -  1.56 39 14 13 25 2180 1 81652 22325 1.5 16 10 7 13 56% 202 19529 179 138%
c B  1.60 39 14 13 25 2182 1 84583 24618 1.5 16 10 7 13 56% 202 19529 179 138%
c o  1.60 39 14 13 25 2182 1 84583 24618 1.5 16 10 7 13 56% 202 19529 179 138%
c -  1.63 39 14 13 26 2183 1 86655 23297 1.5 16 10 7 12 57% 202 19529 179 138%
c ]  1.64 39 14 14 26 2183 1 86858 23419 1.5 16 10 7 12 57% 202 19529 179 138%
c {  1.64 39 12 14 26 2183 2 86858 23419 1.4 12 8 6 10 46% 202 19529 179 138%
c u  1.65 39 12 14 26 2183 2 87000 23513 1.4 12 8 6 10 46% 202 19529 179 138%
c v  1.66 39 12 14 26 2183 2 87000 23509 1.4 12 8 6 10 46% 202 19529 179 138%
c w  1.67 39 12 14 26 2183 2 87000 23509 1.4 12 8 6 10 46% 202 19529 179 138%
c i  1.75 39 12 14 26 2287 2 91149 26370 1.4 12 8 6 10 47% 212 19529 176 135%
c -  1.77 39 12 14 27 2337 2 91754 22404 1.5 12 8 6 10 47% 196 19529 176 135%
c -  1.91 39 12 14 28 2852 2 96952 23466 1.4 12 8 6 10 47% 197 19529 176 135%
c }  2.03 39 12 15 28 3295 2 101573 26974 1.4 12 8 6 10 47% 198 19529 176 135%
c [  2.03 39 14 15 28 3295 1 101573 26974 1.5 16 10 7 12 57% 198 19529 176 135%
c
c seconds   switched    rate          size/glue  tier1    binary       remaining
c        MB   reductions  conflicts         size   tier2     irredundant
c         level    restarts      redundant     glue    trail       variables
c
c -  2.05 41 14 15 29 3295 1 102243 25694 1.5 16 10 7 12 57% 198 19529 176 135%
c s  2.12 41 13 15 29 3297 1 104261 26947 1.5 15 10 7 12 56% 198 19494 176 135%
c e  2.12 41 13 15 29 3297 1 104261 26947 1.5 15 10 7 12 56% 172 19575 160 123%
c s  2.16 41 13 15 29 3297 1 104261 26947 1.5 15 10 7 12 56% 172 19574 160 123%
c ^  2.16 41 13 15 29 3297 1 104261 26947 1.5 15 10 7 12 56% 172 19574 160 123%
c W  2.18 42 14 15 29 3297 1 105494 22944 1.5 15 10 7 12 56% 172 19574 160 123%
c -  2.22 42 14 15 30 3299 1 107628 22688 1.5 15 10 7 12 56% 172 19574 160 123%
c -  2.30 42 13 15 31 3301 1 113105 24787 1.5 15 10 7 12 56% 172 19574 160 123%
c u  2.33 42 13 15 31 3301 1 113799 25205 1.5 15 10 7 12 56% 175 19574 160 123%
c v  2.35 42 13 15 31 3301 1 113799 24376 1.5 15 10 7 12 56% 177 19574 160 123%
c w  2.36 42 13 15 31 3301 1 113799 24360 1.5 15 10 7 12 56% 177 19574 160 123%
c t  2.36 42 13 15 31 3301 1 113799 24360 1.5 15 10 7 12 56% 172 19574 160 123%
c -  2.46 42 13 15 32 3305 1 118673 26016 1.5 15 10 6 12 57% 174 19574 160 123%
c ]  2.53 42 13 16 32 3308 1 122351 28256 1.5 15 10 6 12 56% 176 19574 160 123%
c {  2.53 42 12 16 32 3308 2 122351 28256 1.4 12 8 6 10 47% 176 19574 160 123%
c i  2.55 42 12 16 32 3313 2 123202 28778 1.4 11 8 6 10 47% 181 19574 159 122%
c -  2.57 42 12 16 33 3380 2 124329 19630 1.4 11 8 6 10 48% 170 19574 159 122%
c o  2.63 42 11 16 33 3394 2 127914 22030 1.4 11 8 6 10 48% 171 19574 159 122%
c -  2.69 42 11 16 34 3509 2 130073 22618 1.4 11 8 6 10 48% 171 19574 159 122%
c i  2.79 42 11 16 34 3611 2 134645 25663 1.4 11 8 6 10 48% 184 19574 153 118%
c
c seconds   switched    rate          size/glue tier1   binary       remaining
c        MB   reductions  conflicts         size  tier2    irredundant
c         level    restarts      redundant    glue   trail       variables
c
c -  2.82 42 11 16 35 3668 2 135903 19674 1.4 11 8 5 9 49% 157 19574 153 118%
c i  2.88 42 11 16 35 3716 2 139186 21901 1.4 11 8 5 9 49% 163 19574 152 117%
c }  2.92 42 11 17 35 3823 2 140690 23085 1.4 11 8 5 9 49% 164 19574 152 117%
c [  2.92 42 13 17 35 3823 1 140690 23085 1.5 15 10 6 12 56% 164 19574 152 117%
c O  2.92 42 13 17 35 3823 1 140690 23085 1.5 15 10 6 12 56% 164 19574 152 117%
c -  2.94 42 13 17 36 3824 1 141820 18745 1.5 15 10 6 12 56% 153 19574 152 117%
c u  3.03 42 13 17 36 3825 1 144547 20394 1.5 15 10 6 12 56% 159 19555 152 117%
c v  3.05 42 13 17 36 3825 1 144547 19925 1.5 15 10 6 12 56% 161 19555 152 117%
c w  3.06 42 13 17 36 3825 1 144547 19781 1.5 15 10 6 12 56% 161 19555 152 117%
c t  3.06 42 13 17 36 3825 1 144547 19781 1.5 15 10 6 12 56% 153 19555 152 117%
c -  3.13 42 13 17 37 3828 1 147821 20153 1.5 15 10 6 12 56% 153 19555 152 117%
c -  3.25 42 13 17 38 3830 1 153903 22639 1.5 14 10 6 12 56% 154 19555 152 117%
c i  3.32 42 13 17 38 3833 1 157521 24929 1.5 14 10 6 12 56% 162 19555 151 116%
c -  3.36 42 13 17 39 3835 1 160068 15926 1.5 14 10 6 12 56% 156 19555 151 116%
c ]  3.36 42 13 18 39 3835 1 160069 15927 1.5 14 10 6 12 56% 156 19555 151 116%
c {  3.36 42 11 18 39 3835 2 160069 15927 1.4 11 8 5 9 49% 156 19555 151 116%
c -  3.51 42 11 18 40 4526 2 166312 19092 1.4 11 8 5 9 49% 158 19555 151 116%
c i  3.61 42 11 18 40 4767 2 170179 21517 1.4 11 8 5 9 50% 165 19555 146 112%
c i  3.62 42 11 18 40 4778 2 170550 21715 1.4 11 8 5 9 50% 170 19555 137 105%
c i  3.63 42 11 18 40 4778 2 171258 22181 1.4 11 8 5 9 50% 177 19555 134 103%
c
c seconds   switched    rate          size/glue tier1   binary      remaining
c        MB   reductions  conflicts         size  tier2   irredundant
c         level    restarts      redundant    glue   trail      variables
c
c s  3.65 42 11 18 40 4784 2 171824 22545 1.4 11 8 5 9 50% 178 8526 134 103%
c e  3.66 42 11 18 40 4784 2 171824 22545 1.4 11 8 5 9 50% 120 8609 121 93%
c s  3.66 42 11 18 40 4784 2 171824 22545 1.4 11 8 5 9 50% 120 8566 121 93%
c e  3.66 42 11 18 40 4784 2 171824 22545 1.4 11 8 5 9 50% 119 8575 120 92%
c ^  3.66 42 11 18 40 4784 2 171824 22545 1.4 11 8 5 9 50% 119 8575 120 92%
c i  3.66 42 11 18 40 4784 2 171924 8408 1.4 11 8 5 9 50% 125 8573 110 85%
c i  3.67 42 11 18 40 4784 2 171989 8436 1.4 11 8 5 9 50% 128 8573 102 78%
c i  3.67 42 11 18 40 4784 2 172017 8447 1.4 11 8 5 9 50% 131 8573 83 64%
c }  3.67 42 11 18 40 4784 2 172021 8448 1.4 11 8 5 9 50% 132 8573 79 61%
c 0  3.67 42 11 18 40 4784 2 172021 8448 1.4 11 8 5 9 50% 132 8573 79 61%
c
c ---- [ result ] ------------------------------------------------------------
c
s UNSATISFIABLE
c
c ---- [ profiling ] ---------------------------------------------------------
c
c           3.10   84.43 %  search
c           1.64   44.70 %  focused
c           1.46   39.73 %  stable
c           0.54   14.80 %  simplify
c           0.37   10.21 %  probe
c           0.27    7.45 %  vivify
c           0.19    5.08 %  eliminate
c           0.16    4.28 %  subsume
c           0.06    1.71 %  sweep
c           0.05    1.39 %  reduce
c           0.02    0.61 %  preprocess
c           0.02    0.50 %  substitute
c           0.02    0.43 %  factor
c           0.00    0.12 %  walking
c           0.00    0.11 %  parse
c           0.00    0.09 %  congruence
c           0.00    0.05 %  lucky
c           0.00    0.02 %  transitive
c           0.00    0.01 %  backbone
c =============================================
c           3.67  100.00 %  total
c
c ---- [ statistics ] --------------------------------------------------------
c
c conflicts:                           172021            46904.32 per second
c decisions:                           234798                1.36 per conflict
c eliminated:                             132              102 %  variables
c factored:                               151              116 %  variables
c iterations:                              12                9 %  variables
c propagations:                       4718308          1286523    per second
c reductions:                              40             4301    interval
c reordered:                                5            34404    interval
c rephased:                                12            14335    interval
c restarts:                              4784               36    interval
c strengthened:                            10                0 %  checks
c subsumed:                               907                0 %  checks
c switched:                                18             9557    interval
c vivified:                              4085               55 %  checks
c walks:                                    4            43005    interval
c
c ---- [ glue usage ] --------------------------------------------------------
c
c focused glue 5 used 24637 clauses 12.88% accumulated 58.58% tier1
c focused glue 6 used 22468 clauses 11.75% accumulated 70.33%
c focused glue 7 used 18385 clauses  9.61% accumulated 79.94%
c focused glue 8 used 13725 clauses  7.18% accumulated 87.12%
c focused glue 9 used  9463 clauses  4.95% accumulated 92.06% tier2
c
c stable glue 6    used 30249 clauses 10.70% accumulated 55.55% tier1
c stable glue 7    used 26860 clauses  9.50% accumulated 65.05%
c stable glue 8-10 used 58453 clauses 20.68% accumulated 85.73%
c stable glue 11   used 11836 clauses  4.19% accumulated 89.92%
c stable glue 12   used  9227 clauses  3.26% accumulated 93.19% tier2
c
c ---- [ resources ] ---------------------------------------------------------
c
c maximum-resident-set-size:      44845498368 bytes      42768 MB
c process-time:                             4s               3.67 seconds
c
c ---- [ shutting down ] -----------------------------------------------------
c
c exit 20
