c ---- [ banner ] ------------------------------------------------------------
c
c Kissat SAT Solver
c 
c Copyright (c) 2021-2024 Armin Biere University of Freiburg
c Copyright (c) 2019-2021 Armin Biere Johannes Kepler University Linz
c 
c Version 4.0.4 8af8e56f174b778aef3aa45af9f739b2a5f492c2
c Apple clang version 17.0.0 (clang-1700.6.3.2) -W -Wall -O3 -DNDEBUG
c Mon Mar 30 18:25:47 CEST 2026 Darwin Mac 24.6.0 arm64
c
c ---- [ parsing ] -----------------------------------------------------------
c
c opened and reading DIMACS file:
c
c   tmp.cnf
c
c parsed 'p cnf 171 31008' header
c closing input after reading 1516636 bytes (1 MB)
c finished parsing after 0.01 seconds
c
c ---- [ solving ] -----------------------------------------------------------
c
c seconds switched rate     size/glue tier1 binary       remaining
c        MB reductions conflicts size  tier2   irredundant
c         level restarts redundant glue  trail       variables
c
c *  0.01  7 0 0 0  0 0   0   0 0.0 0 0 0 0 0%   0 31008 168 100%
c (  0.01  9 0 0 0  0 0   0   0 0.0 0 0 0 0 0%   0 31008 168 100%
c .  0.01  9 0 0 0  0 0   0   0 0.0 0 0 0 0 0%   0 31008 168 100%
c f  0.02 13 0 0 0  0 0   0   0 0.0 0 0 0 0 0% 338 27507 310 185%
c )  0.02 13 0 0 0  0 0   0   0 0.0 0 0 0 0 0% 338 27507 310 185%
c {  0.02 13 0 0 0  0 0   0   0 0.0 0 0 2 6 0% 338 27507 310 185%
c -  0.05 13 49 0 1  0 1 1000 605 1.3 18 14 13 17 43% 338 27507 310 185%
c }  0.05 13 49 1 1  0 1 1000 605 1.3 18 14 13 17 43% 338 27507 310 185%
c [  0.05 13 0 1 1  0 0 1000 605 0.0 0 0 2 6 0% 338 27507 310 185%
c B  0.05 13 48 1 1  0 0 1005 609 1.2 18 16 2 6 53% 338 27507 310 185%
c -  0.07 13 18 1 2  0 1 2000 1375 1.5 19 13 10 16 42% 338 27507 310 185%
c W  0.07 15 18 1 2  0 1 2007 1381 1.5 19 13 10 16 42% 338 27507 310 185%
c ]  0.08 15 18 2 2  1 1 2060 1428 1.5 19 13 10 16 42% 338 27507 310 185%
c {  0.08 15 49 2 2  1 1 2060 1428 1.3 18 14 13 17 43% 338 27507 310 185%
c u  0.09 15 37 2 2  5 1 2639 1936 1.5 18 13 11 17 44% 338 27507 310 185%
c v  0.09 15 37 2 2  5 1 2639 1930 1.5 18 13 11 17 44% 338 27507 310 185%
c w  0.09 15 37 2 2  5 1 2639 1929 1.5 18 13 11 17 44% 338 27507 310 185%
c }  0.11 15 34 3 2 24 1 3060 2305 1.5 18 13 11 17 43% 338 27507 310 185%
c [  0.11 15 18 3 2 24 1 3060 2305 1.5 19 13 10 16 42% 338 27507 310 185%
c -  0.11 15 18 3 3 24 1 3415 2363 1.5 19 13 10 15 42% 338 27507 310 185%
c
c seconds  switched rate       size/glue  tier1     binary       remaining
c        MB reductions conflicts     size    tier2     irredundant
c         level restarts  redundant     glue     trail       variables
c
c I  0.12 15 17 3 3 25 1 4266 3117 1.6 19 12 10 15 40% 338 27507 310 185%
c -  0.13 15 16 3 4 26 1 5147 3461 1.7 19 11 9 14 43% 338 27507 310 185%
c ]  0.13 15 16 4 4 26 1 5357 3639 1.7 19 11 9 14 43% 338 27507 310 185%
c {  0.14 15 34 4 4 26 1 5357 3639 1.5 18 13 11 17 43% 338 27507 310 185%
c -  0.16 15 26 4 5 58 2 7149 4534 1.5 18 12 10 16 42% 338 27507 310 185%
c }  0.17 15 24 5 5 58 2 7710 5046 1.5 18 12 10 16 42% 338 27507 310 185%
c [  0.17 15 16 5 5 58 1 7710 5046 1.7 19 11 9 14 43% 338 27507 310 185%
c B  0.18 15 16 5 5 58 1 8039 5322 1.7 19 11 9 14 43% 338 27507 310 185%
c u  0.19 18 16 5 5 58 1 8128 5399 1.6 19 12 9 14 43% 338 27507 310 185%
c v  0.19 18 16 5 5 58 1 8128 5398 1.6 19 12 9 14 43% 338 27507 310 185%
c w  0.19 18 16 5 5 58 1 8128 5398 1.6 19 12 9 14 43% 338 27507 310 185%
c -  0.23 21 17 5 6 59 1 9385 5671 1.6 20 12 10 16 45% 338 27507 310 185%
c ]  0.24 21 17 6 6 60 1 10034 6198 1.6 20 13 10 16 45% 338 27507 310 185%
c {  0.24 21 24 6 6 60 2 10034 6198 1.5 18 12 10 16 42% 338 27507 310 185%
c -  0.27 21 21 6 7 61 1 11836 6795 1.6 19 11 9 15 44% 338 27507 310 185%
c e  0.31 21 20 6 7 61 1 13194 8101 1.7 19 11 9 15 44% 182 26430 172 102%
c ^  0.33 21 20 6 7 61 1 13194 8101 1.7 19 11 9 15 44% 182 26430 172 102%
c o  0.33 21 20 6 7 61 1 13194 6468 1.7 19 11 9 15 44% 182 26430 172 102%
c }  0.34 21 19 7 7 61 1 14104 7340 1.7 19 11 9 15 47% 182 26430 172 102%
c [  0.34 21 17 7 7 61 1 14104 7340 1.6 20 13 10 16 45% 182 26430 172 102%
c
c seconds  switched rate        size/glue  tier1     binary       remaining
c        MB reductions conflicts      size    tier2     irredundant
c         level restarts   redundant     glue     trail       variables
c
c W  0.34 24 17 7 7 61 1 14104 7340 1.6 20 13 10 16 45% 182 26430 172 102%
c -  0.35 24 17 7 8 61 1 14482 6829 1.6 20 13 10 16 47% 182 26430 172 102%
c u  0.40 25 17 7 8 63 1 16652 8615 1.6 20 13 10 16 50% 182 26430 172 102%
c v  0.41 26 17 7 8 63 1 16652 8609 1.6 20 13 10 16 50% 182 26430 172 102%
c w  0.41 26 17 7 8 63 1 16652 8609 1.6 20 13 10 16 50% 182 26430 172 102%
c x  0.41 27 17 7 8 63 1 16652 8609 1.6 20 13 10 16 50% 182 26428 172 102%
c f  0.41 27 17 7 8 63 1 16652 8609 1.6 20 13 10 16 50% 190 26411 176 105%
c u  0.42 29 17 7 8 63 1 16652 8606 1.6 20 13 10 16 50% 190 26411 176 105%
c v  0.42 29 17 7 8 63 1 16652 8600 1.6 20 13 10 16 50% 190 26411 176 105%
c w  0.42 29 17 7 8 63 1 16652 8600 1.6 20 13 10 16 50% 190 26411 176 105%
c x  0.43 30 17 7 8 63 1 16652 8600 1.6 20 13 10 16 50% 190 26409 176 105%
c ]  0.44 30 17 8 8 63 1 16985 8842 1.6 20 13 10 16 51% 190 26409 176 105%
c {  0.44 30 19 8 8 63 1 16985 8842 1.7 19 11 9 15 47% 190 26409 176 105%
c -  0.45 31 19 8 9 99 1 17312 8023 1.7 19 11 9 14 47% 190 26409 176 105%
c -  0.50 31 17 8 10 99 1 20312 8972 1.7 18 11 8 13 51% 190 26409 176 105%
c }  0.55 31 16 9 10 115 1 23144 11113 1.7 17 10 8 13 51% 190 26409 176 105%
c [  0.55 31 17 9 10 115 1 23144 11113 1.6 20 13 10 16 51% 190 26409 176 105%
c O  0.55 31 17 9 10 115 1 23144 11113 1.6 20 13 10 16 51% 190 26409 176 105%
c -  0.56 31 17 9 11 115 1 23475 9717 1.6 20 13 10 16 51% 190 26409 176 105%
c e  0.66 31 18 9 11 117 1 26440 11980 1.5 20 13 10 16 53% 162 26450 157 93%
c
c seconds  switched   rate         size/glue  tier1     binary       remaining
c        MB  reductions conflicts        size    tier2     irredundant
c         level  restarts     redundant     glue     trail       variables
c
c ^  0.67 31 18 9 11 117 1 26440 11980 1.5 20 13 10 16 53% 162 26450 157 93%
c o  0.67 31 18 9 11 117 1 26440 8720 1.5 20 13 10 16 53% 162 26450 157 93%
c -  0.68 31 18 9 12 117 1 26792 7774 1.5 20 13 10 16 54% 162 26450 157 93%
c ]  0.68 31 18 10 12 117 1 26936 7894 1.5 20 13 10 16 54% 162 26450 157 93%
c {  0.68 31 16 10 12 117 1 26936 7894 1.7 17 10 8 13 51% 162 26450 157 93%
c u  0.72 34 16 10 12 142 1 28443 9234 1.7 17 10 8 13 52% 162 26450 157 93%
c v  0.72 34 16 10 12 142 1 28443 9224 1.7 17 10 8 13 52% 162 26450 157 93%
c w  0.72 35 16 10 12 142 1 28443 9212 1.7 17 10 8 13 52% 162 26450 157 93%
c x  0.73 36 16 10 12 142 1 28443 9212 1.7 17 10 8 13 52% 162 26412 157 93%
c f  0.77 39 16 10 12 142 1 28443 9212 1.7 17 10 8 13 52% 176 26376 164 98%
c u  0.78 42 16 10 12 142 1 28443 9199 1.7 17 10 8 13 52% 176 26376 164 98%
c v  0.79 43 16 10 12 142 1 28443 9186 1.7 17 10 8 13 52% 176 26376 164 98%
c w  0.79 43 16 10 12 142 1 28443 9181 1.7 17 10 8 13 52% 176 26376 164 98%
c x  0.79 44 16 10 12 142 1 28443 9181 1.7 17 10 8 13 52% 176 26331 164 98%
c -  0.83 44 16 10 13 174 1 30256 9570 1.7 17 10 8 12 53% 176 26331 164 98%
c -  0.91 44 15 10 14 232 1 33862 11099 1.6 16 10 8 12 53% 176 26331 164 98%
c }  0.95 44 15 11 14 264 1 35564 12331 1.6 16 10 8 12 54% 176 26331 164 98%
c [  0.95 44 18 11 14 264 1 35564 12331 1.5 20 13 10 16 54% 176 26331 164 98%
c B  0.95 44 18 11 14 264 1 35564 12331 1.5 20 13 10 16 54% 176 26331 164 98%
c -  1.00 44 18 11 15 265 1 37603 12778 1.5 20 13 10 16 55% 176 26331 164 98%
c
c seconds   switched   rate         size/glue  tier1    binary       remaining
c        MB   reductions conflicts        size   tier2     irredundant
c         level   restarts     redundant     glue    trail       variables
c
c -  1.10 44 17 11 16 268 1 41476 14659 1.5 20 13 9 16 56% 176 26331 164 98%
c ]  1.13 44 17 12 16 269 1 43206 16182 1.5 20 13 9 16 56% 176 26331 164 98%
c {  1.13 44 15 12 16 269 1 43206 16182 1.6 16 10 8 12 54% 176 26331 164 98%
c u  1.16 47 15 12 16 321 1 43625 16458 1.6 16 10 8 12 54% 176 26331 164 98%
c v  1.16 48 15 12 16 321 1 43625 16384 1.6 16 10 8 12 54% 176 26331 164 98%
c w  1.17 48 15 12 16 321 1 43625 16381 1.6 16 10 8 12 54% 176 26331 164 98%
c x  1.18 50 15 12 16 321 1 43625 16380 1.6 16 10 8 12 54% 176 26200 164 98%
c -  1.20 51 14 12 17 499 1 45479 16155 1.6 16 10 8 12 53% 176 26200 164 98%
c -  1.28 51 14 12 18 603 1 49602 17277 1.6 15 10 8 12 54% 176 26200 164 98%
c -  1.37 51 14 12 19 615 1 53844 16645 1.6 15 9 7 11 55% 176 26200 164 98%
c o  1.39 51 13 12 19 616 1 54479 17133 1.6 15 9 7 11 55% 176 26200 164 98%
c }  1.39 51 13 13 19 655 1 54687 17283 1.6 15 9 7 11 55% 176 26200 164 98%
c [  1.39 51 17 13 19 655 1 54687 17283 1.5 20 13 9 16 56% 176 26200 164 98%
c W  1.40 54 17 13 19 655 1 54687 17283 1.5 20 13 9 16 56% 176 26200 164 98%
c s  1.44 54 17 13 19 655 1 55152 17633 1.5 20 13 9 16 56% 176 26162 164 98%
c e  1.44 55 17 13 19 655 1 55152 17633 1.5 20 13 9 16 56% 154 26204 148 88%
c ^  1.47 55 17 13 19 655 1 55152 17633 1.5 20 13 9 16 56% 154 26204 148 88%
c -  1.55 55 17 13 20 657 1 58204 9201 1.5 19 12 9 15 57% 154 26204 148 88%
c u  1.65 56 16 13 20 660 1 62314 12398 1.5 18 12 9 15 57% 154 26204 148 88%
c v  1.66 56 16 13 20 660 1 62314 12387 1.5 18 12 9 15 57% 154 26204 148 88%
c
c seconds   switched   rate         size/glue  tier1    binary       remaining
c        MB   reductions conflicts        size   tier2     irredundant
c         level   restarts     redundant     glue    trail       variables
c
c w  1.67 56 16 13 20 660 1 62314 12387 1.5 18 12 9 15 57% 154 26204 148 88%
c x  1.68 57 16 13 20 660 1 62314 12387 1.5 18 12 9 15 57% 154 25963 148 88%
c f  1.68 57 16 13 20 660 1 62314 12387 1.5 18 12 9 15 57% 155 25957 149 89%
c u  1.69 61 16 13 20 660 1 62314 12376 1.5 18 12 9 15 57% 155 25957 149 89%
c v  1.70 61 16 13 20 660 1 62314 12367 1.5 18 12 9 15 57% 155 25957 149 89%
c w  1.71 61 16 13 20 660 1 62314 12357 1.5 18 12 9 15 57% 155 25957 149 89%
c x  1.71 62 16 13 20 660 1 62314 12356 1.5 18 12 9 15 57% 155 25845 149 89%
c -  1.81 64 16 13 21 660 1 62677 11841 1.5 18 12 9 15 57% 155 25845 149 89%
c ]  1.83 64 16 14 21 661 1 63439 12446 1.5 18 12 9 15 57% 155 25845 149 89%
c {  1.83 64 13 14 21 661 1 63439 12446 1.6 15 9 7 11 55% 155 25845 149 89%
c -  1.91 64 13 14 22 842 1 67259 13889 1.5 14 9 7 11 55% 155 25845 149 89%
c -  2.02 64 13 14 23 1109 1 71949 15529 1.5 14 9 7 11 55% 155 25845 149 89%
c -  2.12 65 13 14 24 1229 1 76745 17305 1.5 14 9 7 11 56% 155 25845 149 89%
c }  2.15 65 13 15 24 1234 1 78155 18547 1.5 14 9 7 11 55% 155 25845 149 89%
c [  2.15 65 16 15 24 1234 1 78155 18547 1.5 18 12 9 15 57% 155 25845 149 89%
c I  2.15 65 16 15 24 1234 1 78155 18547 1.5 18 12 9 15 57% 155 25845 149 89%
c -  2.25 65 15 15 25 1236 1 81644 19672 1.6 18 12 8 14 57% 155 25845 149 89%
c u  2.32 68 15 15 25 1239 1 84661 22208 1.6 18 11 8 14 58% 155 25845 149 89%
c v  2.34 69 15 15 25 1239 1 84661 22111 1.6 18 11 8 14 58% 155 25845 149 89%
c w  2.34 69 15 15 25 1239 1 84661 22111 1.6 18 11 8 14 58% 155 25845 149 89%
c
c seconds   switched    rate         size/glue  tier1    binary       remaining
c        MB   reductions  conflicts        size   tier2     irredundant
c         level    restarts     redundant     glue    trail       variables
c
c x  2.35 69 15 15 25 1239 1 84661 22110 1.6 18 11 8 14 58% 155 25757 149 89%
c o  2.35 69 15 15 25 1239 1 84661 22110 1.6 18 11 8 14 58% 155 25757 149 89%
c -  2.40 70 15 15 26 1240 1 86645 21866 1.6 18 11 8 14 58% 155 25757 149 89%
c -  2.50 70 15 15 27 1242 1 91744 23817 1.6 18 11 8 14 58% 155 25757 149 89%
c ]  2.51 70 15 16 27 1242 1 91862 23895 1.6 18 11 8 14 58% 155 25757 149 89%
c {  2.51 70 13 16 27 1242 1 91862 23895 1.5 14 9 7 11 55% 155 25757 149 89%
c -  2.64 70 12 16 28 1362 1 96940 25667 1.6 14 9 7 11 56% 155 25757 149 89%
c s  2.81 70 12 16 28 1410 1 101435 28872 1.5 14 9 7 11 56% 157 25750 149 89%
c e  2.81 70 12 16 28 1410 1 101435 28872 1.5 14 9 7 11 56% 137 25817 136 81%
c ^  2.88 70 12 16 28 1410 1 101435 28872 1.5 14 9 7 11 56% 137 25817 136 81%
c -  2.90 70 12 16 29 1421 1 102231 19026 1.5 14 9 7 11 56% 137 25817 136 81%
c -  3.04 70 12 16 30 1451 1 107616 21656 1.5 13 9 7 11 57% 139 25817 136 81%
c }  3.11 70 12 17 30 1451 1 110199 23479 1.5 13 8 7 11 57% 143 25817 136 81%
c [  3.11 70 15 17 30 1451 1 110199 23479 1.6 18 11 8 14 58% 143 25817 136 81%
c B  3.11 70 15 17 30 1451 1 110199 23479 1.6 18 11 8 14 58% 143 25817 136 81%
c u  3.14 74 15 17 30 1451 1 110787 23914 1.6 18 11 8 14 58% 143 25817 136 81%
c v  3.16 75 15 17 30 1451 1 110787 23584 1.6 18 11 8 14 58% 144 25817 136 81%
c w  3.16 75 15 17 30 1451 1 110787 23569 1.6 18 11 8 14 58% 144 25817 136 81%
c x  3.18 75 15 17 30 1451 1 110787 23569 1.6 18 11 8 14 58% 144 25569 136 81%
c t  3.18 75 15 17 30 1451 1 110787 23569 1.6 18 11 8 14 58% 143 25569 136 81%
c
c seconds   switched    rate          size/glue  tier1    binary       remaining
c        MB   reductions  conflicts         size   tier2     irredundant
c         level    restarts      redundant     glue    trail       variables
c
c f  3.18 75 15 17 30 1451 1 110787 23569 1.6 18 11 8 14 58% 146 25557 137 82%
c u  3.20 79 15 17 30 1451 1 110787 23486 1.6 18 11 8 14 58% 146 25557 137 82%
c v  3.21 80 15 17 30 1451 1 110787 23381 1.6 18 11 8 14 58% 146 25557 137 82%
c w  3.22 80 15 17 30 1451 1 110787 23310 1.6 18 11 8 14 58% 146 25557 137 82%
c x  3.23 80 15 17 30 1451 1 110787 23310 1.6 18 11 8 14 58% 146 25258 137 82%
c -  3.29 80 15 17 31 1453 1 113096 24069 1.6 18 11 8 14 59% 149 25258 137 82%
c -  3.42 80 15 17 32 1457 1 118663 27415 1.6 18 11 7 14 59% 149 25258 137 82%
c -  3.57 80 14 17 33 1459 1 124320 29840 1.6 17 11 7 13 60% 149 25258 137 82%
c ]  3.67 80 14 18 33 1462 1 128065 32692 1.6 17 11 7 13 60% 149 25258 137 82%
c {  3.67 80 12 18 33 1462 1 128065 32692 1.5 13 8 7 11 57% 149 25258 137 82%
c o  3.68 80 12 18 33 1472 1 128163 32776 1.5 13 8 7 11 57% 149 25258 137 82%
c -  3.78 80 12 18 34 1964 1 130064 31332 1.5 13 9 7 11 57% 149 25258 137 82%
c -  4.06 80 12 18 35 3476 2 135898 32328 1.5 13 9 7 11 55% 150 25258 137 82%
c u  4.34 81 12 18 35 4544 2 140811 35319 1.5 13 9 7 11 55% 150 25258 137 82%
c v  4.37 82 12 18 35 4544 2 140811 34676 1.5 13 9 7 11 55% 150 25258 137 82%
c w  4.38 82 12 18 35 4544 2 140811 34646 1.5 13 9 7 11 55% 150 25258 137 82%
c x  4.40 82 12 18 35 4544 2 140811 34628 1.5 13 9 7 11 55% 150 24882 137 82%
c -  4.48 83 12 18 36 4803 2 141814 32465 1.5 13 9 7 11 54% 150 24882 137 82%
c -  4.72 83 13 18 37 6115 2 147815 33551 1.4 13 9 7 11 54% 150 24882 137 82%
c }  4.83 83 13 19 37 6685 2 150410 35243 1.4 13 9 7 11 53% 150 24882 137 82%
c
c seconds   switched    rate          size/glue  tier1    binary       remaining
c        MB   reductions  conflicts         size   tier2     irredundant
c         level    restarts      redundant     glue    trail       variables
c
c [  4.83 83 14 19 37 6685 1 150410 35243 1.6 17 11 7 13 60% 150 24882 137 82%
c W  4.84 86 14 19 37 6685 1 150410 35243 1.6 17 11 7 13 60% 150 24882 137 82%
c -  4.93 87 14 19 38 6687 1 153899 34844 1.6 17 11 7 13 60% 150 24882 137 82%
c -  5.09 87 14 19 39 6691 1 160065 36265 1.6 17 11 7 13 60% 150 24882 137 82%
c -  5.28 87 14 19 40 6694 1 166311 37668 1.6 17 11 7 13 61% 151 24882 137 82%
c s  5.43 87 14 19 40 6695 1 167289 38368 1.6 17 11 7 13 61% 151 23626 137 82%
c e  5.44 87 14 19 40 6695 1 167289 38368 1.6 17 11 7 13 61% 131 23705 127 76%
c s  5.56 87 14 19 40 6695 1 167289 38368 1.6 17 11 7 13 61% 131 23148 127 76%
c ^  5.56 87 14 19 40 6695 1 167289 38368 1.6 17 11 7 13 61% 131 23148 127 76%
c -  5.71 87 14 19 41 6698 1 172636 25448 1.6 17 11 7 13 61% 131 23148 127 76%
c O  5.77 87 14 19 41 6698 1 174636 26900 1.6 17 11 7 13 61% 131 23148 127 76%
c u  5.81 87 14 19 41 6698 1 174841 26889 1.6 17 11 7 13 61% 131 23148 127 76%
c v  5.85 87 14 19 41 6698 1 174841 26857 1.6 17 11 7 13 61% 131 23148 127 76%
c w  5.87 87 14 19 41 6698 1 174841 26852 1.6 17 11 7 13 61% 131 23148 127 76%
c x  5.89 87 14 19 41 6698 1 174841 26842 1.6 17 11 7 13 61% 131 21959 127 76%
c -  6.21 88 14 19 42 6699 1 179040 27210 1.6 17 11 7 13 60% 131 21959 127 76%
c -  6.43 88 14 19 43 6702 1 185520 28769 1.5 16 11 7 13 60% 131 21959 127 76%
c ]  6.58 88 14 20 43 6705 1 190914 32623 1.5 16 10 7 13 60% 131 21959 127 76%
c {  6.58 88 13 20 43 6705 2 190914 32623 1.4 13 9 7 11 53% 131 21959 127 76%
c -  6.62 88 13 20 44 6705 2 192078 30502 1.4 13 9 7 11 53% 131 21959 127 76%
c
c seconds   switched    rate          size/glue tier1    binary       remaining
c        MB   reductions  conflicts         size  tier2     irredundant
c         level    restarts      redundant    glue    trail       variables
c
c -  6.78 88 12 20 45 6738 2 198711 32518 1.4 13 9 7 11 55% 132 21959 127 76%
c o  6.81 88 12 20 45 6743 2 200285 33557 1.4 13 9 7 11 55% 133 21959 127 76%
c -  6.91 88 12 20 46 6795 2 205420 31253 1.5 13 9 6 11 55% 133 21959 127 76%
c i  7.05 88 12 20 46 6971 2 210777 35199 1.5 13 9 6 11 56% 134 21959 126 75%
c -  7.09 88 12 20 47 6982 2 212202 32489 1.5 13 9 6 11 56% 130 21959 126 75%
c u  7.15 88 12 20 47 7018 2 213384 33258 1.5 13 9 6 11 56% 140 21949 126 75%
c v  7.18 88 12 20 47 7018 2 213384 32836 1.5 13 9 6 11 56% 141 21949 126 75%
c w  7.19 88 12 20 47 7018 2 213384 32826 1.5 13 9 6 11 56% 141 21949 126 75%
c x  7.21 88 12 20 47 7018 2 213384 32808 1.5 13 9 6 11 56% 141 21447 126 75%
c t  7.21 88 12 20 47 7018 2 213384 32808 1.5 13 9 6 11 56% 140 21447 126 75%
c }  7.35 88 12 21 47 7104 2 217653 35696 1.5 13 9 6 11 57% 141 21447 126 75%
c [  7.35 88 14 21 47 7104 1 217653 35696 1.5 16 10 7 13 60% 141 21447 126 75%
c B  7.35 88 14 21 47 7104 1 217653 35696 1.5 16 10 7 13 60% 141 21447 126 75%
c -  7.39 88 14 21 48 7105 1 219057 33976 1.6 16 10 7 12 61% 141 21447 126 75%
c -  7.56 88 14 21 49 7110 1 225985 36248 1.6 16 10 6 12 61% 141 21447 126 75%
c -  7.73 88 13 21 50 7113 1 232985 37963 1.6 16 10 6 12 61% 142 21447 126 75%
c i  7.87 88 13 21 50 7117 1 239370 41873 1.5 15 10 6 12 61% 152 21447 125 74%
c -  7.89 88 13 21 51 7117 1 240056 29649 1.5 15 10 6 12 61% 140 21447 125 74%
c ]  7.99 88 13 22 51 7118 1 244086 32951 1.5 16 10 6 12 62% 140 21447 125 74%
c {  7.99 88 12 22 51 7118 2 244086 32951 1.5 13 9 6 11 57% 140 21447 125 74%
c
c seconds   switched    rate          size/glue tier1    binary       remaining
c        MB   reductions  conflicts         size  tier2     irredundant
c         level    restarts      redundant    glue    trail       variables
c
c -  8.07 88 12 22 52 7127 2 247198 33346 1.5 13 9 6 11 57% 140 21447 125 74%
c -  8.26 88 11 22 53 7127 1 254409 37081 1.5 13 8 6 10 58% 142 21447 125 74%
c s  8.37 88 11 22 53 7127 1 255308 37685 1.5 13 8 6 10 58% 141 19368 125 74%
c e  8.37 88 11 22 53 7127 1 255308 37685 1.5 13 8 6 10 58% 127 19450 118 70%
c s  8.38 88 11 22 53 7127 1 255308 37685 1.5 13 8 6 10 58% 127 19449 118 70%
c !  8.38 88 11 22 53 7127 1 255308 37685 1.5 13 8 6 10 58% 127 19449 118 70%
c u  8.44 88 11 22 53 7127 1 256197 32322 1.5 13 8 6 10 58% 127 19449 118 70%
c v  8.46 88 11 22 53 7127 1 256197 32309 1.5 13 8 6 10 58% 127 19449 118 70%
c w  8.47 88 11 22 53 7127 1 256197 32304 1.5 13 8 6 10 58% 127 19449 118 70%
c x  8.50 88 11 22 53 7127 1 256197 32299 1.5 13 8 6 10 58% 127 19212 118 70%
c -  8.63 90 11 22 54 7127 1 261689 34025 1.5 12 8 6 10 59% 129 19212 118 70%
c i  8.67 90 11 22 54 7127 1 263579 35116 1.5 12 8 6 10 59% 139 19212 116 69%
c o  8.67 90 11 22 54 7127 1 263579 35116 1.5 12 8 6 10 59% 139 19212 116 69%
c -  8.83 90 11 22 55 7127 1 269037 24076 1.5 12 8 6 10 59% 119 19211 116 69%
c i  8.87 90 11 22 55 7127 1 270294 24791 1.6 12 8 6 10 60% 127 19211 115 68%
c }  9.01 90 10 23 55 7127 1 275603 29040 1.6 12 8 6 10 60% 129 19211 115 68%
c [  9.01 90 13 23 55 7127 1 275603 29040 1.5 16 10 6 12 62% 129 19211 115 68%
c W  9.02 90 13 23 55 7127 1 275603 29040 1.5 16 10 6 12 62% 117 19196 115 68%
c -  9.04 90 13 23 56 7127 1 276454 26394 1.5 16 10 6 12 62% 117 19196 115 68%
c i  9.21 90 13 23 56 7132 1 282466 30460 1.5 15 10 6 12 62% 125 19196 104 62%
c
c seconds   switched    rate          size/glue  tier1    binary       remaining
c        MB   reductions  conflicts         size   tier2     irredundant
c         level    restarts      redundant     glue    trail       variables
c
c i  9.24 90 13 23 56 7132 1 283578 31043 1.5 15 10 6 12 62% 132 19196 103 61%
c -  9.25 90 13 23 57 7133 1 283938 10013 1.5 15 10 6 12 62% 135 11677 103 61%
c i  9.25 90 13 23 57 7133 1 283941 10013 1.5 15 10 6 12 62% 136 11677 97 58%
c i  9.25 90 13 23 57 7133 1 283996 10024 1.5 15 10 6 12 62% 143 11677 95 57%
c i  9.25 90 13 23 57 7133 1 284003 10025 1.5 15 10 6 12 62% 145 11677 93 55%
c i  9.25 90 13 23 57 7133 1 284004 10025 1.5 15 10 6 12 62% 145 11677 92 55%
c ]  9.25 90 13 23 57 7133 1 284017 10028 1.5 15 10 6 12 62% 148 11676 68 40%
c 0  9.25 90 10 23 57 7133 1 284017 10028 1.6 12 8 6 10 60% 148 11676 68 40%
c
c ---- [ result ] ------------------------------------------------------------
c
s UNSATISFIABLE
c
c ---- [ profiling ] ---------------------------------------------------------
c
c           7.52   81.28 %  search
c           4.01   43.33 %  focused
c           3.51   37.95 %  stable
c           1.71   18.46 %  simplify
c           1.09   11.76 %  probe
c           0.73    7.85 %  vivify
c           0.62    6.72 %  eliminate
c           0.59    6.40 %  subsume
c           0.31    3.39 %  sweep
c           0.10    1.12 %  reduce
c           0.03    0.36 %  substitute
c           0.02    0.17 %  preprocess
c           0.01    0.15 %  walking
c           0.01    0.10 %  factor
c           0.01    0.06 %  parse
c           0.00    0.05 %  congruence
c           0.00    0.03 %  lucky
c           0.00    0.01 %  transitive
c           0.00    0.00 %  backbone
c =============================================
c           9.25  100.00 %  total
c
c ---- [ statistics ] --------------------------------------------------------
c
c conflicts:                           284017            30692.73 per second
c decisions:                           365718                1.29 per conflict
c eliminated:                             203              121 %  variables
c factored:                               155               92 %  variables
c iterations:                              11                7 %  variables
c propagations:                       6983262           754657    per second
c reductions:                              57             4983    interval
c reordered:                                7            40574    interval
c rephased:                                14            20287    interval
c restarts:                              7133               40    interval
c strengthened:                            29                0 %  checks
c subsumed:                              3927                0 %  checks
c switched:                                23            12349    interval
c vivified:                             10229               35 %  checks
c walks:                                    5            56803    interval
c
c ---- [ glue usage ] --------------------------------------------------------
c
c focused glue 5   used 54897 clauses 13.75% accumulated 51.03% tier1
c focused glue 6   used 50698 clauses 12.70% accumulated 63.73%
c focused glue 7-8 used 72883 clauses 18.26% accumulated 81.99%
c focused glue 9   used 23160 clauses  5.80% accumulated 87.79%
c focused glue 10  used 17253 clauses  4.32% accumulated 92.11% tier2
c
c stable glue 6    used 48259 clauses 10.54% accumulated 55.21% tier1
c stable glue 7    used 41318 clauses  9.03% accumulated 64.24%
c stable glue 8-10 used 91408 clauses 19.97% accumulated 84.22%
c stable glue 11   used 19914 clauses  4.35% accumulated 88.57%
c stable glue 12   used 15825 clauses  3.46% accumulated 92.03% tier2
c
c ---- [ resources ] ---------------------------------------------------------
c
c maximum-resident-set-size:      96653541376 bytes      92176 MB
c process-time:                             9s               9.25 seconds
c
c ---- [ shutting down ] -----------------------------------------------------
c
c exit 20
