c ---- [ banner ] ------------------------------------------------------------
c
c Kissat SAT Solver
c 
c Copyright (c) 2021-2024 Armin Biere University of Freiburg
c Copyright (c) 2019-2021 Armin Biere Johannes Kepler University Linz
c 
c Version 4.0.4 8af8e56f174b778aef3aa45af9f739b2a5f492c2
c Apple clang version 17.0.0 (clang-1700.6.3.2) -W -Wall -O3 -DNDEBUG
c Mon Mar 30 18:25:47 CEST 2026 Darwin Mac 24.6.0 arm64
c
c ---- [ parsing ] -----------------------------------------------------------
c
c opened and reading DIMACS file:
c
c   tmp.cnf
c
c parsed 'p cnf 55 2805' header
c closing input after reading 52304 bytes (51 KB)
c finished parsing after 0.00 seconds
c
c ---- [ solving ] -----------------------------------------------------------
c
c seconds switched rate     size/glue tier1 binary     remaining
c        MB reductions conflicts size  tier2  irredundant
c         level restarts redundant glue  trail     variables
c
c *  0.00  2 0 0 0  0 0   0   0 0.0 0 0 0 0 0%   0 2805 55 100%
c (  0.00  2 0 0 0  0 0   0   0 0.0 0 0 0 0 0%   0 2805 55 100%
c .  0.00  2 0 0 0  0 0   0   0 0.0 0 0 0 0 0%   0 2805 55 100%
c f  0.02  2 0 0 0  0 0   0   0 0.0 0 0 0 0 0% 200 920 154 280%
c )  0.02  2 0 0 0  0 0   0   0 0.0 0 0 0 0 0% 200 920 154 280%
c {  0.02  2 0 0 0  0 0   0   0 0.0 0 0 2 6 0% 200 920 154 280%
c -  0.02  2 16 0 1 225 5 1000 666 1.8 15 8 6 10 72% 200 920 154 280%
c }  0.02  2 16 1 1 225 5 1000 666 1.8 15 8 6 10 72% 200 920 154 280%
c [  0.02  2 0 1 1 225 0 1000 666 0.0 0 0 2 6 0% 200 920 154 280%
c B  0.02  2 21 1 1 225 0 1002 668 2.2 28 13 2 6 91% 200 920 154 280%
c -  0.03  3 22 1 2 225 1 2000 1487 1.3 19 14 8 19 76% 200 920 154 280%
c W  0.03  3 22 1 2 225 1 2004 1491 1.3 19 14 8 19 76% 200 920 154 280%
c ]  0.03  3 22 2 2 226 1 2302 1764 1.4 19 14 8 19 76% 200 920 154 280%
c {  0.03  3 16 2 2 226 5 2302 1764 1.8 15 8 6 10 72% 200 920 154 280%
c }  0.04  3 13 3 2 247 3 3302 2655 1.9 15 8 5 9 72% 202 920 154 280%
c [  0.04  3 22 3 2 247 1 3302 2655 1.4 19 14 8 19 76% 202 920 154 280%
c -  0.04  3 22 3 3 247 1 3414 2462 1.4 19 14 7 18 75% 202 920 154 280%
c ]  0.04  3 18 4 3 247 1 4147 3034 1.4 17 12 7 18 72% 202 920 154 280%
c {  0.04  3 13 4 3 247 3 4147 3034 1.9 15 8 5 9 72% 202 920 154 280%
c u  0.04  3 13 4 3 247 3 4207 3021 1.9 14 8 5 9 72% 202 920 154 280%
c
c seconds  switched  rate       size/glue tier1   binary     remaining
c        MB reductions conflicts      size  tier2   irredundant
c         level restarts   redundant    glue   trail     variables
c
c v  0.05  3 13 4 3 247 3 4207 2951 1.9 14 8 5 9 72% 202 920 154 280%
c w  0.05  3 13 4 3 247 3 4207 2928 1.9 14 8 5 9 72% 202 920 154 280%
c x  0.05  3 13 4 3 247 3 4207 2928 1.9 14 8 5 9 72% 202 918 154 280%
c f  0.05  3 13 4 3 247 3 4207 2928 1.9 14 8 5 9 72% 240 850 174 316%
c u  0.05  3 13 4 3 247 3 4207 2818 1.9 14 8 5 9 72% 240 850 174 316%
c v  0.05  3 13 4 3 247 3 4207 2759 1.9 14 8 5 9 72% 240 850 174 316%
c w  0.06  3 13 4 3 247 3 4207 2690 1.9 14 8 5 9 72% 240 850 174 316%
c -  0.08  4 14 4 4 426 3 5146 3140 1.8 14 8 5 9 71% 244 850 174 316%
c }  0.09  4 15 5 4 685 4 6500 4376 1.7 14 8 5 9 72% 245 850 174 316%
c [  0.09  4 18 5 4 685 1 6500 4376 1.4 17 12 7 18 72% 245 850 174 316%
c I  0.09  4 18 5 4 685 1 6500 4376 1.4 17 12 7 18 72% 245 850 174 316%
c -  0.09  4 19 5 5 685 1 7147 4260 1.4 17 12 6 16 72% 246 850 174 316%
c -  0.11  4 19 5 6 687 1 9385 5044 1.4 17 12 6 15 72% 246 850 174 316%
c ]  0.11  4 19 6 6 687 1 9605 5243 1.4 17 12 6 15 72% 246 850 174 316%
c {  0.11  4 15 6 6 687 4 9605 5243 1.7 14 8 5 9 72% 246 850 174 316%
c o  0.12  4 15 6 6 738 3 10605 6130 1.7 14 8 5 9 72% 247 850 174 316%
c -  0.13  4 15 6 7 794 3 11834 5912 1.7 14 8 4 9 71% 248 850 174 316%
c u  0.14  4 14 6 7 799 3 12999 6829 1.7 14 8 4 9 71% 248 850 174 316%
c v  0.15  5 14 6 7 799 3 12999 6812 1.7 14 8 4 9 71% 248 850 174 316%
c w  0.15  5 14 6 7 799 3 12999 6659 1.7 14 8 4 9 71% 248 850 174 316%
c
c seconds  switched  rate        size/glue tier1   binary     remaining
c        MB reductions conflicts       size  tier2   irredundant
c         level restarts    redundant    glue   trail     variables
c
c }  0.16  5 14 7 7 801 3 13674 7275 1.7 14 8 4 9 71% 249 850 174 316%
c [  0.16  5 19 7 7 801 1 13674 7275 1.4 17 12 6 15 72% 249 850 174 316%
c B  0.16  5 19 7 7 801 1 13674 7275 1.4 17 12 6 15 72% 249 850 174 316%
c -  0.16  5 19 7 8 801 1 14479 6592 1.4 17 12 6 15 72% 249 850 174 316%
c -  0.19  5 19 7 9 803 1 17307 7126 1.4 18 13 6 15 72% 249 850 174 316%
c ]  0.20  5 20 8 9 804 1 18677 8333 1.4 18 13 6 15 72% 249 850 174 316%
c {  0.20  5 14 8 9 804 3 18677 8333 1.7 14 8 4 9 71% 249 850 174 316%
c -  0.22  5 14 8 10 1141 3 20307 7928 1.6 14 8 4 9 71% 253 850 174 316%
c o  0.23  5 15 8 10 1185 3 20612 8217 1.6 14 8 4 9 71% 253 850 174 316%
c e  0.23  5 15 8 10 1297 3 21028 8611 1.6 14 8 4 9 71% 236 860 158 287%
c ^  0.23  5 15 8 10 1297 3 21028 8611 1.6 14 8 4 9 71% 236 860 158 287%
c -  0.27  6 15 8 11 1738 3 23469 8818 1.6 14 9 4 9 71% 237 860 158 287%
c }  0.29  6 16 9 11 1930 3 24838 10126 1.6 14 9 4 9 72% 240 860 158 287%
c [  0.29  6 20 9 11 1930 1 24838 10126 1.4 18 13 6 15 72% 240 860 158 287%
c W  0.29  6 20 9 11 1930 1 24838 10126 1.4 18 13 6 15 72% 240 860 158 287%
c u  0.31  7 19 9 11 1931 1 26632 11517 1.4 18 13 6 15 72% 240 860 158 287%
c v  0.32  7 19 9 11 1931 1 26632 11484 1.4 18 13 6 15 72% 240 860 158 287%
c w  0.32  7 19 9 11 1931 1 26632 11347 1.4 18 13 6 15 72% 240 860 158 287%
c f  0.32  7 19 9 11 1931 1 26632 11347 1.4 18 13 6 15 72% 244 851 160 291%
c u  0.32  8 19 9 11 1931 1 26632 11264 1.4 18 13 6 15 72% 244 851 160 291%
c
c seconds  switched    rate         size/glue  tier1    binary     remaining
c        MB  reductions  conflicts        size   tier2    irredundant
c         level   restarts     redundant     glue    trail     variables
c
c v  0.33  8 19 9 11 1931 1 26632 11233 1.4 18 13 6 15 72% 244 851 160 291%
c w  0.33  8 19 9 11 1931 1 26632 11186 1.4 18 13 6 15 72% 244 851 160 291%
c -  0.36  8 19 9 12 1931 1 26785 9463 1.4 18 13 5 15 72% 244 851 160 291%
c -  0.39  8 19 9 13 1934 1 30249 9727 1.4 18 13 5 14 72% 245 851 160 291%
c O  0.41  8 19 9 13 1935 1 32366 11421 1.4 18 13 5 14 72% 245 851 160 291%
c -  0.42  9 18 9 14 1936 1 33854 9943 1.4 17 12 5 13 72% 245 851 160 291%
c ]  0.43  9 18 10 14 1936 1 34757 10564 1.4 17 12 5 13 72% 245 851 160 291%
c {  0.43  9 16 10 14 1936 3 34757 10564 1.6 14 9 4 9 72% 245 851 160 291%
c -  0.47  9 16 10 15 2279 3 37596 10820 1.6 14 9 4 9 72% 245 851 160 291%
c -  0.51  9 15 10 16 2280 3 41468 11178 1.6 14 9 3 8 72% 246 851 160 291%
c e  0.52  9 14 10 16 2280 3 42138 11662 1.6 14 9 3 8 72% 234 874 149 271%
c ^  0.52  9 14 10 16 2280 3 42138 11662 1.6 14 9 3 8 72% 234 874 149 271%
c o  0.52  9 14 10 16 2280 3 42138 11024 1.6 14 9 3 8 72% 234 874 149 271%
c }  0.54  9 15 11 16 2593 3 43384 12214 1.6 14 9 3 8 72% 235 874 149 271%
c [  0.54  9 18 11 16 2593 1 43384 12214 1.4 17 12 5 13 72% 235 874 149 271%
c B  0.54  9 18 11 16 2593 1 43384 12214 1.4 17 12 5 13 72% 235 874 149 271%
c u  0.57  9 18 11 16 2594 1 45424 13730 1.4 17 12 5 13 72% 235 874 149 271%
c v  0.57  9 18 11 16 2594 1 45424 12192 1.4 17 12 5 13 72% 235 874 149 271%
c w  0.57  9 18 11 16 2594 1 45424 12190 1.4 17 12 5 13 72% 235 874 149 271%
c x  0.58  9 18 11 16 2594 1 45424 12189 1.4 17 12 5 13 72% 235 873 149 271%
c
c seconds   switched    rate         size/glue  tier1    binary     remaining
c        MB   reductions  conflicts        size   tier2    irredundant
c         level    restarts     redundant     glue    trail     variables
c
c f  0.58  9 18 11 16 2594 1 45424 12189 1.4 17 12 5 13 72% 238 867 150 273%
c u  0.58 10 18 11 16 2594 1 45424 12047 1.4 17 12 5 13 72% 238 867 150 273%
c v  0.59 10 18 11 16 2594 1 45424 12005 1.4 17 12 5 13 72% 238 867 150 273%
c w  0.59 10 18 11 16 2594 1 45424 12004 1.4 17 12 5 13 72% 238 867 150 273%
c -  0.60 11 18 11 17 2595 1 45468 9481 1.4 17 12 5 13 72% 238 867 150 273%
c -  0.63 11 18 11 18 2598 1 49592 10206 1.4 17 12 5 13 73% 239 867 150 273%
c -  0.68 11 18 11 19 2599 1 53834 10331 1.4 18 12 5 13 73% 239 867 150 273%
c ]  0.69 11 18 12 19 2599 1 54787 11119 1.4 18 12 5 13 73% 239 867 150 273%
c {  0.69 11 15 12 19 2599 3 54787 11119 1.6 14 9 3 8 72% 239 867 150 273%
c -  0.74 11 15 12 20 3069 3 58192 11856 1.6 14 9 3 8 73% 240 867 150 273%
c -  0.79 11 14 12 21 3141 3 62664 13034 1.6 13 9 3 8 73% 241 867 150 273%
c }  0.83 11 14 13 21 3151 3 66266 15605 1.6 13 8 3 8 73% 241 867 150 273%
c [  0.83 11 18 13 21 3151 1 66266 15605 1.4 18 12 5 13 73% 241 867 150 273%
c W  0.83 11 18 13 21 3151 1 66266 15605 1.4 18 12 5 13 73% 241 867 150 273%
c -  0.84 12 18 13 22 3151 1 67247 13313 1.4 18 12 5 13 73% 241 867 150 273%
c u  0.87 12 18 13 22 3153 1 69582 14980 1.4 18 12 5 13 73% 242 867 150 273%
c v  0.88 12 18 13 22 3153 1 69582 14919 1.4 18 12 5 13 73% 242 867 150 273%
c w  0.88 12 18 13 22 3153 1 69582 14691 1.4 18 12 5 13 73% 242 867 150 273%
c -  0.91 12 18 13 23 3155 1 71939 13078 1.4 18 12 4 13 73% 242 867 150 273%
c -  0.96 12 17 13 24 3157 1 76734 13121 1.4 17 12 4 13 73% 242 867 150 273%
c
c seconds   switched    rate         size/glue  tier1    binary     remaining
c        MB   reductions  conflicts        size   tier2    irredundant
c         level    restarts     redundant     glue    trail     variables
c
c ]  0.99 12 17 14 24 3158 1 79069 14905 1.4 17 12 4 13 73% 242 867 150 273%
c {  0.99 12 14 14 24 3158 3 79069 14905 1.6 13 8 3 8 73% 242 867 150 273%
c o  0.99 12 14 14 24 3167 3 79120 14952 1.6 13 8 3 8 73% 242 867 150 273%
c -  1.04 12 14 14 25 3683 3 81632 14475 1.5 13 9 3 8 73% 243 867 150 273%
c -  1.12 12 14 14 26 4164 3 86633 15658 1.5 13 9 3 8 73% 244 867 150 273%
c e  1.13 12 14 14 26 4164 3 87816 16493 1.5 13 9 3 8 73% 242 871 149 271%
c ^  1.13 12 14 14 26 4164 3 87816 16493 1.5 13 9 3 8 73% 242 871 149 271%
c -  1.20 14 14 14 27 4793 3 91735 16491 1.5 13 9 3 8 73% 242 871 149 271%
c }  1.23 14 14 15 27 4793 3 93785 17961 1.5 13 9 3 8 73% 242 871 149 271%
c [  1.23 14 17 15 27 4793 1 93785 17961 1.4 17 12 4 13 73% 242 871 149 271%
c I  1.23 14 17 15 27 4793 1 93785 17961 1.4 17 12 4 13 73% 242 871 149 271%
c -  1.26 14 18 15 28 4795 1 96931 16231 1.4 18 13 4 13 73% 242 871 149 271%
c u  1.29 16 18 15 28 4797 1 99285 17883 1.4 18 13 4 13 73% 243 871 149 271%
c v  1.30 16 18 15 28 4797 1 99285 17802 1.4 18 13 4 13 73% 243 871 149 271%
c w  1.31 16 18 15 28 4797 1 99285 17452 1.4 18 13 4 13 73% 243 871 149 271%
c t  1.37 17 18 15 28 4797 1 99285 17452 1.4 18 13 4 13 73% 242 871 149 271%
c -  1.41 17 18 15 29 4799 1 102224 14406 1.4 18 13 4 13 73% 242 871 149 271%
c -  1.46 17 19 15 30 4801 1 107612 13939 1.4 18 13 4 13 73% 242 871 149 271%
c B  1.50 17 19 15 30 4804 1 111588 17058 1.4 18 13 4 13 73% 242 871 149 271%
c -  1.52 17 19 15 31 4805 1 113089 14452 1.3 18 13 4 13 73% 242 871 149 271%
c
c seconds   switched    rate          size/glue  tier1    binary     remaining
c        MB   reductions  conflicts         size   tier2    irredundant
c         level    restarts      redundant     glue    trail     variables
c
c ]  1.56 17 19 16 31 4806 1 116865 17399 1.3 18 13 4 13 73% 242 871 149 271%
c {  1.56 17 14 16 31 4806 3 116865 17399 1.5 13 9 3 8 73% 242 871 149 271%
c -  1.59 17 14 16 32 4991 3 118656 15699 1.5 13 9 3 8 73% 242 871 149 271%
c o  1.60 17 13 16 32 4998 3 119942 16686 1.5 13 9 3 8 73% 243 871 149 271%
c -  1.68 17 14 16 33 5537 3 124312 17756 1.5 13 9 3 8 73% 245 871 149 271%
c -  1.79 17 14 16 34 6521 3 130058 19540 1.5 13 9 3 8 73% 245 871 149 271%
c u  1.86 17 14 16 34 6639 3 134738 23009 1.5 13 9 3 8 73% 246 871 149 271%
c v  1.87 17 14 16 34 6639 3 134738 22910 1.5 13 9 3 8 73% 246 871 149 271%
c w  1.87 18 14 16 34 6639 3 134738 22897 1.5 13 9 3 8 73% 246 871 149 271%
c }  1.89 18 14 17 34 6647 3 135203 23249 1.5 13 9 3 8 73% 246 871 149 271%
c [  1.89 18 19 17 34 6647 1 135203 23249 1.3 18 13 4 13 73% 246 871 149 271%
c W  1.89 18 19 17 34 6647 1 135203 23249 1.3 18 13 4 13 73% 246 871 149 271%
c -  1.90 19 19 17 35 6647 1 135890 19942 1.3 18 13 4 13 73% 246 871 149 271%
c -  1.97 20 19 17 36 6652 1 141808 19671 1.3 18 13 4 13 73% 246 871 149 271%
c -  2.04 20 19 17 37 6654 1 147809 18618 1.4 18 13 4 13 73% 246 871 149 271%
c -  2.12 20 18 17 38 6659 1 153891 18555 1.4 18 13 4 13 72% 246 871 149 271%
c ]  2.19 20 18 18 38 6660 1 159378 22570 1.4 18 13 4 13 72% 246 871 149 271%
c {  2.19 20 14 18 38 6660 3 159378 22570 1.5 13 9 3 8 73% 246 871 149 271%
c -  2.20 20 14 18 39 6668 3 160056 19764 1.5 13 9 3 8 73% 246 871 149 271%
c e  2.22 21 13 18 39 6698 3 161330 20763 1.5 13 9 3 8 73% 226 925 139 253%
c
c seconds   switched    rate          size/glue tier1   binary     remaining
c        MB   reductions  conflicts         size  tier2   irredundant
c         level    restarts      redundant    glue   trail     variables
c
c ^  2.22 21 13 18 39 6698 3 161330 20763 1.5 13 9 3 8 73% 226 925 139 253%
c -  2.28 23 13 18 40 6703 2 166300 18324 1.5 13 9 3 8 73% 226 925 139 253%
c -  2.35 23 13 18 41 6704 2 172624 20498 1.5 13 8 3 8 73% 226 925 139 253%
c u  2.41 26 13 18 41 6709 2 176145 22893 1.5 13 8 3 8 73% 226 925 139 253%
c v  2.42 26 13 18 41 6709 2 176145 20411 1.5 13 8 3 8 73% 226 925 139 253%
c w  2.43 26 13 18 41 6709 2 176145 19883 1.5 13 8 3 8 73% 226 925 139 253%
c o  2.43 26 13 18 41 6709 2 176145 19883 1.5 13 8 3 8 73% 226 925 139 253%
c -  2.47 26 13 18 42 6711 2 179027 18885 1.5 13 8 3 8 73% 226 925 139 253%
c }  2.50 26 13 19 42 6711 2 181723 20874 1.5 13 8 3 8 73% 226 925 139 253%
c [  2.50 26 18 19 42 6711 1 181723 20874 1.4 18 13 4 13 72% 226 925 139 253%
c O  2.50 26 18 19 42 6711 1 181723 20874 1.4 18 13 4 13 72% 226 925 139 253%
c -  2.54 26 18 19 43 6713 1 185509 20594 1.4 17 13 4 13 72% 226 925 139 253%
c -  2.62 26 18 19 44 6717 1 192066 20757 1.4 17 13 4 13 71% 226 925 139 253%
c -  2.70 26 17 19 45 6721 1 198700 19952 1.4 17 13 4 12 71% 226 925 139 253%
c ]  2.75 26 17 20 45 6724 1 203188 22892 1.4 17 12 4 12 71% 226 925 139 253%
c {  2.75 26 13 20 45 6724 2 203188 22892 1.5 13 8 3 8 73% 226 925 139 253%
c -  2.78 26 12 20 46 6847 2 205408 20960 1.5 13 8 3 8 73% 227 925 139 253%
c -  2.89 26 13 20 47 7646 2 212191 22860 1.5 13 8 3 8 73% 229 925 139 253%
c -  3.01 26 13 20 48 8267 2 219048 23578 1.5 13 8 3 8 73% 230 925 139 253%
c u  3.10 26 13 20 48 8821 2 223396 26713 1.5 13 8 3 8 73% 230 925 139 253%
c
c seconds   switched    rate          size/glue tier1   binary     remaining
c        MB   reductions  conflicts         size  tier2   irredundant
c         level    restarts      redundant    glue   trail     variables
c
c v  3.12 26 13 20 48 8821 2 223396 25949 1.5 13 8 3 8 73% 230 925 139 253%
c w  3.13 26 13 20 48 8821 2 223396 25872 1.5 13 8 3 8 73% 230 925 139 253%
c -  3.18 26 13 20 49 9106 2 225977 23107 1.5 13 8 3 8 73% 230 925 139 253%
c }  3.26 26 13 21 49 9635 2 229930 26393 1.5 13 9 3 8 73% 230 925 139 253%
c [  3.26 26 17 21 49 9635 1 229930 26393 1.4 17 12 4 12 71% 230 925 139 253%
c B  3.26 26 17 21 49 9635 1 229930 26393 1.4 17 12 4 12 71% 230 925 139 253%
c -  3.29 26 17 21 50 9637 1 232977 23455 1.4 17 12 4 12 71% 230 925 139 253%
c -  3.38 26 17 21 51 9641 1 240051 22831 1.3 17 12 4 12 71% 230 925 139 253%
c -  3.45 26 17 21 52 9645 1 247193 21182 1.3 17 13 4 12 72% 230 925 139 253%
c -  3.53 26 18 21 53 9648 1 254404 19672 1.3 17 13 4 12 72% 230 925 139 253%
c W  3.61 26 18 21 53 9649 1 261381 25023 1.3 17 13 4 12 72% 230 925 139 253%
c o  3.61 26 18 21 53 9649 1 261381 25023 1.3 17 13 4 12 72% 230 925 139 253%
c -  3.62 27 18 21 54 9649 1 261686 20484 1.3 17 13 4 12 72% 230 925 139 253%
c e  3.66 27 18 21 54 9652 1 265167 23261 1.3 17 13 4 12 72% 170 1116 118 215%
c ^  3.66 27 18 21 54 9652 1 265167 23261 1.3 17 13 4 12 72% 170 1116 118 215%
c -  3.70 28 18 21 55 9654 1 269034 15771 1.3 17 13 4 12 72% 170 1116 118 215%
c ]  3.73 28 18 22 55 9656 1 271940 18033 1.3 17 13 4 12 72% 170 1116 118 215%
c {  3.73 28 13 22 55 9656 2 271940 18033 1.5 13 9 3 8 73% 170 1116 118 215%
c i  3.79 28 13 22 55 9798 2 276144 21296 1.5 13 8 3 8 73% 173 1116 117 213%
c -  3.80 29 13 22 56 9798 2 276452 17200 1.5 13 8 3 8 73% 164 1116 117 213%
c
c seconds   switched    rate          size/glue tier1   binary      remaining
c        MB   reductions  conflicts         size  tier2   irredundant
c         level    restarts      redundant    glue   trail      variables
c
c u  3.82 29 13 22 56 9811 2 276853 17191 1.5 13 8 3 8 73% 165 1116 117 213%
c v  3.84 29 13 22 56 9811 2 276853 16724 1.5 13 8 3 8 73% 165 1116 117 213%
c w  3.85 29 13 22 56 9811 2 276853 16499 1.5 13 8 3 8 73% 165 1116 117 213%
c t  3.85 29 13 22 56 9811 2 276853 16499 1.5 13 8 3 8 73% 164 1116 117 213%
c -  3.97 29 13 22 57 10263 2 283939 20182 1.5 13 8 3 8 73% 164 1116 117 213%
c -  4.10 29 13 22 58 10464 2 291488 22767 1.5 13 8 3 8 73% 165 1116 117 213%
c -  4.23 30 13 22 59 10756 2 299104 24532 1.5 13 8 3 8 73% 165 1116 117 213%
c }  4.32 30 12 23 59 11020 2 303456 28147 1.5 13 8 3 8 73% 166 1116 117 213%
c [  4.32 30 18 23 59 11020 1 303456 28147 1.3 17 13 4 12 72% 166 1116 117 213%
c I  4.32 30 18 23 59 11020 1 303456 28147 1.3 17 13 4 12 72% 166 1116 117 213%
c -  4.36 32 18 23 60 11022 1 306787 24607 1.3 17 13 4 12 72% 166 1116 117 213%
c -  4.45 32 18 23 61 11026 1 314532 22297 1.3 18 13 4 12 72% 166 1116 117 213%
c -  4.54 32 18 23 62 11032 1 322342 20910 1.3 18 13 4 13 73% 166 1116 117 213%
c -  4.63 32 18 23 63 11034 1 330217 21405 1.3 18 13 4 13 73% 166 1116 117 213%
c u  4.72 32 18 23 63 11034 1 335618 25246 1.3 18 13 4 13 73% 166 1116 117 213%
c v  4.75 32 18 23 63 11034 1 335618 25055 1.3 18 13 4 13 73% 166 1116 117 213%
c w  4.76 33 18 23 63 11034 1 335618 23656 1.3 18 13 4 13 73% 166 1116 117 213%
c o  4.91 35 18 23 63 11034 1 335618 23656 1.3 18 13 4 13 73% 166 1116 117 213%
c -  4.94 35 19 23 64 11036 1 338154 21076 1.3 18 14 4 13 73% 166 1116 117 213%
c B  4.99 35 19 23 64 11040 1 342896 24771 1.3 18 14 4 13 73% 166 1116 117 213%
c
c seconds   switched     rate          size/glue  tier1    binary      remaining
c        MB   reductions   conflicts         size   tier2    irredundant
c         level    restarts       redundant     glue    trail      variables
c
c -  5.03 35 19 23 65 11041 1 346154 21875 1.3 18 14 4 13 73% 166 1116 117 213%
c -  5.13 35 19 23 66 11045 1 354217 22261 1.3 18 14 4 13 73% 166 1116 117 213%
c ]  5.13 35 19 24 66 11046 1 354296 22329 1.3 18 14 4 13 73% 166 1116 117 213%
c {  5.13 35 12 24 66 11046 2 354296 22329 1.5 13 8 3 8 73% 166 1116 117 213%
c -  5.25 35 12 24 67 11509 2 362341 24853 1.5 13 8 3 8 73% 169 1116 117 213%
c -  5.41 35 12 24 68 12306 2 370526 27699 1.5 13 8 3 8 73% 169 1116 117 213%
c -  5.54 35 12 24 69 12649 2 378772 28833 1.5 13 8 3 7 73% 172 1116 117 213%
c -  5.70 35 12 24 70 13374 2 387078 29909 1.5 13 8 3 7 73% 172 1116 117 213%
c }  5.77 35 12 25 70 13729 2 390973 33060 1.5 13 8 3 7 73% 172 1116 117 213%
c [  5.77 35 19 25 70 13729 1 390973 33060 1.3 18 14 4 13 73% 172 1116 117 213%
c W  5.78 36 19 25 70 13729 1 390973 33060 1.3 18 14 4 13 73% 172 1116 117 213%
c -  5.84 37 19 25 71 13732 1 395445 30111 1.3 18 14 4 13 72% 172 1116 117 213%
c s  5.89 37 18 25 71 13735 1 399910 33542 1.3 18 14 3 13 72% 172 1113 117 213%
c e  5.90 37 18 25 71 13735 1 399910 33542 1.3 18 14 3 13 72% 125 1411 96 175%
c s  5.90 37 18 25 71 13735 1 399910 33542 1.3 18 14 3 13 72% 125 1391 96 175%
c !  5.90 37 18 25 71 13735 1 399910 33542 1.3 18 14 3 13 72% 125 1391 96 175%
c u  5.92 37 18 25 71 13735 1 400729 19458 1.3 18 14 3 13 73% 125 1391 96 175%
c v  5.94 37 18 25 71 13735 1 400729 19313 1.3 18 14 3 13 73% 125 1391 96 175%
c w  5.95 37 18 25 71 13735 1 400729 17988 1.3 18 14 3 13 73% 125 1391 96 175%
c x  5.96 37 18 25 71 13735 1 400729 17987 1.3 18 14 3 13 73% 126 1378 96 175%
c
c seconds   switched     rate          size/glue  tier1    binary     remaining
c        MB   reductions   conflicts         size   tier2    irredundant
c         level    restarts       redundant     glue    trail     variables
c
c t  5.96 37 18 25 71 13735 1 400729 17987 1.3 18 14 3 13 73% 125 1378 96 175%
c f  5.96 37 18 25 71 13735 1 400729 17987 1.3 18 14 3 13 73% 126 1360 97 176%
c u  5.99 38 18 25 71 13735 1 400729 17434 1.3 18 14 3 13 73% 126 1360 97 176%
c v  6.01 38 18 25 71 13735 1 400729 17139 1.3 18 14 3 13 73% 126 1360 97 176%
c w  6.03 38 18 25 71 13735 1 400729 17000 1.3 18 14 3 13 73% 126 1360 97 176%
c -  6.06 38 18 25 72 13736 1 403871 15548 1.3 18 13 3 13 73% 126 1360 97 176%
c -  6.14 38 18 25 73 13742 1 412356 18239 1.3 18 13 4 13 73% 126 1360 97 176%
c -  6.22 38 18 25 74 13743 1 420900 21165 1.3 17 13 4 13 73% 126 1360 97 176%
c -  6.31 38 18 25 75 13748 1 429502 22300 1.3 17 13 4 13 73% 126 1360 97 176%
c -  6.39 38 18 25 76 13752 1 438162 22426 1.3 17 13 4 13 73% 126 1360 97 176%
c O  6.41 38 18 25 76 13753 1 439135 23201 1.3 17 13 4 13 73% 126 1360 97 176%
c o  6.41 38 18 25 76 13753 1 439135 23201 1.3 17 13 4 13 73% 126 1360 97 176%
c -  6.48 38 18 25 77 13757 1 446880 21967 1.3 17 13 4 13 73% 126 1360 97 176%
c ]  6.56 38 18 26 77 13758 1 454316 27182 1.3 17 13 4 13 73% 126 1360 97 176%
c {  6.56 38 12 26 77 13758 2 454316 27182 1.5 13 8 3 7 73% 126 1360 97 176%
c -  6.59 38 12 26 78 13950 2 455654 22390 1.5 13 8 3 8 73% 126 1360 97 176%
c -  6.72 38 12 26 79 14403 2 464486 25179 1.5 13 8 3 8 73% 126 1360 97 176%
c u  6.83 38 12 26 79 14866 2 470510 29892 1.5 13 8 3 8 73% 127 1360 97 176%
c v  6.85 38 12 26 79 14866 2 470510 29713 1.5 13 8 3 8 73% 127 1360 97 176%
c w  6.86 38 12 26 79 14866 2 470510 29534 1.5 13 8 3 8 73% 127 1360 97 176%
c
c seconds   switched     rate          size/glue tier1   binary     remaining
c        MB   reductions   conflicts         size  tier2   irredundant
c         level    restarts       redundant    glue   trail     variables
c
c t  6.87 38 12 26 79 14866 2 470510 29534 1.5 13 8 3 8 73% 126 1360 97 176%
c -  6.92 38 12 26 80 15101 2 473374 26784 1.5 13 8 3 8 73% 126 1360 97 176%
c -  7.06 38 12 26 81 15614 2 482318 28048 1.5 13 8 3 8 73% 126 1360 97 176%
c -  7.20 38 12 26 82 15934 2 491318 28996 1.5 13 8 3 8 73% 127 1360 97 176%
c }  7.27 38 12 27 82 16013 2 496535 32701 1.5 12 8 3 8 73% 128 1360 97 176%
c [  7.27 38 18 27 82 16013 1 496535 32701 1.3 17 13 4 13 73% 128 1360 97 176%
c B  7.27 38 18 27 82 16013 1 496535 32701 1.3 17 13 4 13 73% 128 1360 97 176%
c -  7.31 38 18 27 83 16015 1 500375 28719 1.3 17 13 4 12 73% 128 1360 97 176%
c -  7.43 38 17 27 84 16020 1 509486 27904 1.3 17 13 4 12 73% 128 1360 97 176%
c -  7.54 38 17 27 85 16026 1 518651 27462 1.3 17 13 3 12 73% 128 1360 97 176%
c -  7.63 38 17 27 86 16027 1 527870 26696 1.3 17 13 3 12 73% 128 1360 97 176%
c o  7.66 38 17 27 86 16029 1 530710 28928 1.3 17 13 3 12 73% 128 1360 97 176%
c -  7.74 38 17 27 87 16033 1 537144 25669 1.3 17 13 3 12 73% 128 1360 97 176%
c -  7.86 38 17 27 88 16038 1 546474 25527 1.3 17 13 3 12 73% 128 1360 97 176%
c u  7.88 38 17 27 88 16038 1 546730 25315 1.3 17 13 3 12 73% 128 1360 97 176%
c v  7.90 38 17 27 88 16038 1 546730 25202 1.3 17 13 3 12 73% 128 1360 97 176%
c w  7.91 38 17 27 88 16038 1 546730 24442 1.3 17 13 3 12 73% 128 1360 97 176%
c x  7.92 38 17 27 88 16038 1 546730 24441 1.3 17 13 3 12 73% 128 1347 97 176%
c ]  7.97 38 17 28 88 16041 1 551494 28035 1.3 17 13 3 12 73% 128 1347 97 176%
c {  7.97 38 12 28 88 16041 2 551494 28035 1.5 12 8 3 8 73% 128 1347 97 176%
c
c seconds   switched     rate          size/glue tier1   binary     remaining
c        MB   reductions   conflicts         size  tier2   irredundant
c         level    restarts       redundant    glue   trail     variables
c
c -  8.04 38 12 28 89 16270 2 555855 26298 1.5 12 8 3 7 73% 130 1347 97 176%
c s  8.15 38 12 28 89 16373 2 565237 33025 1.5 12 8 3 7 73% 130 1331 97 176%
c e  8.16 38 12 28 89 16373 2 565237 33025 1.5 12 8 3 7 73% 128 1364 95 173%
c -  8.16 40 12 28 90 16381 2 565289 28173 1.5 12 8 3 7 73% 128 1364 95 173%
c i  8.23 41 12 28 90 16656 2 570249 31901 1.5 12 8 3 7 73% 137 1364 94 171%
c -  8.31 41 12 28 91 16999 2 574775 23978 1.5 12 8 3 7 73% 126 1364 94 171%
c -  8.45 41 12 28 92 17452 2 584316 27941 1.5 12 8 3 7 73% 127 1364 94 171%
c -  8.59 41 12 28 93 17905 2 593907 29827 1.5 12 8 3 7 73% 127 1364 94 171%
c }  8.67 41 12 29 93 18253 2 599632 33988 1.5 12 8 3 7 73% 127 1364 94 171%
c [  8.67 41 17 29 93 18253 1 599632 33988 1.3 17 13 3 12 73% 127 1364 94 171%
c W  8.68 41 17 29 93 18253 1 599632 33988 1.3 17 13 3 12 73% 126 1307 94 171%
c -  8.72 41 17 29 94 18255 1 603550 30415 1.3 17 13 3 12 73% 126 1307 94 171%
c -  8.85 41 17 29 95 18261 1 613245 30457 1.3 17 13 3 12 73% 126 1307 94 171%
c -  8.97 41 17 29 96 18266 1 622992 30872 1.3 17 12 3 12 73% 126 1307 94 171%
c u  9.08 42 17 29 96 18267 1 629618 35490 1.3 16 12 3 12 74% 126 1307 94 171%
c v  9.11 42 17 29 96 18267 1 629618 35065 1.3 16 12 3 12 74% 126 1307 94 171%
c w  9.13 42 17 29 96 18267 1 629618 30281 1.3 16 12 3 12 74% 126 1307 94 171%
c -  9.17 42 17 29 97 18268 1 632789 27452 1.3 16 12 3 12 74% 126 1307 94 171%
c -  9.29 42 16 29 98 18274 1 642638 29884 1.3 16 12 3 12 74% 126 1307 94 171%
c -  9.42 42 16 29 99 18280 1 652537 31672 1.4 16 12 3 12 74% 126 1307 94 171%
c
c seconds   switched     rate          size/glue  tier1    binary     remaining
c        MB   reductions   conflicts         size   tier2    irredundant
c         level    restarts       redundant     glue    trail     variables
c
c ]  9.43 42 16 30 99 18281 1 653548 32478 1.4 16 12 3 12 74% 126 1307 94 171%
c {  9.43 42 12 30 99 18281 2 653548 32478 1.5 12 8 3 7 73% 126 1307 94 171%
c o  9.44 42 12 30 99 18300 2 653997 32833 1.5 12 8 3 7 73% 126 1307 94 171%
c -  9.55 42 11 30 100 18477 2 662489 32777 1.5 12 8 3 7 73% 128 1307 94 171%
c i  9.59 42 11 30 100 18487 2 665092 34312 1.5 12 8 3 7 73% 144 1307 93 169%
c -  9.71 42 11 30 101 18745 2 672489 24999 1.5 12 8 3 7 73% 126 1307 93 169%
c -  9.85 42 11 30 102 19207 2 682538 29224 1.5 12 8 3 7 73% 127 1307 93 169%
c - 10.00 42 11 30 103 19705 2 692637 32140 1.5 12 8 3 7 73% 128 1307 93 169%
c - 10.15 42 11 30 104 20073 2 702786 33827 1.5 12 8 3 7 73% 129 1307 93 169%
c } 10.22 42 11 31 104 20136 2 707982 37253 1.5 11 8 3 7 73% 130 1307 93 169%
c [ 10.22 42 16 31 104 20136 1 707982 37253 1.4 16 12 3 12 74% 130 1307 93 169%
c I 10.22 42 16 31 104 20136 1 707982 37253 1.4 16 12 3 12 74% 130 1307 93 169%
c - 10.28 42 16 31 105 20139 1 712984 34475 1.4 16 12 3 12 74% 130 1307 93 169%
c u 10.39 45 16 31 105 20142 1 719612 38860 1.4 16 12 3 12 74% 131 1253 93 169%
c v 10.42 45 16 31 105 20142 1 719612 38091 1.4 16 12 3 12 74% 131 1253 93 169%
c w 10.43 45 16 31 105 20142 1 719612 36224 1.4 16 12 3 12 74% 131 1253 93 169%
c x 10.45 45 16 31 105 20142 1 719612 36221 1.4 16 12 3 12 74% 131 1157 93 169%
c t 10.65 47 16 31 105 20142 1 719612 36221 1.4 16 12 3 12 74% 128 1157 93 169%
c - 10.70 47 16 31 106 20145 1 723230 32557 1.4 16 12 3 12 74% 130 1157 93 169%
c i 10.74 47 15 31 106 20148 1 726773 34791 1.4 16 11 3 12 74% 137 1157 90 164%
c
c seconds   switched      rate          size/glue  tier1    binary     remaining
c        MB   reductions    conflicts         size   tier2    irredundant
c         level     restarts       redundant     glue    trail     variables
c
c i 10.77 47 15 31 106 20148 1 728340 35857 1.4 15 11 3 12 74% 143 1157 88 160%
c i 10.78 47 15 31 106 20149 1 729102 36289 1.4 15 11 3 12 74% 149 1157 84 153%
c i 10.78 47 15 31 106 20149 1 729340 36415 1.4 15 11 3 12 74% 153 1157 83 151%
c i 10.79 47 15 31 106 20149 1 729459 36466 1.4 15 11 3 12 74% 157 1157 73 133%
c ] 10.79 47 15 31 106 20149 1 729473 36469 1.4 15 11 3 12 74% 160 1157 20 36%
c 0 10.79 47 11 31 106 20149 2 729473 36469 1.5 11 8 3 7 73% 160 1157 20 36%
c
c ---- [ result ] ------------------------------------------------------------
c
s UNSATISFIABLE
c
c ---- [ profiling ] ---------------------------------------------------------
c
c           9.54   88.44 %  search
c           5.01   46.41 %  focused
c           4.53   42.03 %  stable
c           1.23   11.41 %  simplify
c           1.22   11.28 %  probe
c           0.72    6.64 %  vivify
c           0.46    4.26 %  sweep
c           0.16    1.52 %  reduce
c           0.02    0.21 %  substitute
c           0.02    0.17 %  walking
c           0.02    0.15 %  factor
c           0.02    0.14 %  preprocess
c           0.01    0.10 %  eliminate
c           0.00    0.02 %  subsume
c           0.00    0.02 %  congruence
c           0.00    0.01 %  transitive
c           0.00    0.00 %  backbone
c           0.00    0.00 %  parse
c           0.00    0.00 %  lucky
c =============================================
c          10.79  100.00 %  total
c
c ---- [ statistics ] --------------------------------------------------------
c
c conflicts:                           729473            67627.21 per second
c decisions:                          1061623                1.46 per conflict
c eliminated:                              82              149 %  variables
c factored:                               123              224 %  variables
c iterations:                               9               16 %  variables
c propagations:                      18662752          1730167    per second
c reductions:                             106             6882    interval
c reordered:                               11            66316    interval
c rephased:                                21            34737    interval
c restarts:                             20149               36    interval
c strengthened:                             2                0 %  checks
c subsumed:                                39                0 %  checks
c switched:                                31            23531    interval
c vivified:                             33167               68 %  checks
c walks:                                    7           104210    interval
c
c ---- [ glue usage ] --------------------------------------------------------
c
c focused glue 3 used 330643 clauses 17.90% accumulated 66.78% tier1
c focused glue 4 used 172290 clauses  9.33% accumulated 76.10%
c focused glue 5 used 111175 clauses  6.02% accumulated 82.12%
c focused glue 6 used  88186 clauses  4.77% accumulated 86.89%
c focused glue 7 used  71017 clauses  3.84% accumulated 90.74% tier2
c
c stable glue 3    used 366382 clauses 14.31% accumulated 52.74% tier1
c stable glue 4    used 232902 clauses  9.09% accumulated 61.83%
c stable glue 5-10 used 653575 clauses 25.52% accumulated 87.35%
c stable glue 11   used  54107 clauses  2.11% accumulated 89.47%
c stable glue 12   used  49424 clauses  1.93% accumulated 91.40% tier2
c
c ---- [ resources ] ---------------------------------------------------------
c
c maximum-resident-set-size:      50331648000 bytes      48000 MB
c process-time:                            11s              10.79 seconds
c
c ---- [ shutting down ] -----------------------------------------------------
c
c exit 20
