c ---- [ banner ] ------------------------------------------------------------
c
c Kissat SAT Solver
c 
c Copyright (c) 2021-2024 Armin Biere University of Freiburg
c Copyright (c) 2019-2021 Armin Biere Johannes Kepler University Linz
c 
c Version 4.0.4 8af8e56f174b778aef3aa45af9f739b2a5f492c2
c Apple clang version 17.0.0 (clang-1700.6.3.2) -W -Wall -O3 -DNDEBUG
c Mon Mar 30 18:25:47 CEST 2026 Darwin Mac 24.6.0 arm64
c
c ---- [ parsing ] -----------------------------------------------------------
c
c opened and reading DIMACS file:
c
c   tmp.cnf
c
c parsed 'p cnf 105 6825' header
c closing input after reading 127389 bytes (124 KB)
c finished parsing after 0.00 seconds
c
c ---- [ solving ] -----------------------------------------------------------
c
c seconds switched rate     size/glue tier1 binary      remaining
c        MB reductions conflicts size  tier2  irredundant
c         level restarts redundant glue  trail      variables
c
c *  0.00  3 0 0 0  0 0   0   0 0.0 0 0 0 0 0%   0 6825 105 100%
c (  0.00  3 0 0 0  0 0   0   0 0.0 0 0 0 0 0%   0 6825 105 100%
c .  0.00  3 0 0 0  0 0   0   0 0.0 0 0 0 0 0%   0 6825 105 100%
c f  0.02  3 0 0 0  0 0   0   0 0.0 0 0 0 0 0% 330 1860 270 257%
c )  0.02  3 0 0 0  0 0   0   0 0.0 0 0 0 0 0% 330 1860 270 257%
c {  0.02  3 0 0 0  0 0   0   0 0.0 0 0 2 6 0% 330 1860 270 257%
c -  0.03  3 19 0 1  1 1 1000 520 1.3 17 13 9 16 48% 330 1860 270 257%
c }  0.03  3 19 1 1  1 1 1000 520 1.3 17 13 9 16 48% 330 1860 270 257%
c [  0.03  3 0 1 1  1 0 1000 520 0.0 0 0 2 6 0% 330 1860 270 257%
c B  0.03  3 17 1 1  1 1 1002 522 1.5 16 11 2 6 53% 330 1860 270 257%
c ]  0.03  3 26 2 1  1 1 1790 1123 1.2 22 18 11 23 49% 330 1860 270 257%
c {  0.03  3 19 2 1  1 1 1790 1123 1.3 17 13 9 16 48% 330 1860 270 257%
c -  0.04  3 19 2 2  6 1 2001 1269 1.4 18 13 9 16 49% 330 1860 270 257%
c }  0.04  4 20 3 2 64 2 2790 1974 1.5 20 13 9 16 52% 330 1860 270 257%
c [  0.04  4 26 3 2 64 1 2790 1974 1.2 22 18 11 23 49% 330 1860 270 257%
c W  0.04  4 26 3 2 64 1 2790 1974 1.2 22 18 11 23 49% 330 1860 270 257%
c -  0.05  4 26 3 3 64 1 3415 2313 1.4 24 17 11 22 55% 330 1860 270 257%
c u  0.05  4 26 3 3 64 1 3737 2515 1.5 25 17 11 22 56% 330 1860 270 257%
c v  0.06  4 26 3 3 64 1 3737 2503 1.5 25 17 11 22 56% 330 1860 270 257%
c w  0.06  4 26 3 3 64 1 3737 2495 1.5 25 17 11 22 56% 330 1860 270 257%
c
c seconds  switched rate       size/glue  tier1     binary      remaining
c        MB reductions conflicts     size    tier2    irredundant
c         level restarts  redundant     glue     trail      variables
c
c x  0.06  5 26 3 3 64 1 3737 2495 1.5 25 17 11 22 56% 330 1824 270 257%
c ]  0.06  5 26 4 3 64 1 3746 2503 1.5 25 17 11 22 56% 330 1824 270 257%
c {  0.06  5 20 4 3 64 2 3746 2503 1.5 20 13 9 16 52% 330 1824 270 257%
c -  0.07  5 20 4 4 183 2 5148 3426 1.6 20 12 9 16 55% 330 1824 270 257%
c }  0.08  5 19 5 4 186 2 6098 4273 1.6 20 12 9 16 55% 330 1824 270 257%
c [  0.08  5 26 5 4 186 1 6098 4273 1.5 25 17 11 22 56% 330 1824 270 257%
c I  0.08  5 26 5 4 186 1 6098 4273 1.5 25 17 11 22 56% 330 1824 270 257%
c -  0.09  5 21 5 5 187 1 7148 4576 1.6 23 14 9 20 56% 330 1824 270 257%
c ]  0.10  5 21 6 5 188 1 8510 5782 1.6 23 14 9 20 58% 330 1824 270 257%
c {  0.10  5 19 6 5 188 2 8510 5782 1.6 20 12 9 16 55% 330 1824 270 257%
c -  0.11  5 19 6 6 188 2 9384 5824 1.7 20 12 9 15 56% 330 1824 270 257%
c u  0.14  7 18 6 6 189 2 11532 7889 1.8 20 11 8 14 57% 330 1824 270 257%
c v  0.14  9 18 6 6 189 2 11532 7888 1.8 20 11 8 14 57% 330 1824 270 257%
c w  0.14  9 18 6 6 189 2 11532 7888 1.8 20 11 8 14 57% 330 1824 270 257%
c x  0.15  9 18 6 6 189 2 11532 7888 1.8 20 11 8 14 57% 330 1813 270 257%
c o  0.16  9 18 6 6 189 2 11532 7888 1.8 20 11 8 14 57% 330 1813 270 257%
c -  0.16  9 17 6 7 189 2 11834 7085 1.8 19 11 8 13 57% 330 1813 270 257%
c }  0.17  9 17 7 7 189 2 12580 7800 1.8 19 11 8 13 57% 330 1813 270 257%
c [  0.17  9 21 7 7 189 1 12580 7800 1.6 23 14 9 20 58% 330 1813 270 257%
c B  0.17  9 21 7 7 189 1 12580 7800 1.6 23 14 9 20 58% 330 1813 270 257%
c
c seconds  switched  rate        size/glue  tier1    binary      remaining
c        MB reductions conflicts       size   tier2    irredundant
c         level restarts    redundant     glue    trail      variables
c
c -  0.20 10 21 7 8 190 1 14480 8111 1.6 22 14 9 18 58% 330 1813 270 257%
c ]  0.21 10 21 8 8 191 1 15994 9475 1.6 22 14 9 18 58% 330 1813 270 257%
c {  0.21 10 17 8 8 191 2 15994 9475 1.8 19 11 8 13 57% 330 1813 270 257%
c -  0.23 10 17 8 9 313 2 17308 8852 1.8 19 11 7 13 57% 330 1813 270 257%
c s  0.26 10 17 8 9 491 2 18684 10081 1.8 19 11 7 13 57% 330 1802 270 257%
c ^  0.26 10 17 8 9 491 2 18684 10081 1.8 19 11 7 13 57% 330 1802 270 257%
c -  0.29 10 18 8 10 761 2 20309 9726 1.7 19 11 7 13 57% 330 1802 270 257%
c o  0.31 10 18 8 10 821 2 21543 10892 1.8 19 11 7 13 57% 330 1802 270 257%
c }  0.32 10 18 9 10 896 3 22153 11472 1.8 19 11 7 13 57% 330 1802 270 257%
c [  0.32 10 21 9 10 896 1 22153 11472 1.6 22 14 9 18 58% 330 1802 270 257%
c W  0.32 10 21 9 10 896 1 22153 11472 1.6 22 14 9 18 58% 330 1802 270 257%
c -  0.34 11 23 9 11 897 1 23472 10382 1.5 23 16 9 19 58% 330 1802 270 257%
c u  0.35 12 24 9 11 897 1 23647 10510 1.5 23 16 9 19 58% 330 1802 270 257%
c v  0.36 12 24 9 11 897 1 23647 10488 1.5 23 16 9 19 58% 330 1802 270 257%
c w  0.36 12 24 9 11 897 1 23647 10485 1.5 23 16 9 19 58% 330 1802 270 257%
c x  0.36 13 24 9 11 897 1 23647 10485 1.5 23 16 9 19 58% 330 1788 270 257%
c -  0.41 13 25 9 12 899 1 26789 10437 1.4 24 17 9 22 57% 330 1788 270 257%
c ]  0.44 13 25 10 12 901 1 28914 12086 1.4 25 18 9 22 56% 330 1788 270 257%
c {  0.44 13 18 10 12 901 3 28914 12086 1.8 19 11 7 13 57% 330 1788 270 257%
c -  0.47 13 18 10 13 1049 3 30254 10938 1.7 19 11 7 13 57% 330 1788 270 257%
c
c seconds   switched    rate         size/glue  tier1    binary      remaining
c        MB   reductions  conflicts        size   tier2    irredundant
c         level    restarts     redundant     glue    trail      variables
c
c -  0.54 13 18 10 14 1324 3 33859 12594 1.7 19 11 7 13 57% 330 1788 270 257%
c s  0.60 13 18 10 14 1491 3 37453 15990 1.8 19 11 6 12 57% 330 1787 270 257%
c ^  0.60 13 18 10 14 1491 3 37453 15990 1.8 19 11 6 12 57% 330 1787 270 257%
c }  0.61 13 18 11 14 1508 3 37541 16070 1.8 19 11 6 12 57% 330 1787 270 257%
c [  0.61 13 25 11 14 1508 1 37541 16070 1.4 25 18 9 22 56% 330 1787 270 257%
c O  0.61 13 25 11 14 1508 1 37541 16070 1.4 25 18 9 22 56% 330 1787 270 257%
c -  0.61 14 25 11 15 1508 1 37600 13446 1.4 25 18 9 22 56% 330 1787 270 257%
c u  0.66 14 25 11 15 1510 1 40372 15623 1.4 25 18 9 22 56% 330 1787 270 257%
c v  0.67 14 25 11 15 1510 1 40372 15585 1.4 25 18 9 22 56% 330 1787 270 257%
c w  0.68 14 25 11 15 1510 1 40372 15023 1.4 25 18 9 22 56% 330 1787 270 257%
c x  0.68 14 25 11 15 1510 1 40372 15023 1.4 25 18 9 22 56% 330 1786 270 257%
c -  0.70 14 25 11 16 1510 1 41474 13119 1.4 25 18 9 22 56% 330 1786 270 257%
c -  0.76 14 26 11 17 1513 1 45475 13444 1.4 25 18 9 22 57% 330 1786 270 257%
c B  0.79 14 26 11 17 1514 1 47303 15114 1.4 25 18 9 22 57% 330 1786 270 257%
c o  0.79 14 26 11 17 1514 1 47303 15114 1.4 25 18 9 22 57% 330 1786 270 257%
c ]  0.79 14 26 12 17 1514 1 47363 15170 1.4 25 18 9 22 57% 330 1786 270 257%
c {  0.79 14 18 12 17 1514 3 47363 15170 1.8 19 11 6 12 57% 330 1786 270 257%
c -  0.84 14 18 12 18 1716 3 49598 14740 1.7 19 11 6 12 57% 330 1786 270 257%
c -  0.94 15 18 12 19 2132 3 53840 16203 1.7 19 11 6 12 57% 330 1786 270 257%
c -  1.03 15 18 12 20 2435 3 58199 17389 1.7 18 11 6 12 57% 330 1786 270 257%
c
c seconds   switched    rate         size/glue  tier1    binary      remaining
c        MB   reductions  conflicts        size   tier2    irredundant
c         level    restarts     redundant     glue    trail      variables
c
c }  1.04 15 18 13 20 2435 3 58842 17998 1.7 18 11 6 12 57% 330 1786 270 257%
c [  1.04 15 26 13 20 2435 1 58842 17998 1.4 25 18 9 22 57% 330 1786 270 257%
c W  1.05 15 25 13 20 2435 1 59525 18642 1.4 25 18 9 22 57% 330 1786 270 257%
c u  1.11 17 25 13 20 2437 1 61910 20765 1.4 25 17 9 22 57% 330 1786 270 257%
c v  1.12 17 25 13 20 2437 1 61910 20750 1.4 25 17 9 22 57% 330 1786 270 257%
c w  1.13 17 25 13 20 2437 1 61910 20741 1.4 25 17 9 22 57% 330 1786 270 257%
c -  1.21 17 25 13 21 2437 1 62671 18335 1.4 25 17 8 21 57% 330 1786 270 257%
c -  1.29 18 25 13 22 2441 1 67253 18683 1.4 25 17 8 21 57% 330 1786 270 257%
c ]  1.37 18 24 14 22 2442 1 71329 21855 1.4 24 17 8 20 57% 330 1786 270 257%
c {  1.37 18 18 14 22 2442 3 71329 21855 1.7 18 11 6 12 57% 330 1786 270 257%
c -  1.39 18 18 14 23 2509 3 71943 18951 1.7 18 11 6 12 57% 330 1786 270 257%
c -  1.50 18 18 14 24 2779 3 76739 19173 1.7 18 11 5 12 57% 330 1786 270 257%
c o  1.52 18 17 14 24 2781 3 77989 20390 1.8 19 11 5 12 57% 330 1786 270 257%
c e  1.52 18 17 14 24 2798 3 78193 20576 1.8 19 11 5 12 57% 285 1921 225 214%
c s  1.53 18 17 14 24 2798 3 78193 20576 1.8 19 11 5 12 57% 285 1919 225 214%
c ^  1.53 18 17 14 24 2798 3 78193 20576 1.8 19 11 5 12 57% 285 1919 225 214%
c -  1.57 18 17 14 25 2847 2 81638 11901 1.8 18 10 5 11 57% 285 1919 225 214%
c }  1.63 18 16 15 25 2910 2 86046 15311 1.7 18 10 5 11 57% 285 1919 225 214%
c [  1.63 18 24 15 25 2910 1 86046 15311 1.4 24 17 8 20 57% 285 1919 225 214%
c I  1.63 18 24 15 25 2910 1 86046 15311 1.4 24 17 8 20 57% 285 1919 225 214%
c
c seconds   switched    rate         size/glue  tier1    binary      remaining
c        MB   reductions  conflicts        size   tier2    irredundant
c         level    restarts     redundant     glue    trail      variables
c
c -  1.64 18 24 15 26 2910 1 86639 14269 1.4 24 17 8 20 58% 285 1919 225 214%
c u  1.67 18 24 15 26 2912 1 88410 15630 1.4 24 17 8 20 58% 285 1919 225 214%
c v  1.68 18 24 15 26 2912 1 88410 15513 1.4 24 17 8 20 58% 285 1919 225 214%
c w  1.68 18 24 15 26 2912 1 88410 15087 1.4 24 17 8 20 58% 285 1919 225 214%
c x  1.69 18 24 15 26 2912 1 88410 15087 1.4 24 17 8 20 58% 285 1917 225 214%
c -  1.75 18 24 15 27 2914 1 91739 15708 1.5 24 16 8 20 58% 285 1917 225 214%
c -  1.83 18 23 15 28 2916 1 96937 17142 1.5 24 16 8 19 58% 285 1917 225 214%
c -  1.90 18 22 15 29 2919 1 102228 18385 1.5 23 16 8 19 59% 285 1917 225 214%
c ]  1.91 18 22 16 29 2919 1 102377 18502 1.5 23 16 8 19 59% 285 1917 225 214%
c {  1.91 18 16 16 29 2919 2 102377 18502 1.7 18 10 5 11 57% 285 1917 225 214%
c -  2.01 18 16 16 30 3181 2 107613 19932 1.8 18 10 5 11 57% 285 1917 225 214%
c -  2.14 18 16 16 31 3472 2 113093 21219 1.8 18 10 5 11 58% 285 1917 225 214%
c -  2.27 18 16 16 32 3868 2 118660 22342 1.8 18 10 5 11 58% 285 1917 225 214%
c u  2.31 18 16 16 32 3868 2 119842 23290 1.8 18 10 5 11 58% 285 1917 225 214%
c v  2.32 19 16 16 32 3868 2 119842 23218 1.8 18 10 5 11 58% 285 1917 225 214%
c w  2.33 19 16 16 32 3868 2 119842 23214 1.8 18 10 5 11 58% 285 1917 225 214%
c o  2.33 19 16 16 32 3868 2 119842 23214 1.8 18 10 5 11 58% 285 1917 225 214%
c }  2.35 19 16 17 32 3897 2 120715 24042 1.8 18 10 5 11 58% 285 1917 225 214%
c [  2.35 19 22 17 32 3897 1 120715 24042 1.5 23 16 8 19 59% 285 1917 225 214%
c B  2.35 19 22 17 32 3897 1 120715 24042 1.5 23 16 8 19 59% 285 1917 225 214%
c
c seconds   switched    rate          size/glue  tier1    binary      remaining
c        MB   reductions  conflicts         size   tier2    irredundant
c         level    restarts      redundant     glue    trail      variables
c
c -  2.42 19 23 17 33 3899 1 124316 22467 1.5 23 16 8 19 59% 285 1917 225 214%
c -  2.52 19 23 17 34 3903 1 130062 22022 1.5 24 16 8 19 59% 285 1917 225 214%
c -  2.63 19 23 17 35 3906 1 135893 21900 1.5 24 16 8 19 59% 285 1917 225 214%
c W  2.73 19 24 17 35 3910 1 141626 26924 1.5 24 16 8 19 59% 285 1917 225 214%
c ]  2.73 19 24 18 35 3910 1 141628 26926 1.5 24 16 8 19 59% 285 1917 225 214%
c {  2.73 19 16 18 35 3910 2 141628 26926 1.8 18 10 5 11 58% 285 1917 225 214%
c -  2.74 19 16 18 36 3950 2 141809 22031 1.8 18 10 5 11 58% 285 1917 225 214%
c e  2.80 19 16 18 36 4207 2 143359 23429 1.8 18 10 5 11 58% 251 2087 191 182%
c s  2.80 19 16 18 36 4207 2 143359 23429 1.8 18 10 5 11 58% 251 2084 191 182%
c ^  2.80 19 16 18 36 4207 2 143359 23429 1.8 18 10 5 11 58% 251 2084 191 182%
c -  2.93 20 17 18 37 5105 3 147809 15535 1.8 18 10 5 11 58% 251 2084 191 182%
c -  3.11 20 17 18 38 6080 3 153892 18750 1.7 18 10 5 11 58% 251 2084 191 182%
c u  3.22 22 17 18 38 6508 3 156574 20862 1.7 18 10 5 11 58% 251 2084 191 182%
c v  3.25 23 17 18 38 6508 3 156574 20720 1.7 18 10 5 11 58% 251 2084 191 182%
c w  3.26 23 17 18 38 6508 3 156574 20715 1.7 18 10 5 11 58% 251 2084 191 182%
c -  3.37 23 17 18 39 6974 3 160056 20961 1.7 18 11 5 11 58% 251 2084 191 182%
c }  3.49 23 17 19 39 7532 3 163973 24345 1.7 18 11 5 11 57% 251 2084 191 182%
c [  3.49 23 24 19 39 7532 1 163973 24345 1.5 24 16 8 19 59% 251 2084 191 182%
c O  3.53 23 24 19 39 7533 1 165851 25867 1.5 24 16 8 19 59% 251 2084 191 182%
c -  3.54 23 23 19 40 7534 1 166303 22709 1.5 24 16 8 19 59% 251 2084 191 182%
c
c seconds   switched    rate          size/glue  tier1    binary      remaining
c        MB   reductions  conflicts         size   tier2    irredundant
c         level    restarts      redundant     glue    trail      variables
c
c -  3.66 23 23 19 41 7538 1 172629 23530 1.5 23 16 7 19 59% 251 2084 191 182%
c o  3.78 23 22 19 41 7541 1 178381 28284 1.5 23 16 7 19 59% 251 2084 191 182%
c -  3.79 23 22 19 42 7541 1 179034 24201 1.5 23 16 7 18 59% 251 2084 191 182%
c -  3.92 23 22 19 43 7545 1 185514 25328 1.5 22 15 7 18 59% 251 2084 191 182%
c -  4.05 23 22 19 44 7546 1 192072 26046 1.5 22 15 7 18 60% 251 2084 191 182%
c B  4.08 23 22 19 44 7546 1 193591 27352 1.5 22 15 7 18 60% 251 2084 191 182%
c ]  4.16 23 22 20 44 7547 1 197434 30766 1.5 22 15 7 18 60% 251 2084 191 182%
c {  4.16 23 17 20 44 7547 3 197434 30766 1.7 18 11 5 11 57% 251 2084 191 182%
c u  4.20 26 17 20 44 7585 3 198296 31367 1.7 18 11 5 11 58% 251 2084 191 182%
c v  4.22 26 17 20 44 7585 3 198296 31312 1.7 18 11 5 11 58% 251 2084 191 182%
c w  4.24 27 17 20 44 7585 3 198296 31265 1.7 18 11 5 11 58% 251 2084 191 182%
c x  4.25 27 17 20 44 7585 3 198296 31222 1.7 18 11 5 11 58% 251 1906 191 182%
c -  4.44 29 17 20 45 7585 3 198705 26154 1.7 18 11 5 11 58% 251 1906 191 182%
c -  4.58 29 17 20 46 7656 3 205413 27606 1.7 18 10 5 11 58% 251 1906 191 182%
c -  4.73 29 17 20 47 7768 2 212197 27710 1.8 18 10 4 11 59% 251 1906 191 182%
c -  4.87 29 16 20 48 7872 2 219054 28194 1.8 18 10 4 11 59% 252 1906 191 182%
c }  4.98 29 16 21 48 7967 2 224173 32836 1.8 18 10 4 11 59% 252 1906 191 182%
c [  4.98 29 22 21 48 7967 1 224173 32836 1.5 22 15 7 18 60% 252 1906 191 182%
c W  5.01 29 22 21 48 7967 1 225041 33620 1.5 22 15 7 18 60% 252 1906 191 182%
c -  5.02 29 22 21 49 7968 1 225987 28804 1.5 22 15 7 18 60% 252 1906 191 182%
c
c seconds   switched    rate          size/glue  tier1    binary      remaining
c        MB   reductions  conflicts         size   tier2    irredundant
c         level    restarts      redundant     glue    trail      variables
c
c -  5.15 29 21 21 50 7973 1 232987 28773 1.5 22 15 7 17 60% 252 1906 191 182%
c s  5.19 29 21 21 50 7973 1 235042 30555 1.5 22 14 7 17 60% 252 1886 191 182%
c e  5.19 29 21 21 50 7973 1 235042 30555 1.5 22 14 7 17 60% 230 2051 169 161%
c ^  5.19 29 21 21 50 7973 1 235042 30555 1.5 22 14 7 17 60% 230 2051 169 161%
c -  5.28 29 21 21 51 7976 1 240058 19951 1.5 22 14 7 17 60% 230 2051 169 161%
c u  5.40 29 20 21 51 7980 1 246174 24484 1.5 21 14 7 17 61% 230 2051 169 161%
c v  5.43 29 20 21 51 7980 1 246174 23578 1.5 21 14 7 17 61% 230 2051 169 161%
c w  5.45 29 20 21 51 7980 1 246174 23499 1.5 21 14 7 17 61% 230 2051 169 161%
c o  5.45 29 20 21 51 7980 1 246174 23499 1.5 21 14 7 17 61% 230 2051 169 161%
c -  5.46 29 20 21 52 7980 1 247201 21009 1.5 21 14 7 17 61% 230 2051 169 161%
c -  5.58 29 20 21 53 7981 1 254415 22990 1.5 21 14 6 16 61% 230 2051 169 161%
c ]  5.62 29 20 22 53 7981 1 256603 24898 1.5 21 14 6 16 61% 230 2051 169 161%
c {  5.62 29 16 22 53 7981 2 256603 24898 1.8 18 10 4 11 59% 230 2051 169 161%
c -  5.71 29 16 22 54 7985 2 261696 25049 1.8 18 10 4 11 60% 230 2051 169 161%
c -  5.83 29 15 22 55 7985 2 269044 26714 1.8 18 10 4 10 60% 230 2051 169 161%
c -  5.97 30 14 22 56 7985 2 276460 27222 1.9 17 9 4 10 61% 230 2051 169 161%
c -  6.11 30 14 22 57 7985 2 283943 27708 1.9 17 9 4 10 61% 231 2051 169 161%
c }  6.18 30 13 23 57 7985 2 288119 31349 1.9 17 9 4 10 61% 231 2051 169 161%
c [  6.18 30 20 23 57 7985 1 288119 31349 1.5 21 14 6 16 61% 231 2051 169 161%
c I  6.18 30 20 23 57 7985 1 288119 31349 1.5 21 14 6 16 61% 231 2051 169 161%
c
c seconds   switched    rate          size/glue  tier1    binary      remaining
c        MB   reductions  conflicts         size   tier2    irredundant
c         level    restarts      redundant     glue    trail      variables
c
c -  6.24 30 20 23 58 7987 1 291493 28948 1.5 21 14 6 16 61% 231 2051 169 161%
c -  6.36 30 20 23 59 7991 1 299109 30200 1.5 21 14 6 16 62% 231 2051 169 161%
c u  6.39 30 20 23 59 7991 1 299270 30218 1.5 21 14 6 16 62% 231 2051 169 161%
c v  6.41 30 20 23 59 7991 1 299270 30030 1.5 21 14 6 16 62% 231 2051 169 161%
c w  6.42 30 20 23 59 7991 1 299270 30008 1.5 21 14 6 16 62% 231 2051 169 161%
c x  6.43 30 20 23 59 7991 1 299270 30005 1.5 21 14 6 16 62% 231 2047 169 161%
c -  6.58 31 20 23 60 7997 1 306790 30565 1.5 21 14 6 16 62% 231 2047 169 161%
c -  6.74 31 20 23 61 7999 1 314538 30926 1.5 21 14 6 16 62% 231 2047 169 161%
c ]  6.79 31 20 24 61 7999 1 317003 32977 1.5 21 14 6 16 62% 231 2047 169 161%
c {  6.79 31 13 24 61 7999 2 317003 32977 1.9 17 9 4 10 61% 231 2047 169 161%
c o  6.79 31 13 24 61 8008 2 317068 33035 1.9 17 9 4 10 61% 231 2047 169 161%
c -  6.90 31 13 24 62 8172 2 322350 32328 1.9 17 9 4 10 61% 231 2047 169 161%
c -  7.10 31 13 24 63 8733 2 330224 34061 1.9 17 9 4 10 61% 232 2047 169 161%
c -  7.31 31 13 24 64 9294 2 338161 35242 1.9 16 9 4 10 61% 233 2047 169 161%
c -  7.52 32 13 24 65 9772 2 346161 36511 1.9 16 9 4 10 62% 233 2047 169 161%
c }  7.71 32 13 25 65 10198 2 353680 43180 1.9 16 9 4 10 62% 234 2047 169 161%
c [  7.71 32 20 25 65 10198 1 353680 43180 1.5 21 14 6 16 62% 234 2047 169 161%
c B  7.71 32 20 25 65 10198 1 353680 43180 1.5 21 14 6 16 62% 234 2047 169 161%
c -  7.72 32 20 25 66 10198 1 354223 37698 1.5 21 14 6 16 62% 234 2047 169 161%
c s  7.77 32 20 25 66 10200 1 356889 40041 1.5 21 14 6 16 62% 234 2030 169 161%
c
c seconds   switched     rate          size/glue  tier1    binary      remaining
c        MB   reductions   conflicts         size   tier2    irredundant
c         level    restarts       redundant     glue    trail      variables
c
c e  7.77 32 20 25 66 10200 1 356889 40041 1.5 21 14 6 16 62% 215 2220 150 143%
c !  7.78 32 20 25 66 10200 1 356889 40041 1.5 21 14 6 16 62% 215 2220 150 143%
c u  7.83 32 20 25 66 10201 1 358130 21679 1.5 21 14 6 16 62% 215 2220 150 143%
c v  7.88 32 20 25 66 10201 1 358130 20531 1.5 21 14 6 16 62% 215 2220 150 143%
c w  7.89 32 20 25 66 10201 1 358130 20330 1.5 21 14 6 16 62% 215 2220 150 143%
c -  7.96 33 20 25 67 10204 1 362347 21427 1.5 21 14 6 16 62% 215 2220 150 143%
c -  8.08 33 19 25 68 10208 1 370532 25587 1.5 21 14 6 16 63% 215 2220 150 143%
c -  8.23 34 19 25 69 10212 1 378778 28118 1.5 21 14 6 16 63% 215 2220 150 143%
c -  8.38 34 19 25 70 10213 1 387084 28706 1.5 21 13 6 15 64% 215 2220 150 143%
c -  8.54 34 19 25 71 10219 1 395452 29745 1.5 20 13 6 15 64% 215 2220 150 143%
c W  8.59 35 19 25 71 10219 1 397391 31213 1.5 20 13 6 15 64% 215 2220 150 143%
c o  8.59 35 19 25 71 10219 1 397391 31213 1.5 20 13 6 15 64% 215 2220 150 143%
c -  8.69 36 19 25 72 10223 1 403878 30682 1.5 20 13 6 15 64% 215 2220 150 143%
c ]  8.73 36 19 26 72 10225 1 406273 32622 1.5 20 13 6 15 64% 215 2220 150 143%
c {  8.73 36 13 26 72 10225 2 406273 32622 1.9 16 9 4 10 62% 215 2220 150 143%
c -  8.88 37 13 26 73 10676 2 412364 31299 1.9 16 9 4 9 62% 215 2220 150 143%
c -  9.06 37 13 26 74 10945 2 420909 32949 1.9 16 9 4 9 62% 215 2220 150 143%
c u  9.13 37 13 26 74 11044 2 422156 33767 1.9 16 9 4 9 62% 216 2220 150 143%
c v  9.17 37 13 26 74 11044 2 422156 33726 1.9 16 9 4 9 62% 216 2220 150 143%
c w  9.19 38 13 26 74 11044 2 422156 33642 1.9 16 9 4 9 62% 216 2220 150 143%
c
c seconds   switched     rate          size/glue tier1   binary      remaining
c        MB   reductions   conflicts         size  tier2   irredundant
c         level    restarts       redundant    glue   trail      variables
c
c -  9.36 38 13 26 75 11364 2 429512 34156 1.9 16 9 4 9 63% 216 2220 150 143%
c -  9.55 38 13 26 76 11635 2 438175 35351 1.9 16 9 4 9 63% 216 2220 150 143%
c -  9.76 38 13 26 77 11966 2 446893 32971 1.9 16 8 3 9 63% 217 2220 150 143%
c }  9.78 38 13 27 77 12012 2 448491 34265 1.9 16 8 3 9 63% 217 2220 150 143%
c [  9.78 38 19 27 77 12012 1 448491 34265 1.5 20 13 6 15 64% 217 2220 150 143%
c O  9.78 38 19 27 77 12012 1 448491 34265 1.5 20 13 6 15 64% 217 2220 150 143%
c -  9.93 38 19 27 78 12017 1 455667 31090 1.5 20 13 5 15 65% 217 2220 150 143%
c - 10.08 38 19 27 79 12021 1 464498 28858 1.5 20 13 5 15 65% 217 2220 150 143%
c - 10.23 38 19 27 80 12026 1 473387 29103 1.5 20 13 5 15 65% 217 2220 150 143%
c - 10.40 38 19 27 81 12027 1 482332 29818 1.5 20 13 5 15 65% 217 2220 150 143%
c - 10.57 38 19 27 82 12033 1 491332 29338 1.5 21 13 5 15 65% 217 2220 150 143%
c u 10.62 40 19 27 82 12033 1 492082 29757 1.5 21 13 5 15 65% 217 2220 150 143%
c v 10.65 41 19 27 82 12033 1 492082 29594 1.5 21 13 5 15 65% 217 2220 150 143%
c w 10.67 41 19 27 82 12033 1 492082 29512 1.5 21 13 5 15 65% 217 2220 150 143%
c x 10.68 41 19 27 82 12033 1 492082 29511 1.5 21 13 5 15 65% 217 2187 150 143%
c o 10.92 42 19 27 82 12033 1 492082 29511 1.5 21 13 5 15 65% 217 2187 150 143%
c ] 11.02 42 19 28 82 12036 1 497330 33984 1.5 20 13 5 15 66% 217 2187 150 143%
c { 11.02 42 13 28 82 12036 2 497330 33984 1.9 16 8 3 9 63% 217 2187 150 143%
c - 11.10 42 13 28 83 12176 2 500388 30480 1.9 16 8 3 9 63% 217 2187 150 143%
c s 11.28 42 13 28 83 12498 2 509113 37826 1.9 16 8 3 9 63% 219 2179 150 143%
c
c seconds   switched     rate          size/glue tier1   binary      remaining
c        MB   reductions   conflicts         size  tier2   irredundant
c         level    restarts       redundant    glue   trail      variables
c
c - 11.30 42 13 28 84 12511 2 509500 32905 1.9 16 8 3 9 63% 219 2179 150 143%
c - 11.51 42 13 28 85 13064 2 518666 34195 1.9 16 8 3 9 64% 219 2179 150 143%
c - 11.71 42 12 28 86 13368 2 527886 35012 1.9 16 8 3 9 64% 220 2179 150 143%
c - 11.92 42 12 28 87 13820 2 537159 35594 1.9 16 8 3 9 64% 220 2179 150 143%
c } 12.11 42 12 29 87 14240 2 545470 42528 1.9 16 8 3 9 64% 222 2179 150 143%
c [ 12.11 42 19 29 87 14240 1 545470 42528 1.5 20 13 5 15 66% 222 2179 150 143%
c B 12.11 42 19 29 87 14240 1 545470 42528 1.5 20 13 5 15 66% 222 2179 150 143%
c - 12.14 42 19 29 88 14240 1 546488 36022 1.5 20 13 5 15 66% 222 2179 150 143%
c - 12.34 42 19 29 89 14246 1 555868 35972 1.5 20 13 5 15 66% 222 2179 150 143%
c - 12.54 42 19 29 90 14252 1 565301 34035 1.5 21 13 5 15 66% 222 2179 150 143%
c u 12.65 42 20 29 90 14253 1 568196 36019 1.5 21 14 5 15 66% 222 2179 150 143%
c v 12.69 43 20 29 90 14253 1 568196 35642 1.5 21 14 5 15 66% 222 2179 150 143%
c w 12.72 43 20 29 90 14253 1 568196 35513 1.5 21 14 5 15 66% 222 2179 150 143%
c - 12.86 43 20 29 91 14254 1 574788 31380 1.5 21 14 5 15 66% 222 2179 150 143%
c - 13.07 43 20 29 92 14259 1 584327 31566 1.5 21 14 5 15 66% 222 2179 150 143%
c ] 13.26 43 20 30 92 14264 1 593189 38616 1.5 21 14 5 15 66% 222 2179 150 143%
c { 13.26 43 12 30 92 14264 2 593189 38616 1.9 16 8 3 9 64% 222 2179 150 143%
c o 13.26 43 12 30 92 14277 2 593258 38681 1.9 16 8 3 9 64% 222 2179 150 143%
c - 13.28 43 12 30 93 14328 2 593919 32740 1.9 16 8 3 9 64% 222 2179 150 143%
c - 13.52 43 12 30 94 14851 2 603562 35828 1.9 16 8 3 9 64% 223 2179 150 143%
c
c seconds   switched     rate          size/glue tier1   binary      remaining
c        MB   reductions   conflicts         size  tier2   irredundant
c         level    restarts       redundant    glue   trail      variables
c
c - 13.75 43 12 30 95 15190 2 613257 38118 1.9 16 8 3 9 64% 225 2179 150 143%
c - 13.99 43 12 30 96 15588 2 623005 39091 1.9 15 8 3 9 64% 228 2179 150 143%
c i 14.16 43 12 30 96 15778 2 630179 44551 1.9 15 8 3 9 64% 239 2179 149 142%
c - 14.23 43 12 30 97 15965 2 632802 35888 1.9 15 8 3 9 64% 226 2179 149 142%
c - 14.43 43 12 30 98 16100 2 642650 36455 1.8 15 8 3 9 64% 233 2179 149 142%
c i 14.49 43 12 30 98 16108 2 645344 38316 1.8 15 8 3 9 64% 242 2179 148 141%
c } 14.54 43 12 31 98 16274 2 647623 40217 1.8 15 8 3 9 64% 242 2179 148 141%
c [ 14.54 43 20 31 98 16274 1 647623 40217 1.5 21 14 5 15 66% 242 2179 148 141%
c W 14.56 43 20 31 98 16274 1 647623 40217 1.5 21 14 5 15 66% 219 2137 148 141%
c u 14.65 43 20 31 98 16276 1 650433 33504 1.5 21 14 5 15 66% 220 2137 148 141%
c v 14.69 43 20 31 98 16276 1 650433 32805 1.5 21 14 5 15 66% 220 2137 148 141%
c w 14.71 43 20 31 98 16276 1 650433 32767 1.5 21 14 5 15 66% 220 2137 148 141%
c x 14.73 43 20 31 98 16276 1 650433 32766 1.5 21 14 5 15 66% 220 2068 148 141%
c t 14.73 43 20 31 98 16276 1 650433 32766 1.5 21 14 5 15 66% 219 2068 148 141%
c - 14.77 43 20 31 99 16277 1 652550 29367 1.5 21 14 5 15 66% 219 2068 148 141%
c - 14.97 43 20 31 100 16283 1 662501 33651 1.5 21 14 5 15 66% 219 2068 148 141%
c - 15.17 43 20 31 101 16288 1 672503 36289 1.5 21 14 5 15 65% 219 2068 148 141%
c - 15.39 43 20 31 102 16290 1 682554 37764 1.5 21 14 4 15 65% 219 2068 148 141%
c - 15.60 43 20 31 103 16295 1 692654 38313 1.5 21 14 4 15 65% 219 2068 148 141%
c s 15.67 43 20 31 103 16298 1 695765 40987 1.5 21 14 4 15 65% 219 2063 148 141%
c
c seconds   switched      rate          size/glue  tier1    binary      remaining
c        MB   reductions    conflicts         size   tier2    irredundant
c         level     restarts       redundant     glue    trail      variables
c
c - 15.83 43 19 31 104 16302 1 702805 39060 1.5 21 14 4 15 65% 219 2063 148 141%
c ] 15.90 43 19 32 104 16303 1 706327 42111 1.5 21 14 4 15 65% 219 2063 148 141%
c { 15.90 43 12 32 104 16303 2 706327 42111 1.8 15 8 3 9 64% 219 2063 148 141%
c o 15.90 43 12 32 104 16306 2 706395 42174 1.8 15 8 3 9 64% 219 2063 148 141%
c - 16.09 43 12 32 105 16490 2 713003 40617 1.8 15 8 3 9 64% 222 2063 148 141%
c - 16.36 43 11 32 106 16941 2 723249 41820 1.8 14 8 3 8 64% 232 2063 148 141%
c i 16.36 43 11 32 106 16941 2 723540 42004 1.8 14 8 3 8 64% 237 2063 147 140%
c i 16.56 43 11 32 106 17168 2 730889 47562 1.8 14 8 3 8 63% 249 2063 146 139%
c - 16.64 43 11 32 107 17234 2 733544 37974 1.8 14 8 3 8 63% 222 2063 146 139%
c u 16.85 43 11 32 107 17699 2 739627 42679 1.8 14 8 3 8 63% 222 2012 146 139%
c v 16.90 43 11 32 107 17699 2 739627 42601 1.8 14 8 3 8 63% 222 2012 146 139%
c w 16.92 43 11 32 107 17699 2 739627 42574 1.8 14 8 3 8 63% 222 2012 146 139%
c x 16.94 43 11 32 107 17699 2 739627 42571 1.8 14 8 3 8 63% 222 1939 146 139%
c i 17.00 43 11 32 107 17761 2 741734 43985 1.8 14 8 3 8 63% 234 1939 145 138%
c - 17.07 43 11 32 108 17892 2 743888 38426 1.8 14 8 3 8 63% 219 1939 145 138%
c i 17.31 43 11 32 108 18319 2 752949 45467 1.8 14 8 3 8 63% 236 1939 144 137%
c - 17.35 43 11 32 109 18353 2 754280 39284 1.8 14 8 3 8 63% 231 1939 144 137%
c i 17.42 43 11 32 109 18424 2 757453 41655 1.8 14 8 3 8 63% 238 1939 143 136%
c i 17.48 43 11 32 109 18460 2 759754 43443 1.8 14 8 3 8 63% 246 1939 142 135%
c i 17.60 43 11 32 109 18545 2 764096 46665 1.8 14 8 3 8 63% 258 1939 141 134%
c
c seconds   switched      rate          size/glue tier1   binary      remaining
c        MB   reductions    conflicts         size  tier2   irredundant
c         level     restarts       redundant    glue   trail      variables
c
c - 17.62 43 11 32 110 18562 2 764722 34386 1.8 14 8 3 8 63% 221 1939 141 134%
c i 17.68 43 11 32 110 18580 2 767423 36341 1.8 14 8 3 8 63% 236 1939 140 133%
c } 17.68 43 11 33 110 18580 2 767432 36350 1.8 14 8 3 8 63% 236 1939 140 133%
c [ 17.68 43 19 33 110 18580 1 767432 36350 1.5 21 14 4 15 65% 236 1939 140 133%
c I 17.68 43 19 33 110 18580 1 767432 36350 1.5 21 14 4 15 65% 236 1939 140 133%
c i 17.70 43 19 33 110 18580 1 768247 36872 1.5 20 14 4 15 65% 242 1939 139 132%
c i 17.80 43 19 33 110 18583 1 772344 39979 1.5 20 13 4 15 65% 249 1939 135 129%
c i 17.83 43 19 33 110 18584 1 773453 40817 1.5 20 13 4 15 65% 252 1939 129 123%
c i 17.84 43 19 33 110 18585 1 774215 41423 1.5 20 13 4 15 65% 257 1939 111 106%
c i 17.84 43 19 33 110 18585 1 774234 41426 1.5 20 13 4 15 65% 260 1939 110 105%
c i 17.84 43 19 33 110 18585 1 774249 41428 1.5 20 13 4 15 65% 262 1939 108 103%
c i 17.84 43 19 33 110 18585 1 774255 41428 1.5 20 13 4 15 65% 264 1939 98 93%
c i 17.84 43 19 33 110 18585 1 774258 41429 1.5 20 13 4 15 65% 265 1939 85 81%
c i 17.84 43 19 33 110 18585 1 774263 41431 1.5 20 13 4 15 65% 266 1939 84 80%
c ] 17.84 43 19 33 110 18585 1 774265 41431 1.5 20 13 4 15 65% 266 1939 57 54%
c 0 17.84 43 11 33 110 18585 2 774265 41431 1.8 14 8 3 8 63% 266 1939 57 54%
c
c ---- [ result ] ------------------------------------------------------------
c
s UNSATISFIABLE
c
c ---- [ profiling ] ---------------------------------------------------------
c
c          16.15   90.51 %  search
c           8.98   50.32 %  focused
c           7.17   40.19 %  stable
c           1.67    9.36 %  simplify
c           1.64    9.18 %  probe
c           1.10    6.16 %  vivify
c           0.50    2.78 %  sweep
c           0.22    1.25 %  reduce
c           0.03    0.17 %  walking
c           0.03    0.15 %  substitute
c           0.02    0.13 %  eliminate
c           0.02    0.12 %  preprocess
c           0.01    0.07 %  factor
c           0.01    0.03 %  subsume
c           0.00    0.01 %  congruence
c           0.00    0.01 %  transitive
c           0.00    0.01 %  parse
c           0.00    0.00 %  lucky
c           0.00    0.00 %  backbone
c =============================================
c          17.84  100.00 %  total
c
c ---- [ statistics ] --------------------------------------------------------
c
c conflicts:                           774265            43386.78 per second
c decisions:                          1160370                1.50 per conflict
c eliminated:                             120              114 %  variables
c factored:                               165              157 %  variables
c iterations:                              20               19 %  variables
c propagations:                      23175056          1298639    per second
c reductions:                             110             7039    interval
c reordered:                               12            64522    interval
c rephased:                                21            36870    interval
c restarts:                             18585               42    interval
c subsumed:                                67                0 %  checks
c switched:                                33            23463    interval
c vivified:                             16635               42 %  checks
c walks:                                    7           110609    interval
c
c ---- [ glue usage ] --------------------------------------------------------
c
c focused glue 3   used 292755 clauses 16.63% accumulated 60.35% tier1
c focused glue 4   used 167373 clauses  9.51% accumulated 69.86%
c focused glue 5-6 used 224280 clauses 12.74% accumulated 82.60%
c focused glue 7   used  81118 clauses  4.61% accumulated 87.21%
c focused glue 8   used  64071 clauses  3.64% accumulated 90.85% tier2
c
c stable glue 4    used 146421 clauses  7.65% accumulated 51.76% tier1
c stable glue 5    used 112877 clauses  5.90% accumulated 57.66%
c stable glue 6-12 used 537138 clauses 28.07% accumulated 85.73%
c stable glue 13   used  44671 clauses  2.33% accumulated 88.06%
c stable glue 14   used  39669 clauses  2.07% accumulated 90.14% tier2
c
c ---- [ resources ] ---------------------------------------------------------
c
c maximum-resident-set-size:      46573551616 bytes      44416 MB
c process-time:                            18s              17.84 seconds
c
c ---- [ shutting down ] -----------------------------------------------------
c
c exit 20
