c ---- [ banner ] ------------------------------------------------------------
c
c Kissat SAT Solver
c 
c Copyright (c) 2021-2024 Armin Biere University of Freiburg
c Copyright (c) 2019-2021 Armin Biere Johannes Kepler University Linz
c 
c Version 4.0.4 8af8e56f174b778aef3aa45af9f739b2a5f492c2
c Apple clang version 17.0.0 (clang-1700.6.3.2) -W -Wall -O3 -DNDEBUG
c Mon Mar 30 18:25:47 CEST 2026 Darwin Mac 24.6.0 arm64
c
c ---- [ parsing ] -----------------------------------------------------------
c
c opened and reading DIMACS file:
c
c   tmp.cnf
c
c parsed 'p cnf 55 2805' header
c closing input after reading 47024 bytes (46 KB)
c finished parsing after 0.00 seconds
c
c ---- [ solving ] -----------------------------------------------------------
c
c seconds switched rate     size/glue tier1 binary     remaining
c        MB reductions conflicts size  tier2  irredundant
c         level restarts redundant glue  trail     variables
c
c *  0.00  2 0 0 0  0 0   0   0 0.0 0 0 0 0 0%   0 2805 55 100%
c (  0.00  2 0 0 0  0 0   0   0 0.0 0 0 0 0 0%   0 2805 55 100%
c .  0.00  2 0 0 0  0 0   0   0 0.0 0 0 0 0 0%   0 2805 55 100%
c f  0.01  2 0 0 0  0 0   0   0 0.0 0 0 0 0 0% 154 869 132 240%
c )  0.01  2 0 0 0  0 0   0   0 0.0 0 0 0 0 0% 154 869 132 240%
c {  0.01  2 0 0 0  0 0   0   0 0.0 0 0 2 6 0% 154 869 132 240%
c -  0.02  3 17 0 1 34 2 1001 635 1.5 17 11 9 15 67% 154 869 132 240%
c }  0.02  3 17 1 1 34 2 1001 635 1.5 17 11 9 15 67% 154 869 132 240%
c [  0.02  3 0 1 1 34 0 1001 635 0.0 0 0 2 6 0% 154 869 132 240%
c B  0.02  3 0 1 1 34 0 1001 635 0.0 0 0 2 6 0% 154 869 132 240%
c ]  0.02  3 20 2 1 34 1 1892 1430 1.5 20 13 7 15 73% 154 869 132 240%
c {  0.02  3 17 2 1 34 2 1892 1430 1.5 17 11 9 15 67% 154 869 132 240%
c -  0.03  3 18 2 2 65 2 2002 1395 1.5 17 11 9 16 67% 154 869 132 240%
c }  0.03  3 19 3 2 175 3 2892 2212 1.5 17 11 8 15 67% 154 869 132 240%
c [  0.03  3 20 3 2 175 1 2892 2212 1.5 20 13 7 15 73% 154 869 132 240%
c W  0.03  3 20 3 2 175 1 2892 2212 1.5 20 13 7 15 73% 154 869 132 240%
c -  0.04  3 21 3 3 175 1 3416 2429 1.4 19 13 8 18 73% 154 869 132 240%
c u  0.04  3 21 3 3 176 1 4278 3171 1.4 20 14 8 18 72% 154 869 132 240%
c v  0.05  3 21 3 3 176 1 4278 3164 1.4 20 14 8 18 72% 154 869 132 240%
c w  0.05  3 21 3 3 176 1 4278 3146 1.4 20 14 8 18 72% 154 869 132 240%
c
c seconds  switched  rate       size/glue  tier1    binary     remaining
c        MB reductions conflicts      size   tier2    irredundant
c         level restarts   redundant     glue    trail     variables
c
c ]  0.05  3 21 4 3 176 1 4351 3202 1.4 20 14 8 18 72% 154 869 132 240%
c {  0.05  3 19 4 3 176 3 4351 3202 1.5 17 11 8 15 67% 154 869 132 240%
c -  0.05  3 18 4 4 198 2 5148 3458 1.5 17 11 8 15 68% 154 869 132 240%
c }  0.07  4 18 5 4 315 2 6704 4856 1.6 17 11 7 14 69% 154 869 132 240%
c [  0.07  4 21 5 4 315 1 6704 4856 1.4 20 14 8 18 72% 154 869 132 240%
c I  0.07  4 21 5 4 315 1 6704 4856 1.4 20 14 8 18 72% 154 869 132 240%
c -  0.07  4 20 5 5 315 1 7149 4518 1.4 19 14 8 18 72% 154 869 132 240%
c ]  0.08  4 19 6 5 317 1 9353 6435 1.4 19 13 8 18 72% 154 869 132 240%
c {  0.08  4 18 6 5 317 2 9353 6435 1.6 17 11 7 14 69% 154 869 132 240%
c -  0.08  4 17 6 6 317 2 9385 5369 1.6 17 11 6 14 69% 154 869 132 240%
c -  0.10  4 16 6 7 317 2 11834 6409 1.7 17 10 6 12 72% 154 869 132 240%
c u  0.12  4 15 6 7 317 2 13170 7598 1.7 17 10 6 12 72% 154 869 132 240%
c v  0.12  5 15 6 7 317 2 13170 7562 1.7 17 10 6 12 72% 154 869 132 240%
c w  0.12  6 15 6 7 317 2 13170 7525 1.7 17 10 6 12 72% 154 869 132 240%
c o  0.14  6 15 6 7 317 2 13170 7525 1.7 17 10 6 12 72% 154 869 132 240%
c }  0.14  6 15 7 7 321 2 13422 7765 1.7 17 10 6 12 72% 154 869 132 240%
c [  0.14  6 19 7 7 321 1 13422 7765 1.4 19 13 8 18 72% 154 869 132 240%
c B  0.14  6 19 7 7 321 1 13422 7765 1.4 19 13 8 18 72% 154 869 132 240%
c -  0.15  6 19 7 8 322 1 14479 7236 1.4 19 13 7 17 72% 154 869 132 240%
c -  0.17  6 20 7 9 323 1 17311 7710 1.4 19 14 7 17 71% 154 869 132 240%
c
c seconds  switched  rate        size/glue  tier1    binary     remaining
c        MB reductions conflicts       size   tier2    irredundant
c         level restarts    redundant     glue    trail     variables
c
c ]  0.18  6 20 8 9 324 1 17743 8077 1.4 19 14 7 17 71% 154 869 132 240%
c {  0.18  6 15 8 9 324 2 17743 8077 1.7 17 10 6 12 72% 154 869 132 240%
c -  0.21  6 15 8 10 723 2 20312 8158 1.7 17 10 5 11 72% 154 869 132 240%
c ^  0.22  6 15 8 10 734 2 21373 9155 1.7 17 10 5 11 73% 154 869 132 240%
c -  0.25  6 15 8 11 908 2 23475 9022 1.7 17 10 5 11 73% 154 869 132 240%
c }  0.25  6 15 9 11 908 2 23904 9347 1.7 16 10 5 11 72% 154 869 132 240%
c [  0.25  6 20 9 11 908 1 23904 9347 1.4 19 14 7 17 71% 154 869 132 240%
c W  0.25  7 20 9 11 908 1 23904 9347 1.4 19 14 7 17 71% 154 869 132 240%
c o  0.25  7 20 9 11 908 1 23904 9347 1.4 19 14 7 17 71% 154 869 132 240%
c -  0.28  7 19 9 12 910 1 26791 9443 1.4 19 14 6 16 72% 154 869 132 240%
c u  0.28  8 19 9 12 910 1 26979 9570 1.4 19 14 6 16 72% 154 869 132 240%
c v  0.29  8 19 9 12 910 1 26979 9546 1.4 19 14 6 16 72% 154 869 132 240%
c w  0.29  8 19 9 12 910 1 26979 9545 1.4 19 14 6 16 72% 154 869 132 240%
c -  0.32  8 19 9 13 913 1 30257 9631 1.4 19 14 6 16 72% 154 869 132 240%
c ]  0.34  8 19 10 13 913 1 31342 10519 1.4 19 13 6 16 73% 154 869 132 240%
c {  0.34  8 15 10 13 913 2 31342 10519 1.7 16 10 5 11 72% 154 869 132 240%
c -  0.37  8 15 10 14 1102 2 33864 10570 1.7 16 10 5 11 72% 154 869 132 240%
c -  0.43  8 15 10 15 1536 2 37605 11715 1.7 16 10 5 11 72% 154 869 132 240%
c }  0.47  8 15 11 15 1910 2 39972 13924 1.7 16 10 5 11 72% 154 869 132 240%
c [  0.47  8 19 11 15 1910 1 39972 13924 1.4 19 13 6 16 73% 154 869 132 240%
c
c seconds   switched    rate         size/glue  tier1    binary     remaining
c        MB   reductions  conflicts        size   tier2    irredundant
c         level    restarts     redundant     glue    trail     variables
c
c O  0.47  8 19 11 15 1910 1 39972 13924 1.4 19 13 6 16 73% 154 869 132 240%
c -  0.49  8 19 11 16 1911 1 41477 12478 1.4 19 14 6 16 72% 154 869 132 240%
c ^  0.51  8 19 11 16 1912 1 42747 13557 1.4 19 14 6 16 72% 154 869 132 240%
c -  0.54  9 19 11 17 1914 1 45477 12648 1.4 19 14 6 16 71% 154 869 132 240%
c u  0.55  9 19 11 17 1914 1 46002 12989 1.4 19 14 6 16 71% 154 869 132 240%
c v  0.56  9 19 11 17 1914 1 46002 12959 1.4 19 14 6 16 71% 154 869 132 240%
c w  0.56  9 19 11 17 1914 1 46002 12952 1.4 19 14 6 16 71% 154 869 132 240%
c o  0.56  9 19 11 17 1914 1 46002 12952 1.4 19 14 6 16 71% 154 869 132 240%
c -  0.61  9 19 11 18 1916 1 49600 12855 1.4 19 14 6 16 71% 154 869 132 240%
c B  0.61  9 19 11 18 1916 1 49736 12972 1.4 19 14 6 16 71% 154 869 132 240%
c ]  0.62  9 19 12 18 1916 1 51739 14712 1.4 19 14 6 16 71% 154 869 132 240%
c {  0.62  9 15 12 18 1916 2 51739 14712 1.7 16 10 5 11 72% 154 869 132 240%
c -  0.67  9 16 12 19 2156 2 53843 12834 1.7 16 10 4 11 72% 154 869 132 240%
c -  0.74  9 16 12 20 2581 3 58201 13614 1.7 16 10 4 11 72% 154 869 132 240%
c -  0.83  9 16 12 21 3151 3 62673 14596 1.6 16 10 4 11 72% 154 869 132 240%
c }  0.84  9 16 13 21 3188 3 63218 15090 1.6 16 10 4 11 72% 154 869 132 240%
c [  0.84  9 19 13 21 3188 1 63218 15090 1.4 19 14 6 16 71% 154 869 132 240%
c W  0.84 10 19 13 21 3188 1 63218 15090 1.4 19 14 6 16 71% 154 869 132 240%
c -  0.89 11 19 13 22 3190 1 67256 14818 1.4 19 14 6 16 71% 154 869 132 240%
c u  0.93 12 19 13 22 3193 1 70498 17563 1.4 19 14 6 16 72% 154 869 132 240%
c
c seconds   switched    rate         size/glue  tier1    binary     remaining
c        MB   reductions  conflicts        size   tier2    irredundant
c         level    restarts     redundant     glue    trail     variables
c
c v  0.94 12 19 13 22 3193 1 70498 17467 1.4 19 14 6 16 72% 154 869 132 240%
c w  0.95 12 19 13 22 3193 1 70498 17464 1.4 19 14 6 16 72% 154 869 132 240%
c -  1.03 14 19 13 23 3194 1 71947 14566 1.4 19 14 5 16 72% 154 869 132 240%
c -  1.09 14 19 13 24 3196 1 76742 14593 1.4 19 14 5 16 71% 154 869 132 240%
c I  1.10 14 19 13 24 3197 1 78125 15776 1.4 19 14 5 16 71% 154 869 132 240%
c o  1.10 14 19 13 24 3197 1 78125 15776 1.4 19 14 5 16 71% 154 869 132 240%
c -  1.14 14 19 13 25 3199 1 81640 14673 1.4 19 14 5 15 71% 154 869 132 240%
c ]  1.14 14 19 14 25 3200 1 81848 14856 1.4 19 14 5 15 71% 154 869 132 240%
c {  1.14 14 16 14 25 3200 3 81848 14856 1.6 16 10 4 11 72% 154 869 132 240%
c -  1.24 14 16 14 26 3800 3 86640 15961 1.6 17 10 4 11 72% 154 869 132 240%
c ^  1.28 14 16 14 26 3985 3 89084 18179 1.6 17 10 4 11 72% 154 869 132 240%
c -  1.34 14 16 14 27 4250 3 91739 17143 1.6 16 10 4 10 72% 154 869 132 240%
c }  1.43 14 16 15 27 4686 3 96564 21601 1.6 17 10 4 10 72% 154 869 132 240%
c [  1.43 14 19 15 27 4686 1 96564 21601 1.4 19 14 5 15 71% 154 869 132 240%
c B  1.43 14 19 15 27 4686 1 96564 21601 1.4 19 14 5 15 71% 154 869 132 240%
c -  1.44 14 19 15 28 4686 1 96936 18125 1.4 19 14 5 15 71% 154 869 132 240%
c u  1.50 14 19 15 28 4688 1 100636 21123 1.4 19 13 5 15 71% 154 869 132 240%
c v  1.51 15 19 15 28 4688 1 100636 21113 1.4 19 13 5 15 71% 154 869 132 240%
c w  1.52 15 19 15 28 4688 1 100636 21113 1.4 19 13 5 15 71% 154 869 132 240%
c x  1.52 15 19 15 28 4688 1 100636 21112 1.4 19 13 5 15 71% 154 868 132 240%
c
c seconds   switched    rate          size/glue  tier1    binary     remaining
c        MB   reductions  conflicts         size   tier2    irredundant
c         level    restarts      redundant     glue    trail     variables
c
c -  1.55 15 19 15 29 4690 1 102228 18395 1.4 19 13 5 15 71% 154 868 132 240%
c -  1.62 15 18 15 30 4692 1 107613 18397 1.4 19 13 5 15 72% 154 868 132 240%
c -  1.69 15 18 15 31 4696 1 113091 18531 1.4 19 13 5 15 72% 154 868 132 240%
c W  1.75 15 18 15 31 4699 1 117475 22184 1.4 19 13 5 15 72% 154 868 132 240%
c ]  1.75 16 18 16 31 4699 1 118053 22646 1.4 19 13 5 15 72% 154 868 132 240%
c {  1.75 16 16 16 31 4699 3 118053 22646 1.6 17 10 4 10 72% 154 868 132 240%
c o  1.76 16 16 16 31 4713 3 118301 22859 1.6 17 10 4 10 72% 154 868 132 240%
c -  1.77 16 16 16 32 4799 3 118659 18481 1.6 17 10 4 10 72% 154 868 132 240%
c -  1.92 16 16 16 33 5684 3 124315 19388 1.6 17 10 4 10 72% 154 868 132 240%
c -  2.06 16 16 16 34 6359 3 130059 20470 1.6 17 11 4 10 72% 154 868 132 240%
c -  2.18 17 16 16 35 6728 3 135889 20308 1.6 17 11 3 10 72% 154 868 132 240%
c }  2.18 17 16 17 35 6728 3 136393 20748 1.6 17 11 3 10 72% 154 868 132 240%
c [  2.18 17 18 17 35 6728 1 136393 20748 1.4 19 13 5 15 72% 154 868 132 240%
c u  2.20 17 18 17 35 6728 1 136638 20784 1.4 19 13 5 15 72% 154 868 132 240%
c v  2.22 19 18 17 35 6728 1 136638 20651 1.4 19 13 5 15 72% 154 868 132 240%
c w  2.22 19 18 17 35 6728 1 136638 20649 1.4 19 13 5 15 72% 154 868 132 240%
c O  2.30 19 18 17 35 6732 1 141701 25070 1.4 19 13 5 15 72% 154 868 132 240%
c -  2.30 19 18 17 36 6732 1 141805 19276 1.4 19 13 5 14 72% 154 868 132 240%
c -  2.38 19 18 17 37 6734 1 147806 17217 1.4 19 13 5 15 72% 154 868 132 240%
c -  2.46 19 19 17 38 6738 1 153888 16044 1.4 19 14 5 15 72% 154 868 132 240%
c
c seconds   switched    rate          size/glue  tier1    binary     remaining
c        MB   reductions  conflicts         size   tier2    irredundant
c         level    restarts      redundant     glue    trail     variables
c
c -  2.55 19 19 17 39 6741 1 160054 16140 1.4 19 14 5 15 72% 154 868 132 240%
c e  2.60 19 19 17 39 6742 1 163720 19128 1.4 19 14 5 15 72% 140 926 121 220%
c ^  2.60 19 19 17 39 6742 1 163720 19128 1.4 19 14 5 15 72% 140 926 121 220%
c ]  2.63 19 19 18 39 6742 1 166136 17540 1.4 19 14 5 15 72% 140 926 121 220%
c {  2.63 19 16 18 39 6742 3 166136 17540 1.6 17 11 3 10 72% 140 926 121 220%
c -  2.64 20 16 18 40 6782 3 166299 13447 1.6 17 11 3 10 72% 140 926 121 220%
c o  2.68 20 16 18 40 7121 3 168303 15220 1.6 17 11 3 10 72% 140 926 121 220%
c -  2.80 20 16 18 41 7983 3 172624 15707 1.6 17 11 3 10 71% 140 926 121 220%
c u  2.96 20 17 18 41 8874 3 178709 20658 1.5 17 11 3 10 71% 140 926 121 220%
c v  2.98 20 17 18 41 8874 3 178709 20476 1.5 17 11 3 10 71% 140 926 121 220%
c w  2.99 23 17 18 41 8874 3 178709 20377 1.5 17 11 3 10 71% 140 926 121 220%
c -  3.00 23 17 18 42 8945 3 179028 17002 1.5 17 11 3 11 71% 140 926 121 220%
c -  3.16 23 17 18 43 9681 3 185508 18246 1.5 17 11 3 11 70% 140 926 121 220%
c }  3.23 23 17 19 43 10051 3 188481 20660 1.5 17 11 3 11 70% 140 926 121 220%
c [  3.23 23 19 19 43 10051 1 188481 20660 1.4 19 14 5 15 72% 140 926 121 220%
c B  3.23 23 19 19 43 10051 1 188481 20660 1.4 19 14 5 15 72% 140 926 121 220%
c -  3.29 23 19 19 44 10053 1 192065 18921 1.4 19 14 4 15 72% 140 926 121 220%
c -  3.40 23 19 19 45 10057 1 198699 18904 1.4 19 14 4 15 72% 140 926 121 220%
c -  3.51 23 19 19 46 10061 1 205410 19251 1.4 19 14 4 15 71% 140 926 121 220%
c -  3.61 23 18 19 47 10064 1 212193 19873 1.4 19 14 4 15 71% 140 926 121 220%
c
c seconds   switched     rate          size/glue  tier1    binary     remaining
c        MB   reductions   conflicts         size   tier2    irredundant
c         level    restarts       redundant     glue    trail     variables
c
c -  3.71 23 18 19 48 10065 1 219048 19677 1.4 19 14 4 14 71% 140 926 121 220%
c W  3.73 23 18 19 48 10065 1 219931 20362 1.4 19 13 4 14 71% 140 926 121 220%
c -  3.81 24 18 19 49 10069 1 225978 20238 1.4 19 13 4 14 72% 140 926 121 220%
c u  3.84 26 18 19 49 10070 1 226617 20483 1.4 19 13 4 14 72% 140 926 121 220%
c v  3.86 26 18 19 49 10070 1 226617 20284 1.4 19 13 4 14 72% 140 926 121 220%
c w  3.87 26 18 19 49 10070 1 226617 20056 1.4 19 13 4 14 72% 140 926 121 220%
c ]  4.04 27 18 20 49 10071 1 227607 20863 1.4 19 13 4 14 72% 140 926 121 220%
c {  4.04 27 17 20 49 10071 3 227607 20863 1.5 17 11 3 11 70% 140 926 121 220%
c o  4.07 27 17 20 49 10135 3 229646 22630 1.5 17 11 3 11 70% 140 926 121 220%
c -  4.12 27 16 20 50 10169 3 232978 20566 1.5 17 11 3 11 70% 140 926 121 220%
c -  4.24 27 16 20 51 10339 2 240049 22198 1.6 17 11 3 11 71% 140 926 121 220%
c -  4.34 27 16 20 52 10378 2 247191 23634 1.6 17 11 3 10 71% 140 926 121 220%
c }  4.52 27 16 21 52 10953 2 254349 29973 1.6 17 11 3 10 71% 140 926 121 220%
c [  4.52 27 18 21 52 10953 1 254349 29973 1.4 19 13 4 14 72% 140 926 121 220%
c -  4.52 27 18 21 53 10953 1 254402 24064 1.4 19 13 4 14 72% 140 926 121 220%
c I  4.54 27 18 21 53 10953 1 255282 24818 1.4 19 13 4 14 72% 140 926 121 220%
c -  4.63 27 18 21 54 10958 1 261684 23865 1.4 19 13 4 14 72% 140 926 121 220%
c e  4.74 28 18 21 54 10962 1 268994 29898 1.4 19 13 4 14 71% 112 1127 96 175%
c s  4.74 28 18 21 54 10962 1 268994 29898 1.4 19 13 4 14 71% 112 1124 96 175%
c ^  4.74 28 18 21 54 10962 1 268994 29898 1.4 19 13 4 14 71% 112 1124 96 175%
c
c seconds   switched     rate          size/glue  tier1    binary     remaining
c        MB   reductions   conflicts         size   tier2    irredundant
c         level    restarts       redundant     glue    trail     variables
c
c -  4.75 29 18 21 55 10962 1 269032 10876 1.4 19 13 4 14 71% 112 1124 96 175%
c -  4.81 31 18 21 56 10966 1 276452 13145 1.4 19 13 4 14 72% 112 1124 96 175%
c u  4.87 31 18 21 56 10967 1 280846 16628 1.4 19 13 4 14 72% 112 1124 96 175%
c v  4.89 31 18 21 56 10967 1 280846 16550 1.4 19 13 4 14 72% 112 1124 96 175%
c w  4.89 32 18 21 56 10967 1 280846 16548 1.4 19 13 4 14 72% 112 1124 96 175%
c x  4.90 32 18 21 56 10967 1 280846 16535 1.4 19 13 4 14 72% 112 1098 96 175%
c -  4.94 33 18 21 57 10967 1 283935 14792 1.4 19 13 4 14 73% 112 1098 96 175%
c -  5.02 33 18 21 58 10971 1 291485 17420 1.4 19 13 4 14 73% 112 1098 96 175%
c ]  5.04 33 18 22 58 10972 1 293103 18724 1.4 19 13 4 14 73% 112 1098 96 175%
c {  5.04 33 16 22 58 10972 2 293103 18724 1.6 17 11 3 10 71% 112 1098 96 175%
c -  5.12 34 15 22 59 10974 2 299101 20094 1.6 17 11 3 10 72% 112 1098 96 175%
c -  5.25 34 15 22 60 10974 2 306783 21832 1.6 17 10 3 10 73% 112 1098 96 175%
c -  5.35 34 15 22 61 10974 2 314528 22813 1.6 17 10 3 10 73% 112 1098 96 175%
c -  5.46 34 15 22 62 10990 2 322338 23747 1.7 17 10 3 10 74% 112 1098 96 175%
c }  5.49 34 15 23 62 10990 2 324620 25797 1.7 17 10 3 10 74% 112 1098 96 175%
c [  5.49 34 18 23 62 10990 1 324620 25797 1.4 19 13 4 14 73% 112 1098 96 175%
c B  5.49 34 18 23 62 10990 1 324620 25797 1.4 19 13 4 14 73% 112 1098 96 175%
c o  5.49 34 18 23 62 10990 1 324620 25797 1.4 19 13 4 14 73% 112 1098 96 175%
c -  5.57 34 18 23 63 10994 1 330212 22711 1.4 19 13 4 14 73% 112 1098 96 175%
c -  5.66 34 18 23 64 10998 1 338150 21603 1.4 19 13 4 14 74% 112 1098 96 175%
c
c seconds   switched     rate          size/glue  tier1    binary     remaining
c        MB   reductions   conflicts         size   tier2    irredundant
c         level    restarts       redundant     glue    trail     variables
c
c u  5.70 35 18 23 64 10999 1 340203 23018 1.4 19 13 4 14 74% 112 1098 96 175%
c v  5.73 35 18 23 64 10999 1 340203 22918 1.4 19 13 4 14 74% 112 1098 96 175%
c w  5.74 35 18 23 64 10999 1 340203 22811 1.4 19 13 4 14 74% 112 1098 96 175%
c -  5.82 35 17 23 65 11003 1 346152 21304 1.4 19 13 4 14 74% 112 1098 96 175%
c -  5.92 35 17 23 66 11004 1 354214 21826 1.5 19 13 4 14 74% 112 1098 96 175%
c ]  5.97 35 17 24 66 11005 1 357917 24761 1.5 19 13 4 14 74% 112 1098 96 175%
c {  5.97 35 15 24 66 11005 2 357917 24761 1.7 17 10 3 10 74% 112 1098 96 175%
c -  6.06 36 15 24 67 11242 2 362338 22752 1.7 17 10 3 10 74% 112 1098 96 175%
c -  6.20 36 14 24 68 11572 2 370523 24208 1.7 17 10 3 10 74% 112 1098 96 175%
c -  6.32 36 14 24 69 11737 2 378769 24886 1.7 17 10 3 10 75% 112 1098 96 175%
c -  6.47 36 14 24 70 12055 2 387075 25407 1.7 16 10 3 10 75% 112 1098 96 175%
c }  6.62 36 14 25 70 12489 2 394595 32000 1.7 16 10 3 10 75% 112 1098 96 175%
c [  6.62 36 17 25 70 12489 1 394595 32000 1.5 19 13 4 14 74% 112 1098 96 175%
c W  6.62 36 17 25 70 12489 1 394595 32000 1.5 19 13 4 14 74% 112 1098 96 175%
c -  6.64 37 17 25 71 12489 1 395443 25915 1.5 19 13 4 14 74% 112 1098 96 175%
c -  6.75 38 17 25 72 12495 1 403869 24456 1.4 19 13 4 14 74% 112 1098 96 175%
c s  6.77 38 17 25 72 12495 1 404695 25137 1.4 19 13 4 14 74% 112 1097 96 175%
c e  6.77 38 17 25 72 12495 1 404695 25137 1.4 19 13 4 14 74%  96 1227 88 160%
c !  6.77 38 17 25 72 12495 1 404695 25137 1.4 19 13 4 14 74%  96 1227 88 160%
c o  6.77 39 17 25 72 12495 1 404695 19581 1.4 19 13 4 14 74%  96 1227 88 160%
c
c seconds   switched     rate          size/glue  tier1    binary     remaining
c        MB   reductions   conflicts         size   tier2    irredundant
c         level    restarts       redundant     glue    trail     variables
c
c u  6.80 40 17 25 72 12495 1 405989 20507 1.4 19 13 4 14 74%  96 1227 88 160%
c v  6.82 40 17 25 72 12495 1 405989 20467 1.4 19 13 4 14 74%  96 1227 88 160%
c w  6.83 40 17 25 72 12495 1 405989 20426 1.4 19 13 4 14 74%  96 1227 88 160%
c x  6.84 40 17 25 72 12495 1 405989 20424 1.4 19 13 4 14 74%  96 1225 88 160%
c -  6.94 42 18 25 73 12500 1 412357 18411 1.4 19 13 4 14 74%  96 1225 88 160%
c -  7.06 42 18 25 74 12503 1 420901 19507 1.4 19 13 4 14 74%  96 1225 88 160%
c -  7.16 42 18 25 75 12505 1 429503 21332 1.4 19 13 4 14 75%  96 1225 88 160%
c -  7.28 42 17 25 76 12510 1 438163 22742 1.4 19 13 4 14 75%  96 1225 88 160%
c ]  7.30 42 17 26 76 12510 1 439468 23850 1.4 19 13 4 14 75%  96 1225 88 160%
c {  7.30 42 14 26 76 12510 2 439468 23850 1.7 16 10 3 10 75%  96 1225 88 160%
c -  7.42 42 14 26 77 12841 2 446880 25171 1.7 16 10 3 10 75%  96 1225 88 160%
c -  7.56 42 14 26 78 13054 2 455655 26308 1.7 16 10 3 10 76%  96 1225 88 160%
c -  7.72 42 14 26 79 13432 2 464486 27368 1.7 16 10 3 10 76%  96 1225 88 160%
c -  7.88 42 14 26 80 13753 2 473374 28263 1.7 16 9 3 10 76%  96 1225 88 160%
c u  7.97 42 14 26 80 13966 2 477248 31242 1.7 16 9 3 10 76%  96 1225 88 160%
c v  8.00 43 14 26 80 13966 2 477248 31053 1.7 16 9 3 10 76%  96 1225 88 160%
c w  8.01 43 14 26 80 13966 2 477248 31048 1.7 16 9 3 10 76%  96 1225 88 160%
c }  8.11 43 14 27 80 14197 2 481687 34809 1.7 16 9 3 10 76%  96 1225 88 160%
c [  8.11 43 17 27 80 14197 1 481687 34809 1.4 19 13 4 14 75%  96 1225 88 160%
c O  8.11 43 17 27 80 14197 1 481687 34809 1.4 19 13 4 14 75%  96 1225 88 160%
c
c seconds   switched     rate          size/glue  tier1    binary     remaining
c        MB   reductions   conflicts         size   tier2    irredundant
c         level    restarts       redundant     glue    trail     variables
c
c -  8.12 43 17 27 81 14197 1 482318 28242 1.4 19 13 4 14 75%  96 1225 88 160%
c -  8.25 43 18 27 82 14203 1 491319 25930 1.4 19 13 4 14 75%  96 1225 88 160%
c -  8.39 43 18 27 83 14209 1 500376 23681 1.4 19 13 4 14 75%  96 1225 88 160%
c -  8.53 43 18 27 84 14211 1 509486 24491 1.4 19 13 4 14 75%  96 1225 88 160%
c o  8.64 43 18 27 84 14214 1 516756 30483 1.4 19 13 4 14 75%  96 1225 88 160%
c -  8.67 43 18 27 85 14214 1 518652 25553 1.4 19 13 4 14 75%  96 1225 88 160%
c ]  8.79 43 18 28 85 14218 1 527027 32074 1.4 19 13 4 14 75%  96 1225 88 160%
c {  8.79 43 14 28 85 14218 2 527027 32074 1.7 16 9 3 10 76%  96 1225 88 160%
c -  8.81 43 14 28 86 14304 2 527871 26462 1.7 16 10 3 10 76%  96 1225 88 160%
c -  8.96 44 14 28 87 14638 2 537146 28134 1.7 16 9 3 10 76%  96 1225 88 160%
c -  9.13 44 13 28 88 14985 2 546474 30032 1.7 16 9 3 10 77%  96 1225 88 160%
c u  9.34 44 13 28 88 15455 2 555079 36813 1.7 16 9 3 10 77%  96 1225 88 160%
c v  9.37 44 13 28 88 15455 2 555079 36602 1.7 16 9 3 10 77%  96 1225 88 160%
c w  9.39 44 13 28 88 15455 2 555079 36597 1.7 16 9 3 10 77%  96 1225 88 160%
c -  9.63 47 13 28 89 15455 2 555855 30766 1.7 16 9 3 10 77%  96 1225 88 160%
c -  9.80 47 13 28 90 15667 2 565289 31612 1.7 16 9 3 9 77%  96 1225 88 160%
c - 10.00 47 13 28 91 16244 2 574775 32548 1.7 16 9 3 9 77%  96 1225 88 160%
c } 10.01 47 13 29 91 16244 2 575165 32873 1.7 16 9 3 9 77%  96 1225 88 160%
c [ 10.01 47 18 29 91 16244 1 575165 32873 1.4 19 13 4 14 75%  96 1225 88 160%
c B 10.01 47 18 29 91 16244 1 575165 32873 1.4 19 13 4 14 75%  96 1225 88 160%
c
c seconds   switched     rate          size/glue  tier1    binary     remaining
c        MB   reductions   conflicts         size   tier2    irredundant
c         level    restarts       redundant     glue    trail     variables
c
c - 10.16 47 18 29 92 16250 1 584314 31738 1.4 19 13 4 14 75%  96 1225 88 160%
c - 10.31 47 18 29 93 16256 1 593905 30457 1.4 19 13 4 14 75%  96 1225 88 160%
c - 10.46 47 18 29 94 16258 1 603548 31136 1.4 18 13 4 14 76%  96 1225 88 160%
c - 10.61 47 17 29 95 16262 1 613244 31473 1.4 18 13 4 14 76%  96 1225 88 160%
c - 10.76 47 17 29 96 16268 1 622991 31935 1.4 18 13 4 14 76%  96 1225 88 160%
c ] 10.85 47 17 30 96 16271 1 628640 36321 1.4 18 13 4 14 76%  96 1225 88 160%
c { 10.85 47 13 30 96 16271 2 628640 36321 1.7 16 9 3 9 77%  96 1225 88 160%
c o 10.85 47 13 30 96 16285 2 628921 36548 1.7 16 9 3 9 77%  96 1225 88 160%
c - 10.94 47 13 30 97 16382 2 632788 33207 1.7 16 9 3 9 77%  96 1225 88 160%
c u 11.10 47 13 30 97 16765 2 639607 38803 1.7 16 9 3 9 77%  96 1225 88 160%
c v 11.13 47 13 30 97 16765 2 639607 38649 1.7 16 9 3 9 77%  96 1225 88 160%
c w 11.14 47 13 30 97 16765 2 639607 38559 1.7 16 9 3 9 77%  96 1225 88 160%
c x 11.16 47 13 30 97 16765 2 639607 38555 1.7 16 9 3 9 77%  96 1219 88 160%
c - 11.22 48 13 30 98 16853 2 642638 34231 1.7 16 9 3 9 77%  96 1219 88 160%
c - 11.45 48 13 30 99 17504 2 652537 35313 1.7 16 9 3 9 77%  96 1219 88 160%
c - 11.68 48 13 30 100 18253 2 662486 36536 1.7 16 9 3 9 77%  96 1219 88 160%
c - 11.93 48 13 30 101 18917 2 672487 36952 1.7 16 9 3 9 77%  96 1219 88 160%
c - 12.13 48 13 30 102 19043 2 682537 36462 1.7 15 9 3 9 77%  97 1219 88 160%
c } 12.14 48 13 31 102 19110 2 683076 36947 1.7 15 9 3 9 77%  97 1219 88 160%
c [ 12.14 48 17 31 102 19110 1 683076 36947 1.4 18 13 4 14 76%  97 1219 88 160%
c
c seconds   switched      rate          size/glue  tier1    binary     remaining
c        MB   reductions    conflicts         size   tier2    irredundant
c         level     restarts       redundant     glue    trail     variables
c
c W 12.15 49 17 31 102 19110 1 683076 36947 1.4 18 13 4 14 76%  97 1219 88 160%
c - 12.30 49 17 31 103 19116 1 692636 36287 1.4 18 12 4 14 76%  97 1219 88 160%
c - 12.47 49 17 31 104 19122 1 702784 35183 1.4 18 13 4 14 76%  97 1219 88 160%
c - 12.64 49 17 31 105 19124 1 712982 34797 1.4 18 12 4 14 76%  97 1219 88 160%
c - 12.81 49 17 31 106 19130 1 723228 35627 1.4 18 13 4 14 76%  97 1219 88 160%
c u 12.98 49 17 31 106 19134 1 730987 41559 1.4 18 12 4 14 76%  97 1219 88 160%
c v 13.03 49 17 31 106 19134 1 730987 41163 1.4 18 12 4 14 76%  97 1219 88 160%
c w 13.06 49 17 31 106 19134 1 730987 38238 1.4 18 12 4 14 76%  97 1219 88 160%
c - 13.11 50 17 31 107 19136 1 733523 32166 1.4 18 12 4 13 76%  97 1219 88 160%
c - 13.29 50 17 31 108 19139 1 743867 33366 1.4 18 13 4 13 76%  97 1219 88 160%
c I 13.32 50 17 31 108 19139 1 745628 34763 1.4 18 13 4 13 76%  97 1219 88 160%
c o 13.32 50 17 31 108 19139 1 745628 34763 1.4 18 13 4 13 76%  97 1219 88 160%
c ] 13.41 50 17 32 108 19140 1 751446 39389 1.4 18 12 4 13 76%  97 1219 88 160%
c { 13.41 50 13 32 108 19140 2 751446 39389 1.7 15 9 3 9 77%  97 1219 88 160%
c - 13.49 50 13 32 109 19362 2 754259 34503 1.7 15 9 3 9 77%  98 1219 88 160%
c - 13.73 50 13 32 110 20055 2 764699 37157 1.7 15 9 3 9 77%  98 1219 88 160%
c - 13.99 50 13 32 111 20688 2 775188 39213 1.7 15 9 3 9 77%  98 1219 88 160%
c - 14.21 50 13 32 112 21095 2 785724 40097 1.7 15 9 3 9 77%  98 1219 88 160%
c - 14.45 50 13 32 113 21606 2 796307 40899 1.7 15 9 3 9 78%  98 1219 88 160%
c - 14.68 50 13 32 114 21978 2 806940 41771 1.7 15 9 3 9 78%  98 1219 88 160%
c
c seconds   switched      rate          size/glue tier1   binary     remaining
c        MB   reductions    conflicts         size  tier2   irredundant
c         level     restarts       redundant    glue   trail     variables
c
c } 14.81 50 13 33 114 22233 2 812552 46444 1.7 15 9 3 9 78%  98 1219 88 160%
c [ 14.81 50 17 33 114 22233 1 812552 46444 1.4 18 12 4 13 76%  98 1219 88 160%
c B 14.82 50 17 33 114 22233 1 813310 47081 1.4 18 12 4 13 76%  98 1219 88 160%
c - 14.92 50 17 33 115 22236 1 817618 41210 1.4 18 13 4 13 76%  98 1219 88 160%
c - 15.14 50 17 33 116 22242 1 828341 40533 1.4 18 12 4 13 76%  98 1219 88 160%
c u 15.20 50 17 33 116 22243 1 829261 40899 1.4 18 12 4 13 76%  98 1219 88 160%
c v 15.27 50 17 33 116 22243 1 829261 40780 1.4 18 12 4 13 76%  98 1219 88 160%
c w 15.29 50 17 33 116 22243 1 829261 40724 1.4 18 12 4 13 76%  98 1219 88 160%
c - 15.47 50 17 33 117 22247 1 839113 39482 1.4 18 13 4 13 76%  98 1219 88 160%
c - 15.67 50 17 33 118 22251 1 849930 39913 1.4 18 12 4 13 76%  98 1219 88 160%
c - 15.89 50 17 33 119 22257 1 860793 40915 1.4 18 12 4 13 76%  98 1219 88 160%
c - 16.09 50 16 33 120 22262 1 871701 40759 1.5 18 12 4 13 76%  98 1219 88 160%
c ] 16.26 50 16 34 120 22263 1 880446 47776 1.5 18 12 4 13 76%  98 1219 88 160%
c { 16.26 50 13 34 120 22263 2 880446 47776 1.7 15 9 3 9 78%  98 1219 88 160%
c o 16.26 50 13 34 120 22272 2 880506 47828 1.7 15 9 3 9 78%  98 1219 88 160%
c - 16.34 50 13 34 121 22708 2 882655 41684 1.7 15 9 3 9 77%  98 1219 88 160%
c - 16.76 50 13 34 122 24947 2 893657 40331 1.6 16 10 3 9 77%  98 1219 88 160%
c - 17.19 50 14 34 123 27106 2 904702 38575 1.6 16 10 3 9 76%  98 1219 88 160%
c - 17.58 50 14 34 124 28897 2 915794 39002 1.5 16 10 3 9 76%  98 1219 88 160%
c - 18.00 50 14 34 125 30716 2 926930 39781 1.5 16 11 3 9 76%  98 1219 88 160%
c
c seconds   switched      rate          size/glue  tier1   binary     remaining
c        MB   reductions    conflicts         size   tier2   irredundant
c         level     restarts       redundant     glue   trail     variables
c
c u 18.37 50 15 34 125 32018 2 934508 44947 1.5 16 11 3 9 76%  98 1219 88 160%
c v 18.44 50 15 34 125 32018 2 934508 44335 1.5 16 11 3 9 76%  98 1219 88 160%
c w 18.47 50 15 34 125 32018 2 934508 43921 1.5 16 11 3 9 76%  98 1219 88 160%
c - 18.63 50 15 34 126 32644 2 938112 39167 1.5 16 11 3 9 76%  98 1219 88 160%
c } 19.00 50 15 35 126 34021 2 948593 46803 1.5 16 11 3 9 75%  98 1219 88 160%
c [ 19.00 50 16 35 126 34021 1 948593 46803 1.5 18 12 4 13 76%  98 1219 88 160%
c W 19.02 51 16 35 126 34021 1 948593 46803 1.5 18 12 4 13 76%  98 1219 88 160%
c - 19.04 52 16 35 127 34021 1 949336 40013 1.5 18 12 3 13 76%  98 1219 88 160%
c - 19.28 53 16 35 128 34027 1 960607 41057 1.5 18 12 3 13 76%  99 1219 88 160%
c - 19.51 53 16 35 129 34034 1 971922 41245 1.4 17 12 3 13 76%  99 1219 88 160%
c - 19.73 53 16 35 130 34037 1 983280 41007 1.4 18 12 3 13 76%  99 1219 88 160%
c - 19.93 53 16 35 131 34043 1 994681 41071 1.4 18 12 3 13 76%  99 1219 88 160%
c - 20.16 53 16 35 132 34049 1 1006126 42480 1.4 17 12 3 13 76%  99 1219 88 160%
c - 20.38 53 16 35 133 34051 1 1017615 43385 1.4 17 12 3 13 76%  99 1219 88 160%
c O 20.56 53 16 35 133 34051 1 1027022 50570 1.4 17 12 3 13 76%  99 1219 88 160%
c o 20.56 53 16 35 133 34051 1 1027022 50570 1.4 17 12 3 13 76%  99 1219 88 160%
c s 20.60 53 16 35 133 34051 1 1028689 51893 1.4 17 12 3 13 76%  99 1218 88 160%
c - 20.61 53 16 35 134 34051 1 1029148 43127 1.4 17 12 3 13 76%  99 1218 88 160%
c - 20.84 53 16 35 135 34058 1 1040723 43202 1.4 17 12 3 13 76%  99 1218 88 160%
c u 21.00 54 16 35 135 34061 1 1046825 47597 1.4 17 12 3 13 76%  99 1218 88 160%
c
c seconds   switched      rate           size/glue  tier1    binary     remaining
c        MB   reductions     conflicts         size   tier2    irredundant
c         level     restarts        redundant     glue    trail     variables
c
c v 21.04 54 16 35 135 34061 1 1046825 47180 1.4 17 12 3 13 76%  99 1218 88 160%
c w 21.07 54 16 35 135 34061 1 1046825 47016 1.4 17 12 3 13 76%  99 1218 88 160%
c x 21.09 54 16 35 135 34061 1 1046825 46998 1.4 17 12 3 13 76%  99 1179 88 160%
c - 21.21 57 16 35 136 34065 1 1052341 41961 1.4 17 12 3 13 76%  99 1179 88 160%
c - 21.44 57 16 35 137 34067 1 1064004 42656 1.4 17 12 3 13 76%  99 1179 88 160%
c - 21.65 57 15 35 138 34073 1 1075711 44305 1.4 17 12 3 13 76% 100 1179 88 160%
c ] 21.83 57 15 36 138 34080 1 1084484 51039 1.4 17 12 3 13 76% 101 1179 88 160%
c { 21.83 57 15 36 138 34080 2 1084484 51039 1.5 16 11 3 9 75% 101 1179 88 160%
c - 21.90 57 15 36 139 34101 2 1087460 44588 1.5 16 11 3 10 75% 101 1179 88 160%
c - 22.14 57 14 36 140 34109 2 1099249 45389 1.5 16 11 3 9 75% 102 1179 88 160%
c i 22.22 57 14 36 140 34109 2 1102979 47724 1.5 16 11 3 9 75% 116 1179 87 158%
c - 22.39 57 14 36 141 34133 2 1111081 35251 1.5 15 10 3 9 75%  99 1178 87 158%
c - 22.59 57 14 36 142 34133 2 1122957 40669 1.5 15 10 3 9 76%  99 1178 87 158%
c - 22.81 57 13 36 143 34220 2 1134874 44190 1.5 15 10 3 9 76% 100 1178 87 158%
c - 23.07 57 13 36 144 34253 1 1146832 45532 1.5 15 10 3 9 76% 101 1178 87 158%
c - 23.35 57 13 36 145 34560 1 1158832 46734 1.5 14 10 3 9 76% 102 1178 87 158%
c } 23.38 57 13 37 145 34560 1 1160041 47722 1.5 14 9 3 9 76% 102 1178 87 158%
c [ 23.38 57 15 37 145 34560 1 1160041 47722 1.4 17 12 3 13 76% 102 1178 87 158%
c B 23.38 57 15 37 145 34560 1 1160041 47722 1.4 17 12 3 13 76% 102 1178 87 158%
c u 23.58 61 15 37 145 34565 1 1166931 52236 1.4 16 11 3 13 76% 102 1133 87 158%
c
c seconds   switched      rate           size/glue  tier1    binary     remaining
c        MB   reductions     conflicts         size   tier2    irredundant
c         level     restarts        redundant     glue    trail     variables
c
c v 23.66 62 15 37 145 34565 1 1166931 52131 1.4 16 11 3 13 76% 102 1133 87 158%
c w 23.69 62 15 37 145 34565 1 1166931 52085 1.4 16 11 3 13 76% 102 1133 87 158%
c - 24.23 63 15 37 146 34566 1 1170874 46479 1.4 16 11 3 13 76% 103 1133 87 158%
c - 24.51 63 15 37 147 34573 1 1182958 46445 1.4 16 11 3 13 76% 103 1133 87 158%
c i 24.66 63 15 37 147 34574 1 1189802 51268 1.5 16 11 3 13 76% 111 1133 86 156%
c o 24.66 63 15 37 147 34574 1 1189802 51268 1.5 16 11 3 13 76% 111 1133 86 156%
c - 24.77 63 14 37 148 34577 1 1195083 36607 1.5 16 11 3 13 76% 104 1092 86 156%
c - 25.00 63 14 37 149 34583 1 1207248 39998 1.4 16 11 3 12 76% 105 1092 86 156%
c - 25.26 63 14 37 150 34589 1 1219454 42716 1.4 16 11 3 12 76% 106 1092 86 156%
c i 25.34 63 14 37 150 34589 1 1223402 45315 1.4 15 11 3 12 76% 111 1092 84 153%
c ] 25.43 63 14 38 150 34590 1 1227796 48555 1.4 15 11 3 12 76% 111 1092 84 153%
c { 25.43 63 13 38 150 34590 1 1227796 48555 1.5 14 9 3 9 76% 111 1092 84 153%
c - 25.51 63 13 38 151 34590 1 1231701 33941 1.5 14 9 3 9 76% 106 1092 84 153%
c i 25.56 63 12 38 151 34590 1 1234467 35730 1.5 14 9 3 9 76% 116 1092 80 145%
c i 25.62 63 12 38 151 34590 1 1236989 37531 1.5 14 9 3 9 76% 129 1092 79 144%
c i 25.63 63 12 38 151 34590 1 1237626 37961 1.5 14 9 3 9 76% 139 1092 78 142%
c i 25.65 63 12 38 151 34590 1 1238451 38418 1.5 14 9 3 9 76% 151 1092 77 140%
c i 25.67 63 12 38 151 34590 1 1239560 39249 1.5 14 9 3 9 76% 162 1092 76 138%
c i 25.67 63 12 38 151 34590 1 1239764 39361 1.5 14 9 3 9 76% 171 1092 75 136%
c i 25.67 63 12 38 151 34590 1 1239776 39366 1.5 14 9 3 9 76% 174 1092 74 135%
c
c seconds   switched      rate           size/glue tier1   binary     remaining
c        MB   reductions     conflicts         size  tier2   irredundant
c         level     restarts        redundant    glue   trail     variables
c
c i 25.68 63 12 38 151 34590 1 1240098 39554 1.5 14 9 3 9 76% 182 1092 73 133%
c i 25.68 63 12 38 151 34590 1 1240293 39682 1.5 14 9 3 9 76% 188 1092 71 129%
c i 25.69 63 12 38 151 34590 1 1240340 39693 1.5 14 9 3 9 76% 197 1091 70 127%
c i 25.69 63 12 38 151 34590 1 1240410 39724 1.5 14 9 3 9 76% 201 1091 67 122%
c i 25.69 63 12 38 151 34590 1 1240438 39731 1.5 14 9 3 9 76% 206 1091 66 120%
c } 25.69 63 12 38 151 34590 1 1240454 39735 1.5 14 9 3 9 76% 211 1091 40 73%
c 0 25.69 63 12 38 151 34590 1 1240454 39735 1.5 14 9 3 9 76% 211 1091 40 73%
c
c ---- [ result ] ------------------------------------------------------------
c
s UNSATISFIABLE
c
c ---- [ profiling ] ---------------------------------------------------------
c
c          23.32   90.79 %  search
c          11.97   46.59 %  focused
c          11.35   44.20 %  stable
c           2.35    9.15 %  simplify
c           2.31    9.01 %  probe
c           1.36    5.29 %  vivify
c           0.90    3.51 %  sweep
c           0.33    1.28 %  reduce
c           0.04    0.15 %  walking
c           0.04    0.15 %  substitute
c           0.01    0.05 %  preprocess
c           0.01    0.05 %  eliminate
c           0.01    0.05 %  factor
c           0.00    0.01 %  congruence
c           0.00    0.01 %  subsume
c           0.00    0.00 %  transitive
c           0.00    0.00 %  parse
c           0.00    0.00 %  backbone
c           0.00    0.00 %  lucky
c =============================================
c          25.69  100.00 %  total
c
c ---- [ statistics ] --------------------------------------------------------
c
c conflicts:                          1240454            48286.88 per second
c decisions:                          1716587                1.38 per conflict
c eliminated:                              44               80 %  variables
c factored:                                77              140 %  variables
c iterations:                              16               29 %  variables
c propagations:                      24231480           943253    per second
c reductions:                             151             8215    interval
c reordered:                               15            82697    interval
c rephased:                                25            49618    interval
c restarts:                             34590               36    interval
c subsumed:                                 5                0 %  checks
c switched:                                38            32644    interval
c vivified:                             19106               52 %  checks
c walks:                                    8           155057    interval
c
c ---- [ glue usage ] --------------------------------------------------------
c
c focused glue 3   used 444797 clauses 16.26% accumulated 64.66% tier1
c focused glue 4   used 205088 clauses  7.50% accumulated 72.16%
c focused glue 5-7 used 349112 clauses 12.76% accumulated 84.92%
c focused glue 8   used  90545 clauses  3.31% accumulated 88.23%
c focused glue 9   used  76689 clauses  2.80% accumulated 91.04% tier2
c
c stable glue 3    used 503390 clauses 13.73% accumulated 55.18% tier1
c stable glue 4    used 263442 clauses  7.18% accumulated 62.36%
c stable glue 5-10 used 839570 clauses 22.89% accumulated 85.26%
c stable glue 11   used  96117 clauses  2.62% accumulated 87.88%
c stable glue 12   used  88436 clauses  2.41% accumulated 90.29% tier2
c
c ---- [ resources ] ---------------------------------------------------------
c
c maximum-resident-set-size:      67343745024 bytes      64224 MB
c process-time:                            26s              25.69 seconds
c
c ---- [ shutting down ] -----------------------------------------------------
c
c exit 20
