c ---- [ banner ] ------------------------------------------------------------
c
c Kissat SAT Solver
c 
c Copyright (c) 2021-2024 Armin Biere University of Freiburg
c Copyright (c) 2019-2021 Armin Biere Johannes Kepler University Linz
c 
c Version 4.0.4 8af8e56f174b778aef3aa45af9f739b2a5f492c2
c Apple clang version 17.0.0 (clang-1700.6.3.2) -W -Wall -O3 -DNDEBUG
c Mon Mar 30 18:25:47 CEST 2026 Darwin Mac 24.6.0 arm64
c
c ---- [ parsing ] -----------------------------------------------------------
c
c opened and reading DIMACS file:
c
c   tmp.cnf
c
c parsed 'p cnf 66 9504' header
c closing input after reading 205502 bytes (201 KB)
c finished parsing after 0.00 seconds
c
c ---- [ solving ] -----------------------------------------------------------
c
c seconds switched rate     size/glue tier1 binary     remaining
c        MB reductions conflicts size  tier2  irredundant
c         level restarts redundant glue  trail     variables
c
c *  0.00  3 0 0 0  0 0   0   0 0.0 0 0 0 0 0%   0 9504 66 100%
c (  0.00  4 0 0 0  0 0   0   0 0.0 0 0 0 0 0%   0 9504 66 100%
c .  0.00  4 0 0 0  0 0   0   0 0.0 0 0 0 0 0%   0 9504 66 100%
c f  0.04  4 0 0 0  0 0   0   0 0.0 0 0 0 0 0% 123 5186 127 192%
c )  0.04  4 0 0 0  0 0   0   0 0.0 0 0 0 0 0% 123 5186 127 192%
c {  0.04  4 0 0 0  0 0   0   0 0.0 0 0 2 6 0% 123 5186 127 192%
c -  0.05  4 18 0 1 32 2 1000 616 1.6 15 10 7 13 69% 123 5186 127 192%
c }  0.05  4 18 1 1 32 2 1000 616 1.6 15 10 7 13 69% 123 5186 127 192%
c [  0.05  4 0 1 1 32 0 1000 616 0.0 0 0 2 6 0% 123 5186 127 192%
c B  0.05  4 17 1 1 32 4 1001 617 1.7 15 9 2 6 78% 123 5186 127 192%
c ]  0.05  4 20 2 1 32 1 1955 1464 1.6 19 12 8 16 73% 123 5186 127 192%
c {  0.05  4 18 2 1 32 2 1955 1464 1.6 15 10 7 13 69% 123 5186 127 192%
c -  0.05  4 18 2 2 32 2 2000 1449 1.6 15 10 7 13 69% 123 5186 127 192%
c }  0.06  4 17 3 2 49 2 2956 2275 1.5 15 10 7 13 67% 123 5186 127 192%
c [  0.06  4 20 3 2 49 1 2956 2275 1.6 19 12 8 16 73% 123 5186 127 192%
c W  0.06  4 20 3 2 49 1 2956 2275 1.6 19 12 8 16 73% 123 5186 127 192%
c u  0.06  4 21 3 2 49 1 3231 2504 1.5 20 13 8 16 74% 123 5186 127 192%
c v  0.06  4 21 3 2 49 1 3231 2488 1.5 20 13 8 16 74% 123 5186 127 192%
c w  0.06  4 21 3 2 49 1 3231 2479 1.5 20 13 8 16 74% 123 5186 127 192%
c f  0.07  4 21 3 2 49 1 3231 2479 1.5 20 13 8 16 74% 163 5026 145 220%
c
c seconds  switched rate       size/glue  tier1    binary      remaining
c        MB reductions conflicts     size   tier2    irredundant
c         level restarts  redundant     glue    trail      variables
c
c u  0.07  4 21 3 2 49 1 3231 2408 1.5 20 13 8 16 74% 163 5026 145 220%
c v  0.07  4 21 3 2 49 1 3231 2397 1.5 20 13 8 16 74% 163 5026 145 220%
c w  0.08  4 21 3 2 49 1 3231 2369 1.5 20 13 8 16 74% 163 5026 145 220%
c f  0.09  5 21 3 2 49 1 3231 2369 1.5 20 13 8 16 74% 170 4988 151 229%
c -  0.09  5 22 3 3 49 1 3415 2313 1.5 19 13 8 17 74% 170 4988 151 229%
c ]  0.09  5 22 4 3 49 1 3768 2617 1.5 19 13 8 17 74% 171 4988 151 229%
c {  0.09  5 17 4 3 49 2 3768 2617 1.5 15 10 7 13 67% 171 4988 151 229%
c -  0.10  5 16 4 4 98 2 5147 3242 1.5 14 10 7 12 63% 173 4988 151 229%
c }  0.10  5 15 5 4 100 2 6121 4032 1.5 14 9 7 12 63% 173 4988 151 229%
c [  0.10  5 22 5 4 100 1 6121 4032 1.5 19 13 8 17 74% 173 4988 151 229%
c I  0.10  5 22 5 4 100 1 6121 4032 1.5 19 13 8 17 74% 173 4988 151 229%
c -  0.11  5 20 5 5 100 1 7148 4266 1.5 19 13 8 16 74% 174 4988 151 229%
c ]  0.11  5 20 6 5 101 1 7737 4799 1.5 18 12 8 16 73% 174 4988 151 229%
c {  0.11  5 15 6 5 101 2 7737 4799 1.5 14 9 7 12 63% 174 4988 151 229%
c -  0.13  5 15 6 6 134 1 9384 5462 1.6 14 9 7 12 66% 175 4988 151 229%
c u  0.13  5 15 6 6 134 1 9984 5989 1.6 14 9 7 12 66% 175 4988 151 229%
c v  0.14  5 15 6 6 134 1 9984 5983 1.6 14 9 7 12 66% 175 4988 151 229%
c w  0.14  5 15 6 6 134 1 9984 5983 1.6 14 9 7 12 66% 175 4988 151 229%
c o  0.15  5 14 6 6 136 1 11287 7192 1.7 15 9 7 12 67% 176 4988 151 229%
c }  0.16  6 14 7 6 145 1 11806 7692 1.7 15 9 7 12 68% 179 4988 151 229%
c
c seconds  switched  rate        size/glue  tier1    binary      remaining
c        MB reductions conflicts       size   tier2    irredundant
c         level restarts    redundant     glue    trail      variables
c
c [  0.16  6 20 7 6 145 1 11806 7692 1.5 18 12 8 16 73% 179 4988 151 229%
c B  0.16  6 20 7 6 145 1 11806 7692 1.5 18 12 8 16 73% 179 4988 151 229%
c -  0.16  6 20 7 7 145 1 11833 6728 1.5 18 12 8 16 73% 179 4988 151 229%
c -  0.18  7 19 7 8 147 1 14478 7676 1.5 18 12 8 15 72% 181 4988 151 229%
c ]  0.19  7 19 8 8 147 1 15628 8668 1.5 19 13 8 15 71% 181 4988 151 229%
c {  0.19  7 14 8 8 147 1 15628 8668 1.7 15 9 7 12 68% 181 4988 151 229%
c s  0.20  7 15 8 8 272 2 16152 9143 1.7 15 9 7 12 68% 182 4472 151 229%
c e  0.20  7 15 8 8 272 2 16152 9143 1.7 15 9 7 12 68% 156 4482 127 192%
c ^  0.20  7 15 8 8 272 2 16152 9143 1.7 15 9 7 12 68% 156 4482 127 192%
c -  0.22  8 15 8 9 435 2 17306 7928 1.7 15 9 6 11 68% 156 4482 127 192%
c -  0.25  8 15 8 10 753 2 20306 8982 1.7 15 9 6 11 69% 158 4482 127 192%
c u  0.26  8 15 8 10 763 2 20464 9074 1.7 15 9 6 11 69% 158 4482 127 192%
c v  0.26  8 15 8 10 763 2 20464 9054 1.7 15 9 6 11 69% 158 4482 127 192%
c w  0.26  8 15 8 10 763 2 20464 9053 1.7 15 9 6 11 69% 158 4482 127 192%
c o  0.27  8 15 8 10 824 2 21365 9846 1.7 15 9 6 11 69% 159 4482 127 192%
c }  0.28  8 16 9 10 884 2 21787 10252 1.7 15 9 6 11 69% 161 4482 127 192%
c [  0.28  8 19 9 10 884 1 21787 10252 1.5 19 13 8 15 71% 161 4482 127 192%
c W  0.28  8 19 9 10 884 1 21787 10252 1.5 19 13 8 15 71% 161 4482 127 192%
c -  0.29  9 20 9 11 885 1 23468 9697 1.5 19 13 7 16 73% 161 4482 127 192%
c -  0.32  9 20 9 12 887 1 26785 10464 1.5 20 14 7 17 73% 161 4482 127 192%
c
c seconds  switched   rate         size/glue  tier1    binary      remaining
c        MB  reductions conflicts        size   tier2    irredundant
c         level  restarts     redundant     glue    trail      variables
c
c O  0.34 10 21 9 12 889 1 29316 12735 1.4 20 14 7 17 73% 161 4482 127 192%
c -  0.35 10 21 9 13 890 1 30250 11307 1.4 20 14 7 17 73% 161 4482 127 192%
c ]  0.36 10 20 10 13 890 1 32223 13092 1.4 20 14 7 17 73% 162 4482 127 192%
c {  0.36 10 16 10 13 890 2 32223 13092 1.7 15 9 6 11 69% 162 4482 127 192%
c s  0.37 10 16 10 13 931 2 32648 13481 1.7 15 9 6 11 69% 162 4481 127 192%
c e  0.37 10 16 10 13 931 2 32648 13481 1.7 15 9 6 11 69% 160 4485 125 189%
c ^  0.37 10 16 10 13 931 2 32648 13481 1.7 15 9 6 11 69% 160 4485 125 189%
c -  0.38 10 15 10 14 995 2 33855 12258 1.7 15 9 6 11 69% 160 4485 125 189%
c u  0.40 12 15 10 14 1116 2 35145 13324 1.6 15 9 6 11 69% 163 4485 125 189%
c v  0.41 12 15 10 14 1116 2 35145 13304 1.6 15 9 6 11 69% 163 4485 125 189%
c w  0.41 12 15 10 14 1116 2 35145 13304 1.6 15 9 6 11 69% 163 4485 125 189%
c f  0.43 12 15 10 14 1116 2 35145 13304 1.6 15 9 6 11 69% 165 4477 127 192%
c u  0.43 13 15 10 14 1116 2 35145 13276 1.6 15 9 6 11 69% 165 4477 127 192%
c v  0.44 14 15 10 14 1116 2 35145 13271 1.6 15 9 6 11 69% 165 4477 127 192%
c w  0.44 14 15 10 14 1116 2 35145 13264 1.6 15 9 6 11 69% 165 4477 127 192%
c -  0.48 14 16 10 15 1358 2 37598 12443 1.6 15 9 5 11 69% 170 4477 127 192%
c }  0.52 14 16 11 15 1635 2 40850 15279 1.6 14 9 5 11 69% 175 4477 127 192%
c [  0.52 14 20 11 15 1635 1 40850 15279 1.4 20 14 7 17 73% 175 4477 127 192%
c B  0.52 14 20 11 15 1635 1 40850 15279 1.4 20 14 7 17 73% 175 4477 127 192%
c -  0.53 15 20 11 16 1635 1 41470 12906 1.4 20 14 7 17 73% 175 4477 127 192%
c
c seconds   switched    rate         size/glue  tier1    binary      remaining
c        MB   reductions  conflicts        size   tier2    irredundant
c         level    restarts     redundant     glue    trail      variables
c
c -  0.56 15 20 11 17 1638 1 45470 13059 1.4 20 14 7 16 73% 175 4477 127 192%
c -  0.60 15 20 11 18 1641 1 49595 13375 1.4 19 14 7 16 74% 175 4477 127 192%
c W  0.63 16 20 11 18 1641 1 53074 16358 1.4 19 14 7 16 74% 175 4477 127 192%
c o  0.63 16 20 11 18 1641 1 53074 16358 1.4 19 14 7 16 74% 175 4477 127 192%
c -  0.64 16 20 11 19 1642 1 53837 13863 1.4 19 14 7 16 74% 175 4477 127 192%
c u  0.64 16 20 11 19 1642 1 54048 13977 1.4 19 14 7 16 74% 175 4477 127 192%
c v  0.65 17 20 11 19 1642 1 54048 13940 1.4 19 14 7 16 74% 175 4477 127 192%
c w  0.66 17 20 11 19 1642 1 54048 13935 1.4 19 14 7 16 74% 175 4477 127 192%
c ]  0.67 17 20 12 19 1644 1 55455 15103 1.4 20 14 7 16 74% 175 4477 127 192%
c {  0.67 17 16 12 19 1644 2 55455 15103 1.6 14 9 5 11 69% 175 4477 127 192%
c -  0.71 17 16 12 20 1889 2 58196 14540 1.6 15 9 5 11 70% 178 4477 127 192%
c -  0.78 17 16 12 21 2235 2 62668 15471 1.6 15 9 5 11 70% 182 4477 127 192%
c }  0.85 17 16 13 21 2694 2 66936 19346 1.6 15 9 5 11 70% 186 4477 127 192%
c [  0.85 17 20 13 21 2694 1 66936 19346 1.4 20 14 7 16 74% 186 4477 127 192%
c -  0.85 17 20 13 22 2694 1 67250 16741 1.4 19 14 7 16 74% 186 4477 127 192%
c I  0.86 17 20 13 22 2695 1 67978 17352 1.4 19 14 7 16 74% 186 4477 127 192%
c e  0.87 17 20 13 22 2695 1 68403 17732 1.4 19 14 7 16 74% 185 4477 126 191%
c s  0.87 17 20 13 22 2695 1 68403 17732 1.4 19 14 7 16 74% 185 4474 126 191%
c ^  0.87 17 20 13 22 2695 1 68403 17732 1.4 19 14 7 16 74% 185 4474 126 191%
c -  0.91 17 19 13 23 2697 1 71940 17074 1.4 19 14 7 16 74% 185 4474 126 191%
c
c seconds   switched    rate         size/glue  tier1    binary      remaining
c        MB   reductions  conflicts        size   tier2    irredundant
c         level    restarts     redundant     glue    trail      variables
c
c -  0.96 17 19 13 24 2700 1 76735 17487 1.4 19 13 6 16 74% 185 4474 126 191%
c u  0.98 17 19 13 24 2700 1 77297 17844 1.4 19 13 6 16 74% 185 4474 126 191%
c v  0.99 17 19 13 24 2700 1 77297 17735 1.4 19 13 6 16 74% 185 4474 126 191%
c w  0.99 17 19 13 24 2700 1 77297 17312 1.4 19 13 6 16 74% 185 4474 126 191%
c -  1.04 18 19 13 25 2703 1 81634 16978 1.4 19 13 6 15 74% 185 4474 126 191%
c ]  1.05 18 19 14 25 2703 1 82657 17882 1.4 19 13 6 15 74% 185 4474 126 191%
c {  1.05 18 16 14 25 2703 2 82657 17882 1.6 15 9 5 11 70% 185 4474 126 191%
c o  1.06 18 16 14 25 2720 2 83116 18271 1.6 15 9 5 11 70% 185 4474 126 191%
c -  1.11 18 16 14 26 3052 2 86634 18356 1.6 15 9 5 11 70% 185 4474 126 191%
c -  1.19 18 16 14 27 3449 2 91736 18214 1.6 15 9 4 11 71% 188 4474 126 191%
c -  1.28 18 16 14 28 4001 2 96932 18441 1.6 15 9 4 10 70% 190 4474 126 191%
c }  1.29 18 16 15 28 4017 2 97372 18838 1.6 15 9 4 10 70% 190 4474 126 191%
c [  1.29 18 19 15 28 4017 1 97372 18838 1.4 19 13 6 15 74% 190 4474 126 191%
c B  1.29 18 19 15 28 4017 1 97372 18838 1.4 19 13 6 15 74% 190 4474 126 191%
c -  1.34 18 19 15 29 4020 1 102229 18196 1.4 19 13 6 15 74% 190 4474 126 191%
c u  1.39 20 19 15 29 4022 1 105058 20321 1.4 19 13 6 15 74% 190 4474 126 191%
c v  1.40 20 19 15 29 4022 1 105058 20212 1.4 19 13 6 15 74% 190 4474 126 191%
c w  1.41 20 19 15 29 4022 1 105058 19436 1.4 19 13 6 15 74% 190 4474 126 191%
c -  1.45 20 19 15 30 4023 1 107614 16960 1.4 19 13 6 15 74% 190 4474 126 191%
c -  1.50 20 19 15 31 4026 1 113093 17519 1.4 19 13 6 15 74% 192 4474 126 191%
c
c seconds   switched    rate          size/glue  tier1    binary      remaining
c        MB   reductions  conflicts         size   tier2    irredundant
c         level    restarts      redundant     glue    trail      variables
c
c W  1.56 21 19 15 31 4030 1 118285 21795 1.4 19 13 6 15 73% 192 4474 126 191%
c -  1.56 21 19 15 32 4030 1 118660 17888 1.4 19 13 6 15 73% 192 4474 126 191%
c ]  1.56 21 19 16 32 4030 1 118749 17973 1.4 19 13 6 15 73% 192 4474 126 191%
c {  1.56 21 16 16 32 4030 2 118749 17973 1.6 15 9 4 10 70% 192 4474 126 191%
c o  1.63 21 16 16 32 4395 2 123123 21775 1.6 15 9 4 10 71% 194 4474 126 191%
c -  1.65 21 15 16 33 4452 2 124316 18944 1.6 14 9 4 10 71% 194 4474 126 191%
c s  1.66 21 15 16 33 4452 2 125968 20157 1.6 14 9 4 10 71% 195 4472 126 191%
c e  1.67 21 15 16 33 4452 2 125968 20157 1.6 14 9 4 10 71% 191 4484 124 188%
c s  1.67 21 15 16 33 4452 2 125968 20157 1.6 14 9 4 10 71% 191 4482 124 188%
c ^  1.67 21 15 16 33 4452 2 125968 20157 1.6 14 9 4 10 71% 191 4482 124 188%
c -  1.73 21 15 16 34 4837 2 130060 19038 1.6 14 9 4 10 71% 191 4482 124 188%
c -  1.82 21 15 16 35 5342 2 135890 20564 1.6 14 9 4 10 71% 194 4482 124 188%
c }  1.84 21 15 17 35 5473 2 137086 21615 1.5 14 9 4 10 71% 194 4482 124 188%
c [  1.84 21 19 17 35 5473 1 137086 21615 1.4 19 13 6 15 73% 194 4482 124 188%
c u  1.85 21 19 17 35 5473 1 137496 21806 1.4 19 13 6 15 73% 194 4482 124 188%
c v  1.86 23 19 17 35 5473 1 137496 21682 1.4 19 13 6 15 73% 194 4482 124 188%
c w  1.87 23 19 17 35 5473 1 137496 21679 1.4 19 13 6 15 73% 194 4482 124 188%
c x  1.88 23 19 17 35 5473 1 137496 21678 1.4 19 13 6 15 73% 194 4481 124 188%
c -  1.93 24 19 17 36 5476 1 141807 20919 1.4 19 13 6 15 73% 195 4481 124 188%
c O  1.93 24 19 17 36 5477 1 142511 21491 1.4 19 13 6 15 73% 195 4481 124 188%
c
c seconds   switched    rate          size/glue  tier1    binary      remaining
c        MB   reductions  conflicts         size   tier2    irredundant
c         level    restarts      redundant     glue    trail      variables
c
c -  1.99 24 18 17 37 5479 1 147807 21296 1.4 18 13 6 15 73% 195 4481 124 188%
c -  2.06 24 18 17 38 5483 1 153889 22113 1.4 18 13 6 15 73% 195 4481 124 188%
c -  2.12 25 18 17 39 5486 1 160054 22606 1.4 18 13 6 14 73% 196 4481 124 188%
c ]  2.15 25 18 18 39 5487 1 162993 25150 1.4 18 13 6 14 73% 196 4481 124 188%
c {  2.15 25 15 18 39 5487 2 162993 25150 1.5 14 9 4 10 71% 196 4481 124 188%
c -  2.22 25 15 18 40 5770 2 166298 23247 1.5 14 9 4 10 71% 196 4481 124 188%
c -  2.31 25 15 18 41 6065 2 172624 23613 1.5 14 9 4 10 71% 196 4481 124 188%
c o  2.33 25 15 18 41 6132 2 173663 24475 1.5 14 9 4 10 71% 196 4481 124 188%
c u  2.36 25 15 18 41 6150 2 174700 25205 1.5 14 9 4 10 71% 196 4481 124 188%
c v  2.37 25 15 18 41 6150 2 174700 25003 1.5 14 9 4 10 71% 200 4481 124 188%
c w  2.38 25 15 18 41 6150 2 174700 24964 1.5 14 9 4 10 71% 200 4481 124 188%
c t  2.38 25 15 18 41 6150 2 174700 24964 1.5 14 9 4 10 71% 196 4481 124 188%
c -  2.46 25 15 18 42 6464 2 179027 24308 1.5 14 9 4 10 71% 197 4481 124 188%
c }  2.57 25 15 19 42 6920 2 185338 29731 1.5 14 9 4 10 71% 198 4481 124 188%
c [  2.57 25 18 19 42 6920 1 185338 29731 1.4 18 13 6 14 73% 198 4481 124 188%
c B  2.57 25 18 19 42 6920 1 185338 29731 1.4 18 13 6 14 73% 198 4481 124 188%
c -  2.57 25 18 19 43 6920 1 185509 25288 1.4 18 13 6 14 73% 198 4481 124 188%
c -  2.65 25 18 19 44 6925 1 192066 24795 1.4 18 13 6 14 73% 198 4481 124 188%
c -  2.72 25 18 19 45 6927 1 198699 24307 1.4 18 13 6 14 73% 198 4481 124 188%
c -  2.81 25 17 19 46 6932 1 205407 25525 1.4 18 13 6 14 73% 198 4481 124 188%
c
c seconds   switched    rate          size/glue  tier1    binary      remaining
c        MB   reductions  conflicts         size   tier2    irredundant
c         level    restarts      redundant     glue    trail      variables
c
c e  2.84 25 17 19 46 6933 1 207726 27585 1.4 18 13 6 14 73% 184 4553 116 176%
c s  2.84 25 17 19 46 6933 1 207726 27585 1.4 18 13 6 14 73% 184 4550 116 176%
c ^  2.84 25 17 19 46 6933 1 207726 27585 1.4 18 13 6 14 73% 184 4550 116 176%
c -  2.89 25 17 19 47 6934 1 212189 20237 1.4 18 13 6 14 73% 184 4550 116 176%
c W  2.94 25 18 19 47 6934 1 216788 24145 1.4 18 13 6 14 73% 184 4550 116 176%
c u  2.96 28 18 19 47 6934 1 216810 23860 1.4 18 13 6 14 73% 184 4550 116 176%
c v  2.97 28 18 19 47 6934 1 216810 23632 1.4 18 13 6 14 73% 184 4550 116 176%
c w  2.98 28 18 19 47 6934 1 216810 23464 1.4 18 13 6 14 73% 184 4550 116 176%
c -  3.01 28 18 19 48 6935 1 219046 19740 1.4 18 13 6 14 73% 184 4550 116 176%
c ]  3.02 28 18 20 48 6937 1 220980 21430 1.4 18 13 6 14 73% 184 4550 116 176%
c {  3.02 28 15 20 48 6937 2 220980 21430 1.5 14 9 4 10 71% 184 4550 116 176%
c -  3.09 28 14 20 49 7063 2 225975 20860 1.5 14 9 4 10 71% 184 4550 116 176%
c -  3.19 28 14 20 50 7434 2 232975 22979 1.5 14 9 4 10 71% 185 4550 116 176%
c i  3.22 28 14 20 50 7434 2 236565 25500 1.5 14 9 4 10 71% 192 4550 115 174%
c o  3.22 28 14 20 50 7434 2 236565 25500 1.5 14 9 4 10 71% 192 4550 115 174%
c -  3.30 28 14 20 51 8015 2 240047 21976 1.5 14 9 4 10 71% 177 4550 115 174%
c i  3.36 28 14 20 51 8015 2 246236 26382 1.5 13 9 4 10 71% 184 4550 114 173%
c -  3.38 28 14 20 52 8090 2 247188 18349 1.5 13 9 4 10 72% 169 4550 114 173%
c }  3.39 28 14 21 52 8181 2 247720 18830 1.5 13 9 4 10 72% 169 4550 114 173%
c [  3.39 28 18 21 52 8181 1 247720 18830 1.4 18 13 6 14 73% 169 4550 114 173%
c
c seconds   switched    rate          size/glue  tier1    binary      remaining
c        MB   reductions  conflicts         size   tier2    irredundant
c         level    restarts      redundant     glue    trail      variables
c
c I  3.44 28 18 21 52 8184 1 252139 22412 1.4 18 13 6 14 73% 169 4550 114 173%
c -  3.46 28 18 21 53 8186 1 254399 20398 1.4 18 13 6 14 73% 169 4550 114 173%
c -  3.55 28 18 21 54 8189 1 261680 22669 1.4 18 13 6 14 74% 169 4550 114 173%
c u  3.59 28 18 21 54 8190 1 263871 24179 1.4 18 13 6 14 74% 169 4550 114 173%
c v  3.60 28 18 21 54 8190 1 263871 24092 1.4 18 13 6 14 74% 169 4550 114 173%
c w  3.61 28 18 21 54 8190 1 263871 23623 1.4 18 13 6 14 74% 169 4550 114 173%
c -  3.67 28 18 21 55 8194 1 269028 21576 1.4 18 13 6 14 74% 170 4550 114 173%
c -  3.76 28 18 21 56 8195 1 276445 22122 1.4 19 13 6 14 74% 170 4550 114 173%
c ]  3.79 28 18 22 56 8195 1 278901 24103 1.4 19 13 6 14 74% 170 4550 114 173%
c {  3.79 28 14 22 56 8195 2 278901 24103 1.5 13 9 4 10 72% 170 4550 114 173%
c -  3.86 29 13 22 57 8276 2 283928 22058 1.5 13 9 3 10 72% 171 4550 114 173%
c -  3.97 29 13 22 58 8338 2 291478 23817 1.5 13 9 3 10 72% 171 4550 114 173%
c -  4.09 29 13 22 59 8413 2 299093 25007 1.6 13 9 3 9 72% 171 4550 114 173%
c -  4.21 29 13 22 60 8502 2 306775 26206 1.6 13 8 3 9 72% 172 4550 114 173%
c }  4.26 29 13 23 60 8512 2 310417 29137 1.6 13 8 3 9 72% 172 4550 114 173%
c [  4.26 29 18 23 60 8512 1 310417 29137 1.4 19 13 6 14 74% 172 4550 114 173%
c B  4.26 29 18 23 60 8512 1 310417 29137 1.4 19 13 6 14 74% 172 4550 114 173%
c o  4.26 30 18 23 60 8512 1 310417 29137 1.4 19 13 6 14 74% 172 4550 114 173%
c -  4.31 30 19 23 61 8514 1 314520 25869 1.4 19 13 6 14 74% 172 4550 114 173%
c e  4.33 30 19 23 61 8516 1 315725 26883 1.4 19 13 6 14 74%  67 4902 93 141%
c
c seconds   switched    rate          size/glue  tier1    binary     remaining
c        MB   reductions  conflicts         size   tier2    irredundant
c         level    restarts      redundant     glue    trail     variables
c
c !  4.33 30 19 23 61 8516 1 315725 26883 1.4 19 13 6 14 74%  67 4902 93 141%
c u  4.35 32 19 23 61 8516 1 316056 13158 1.4 19 13 6 14 74%  67 4902 93 141%
c v  4.37 32 19 23 61 8516 1 316056 12479 1.4 19 13 6 14 74%  67 4902 93 141%
c w  4.38 32 19 23 61 8516 1 316056 12326 1.4 19 13 6 14 74%  67 4902 93 141%
c f  4.45 33 19 23 61 8516 1 316056 12326 1.4 19 13 6 14 74%  79 4786 99 150%
c u  4.47 34 19 23 61 8516 1 316056 11911 1.4 19 13 6 14 74%  79 4786 99 150%
c v  4.48 34 19 23 61 8516 1 316056 11840 1.4 19 13 6 14 74%  79 4786 99 150%
c w  4.49 34 19 23 61 8516 1 316056 11828 1.4 19 13 6 14 74%  79 4786 99 150%
c x  4.50 34 19 23 61 8516 1 316056 11823 1.4 19 13 6 14 74%  79 4763 99 150%
c -  4.56 35 19 23 62 8518 1 322330 13054 1.4 19 13 6 15 73%  79 4763 99 150%
c -  4.64 35 19 23 63 8524 1 330204 16598 1.4 19 13 6 15 73%  79 4763 99 150%
c -  4.73 35 18 23 64 8526 1 338141 18202 1.4 19 13 6 14 73%  79 4763 99 150%
c -  4.81 35 19 23 65 8529 1 346141 19539 1.4 19 13 6 15 72%  79 4763 99 150%
c W  4.89 36 18 23 65 8533 1 354129 25762 1.4 18 13 6 15 72%  79 4763 99 150%
c -  4.89 37 18 23 66 8533 1 354205 19217 1.4 18 13 6 14 72%  79 4763 99 150%
c ]  4.96 37 18 24 66 8538 1 361684 25605 1.4 18 13 6 14 71%  79 4763 99 150%
c {  4.96 37 13 24 66 8538 2 361684 25605 1.6 13 8 3 9 72%  79 4763 99 150%
c -  4.98 38 13 24 67 8694 2 362329 20107 1.6 13 8 3 9 72%  79 4763 99 150%
c -  5.17 40 13 24 68 10209 2 370514 20954 1.6 13 9 3 9 72%  79 4763 99 150%
c u  5.24 40 13 24 68 10572 2 373245 22992 1.6 13 9 3 9 72%  79 4763 99 150%
c
c seconds   switched     rate          size/glue tier1   binary     remaining
c        MB   reductions   conflicts         size  tier2   irredundant
c         level    restarts       redundant    glue   trail     variables
c
c v  5.26 40 13 24 68 10572 2 373245 22791 1.6 13 9 3 9 72%  79 4763 99 150%
c w  5.27 40 13 24 68 10572 2 373245 22766 1.6 13 9 3 9 72%  79 4763 99 150%
c -  5.38 40 13 24 69 11086 2 378761 22534 1.5 13 9 3 9 71%  79 4763 99 150%
c -  5.51 40 13 24 70 11561 2 387068 23491 1.5 13 9 3 9 71%  79 4763 99 150%
c o  5.59 40 14 24 70 12101 2 390449 26533 1.5 14 9 3 9 71%  79 4763 99 150%
c -  5.70 40 14 24 71 12715 2 395435 24697 1.5 14 9 3 9 71%  79 4763 99 150%
c }  5.76 40 14 25 71 13126 2 398362 27317 1.5 14 9 3 9 71%  79 4763 99 150%
c [  5.76 40 18 25 71 13126 1 398362 27317 1.4 18 13 6 14 71%  79 4763 99 150%
c O  5.80 40 18 25 71 13128 1 402291 30653 1.4 18 13 6 14 71%  79 4763 99 150%
c -  5.82 40 18 25 72 13130 1 403862 25256 1.4 18 13 6 14 71%  79 4763 99 150%
c -  5.91 40 18 25 73 13134 1 412347 24251 1.4 18 13 5 14 71%  79 4763 99 150%
c -  6.00 40 18 25 74 13139 1 420891 23878 1.4 18 13 5 14 71%  79 4763 99 150%
c -  6.09 41 18 25 75 13140 1 429493 24565 1.4 18 13 5 14 71%  79 4763 99 150%
c u  6.20 41 18 25 75 13143 1 435707 29203 1.4 18 13 5 14 71%  79 4763 99 150%
c v  6.23 41 18 25 75 13143 1 435707 29138 1.4 18 13 5 14 71%  79 4763 99 150%
c w  6.25 42 18 25 75 13143 1 435707 29120 1.4 18 13 5 14 71%  79 4763 99 150%
c -  6.28 42 18 25 76 13146 1 438157 24540 1.4 18 13 5 14 71%  79 4763 99 150%
c -  6.38 43 18 25 77 13150 1 446874 23923 1.4 18 13 5 14 71%  79 4763 99 150%
c s  6.44 43 18 25 77 13153 1 451142 27549 1.4 18 13 5 14 71%  79 4758 99 150%
c e  6.44 43 18 25 77 13153 1 451142 27549 1.4 18 13 5 14 71%  74 4827 95 144%
c
c seconds   switched     rate          size/glue  tier1    binary     remaining
c        MB   reductions   conflicts         size   tier2    irredundant
c         level    restarts       redundant     glue    trail     variables
c
c B  6.49 43 18 25 77 13154 1 455078 27700 1.4 19 13 5 14 71%  74 4827 95 144%
c -  6.50 43 18 25 78 13154 1 455649 20099 1.4 19 13 5 14 71%  74 4827 95 144%
c -  6.59 43 18 25 79 13155 1 464480 21756 1.4 19 13 5 14 71%  74 4827 95 144%
c ]  6.59 43 18 26 79 13156 1 465196 22374 1.4 18 13 5 14 71%  74 4827 95 144%
c {  6.59 43 14 26 79 13156 2 465196 22374 1.5 14 9 3 9 71%  74 4827 95 144%
c -  6.73 43 14 26 80 13605 2 473369 23943 1.5 14 9 3 9 70%  75 4827 95 144%
c o  6.86 43 14 26 80 14154 2 480818 30466 1.5 14 9 3 9 70%  75 4827 95 144%
c -  6.88 43 14 26 81 14224 2 482313 26429 1.5 14 9 3 9 70%  75 4827 95 144%
c -  7.02 43 14 26 82 14624 2 491316 27214 1.5 14 9 3 9 70%  76 4827 95 144%
c -  7.18 43 14 26 83 15289 2 500373 28271 1.5 14 9 3 9 69%  76 4827 95 144%
c u  7.27 43 14 26 83 15626 2 503543 30367 1.5 14 9 3 9 69%  76 4827 95 144%
c v  7.30 43 14 26 83 15626 2 503543 29958 1.5 14 9 3 9 69%  76 4827 95 144%
c w  7.31 43 14 26 83 15626 2 503543 29939 1.5 14 9 3 9 69%  76 4827 95 144%
c t  7.31 43 14 26 83 15626 2 503543 29939 1.5 14 9 3 9 69%  75 4827 95 144%
c f  7.31 43 14 26 83 15626 2 503543 29939 1.5 14 9 3 9 69%  78 4790 97 147%
c u  7.34 45 14 26 83 15626 2 503543 29494 1.5 14 9 3 9 69%  78 4790 97 147%
c v  7.37 46 14 26 83 15626 2 503543 29273 1.5 14 9 3 9 69%  78 4790 97 147%
c w  7.38 46 14 26 83 15626 2 503543 29255 1.5 14 9 3 9 69%  78 4790 97 147%
c }  7.47 46 14 27 83 16120 2 507414 32675 1.5 14 9 3 9 69%  78 4790 97 147%
c [  7.47 46 18 27 83 16120 1 507414 32675 1.4 18 13 5 14 71%  78 4790 97 147%
c
c seconds   switched     rate          size/glue  tier1    binary     remaining
c        MB   reductions   conflicts         size   tier2    irredundant
c         level    restarts       redundant     glue    trail     variables
c
c -  7.50 46 18 27 84 16121 1 509483 27777 1.4 18 13 5 14 71%  78 4790 97 147%
c W  7.54 46 18 27 84 16124 1 512665 30559 1.4 18 13 5 14 71%  78 4790 97 147%
c -  7.61 46 18 27 85 16126 1 518648 27260 1.4 19 13 5 14 71%  78 4790 97 147%
c -  7.73 46 18 27 86 16132 1 527867 26761 1.4 19 13 5 14 71%  78 4790 97 147%
c -  7.84 46 18 27 87 16134 1 537140 25985 1.4 19 13 5 14 71%  78 4790 97 147%
c -  7.96 46 18 27 88 16139 1 546468 25417 1.4 19 13 5 14 71%  78 4790 97 147%
c -  8.09 46 18 27 89 16144 1 555849 25957 1.4 19 13 5 14 71%  78 4790 97 147%
c ]  8.19 46 18 28 89 16148 1 564089 32466 1.4 19 13 5 14 71%  78 4790 97 147%
c {  8.19 46 14 28 89 16148 2 564089 32466 1.5 14 9 3 9 69%  78 4790 97 147%
c -  8.22 46 14 28 90 16256 2 565282 26181 1.5 14 9 3 9 69%  78 4790 97 147%
c -  8.38 46 14 28 91 16843 2 574769 29051 1.5 14 9 3 9 69%  78 4790 97 147%
c u  8.44 49 14 28 91 17004 2 576758 30232 1.5 14 9 3 9 69%  79 4790 97 147%
c v  8.47 49 14 28 91 17004 2 576758 29704 1.5 14 9 3 9 69%  79 4790 97 147%
c w  8.48 50 14 28 91 17004 2 576758 28821 1.5 14 9 3 9 69%  79 4790 97 147%
c t  8.66 51 14 28 91 17004 2 576758 28821 1.5 14 9 3 9 69%  78 4790 97 147%
c o  8.75 51 14 28 91 17491 2 580905 32498 1.5 14 9 3 9 69%  78 4790 97 147%
c -  8.82 51 14 28 92 17729 2 584308 29557 1.5 14 9 3 9 69%  78 4790 97 147%
c -  8.99 51 14 28 93 18256 2 593899 30612 1.5 14 9 3 9 69%  79 4790 97 147%
c -  9.20 51 14 28 94 19289 2 603544 31610 1.5 14 9 3 9 68%  79 4790 97 147%
c }  9.39 51 14 29 94 20014 2 612227 38979 1.5 14 9 3 9 68%  80 4790 97 147%
c
c seconds   switched     rate          size/glue  tier1    binary     remaining
c        MB   reductions   conflicts         size   tier2    irredundant
c         level    restarts       redundant     glue    trail     variables
c
c [  9.39 51 18 29 94 20014 1 612227 38979 1.4 19 13 5 14 71%  80 4790 97 147%
c I  9.39 51 18 29 94 20014 1 612227 38979 1.4 19 13 5 14 71%  80 4790 97 147%
c -  9.40 51 18 29 95 20014 1 613239 32452 1.4 19 13 5 14 71%  80 4790 97 147%
c s  9.45 51 18 29 95 20017 1 617105 35402 1.4 18 13 5 14 71%  80 4785 97 147%
c -  9.54 51 18 29 96 20020 1 622989 31816 1.4 18 13 5 14 71%  80 4785 97 147%
c -  9.66 52 18 29 97 20026 1 632786 29860 1.4 19 13 5 14 71%  80 4785 97 147%
c -  9.79 52 18 29 98 20028 1 642634 28459 1.4 19 13 5 14 71%  80 4785 97 147%
c -  9.92 52 18 29 99 20034 1 652533 29030 1.4 19 13 5 14 71%  80 4785 97 147%
c u  9.98 52 18 29 99 20035 1 655508 31047 1.4 19 13 5 14 71%  81 4785 97 147%
c v 10.01 52 18 29 99 20035 1 655508 30583 1.4 19 13 5 14 71%  81 4785 97 147%
c w 10.02 52 18 29 99 20035 1 655508 28963 1.4 19 13 5 14 71%  81 4785 97 147%
c x 10.04 52 18 29 99 20035 1 655508 28961 1.4 19 13 5 14 71%  81 4785 97 147%
c t 10.04 52 18 29 99 20035 1 655508 28961 1.4 19 13 5 14 71%  80 4785 97 147%
c - 10.13 52 18 29 100 20039 1 662483 28550 1.4 19 13 5 14 71%  80 4785 97 147%
c - 10.28 52 18 29 101 20043 1 672483 29669 1.4 19 13 5 14 70%  80 4785 97 147%
c B 10.38 52 18 29 101 20044 1 679913 35472 1.4 18 13 5 14 70%  80 4785 97 147%
c - 10.41 52 18 29 102 20044 1 682532 31491 1.4 18 13 5 14 70%  80 4785 97 147%
c ] 10.42 52 18 30 102 20044 1 682614 31549 1.4 18 13 5 14 70%  80 4785 97 147%
c { 10.42 52 14 30 102 20044 2 682614 31549 1.5 14 9 3 9 68%  80 4785 97 147%
c o 10.59 52 14 30 102 20683 2 690908 38615 1.5 14 9 3 9 68%  80 4785 97 147%
c
c seconds   switched      rate          size/glue tier1   binary     remaining
c        MB   reductions    conflicts         size  tier2   irredundant
c         level     restarts       redundant    glue   trail     variables
c
c - 10.64 52 14 30 103 20866 2 692632 33875 1.5 14 9 3 9 68%  80 4785 97 147%
c - 10.88 52 14 30 104 21719 2 702780 35408 1.5 14 9 3 9 69%  80 4785 97 147%
c - 11.09 52 14 30 105 22185 2 712978 36599 1.5 14 9 3 9 68%  80 4785 97 147%
c - 11.27 52 14 30 106 22519 2 723224 37474 1.5 14 9 3 9 69%  83 4785 97 147%
c i 11.29 52 14 30 106 22519 2 724026 38055 1.5 14 9 3 9 69%  90 4785 96 145%
c - 11.48 52 14 30 107 22885 2 733519 36354 1.5 14 9 3 9 69%  70 4785 96 145%
c } 11.56 52 14 31 107 23110 2 737050 39308 1.5 14 9 3 9 69%  70 4785 96 145%
c [ 11.56 52 18 31 107 23110 1 737050 39308 1.4 18 13 5 14 70%  70 4785 96 145%
c u 11.64 52 18 31 107 23112 1 739867 41384 1.4 18 13 5 14 70%  71 4782 96 145%
c v 11.69 53 18 31 107 23112 1 739867 41225 1.4 18 13 5 14 70%  71 4782 96 145%
c w 11.71 53 18 31 107 23112 1 739867 41159 1.4 18 13 5 14 70%  71 4782 96 145%
c t 11.71 53 18 31 107 23112 1 739867 41159 1.4 18 13 5 14 70%  70 4782 96 145%
c - 11.77 53 18 31 108 23115 1 743863 36648 1.4 18 13 5 14 70%  70 4782 96 145%
c W 11.89 53 18 31 108 23119 1 752888 44632 1.4 19 13 5 14 70%  70 4782 96 145%
c - 11.92 56 18 31 109 23120 1 754255 35416 1.4 19 13 5 14 70%  70 4782 96 145%
c - 12.06 56 18 31 110 23124 1 764695 35791 1.4 18 13 5 14 70%  70 4782 96 145%
c - 12.20 56 18 31 111 23128 1 775183 37986 1.4 18 13 5 14 70%  70 4782 96 145%
c - 12.36 56 17 31 112 23134 1 785719 39076 1.4 18 13 5 14 69%  70 4782 96 145%
c - 12.52 56 17 31 113 23139 1 796303 39471 1.4 18 12 5 14 69%  70 4782 96 145%
c - 12.68 56 16 31 114 23140 1 806933 39544 1.4 17 12 5 14 69%  70 4782 96 145%
c
c seconds   switched      rate          size/glue  tier1    binary     remaining
c        MB   reductions    conflicts         size   tier2    irredundant
c         level     restarts       redundant     glue    trail     variables
c
c o 12.81 56 16 31 114 23140 1 815416 46339 1.4 17 12 5 14 69%  70 4782 96 145%
c ] 12.81 56 16 32 114 23140 1 815676 46556 1.4 17 12 5 14 69%  70 4782 96 145%
c { 12.81 56 14 32 114 23140 2 815676 46556 1.5 14 9 3 9 69%  70 4782 96 145%
c - 12.87 56 14 32 115 23379 2 817610 39656 1.5 14 9 3 9 69%  70 4782 96 145%
c - 13.13 56 14 32 116 24276 2 828333 40863 1.5 14 9 3 9 69%  70 4782 96 145%
c u 13.20 57 14 32 116 24282 2 829926 41399 1.5 14 9 3 9 69%  70 4782 96 145%
c v 13.24 57 14 32 116 24282 2 829926 41178 1.5 14 9 3 9 69%  70 4782 96 145%
c w 13.26 57 14 32 116 24282 2 829926 40134 1.5 14 9 3 9 69%  70 4782 96 145%
c - 13.49 57 14 32 117 24863 2 839103 40454 1.5 14 9 3 9 69%  70 4782 96 145%
c - 13.74 57 14 32 118 25692 2 849919 41620 1.5 14 9 3 9 68%  70 4782 96 145%
c - 13.98 57 14 32 119 26327 2 860781 42049 1.5 14 9 3 9 68%  70 4782 96 145%
c - 14.21 57 14 32 120 26990 2 871690 42730 1.5 14 9 3 9 68%  70 4782 96 145%
c } 14.31 57 14 33 120 27204 2 876781 46929 1.5 14 9 3 9 68%  70 4782 96 145%
c [ 14.31 57 16 33 120 27204 1 876781 46929 1.4 17 12 5 14 69%  70 4782 96 145%
c O 14.31 57 16 33 120 27204 1 876781 46929 1.4 17 12 5 14 69%  70 4782 96 145%
c - 14.41 57 16 33 121 27208 1 882644 43345 1.4 17 12 5 14 69%  70 4782 96 145%
c - 14.58 57 16 33 122 27214 1 893645 42317 1.4 17 12 5 14 68%  70 4782 96 145%
c - 14.73 57 16 33 123 27218 1 904690 40697 1.4 17 12 5 14 68%  70 4782 96 145%
c - 14.91 57 16 33 124 27223 1 915781 39408 1.4 17 12 5 13 68%  70 4782 96 145%
c u 15.11 58 16 33 124 27228 1 925717 46245 1.4 17 12 5 13 69%  70 4782 96 145%
c
c seconds   switched      rate          size/glue  tier1    binary     remaining
c        MB   reductions    conflicts         size   tier2    irredundant
c         level     restarts       redundant     glue    trail     variables
c
c v 15.15 58 16 33 124 27228 1 925717 45691 1.4 17 12 5 13 69%  71 4782 96 145%
c w 15.18 58 16 33 124 27228 1 925717 44777 1.4 17 12 5 13 69%  71 4782 96 145%
c t 15.18 58 16 33 124 27228 1 925717 44777 1.4 17 12 5 13 69%  70 4782 96 145%
c - 15.21 58 16 33 125 27229 1 926917 38704 1.4 17 12 5 13 69%  70 4782 96 145%
c - 15.35 58 17 33 126 27233 1 938098 37819 1.4 17 12 5 13 69%  70 4782 96 145%
c - 15.51 58 17 33 127 27234 1 949322 36070 1.4 18 12 5 13 69%  70 4782 96 145%
c - 15.69 58 17 33 128 27235 1 960592 37722 1.4 18 13 5 13 69%  70 4782 96 145%
c B 15.70 58 17 33 128 27236 1 960819 37873 1.4 18 13 5 13 69%  70 4782 96 145%
c o 15.70 58 17 33 128 27236 1 960819 37873 1.4 18 13 5 13 69%  70 4782 96 145%
c ] 15.79 58 17 34 128 27240 1 967593 43518 1.4 18 13 5 13 69%  70 4782 96 145%
c { 15.79 58 14 34 128 27240 2 967593 43518 1.5 14 9 3 9 68%  70 4782 96 145%
c - 15.89 58 14 34 129 27530 2 971905 40226 1.5 14 9 3 9 68%  70 4782 96 145%
c - 16.15 58 14 34 130 28256 2 983263 42469 1.5 14 9 3 9 68%  70 4782 96 145%
c - 16.41 58 14 34 131 28933 2 994664 45297 1.5 14 9 3 9 68%  70 4782 96 145%
c - 16.67 58 14 34 132 29460 2 1006109 46634 1.5 14 9 3 9 68%  70 4782 96 145%
c - 16.99 58 13 34 133 30109 2 1017600 47561 1.5 14 9 3 9 68%  70 4782 96 145%
c u 17.25 58 13 34 133 30429 2 1027308 55043 1.5 14 9 3 9 68%  70 4782 96 145%
c v 17.31 59 13 34 133 30429 2 1027308 54539 1.5 14 9 3 9 68%  71 4782 96 145%
c w 17.34 59 13 34 133 30429 2 1027308 54432 1.5 14 9 3 9 68%  71 4782 96 145%
c t 17.34 59 13 34 133 30429 2 1027308 54432 1.5 14 9 3 9 68%  70 4782 96 145%
c
c seconds   switched      rate           size/glue tier1   binary     remaining
c        MB   reductions     conflicts         size  tier2   irredundant
c         level     restarts        redundant    glue   trail     variables
c
c - 17.39 59 13 34 134 30487 2 1029132 47228 1.5 14 9 3 9 68%  70 4782 96 145%
c } 17.52 59 13 35 134 30764 2 1035740 52595 1.5 14 9 3 9 68%  70 4782 96 145%
c [ 17.52 59 17 35 134 30764 1 1035740 52595 1.4 18 13 5 13 69%  70 4782 96 145%
c - 17.58 59 17 35 135 30767 1 1040709 47253 1.4 18 13 5 13 69%  70 4782 96 145%
c W 17.73 59 17 35 135 30773 1 1050620 55238 1.4 17 12 5 13 69%  70 4782 96 145%
c - 17.76 59 17 35 136 30774 1 1052329 45608 1.4 17 12 5 13 69%  70 4782 96 145%
c - 17.95 59 17 35 137 30778 1 1063990 44568 1.4 17 12 5 13 68%  70 4782 96 145%
c - 18.14 59 16 35 138 30784 1 1075694 44125 1.4 17 12 4 13 68%  70 4782 96 145%
c - 18.30 59 17 35 139 30791 1 1087442 43629 1.4 17 12 4 13 69%  70 4782 96 145%
c - 18.48 59 16 35 140 30793 1 1099232 43309 1.4 17 12 4 13 69%  70 4782 96 145%
c - 18.66 59 16 35 141 30794 1 1111064 45303 1.4 17 12 4 13 69%  70 4782 96 145%
c - 18.84 59 16 35 142 30798 1 1122938 45049 1.4 18 12 4 13 70%  70 4782 96 145%
c u 19.07 63 17 35 142 30804 1 1134762 54467 1.4 18 12 4 13 70%  70 4782 96 145%
c v 19.13 64 17 35 142 30804 1 1134762 53791 1.4 18 12 4 13 70%  70 4782 96 145%
c w 19.15 65 17 35 142 30804 1 1134762 52695 1.4 18 12 4 13 70%  70 4782 96 145%
c o 19.16 65 17 35 142 30804 1 1134762 52695 1.4 18 12 4 13 70%  70 4782 96 145%
c - 19.16 65 17 35 143 30805 1 1134855 43296 1.4 18 12 4 13 70%  70 4782 96 145%
c ] 19.26 65 17 36 143 30808 1 1140440 48016 1.4 18 12 4 13 70%  70 4782 96 145%
c { 19.26 65 13 36 143 30808 2 1140440 48016 1.5 14 9 3 9 68%  70 4782 96 145%
c - 19.42 65 13 36 144 31114 2 1146814 44736 1.5 14 9 3 9 68%  71 4782 96 145%
c
c seconds   switched      rate           size/glue tier1   binary     remaining
c        MB   reductions     conflicts         size  tier2   irredundant
c         level     restarts        redundant    glue   trail     variables
c
c - 19.71 65 13 36 145 31876 2 1158814 47061 1.5 14 9 3 9 68%  71 4782 96 145%
c - 20.02 65 13 36 146 32537 2 1170855 49092 1.5 14 9 3 9 68%  73 4782 96 145%
c - 20.30 65 13 36 147 33237 2 1182939 50085 1.5 14 9 3 9 67%  73 4782 96 145%
c - 20.59 65 13 36 148 33750 2 1195064 50666 1.5 14 9 3 9 67%  74 4782 96 145%
c - 20.93 65 13 36 149 34733 2 1207234 51545 1.5 14 9 3 9 67%  75 4782 96 145%
c } 21.13 65 13 37 149 35025 2 1215996 58683 1.5 14 9 3 9 67%  76 4782 96 145%
c [ 21.13 65 17 37 149 35025 1 1215996 58683 1.4 18 12 4 13 70%  76 4782 96 145%
c I 21.13 65 17 37 149 35025 1 1215996 58683 1.4 18 12 4 13 70%  76 4782 96 145%
c - 21.19 65 17 37 150 35027 1 1219441 51924 1.4 18 12 4 13 69%  76 4782 96 145%
c - 21.39 65 17 37 151 35034 1 1231690 50594 1.4 18 12 4 13 69%  76 4782 96 145%
c - 21.57 65 17 37 152 35039 1 1243979 48369 1.4 18 13 4 13 69%  76 4782 96 145%
c u 21.70 65 17 37 152 35039 1 1248145 50680 1.4 18 13 4 13 69%  80 4782 96 145%
c v 21.77 65 17 37 152 35039 1 1248145 50143 1.4 18 13 4 13 69%  83 4782 96 145%
c w 21.80 65 17 37 152 35039 1 1248145 49088 1.4 18 13 4 13 69%  83 4782 96 145%
c t 22.28 73 17 37 152 35039 1 1248145 49088 1.4 18 13 4 13 69%  76 4782 96 145%
c - 22.42 73 17 37 153 35045 1 1256308 46555 1.4 18 13 4 13 69%  76 4782 96 145%
c - 22.62 73 17 37 154 35052 1 1268679 47880 1.4 18 13 4 13 68%  76 4782 96 145%
c - 22.83 73 17 37 155 35054 1 1281088 48125 1.4 18 13 4 13 68%  76 4782 96 145%
c - 23.03 73 17 37 156 35055 1 1293539 49191 1.4 18 13 4 13 67%  76 4782 96 145%
c - 23.24 73 17 37 157 35061 1 1306029 50449 1.4 18 13 4 13 67%  76 4782 96 145%
c
c seconds   switched      rate           size/glue  tier1    binary     remaining
c        MB   reductions     conflicts         size   tier2    irredundant
c         level     restarts        redundant     glue    trail     variables
c
c o 23.39 73 17 37 157 35066 1 1315531 58279 1.4 18 13 4 13 67%  76 4782 96 145%
c B 23.42 73 17 37 157 35068 1 1317774 60105 1.4 18 13 4 13 67%  76 4782 96 145%
c - 23.44 73 17 37 158 35068 1 1318559 50362 1.4 18 13 4 13 67%  76 4782 96 145%
c - 23.64 73 17 37 159 35070 1 1331130 49859 1.4 18 13 4 13 67%  76 4782 96 145%
c ] 23.66 73 17 38 159 35071 1 1332334 50853 1.4 18 13 4 13 67%  76 4782 96 145%
c { 23.66 73 13 38 159 35071 2 1332334 50853 1.5 14 9 3 9 67%  76 4782 96 145%
c - 23.92 73 13 38 160 35155 2 1343740 51644 1.5 14 9 3 9 67%  76 4782 96 145%
c - 24.22 73 13 38 161 35270 2 1356392 54851 1.5 14 9 3 9 67%  77 4782 96 145%
c u 24.50 73 13 38 161 35296 2 1367501 63206 1.5 13 9 3 9 67%  79 4782 96 145%
c v 24.55 73 13 38 161 35296 2 1367501 62922 1.5 13 9 3 9 67%  79 4782 96 145%
c w 24.58 73 13 38 161 35296 2 1367501 62821 1.5 13 9 3 9 67%  79 4782 96 145%
c x 24.61 73 13 38 161 35296 2 1367501 62816 1.5 13 9 3 9 67%  79 4750 96 145%
c t 24.61 73 13 38 161 35296 2 1367501 62816 1.5 13 9 3 9 67%  78 4750 96 145%
c - 24.65 74 13 38 162 35341 2 1369080 55145 1.5 13 9 3 9 67%  78 4750 96 145%
c - 24.94 74 12 38 163 35467 1 1381807 56096 1.6 13 9 3 9 68%  78 4750 96 145%
c - 25.21 74 12 38 164 35526 1 1394578 56734 1.6 13 9 3 9 68%  80 4750 96 145%
c - 25.50 74 12 38 165 35581 1 1407386 56957 1.6 13 8 3 9 68%  81 4750 96 145%
c i 25.60 74 12 38 165 35592 1 1412156 60270 1.6 13 8 3 9 68%  88 4750 95 144%
c } 25.68 74 12 39 165 35605 1 1415667 63316 1.6 13 8 3 9 68%  88 4750 95 144%
c [ 25.68 74 17 39 165 35605 1 1415667 63316 1.4 18 13 4 13 67%  88 4750 95 144%
c
c seconds   switched      rate           size/glue  tier1    binary     remaining
c        MB   reductions     conflicts         size   tier2    irredundant
c         level     restarts        redundant     glue    trail     variables
c
c - 25.77 74 17 39 166 35608 1 1420231 51683 1.4 18 13 4 13 67%  77 4750 95 144%
c W 25.89 74 17 39 166 35611 1 1425760 56416 1.4 18 12 4 13 67%  77 4750 95 144%
c - 26.01 78 17 39 167 35615 1 1433115 52182 1.4 18 13 4 13 67%  77 4750 95 144%
c - 26.23 78 17 39 168 35619 1 1446037 52040 1.4 18 13 4 13 67%  77 4750 95 144%
c - 26.43 78 18 39 169 35626 1 1458998 51018 1.4 18 13 4 13 67%  77 4750 95 144%
c - 26.63 78 18 39 170 35633 1 1471998 50381 1.4 18 13 4 13 67%  77 4750 95 144%
c - 26.84 78 18 39 171 35635 1 1485036 51435 1.4 18 13 4 13 67%  77 4750 95 144%
c u 27.04 79 18 39 171 35635 1 1493005 57139 1.4 18 13 4 13 67%  81 4750 95 144%
c v 27.12 79 18 39 171 35635 1 1493005 56710 1.4 18 13 4 13 67%  83 4750 95 144%
c w 27.15 80 18 39 171 35635 1 1493005 56203 1.4 18 13 4 13 67%  83 4750 95 144%
c t 27.15 80 18 39 171 35635 1 1493005 56203 1.4 18 13 4 13 67%  77 4750 95 144%
c o 27.15 80 18 39 171 35635 1 1493005 56203 1.4 18 13 4 13 67%  77 4750 95 144%
c - 27.25 80 18 39 172 35635 1 1498112 50864 1.4 19 13 4 13 67%  77 4750 95 144%
c - 27.46 80 18 39 173 35643 1 1511227 50376 1.4 19 13 4 13 67%  77 4750 95 144%
c - 27.66 80 18 39 174 35650 1 1524380 49896 1.4 19 13 4 13 67%  77 4750 95 144%
c - 27.87 80 18 39 175 35655 1 1537570 51632 1.4 19 13 4 13 67%  77 4750 95 144%
c ] 27.89 80 18 40 175 35656 1 1538454 52383 1.4 19 13 4 13 67%  77 4750 95 144%
c { 27.89 80 12 40 175 35656 1 1538454 52383 1.6 13 8 3 9 68%  77 4750 95 144%
c - 28.26 80 12 40 176 36908 1 1550799 48517 1.6 13 8 2 9 68%  78 4750 95 144%
c - 28.59 80 12 40 177 37778 2 1564068 49248 1.5 13 8 2 9 68%  82 4750 95 144%
c
c seconds   switched      rate           size/glue tier1   binary     remaining
c        MB   reductions     conflicts         size  tier2   irredundant
c         level     restarts        redundant    glue   trail     variables
c
c i 28.63 80 12 40 177 37792 2 1566826 51194 1.5 13 8 2 9 67%  91 4750 94 142%
c - 28.93 80 12 40 178 39020 2 1577373 44634 1.5 13 9 2 9 67%  77 4750 94 142%
c - 29.21 80 12 40 179 39853 2 1590715 46881 1.5 13 9 2 9 67%  78 4750 94 142%
c - 29.54 80 13 40 180 41104 2 1604096 49238 1.5 13 9 2 9 67%  78 4750 94 142%
c - 29.89 80 13 40 181 42281 2 1617512 50174 1.5 13 9 2 9 67%  79 4750 94 142%
c s 29.96 80 13 40 181 42450 2 1620435 52601 1.5 13 9 2 9 67%  79 4746 94 142%
c u 30.12 80 13 40 181 42584 2 1624612 54488 1.5 13 9 2 9 67%  86 4746 94 142%
c v 30.20 80 13 40 181 42584 2 1624612 53676 1.5 13 9 2 9 67%  89 4746 94 142%
c w 30.23 80 13 40 181 42584 2 1624612 53628 1.5 13 9 2 9 67%  89 4746 94 142%
c t 30.24 80 13 40 181 42584 2 1624612 53628 1.5 13 9 2 9 67%  79 4746 94 142%
c } 30.36 80 13 41 181 42897 2 1629927 57733 1.5 13 9 2 9 67%  79 4746 94 142%
c [ 30.36 80 18 41 181 42897 1 1629927 57733 1.4 19 13 4 13 67%  79 4746 94 142%
c O 30.36 80 18 41 181 42897 1 1629927 57733 1.4 19 13 4 13 67%  79 4746 94 142%
c - 30.38 80 18 41 182 42898 1 1630967 48761 1.4 19 13 4 13 67%  79 4746 94 142%
c - 30.59 80 18 41 183 42906 1 1644459 47851 1.4 18 13 4 13 66%  79 4746 94 142%
c - 30.81 80 17 41 184 42911 1 1657986 46643 1.4 18 13 4 13 66%  79 4746 94 142%
c - 31.01 80 17 41 185 42918 1 1671550 46269 1.4 18 13 4 13 66%  79 4746 94 142%
c - 31.20 80 17 41 186 42925 1 1685153 44584 1.4 18 12 4 13 66%  79 4746 94 142%
c - 31.40 80 17 41 187 42927 1 1698791 45536 1.4 18 12 4 13 66%  79 4746 94 142%
c - 31.61 80 17 41 188 42927 1 1712465 46890 1.4 17 12 4 13 66%  79 4746 94 142%
c
c seconds   switched      rate           size/glue  tier1    binary     remaining
c        MB   reductions     conflicts         size   tier2    irredundant
c         level     restarts        redundant     glue    trail     variables
c
c - 31.82 80 16 41 189 42936 1 1726179 49597 1.4 17 12 4 13 65%  79 4746 94 142%
c - 32.01 80 16 41 190 42942 1 1739926 50427 1.4 17 12 4 13 66%  79 4746 94 142%
c B 32.19 80 16 41 190 42947 1 1750761 59280 1.4 17 12 4 13 65%  79 4746 94 142%
c o 32.19 80 16 41 190 42947 1 1750761 59280 1.4 17 12 4 13 65%  79 4746 94 142%
c - 32.24 80 16 41 191 42948 1 1753710 48885 1.4 17 12 4 13 65%  79 4746 94 142%
c u 32.42 80 16 41 191 42953 1 1762390 55133 1.4 17 12 4 13 65%  85 4746 94 142%
c v 32.50 80 16 41 191 42953 1 1762390 54427 1.4 17 12 4 13 65%  85 4746 94 142%
c w 32.53 80 16 41 191 42953 1 1762390 52780 1.4 17 12 4 13 65%  85 4746 94 142%
c t 32.53 80 16 41 191 42953 1 1762390 52780 1.4 17 12 4 13 65%  79 4746 94 142%
c - 32.61 80 16 41 192 42956 1 1767530 45092 1.4 17 12 4 13 65%  79 4746 94 142%
c - 32.81 80 17 41 193 42958 1 1781386 41575 1.4 17 12 4 13 65%  79 4746 94 142%
c ] 32.85 80 17 42 193 42958 1 1784175 43915 1.4 18 12 4 13 66%  79 4746 94 142%
c { 32.85 80 13 42 193 42958 2 1784175 43915 1.5 13 9 2 9 67%  79 4746 94 142%
c - 33.13 80 13 42 194 43849 2 1795278 44727 1.5 13 9 2 9 67%  80 4746 94 142%
c - 33.42 80 13 42 195 44530 2 1809207 48702 1.5 13 9 2 9 67%  80 4746 94 142%
c i 33.60 80 12 42 195 44573 2 1819582 56484 1.5 13 9 2 9 66%  90 4746 93 141%
c - 33.68 80 12 42 196 44638 2 1823173 41857 1.5 13 9 2 9 66%  77 4746 93 141%
c - 33.98 80 12 42 197 45628 2 1837173 43462 1.5 13 9 2 9 66%  78 4746 93 141%
c - 34.32 80 13 42 198 46783 2 1851209 49019 1.5 13 9 2 9 66%  81 4746 93 141%
c i 34.38 80 12 42 198 46926 2 1854630 51505 1.5 13 9 2 9 66%  90 4746 92 139%
c
c seconds   switched      rate           size/glue tier1   binary     remaining
c        MB   reductions     conflicts         size  tier2   irredundant
c         level     restarts        redundant    glue   trail     variables
c
c - 34.67 80 13 42 199 47884 2 1865280 49050 1.5 13 9 2 9 66%  75 4746 92 139%
c - 34.98 80 13 42 200 48666 2 1879386 50297 1.5 13 9 2 8 66%  76 4746 92 139%
c } 35.08 80 12 43 200 48839 2 1884149 53820 1.5 13 9 2 8 66%  77 4746 92 139%
c [ 35.08 80 17 43 200 48839 1 1884149 53820 1.4 18 12 4 13 66%  77 4746 92 139%
c W 35.09 80 17 43 200 48839 1 1884149 53820 1.4 18 12 4 13 66%  76 4746 92 139%
c - 35.22 80 17 43 201 48845 1 1893529 50103 1.4 18 12 4 13 65%  76 4746 92 139%
c u 35.47 80 17 43 201 48852 1 1906333 59550 1.4 18 12 4 13 65%  83 4746 92 139%
c v 35.54 80 17 43 201 48852 1 1906333 58613 1.4 18 12 4 13 65%  86 4746 92 139%
c w 35.59 80 17 43 201 48852 1 1906333 56752 1.4 18 12 4 13 65%  86 4746 92 139%
c t 35.59 80 17 43 201 48852 1 1906333 56752 1.4 18 12 4 13 65%  72 4746 92 139%
c - 35.61 80 17 43 202 48852 1 1907706 44997 1.4 18 12 4 13 65%  72 4746 92 139%
c - 35.84 80 17 43 203 48857 1 1921918 45966 1.4 17 12 4 13 65%  72 4746 92 139%
c o 35.99 80 17 43 203 48863 1 1931703 53608 1.4 17 12 4 13 65%  72 4746 92 139%
c - 36.07 80 17 43 204 48866 1 1936166 48097 1.4 17 12 4 13 65%  72 4746 92 139%
c - 36.26 80 17 43 205 48869 1 1950450 47696 1.4 17 12 4 13 65%  72 4746 92 139%
c s 36.46 80 17 43 205 48869 1 1964358 58978 1.4 17 12 4 13 65%  72 4745 92 139%
c - 36.47 80 17 43 206 48869 1 1964767 46320 1.4 17 12 4 13 65%  72 4745 92 139%
c - 36.67 80 17 43 207 48876 1 1979119 46516 1.4 17 12 4 13 65%  72 4745 92 139%
c - 36.88 80 17 43 208 48884 1 1993506 47013 1.4 17 12 4 13 65%  72 4745 92 139%
c - 37.09 80 17 43 209 48890 1 2007928 48106 1.4 17 12 4 13 65%  72 4745 92 139%
c
c seconds   switched      rate           size/glue  tier1    binary     remaining
c        MB   reductions     conflicts         size   tier2    irredundant
c         level     restarts        redundant     glue    trail     variables
c
c I 37.24 80 17 43 209 48896 1 2018391 56746 1.4 17 12 4 13 64%  72 4745 92 139%
c - 37.30 80 16 43 210 48898 1 2022384 49443 1.4 17 12 4 13 64%  72 4745 92 139%
c - 37.52 80 16 43 211 48900 1 2036875 49009 1.4 17 12 4 13 64%  72 4745 92 139%
c ] 37.59 80 16 44 211 48900 1 2042207 53390 1.4 17 12 4 13 64%  72 4745 92 139%
c { 37.59 80 12 44 211 48900 2 2042207 53390 1.5 13 9 2 8 66%  72 4745 92 139%
c - 37.86 80 12 44 212 49497 2 2051402 49515 1.5 13 9 2 8 66%  74 4745 92 139%
c u 38.05 80 12 44 212 49918 2 2056574 52453 1.5 13 9 2 8 66%  82 4745 92 139%
c v 38.12 80 12 44 212 49918 2 2056574 51680 1.5 13 9 2 8 66%  83 4745 92 139%
c w 38.16 80 12 44 212 49918 2 2056574 49558 1.5 13 9 2 8 66%  83 4745 92 139%
c t 38.16 80 12 44 212 49918 2 2056574 49558 1.5 13 9 2 8 66%  72 4745 92 139%
c - 38.38 80 12 44 213 50527 2 2065963 49849 1.5 13 9 2 8 66%  72 4745 92 139%
c - 38.73 80 13 44 214 51443 2 2080557 52039 1.5 13 9 2 8 66%  73 4745 92 139%
c - 39.09 80 13 44 215 52372 2 2095187 53438 1.5 13 9 2 8 66%  73 4745 92 139%
c - 39.46 80 13 44 216 53316 2 2109850 54147 1.5 13 9 2 8 66%  77 4745 92 139%
c o 39.72 80 12 44 216 53803 2 2122115 63558 1.5 13 9 2 8 66%  79 4745 92 139%
c i 39.75 80 12 44 216 53812 2 2123546 64540 1.5 13 9 2 8 66%  85 4745 91 138%
c - 39.78 80 12 44 217 53845 2 2124546 51861 1.5 13 8 2 8 66%  72 4745 91 138%
c i 39.81 80 12 44 217 53845 2 2126701 53335 1.5 12 8 2 8 66%  88 4745 90 136%
c - 40.08 80 12 44 218 54345 2 2139279 49783 1.5 12 8 2 8 66%  71 4745 90 136%
c } 40.31 80 12 45 218 54716 2 2151038 58852 1.5 12 8 2 8 66%  74 4745 90 136%
c
c seconds   switched      rate           size/glue  tier1    binary     remaining
c        MB   reductions     conflicts         size   tier2    irredundant
c         level     restarts        redundant     glue    trail     variables
c
c [ 40.31 80 16 45 218 54716 1 2151038 58852 1.4 17 12 4 13 64%  74 4745 90 136%
c - 40.36 80 16 45 219 54718 1 2154044 51728 1.4 17 12 4 13 65%  74 4745 90 136%
c B 40.44 80 16 45 219 54722 1 2159540 56255 1.4 17 12 4 13 65%  74 4745 90 136%
c - 40.57 80 17 45 220 54727 1 2168845 50941 1.4 17 12 4 13 65%  74 4745 90 136%
c - 40.79 81 17 45 221 54730 1 2183678 47431 1.4 18 12 4 13 66%  74 4745 90 136%
c - 41.02 81 17 45 222 54739 1 2198545 46563 1.4 18 13 4 13 66%  74 4745 90 136%
c u 41.31 81 17 45 222 54745 1 2213116 57274 1.4 18 13 4 13 66%  81 4745 90 136%
c v 41.40 81 17 45 222 54745 1 2213116 56774 1.4 18 13 4 13 66%  81 4745 90 136%
c w 41.45 81 17 45 222 54745 1 2213116 55838 1.4 18 13 4 13 66%  81 4745 90 136%
c t 41.45 81 17 45 222 54745 1 2213116 55838 1.4 18 13 4 13 66%  70 4745 90 136%
c - 41.46 81 17 45 223 54745 1 2213444 45337 1.4 18 13 4 13 66%  70 4745 90 136%
c - 41.66 81 17 45 224 54746 1 2228378 45050 1.4 18 13 4 13 67%  70 4745 90 136%
c - 41.86 81 17 45 225 54753 1 2243345 46881 1.4 18 13 4 13 66%  70 4745 90 136%
c - 42.06 81 17 45 226 54760 1 2258345 49209 1.4 18 13 4 13 67%  70 4745 90 136%
c - 42.28 81 17 45 227 54767 1 2273378 50588 1.4 17 12 4 13 67%  70 4745 90 136%
c - 42.50 81 17 45 228 54775 1 2288445 51074 1.4 17 12 4 13 66%  70 4745 90 136%
c - 42.72 81 16 45 229 54777 1 2303547 51420 1.4 17 12 4 13 66%  70 4745 90 136%
c W 42.79 81 16 45 229 54777 1 2307728 54600 1.4 17 12 4 13 66%  70 4745 90 136%
c - 42.96 81 16 45 230 54778 1 2318680 52628 1.4 17 12 4 13 66%  70 4745 90 136%
c - 43.16 81 16 45 231 54778 1 2333846 51745 1.4 17 12 4 13 66%  70 4745 90 136%
c
c seconds   switched      rate           size/glue  tier1    binary     remaining
c        MB   reductions     conflicts         size   tier2    irredundant
c         level     restarts        redundant     glue    trail     variables
c
c ] 43.19 81 16 46 231 54778 1 2336438 53931 1.4 17 12 4 13 66%  70 4745 90 136%
c { 43.19 81 12 46 231 54778 2 2336438 53931 1.5 12 8 2 8 66%  70 4745 90 136%
c o 43.19 81 12 46 231 54790 2 2336584 54058 1.5 12 8 2 8 66%  70 4745 90 136%
c s 43.47 81 12 46 231 55416 2 2348513 63302 1.5 12 8 2 8 66%  73 4732 90 136%
c e 43.47 81 12 46 231 55416 2 2348513 63302 1.5 12 8 2 8 66%  71 4750 89 135%
c s 43.47 81 12 46 231 55416 2 2348513 63302 1.5 12 8 2 8 66%  71 4714 89 135%
c - 43.49 81 12 46 232 55437 2 2349045 49442 1.5 12 8 2 8 66%  71 4714 89 135%
c - 43.81 81 12 46 233 56246 2 2364277 52797 1.5 12 8 2 8 65%  73 4714 89 135%
c u 44.15 85 12 46 233 56869 2 2375998 61399 1.5 12 8 2 8 65%  82 4714 89 135%
c v 44.24 86 12 46 233 56869 2 2375998 61164 1.5 12 8 2 8 65%  82 4714 89 135%
c w 44.27 86 12 46 233 56869 2 2375998 61043 1.5 12 8 2 8 65%  82 4714 89 135%
c t 44.75 92 12 46 233 56869 2 2375998 61043 1.5 12 8 2 8 65%  73 4714 89 135%
c - 44.83 92 12 46 234 56912 2 2379541 53804 1.5 12 8 2 8 65%  76 4714 89 135%
c i 44.87 92 12 46 234 56912 2 2381657 55161 1.5 12 8 2 8 65%  81 4714 88 133%
c i 44.95 92 12 46 234 57125 2 2385631 58231 1.5 12 8 2 8 65%  89 4714 87 132%
c - 45.15 92 12 46 235 57522 2 2394842 49995 1.5 12 8 2 8 65%  67 4714 87 132%
c i 45.31 92 12 46 235 57927 2 2402909 56404 1.5 12 8 2 8 65%  74 4714 86 130%
c - 45.48 93 12 46 236 58462 2 2410174 48077 1.5 12 8 2 8 65%  61 4714 86 130%
c i 45.57 93 12 46 236 58617 2 2414626 51515 1.5 12 8 2 8 65%  67 4714 85 129%
c - 45.79 93 12 46 237 59101 2 2425538 48649 1.5 12 8 2 8 65%  59 4714 85 129%
c
c seconds   switched      rate           size/glue tier1   binary     remaining
c        MB   reductions     conflicts         size  tier2   irredundant
c         level     restarts        redundant    glue   trail     variables
c
c - 46.08 93 12 46 238 59551 2 2440932 51835 1.5 12 8 2 8 65%  62 4714 85 129%
c i 46.10 93 11 46 238 59551 2 2441942 52441 1.5 12 8 2 8 65%  70 4714 84 127%
c } 46.33 93 11 47 238 59957 2 2454483 61880 1.5 12 8 2 8 64%  73 4714 84 127%
c [ 46.33 93 16 47 238 59957 1 2454483 61880 1.4 17 12 4 13 66%  73 4714 84 127%
c - 46.36 93 16 47 239 59958 1 2456359 46386 1.4 17 12 4 13 66%  58 4714 84 127%
c O 46.45 93 16 47 239 59963 1 2463090 51717 1.4 17 12 4 13 66%  59 4714 84 127%
c - 46.57 93 16 47 240 59967 1 2471818 51268 1.4 17 12 4 13 66%  60 4714 84 127%
c i 46.61 93 16 47 240 59969 1 2474996 53896 1.4 17 11 4 13 66%  60 4714 83 126%
c - 46.79 93 15 47 241 59971 1 2487309 50756 1.5 16 11 4 13 66%  55 4714 83 126%
c - 47.02 93 15 47 242 59981 1 2502834 51133 1.5 16 11 4 13 66%  56 4714 83 126%
c - 47.26 93 15 47 243 59986 1 2518391 51181 1.5 16 11 4 13 66%  56 4714 83 126%
c - 47.50 93 15 47 244 59987 1 2533979 53480 1.5 16 11 4 13 67%  56 4714 83 126%
c b 47.69 93 15 47 244 59993 1 2545399 62660 1.5 16 11 4 13 67%  57 4714 81 123%
c u 47.75 93 15 47 244 59993 1 2545399 59952 1.5 16 11 4 13 67%  60 4714 81 123%
c v 47.80 93 15 47 244 59993 1 2545399 57216 1.5 16 11 4 13 67%  60 4714 81 123%
c w 47.84 93 15 47 244 59993 1 2545399 50441 1.5 16 11 4 13 67%  60 4714 81 123%
c x 47.87 93 15 47 244 59993 1 2545399 50406 1.5 16 11 4 13 67%  60 4373 81 123%
c t 47.87 93 15 47 244 59993 1 2545399 50406 1.5 16 11 4 13 67%  56 4373 81 123%
c u 47.96 93 15 47 244 59993 1 2545399 48118 1.5 16 11 4 13 67%  59 4373 81 123%
c v 48.06 93 15 47 244 59993 1 2545399 46590 1.5 16 11 4 13 67%  59 4373 81 123%
c
c seconds   switched      rate           size/glue  tier1    binary     remaining
c        MB   reductions     conflicts         size   tier2    irredundant
c         level     restarts        redundant     glue    trail     variables
c
c w 48.10 93 15 47 244 59993 1 2545399 46275 1.5 16 11 4 13 67%  59 4373 81 123%
c t 48.10 93 15 47 244 59993 1 2545399 46275 1.5 16 11 4 13 67%  56 4373 81 123%
c - 48.16 93 15 47 245 59994 1 2549600 42237 1.5 16 11 4 13 67%  48 4373 81 123%
c o 48.18 93 15 47 245 59996 1 2550714 43105 1.5 16 11 4 13 67%  48 4373 81 123%
c - 48.38 93 15 47 246 60002 1 2565253 44350 1.5 16 11 4 12 67%  48 4373 81 123%
c - 48.59 93 15 47 247 60009 1 2580939 44674 1.5 16 11 4 12 67%  48 4373 81 123%
c - 48.82 93 15 47 248 60017 1 2596658 45872 1.5 16 11 4 12 67%  48 4373 81 123%
c i 48.89 93 15 47 248 60017 1 2601640 49064 1.5 16 11 4 12 67%  54 4373 80 121%
c - 49.04 93 15 47 249 60018 1 2612407 34088 1.4 16 11 4 12 67%  49 4373 80 121%
c ] 49.20 93 15 48 249 60019 1 2624613 43671 1.4 16 11 4 12 67%  49 4373 80 121%
c { 49.20 93 11 48 249 60019 2 2624613 43671 1.5 12 8 2 8 64%  49 4373 80 121%
c - 49.27 93 11 48 250 60288 2 2628187 39548 1.5 12 8 2 8 64%  49 4373 80 121%
c i 49.45 93 11 48 250 60613 2 2637596 46571 1.5 12 8 2 8 64%  55 4373 79 120%
c i 49.46 93 11 48 250 60647 2 2638254 47010 1.5 12 8 2 8 64%  64 4373 78 118%
c - 49.58 93 11 48 251 60785 2 2643998 42521 1.5 12 8 2 8 64%  44 4373 78 118%
c i 49.80 93 11 48 251 61317 2 2655150 51013 1.5 12 8 2 8 64%  56 4373 77 117%
c - 49.89 93 11 48 252 61396 1 2659840 45107 1.5 11 8 2 8 64%  42 4373 77 117%
c i 50.00 93 11 48 252 61573 1 2666473 49968 1.5 11 8 2 8 64%  56 4373 74 112%
c i 50.08 93 11 48 252 61707 1 2670469 52952 1.5 11 8 2 8 64%  63 4373 73 111%
c - 50.20 94 11 48 253 61889 1 2675717 42596 1.5 11 8 2 8 64%  29 4316 73 111%
c
c seconds   switched      rate           size/glue tier1   binary     remaining
c        MB   reductions     conflicts         size  tier2   irredundant
c         level     restarts        redundant    glue   trail     variables
c
c i 50.22 94 11 48 253 61889 1 2677059 43455 1.5 11 8 2 8 64%  38 4316 72 109%
c - 50.44 94 11 48 254 62132 1 2691622 41994 1.5 11 7 2 8 64%  33 4315 72 109%
c i 50.61 94 11 48 254 62305 1 2702527 49647 1.5 11 7 2 8 64%  47 4315 71 108%
c - 50.70 94 10 48 255 62425 1 2707559 38525 1.5 11 7 2 8 64%  34 4315 71 108%
c i 50.79 94 10 48 255 62563 1 2713829 42892 1.5 11 7 2 8 65%  45 4315 70 106%
c i 50.84 94 10 48 255 62601 1 2716922 45082 1.5 11 7 2 8 65%  55 4315 69 105%
c i 50.86 94 10 48 255 62601 1 2718184 46004 1.5 11 7 2 8 65%  63 4315 68 103%
c i 50.87 94 10 48 255 62604 1 2719339 46736 1.5 11 7 2 8 65%  72 4314 67 102%
c i 50.89 94 10 48 255 62604 1 2720144 47239 1.5 11 7 2 8 65%  83 4314 66 100%
c i 50.91 94 10 48 255 62604 1 2721432 48186 1.5 11 7 2 8 65%  90 4314 65 98%
c i 50.91 94 10 48 255 62604 1 2721792 48446 1.5 11 7 2 8 65%  92 4314 64 97%
c i 50.92 94 10 48 255 62604 1 2722266 48756 1.5 11 7 2 8 65%  98 4314 63 95%
c i 50.92 94 10 48 255 62604 1 2722392 48830 1.5 11 7 2 8 65% 101 4314 61 92%
c i 50.92 94 10 48 255 62604 1 2722431 48847 1.5 11 7 2 8 65% 105 4314 60 91%
c i 50.92 94 10 48 255 62604 1 2722554 48909 1.5 11 7 2 8 65% 110 4314 59 89%
c i 50.92 94 10 48 255 62604 1 2722556 48909 1.5 11 7 2 8 65% 111 4314 57 86%
c i 50.92 94 10 48 255 62604 1 2722561 48909 1.5 11 7 2 8 65% 112 4313 54 82%
c i 50.93 94 10 48 255 62604 1 2722599 48923 1.5 11 7 2 8 65% 116 4313 51 77%
c i 50.93 94 10 48 255 62604 1 2722605 48925 1.5 11 7 2 8 65% 117 4313 46 70%
c } 50.93 94 10 48 255 62604 1 2722608 48925 1.5 11 7 2 8 65% 118 4313 29 44%
c
c seconds   switched      rate           size/glue tier1   binary     remaining
c        MB   reductions     conflicts         size  tier2   irredundant
c         level     restarts        redundant    glue   trail     variables
c
c 0 50.93 94 10 48 255 62604 1 2722608 48925 1.5 11 7 2 8 65% 118 4313 29 44%
c
c ---- [ result ] ------------------------------------------------------------
c
s UNSATISFIABLE
c
c ---- [ profiling ] ---------------------------------------------------------
c
c          46.03   90.39 %  search
c          23.69   46.51 %  focused
c          22.34   43.87 %  stable
c           4.85    9.53 %  simplify
c           4.78    9.38 %  probe
c           3.41    6.69 %  vivify
c           1.24    2.43 %  sweep
c           0.68    1.33 %  reduce
c           0.08    0.15 %  substitute
c           0.06    0.12 %  eliminate
c           0.05    0.11 %  walking
c           0.05    0.10 %  factor
c           0.04    0.08 %  preprocess
c           0.03    0.05 %  subsume
c           0.00    0.01 %  congruence
c           0.00    0.00 %  transitive
c           0.00    0.00 %  parse
c           0.00    0.00 %  backbone
c           0.00    0.00 %  lucky
c =============================================
c          50.93  100.00 %  total
c
c ---- [ statistics ] --------------------------------------------------------
c
c conflicts:                          2722608            53461.43 per second
c decisions:                          3721294                1.37 per conflict
c eliminated:                              63               95 %  variables
c factored:                                95              144 %  variables
c iterations:                              39               59 %  variables
c propagations:                      45168302           886930    per second
c reductions:                             255            10677    interval
c reordered:                               22           123755    interval
c rephased:                                36            75628    interval
c restarts:                             62604               43    interval
c strengthened:                             1                0 %  checks
c subsumed:                               591                0 %  checks
c switched:                                48            56721    interval
c vivified:                             83425               60 %  checks
c walks:                                   12           226884    interval
c
c ---- [ glue usage ] --------------------------------------------------------
c
c focused glue 2   used 1300292 clauses 22.92% accumulated 55.93% tier1
c focused glue 3   used  648746 clauses 11.43% accumulated 67.36%
c focused glue 4-6 used  956105 clauses 16.85% accumulated 84.21%
c focused glue 7   used  231182 clauses  4.07% accumulated 88.29%
c focused glue 8   used  188545 clauses  3.32% accumulated 91.61% tier2
c
c stable glue 4    used  597660 clauses  6.55% accumulated 55.32% tier1
c stable glue 5    used  622008 clauses  6.81% accumulated 62.13%
c stable glue 6-10 used 2077769 clauses 22.76% accumulated 84.89%
c stable glue 11   used  253470 clauses  2.78% accumulated 87.67%
c stable glue 12   used  227934 clauses  2.50% accumulated 90.17% tier2
c
c ---- [ resources ] ---------------------------------------------------------
c
c maximum-resident-set-size:     100428414976 bytes      95776 MB
c process-time:                            51s              50.93 seconds
c
c ---- [ shutting down ] -----------------------------------------------------
c
c exit 20
