c ---- [ banner ] ------------------------------------------------------------
c
c Kissat SAT Solver
c 
c Copyright (c) 2021-2024 Armin Biere University of Freiburg
c Copyright (c) 2019-2021 Armin Biere Johannes Kepler University Linz
c 
c Version 4.0.4 8af8e56f174b778aef3aa45af9f739b2a5f492c2
c Apple clang version 17.0.0 (clang-1700.6.3.2) -W -Wall -O3 -DNDEBUG
c Mon Mar 30 18:25:47 CEST 2026 Darwin Mac 24.6.0 arm64
c
c ---- [ parsing ] -----------------------------------------------------------
c
c opened and reading DIMACS file:
c
c   tmp.cnf
c
c parsed 'p cnf 120 8960' header
c closing input after reading 175183 bytes (171 KB)
c finished parsing after 0.00 seconds
c
c ---- [ solving ] -----------------------------------------------------------
c
c seconds switched rate     size/glue tier1 binary      remaining
c        MB reductions conflicts size  tier2  irredundant
c         level restarts redundant glue  trail      variables
c
c *  0.00  3 0 0 0  0 0   0   0 0.0 0 0 0 0 0%   0 8960 120 100%
c (  0.00  3 0 0 0  0 0   0   0 0.0 0 0 0 0 0%   0 8960 120 100%
c .  0.00  3 0 0 0  0 0   0   0 0.0 0 0 0 0 0%   0 8960 120 100%
c f  0.03  3 0 0 0  0 0   0   0 0.0 0 0 0 0 0% 384 2272 312 260%
c )  0.03  3 0 0 0  0 0   0   0 0.0 0 0 0 0 0% 384 2272 312 260%
c {  0.03  3 0 0 0  0 0   0   0 0.0 0 0 2 6 0% 384 2272 312 260%
c -  0.04  4 25 0 1 137 5 1001 661 1.7 23 13 10 18 58% 384 2272 312 260%
c }  0.04  4 25 1 1 137 5 1001 661 1.7 23 13 10 18 58% 384 2272 312 260%
c [  0.04  4 0 1 1 137 0 1001 661 0.0 0 0 2 6 0% 384 2272 312 260%
c B  0.04  4 0 1 1 137 0 1001 661 0.0 0 0 2 6 0% 384 2272 312 260%
c -  0.04  4 26 1 2 137 1 2001 1495 2.1 27 13 8 16 61% 384 2272 312 260%
c W  0.04  4 26 1 2 137 1 2002 1496 2.1 27 13 8 16 61% 384 2272 312 260%
c ]  0.05  4 26 2 2 138 1 2189 1664 2.0 27 14 8 16 61% 384 2272 312 260%
c {  0.05  4 25 2 2 138 5 2189 1664 1.7 23 13 10 18 58% 384 2272 312 260%
c }  0.05  4 23 3 2 167 3 3189 2583 1.8 24 13 9 17 57% 384 2272 312 260%
c [  0.05  4 26 3 2 167 1 3189 2583 2.0 27 14 8 16 61% 384 2272 312 260%
c -  0.06  4 25 3 3 167 1 3415 2414 2.0 26 13 8 16 60% 384 2272 312 260%
c u  0.06  4 24 3 3 167 1 3618 2524 1.9 25 13 8 16 59% 384 2272 312 260%
c v  0.06  4 24 3 3 167 1 3618 2487 1.9 25 13 8 16 59% 384 2272 312 260%
c w  0.06  4 24 3 3 167 1 3618 2481 1.9 25 13 8 16 59% 384 2272 312 260%
c
c seconds  switched  rate       size/glue  tier1    binary      remaining
c        MB reductions conflicts      size   tier2    irredundant
c         level restarts   redundant     glue    trail      variables
c
c x  0.06  4 24 3 3 167 1 3618 2479 1.9 25 13 8 16 59% 384 1530 312 260%
c ]  0.07  4 24 4 3 167 1 4081 2924 1.9 26 14 8 16 60% 384 1530 312 260%
c {  0.07  4 23 4 3 167 3 4081 2924 1.8 24 13 9 17 57% 384 1530 312 260%
c -  0.08  4 24 4 4 248 3 5151 3262 1.8 24 13 8 16 58% 384 1530 312 260%
c }  0.09  4 25 5 4 348 3 6434 4495 1.9 24 13 8 16 59% 384 1530 312 260%
c [  0.09  4 24 5 4 348 1 6434 4495 1.9 26 14 8 16 60% 384 1530 312 260%
c I  0.09  4 24 5 4 348 1 6434 4495 1.9 26 14 8 16 60% 384 1530 312 260%
c -  0.10  4 23 5 5 348 1 7154 4326 1.8 26 14 9 18 60% 384 1530 312 260%
c ]  0.12  6 26 6 5 350 1 9004 5926 1.6 28 17 9 18 62% 384 1530 312 260%
c {  0.12  6 25 6 5 350 3 9004 5926 1.9 24 13 8 16 59% 384 1530 312 260%
c -  0.12  6 24 6 6 352 3 9391 4893 2.0 24 12 7 16 59% 384 1530 312 260%
c u  0.15  6 20 6 6 352 3 11574 6986 2.3 24 10 6 15 59% 384 1530 312 260%
c v  0.15  6 20 6 6 352 3 11574 6980 2.3 24 10 6 15 59% 384 1530 312 260%
c w  0.15  6 20 6 6 352 3 11574 6979 2.3 24 10 6 15 59% 384 1530 312 260%
c x  0.15  6 20 6 6 352 3 11574 6979 2.3 24 10 6 15 59% 384 1411 312 260%
c o  0.17  6 20 6 6 352 3 11574 6979 2.3 24 10 6 15 59% 384 1411 312 260%
c -  0.17  7 20 6 7 353 3 11840 5919 2.3 24 10 6 14 60% 384 1411 312 260%
c }  0.18  7 19 7 7 353 2 13073 7144 2.5 25 10 6 14 61% 384 1411 312 260%
c [  0.18  7 26 7 7 353 1 13073 7144 1.6 28 17 9 18 62% 384 1411 312 260%
c B  0.18  7 26 7 7 353 1 13073 7144 1.6 28 17 9 18 62% 384 1411 312 260%
c
c seconds  switched  rate        size/glue  tier1     binary      remaining
c        MB reductions conflicts       size    tier2    irredundant
c         level restarts    redundant     glue     trail      variables
c
c -  0.20  7 28 7 8 354 1 14487 7238 1.6 29 18 10 24 62% 384 1411 312 260%
c ]  0.22  7 29 8 8 355 1 15954 8570 1.6 29 19 10 24 63% 384 1411 312 260%
c {  0.22  7 19 8 8 355 2 15954 8570 2.5 25 10 6 14 61% 384 1411 312 260%
c -  0.25  8 20 8 9 786 3 17315 8417 2.3 24 11 6 13 60% 384 1411 312 260%
c s  0.27  8 20 8 9 972 4 18075 9141 2.3 24 11 6 13 60% 384 1396 312 260%
c ^  0.27  8 20 8 9 972 4 18075 9141 2.3 24 11 6 13 60% 384 1396 312 260%
c -  0.31  8 20 8 10 1245 4 20316 9185 2.2 23 11 5 13 59% 384 1396 312 260%
c o  0.33  8 21 8 10 1478 4 21577 10407 2.1 23 11 5 13 59% 384 1396 312 260%
c }  0.35  8 21 9 10 1578 4 22113 10924 2.1 23 11 5 13 59% 384 1396 312 260%
c [  0.35  8 29 9 10 1578 1 22113 10924 1.6 29 19 10 24 63% 384 1396 312 260%
c W  0.35  8 29 9 10 1578 1 22113 10924 1.6 29 19 10 24 63% 384 1396 312 260%
c -  0.37  9 28 9 11 1579 1 23481 10089 1.6 29 18 9 24 63% 384 1396 312 260%
c u  0.38 10 28 9 11 1579 1 24070 10599 1.6 29 18 9 24 63% 384 1396 312 260%
c v  0.38 10 28 9 11 1579 1 24070 10583 1.6 29 18 9 24 63% 384 1396 312 260%
c w  0.39 10 28 9 11 1579 1 24070 10583 1.6 29 18 9 24 63% 384 1396 312 260%
c x  0.39 11 28 9 11 1579 1 24070 10582 1.6 29 18 9 24 63% 384 1391 312 260%
c -  0.42 12 28 9 12 1581 1 26798 10551 1.6 29 18 9 22 63% 384 1391 312 260%
c O  0.46 12 27 9 12 1583 1 29642 12950 1.6 28 18 9 22 63% 384 1391 312 260%
c -  0.47 12 28 9 13 1583 1 30262 10818 1.6 28 18 9 22 63% 384 1391 312 260%
c ]  0.50 12 30 10 13 1584 1 32731 12951 1.5 30 20 9 22 62% 384 1391 312 260%
c
c seconds   switched    rate         size/glue  tier1    binary      remaining
c        MB   reductions  conflicts        size   tier2    irredundant
c         level    restarts     redundant     glue    trail      variables
c
c {  0.50 12 21 10 13 1584 4 32731 12951 2.1 23 11 5 13 59% 384 1391 312 260%
c -  0.54 12 22 10 14 1823 4 33867 10670 2.0 23 11 5 13 59% 384 1391 312 260%
c ^  0.61 13 22 10 14 2153 4 37447 14110 2.0 23 11 5 13 59% 384 1391 312 260%
c -  0.61 13 22 10 15 2165 4 37608 11440 2.0 23 11 5 13 59% 384 1391 312 260%
c u  0.69 13 22 10 15 2564 4 41317 14866 1.9 22 12 5 13 58% 384 1391 312 260%
c v  0.70 13 22 10 15 2564 4 41317 14840 1.9 22 12 5 13 58% 384 1391 312 260%
c w  0.70 13 22 10 15 2564 4 41317 14839 1.9 22 12 5 13 58% 384 1391 312 260%
c x  0.71 13 22 10 15 2564 4 41317 14839 1.9 22 12 5 13 58% 384 1384 312 260%
c }  0.71 13 22 11 15 2564 4 41359 14881 1.9 22 12 5 13 58% 384 1384 312 260%
c [  0.71 13 30 11 15 2564 1 41359 14881 1.5 30 20 9 22 62% 384 1384 312 260%
c B  0.71 13 30 11 15 2564 1 41359 14881 1.5 30 20 9 22 62% 384 1384 312 260%
c -  0.71 13 30 11 16 2564 1 41482 12956 1.5 30 20 9 24 62% 384 1384 312 260%
c o  0.74 13 31 11 16 2566 1 43414 14660 1.5 30 20 9 24 62% 384 1384 312 260%
c -  0.77 13 30 11 17 2567 1 45484 13522 1.5 29 20 9 23 62% 384 1384 312 260%
c -  0.83 13 29 11 18 2570 1 49609 13876 1.5 29 19 8 23 62% 384 1384 312 260%
c W  0.88 13 28 11 18 2570 1 53582 17391 1.5 28 19 8 23 62% 384 1384 312 260%
c ]  0.88 14 28 12 18 2571 1 53734 17522 1.5 28 19 8 23 62% 384 1384 312 260%
c {  0.88 14 22 12 18 2571 4 53734 17522 1.9 22 12 5 13 58% 384 1384 312 260%
c -  0.89 14 22 12 19 2601 4 53852 14619 1.9 22 12 5 13 58% 384 1384 312 260%
c -  0.98 14 22 12 20 3034 4 58210 15836 1.9 22 12 5 13 58% 384 1384 312 260%
c
c seconds   switched    rate         size/glue  tier1    binary      remaining
c        MB   reductions  conflicts        size   tier2    irredundant
c         level    restarts     redundant     glue    trail      variables
c
c -  1.08 14 22 12 21 3493 4 62683 16570 1.9 22 12 5 13 58% 384 1384 312 260%
c u  1.11 16 22 12 21 3519 4 63540 17300 1.9 22 12 5 13 58% 384 1384 312 260%
c v  1.12 16 22 12 21 3519 4 63540 17294 1.9 22 12 5 13 58% 384 1384 312 260%
c w  1.12 16 22 12 21 3519 4 63540 17291 1.9 22 12 5 13 58% 384 1384 312 260%
c x  1.13 16 22 12 21 3519 4 63540 17291 1.9 22 12 5 13 58% 384 1380 312 260%
c }  1.22 16 22 13 21 3608 4 65214 18845 1.9 22 12 5 13 58% 384 1380 312 260%
c [  1.22 16 28 13 21 3608 1 65214 18845 1.5 28 19 8 23 62% 384 1380 312 260%
c -  1.25 17 28 13 22 3609 1 67266 17245 1.5 27 18 8 21 62% 384 1380 312 260%
c I  1.27 17 27 13 22 3610 1 68489 18320 1.5 27 18 8 21 61% 384 1380 312 260%
c -  1.33 19 27 13 23 3613 1 71956 17697 1.5 27 18 8 20 62% 384 1380 312 260%
c -  1.42 19 26 13 24 3614 1 76751 18023 1.5 26 18 8 20 62% 384 1380 312 260%
c ]  1.47 19 25 14 24 3616 1 79205 20122 1.5 26 17 8 20 62% 384 1380 312 260%
c {  1.47 19 22 14 24 3616 4 79205 20122 1.9 22 12 5 13 58% 384 1380 312 260%
c o  1.47 19 22 14 24 3623 4 79272 20188 1.9 22 12 5 13 58% 384 1380 312 260%
c e  1.48 19 22 14 24 3657 4 79458 20366 1.9 22 12 5 13 58% 336 1524 264 220%
c ^  1.48 19 22 14 24 3657 4 79458 20366 1.9 22 12 5 13 58% 336 1524 264 220%
c -  1.51 19 22 14 25 3843 4 81649 10151 1.9 22 12 5 12 58% 336 1524 264 220%
c -  1.59 19 21 14 26 4091 4 86649 13698 1.9 22 12 5 12 58% 336 1524 264 220%
c u  1.67 19 21 14 26 4279 3 90893 17461 1.9 21 12 5 12 59% 336 1524 264 220%
c v  1.68 19 21 14 26 4279 3 90893 17360 1.9 21 12 5 12 59% 336 1524 264 220%
c
c seconds   switched    rate         size/glue  tier1    binary      remaining
c        MB   reductions  conflicts        size   tier2    irredundant
c         level    restarts     redundant     glue    trail      variables
c
c w  1.69 19 21 14 26 4279 3 90893 17359 1.9 21 12 5 12 59% 336 1524 264 220%
c -  1.71 19 21 14 27 4320 3 91749 15974 1.9 21 12 5 12 59% 336 1524 264 220%
c }  1.74 19 21 15 27 4414 3 93920 17985 1.8 21 12 5 12 59% 336 1524 264 220%
c [  1.74 19 25 15 27 4414 1 93920 17985 1.5 26 17 8 20 62% 336 1524 264 220%
c B  1.74 19 25 15 27 4414 1 93920 17985 1.5 26 17 8 20 62% 336 1524 264 220%
c -  1.79 19 25 15 28 4416 1 96948 17002 1.5 26 17 7 19 62% 336 1524 264 220%
c -  1.88 19 25 15 29 4420 1 102239 17016 1.5 26 17 7 19 62% 336 1524 264 220%
c ]  1.95 19 25 16 29 4421 1 106743 21079 1.5 26 17 7 19 62% 336 1524 264 220%
c {  1.95 19 21 16 29 4421 3 106743 21079 1.8 21 12 5 12 59% 336 1524 264 220%
c -  1.97 19 21 16 30 4456 3 107625 17366 1.8 21 12 5 12 59% 336 1524 264 220%
c -  2.07 19 20 16 31 4735 3 113103 18961 1.9 21 11 5 12 59% 336 1524 264 220%
c -  2.17 19 20 16 32 4947 3 118671 20506 1.9 21 11 5 12 59% 336 1524 264 220%
c o  2.18 19 20 16 32 4979 3 119459 21226 1.9 21 11 5 12 59% 336 1524 264 220%
c u  2.28 19 20 16 32 5229 3 123259 24783 1.9 21 11 5 12 59% 336 1524 264 220%
c v  2.30 20 20 16 32 5229 3 123259 24739 1.9 21 11 5 12 59% 336 1524 264 220%
c w  2.31 20 20 16 32 5229 3 123259 24738 1.9 21 11 5 12 59% 336 1524 264 220%
c x  2.31 20 20 16 32 5229 3 123259 24738 1.9 21 11 5 12 59% 336 1521 264 220%
c -  2.34 20 20 16 33 5339 3 124327 21869 1.9 21 11 5 12 59% 336 1521 264 220%
c }  2.35 20 20 17 33 5339 3 125080 22564 1.9 21 11 5 12 59% 336 1521 264 220%
c [  2.35 20 25 17 33 5339 1 125080 22564 1.5 26 17 7 19 62% 336 1521 264 220%
c
c seconds   switched    rate          size/glue  tier1    binary      remaining
c        MB   reductions  conflicts         size   tier2    irredundant
c         level    restarts      redundant     glue    trail      variables
c
c W  2.36 21 25 17 33 5339 1 125080 22564 1.5 26 17 7 19 62% 336 1521 264 220%
c -  2.45 22 26 17 34 5342 1 130071 21545 1.5 26 18 7 19 62% 336 1521 264 220%
c -  2.57 22 26 17 35 5345 1 135902 20338 1.5 26 18 7 20 62% 336 1521 264 220%
c ]  2.68 22 26 18 35 5348 1 141334 24928 1.5 27 18 7 20 62% 336 1521 264 220%
c {  2.68 22 20 18 35 5348 3 141334 24928 1.9 21 11 5 12 59% 336 1521 264 220%
c -  2.70 22 20 18 36 5394 3 141819 20820 1.9 21 11 5 12 59% 336 1521 264 220%
c s  2.82 22 20 18 36 5768 3 146574 25207 1.9 21 11 5 12 59% 336 1518 264 220%
c e  2.82 22 20 18 36 5768 3 146574 25207 1.9 21 11 5 12 59% 306 1668 234 195%
c ^  2.82 22 20 18 36 5768 3 146574 25207 1.9 21 11 5 12 59% 306 1668 234 195%
c -  2.84 22 20 18 37 5934 3 147819 11656 1.9 21 11 5 12 59% 306 1668 234 195%
c -  2.98 22 20 18 38 6732 3 153901 15334 1.9 21 11 5 12 59% 306 1668 234 195%
c -  3.15 22 20 18 39 7628 3 160067 17954 1.9 21 11 4 12 58% 306 1668 234 195%
c u  3.22 22 20 18 39 7862 3 161095 18684 1.9 21 12 4 12 58% 306 1668 234 195%
c v  3.25 23 20 18 39 7862 3 161095 18442 1.9 21 12 4 12 58% 306 1668 234 195%
c w  3.26 23 20 18 39 7862 3 161095 18435 1.9 21 12 4 12 58% 306 1668 234 195%
c }  3.35 23 21 19 39 8322 3 163680 20758 1.8 21 12 4 12 58% 306 1668 234 195%
c [  3.35 23 26 19 39 8322 1 163680 20758 1.5 27 18 7 20 62% 306 1668 234 195%
c O  3.35 23 26 19 39 8322 1 163680 20758 1.5 27 18 7 20 62% 306 1668 234 195%
c -  3.40 23 27 19 40 8324 1 166313 18591 1.5 27 18 7 20 62% 306 1668 234 195%
c -  3.52 23 28 19 41 8328 1 172642 18249 1.5 27 18 7 20 63% 306 1668 234 195%
c
c seconds   switched    rate          size/glue  tier1    binary      remaining
c        MB   reductions  conflicts         size   tier2    irredundant
c         level    restarts      redundant     glue    trail      variables
c
c -  3.65 23 27 19 42 8331 1 179045 18209 1.5 27 18 7 20 63% 306 1668 234 195%
c -  3.77 23 28 19 43 8335 1 185525 18867 1.5 28 19 7 20 63% 306 1668 234 195%
c B  3.88 23 28 19 43 8336 1 191421 24187 1.5 28 19 7 20 63% 306 1668 234 195%
c o  3.88 23 28 19 43 8336 1 191421 24187 1.5 28 19 7 20 63% 306 1668 234 195%
c -  3.90 23 28 19 44 8336 1 192084 18830 1.5 28 19 7 20 63% 306 1668 234 195%
c ]  3.97 23 28 20 44 8337 1 196693 23050 1.5 28 19 7 20 63% 306 1668 234 195%
c {  3.97 23 21 20 44 8337 3 196693 23050 1.8 21 12 4 12 58% 306 1668 234 195%
c -  4.01 23 20 20 45 8406 3 198717 20326 1.8 21 12 4 12 58% 306 1668 234 195%
c u  4.12 25 20 20 45 8520 3 204049 24994 1.9 21 11 4 12 59% 306 1668 234 195%
c v  4.15 26 20 20 45 8520 3 204049 24971 1.9 21 11 4 12 59% 306 1668 234 195%
c w  4.16 26 20 20 45 8520 3 204049 24964 1.9 21 11 4 12 59% 306 1668 234 195%
c -  4.36 31 20 20 46 8527 3 205425 22209 1.9 21 11 4 12 59% 306 1668 234 195%
c -  4.47 31 19 20 47 8644 3 212207 23922 1.9 21 11 4 12 60% 306 1668 234 195%
c -  4.60 32 19 20 48 8874 3 219063 24658 1.9 21 11 4 12 60% 306 1668 234 195%
c }  4.70 32 19 21 48 9065 3 223432 28629 1.9 21 11 4 12 60% 306 1668 234 195%
c [  4.70 32 28 21 48 9065 1 223432 28629 1.5 28 19 7 20 63% 306 1668 234 195%
c W  4.71 33 28 21 48 9065 1 223432 28629 1.5 28 19 7 20 63% 306 1668 234 195%
c -  4.75 34 27 21 49 9067 1 225994 25215 1.5 27 18 7 20 64% 306 1668 234 195%
c -  4.87 35 27 21 50 9071 1 232994 25452 1.5 27 18 7 20 64% 306 1668 234 195%
c -  5.00 37 26 21 51 9075 1 240065 25399 1.5 27 18 7 20 64% 306 1668 234 195%
c
c seconds   switched    rate          size/glue  tier1    binary      remaining
c        MB   reductions  conflicts         size   tier2    irredundant
c         level    restarts      redundant     glue    trail      variables
c
c s  5.02 37 26 21 51 9076 1 240957 26199 1.5 26 18 7 20 64% 306 1659 234 195%
c e  5.02 37 26 21 51 9076 1 240957 26199 1.5 26 18 7 20 64% 270 1929 198 165%
c ^  5.02 37 26 21 51 9076 1 240957 26199 1.5 26 18 7 20 64% 270 1929 198 165%
c -  5.11 39 26 21 52 9078 1 247206 18036 1.5 26 18 7 19 64% 270 1929 198 165%
c ]  5.18 39 25 22 52 9079 1 251996 21701 1.5 26 17 7 19 64% 270 1929 198 165%
c {  5.18 39 19 22 52 9079 3 251996 21701 1.9 21 11 4 12 60% 270 1929 198 165%
c u  5.21 39 19 22 52 9085 3 252668 22167 1.9 21 11 4 12 60% 270 1929 198 165%
c v  5.23 40 19 22 52 9085 3 252668 21132 1.9 21 11 4 12 60% 270 1929 198 165%
c w  5.24 40 19 22 52 9085 3 252668 18685 1.9 21 11 4 12 60% 270 1929 198 165%
c x  5.25 40 19 22 52 9085 3 252668 18668 1.9 21 11 4 12 60% 270 1871 198 165%
c o  5.25 40 19 22 52 9085 3 252668 18668 1.9 21 11 4 12 60% 270 1871 198 165%
c -  5.27 41 19 22 53 9086 3 254419 17081 1.9 21 11 4 12 60% 270 1871 198 165%
c -  5.37 41 18 22 54 9090 3 261699 21318 1.9 21 11 5 11 62% 270 1871 198 165%
c -  5.49 41 17 22 55 9090 2 269047 23460 1.9 20 11 5 11 62% 270 1871 198 165%
c -  5.62 42 17 22 56 9090 2 276463 25150 1.9 20 11 5 11 63% 270 1871 198 165%
c }  5.75 42 16 23 56 9103 2 283512 31265 1.9 20 10 5 11 64% 270 1871 198 165%
c [  5.75 42 25 23 56 9103 1 283512 31265 1.5 26 17 7 19 64% 270 1871 198 165%
c I  5.75 42 25 23 56 9103 1 283512 31265 1.5 26 17 7 19 64% 270 1871 198 165%
c -  5.76 42 25 23 57 9103 1 283947 26467 1.5 26 17 7 19 64% 270 1871 198 165%
c -  5.86 42 24 23 58 9108 1 291497 27510 1.5 25 17 7 19 64% 270 1871 198 165%
c
c seconds   switched    rate          size/glue  tier1    binary      remaining
c        MB   reductions  conflicts         size   tier2    irredundant
c         level    restarts      redundant     glue    trail      variables
c
c -  5.97 42 24 23 59 9112 1 299115 27535 1.6 25 16 7 19 65% 270 1871 198 165%
c u  6.11 42 24 23 59 9116 1 306346 33745 1.6 25 16 7 19 65% 270 1871 198 165%
c v  6.14 43 24 23 59 9116 1 306346 33612 1.6 25 16 7 19 65% 270 1871 198 165%
c w  6.15 44 24 23 59 9116 1 306346 33594 1.6 25 16 7 19 65% 270 1871 198 165%
c -  6.17 44 24 23 60 9116 1 306796 26919 1.6 25 16 7 18 65% 270 1871 198 165%
c ]  6.31 44 24 24 60 9117 1 314396 33292 1.5 25 16 7 18 65% 270 1871 198 165%
c {  6.31 44 16 24 60 9117 2 314396 33292 1.9 20 10 5 11 64% 270 1871 198 165%
c -  6.32 44 16 24 61 9154 2 314542 25715 1.9 20 10 5 11 64% 270 1871 198 165%
c -  6.49 44 17 24 62 9693 2 322354 27341 1.9 20 10 5 11 64% 270 1871 198 165%
c o  6.50 44 17 24 62 9709 2 322908 27823 1.9 20 10 5 11 64% 270 1871 198 165%
c -  6.70 44 17 24 63 10291 2 330228 29622 1.9 20 11 5 11 64% 270 1871 198 165%
c -  6.88 45 17 24 64 10615 2 338166 31266 1.9 20 10 5 11 65% 270 1871 198 165%
c -  7.05 45 16 24 65 10814 2 346166 32507 1.9 20 10 5 11 65% 270 1871 198 165%
c }  7.17 45 16 25 65 11149 2 351073 37063 1.9 20 10 5 11 65% 270 1871 198 165%
c [  7.17 45 24 25 65 11149 1 351073 37063 1.5 25 16 7 18 65% 270 1871 198 165%
c B  7.17 45 24 25 65 11149 1 351073 37063 1.5 25 16 7 18 65% 270 1871 198 165%
c -  7.24 45 24 25 66 11151 1 354229 32475 1.5 25 17 7 19 65% 270 1871 198 165%
c -  7.38 45 24 25 67 11155 1 362353 31523 1.5 25 17 7 19 65% 270 1871 198 165%
c s  7.40 45 24 25 67 11156 1 363575 32596 1.5 25 17 7 19 65% 270 1866 198 165%
c e  7.40 45 24 25 67 11156 1 363575 32596 1.5 25 17 7 19 65% 240 2166 168 140%
c
c seconds   switched     rate          size/glue  tier1    binary      remaining
c        MB   reductions   conflicts         size   tier2    irredundant
c         level    restarts       redundant     glue    trail      variables
c
c !  7.40 45 24 25 67 11156 1 363575 32596 1.5 25 17 7 19 65% 240 2166 168 140%
c u  7.45 45 24 25 67 11158 1 365840 17560 1.5 25 17 7 19 65% 240 2166 168 140%
c v  7.48 45 24 25 67 11158 1 365840 17414 1.5 25 17 7 19 65% 240 2166 168 140%
c w  7.49 45 24 25 67 11158 1 365840 17222 1.5 25 17 7 19 65% 240 2166 168 140%
c x  7.50 45 24 25 67 11158 1 365840 17221 1.5 25 17 7 19 65% 240 2165 168 140%
c -  7.56 47 24 25 68 11161 1 370540 17636 1.5 25 17 7 18 66% 240 2165 168 140%
c -  7.66 47 23 25 69 11163 1 378786 21568 1.5 25 16 7 18 66% 240 2165 168 140%
c -  7.78 47 23 25 70 11166 1 387092 23934 1.5 25 16 7 18 66% 240 2165 168 140%
c W  7.90 47 23 25 70 11170 1 394785 30483 1.5 24 16 7 18 67% 240 2165 168 140%
c -  7.91 47 23 25 71 11170 1 395458 25661 1.5 24 16 7 18 67% 240 2165 168 140%
c -  8.03 47 23 25 72 11176 1 403884 27297 1.5 24 16 7 18 67% 240 2165 168 140%
c ]  8.10 47 22 26 72 11177 1 408264 31272 1.6 24 16 7 18 67% 240 2165 168 140%
c {  8.10 47 16 26 72 11177 2 408264 31272 1.9 20 10 5 11 65% 240 2165 168 140%
c o  8.10 47 16 26 72 11179 2 408287 31294 1.9 20 10 5 11 65% 240 2165 168 140%
c -  8.17 47 16 26 73 11307 2 412371 28383 1.9 20 10 5 11 65% 240 2165 168 140%
c -  8.31 47 16 26 74 11503 2 420915 30145 2.0 20 10 5 11 66% 240 2165 168 140%
c -  8.46 47 16 26 75 11782 2 429518 30848 2.0 20 10 5 11 66% 240 2165 168 140%
c u  8.50 47 16 26 75 11782 2 430000 31164 2.0 20 10 5 11 66% 240 2165 168 140%
c v  8.54 47 16 26 75 11782 2 430000 31136 2.0 20 10 5 11 66% 240 2165 168 140%
c w  8.55 47 16 26 75 11782 2 430000 31130 2.0 20 10 5 11 66% 240 2165 168 140%
c
c seconds   switched     rate          size/glue  tier1    binary      remaining
c        MB   reductions   conflicts         size   tier2    irredundant
c         level    restarts       redundant     glue    trail      variables
c
c -  8.70 47 16 26 76 12086 2 438179 31844 2.0 20 10 5 11 67% 240 2165 168 140%
c -  8.86 47 16 26 77 12304 2 446899 33436 2.0 20 10 5 11 67% 240 2165 168 140%
c }  8.94 47 16 27 77 12564 2 450485 36569 2.0 20 10 5 11 67% 240 2165 168 140%
c [  8.94 47 22 27 77 12564 1 450485 36569 1.6 24 16 7 18 67% 240 2165 168 140%
c O  8.94 47 22 27 77 12564 1 450485 36569 1.6 24 16 7 18 67% 240 2165 168 140%
c -  9.02 47 23 27 78 12568 1 455673 32627 1.5 25 16 7 18 68% 240 2165 168 140%
c -  9.17 47 24 27 79 12572 1 464505 30699 1.5 25 16 7 18 68% 240 2165 168 140%
c -  9.34 47 24 27 80 12577 1 473395 30862 1.5 25 16 7 18 68% 240 2165 168 140%
c -  9.51 47 24 27 81 12578 1 482340 32361 1.5 25 16 7 18 69% 240 2165 168 140%
c ]  9.64 47 24 28 81 12583 1 489059 38132 1.5 25 16 7 18 69% 240 2165 168 140%
c {  9.64 47 16 28 81 12583 2 489059 38132 2.0 20 10 5 11 67% 240 2165 168 140%
c -  9.70 47 16 28 82 12669 2 491340 34235 2.0 20 10 5 11 67% 240 2165 168 140%
c o  9.86 47 16 28 82 13082 2 498499 40860 2.0 20 10 5 11 67% 240 2165 168 140%
c u  9.93 51 16 28 82 13144 2 500080 42075 2.0 20 10 5 11 67% 240 2165 168 140%
c v  9.98 52 16 28 82 13144 2 500080 41900 2.0 20 10 5 11 67% 240 2165 168 140%
c w 10.00 52 16 28 82 13144 2 500080 41856 2.0 20 10 5 11 67% 240 2165 168 140%
c - 10.25 55 16 28 83 13160 2 500399 33158 2.0 20 10 4 11 67% 240 2165 168 140%
c - 10.44 55 15 28 84 13489 2 509509 34504 2.0 20 10 4 11 68% 240 2165 168 140%
c - 10.63 55 15 28 85 13842 2 518674 35304 2.0 20 10 4 11 68% 240 2165 168 140%
c - 10.82 55 15 28 86 14171 2 527893 35912 2.0 20 10 4 11 68% 240 2165 168 140%
c
c seconds   switched     rate          size/glue  tier1    binary      remaining
c        MB   reductions   conflicts         size   tier2    irredundant
c         level    restarts       redundant     glue    trail      variables
c
c - 11.00 55 15 28 87 14425 2 537167 36502 2.0 20 10 4 10 68% 240 2165 168 140%
c } 11.00 55 15 29 87 14431 2 537198 36531 2.0 20 10 4 10 68% 240 2165 168 140%
c [ 11.00 55 24 29 87 14431 1 537198 36531 1.5 25 16 7 18 69% 240 2165 168 140%
c B 11.00 55 24 29 87 14431 1 537198 36531 1.5 25 16 7 18 69% 240 2165 168 140%
c - 11.18 56 24 29 88 14437 1 546494 35029 1.5 25 17 7 18 69% 240 2165 168 140%
c - 11.35 56 24 29 89 14443 1 555874 32424 1.5 25 17 7 18 69% 240 2165 168 140%
c - 11.53 56 24 29 90 14445 1 565307 31948 1.5 25 17 7 18 69% 240 2165 168 140%
c - 11.71 56 24 29 91 14449 1 574793 33154 1.5 25 17 7 18 69% 240 2165 168 140%
c u 11.77 56 24 29 91 14450 1 576191 34092 1.5 25 17 7 18 70% 240 2165 168 140%
c v 11.81 56 24 29 91 14450 1 576191 34008 1.5 25 17 7 18 70% 240 2165 168 140%
c w 11.82 56 24 29 91 14450 1 576191 32741 1.5 25 17 7 18 70% 240 2165 168 140%
c x 11.83 56 24 29 91 14450 1 576191 32741 1.5 25 17 7 18 70% 240 2162 168 140%
c - 11.99 56 24 29 92 14454 1 584333 32482 1.5 25 17 7 18 70% 240 2162 168 140%
c ] 12.04 56 24 30 92 14456 1 587055 34898 1.5 25 17 7 18 70% 240 2162 168 140%
c { 12.04 56 15 30 92 14456 2 587055 34898 2.0 20 10 4 10 68% 240 2162 168 140%
c - 12.20 56 15 30 93 14821 2 593924 34886 2.0 20 10 4 10 69% 240 2162 168 140%
c o 12.30 56 15 30 93 15030 2 598789 39422 2.0 20 10 4 10 69% 240 2162 168 140%
c - 12.40 56 15 30 94 15235 2 603567 38397 2.0 20 10 4 10 69% 240 2162 168 140%
c - 12.60 56 15 30 95 15561 2 613262 40228 2.1 20 10 4 10 69% 240 2162 168 140%
c - 12.84 60 15 30 96 16166 2 623009 41168 2.1 20 10 4 10 69% 240 2162 168 140%
c
c seconds   switched     rate          size/glue  tier1    binary      remaining
c        MB   reductions   conflicts         size   tier2    irredundant
c         level    restarts       redundant     glue    trail      variables
c
c - 13.10 60 15 30 97 16807 2 632806 41977 2.0 20 10 4 10 69% 240 2162 168 140%
c } 13.28 60 14 31 97 17072 2 641490 49894 2.1 20 10 4 10 69% 240 2162 168 140%
c [ 13.28 60 24 31 97 17072 1 641490 49894 1.5 25 17 7 18 70% 240 2162 168 140%
c W 13.29 60 24 31 97 17072 1 641490 49894 1.5 25 17 7 18 70% 240 2162 168 140%
c - 13.32 60 24 31 98 17073 1 642654 42462 1.5 25 17 7 18 70% 240 2162 168 140%
c - 13.51 61 25 31 99 17078 1 652553 40521 1.5 25 17 7 18 70% 240 2162 168 140%
c u 13.68 65 25 31 99 17082 1 658421 45436 1.5 25 17 7 18 70% 240 2162 168 140%
c v 13.73 65 25 31 99 17082 1 658421 45184 1.5 25 17 7 18 70% 240 2162 168 140%
c w 13.75 66 25 31 99 17082 1 658421 45033 1.5 25 17 7 18 70% 240 2162 168 140%
c - 13.84 66 25 31 100 17085 1 662503 38002 1.5 25 17 7 18 70% 240 2162 168 140%
c - 14.03 66 24 31 101 17086 1 672507 39608 1.5 25 17 7 18 70% 240 2162 168 140%
c - 14.24 66 23 31 102 17092 1 682556 42087 1.5 24 16 7 18 71% 240 2162 168 140%
c - 14.43 66 24 31 103 17098 1 692657 40891 1.5 24 16 7 18 71% 240 2162 168 140%
c ] 14.55 66 24 32 103 17100 1 698238 45643 1.5 24 17 7 18 71% 240 2162 168 140%
c { 14.55 66 14 32 103 17100 2 698238 45643 2.1 20 10 4 10 69% 240 2162 168 140%
c - 14.67 66 14 32 104 17371 2 702807 39412 2.1 20 10 4 10 69% 240 2162 168 140%
c o 14.82 66 14 32 104 17795 2 708790 44841 2.1 20 10 4 10 69% 240 2162 168 140%
c - 14.94 66 15 32 105 18132 2 713006 42507 2.1 20 10 4 10 69% 240 2162 168 140%
c - 15.16 66 14 32 106 18413 2 723252 45161 2.1 20 9 4 10 70% 240 2162 168 140%
c - 15.43 66 14 32 107 18979 2 733547 46520 2.1 20 9 4 10 69% 240 2162 168 140%
c
c seconds   switched      rate          size/glue  tier1    binary      remaining
c        MB   reductions    conflicts         size   tier2    irredundant
c         level     restarts       redundant     glue    trail      variables
c
c - 15.77 66 14 32 108 19932 2 743891 47087 2.0 19 10 4 10 70% 240 2162 168 140%
c u 15.89 71 14 32 108 19946 2 746868 49623 2.0 20 10 4 10 70% 240 2162 168 140%
c v 15.96 71 14 32 108 19946 2 746868 49582 2.0 20 10 4 10 70% 240 2162 168 140%
c w 15.99 71 14 32 108 19946 2 746868 49572 2.0 20 10 4 10 70% 240 2162 168 140%
c - 16.21 71 15 32 109 20526 2 754283 47589 2.0 20 10 4 10 70% 240 2162 168 140%
c } 16.35 71 15 33 109 20820 2 759342 52194 2.0 20 10 4 10 70% 240 2162 168 140%
c [ 16.35 71 24 33 109 20820 1 759342 52194 1.5 24 17 7 18 71% 240 2162 168 140%
c I 16.35 71 24 33 109 20820 1 759342 52194 1.5 24 17 7 18 71% 240 2162 168 140%
c - 16.45 71 24 33 110 20824 1 764723 47914 1.5 24 16 6 18 71% 240 2162 168 140%
c - 16.66 71 23 33 111 20829 1 775211 47045 1.5 24 16 6 18 71% 240 2162 168 140%
c - 16.88 71 22 33 112 20834 1 785748 46732 1.5 24 16 6 17 71% 240 2162 168 140%
c - 17.08 71 22 33 113 20837 1 796332 46646 1.5 23 16 6 17 70% 240 2162 168 140%
c - 17.28 71 22 33 114 20844 1 806962 46021 1.5 23 15 6 17 70% 240 2162 168 140%
c - 17.48 71 21 33 115 20849 1 817641 46990 1.5 23 15 6 17 70% 240 2162 168 140%
c B 17.66 71 21 33 115 20850 1 827024 54579 1.5 23 15 6 17 70% 240 2162 168 140%
c - 17.69 71 21 33 116 20850 1 828364 46683 1.5 23 15 6 17 70% 240 2162 168 140%
c ] 17.90 72 23 34 116 20850 1 839003 56563 1.5 24 16 6 17 71% 240 2162 168 140%
c { 17.90 72 15 34 116 20850 2 839003 56563 2.0 20 10 4 10 70% 240 2162 168 140%
c o 17.90 72 15 34 116 20860 2 839049 56607 2.0 20 10 4 10 70% 240 2162 168 140%
c - 17.91 72 15 34 117 20877 2 839134 43380 2.0 20 10 4 10 70% 240 2162 168 140%
c
c seconds   switched      rate          size/glue  tier1    binary      remaining
c        MB   reductions    conflicts         size   tier2    irredundant
c         level     restarts       redundant     glue    trail      variables
c
c u 18.09 72 15 34 117 21370 2 841602 45242 2.0 20 10 4 10 69% 240 2162 168 140%
c v 18.15 72 15 34 117 21370 2 841602 44158 2.0 20 10 4 10 69% 240 2162 168 140%
c w 18.17 72 15 34 117 21370 2 841602 43353 2.0 20 10 4 10 69% 240 2162 168 140%
c - 18.59 72 16 34 118 22996 2 849950 41083 2.0 20 10 4 10 69% 240 2162 168 140%
c - 19.13 75 16 34 119 25167 2 860813 44388 1.9 20 10 4 10 68% 240 2162 168 140%
c - 19.67 75 17 34 120 27170 3 871721 47021 1.8 20 11 4 10 67% 240 2162 168 140%
c - 20.18 75 18 34 121 28925 3 882675 49376 1.8 20 11 4 10 66% 240 2162 168 140%
c - 20.73 75 18 34 122 30588 3 893675 51205 1.8 20 11 4 11 66% 240 2162 168 140%
c - 21.24 75 18 34 123 31921 3 904720 52901 1.7 20 12 4 11 66% 240 2162 168 140%
c } 21.34 75 19 35 123 32106 3 907151 55063 1.7 20 12 4 11 66% 240 2162 168 140%
c [ 21.34 75 23 35 123 32106 1 907151 55063 1.5 24 16 6 17 71% 240 2162 168 140%
c W 21.37 75 23 35 123 32106 1 907151 55063 1.5 24 16 6 17 71% 240 2162 168 140%
c - 21.59 75 23 35 124 32112 1 915810 54810 1.5 24 16 6 17 71% 240 2162 168 140%
c s 21.82 75 22 35 124 32117 1 925378 63016 1.5 23 15 6 17 71% 240 2156 168 140%
c - 21.87 75 22 35 125 32118 1 926945 56042 1.5 23 15 6 17 71% 240 2156 168 140%
c - 22.16 76 22 35 126 32120 1 938125 56311 1.5 23 15 6 17 71% 240 2156 168 140%
c u 22.36 77 21 35 126 32123 1 942698 59572 1.5 23 15 6 17 71% 240 2156 168 140%
c v 22.47 77 21 35 126 32123 1 942698 59201 1.5 23 15 6 17 71% 240 2156 168 140%
c w 22.51 77 21 35 126 32123 1 942698 59028 1.5 23 15 6 17 71% 240 2156 168 140%
c x 22.53 77 21 35 126 32123 1 942698 58984 1.5 23 15 6 17 71% 240 2052 168 140%
c
c seconds   switched      rate          size/glue  tier1    binary      remaining
c        MB   reductions    conflicts         size   tier2    irredundant
c         level     restarts       redundant     glue    trail      variables
c
c - 22.70 77 21 35 127 32127 1 949351 54863 1.5 23 15 6 17 71% 240 2052 168 140%
c - 22.99 77 22 35 128 32134 1 960621 53591 1.5 23 15 6 17 71% 240 2052 168 140%
c - 23.32 77 22 35 129 32135 1 971935 51748 1.5 24 15 6 17 71% 240 2052 168 140%
c - 23.66 77 22 35 130 32136 1 983292 51393 1.5 24 16 6 17 71% 240 2052 168 140%
c O 23.72 77 22 35 130 32136 1 985579 53336 1.5 24 16 6 17 71% 240 2052 168 140%
c o 23.72 77 22 35 130 32136 1 985579 53336 1.5 24 16 6 17 71% 240 2052 168 140%
c - 23.92 77 22 35 131 32141 1 994694 52710 1.5 24 16 6 17 71% 240 2052 168 140%
c - 24.19 77 22 35 132 32147 1 1006139 53537 1.5 24 15 6 17 71% 240 2052 168 140%
c - 24.46 77 22 35 133 32151 1 1017632 53907 1.5 24 15 6 17 71% 240 2052 168 140%
c - 24.74 77 22 35 134 32157 1 1029164 54740 1.5 24 15 6 17 71% 240 2052 168 140%
c ] 24.98 77 22 36 134 32162 1 1039410 63281 1.5 23 15 6 17 71% 240 2052 168 140%
c { 24.98 77 19 36 134 32162 3 1039410 63281 1.7 20 12 4 11 66% 240 2052 168 140%
c - 25.03 77 18 36 135 32208 3 1040739 56283 1.7 20 12 4 11 66% 240 2052 168 140%
c u 25.37 79 18 36 135 32314 3 1051097 65151 1.8 20 11 4 11 66% 240 2052 168 140%
c v 25.47 79 18 36 135 32314 3 1051097 64741 1.8 20 11 4 11 66% 240 2052 168 140%
c w 25.51 79 18 36 135 32314 3 1051097 64022 1.8 20 11 4 11 66% 240 2052 168 140%
c - 26.10 85 18 36 136 32335 3 1052358 57278 1.8 20 11 4 11 66% 240 2052 168 140%
c - 26.38 85 18 36 137 32424 2 1064019 58522 1.8 20 11 4 11 67% 240 2052 168 140%
c - 26.70 85 17 36 138 32604 2 1075723 59216 1.8 20 11 4 10 67% 240 2052 168 140%
c - 27.04 85 17 36 139 32869 2 1087471 59846 1.8 20 11 4 10 67% 240 2052 168 140%
c
c seconds   switched      rate           size/glue  tier1    binary      remaining
c        MB   reductions     conflicts         size   tier2    irredundant
c         level     restarts        redundant     glue    trail      variables
c
c - 27.36 85 17 36 140 33051 2 1099260 60757 1.8 20 11 4 10 67% 240 2052 168 140%
c - 27.69 85 16 36 141 33158 2 1111092 61576 1.9 20 10 4 10 67% 240 2052 168 140%
c } 27.80 85 16 37 141 33213 2 1114966 64998 1.9 20 10 4 10 67% 240 2052 168 140%
c [ 27.80 85 22 37 141 33213 1 1114966 64998 1.5 23 15 6 17 71% 240 2052 168 140%
c B 27.80 85 22 37 141 33213 1 1114966 64998 1.5 23 15 6 17 71% 240 2052 168 140%
c - 28.00 86 22 37 142 33218 1 1122969 59828 1.5 23 15 6 17 71% 240 2052 168 140%
c o 28.13 86 22 37 142 33221 1 1128316 64476 1.5 24 16 6 17 71% 240 2052 168 140%
c - 28.30 86 22 37 143 33225 1 1134886 56253 1.5 24 16 6 17 71% 240 2052 168 140%
c - 28.59 86 22 37 144 33227 1 1146845 56674 1.5 23 16 6 17 71% 240 2052 168 140%
c - 28.90 86 22 37 145 33234 1 1158847 59004 1.5 23 15 6 17 71% 240 2052 168 140%
c u 29.15 86 22 37 145 33239 1 1166058 64690 1.5 23 15 6 17 71% 240 2052 168 140%
c v 29.22 86 22 37 145 33239 1 1166058 64216 1.5 23 15 6 17 71% 240 2052 168 140%
c w 29.25 86 22 37 145 33239 1 1166058 63937 1.5 23 15 6 17 71% 240 2052 168 140%
c x 29.28 86 22 37 145 33239 1 1166058 63937 1.5 23 15 6 17 71% 240 2038 168 140%
c - 29.42 86 22 37 146 33241 1 1170888 58796 1.5 23 15 6 16 71% 240 2038 168 140%
c - 29.73 86 21 37 147 33243 1 1182975 58514 1.5 22 15 6 16 71% 240 2038 168 140%
c ] 29.90 86 21 38 147 33243 1 1189255 63752 1.5 22 15 6 16 71% 240 2038 168 140%
c { 29.90 86 16 38 147 33243 2 1189255 63752 1.9 20 10 4 10 67% 240 2038 168 140%
c - 30.05 86 16 38 148 33257 2 1195099 60907 1.9 20 10 4 10 67% 240 2038 168 140%
c - 30.36 86 15 38 149 33260 2 1207264 63750 1.9 19 10 4 10 68% 240 2038 168 140%
c
c seconds   switched      rate           size/glue  tier1    binary      remaining
c        MB   reductions     conflicts         size   tier2    irredundant
c         level     restarts        redundant     glue    trail      variables
c
c - 30.70 86 15 38 150 33263 2 1219471 65219 2.0 19 10 4 10 68% 240 2038 168 140%
c - 31.07 86 14 38 151 33279 2 1231719 66097 2.0 19 10 4 10 69% 240 2038 168 140%
c - 31.42 86 14 38 152 33282 2 1244007 66948 2.0 19 9 4 10 69% 240 2038 168 140%
c - 31.77 86 13 38 153 33287 2 1256335 66656 2.0 19 9 4 10 70% 240 2038 168 140%
c - 32.12 86 13 38 154 33309 2 1268704 66439 2.1 19 9 4 10 70% 240 2038 168 140%
c } 32.23 86 13 39 154 33339 1 1272588 69956 2.1 19 9 4 10 70% 240 2038 168 140%
c [ 32.23 86 21 39 154 33339 1 1272588 69956 1.5 22 15 6 16 71% 240 2038 168 140%
c W 32.24 86 21 39 154 33339 1 1272588 69956 1.5 22 15 6 16 71% 240 2038 168 140%
c - 32.44 86 21 39 155 33345 1 1281113 64507 1.5 23 15 6 16 70% 240 2038 168 140%
c u 32.69 86 21 39 155 33348 1 1287784 69660 1.5 23 15 6 16 70% 240 2038 168 140%
c v 32.81 87 21 39 155 33348 1 1287784 69601 1.5 23 15 6 16 70% 240 2038 168 140%
c w 32.85 87 21 39 155 33348 1 1287784 69576 1.5 23 15 6 16 70% 240 2038 168 140%
c o 32.86 87 21 39 155 33348 1 1287784 69576 1.5 23 15 6 16 70% 240 2038 168 140%
c - 33.02 88 21 39 156 33352 1 1293562 62221 1.5 22 15 6 16 70% 240 2038 168 140%
c - 33.35 88 21 39 157 33354 1 1306051 62775 1.5 23 15 6 16 70% 240 2038 168 140%
c - 33.71 88 21 39 158 33361 1 1318581 63132 1.5 23 15 6 16 70% 240 2038 168 140%
c - 34.04 88 20 39 159 33368 1 1331152 64750 1.5 22 15 6 16 70% 240 2038 168 140%
c - 34.39 88 20 39 160 33369 1 1343761 65369 1.6 22 14 6 16 70% 240 2038 168 140%
c - 34.73 88 20 39 161 33371 1 1356411 66133 1.6 22 14 5 16 70% 240 2038 168 140%
c ] 34.74 88 20 40 161 33371 1 1356749 66443 1.6 22 14 5 16 70% 240 2038 168 140%
c
c seconds   switched      rate           size/glue tier1    binary      remaining
c        MB   reductions     conflicts         size  tier2    irredundant
c         level     restarts        redundant    glue    trail      variables
c
c { 34.74 88 13 40 161 33371 1 1356749 66443 2.1 19 9 4 10 70% 240 2038 168 140%
c - 35.26 88 13 40 162 34530 2 1369100 67350 2.0 19 9 4 10 69% 240 2038 168 140%
c - 35.80 88 13 40 163 35621 2 1381827 68138 2.0 19 9 4 10 69% 240 2038 168 140%
c - 36.31 88 13 40 164 36499 2 1394594 69103 2.0 19 9 4 10 69% 240 2038 168 140%
c - 36.91 88 14 40 165 37883 2 1407402 62833 2.0 18 9 3 10 69% 240 2038 168 140%
c u 37.30 88 14 40 165 38379 2 1416226 69565 2.0 18 9 3 10 69% 240 2038 168 140%
c v 37.43 88 14 40 165 38379 2 1416226 69391 2.0 18 9 3 10 69% 240 2038 168 140%
c w 37.49 88 14 40 165 38379 2 1416226 69376 2.0 18 9 3 10 69% 240 2038 168 140%
c - 37.62 89 14 40 166 38511 2 1420248 60082 2.0 18 9 3 10 68% 240 2038 168 140%
c - 38.09 89 14 40 167 39536 2 1433132 59700 1.9 18 9 3 10 68% 240 2038 168 140%
c - 38.46 89 13 40 168 39858 2 1446055 59464 2.0 18 9 3 10 68% 241 2038 168 140%
c } 38.51 89 13 41 168 39895 2 1448223 61411 2.0 18 9 3 10 68% 241 2038 168 140%
c [ 38.51 89 20 41 168 39895 1 1448223 61411 1.6 22 14 5 16 70% 241 2038 168 140%
c I 38.51 89 20 41 168 39895 1 1448223 61411 1.6 22 14 5 16 70% 241 2038 168 140%
c o 38.51 89 20 41 168 39895 1 1448223 61411 1.6 22 14 5 16 70% 241 2038 168 140%
c - 38.77 89 20 41 169 39901 1 1459017 58217 1.6 22 14 5 16 70% 241 2038 168 140%
c - 39.08 89 20 41 170 39908 1 1472017 55905 1.5 22 14 5 16 70% 241 2038 168 140%
c - 39.39 89 20 41 171 39912 1 1485056 54644 1.5 22 14 5 16 70% 241 2038 168 140%
c s 39.51 89 20 41 171 39916 1 1489648 58528 1.5 22 14 5 16 70% 241 2033 168 140%
c - 39.75 89 20 41 172 39920 1 1498133 54649 1.5 22 14 5 16 70% 241 2033 168 140%
c
c seconds   switched      rate           size/glue  tier1    binary      remaining
c        MB   reductions     conflicts         size   tier2    irredundant
c         level     restarts        redundant     glue    trail      variables
c
c - 40.07 89 20 41 173 39924 1 1511247 55261 1.5 22 14 5 16 70% 241 2033 168 140%
c - 40.40 89 20 41 174 39925 1 1524400 54492 1.5 22 14 5 16 70% 241 2033 168 140%
c - 40.72 89 20 41 175 39931 1 1537590 55655 1.5 22 14 5 16 69% 241 2033 168 140%
c B 41.02 89 20 41 175 39938 1 1550000 66099 1.5 22 14 5 16 69% 241 2033 168 140%
c - 41.05 90 20 41 176 39938 1 1550818 53517 1.5 22 14 5 16 69% 241 2033 168 140%
c u 41.13 90 20 41 176 39939 1 1551460 53490 1.5 22 14 5 16 69% 241 2033 168 140%
c v 41.22 90 20 41 176 39939 1 1551460 53060 1.5 22 14 5 16 69% 241 2033 168 140%
c w 41.25 90 20 41 176 39939 1 1551460 52850 1.5 22 14 5 16 69% 241 2033 168 140%
c x 41.27 90 20 41 176 39939 1 1551460 52850 1.5 22 14 5 16 69% 241 2032 168 140%
c - 41.57 90 20 41 177 39941 1 1564085 51157 1.5 22 15 5 16 69% 241 2032 168 140%
c - 41.90 90 20 41 178 39949 1 1577390 51352 1.5 22 15 5 16 70% 241 2032 168 140%
c ] 42.02 90 20 42 178 39953 1 1582579 55986 1.5 22 15 5 16 69% 241 2032 168 140%
c { 42.02 90 13 42 178 39953 2 1582579 55986 2.0 18 9 3 10 68% 241 2032 168 140%
c - 42.26 90 13 42 179 40355 2 1590733 54539 2.0 18 9 3 10 68% 241 2032 168 140%
c - 42.72 90 13 42 180 41356 2 1604112 57992 2.0 18 9 3 10 68% 242 2032 168 140%
c - 43.23 90 14 42 181 42621 2 1617528 59935 2.0 18 9 3 10 68% 242 2032 168 140%
c o 43.27 90 14 42 181 42716 2 1618726 60964 2.0 18 9 3 10 68% 242 2032 168 140%
c - 43.69 90 14 42 182 43340 2 1630981 60952 2.0 18 9 3 10 68% 243 2032 168 140%
c - 44.13 90 14 42 183 44071 2 1644472 61611 2.0 18 9 3 10 68% 243 2032 168 140%
c - 44.64 90 14 42 184 45092 2 1658000 62046 1.9 18 9 3 10 68% 243 2032 168 140%
c
c seconds   switched      rate           size/glue tier1    binary      remaining
c        MB   reductions     conflicts         size  tier2    irredundant
c         level     restarts        redundant    glue    trail      variables
c
c - 45.08 90 14 42 185 45735 2 1671567 62749 2.0 18 9 3 10 68% 243 2032 168 140%
c } 45.44 90 14 43 185 46354 2 1682552 72360 2.0 18 9 3 10 68% 243 2032 168 140%
c [ 45.44 90 20 43 185 46354 1 1682552 72360 1.5 22 15 5 16 69% 243 2032 168 140%
c W 45.47 90 20 43 185 46354 1 1682552 72360 1.5 22 15 5 16 69% 243 2032 168 140%
c - 45.54 93 20 43 186 46356 1 1685168 62920 1.5 22 15 5 16 69% 243 2032 168 140%
c u 45.84 96 20 43 186 46360 1 1693576 68804 1.5 22 15 5 16 69% 243 2032 168 140%
c v 45.98 96 20 43 186 46360 1 1693576 68718 1.5 22 15 5 16 69% 243 2032 168 140%
c w 46.04 96 20 43 186 46360 1 1693576 68538 1.5 22 15 5 16 69% 243 2032 168 140%
c - 46.17 96 20 43 187 46363 1 1698809 59588 1.5 22 15 5 16 69% 243 2032 168 140%
c - 46.50 96 20 43 188 46368 1 1712485 57104 1.5 22 15 5 16 69% 243 2032 168 140%
c - 46.88 96 20 43 189 46375 1 1726197 57061 1.5 22 15 5 16 69% 243 2032 168 140%
c - 47.20 96 20 43 190 46382 1 1739944 59081 1.5 22 15 5 16 69% 243 2032 168 140%
c - 47.54 96 20 43 191 46384 1 1753728 57916 1.5 22 15 5 16 69% 243 2032 168 140%
c - 47.88 96 20 43 192 46387 1 1767549 55854 1.5 22 15 5 15 69% 243 2032 168 140%
c - 48.23 96 20 43 193 46395 1 1781405 56845 1.5 22 15 5 15 69% 243 2032 168 140%
c - 48.62 96 20 43 194 46399 1 1795298 57717 1.5 22 15 5 15 68% 243 2032 168 140%
c O 48.65 96 20 43 194 46399 1 1796891 59202 1.5 22 15 5 15 68% 243 2032 168 140%
c - 48.96 96 22 43 195 46406 1 1809228 55965 1.5 23 16 5 15 68% 243 2032 168 140%
c ] 49.05 96 22 44 195 46409 1 1812758 59183 1.5 23 16 5 15 68% 243 2032 168 140%
c { 49.05 96 14 44 195 46409 2 1812758 59183 2.0 18 9 3 10 68% 243 2032 168 140%
c
c seconds   switched      rate           size/glue tier1    binary      remaining
c        MB   reductions     conflicts         size  tier2    irredundant
c         level     restarts        redundant    glue    trail      variables
c
c o 49.05 96 14 44 195 46416 2 1812800 59214 2.0 18 9 3 10 68% 243 2032 168 140%
c - 49.44 97 14 44 196 47194 2 1823193 53839 1.9 18 9 3 10 68% 243 2032 168 140%
c s 49.82 97 14 44 196 47951 2 1835221 64422 1.9 18 9 3 10 68% 243 2014 168 140%
c - 49.92 97 14 44 197 48199 2 1837194 59694 1.9 18 9 3 10 68% 243 2014 168 140%
c u 50.19 97 14 44 197 48418 2 1842575 63595 1.9 18 9 3 10 68% 243 2014 168 140%
c v 50.31 97 14 44 197 48418 2 1842575 63443 1.9 18 9 3 10 68% 243 2014 168 140%
c w 50.36 97 14 44 197 48418 2 1842575 63432 1.9 18 9 3 10 68% 243 2014 168 140%
c - 50.60 97 14 44 198 48747 2 1851230 61654 1.9 18 9 3 9 67% 243 2014 168 140%
c - 51.11 97 14 44 199 49725 2 1865302 62895 1.9 18 9 3 9 67% 243 2014 168 140%
c - 51.63 97 14 44 200 50764 2 1879410 64159 1.9 18 9 3 9 67% 243 2014 168 140%
c - 52.11 97 14 44 201 51544 2 1893552 64878 1.9 18 9 3 9 67% 243 2014 168 140%
c - 52.59 97 14 44 202 52356 2 1907729 65695 1.9 18 9 3 9 67% 243 2014 168 140%
c } 53.12 97 14 45 202 53349 2 1921591 77669 1.9 18 9 3 9 67% 243 2014 168 140%
c [ 53.12 97 22 45 202 53349 1 1921591 77669 1.5 23 16 5 15 68% 243 2014 168 140%
c B 53.12 97 22 45 202 53349 1 1921591 77669 1.5 23 16 5 15 68% 243 2014 168 140%
c - 53.14 97 22 45 203 53349 1 1921941 66008 1.5 23 16 5 15 68% 243 2014 168 140%
c - 53.49 98 22 45 204 53358 1 1936193 62332 1.5 23 16 5 15 68% 243 2014 168 140%
c - 53.83 98 22 45 205 53363 1 1950475 58266 1.5 23 16 5 15 68% 243 2014 168 140%
c - 54.19 98 22 45 206 53370 1 1964793 58843 1.5 23 16 5 15 69% 243 2014 168 140%
c - 54.57 98 22 45 207 53378 1 1979146 59330 1.5 23 15 5 15 69% 243 2014 168 140%
c
c seconds   switched      rate           size/glue  tier1    binary      remaining
c        MB   reductions     conflicts         size   tier2    irredundant
c         level     restarts        redundant     glue    trail      variables
c
c - 54.96 98 21 45 208 53379 1 1993533 60431 1.5 23 15 5 15 69% 243 2014 168 140%
c u 55.24 98 21 45 208 53379 1 1998768 64086 1.5 23 15 5 15 69% 243 2014 168 140%
c v 55.39 98 21 45 208 53379 1 1998768 63630 1.5 23 15 5 15 69% 243 2014 168 140%
c w 55.45 98 21 45 208 53379 1 1998768 62306 1.5 23 15 5 15 69% 243 2014 168 140%
c - 56.73 119 21 45 209 53383 1 2007956 58704 1.5 23 15 5 15 69% 243 2014 168 140%
c - 57.13 119 21 45 210 53392 1 2022414 59893 1.6 23 15 5 15 69% 243 2014 168 140%
c - 57.54 119 21 45 211 53395 1 2036907 61003 1.5 23 15 5 15 69% 243 2014 168 140%
c W 57.88 119 21 45 211 53402 1 2049059 71778 1.6 23 15 5 15 69% 243 2014 168 140%
c o 57.88 119 21 45 211 53402 1 2049059 71778 1.6 23 15 5 15 69% 243 2014 168 140%
c - 57.94 123 21 45 212 53404 1 2051433 61228 1.6 23 15 5 15 69% 243 2014 168 140%
c ] 58.11 123 21 46 212 53408 1 2057707 66864 1.6 23 15 5 15 70% 243 2014 168 140%
c { 58.11 123 14 46 212 53408 2 2057707 66864 1.9 18 9 3 9 67% 243 2014 168 140%
c - 58.38 124 14 46 213 53722 2 2065994 62349 1.9 18 9 3 9 67% 243 2014 168 140%
c - 58.87 124 14 46 214 54325 2 2080588 65617 1.9 18 9 3 9 67% 244 2014 168 140%
c - 59.38 124 14 46 215 55150 2 2095217 67332 1.9 18 9 3 9 67% 244 2014 168 140%
c - 59.92 124 14 46 216 56181 2 2109879 68027 1.9 18 9 3 9 67% 244 2014 168 140%
c - 60.41 124 13 46 217 56836 2 2124575 68883 1.9 18 9 3 9 67% 246 2014 168 140%
c - 60.92 124 13 46 218 57598 2 2139305 69901 1.9 18 9 3 9 67% 246 2014 168 140%
c - 61.48 124 13 46 219 58645 2 2154070 70678 1.9 18 9 3 9 67% 246 2014 168 140%
c u 61.88 126 13 46 219 59159 2 2161947 77054 1.9 18 9 3 9 67% 247 2014 168 140%
c
c seconds    switched      rate           size/glue tier1   binary      remaining
c         MB   reductions     conflicts         size  tier2   irredundant
c          level     restarts        redundant    glue   trail      variables
c
c v 62.00 126 13 46 219 59159 2 2161947 76920 1.9 18 9 3 9 67% 247 2014 168 140%
c w 62.04 126 13 46 219 59159 2 2161947 76891 1.9 18 9 3 9 67% 247 2014 168 140%
c x 62.07 126 13 46 219 59159 2 2161947 76889 1.9 18 9 3 9 67% 247 1990 168 140%
c - 62.33 126 13 46 220 59533 2 2168869 70522 1.9 18 9 3 9 67% 248 1990 168 140%
c } 62.55 126 13 47 220 59784 2 2175753 76509 1.9 18 9 3 9 67% 248 1990 168 140%
c [ 62.55 126 21 47 220 59784 1 2175753 76509 1.6 23 15 5 15 70% 248 1990 168 140%
c I 62.73 126 21 47 220 59789 1 2183299 82943 1.6 23 15 5 15 69% 249 1990 168 140%
c - 62.75 126 21 47 221 59789 1 2183704 70710 1.6 23 15 5 15 69% 249 1990 168 140%
c - 63.12 127 20 47 222 59797 1 2198571 68284 1.6 23 14 5 15 69% 249 1990 168 140%
c - 63.51 127 20 47 223 59802 1 2213470 66620 1.6 22 14 5 15 68% 249 1990 168 140%
c s 63.80 127 20 47 223 59809 1 2225101 76020 1.6 22 14 5 15 68% 249 1985 168 140%
c - 63.90 127 20 47 224 59811 1 2228403 68838 1.6 22 14 5 15 68% 250 1985 168 140%
c - 64.28 127 20 47 225 59814 1 2243369 67003 1.6 22 14 5 15 68% 250 1985 168 140%
c - 64.68 127 20 47 226 59815 1 2258370 63734 1.6 22 14 5 15 67% 250 1985 168 140%
c - 65.12 127 20 47 227 59824 1 2273404 64347 1.6 23 14 5 15 67% 250 1985 168 140%
c - 65.55 127 20 47 228 59829 1 2288471 65489 1.5 23 15 5 15 67% 250 1985 168 140%
c - 65.96 128 20 47 229 59837 1 2303570 66185 1.6 23 15 5 15 67% 250 1985 168 140%
c - 66.42 128 20 47 230 59844 1 2318703 66604 1.5 23 15 5 15 67% 250 1985 168 140%
c ] 66.53 128 20 48 230 59844 1 2322882 69959 1.5 23 15 5 15 66% 250 1985 168 140%
c { 66.53 128 13 48 230 59844 2 2322882 69959 1.9 18 9 3 9 67% 250 1985 168 140%
c
c seconds    switched      rate           size/glue tier1   binary      remaining
c         MB   reductions     conflicts         size  tier2   irredundant
c          level     restarts        redundant    glue   trail      variables
c
c o 66.54 128 13 48 230 59862 2 2323147 70180 1.9 18 9 3 9 67% 250 1985 168 140%
c u 67.02 128 13 48 230 60455 2 2332488 77581 1.9 18 9 3 9 67% 250 1985 168 140%
c v 67.18 128 13 48 230 60455 2 2332488 77318 1.9 18 9 3 9 67% 250 1985 168 140%
c w 67.24 127 13 48 230 60455 2 2332488 77093 1.9 18 9 3 9 67% 250 1985 168 140%
c - 67.31 132 13 48 231 60548 2 2333868 67979 1.9 18 9 3 9 67% 250 1985 168 140%
c - 67.87 133 13 48 232 61442 2 2349066 71879 1.9 18 9 3 9 67% 251 1985 168 140%
c - 68.42 133 13 48 233 62274 2 2364301 73266 1.9 18 9 3 9 67% 251 1985 168 140%
c - 69.00 133 13 48 234 63180 2 2379565 74081 1.9 18 9 3 9 66% 252 1984 168 140%
c - 69.60 133 13 48 235 64344 2 2394863 74438 1.9 17 9 3 9 66% 252 1984 168 140%
c - 70.16 133 13 48 236 65231 2 2410192 75480 1.9 18 9 3 9 66% 252 1984 168 140%
c - 70.70 133 13 48 237 65856 2 2425554 76365 1.9 18 9 3 9 66% 254 1984 168 140%
c - 71.28 133 13 48 238 66760 2 2440951 76786 1.9 17 9 3 9 66% 254 1984 168 140%
c } 71.65 133 13 49 238 67337 2 2450493 84989 1.9 17 9 3 9 66% 254 1984 168 140%
c [ 71.65 133 20 49 238 67337 1 2450493 84989 1.5 23 15 5 15 66% 254 1984 168 140%
c B 71.65 133 20 49 238 67337 1 2450493 84989 1.5 23 15 5 15 66% 254 1984 168 140%
c - 71.83 133 21 49 239 67341 1 2456381 75515 1.5 23 15 5 15 67% 254 1984 168 140%
c - 72.28 133 20 49 240 67350 1 2471840 72981 1.5 22 15 5 15 67% 254 1984 168 140%
c - 72.69 133 21 49 241 67354 1 2487332 70601 1.5 23 15 5 15 67% 254 1984 168 140%
c - 73.16 133 21 49 242 67364 1 2502856 67737 1.5 23 15 5 15 68% 254 1984 168 140%
c u 73.50 135 21 49 242 67366 1 2510206 73148 1.5 23 15 5 15 68% 254 1984 168 140%
c
c seconds    switched      rate           size/glue  tier1    binary      remaining
c         MB   reductions     conflicts         size   tier2    irredundant
c          level     restarts        redundant     glue    trail      variables
c
c v 73.62 135 21 49 242 67366 1 2510206 72823 1.5 23 15 5 15 68% 254 1984 168 140%
c w 73.68 136 21 49 242 67366 1 2510206 70805 1.5 23 15 5 15 68% 254 1984 168 140%
c x 73.70 136 21 49 242 67366 1 2510206 70804 1.5 23 15 5 15 68% 254 1966 168 140%
c - 74.00 136 21 49 243 67367 1 2518414 66145 1.5 23 15 5 15 68% 254 1966 168 140%
c - 74.49 136 21 49 244 67369 1 2534002 68881 1.5 23 15 5 15 68% 254 1966 168 140%
c - 74.92 136 20 49 245 67378 1 2549623 72060 1.5 22 15 5 15 68% 254 1966 168 140%
c - 75.36 136 21 49 246 67382 1 2565275 70710 1.5 23 15 4 15 68% 254 1966 168 140%
c - 75.83 136 20 49 247 67392 1 2580962 70042 1.5 23 15 4 15 68% 254 1966 168 140%
c - 76.23 136 21 49 248 67397 1 2596679 70979 1.6 23 15 4 15 68% 254 1966 168 140%
c W 76.34 136 21 49 248 67398 1 2598682 72771 1.6 23 15 4 15 68% 254 1966 168 140%
c o 76.34 136 21 49 248 67398 1 2598682 72771 1.6 23 15 4 15 68% 254 1966 168 140%
c ] 76.55 136 21 50 248 67398 1 2606894 80213 1.6 23 15 4 15 68% 254 1966 168 140%
c { 76.55 136 13 50 248 67398 2 2606894 80213 1.9 17 9 3 9 66% 254 1966 168 140%
c - 76.90 140 14 50 249 68517 2 2612427 70611 1.9 18 9 3 9 66% 254 1966 168 140%
c - 77.79 140 15 50 250 71584 2 2628207 71009 1.8 18 10 3 9 65% 254 1966 168 140%
c - 78.72 141 16 50 251 74521 2 2644020 70545 1.7 18 11 3 9 64% 254 1966 168 140%
c - 79.59 141 17 50 252 76727 2 2659863 72747 1.7 18 11 3 9 64% 254 1966 168 140%
c s 79.66 141 17 50 252 76905 2 2661247 73882 1.7 18 11 3 9 64% 254 1952 168 140%
c - 80.44 141 17 50 253 79029 2 2675740 74812 1.6 19 11 3 9 63% 254 1952 168 140%
c - 81.36 141 18 50 254 80901 2 2691645 76266 1.6 19 12 3 9 63% 254 1952 168 140%
c
c seconds    switched      rate           size/glue  tier1   binary      remaining
c         MB   reductions     conflicts         size   tier2   irredundant
c          level     restarts        redundant     glue   trail      variables
c
c u 81.79 141 18 50 254 81297 2 2695321 78314 1.6 19 12 3 9 63% 254 1952 168 140%
c v 82.03 141 18 50 254 81297 2 2695321 77974 1.6 19 12 3 9 63% 254 1952 168 140%
c w 82.12 140 18 50 254 81297 2 2695321 77784 1.6 19 12 3 9 63% 254 1952 168 140%
c - 82.74 140 18 50 255 82411 2 2707582 76393 1.6 19 12 3 9 62% 254 1952 168 140%
c - 83.64 140 18 50 256 83979 2 2723550 77973 1.6 19 12 3 9 62% 254 1952 168 140%
c - 84.54 140 19 50 257 85534 2 2739551 79267 1.6 19 12 3 9 62% 254 1952 168 140%
c } 84.81 140 19 51 257 86037 2 2744419 83337 1.6 19 12 3 9 62% 254 1952 168 140%
c [ 84.81 140 21 51 257 86037 1 2744419 83337 1.6 23 15 4 15 68% 254 1952 168 140%
c O 85.12 140 21 51 257 86043 1 2754043 91936 1.6 23 15 4 15 68% 254 1952 168 140%
c - 85.18 140 21 51 258 86043 1 2755582 80014 1.6 23 15 4 15 68% 254 1952 168 140%
c - 85.74 140 21 51 259 86051 1 2771647 78739 1.6 23 15 4 15 68% 254 1952 168 140%
c - 86.30 140 21 51 260 86058 1 2787742 78695 1.6 23 15 4 15 67% 254 1952 168 140%
c - 86.81 140 21 51 261 86066 1 2803866 80766 1.6 22 14 4 15 67% 254 1952 168 140%
c - 87.36 140 20 51 262 86067 1 2820021 80683 1.5 22 14 4 15 66% 254 1952 168 140%
c - 87.90 140 20 51 263 86074 1 2836208 82759 1.5 22 14 4 15 65% 254 1952 168 140%
c - 88.42 140 20 51 264 86082 1 2852427 82367 1.5 22 14 4 15 65% 255 1952 168 140%
c - 88.96 140 20 51 265 86089 1 2868676 80794 1.5 21 14 4 15 65% 255 1952 168 140%
c o 89.20 140 20 51 265 86093 1 2876028 86933 1.5 21 14 4 15 64% 255 1952 168 140%
c - 89.46 140 20 51 266 86097 1 2884954 82106 1.5 21 14 4 15 64% 255 1952 168 140%
c u 89.77 141 20 51 266 86097 1 2887878 83549 1.5 21 14 4 15 64% 255 1952 168 140%
c
c seconds    switched      rate           size/glue  tier1    binary      remaining
c         MB   reductions     conflicts         size   tier2    irredundant
c          level     restarts        redundant     glue    trail      variables
c
c v 90.03 141 20 51 266 86097 1 2887878 83001 1.5 21 14 4 15 64% 255 1952 168 140%
c w 90.13 141 20 51 266 86097 1 2887878 80373 1.5 21 14 4 15 64% 255 1952 168 140%
c - 90.56 141 20 51 267 86098 1 2901263 80191 1.5 21 14 4 15 64% 255 1952 168 140%
c B 91.04 141 20 51 267 86099 1 2916706 93658 1.5 21 14 4 15 64% 255 1952 168 140%
c - 91.07 141 20 51 268 86099 1 2917605 80471 1.5 21 14 4 15 64% 255 1952 168 140%
c - 91.56 141 20 51 269 86099 1 2933975 78977 1.5 21 14 4 15 64% 255 1952 168 140%
c - 92.09 141 20 51 270 86106 1 2950376 76932 1.5 21 14 4 15 64% 255 1952 168 140%
c - 92.62 141 19 51 271 86114 1 2966807 79777 1.5 21 14 4 15 64% 255 1952 168 140%
c ] 93.10 141 19 52 271 86120 1 2982606 92774 1.5 20 14 4 15 64% 256 1952 168 140%
c { 93.10 141 19 52 271 86120 2 2982606 92774 1.6 19 12 3 9 62% 256 1952 168 140%
c - 93.13 141 19 52 272 86130 2 2983270 82089 1.6 19 12 3 9 62% 256 1952 168 140%
c - 93.66 141 18 52 273 86182 2 2999762 83118 1.6 19 12 3 9 62% 257 1952 168 140%
c - 94.26 141 17 52 274 86290 2 3016284 85415 1.6 18 11 3 9 62% 257 1952 168 140%
c - 94.83 141 16 52 275 86360 2 3032837 87266 1.7 18 11 3 9 63% 258 1951 168 140%
c - 95.41 141 16 52 276 86467 2 3049421 87429 1.7 18 11 3 9 63% 261 1951 168 140%
c i 95.78 141 15 52 276 86540 2 3059673 95568 1.7 17 10 3 9 63% 270 1951 167 139%
c - 96.03 141 15 52 277 86606 2 3066034 81833 1.7 17 10 3 9 63% 260 1951 167 139%
c i 96.33 141 15 52 277 86611 2 3075518 88883 1.7 17 10 3 9 63% 271 1951 166 138%
c - 96.61 141 15 52 278 86721 2 3082677 77375 1.7 17 10 3 9 63% 256 1951 166 138%
c u 96.93 141 15 52 278 86738 2 3087733 80602 1.7 17 10 3 9 63% 255 1906 166 138%
c
c seconds    switched      rate           size/glue  tier1   binary      remaining
c         MB   reductions     conflicts         size   tier2   irredundant
c          level     restarts        redundant     glue   trail      variables
c
c v 97.09 141 15 52 278 86738 2 3087733 79575 1.7 17 10 3 9 63% 255 1906 166 138%
c w 97.14 141 15 52 278 86738 2 3087733 79537 1.7 17 10 3 9 63% 255 1906 166 138%
c x 97.18 141 15 52 278 86738 2 3087733 79454 1.7 17 10 3 9 63% 255 1751 166 138%
c - 97.61 146 14 52 279 86919 2 3099350 78744 1.7 16 10 3 9 63% 257 1751 166 138%
c o 97.92 146 14 52 279 87078 2 3108014 85717 1.7 16 10 3 9 63% 258 1751 166 138%
c - 98.22 146 14 52 280 87213 2 3116054 84317 1.7 16 10 3 9 63% 258 1751 166 138%
c } 98.77 146 14 53 280 87468 2 3130393 95764 1.7 16 9 3 9 63% 261 1751 166 138%
c [ 98.77 146 19 53 280 87468 1 3130393 95764 1.5 20 14 4 15 64% 261 1751 166 138%
c W 98.85 149 19 53 280 87468 1 3130393 95764 1.5 20 14 4 15 64% 261 1751 166 138%
c - 98.94 152 19 53 281 87470 1 3132789 86246 1.5 20 14 4 15 64% 261 1751 166 138%
c s 99.39 152 19 53 281 87477 1 3145623 97369 1.5 20 13 4 15 64% 261 1725 166 138%
c - 99.55 153 19 53 282 87480 1 3149553 86827 1.5 20 13 4 15 64% 261 1725 166 138%
c - 100.20 153 18 53 283 87485 1 3166345 87499 1.5 20 13 4 15 63% 261 1725 166 138%
c - 100.75 153 18 53 284 87495 1 3183167 87258 1.6 20 13 4 14 63% 262 1725 166 138%
c - 101.33 153 17 53 285 87498 1 3200021 85460 1.6 19 12 4 14 63% 263 1725 166 138%
c i 101.46 153 17 53 285 87498 1 3203907 88363 1.6 19 12 4 14 62% 268 1725 163 136%
c i 101.63 153 17 53 285 87498 1 3208939 92439 1.6 19 12 4 14 62% 273 1725 157 131%
c i 101.65 153 17 53 285 87498 1 3209643 92917 1.6 19 12 4 14 62% 278 1725 151 126%
c i 101.66 153 17 53 285 87498 1 3209820 93022 1.6 19 12 4 14 62% 283 1725 132 110%
c ] 101.66 153 17 53 285 87498 1 3209822 93022 1.6 19 12 4 14 62% 283 1725 112 93%
c
c seconds     switched      rate           size/glue tier1   binary      remaining
c          MB   reductions     conflicts         size  tier2   irredundant
c           level     restarts        redundant    glue   trail      variables
c
c 0 101.66 153 14 53 285 87498 2 3209822 93022 1.7 16 9 3 9 63% 283 1725 112 93%
c
c ---- [ result ] ------------------------------------------------------------
c
s UNSATISFIABLE
c
c ---- [ profiling ] ---------------------------------------------------------
c
c          93.17   91.65 %  search
c          48.59   47.80 %  focused
c          44.58   43.86 %  stable
c           8.46    8.32 %  simplify
c           8.21    8.07 %  probe
c           6.01    5.91 %  vivify
c           2.07    2.04 %  sweep
c           1.16    1.14 %  reduce
c           0.24    0.23 %  walking
c           0.10    0.10 %  substitute
c           0.04    0.04 %  eliminate
c           0.02    0.02 %  preprocess
c           0.02    0.02 %  factor
c           0.00    0.00 %  subsume
c           0.00    0.00 %  congruence
c           0.00    0.00 %  transitive
c           0.00    0.00 %  parse
c           0.00    0.00 %  backbone
c           0.00    0.00 %  lucky
c =============================================
c         101.66  100.00 %  total
c
c ---- [ statistics ] --------------------------------------------------------
c
c conflicts:                          3209822            31573.68 per second
c decisions:                          4975737                1.55 per conflict
c eliminated:                             144              120 %  variables
c factored:                               192              160 %  variables
c iterations:                               7                6 %  variables
c propagations:                      86544879           851306    per second
c reductions:                             285            11263    interval
c reordered:                               24           133743    interval
c rephased:                                38            84469    interval
c restarts:                             87498               37    interval
c subsumed:                               106                0 %  checks
c switched:                                53            60563    interval
c vivified:                             72419               57 %  checks
c walks:                                   13           246909    interval
c
c ---- [ glue usage ] --------------------------------------------------------
c
c focused glue 3   used 1276836 clauses 16.86% accumulated 63.28% tier1
c focused glue 4   used  551356 clauses  7.28% accumulated 70.56%
c focused glue 5-7 used 1043662 clauses 13.78% accumulated 84.35%
c focused glue 8   used  265313 clauses  3.50% accumulated 87.85%
c focused glue 9   used  224420 clauses  2.96% accumulated 90.81% tier2
c
c stable glue 4    used  741917 clauses  6.93% accumulated 53.74% tier1
c stable glue 5    used  620663 clauses  5.80% accumulated 59.54%
c stable glue 6-12 used 2858495 clauses 26.70% accumulated 86.24%
c stable glue 13   used  222830 clauses  2.08% accumulated 88.32%
c stable glue 14   used  201192 clauses  1.88% accumulated 90.20% tier2
c
c ---- [ resources ] ---------------------------------------------------------
c
c maximum-resident-set-size:     163963731968 bytes     156368 MB
c process-time:                         1m 42s             101.66 seconds
c
c ---- [ shutting down ] -----------------------------------------------------
c
c exit 20
