c ---- [ banner ] ------------------------------------------------------------
c
c Kissat SAT Solver
c 
c Copyright (c) 2021-2024 Armin Biere University of Freiburg
c Copyright (c) 2019-2021 Armin Biere Johannes Kepler University Linz
c 
c Version 4.0.4 8af8e56f174b778aef3aa45af9f739b2a5f492c2
c Apple clang version 17.0.0 (clang-1700.6.3.2) -W -Wall -O3 -DNDEBUG
c Mon Mar 30 18:25:47 CEST 2026 Darwin Mac 24.6.0 arm64
c
c ---- [ parsing ] -----------------------------------------------------------
c
c opened and reading DIMACS file:
c
c   tmp.cnf
c
c parsed 'p cnf 55 5082' header
c closing input after reading 102662 bytes (100 KB)
c finished parsing after 0.00 seconds
c
c ---- [ solving ] -----------------------------------------------------------
c
c seconds switched rate     size/glue tier1 binary     remaining
c        MB reductions conflicts size  tier2  irredundant
c         level restarts redundant glue  trail     variables
c
c *  0.00  3 0 0 0  0 0   0   0 0.0 0 0 0 0 0%   0 5082 55 100%
c (  0.00  3 0 0 0  0 0   0   0 0.0 0 0 0 0 0%   0 5082 55 100%
c .  0.00  3 0 0 0  0 0   0   0 0.0 0 0 0 0 0%   0 5082 55 100%
c f  0.01  3 0 0 0  0 0   0   0 0.0 0 0 0 0 0%  95 3050 102 185%
c )  0.01  3 0 0 0  0 0   0   0 0.0 0 0 0 0 0%  95 3050 102 185%
c {  0.02  3 0 0 0  0 0   0   0 0.0 0 0 2 6 0%  95 3050 102 185%
c -  0.02  3 13 0 1 57 2 1000 646 1.5 12 8 7 10 67% 100 3050 102 185%
c }  0.02  3 13 1 1 57 2 1000 646 1.5 12 8 7 10 67% 100 3050 102 185%
c [  0.02  3 0 1 1 57 0 1000 646 0.0 0 0 2 6 0% 100 3050 102 185%
c B  0.02  3 19 1 1 57 0 1002 648 1.7 18 11 2 6 76% 100 3050 102 185%
c ]  0.02  3 17 2 1 57 1 1868 1364 1.4 15 11 9 15 73% 100 3050 102 185%
c {  0.02  3 13 2 1 57 2 1868 1364 1.5 12 8 7 10 67% 100 3050 102 185%
c -  0.02  3 13 2 2 89 2 2000 1459 1.5 12 8 7 11 67% 100 3050 102 185%
c }  0.03  3 13 3 2 161 2 2869 2199 1.5 12 8 7 11 66% 103 3050 102 185%
c [  0.03  3 17 3 2 161 1 2869 2199 1.4 15 11 9 15 73% 103 3050 102 185%
c W  0.03  3 17 3 2 161 1 2869 2199 1.4 15 11 9 15 73% 103 3050 102 185%
c -  0.03  3 15 3 3 161 1 3414 2485 1.4 14 11 8 13 71% 103 3050 102 185%
c u  0.04  3 15 3 3 161 1 3514 2537 1.4 14 11 8 13 71% 103 3050 102 185%
c v  0.04  3 15 3 3 161 1 3514 2502 1.4 14 11 8 13 71% 103 3050 102 185%
c w  0.04  3 15 3 3 161 1 3514 2494 1.4 14 11 8 13 71% 103 3050 102 185%
c
c seconds  switched  rate       size/glue  tier1    binary      remaining
c        MB reductions conflicts      size   tier2    irredundant
c         level restarts   redundant     glue    trail      variables
c
c x  0.04  3 15 3 3 161 1 3514 2494 1.4 14 11 8 13 71% 103 3022 102 185%
c f  0.04  3 15 3 3 161 1 3514 2494 1.4 14 11 8 13 71% 129 2921 115 209%
c u  0.04  3 15 3 3 161 1 3514 2474 1.4 14 11 8 13 71% 129 2921 115 209%
c v  0.05  3 15 3 3 161 1 3514 2444 1.4 14 11 8 13 71% 129 2921 115 209%
c w  0.05  3 15 3 3 161 1 3514 2430 1.4 14 11 8 13 71% 129 2921 115 209%
c x  0.05  3 15 3 3 161 1 3514 2430 1.4 14 11 8 13 71% 129 2891 115 209%
c =  0.06  3 15 3 3 161 1 3514 2430 1.4 14 11 8 13 71% 129 2891 114 207%
c ]  0.06  3 16 4 3 161 1 3876 2724 1.4 14 11 8 13 70% 129 2891 114 207%
c {  0.06  3 13 4 3 161 2 3876 2724 1.5 12 8 7 11 66% 129 2891 114 207%
c -  0.07  4 14 4 4 267 2 5147 3320 1.5 12 8 6 11 67% 128 2891 114 207%
c }  0.07  4 14 5 4 293 2 6228 4222 1.6 13 8 6 11 68% 129 2891 114 207%
c [  0.07  4 16 5 4 293 1 6228 4222 1.4 14 11 8 13 70% 129 2891 114 207%
c I  0.07  4 16 5 4 293 1 6228 4222 1.4 14 11 8 13 70% 129 2891 114 207%
c -  0.08  4 15 5 5 293 1 7147 4321 1.4 15 10 7 13 71% 129 2891 114 207%
c ]  0.09  4 15 6 5 295 1 8486 5466 1.5 15 10 7 13 72% 129 2891 114 207%
c {  0.09  4 14 6 5 295 2 8486 5466 1.6 13 8 6 11 68% 129 2891 114 207%
c -  0.09  4 13 6 6 296 2 9385 5448 1.6 13 8 6 10 69% 131 2891 114 207%
c i  0.09  4 13 6 6 297 2 9575 5619 1.6 13 8 6 10 69% 132 2891 113 205%
c u  0.11  4 12 6 6 297 2 10873 6681 1.6 12 8 6 10 70% 139 2891 113 205%
c v  0.11  5 12 6 6 297 2 10873 6676 1.6 12 8 6 10 70% 139 2891 113 205%
c
c seconds  switched  rate        size/glue tier1    binary      remaining
c        MB reductions conflicts       size  tier2    irredundant
c         level restarts    redundant    glue    trail      variables
c
c w  0.11  5 12 6 6 297 2 10873 6646 1.6 12 8 6 10 70% 139 2891 113 205%
c x  0.11  5 12 6 6 297 2 10873 6646 1.6 12 8 6 10 70% 139 2744 113 205%
c o  0.12  5 12 6 6 297 2 10873 6646 1.6 12 8 6 10 70% 139 2744 113 205%
c -  0.13  5 12 6 7 297 2 11834 6286 1.6 12 7 5 9 70% 141 2744 113 205%
c }  0.13  5 12 7 7 297 2 12555 6889 1.6 12 7 5 9 70% 141 2744 113 205%
c [  0.13  5 15 7 7 297 1 12555 6889 1.5 15 10 7 13 72% 141 2744 113 205%
c B  0.13  5 15 7 7 297 1 12555 6889 1.5 15 10 7 13 72% 141 2744 113 205%
c -  0.15  6 15 7 8 298 1 14481 7059 1.5 15 10 6 12 72% 142 2744 113 205%
c ]  0.16  6 15 8 8 300 1 16805 8903 1.5 15 10 6 12 72% 142 2744 113 205%
c {  0.16  6 12 8 8 300 2 16805 8903 1.6 12 7 5 9 70% 142 2744 113 205%
c -  0.17  6 12 8 9 386 2 17310 7631 1.6 12 7 5 9 69% 143 2744 113 205%
c s  0.17  6 12 8 9 386 2 17573 7776 1.6 12 7 5 9 69% 143 2622 113 205%
c e  0.17  6 12 8 9 386 2 17573 7776 1.6 12 7 5 9 69% 130 2624 99 180%
c ^  0.17  6 12 8 9 386 2 17573 7776 1.6 12 7 5 9 69% 130 2624 99 180%
c -  0.20  7 11 8 10 505 2 20314 7845 1.6 12 7 4 9 69% 132 2624 99 180%
c o  0.20  7 12 8 10 547 2 21034 8464 1.6 12 7 4 9 69% 135 2624 99 180%
c u  0.22  7 11 8 10 680 2 22390 9578 1.6 12 7 4 9 69% 139 2624 99 180%
c v  0.22  7 11 8 10 680 2 22390 9545 1.6 12 7 4 9 69% 139 2624 99 180%
c w  0.22  7 11 8 10 680 2 22390 9529 1.6 12 7 4 9 69% 139 2624 99 180%
c x  0.22  7 11 8 10 680 2 22390 9529 1.6 12 7 4 9 69% 139 2624 99 180%
c
c seconds  switched   rate         size/glue tier1   binary     remaining
c        MB  reductions conflicts        size  tier2   irredundant
c         level  restarts     redundant    glue   trail     variables
c
c }  0.23  7 12 9 10 797 2 22964 10036 1.6 12 7 4 9 69% 141 2624 99 180%
c [  0.23  7 15 9 10 797 1 22964 10036 1.5 15 10 6 12 72% 141 2624 99 180%
c W  0.23  7 15 9 10 797 1 22964 10036 1.5 15 10 6 12 72% 141 2624 99 180%
c -  0.24  8 15 9 11 797 1 23476 8607 1.5 15 10 6 12 72% 141 2624 99 180%
c -  0.26  8 15 9 12 799 1 26793 9444 1.5 15 10 6 12 73% 141 2624 99 180%
c -  0.29  8 14 9 13 802 1 30259 9970 1.5 15 10 5 11 73% 141 2624 99 180%
c O  0.29  8 14 9 13 802 1 30493 10163 1.5 15 10 5 11 73% 141 2624 99 180%
c ]  0.29  8 14 10 13 802 1 30742 10357 1.5 15 10 5 11 73% 141 2624 99 180%
c {  0.29  8 12 10 13 802 2 30742 10357 1.6 12 7 4 9 69% 141 2624 99 180%
c -  0.33  9 12 10 14 1178 2 33864 10875 1.6 12 7 4 9 69% 144 2624 99 180%
c s  0.35  9 12 10 14 1440 2 35537 12203 1.6 11 7 4 9 69% 145 2623 99 180%
c ^  0.35  9 12 10 14 1440 2 35537 12203 1.6 11 7 4 9 69% 145 2623 99 180%
c -  0.38 10 12 10 15 1764 2 37605 11369 1.5 12 7 4 9 69% 146 2623 99 180%
c u  0.39 11 12 10 15 1854 2 38370 11888 1.5 12 8 4 9 69% 147 2623 99 180%
c v  0.40 11 12 10 15 1854 2 38370 11834 1.5 12 8 4 9 69% 147 2623 99 180%
c w  0.40 11 12 10 15 1854 2 38370 11818 1.5 12 8 4 9 69% 147 2623 99 180%
c }  0.42 11 12 11 15 1976 2 39369 12584 1.5 12 8 4 9 69% 149 2623 99 180%
c [  0.42 11 14 11 15 1976 1 39369 12584 1.5 15 10 5 11 73% 149 2623 99 180%
c B  0.43 11 14 11 15 1976 1 40256 13282 1.5 15 10 5 11 73% 149 2623 99 180%
c -  0.44 11 14 11 16 1978 1 41477 11725 1.5 15 10 5 11 73% 150 2623 99 180%
c
c seconds   switched    rate         size/glue  tier1    binary     remaining
c        MB   reductions  conflicts        size   tier2    irredundant
c         level    restarts     redundant     glue    trail     variables
c
c -  0.47 11 14 11 17 1980 1 45477 12105 1.5 15 10 5 11 74% 150 2623 99 180%
c -  0.50 12 14 11 18 1982 1 49600 12591 1.5 15 10 5 11 74% 151 2623 99 180%
c W  0.53 12 14 11 18 1983 1 52478 15042 1.5 15 10 5 11 74% 152 2623 99 180%
c o  0.53 12 14 11 18 1983 1 52478 15042 1.5 15 10 5 11 74% 152 2623 99 180%
c ]  0.53 13 14 12 18 1983 1 52684 15210 1.5 15 10 5 11 74% 152 2623 99 180%
c {  0.53 13 12 12 18 1983 2 52684 15210 1.5 12 8 4 9 69% 152 2623 99 180%
c -  0.54 13 12 12 19 2005 2 53843 13631 1.5 12 8 4 8 69% 152 2623 99 180%
c -  0.60 13 12 12 20 2276 2 58201 14518 1.5 11 8 4 8 70% 155 2623 99 180%
c u  0.61 13 12 12 20 2276 2 58940 14984 1.5 11 7 4 8 70% 157 2623 99 180%
c v  0.62 13 12 12 20 2276 2 58940 14906 1.5 11 7 4 8 70% 157 2623 99 180%
c w  0.62 13 12 12 20 2276 2 58940 14889 1.5 11 7 4 8 70% 157 2623 99 180%
c x  0.62 13 12 12 20 2276 2 58940 14889 1.5 11 7 4 8 70% 157 2620 99 180%
c t  0.62 13 12 12 20 2276 2 58940 14889 1.5 11 7 4 8 70% 156 2620 99 180%
c -  0.68 13 12 12 21 2660 2 62674 14330 1.5 11 8 3 8 70% 157 2620 99 180%
c }  0.70 13 12 13 21 2784 2 64164 15490 1.5 11 8 3 8 70% 159 2620 99 180%
c [  0.70 13 14 13 21 2784 1 64164 15490 1.5 15 10 5 11 74% 159 2620 99 180%
c -  0.73 13 14 13 22 2786 1 67257 14518 1.5 15 10 5 11 74% 159 2620 99 180%
c I  0.73 13 14 13 22 2786 1 67382 14623 1.5 15 10 5 11 74% 159 2620 99 180%
c -  0.77 13 14 13 23 2789 1 71948 14396 1.5 15 10 5 11 74% 159 2620 99 180%
c ^  0.80 13 14 13 23 2790 1 74451 16352 1.5 15 10 5 11 74% 159 2620 99 180%
c
c seconds   switched    rate         size/glue  tier1    binary     remaining
c        MB   reductions  conflicts        size   tier2    irredundant
c         level    restarts     redundant     glue    trail     variables
c
c -  0.82 13 14 13 24 2791 1 76743 14585 1.5 14 10 5 11 74% 159 2620 99 180%
c ]  0.85 13 14 14 24 2793 1 79905 17090 1.5 14 10 5 11 74% 160 2620 99 180%
c {  0.85 13 12 14 24 2793 2 79905 17090 1.5 11 8 3 8 70% 160 2620 99 180%
c -  0.88 13 12 14 25 3090 2 81643 15593 1.5 11 8 3 8 70% 160 2620 99 180%
c o  0.89 13 12 14 25 3249 2 82484 16317 1.5 11 8 3 8 70% 160 2620 99 180%
c u  0.92 13 12 14 25 3314 2 84237 17454 1.5 11 8 3 8 70% 162 2620 99 180%
c v  0.93 13 12 14 25 3314 2 84237 17317 1.5 11 8 3 8 70% 163 2620 99 180%
c w  0.93 13 12 14 25 3314 2 84237 16579 1.5 11 8 3 8 70% 163 2620 99 180%
c t  0.93 13 12 14 25 3314 2 84237 16579 1.5 11 8 3 8 70% 161 2620 99 180%
c -  0.97 13 12 14 26 3544 2 86643 15948 1.5 12 8 3 8 70% 161 2620 99 180%
c -  1.04 14 12 14 27 3966 2 91743 17014 1.5 12 8 3 8 71% 162 2620 99 180%
c i  1.07 14 12 14 27 4104 2 93754 18512 1.5 11 8 3 8 71% 170 2620 98 178%
c }  1.08 14 12 15 27 4171 2 94621 19263 1.5 11 8 3 8 71% 170 2620 98 178%
c [  1.08 14 14 15 27 4171 1 94621 19263 1.5 14 10 5 11 74% 170 2620 98 178%
c B  1.08 14 14 15 27 4171 1 94621 19263 1.5 14 10 5 11 74% 170 2620 98 178%
c -  1.11 14 14 15 28 4173 1 96939 16885 1.5 14 10 4 11 74% 158 2620 98 178%
c -  1.16 14 13 15 29 4176 1 102230 16996 1.5 14 10 4 11 74% 158 2620 98 178%
c -  1.22 14 14 15 30 4178 1 107617 17533 1.5 14 10 4 11 74% 159 2620 98 178%
c -  1.27 14 13 15 31 4182 1 113094 17639 1.5 14 10 4 10 74% 159 2620 98 178%
c u  1.30 14 13 15 31 4183 1 114440 18358 1.5 14 10 4 10 74% 160 2620 98 178%
c
c seconds   switched    rate          size/glue  tier1    binary     remaining
c        MB   reductions  conflicts         size   tier2    irredundant
c         level    restarts      redundant     glue    trail     variables
c
c v  1.31 14 13 15 31 4183 1 114440 18216 1.5 14 10 4 10 74% 160 2620 98 178%
c w  1.31 14 13 15 31 4183 1 114440 16986 1.5 14 10 4 10 74% 160 2620 98 178%
c t  1.38 16 13 15 31 4183 1 114440 16986 1.5 14 10 4 10 74% 159 2620 98 178%
c W  1.39 17 13 15 31 4184 1 115533 17853 1.5 14 10 4 10 74% 159 2620 98 178%
c ]  1.39 17 13 16 31 4184 1 115635 17939 1.5 14 10 4 10 74% 159 2620 98 178%
c {  1.39 17 12 16 31 4184 2 115635 17939 1.5 11 8 3 8 71% 159 2620 98 178%
c -  1.43 17 12 16 32 4394 2 118663 17471 1.5 11 8 3 8 71% 160 2620 98 178%
c i  1.48 17 11 16 32 4497 2 122375 20333 1.5 11 7 3 8 71% 169 2620 97 176%
c o  1.48 17 11 16 32 4512 2 122519 20462 1.5 11 8 3 8 71% 169 2620 97 176%
c -  1.51 18 11 16 33 4651 2 124319 17937 1.5 11 8 3 8 71% 161 2620 97 176%
c i  1.53 18 11 16 33 4775 2 125904 19192 1.5 11 8 3 8 71% 172 2620 96 175%
c -  1.59 18 11 16 34 4898 2 130063 18777 1.5 11 7 3 8 71% 159 2620 96 175%
c }  1.64 18 11 17 34 5293 2 133973 21786 1.5 11 7 3 8 71% 163 2620 96 175%
c [  1.64 18 13 17 34 5293 1 133973 21786 1.5 14 10 4 10 74% 163 2620 96 175%
c -  1.66 18 13 17 35 5294 1 135894 20153 1.5 14 10 4 10 74% 164 2620 96 175%
c s  1.67 18 13 17 35 5295 1 137093 21119 1.5 14 10 4 10 74% 164 2615 96 175%
c e  1.68 18 13 17 35 5295 1 137093 21119 1.5 14 10 4 10 74% 154 2633 94 171%
c s  1.68 18 13 17 35 5295 1 137093 21119 1.5 14 10 4 10 74% 154 2630 94 171%
c ^  1.68 18 13 17 35 5295 1 137093 21119 1.5 14 10 4 10 74% 154 2630 94 171%
c O  1.70 18 13 17 35 5297 1 139759 22483 1.5 14 10 4 10 74% 154 2630 94 171%
c
c seconds   switched    rate          size/glue tier1    binary     remaining
c        MB   reductions  conflicts         size  tier2    irredundant
c         level    restarts      redundant    glue    trail     variables
c
c -  1.72 18 13 17 36 5298 1 141810 19980 1.5 14 9 4 10 74% 154 2630 94 171%
c -  1.78 18 13 17 37 5301 1 147811 20398 1.5 14 9 4 10 73% 154 2630 94 171%
c b  1.80 18 13 17 37 5302 1 149741 21894 1.5 14 10 4 10 73% 154 2630 93 169%
c u  1.81 19 13 17 37 5302 1 149741 21759 1.5 14 10 4 10 73% 156 2630 93 169%
c v  1.82 19 13 17 37 5302 1 149741 21609 1.5 14 10 4 10 73% 161 2630 93 169%
c w  1.83 19 13 17 37 5302 1 149741 21481 1.5 14 10 4 10 73% 161 2630 93 169%
c x  1.84 19 13 17 37 5302 1 149741 21475 1.5 14 10 4 10 73% 161 2611 93 169%
c t  1.84 19 13 17 37 5302 1 149741 21475 1.5 14 10 4 10 73% 154 2611 93 169%
c u  1.85 20 13 17 37 5302 1 149741 21206 1.5 14 10 4 10 73% 155 2611 93 169%
c v  1.87 20 13 17 37 5302 1 149741 20011 1.5 14 10 4 10 73% 157 2611 93 169%
c w  1.87 20 13 17 37 5302 1 149741 19850 1.5 14 10 4 10 73% 157 2611 93 169%
c t  1.87 20 13 17 37 5302 1 149741 19850 1.5 14 10 4 10 73% 156 2611 93 169%
c -  1.92 20 13 17 38 5305 1 153894 19049 1.5 14 9 4 10 73% 146 2611 93 169%
c ]  1.95 20 13 18 38 5306 1 156462 21227 1.5 14 10 4 10 73% 146 2611 93 169%
c {  1.95 20 11 18 38 5306 2 156462 21227 1.5 11 7 3 8 71% 146 2611 93 169%
c -  2.00 20 11 18 39 5585 2 160059 20955 1.5 11 7 3 8 71% 146 2611 93 169%
c -  2.10 20 11 18 40 6177 2 166303 22546 1.5 11 8 3 8 71% 148 2611 93 169%
c o  2.20 20 11 18 40 6676 2 172584 27307 1.5 11 8 3 8 71% 148 2611 93 169%
c -  2.20 20 11 18 41 6687 2 172628 23670 1.5 11 8 3 8 71% 148 2611 93 169%
c }  2.32 20 11 19 41 7408 2 178809 28643 1.5 11 8 3 8 71% 150 2611 93 169%
c
c seconds   switched    rate          size/glue  tier1    binary     remaining
c        MB   reductions  conflicts         size   tier2    irredundant
c         level    restarts      redundant     glue    trail     variables
c
c [  2.32 20 13 19 41 7408 1 178809 28643 1.5 14 10 4 10 73% 150 2611 93 169%
c B  2.32 20 13 19 41 7408 1 178809 28643 1.5 14 10 4 10 73% 150 2611 93 169%
c -  2.32 20 13 19 42 7408 1 179031 24620 1.5 14 10 4 10 73% 150 2611 93 169%
c -  2.39 20 13 19 43 7413 1 185514 24205 1.5 14 10 4 10 73% 150 2611 93 169%
c u  2.46 20 13 19 43 7414 1 190275 27511 1.5 14 10 4 10 73% 150 2611 93 169%
c v  2.48 20 13 19 43 7414 1 190275 26427 1.5 14 10 4 10 73% 150 2611 93 169%
c w  2.48 20 13 19 43 7414 1 190275 24927 1.5 14 10 4 10 73% 150 2611 93 169%
c x  2.50 20 13 19 43 7414 1 190275 24924 1.5 14 10 4 10 73% 150 2603 93 169%
c -  2.52 20 13 19 44 7415 1 192072 21268 1.5 14 10 4 10 73% 150 2603 93 169%
c -  2.59 20 13 19 45 7420 1 198707 22388 1.4 14 10 4 10 73% 150 2603 93 169%
c -  2.66 20 13 19 46 7422 1 205415 23824 1.4 14 10 3 10 73% 151 2603 93 169%
c W  2.72 20 13 19 46 7422 1 210260 27860 1.5 14 9 3 10 73% 151 2603 93 169%
c -  2.75 22 13 19 47 7423 1 212198 25279 1.5 14 9 3 10 73% 151 2603 93 169%
c ]  2.76 22 13 20 47 7424 1 212963 25888 1.5 14 9 3 10 73% 151 2603 93 169%
c {  2.76 22 11 20 47 7424 2 212963 25888 1.5 11 8 3 8 71% 151 2603 93 169%
c -  2.84 22 11 20 48 7577 2 219054 26343 1.5 11 8 3 8 71% 157 2603 93 169%
c i  2.91 22 11 20 48 7581 2 224644 30226 1.5 11 7 3 8 72% 172 2603 92 167%
c i  2.92 22 11 20 48 7602 2 225592 30917 1.5 11 7 3 8 72% 179 2603 89 162%
c -  2.93 22 11 20 49 7649 2 225983 17514 1.5 11 7 3 8 72% 145 2582 89 162%
c s  2.93 22 11 20 49 7657 2 226071 17583 1.5 11 7 3 8 72% 139 2382 89 162%
c
c seconds   switched    rate          size/glue tier1   binary     remaining
c        MB   reductions  conflicts         size  tier2   irredundant
c         level    restarts      redundant    glue   trail     variables
c
c e  2.93 22 11 20 49 7657 2 226071 17583 1.5 11 7 3 8 72%  71 2514 78 142%
c s  2.93 22 11 20 49 7657 2 226071 17583 1.5 11 7 3 8 72%  71 2470 78 142%
c ^  2.93 22 11 20 49 7657 2 226071 17583 1.5 11 7 3 8 72%  71 2470 78 142%
c i  2.97 22 11 20 49 7703 2 229839 15926 1.5 11 7 3 8 72%  86 2470 77 140%
c o  3.00 22 11 20 49 7858 2 232722 18208 1.5 11 7 3 8 71%  88 2470 77 140%
c -  3.00 22 11 20 50 7873 2 232983 13672 1.5 11 7 3 7 71%  75 2435 77 140%
c i  3.01 22 11 20 50 7873 2 233338 13875 1.5 11 7 3 7 71%  81 2435 75 136%
c u  3.05 22 11 20 50 7944 2 236196 15014 1.5 11 7 3 7 71%  85 2435 75 136%
c v  3.07 22 11 20 50 7944 2 236196 14595 1.5 11 7 3 7 71%  85 2435 75 136%
c w  3.07 22 11 20 50 7944 2 236196 14556 1.5 11 7 3 7 71%  85 2435 75 136%
c t  3.16 24 11 20 50 7944 2 236196 14556 1.5 11 7 3 7 71%  81 2435 75 136%
c f  3.16 24 11 20 50 7944 2 236196 14556 1.5 11 7 3 7 71% 100 2169 85 155%
c u  3.18 25 11 20 50 7944 2 236196 14084 1.5 11 7 3 7 71% 100 2169 85 155%
c v  3.20 25 11 20 50 7944 2 236196 13893 1.5 11 7 3 7 71% 100 2169 85 155%
c w  3.20 25 11 20 50 7944 2 236196 13830 1.5 11 7 3 7 71% 100 2169 85 155%
c }  3.24 25 10 21 50 8064 2 239702 16527 1.5 11 7 3 7 71% 101 2169 85 155%
c [  3.24 25 13 21 50 8064 1 239702 16527 1.5 14 9 3 10 73% 101 2169 85 155%
c -  3.24 26 13 21 51 8064 1 240055 16132 1.5 14 9 3 10 73%  82 2169 85 155%
c i  3.26 26 13 21 51 8066 1 241922 17380 1.5 14 9 3 10 73%  88 2169 81 147%
c I  3.30 26 13 21 51 8068 1 245612 20421 1.5 14 9 3 10 73%  88 2169 81 147%
c
c seconds   switched    rate          size/glue tier1    binary     remaining
c        MB   reductions  conflicts         size  tier2    irredundant
c         level    restarts      redundant    glue    trail     variables
c
c -  3.32 26 13 21 52 8069 1 247196 17354 1.5 13 9 3 10 73%  83 2169 81 147%
c i  3.32 26 13 21 52 8069 1 247347 17434 1.5 13 9 3 10 73%  88 2169 79 144%
c i  3.32 26 13 21 52 8069 1 247457 17486 1.5 13 9 3 10 73%  92 2169 75 136%
c i  3.33 26 12 21 52 8069 1 247902 17746 1.5 13 9 3 10 73%  96 2169 73 133%
c i  3.33 26 12 21 52 8070 1 248079 17827 1.5 13 9 3 10 73% 103 2169 66 120%
c i  3.33 26 12 21 52 8070 1 248097 17834 1.5 13 9 3 10 73% 105 2169 62 113%
c i  3.33 26 12 21 52 8070 1 248106 17835 1.5 13 9 3 10 73% 109 2169 57 104%
c ]  3.33 26 12 21 52 8070 1 248108 17835 1.5 13 9 3 10 73% 109 2169 44 80%
c 0  3.33 26 10 21 52 8070 2 248108 17835 1.5 11 7 3 7 71% 109 2169 44 80%
c
c ---- [ result ] ------------------------------------------------------------
c
s UNSATISFIABLE
c
c ---- [ profiling ] ---------------------------------------------------------
c
c           2.81   84.39 %  search
c           1.51   45.27 %  focused
c           1.30   39.12 %  stable
c           0.50   15.16 %  simplify
c           0.50   15.08 %  probe
c           0.29    8.81 %  vivify
c           0.18    5.46 %  sweep
c           0.06    1.72 %  reduce
c           0.01    0.43 %  preprocess
c           0.01    0.43 %  factor
c           0.01    0.34 %  substitute
c           0.01    0.32 %  eliminate
c           0.01    0.19 %  walking
c           0.00    0.12 %  subsume
c           0.00    0.03 %  congruence
c           0.00    0.02 %  transitive
c           0.00    0.01 %  parse
c           0.00    0.01 %  lucky
c           0.00    0.01 %  backbone
c =============================================
c           3.33  100.00 %  total
c
c ---- [ statistics ] --------------------------------------------------------
c
c conflicts:                           248108            74484.38 per second
c decisions:                           341768                1.38 per conflict
c eliminated:                              27               49 %  variables
c factored:                                70              127 %  variables
c iterations:                              16               29 %  variables
c propagations:                       4590161          1378010    per second
c reductions:                              52             4771    interval
c reordered:                                7            35444    interval
c rephased:                                15            16541    interval
c restarts:                              8070               31    interval
c strengthened:                             2                0 %  checks
c subsumed:                               375                0 %  checks
c switched:                                21            11815    interval
c vivified:                             14644               56 %  checks
c walks:                                    5            49622    interval
c
c ---- [ glue usage ] --------------------------------------------------------
c
c focused glue 3 used 77707 clauses 15.76% accumulated 64.26% tier1
c focused glue 4 used 45947 clauses  9.32% accumulated 73.57%
c focused glue 5 used 33230 clauses  6.74% accumulated 80.31%
c focused glue 6 used 27502 clauses  5.58% accumulated 85.89%
c focused glue 7 used 22460 clauses  4.55% accumulated 90.44% tier2
c
c stable glue 3   used  91739 clauses 13.68% accumulated 52.60% tier1
c stable glue 4   used  64160 clauses  9.57% accumulated 62.17%
c stable glue 5-8 used 155182 clauses 23.14% accumulated 85.31%
c stable glue 9   used  25521 clauses  3.81% accumulated 89.12%
c stable glue 10  used  22282 clauses  3.32% accumulated 92.44% tier2
c
c ---- [ resources ] ---------------------------------------------------------
c
c maximum-resident-set-size:      27581743104 bytes      26304 MB
c process-time:                             3s               3.33 seconds
c
c ---- [ shutting down ] -----------------------------------------------------
c
c exit 20
