c ---- [ banner ] ------------------------------------------------------------
c
c Kissat SAT Solver
c 
c Copyright (c) 2021-2024 Armin Biere University of Freiburg
c Copyright (c) 2019-2021 Armin Biere Johannes Kepler University Linz
c 
c Version 4.0.4 8af8e56f174b778aef3aa45af9f739b2a5f492c2
c Apple clang version 17.0.0 (clang-1700.6.3.2) -W -Wall -O3 -DNDEBUG
c Mon Mar 30 18:25:47 CEST 2026 Darwin Mac 24.6.0 arm64
c
c ---- [ parsing ] -----------------------------------------------------------
c
c opened and reading DIMACS file:
c
c   tmp.cnf
c
c parsed 'p cnf 78 9295' header
c closing input after reading 192844 bytes (188 KB)
c finished parsing after 0.00 seconds
c
c ---- [ solving ] -----------------------------------------------------------
c
c seconds switched rate     size/glue tier1 binary     remaining
c        MB reductions conflicts size  tier2  irredundant
c         level restarts redundant glue  trail     variables
c
c *  0.00  3 0 0 0  0 0   0   0 0.0 0 0 0 0 0%   0 9295 78 100%
c (  0.00  3 0 0 0  0 0   0   0 0.0 0 0 0 0 0%   0 9295 78 100%
c .  0.00  3 0 0 0  0 0   0   0 0.0 0 0 0 0 0%   0 9295 78 100%
c f  0.03  4 0 0 0  0 0   0   0 0.0 0 0 0 0 0% 208 3653 182 233%
c )  0.03  4 0 0 0  0 0   0   0 0.0 0 0 0 0 0% 208 3653 182 233%
c {  0.03  4 0 0 0  0 0   0   0 0.0 0 0 2 6 0% 208 3653 182 233%
c -  0.04  4 17 0 1 71 3 1000 600 1.5 16 10 8 13 53% 208 3653 182 233%
c }  0.04  4 17 1 1 71 3 1000 600 1.5 16 10 8 13 53% 208 3653 182 233%
c [  0.04  4 0 1 1 71 0 1000 600 0.0 0 0 2 6 0% 208 3653 182 233%
c B  0.04  4 29 1 1 71 1 1001 601 1.6 22 14 2 6 73% 208 3653 182 233%
c -  0.04  4 28 1 2 71 1 2000 1420 1.3 22 17 10 21 62% 208 3653 182 233%
c W  0.04  4 28 1 2 71 1 2003 1423 1.3 22 17 10 21 62% 208 3653 182 233%
c ]  0.04  4 28 2 2 72 1 2183 1581 1.3 22 17 10 21 61% 208 3653 182 233%
c {  0.04  4 17 2 2 72 3 2183 1581 1.5 16 10 8 13 53% 208 3653 182 233%
c }  0.05  4 18 3 2 244 3 3183 2454 1.5 16 11 8 13 52% 208 3653 182 233%
c [  0.05  4 28 3 2 244 1 3183 2454 1.3 22 17 10 21 61% 208 3653 182 233%
c u  0.06  4 26 3 2 244 1 3398 2617 1.3 21 16 10 21 60% 208 3653 182 233%
c v  0.06  4 26 3 2 244 1 3398 2603 1.3 21 16 10 21 60% 208 3653 182 233%
c w  0.06  4 26 3 2 244 1 3398 2601 1.3 21 16 10 21 60% 208 3653 182 233%
c x  0.06  4 26 3 2 244 1 3398 2600 1.3 21 16 10 21 60% 208 3191 182 233%
c
c seconds  switched  rate       size/glue  tier1     binary      remaining
c        MB reductions conflicts      size    tier2    irredundant
c         level restarts   redundant     glue     trail      variables
c
c -  0.06  4 26 3 3 244 1 3416 2398 1.3 21 16 10 21 61% 208 3191 182 233%
c I  0.07  4 28 3 3 245 1 4263 3148 1.3 22 17 10 21 62% 208 3191 182 233%
c ]  0.07  4 25 4 3 245 1 4944 3775 1.4 22 16 10 21 62% 208 3191 182 233%
c {  0.07  4 18 4 3 245 3 4944 3775 1.5 16 11 8 13 52% 208 3191 182 233%
c -  0.08  4 18 4 4 253 3 5150 3413 1.5 16 11 8 13 54% 208 3191 182 233%
c -  0.09  4 18 4 5 319 3 7151 4557 1.6 17 11 8 13 57% 208 3191 182 233%
c }  0.09  4 18 5 5 319 3 7301 4691 1.7 17 10 8 13 57% 208 3191 182 233%
c [  0.09  4 25 5 5 319 1 7301 4691 1.4 22 16 10 21 62% 208 3191 182 233%
c B  0.10  5 23 5 5 319 1 8036 5348 1.5 21 14 10 21 62% 208 3191 182 233%
c -  0.11  5 23 5 6 321 1 9387 5553 1.4 21 15 9 20 59% 208 3191 182 233%
c ]  0.11  5 23 6 6 321 1 9706 5832 1.4 21 15 9 20 58% 208 3191 182 233%
c {  0.11  5 18 6 6 321 3 9706 5832 1.7 17 10 8 13 57% 208 3191 182 233%
c u  0.12  5 17 6 6 322 2 10615 6674 1.7 17 10 8 13 58% 208 3191 182 233%
c v  0.13  6 17 6 6 322 2 10615 6662 1.7 17 10 8 13 58% 208 3191 182 233%
c w  0.13  6 17 6 6 322 2 10615 6661 1.7 17 10 8 13 58% 208 3191 182 233%
c x  0.13  6 17 6 6 322 2 10615 6661 1.7 17 10 8 13 58% 208 2901 182 233%
c o  0.14  6 17 6 6 322 2 10615 6661 1.7 17 10 8 13 58% 208 2901 182 233%
c -  0.15  6 16 6 7 326 2 11836 6554 1.8 17 10 7 12 60% 208 2901 182 233%
c }  0.17  6 16 7 7 330 2 13775 8412 1.8 18 10 7 12 61% 208 2901 182 233%
c [  0.17  6 23 7 7 330 1 13775 8412 1.4 21 15 9 20 58% 208 2901 182 233%
c
c seconds  switched  rate        size/glue  tier1    binary      remaining
c        MB reductions conflicts       size   tier2    irredundant
c         level restarts    redundant     glue    trail      variables
c
c W  0.17  6 23 7 7 330 1 13775 8412 1.4 21 15 9 20 58% 208 2901 182 233%
c -  0.18  6 23 7 8 330 1 14482 7695 1.4 21 15 8 19 58% 208 2901 182 233%
c s  0.20  6 23 7 8 332 1 16988 9850 1.4 21 15 8 19 58% 208 2194 182 233%
c ^  0.20  6 23 7 8 332 1 16988 9850 1.4 21 15 8 19 58% 208 2194 182 233%
c -  0.21  6 23 7 9 332 1 17312 8430 1.4 21 15 8 19 59% 208 2194 182 233%
c ]  0.21  6 23 8 9 332 1 17812 8870 1.4 22 15 8 19 59% 208 2194 182 233%
c {  0.21  6 16 8 9 332 2 17812 8870 1.8 18 10 7 12 61% 208 2194 182 233%
c -  0.24  6 16 8 10 594 2 20312 8908 1.8 18 10 6 12 60% 208 2194 182 233%
c o  0.25  6 16 8 10 596 2 20997 9543 1.8 18 10 6 12 61% 208 2194 182 233%
c u  0.27  6 16 8 10 833 2 21988 10480 1.8 18 10 6 12 61% 208 2194 182 233%
c v  0.27  7 16 8 10 833 2 21988 10460 1.8 18 10 6 12 61% 208 2194 182 233%
c w  0.28  7 16 8 10 833 2 21988 10459 1.8 18 10 6 12 61% 208 2194 182 233%
c x  0.28  7 16 8 10 833 2 21988 10459 1.8 18 10 6 12 61% 208 2188 182 233%
c -  0.30  7 17 8 11 1048 3 23474 9856 1.8 18 10 6 12 60% 208 2188 182 233%
c }  0.31  7 17 9 11 1125 3 23971 10326 1.8 18 10 6 12 60% 208 2188 182 233%
c [  0.31  7 23 9 11 1125 1 23971 10326 1.4 22 15 8 19 59% 208 2188 182 233%
c O  0.31  7 23 9 11 1125 1 23971 10326 1.4 22 15 8 19 59% 208 2188 182 233%
c -  0.34  7 24 9 12 1127 1 26790 10336 1.4 22 16 8 20 59% 208 2188 182 233%
c -  0.38  7 24 9 13 1130 1 30256 10466 1.4 22 16 8 20 59% 208 2188 182 233%
c ]  0.40  7 24 10 13 1130 1 32000 11961 1.4 22 16 8 20 59% 208 2188 182 233%
c
c seconds   switched    rate         size/glue  tier1    binary      remaining
c        MB   reductions  conflicts        size   tier2    irredundant
c         level    restarts     redundant     glue    trail      variables
c
c {  0.40  7 17 10 13 1130 3 32000 11961 1.8 18 10 6 12 60% 208 2188 182 233%
c -  0.43  7 17 10 14 1267 3 33862 11241 1.8 17 10 6 12 60% 208 2188 182 233%
c s  0.44  7 16 10 14 1358 3 35375 12664 1.8 17 10 6 12 60% 208 2183 182 233%
c ^  0.45  7 16 10 14 1358 3 35375 12664 1.8 17 10 6 12 60% 208 2183 182 233%
c -  0.49  7 17 10 15 1692 3 37604 12670 1.7 17 10 6 12 60% 208 2183 182 233%
c u  0.51  7 17 10 15 1801 3 38361 13354 1.7 17 10 6 12 60% 208 2183 182 233%
c v  0.52  8 17 10 15 1801 3 38361 13321 1.7 17 10 6 12 60% 208 2183 182 233%
c w  0.52  8 17 10 15 1801 3 38361 13318 1.7 17 10 6 12 60% 208 2183 182 233%
c x  0.52  8 17 10 15 1801 3 38361 13318 1.7 17 10 6 12 60% 208 2183 182 233%
c }  0.56  8 17 11 15 1956 3 40630 15415 1.7 17 10 6 12 59% 208 2183 182 233%
c [  0.56  8 24 11 15 1956 1 40630 15415 1.4 22 16 8 20 59% 208 2183 182 233%
c B  0.56  8 24 11 15 1956 1 40630 15415 1.4 22 16 8 20 59% 208 2183 182 233%
c -  0.57  8 24 11 16 1956 1 41477 13692 1.4 22 17 8 20 59% 208 2183 182 233%
c -  0.61  8 24 11 17 1959 1 45477 14236 1.4 23 17 8 20 60% 208 2183 182 233%
c -  0.66  8 24 11 18 1962 1 49600 14620 1.4 23 17 8 19 60% 208 2183 182 233%
c W  0.70  9 24 11 18 1962 1 52852 17460 1.4 22 16 8 19 60% 208 2183 182 233%
c o  0.70  9 24 11 18 1962 1 52852 17460 1.4 22 16 8 19 60% 208 2183 182 233%
c ]  0.70 10 24 12 18 1963 1 53075 17652 1.4 22 16 8 19 60% 208 2183 182 233%
c {  0.70 10 17 12 18 1963 3 53075 17652 1.7 17 10 6 12 59% 208 2183 182 233%
c -  0.72 10 17 12 19 2076 3 53843 15688 1.7 17 10 6 11 59% 208 2183 182 233%
c
c seconds   switched    rate         size/glue  tier1    binary      remaining
c        MB   reductions  conflicts        size   tier2    irredundant
c         level    restarts     redundant     glue    trail      variables
c
c -  0.81 10 18 12 20 2640 3 58203 17001 1.7 17 10 6 12 59% 208 2183 182 233%
c u  0.85 11 18 12 20 2721 3 59450 18050 1.7 17 10 6 12 59% 208 2183 182 233%
c v  0.86 12 18 12 20 2721 3 59450 18006 1.7 17 10 6 12 59% 208 2183 182 233%
c w  0.86 12 18 12 20 2721 3 59450 17996 1.7 17 10 6 12 59% 208 2183 182 233%
c -  0.96 12 17 12 21 2929 3 62675 17655 1.7 17 10 6 11 58% 208 2183 182 233%
c }  1.00 12 18 13 21 3197 3 64556 19411 1.6 17 10 6 11 58% 208 2183 182 233%
c [  1.00 12 24 13 21 3197 1 64556 19411 1.4 22 16 8 19 60% 208 2183 182 233%
c -  1.04 12 23 13 22 3199 1 67257 18779 1.4 22 16 7 19 60% 208 2183 182 233%
c I  1.05 12 23 13 22 3199 1 67756 19222 1.4 22 16 7 19 60% 208 2183 182 233%
c -  1.10 12 22 13 23 3202 1 71947 19840 1.4 22 15 7 18 61% 208 2183 182 233%
c s  1.14 12 22 13 23 3203 1 75270 22848 1.4 21 15 7 18 61% 208 2177 182 233%
c ^  1.15 12 22 13 23 3203 1 75270 22848 1.4 21 15 7 18 61% 208 2177 182 233%
c -  1.17 12 22 13 24 3203 1 76743 20593 1.4 21 15 7 18 61% 208 2177 182 233%
c -  1.24 12 21 13 25 3207 1 81641 21076 1.4 21 15 7 18 62% 208 2177 182 233%
c ]  1.24 12 21 14 25 3207 1 81818 21242 1.4 21 15 7 18 62% 208 2177 182 233%
c {  1.24 12 18 14 25 3207 3 81818 21242 1.6 17 10 6 11 58% 208 2177 182 233%
c o  1.26 12 17 14 25 3286 3 83039 22286 1.6 17 10 6 11 58% 208 2177 182 233%
c u  1.32 12 17 14 25 3437 3 85397 24308 1.6 17 10 6 11 58% 208 2177 182 233%
c v  1.33 12 17 14 25 3437 3 85397 24256 1.6 17 10 6 11 58% 208 2177 182 233%
c w  1.33 13 17 14 25 3437 3 85397 24254 1.6 17 10 6 11 58% 208 2177 182 233%
c
c seconds   switched    rate         size/glue  tier1    binary      remaining
c        MB   reductions  conflicts        size   tier2    irredundant
c         level    restarts     redundant     glue    trail      variables
c
c x  1.34 13 17 14 25 3437 3 85397 24254 1.6 17 10 6 11 58% 208 2174 182 233%
c -  1.38 13 17 14 26 3609 3 86641 20133 1.6 17 10 5 11 58% 208 2174 182 233%
c -  1.47 13 17 14 27 3917 3 91740 20363 1.6 17 10 5 11 58% 208 2174 182 233%
c }  1.55 13 17 15 27 4038 3 96534 24743 1.6 17 10 5 11 58% 208 2174 182 233%
c [  1.55 13 21 15 27 4038 1 96534 24743 1.4 21 15 7 18 62% 208 2174 182 233%
c B  1.55 13 21 15 27 4038 1 96534 24743 1.4 21 15 7 18 62% 208 2174 182 233%
c -  1.56 13 21 15 28 4038 1 96936 21136 1.4 21 15 7 18 62% 208 2174 182 233%
c -  1.62 13 22 15 29 4042 1 102227 20554 1.4 22 15 7 18 62% 208 2174 182 233%
c -  1.70 13 22 15 30 4044 1 107612 20175 1.4 22 15 7 18 61% 208 2174 182 233%
c -  1.78 13 22 15 31 4048 1 113090 21303 1.4 21 15 7 18 61% 208 2174 182 233%
c u  1.83 13 22 15 31 4050 1 116408 24136 1.4 22 15 7 18 61% 208 2174 182 233%
c v  1.85 13 22 15 31 4050 1 116408 24063 1.4 22 15 7 18 61% 208 2174 182 233%
c w  1.86 14 22 15 31 4050 1 116408 23905 1.4 22 15 7 18 61% 208 2174 182 233%
c ]  1.86 14 22 16 31 4050 1 116502 23989 1.4 22 15 7 18 61% 208 2174 182 233%
c {  1.86 14 17 16 31 4050 3 116502 23989 1.6 17 10 5 11 58% 208 2174 182 233%
c -  1.91 14 17 16 32 4200 3 118657 22123 1.6 17 10 5 11 58% 208 2174 182 233%
c o  2.00 14 17 16 32 4552 3 123060 26150 1.6 17 10 5 11 58% 208 2174 182 233%
c -  2.04 14 17 16 33 4758 3 124313 23292 1.6 17 10 5 11 58% 208 2174 182 233%
c -  2.18 14 17 16 34 5315 3 130058 24399 1.6 17 10 5 11 57% 208 2174 182 233%
c }  2.28 14 17 17 34 5675 3 134839 28703 1.6 17 10 5 11 57% 208 2174 182 233%
c
c seconds   switched    rate          size/glue  tier1    binary      remaining
c        MB   reductions  conflicts         size   tier2    irredundant
c         level    restarts      redundant     glue    trail      variables
c
c [  2.28 14 22 17 34 5675 1 134839 28703 1.4 22 15 7 18 61% 208 2174 182 233%
c W  2.29 14 22 17 34 5675 1 134839 28703 1.4 22 15 7 18 61% 208 2174 182 233%
c -  2.30 16 22 17 35 5676 1 135888 25070 1.4 22 15 7 18 61% 208 2174 182 233%
c ^  2.36 16 22 17 35 5678 1 139560 28203 1.4 22 16 7 18 61% 208 2174 182 233%
c -  2.39 16 22 17 36 5680 1 141804 24650 1.4 22 16 7 18 61% 208 2174 182 233%
c -  2.49 16 22 17 37 5682 1 147804 23897 1.4 22 16 6 18 61% 208 2174 182 233%
c u  2.58 16 22 17 37 5686 1 152647 28065 1.4 22 16 6 18 61% 208 2174 182 233%
c v  2.60 17 22 17 37 5686 1 152647 27968 1.4 22 16 6 18 61% 208 2174 182 233%
c w  2.61 18 22 17 37 5686 1 152647 27898 1.4 22 16 6 18 61% 208 2174 182 233%
c -  2.63 18 22 17 38 5687 1 153887 23224 1.4 22 16 6 18 61% 208 2174 182 233%
c O  2.71 18 23 17 38 5688 1 159064 27807 1.4 22 16 6 18 60% 208 2174 182 233%
c -  2.73 18 23 17 39 5689 1 160052 22914 1.4 22 16 6 18 60% 208 2174 182 233%
c ]  2.77 18 23 18 39 5689 1 162884 25325 1.4 22 16 6 18 60% 208 2174 182 233%
c {  2.77 18 17 18 39 5689 3 162884 25325 1.6 17 10 5 11 57% 208 2174 182 233%
c -  2.86 18 17 18 40 6099 3 166298 24405 1.6 17 10 5 11 57% 208 2174 182 233%
c -  3.05 19 17 18 41 7096 3 172622 26590 1.6 17 11 5 11 57% 208 2174 182 233%
c o  3.07 19 17 18 41 7195 3 173113 27039 1.6 17 11 5 11 57% 208 2174 182 233%
c -  3.24 19 17 18 42 7790 3 179027 28174 1.6 17 11 5 11 56% 208 2174 182 233%
c }  3.44 19 17 19 42 8665 3 185229 33577 1.6 17 11 5 11 56% 208 2174 182 233%
c [  3.44 19 23 19 42 8665 1 185229 33577 1.4 22 16 6 18 60% 208 2174 182 233%
c
c seconds   switched    rate          size/glue  tier1    binary      remaining
c        MB   reductions  conflicts         size   tier2    irredundant
c         level    restarts      redundant     glue    trail      variables
c
c -  3.45 19 23 19 43 8665 1 185508 29350 1.4 22 16 6 18 60% 208 2174 182 233%
c B  3.47 19 23 19 43 8666 1 186804 30457 1.4 22 16 6 18 60% 208 2174 182 233%
c -  3.57 20 23 19 44 8670 1 192066 29186 1.4 22 16 6 18 60% 208 2174 182 233%
c u  3.63 23 23 19 44 8671 1 194226 30922 1.4 22 16 6 18 60% 208 2174 182 233%
c v  3.65 23 23 19 44 8671 1 194226 30741 1.4 22 16 6 18 60% 208 2174 182 233%
c w  3.66 23 23 19 44 8671 1 194226 30610 1.4 22 16 6 18 60% 208 2174 182 233%
c x  3.68 23 23 19 44 8671 1 194226 30596 1.4 22 16 6 18 60% 208 2114 182 233%
c -  3.77 26 23 19 45 8673 1 198704 27909 1.4 22 17 6 18 60% 208 2114 182 233%
c -  3.88 26 23 19 46 8677 1 205412 27972 1.4 22 17 6 18 59% 208 2114 182 233%
c -  3.99 26 23 19 47 8679 1 212194 28585 1.4 22 16 6 18 59% 208 2114 182 233%
c W  4.10 27 23 19 47 8680 1 218255 33776 1.4 22 16 6 18 59% 208 2114 182 233%
c -  4.12 28 23 19 48 8680 1 219052 29346 1.4 22 16 6 18 59% 208 2114 182 233%
c -  4.23 28 23 19 49 8685 1 225982 29908 1.4 22 16 6 18 60% 208 2114 182 233%
c ]  4.30 28 23 20 49 8686 1 229879 33359 1.4 22 16 6 18 60% 208 2114 182 233%
c {  4.30 28 17 20 49 8686 3 229879 33359 1.6 17 11 5 11 56% 208 2114 182 233%
c s  4.32 28 17 20 49 8724 3 230931 34317 1.6 17 11 5 11 56% 208 2110 182 233%
c e  4.32 28 17 20 49 8724 3 230931 34317 1.6 17 11 5 11 56% 195 2227 169 217%
c ^  4.32 28 17 20 49 8724 3 230931 34317 1.6 17 11 5 11 56% 195 2227 169 217%
c -  4.37 30 17 20 50 8811 3 232984 24741 1.6 17 11 4 11 56% 195 2227 169 217%
c o  4.38 30 17 20 50 8843 3 233128 24879 1.6 17 11 4 11 56% 195 2227 169 217%
c
c seconds   switched    rate          size/glue  tier1    binary      remaining
c        MB   reductions  conflicts         size   tier2    irredundant
c         level    restarts      redundant     glue    trail      variables
c
c -  4.52 30 17 20 51 9169 3 240055 26812 1.6 17 11 4 11 56% 195 2227 169 217%
c u  4.57 31 17 20 51 9238 3 241500 27856 1.6 17 11 4 11 57% 195 2227 169 217%
c v  4.59 31 17 20 51 9238 3 241500 27653 1.6 17 11 4 11 57% 195 2227 169 217%
c w  4.60 31 17 20 51 9238 3 241500 27639 1.6 17 11 4 11 57% 195 2227 169 217%
c -  4.72 31 17 20 52 9544 3 247196 27965 1.6 17 11 4 11 57% 195 2227 169 217%
c -  4.88 31 17 20 53 9996 3 254410 29031 1.6 17 11 4 11 57% 195 2227 169 217%
c }  4.92 31 17 21 53 10020 3 256620 31105 1.6 17 11 4 11 57% 195 2227 169 217%
c [  4.92 31 23 21 53 10020 1 256620 31105 1.4 22 16 6 18 60% 195 2227 169 217%
c I  4.92 31 23 21 53 10020 1 256620 31105 1.4 22 16 6 18 60% 195 2227 169 217%
c -  4.99 31 22 21 54 10023 1 261690 29953 1.4 22 16 6 18 60% 195 2227 169 217%
c -  5.11 31 22 21 55 10027 1 269038 29761 1.4 22 16 6 17 60% 195 2227 169 217%
c -  5.23 31 21 21 56 10032 1 276454 30204 1.4 21 15 6 17 61% 195 2227 169 217%
c -  5.35 31 21 21 57 10034 1 283938 30948 1.4 21 15 6 17 61% 195 2227 169 217%
c -  5.46 32 21 21 58 10036 1 291487 31812 1.4 21 15 6 17 61% 195 2227 169 217%
c ]  5.47 32 20 22 58 10037 1 291635 31932 1.4 21 15 6 17 61% 195 2227 169 217%
c {  5.47 32 17 22 58 10037 3 291635 31932 1.6 17 11 4 11 57% 195 2227 169 217%
c u  5.53 32 17 22 58 10040 2 294051 33978 1.6 17 11 4 11 58% 195 2227 169 217%
c v  5.55 32 17 22 58 10040 2 294051 33856 1.6 17 11 4 11 58% 195 2227 169 217%
c w  5.56 33 17 22 58 10040 2 294051 33846 1.6 17 11 4 11 58% 195 2227 169 217%
c x  5.57 33 17 22 58 10040 2 294051 33846 1.6 17 11 4 11 58% 195 2224 169 217%
c
c seconds   switched     rate          size/glue  tier1    binary      remaining
c        MB   reductions   conflicts         size   tier2    irredundant
c         level    restarts       redundant     glue    trail      variables
c
c -  5.67 33 17 22 59 10041 2 299102 32847 1.7 17 10 4 11 58% 195 2224 169 217%
c -  5.83 33 16 22 60 10041 2 306783 33946 1.7 18 10 4 11 59% 195 2224 169 217%
c -  5.97 33 16 22 61 10043 2 314528 34727 1.8 18 10 4 10 60% 195 2224 169 217%
c o  6.10 33 15 22 61 10056 2 320741 40489 1.8 18 10 4 10 60% 195 2224 169 217%
c -  6.13 33 15 22 62 10061 2 322339 35297 1.8 18 10 4 10 61% 195 2224 169 217%
c }  6.15 33 15 23 62 10061 2 323151 36072 1.8 18 10 4 10 61% 195 2224 169 217%
c [  6.15 33 20 23 62 10061 1 323151 36072 1.4 21 15 6 17 61% 195 2224 169 217%
c B  6.15 33 20 23 62 10061 1 323151 36072 1.4 21 15 6 17 61% 195 2224 169 217%
c -  6.25 33 21 23 63 10066 1 330214 35229 1.4 21 15 6 17 61% 195 2224 169 217%
c -  6.39 33 21 23 64 10070 1 338151 33796 1.4 21 15 6 17 61% 195 2224 169 217%
c -  6.54 33 21 23 65 10074 1 346151 32525 1.4 21 15 6 17 61% 195 2224 169 217%
c s  6.63 33 21 23 65 10075 1 351529 37457 1.4 21 15 6 17 61% 195 2221 169 217%
c e  6.64 33 21 23 65 10075 1 351529 37457 1.4 21 15 6 17 61% 154 2670 130 167%
c !  6.64 33 21 23 65 10075 1 351529 37457 1.4 21 15 6 17 61% 154 2670 130 167%
c u  6.67 33 21 23 65 10075 1 352308 19504 1.4 21 15 6 17 61% 154 2670 130 167%
c v  6.70 33 21 23 65 10075 1 352308 19280 1.4 21 15 6 17 61% 154 2670 130 167%
c w  6.72 33 21 23 65 10075 1 352308 18948 1.4 21 15 6 17 61% 154 2670 130 167%
c -  6.75 33 21 23 66 10075 1 354214 17015 1.4 21 15 6 17 61% 154 2670 130 167%
c ]  6.81 33 21 24 66 10078 1 360175 21922 1.4 21 15 6 17 61% 154 2670 130 167%
c {  6.81 33 15 24 66 10078 2 360175 21922 1.8 18 10 4 10 61% 154 2670 130 167%
c
c seconds   switched     rate          size/glue  tier1    binary      remaining
c        MB   reductions   conflicts         size   tier2    irredundant
c         level    restarts       redundant     glue    trail      variables
c
c -  6.84 33 15 24 67 10130 2 362339 21545 1.8 18 10 4 10 61% 154 2670 130 167%
c -  6.98 33 15 24 68 10462 2 370528 25649 1.8 17 10 4 10 61% 154 2670 130 167%
c -  7.15 33 15 24 69 11034 2 378778 28020 1.8 17 10 4 10 61% 154 2670 130 167%
c -  7.31 33 15 24 70 11418 2 387086 29504 1.8 17 10 4 10 62% 154 2670 130 167%
c -  7.48 33 15 24 71 11799 2 395453 30643 1.8 17 10 4 10 62% 154 2670 130 167%
c }  7.52 33 15 25 71 11932 2 396853 31880 1.8 17 10 4 10 62% 154 2670 130 167%
c [  7.52 33 21 25 71 11932 1 396853 31880 1.4 21 15 6 17 61% 154 2670 130 167%
c W  7.52 34 21 25 71 11932 1 396853 31880 1.4 21 15 6 17 61% 154 2670 130 167%
c -  7.63 35 21 25 72 11937 1 403883 29802 1.4 21 15 6 17 62% 154 2670 130 167%
c -  7.75 35 21 25 73 11941 1 412368 28081 1.4 21 15 6 16 62% 154 2670 130 167%
c u  7.81 35 21 25 73 11943 1 414743 29720 1.4 21 15 6 16 62% 154 2670 130 167%
c v  7.84 36 21 25 73 11943 1 414743 29552 1.4 21 15 6 16 62% 154 2670 130 167%
c w  7.85 36 21 25 73 11943 1 414743 29224 1.4 21 15 6 16 62% 154 2670 130 167%
c o  7.85 36 21 25 73 11943 1 414743 29224 1.4 21 15 6 16 62% 154 2670 130 167%
c -  7.94 36 21 25 74 11945 1 420912 27675 1.4 21 15 6 17 62% 154 2670 130 167%
c -  8.06 36 21 25 75 11946 1 429516 27452 1.4 21 15 6 17 63% 154 2670 130 167%
c -  8.19 36 21 25 76 11953 1 438176 28047 1.4 21 15 6 17 63% 154 2670 130 167%
c ]  8.26 36 21 26 76 11955 1 443815 32938 1.4 21 15 6 17 63% 154 2670 130 167%
c {  8.26 36 15 26 76 11955 2 443815 32938 1.8 17 10 4 10 62% 154 2670 130 167%
c -  8.34 36 15 26 77 12195 2 446894 29679 1.8 17 10 4 10 62% 154 2670 130 167%
c
c seconds   switched     rate          size/glue  tier1    binary      remaining
c        MB   reductions   conflicts         size   tier2    irredundant
c         level    restarts       redundant     glue    trail      variables
c
c -  8.52 36 15 26 78 12518 2 455670 32025 1.8 17 10 4 10 63% 154 2670 130 167%
c -  8.72 36 15 26 79 13045 2 464503 34166 1.8 17 10 4 10 63% 154 2670 130 167%
c -  8.93 36 15 26 80 13661 2 473393 35445 1.7 17 10 4 10 63% 154 2670 130 167%
c -  9.12 36 15 26 81 14025 2 482337 36481 1.7 17 10 4 10 63% 154 2670 130 167%
c u  9.16 39 15 26 81 14082 2 482938 36791 1.7 17 10 4 10 63% 154 2670 130 167%
c v  9.19 40 15 26 81 14082 2 482938 36774 1.7 17 10 4 10 63% 154 2670 130 167%
c w  9.20 40 15 26 81 14082 2 482938 36765 1.7 17 10 4 10 63% 154 2670 130 167%
c x  9.22 40 15 26 81 14082 2 482938 36764 1.7 17 10 4 10 63% 154 2667 130 167%
c }  9.53 45 15 27 81 14191 2 486034 39560 1.7 17 10 4 10 63% 154 2667 130 167%
c [  9.53 45 21 27 81 14191 1 486034 39560 1.4 21 15 6 17 63% 154 2667 130 167%
c O  9.53 45 21 27 81 14191 1 486034 39560 1.4 21 15 6 17 63% 154 2667 130 167%
c -  9.60 46 22 27 82 14195 1 491337 36158 1.4 21 15 6 17 62% 154 2667 130 167%
c s  9.73 46 22 27 82 14199 1 499973 43349 1.4 21 15 6 17 63% 154 2666 130 167%
c -  9.75 46 22 27 83 14199 1 500392 34434 1.4 21 15 6 17 63% 154 2666 130 167%
c -  9.88 46 22 27 84 14204 1 509502 33676 1.4 21 15 6 17 63% 154 2666 130 167%
c - 10.03 46 21 27 85 14205 1 518668 34465 1.4 21 15 6 17 63% 154 2666 130 167%
c - 10.19 46 21 27 86 14212 1 527887 35483 1.4 21 15 6 17 64% 154 2666 130 167%
c - 10.35 46 22 27 87 14217 1 537160 35421 1.4 22 15 6 17 64% 154 2666 130 167%
c B 10.38 46 22 27 87 14218 1 538821 36861 1.4 22 15 6 17 64% 154 2666 130 167%
c o 10.38 46 22 27 87 14218 1 538821 36861 1.4 22 15 6 17 64% 154 2666 130 167%
c
c seconds   switched     rate          size/glue  tier1    binary      remaining
c        MB   reductions   conflicts         size   tier2    irredundant
c         level    restarts       redundant     glue    trail      variables
c
c ] 10.44 46 22 28 87 14219 1 543337 40997 1.4 22 15 6 17 64% 154 2666 130 167%
c { 10.44 46 15 28 87 14219 2 543337 40997 1.7 17 10 4 10 63% 154 2666 130 167%
c - 10.54 46 15 28 88 14495 2 546487 36166 1.7 17 10 4 10 63% 154 2666 130 167%
c - 10.74 46 15 28 89 14835 2 555869 37846 1.7 17 10 4 10 63% 154 2666 130 167%
c u 10.80 46 15 28 89 14895 2 557012 38509 1.7 17 10 4 10 63% 154 2666 130 167%
c v 10.83 46 15 28 89 14895 2 557012 38289 1.7 17 10 4 10 63% 154 2666 130 167%
c w 10.85 46 15 28 89 14895 2 557012 38276 1.7 17 10 4 10 63% 154 2666 130 167%
c - 11.11 46 15 28 90 15718 2 565306 39422 1.7 17 10 4 10 63% 154 2666 130 167%
c - 11.30 46 15 28 91 15968 2 574793 41017 1.7 17 10 4 10 64% 154 2666 130 167%
c - 11.56 46 15 28 92 16713 2 584333 42071 1.7 17 10 4 10 63% 154 2666 130 167%
c } 11.75 46 15 29 92 17162 2 591475 48287 1.7 17 10 4 10 63% 154 2666 130 167%
c [ 11.75 46 22 29 92 17162 1 591475 48287 1.4 22 15 6 17 64% 154 2666 130 167%
c - 11.80 46 22 29 93 17164 1 593926 42532 1.4 22 15 6 17 64% 154 2666 130 167%
c W 11.85 46 22 29 93 17165 1 596409 44843 1.4 22 15 6 17 65% 154 2666 130 167%
c - 11.98 47 22 29 94 17168 1 603569 41238 1.4 22 15 6 17 65% 154 2666 130 167%
c - 12.16 47 22 29 95 17175 1 613265 39395 1.4 22 16 6 17 65% 154 2666 130 167%
c - 12.34 47 23 29 96 17176 1 623011 39356 1.4 22 16 6 17 65% 154 2666 130 167%
c - 12.53 47 23 29 97 17183 1 632808 40177 1.4 22 16 6 17 65% 154 2666 130 167%
c u 12.65 47 23 29 97 17184 1 637032 43490 1.4 22 16 6 17 65% 154 2666 130 167%
c v 12.70 50 23 29 97 17184 1 637032 43230 1.4 22 16 6 17 65% 154 2666 130 167%
c
c seconds   switched     rate          size/glue  tier1    binary      remaining
c        MB   reductions   conflicts         size   tier2    irredundant
c         level    restarts       redundant     glue    trail      variables
c
c w 12.72 51 23 29 97 17184 1 637032 43122 1.4 22 16 6 17 65% 154 2666 130 167%
c - 12.84 51 22 29 98 17188 1 642659 41645 1.4 22 16 6 17 66% 154 2666 130 167%
c - 13.04 51 22 29 99 17191 1 652558 43859 1.4 22 15 5 17 66% 154 2666 130 167%
c ] 13.05 51 22 30 99 17191 1 652955 44226 1.4 22 15 5 17 66% 154 2666 130 167%
c { 13.05 51 15 30 99 17191 2 652955 44226 1.7 17 10 4 10 63% 154 2666 130 167%
c o 13.05 51 15 30 99 17203 2 653125 44381 1.7 17 10 4 10 63% 154 2666 130 167%
c - 13.31 51 15 30 100 17753 2 662508 44871 1.7 16 10 4 10 63% 154 2666 130 167%
c - 13.56 51 15 30 101 18251 2 672511 45526 1.7 16 10 4 10 64% 154 2666 130 167%
c - 13.83 51 15 30 102 18908 2 682561 42161 1.7 16 10 3 10 64% 154 2666 130 167%
c - 14.07 51 15 30 103 19300 2 692661 41712 1.7 16 10 3 10 64% 154 2666 130 167%
c - 14.34 51 15 30 104 19920 2 702809 42128 1.7 16 10 3 10 64% 154 2666 130 167%
c } 14.45 51 15 31 104 20171 2 707389 46238 1.7 16 10 3 10 64% 154 2666 130 167%
c [ 14.45 51 22 31 104 20171 1 707389 46238 1.4 22 15 5 17 66% 154 2666 130 167%
c I 14.45 51 22 31 104 20171 1 707389 46238 1.4 22 15 5 17 66% 154 2666 130 167%
c - 14.54 51 22 31 105 20175 1 713007 41854 1.4 21 15 5 16 66% 154 2666 130 167%
c u 14.76 51 21 31 105 20180 1 723101 50181 1.4 21 15 5 16 66% 154 2666 130 167%
c v 14.83 52 21 31 105 20180 1 723101 50051 1.4 21 15 5 16 66% 154 2666 130 167%
c w 14.86 52 21 31 105 20180 1 723101 50023 1.4 21 15 5 16 66% 154 2666 130 167%
c - 14.87 52 21 31 106 20180 1 723254 40765 1.4 21 15 5 16 66% 154 2666 130 167%
c - 15.07 52 21 31 107 20185 1 733549 40596 1.4 21 15 5 16 66% 154 2666 130 167%
c
c seconds   switched      rate          size/glue  tier1    binary      remaining
c        MB   reductions    conflicts         size   tier2    irredundant
c         level     restarts       redundant     glue    trail      variables
c
c - 15.27 52 20 31 108 20188 1 743895 40031 1.4 20 14 5 16 66% 154 2666 130 167%
c - 15.44 52 20 31 109 20194 1 754289 39718 1.4 20 14 5 16 66% 154 2666 130 167%
c - 15.63 52 20 31 110 20199 1 764732 39495 1.4 20 14 5 16 66% 154 2666 130 167%
c B 15.82 52 19 31 110 20201 1 775073 47558 1.4 20 14 5 16 66% 154 2666 130 167%
c o 15.82 52 19 31 110 20201 1 775073 47558 1.4 20 14 5 16 66% 154 2666 130 167%
c - 15.83 52 19 31 111 20201 1 775220 40747 1.4 20 14 5 16 66% 154 2666 130 167%
c ] 15.97 52 20 32 111 20201 1 784260 48830 1.4 20 14 5 16 66% 154 2666 130 167%
c { 15.97 52 15 32 111 20201 2 784260 48830 1.7 16 10 3 10 64% 154 2666 130 167%
c - 16.01 52 15 32 112 20279 2 785756 40125 1.7 16 10 3 10 64% 154 2666 130 167%
c - 16.23 52 15 32 113 20665 2 796339 40146 1.7 17 10 3 10 64% 154 2666 130 167%
c - 16.47 52 15 32 114 21117 2 806971 43202 1.7 17 10 3 10 65% 154 2666 130 167%
c u 16.75 52 15 32 114 21911 2 815288 50377 1.7 17 10 3 10 64% 154 2666 130 167%
c v 16.78 52 15 32 114 21911 2 815288 50150 1.7 17 10 3 10 64% 154 2666 130 167%
c w 16.80 52 15 32 114 21911 2 815288 50142 1.7 17 10 3 10 64% 154 2666 130 167%
c x 16.82 52 15 32 114 21911 2 815288 50140 1.7 17 10 3 10 64% 154 2645 130 167%
c - 16.89 55 15 32 115 22031 2 817650 43856 1.7 17 10 3 10 64% 154 2645 130 167%
c - 17.17 55 15 32 116 22613 2 828373 44466 1.7 17 10 3 10 65% 154 2645 130 167%
c - 17.46 55 15 32 117 23353 2 839143 45135 1.7 17 10 3 10 65% 154 2645 130 167%
c } 17.61 55 15 33 117 23708 2 845364 50814 1.7 17 10 3 10 65% 154 2645 130 167%
c [ 17.61 55 20 33 117 23708 1 845364 50814 1.4 20 14 5 16 66% 154 2645 130 167%
c
c seconds   switched      rate          size/glue  tier1    binary      remaining
c        MB   reductions    conflicts         size   tier2    irredundant
c         level     restarts       redundant     glue    trail      variables
c
c W 17.67 55 20 33 117 23710 1 848050 53178 1.4 20 14 5 16 66% 154 2645 130 167%
c - 17.71 56 20 33 118 23711 1 849960 45612 1.4 20 14 5 16 66% 154 2645 130 167%
c - 17.90 56 20 33 119 23717 1 860822 43081 1.4 20 14 5 16 67% 154 2645 130 167%
c - 18.10 56 20 33 120 23722 1 871730 41044 1.4 20 14 5 16 67% 154 2645 130 167%
c - 18.31 56 20 33 121 23726 1 882685 42271 1.4 20 14 5 16 67% 154 2645 130 167%
c - 18.52 56 20 33 122 23732 1 893686 42280 1.4 20 14 5 16 67% 154 2645 130 167%
c o 18.61 56 20 33 122 23735 1 898275 46228 1.4 20 14 5 16 67% 154 2645 130 167%
c - 18.72 56 20 33 123 23737 1 904731 42112 1.4 20 14 5 16 67% 154 2645 130 167%
c u 18.94 60 21 33 123 23738 1 913789 49930 1.4 21 14 5 16 67% 154 2645 130 167%
c v 18.99 61 21 33 123 23738 1 913789 49624 1.4 21 14 5 16 67% 154 2645 130 167%
c w 19.02 62 21 33 123 23738 1 913789 49307 1.4 21 14 5 16 67% 154 2645 130 167%
c - 19.07 62 21 33 124 23738 1 915823 40231 1.4 21 15 5 16 67% 154 2645 130 167%
c ] 19.21 62 21 34 124 23738 1 922882 46466 1.4 21 15 5 16 67% 154 2645 130 167%
c { 19.21 62 15 34 124 23738 2 922882 46466 1.7 17 10 3 10 65% 154 2645 130 167%
c - 19.38 62 15 34 125 24439 2 926959 39774 1.7 17 10 3 10 64% 154 2645 130 167%
c - 19.82 62 15 34 126 26146 2 938139 42573 1.7 17 10 3 10 64% 154 2645 130 167%
c - 20.26 62 15 34 127 27719 2 949363 44533 1.6 17 10 3 10 63% 154 2645 130 167%
c - 20.65 62 16 34 128 28983 2 960632 46144 1.6 17 10 3 10 63% 154 2645 130 167%
c - 21.05 62 16 34 129 30050 2 971946 47694 1.6 17 10 3 10 62% 154 2645 130 167%
c - 21.47 62 16 34 130 31256 2 983303 48527 1.6 17 11 3 10 62% 154 2645 130 167%
c
c seconds   switched      rate          size/glue  tier1    binary      remaining
c        MB   reductions    conflicts         size   tier2    irredundant
c         level     restarts       redundant     glue    trail      variables
c
c } 21.72 62 16 35 130 31791 2 991029 54909 1.6 17 11 3 10 62% 154 2645 130 167%
c [ 21.72 62 21 35 130 31791 1 991029 54909 1.4 21 15 5 16 67% 154 2645 130 167%
c O 21.72 62 21 35 130 31791 1 991029 54909 1.4 21 15 5 16 67% 154 2645 130 167%
c - 21.81 62 21 35 131 31793 1 994704 48342 1.4 21 15 5 16 66% 154 2645 130 167%
c - 22.07 62 21 35 132 31800 1 1006149 46470 1.4 21 15 5 16 66% 154 2645 130 167%
c - 22.29 62 21 35 133 31805 1 1017639 44270 1.4 21 15 5 16 66% 154 2645 130 167%
c u 22.40 66 21 35 133 31805 1 1018562 44130 1.4 21 15 5 16 66% 154 2645 130 167%
c v 22.49 67 21 35 133 31805 1 1018562 43531 1.4 21 15 5 16 66% 154 2645 130 167%
c w 22.54 67 21 35 133 31805 1 1018562 43274 1.4 21 15 5 16 66% 154 2645 130 167%
c - 23.48 83 22 35 134 31809 1 1029171 42187 1.4 21 15 5 16 66% 154 2645 130 167%
c - 23.71 83 21 35 135 31816 1 1040746 44005 1.4 21 15 5 16 66% 154 2645 130 167%
c o 23.75 83 21 35 135 31818 1 1042561 45600 1.4 21 15 5 16 66% 154 2645 130 167%
c - 23.95 83 21 35 136 31820 1 1052365 45539 1.4 21 15 5 16 66% 154 2645 130 167%
c - 24.19 83 22 35 137 31821 1 1064028 45387 1.4 21 15 5 16 66% 154 2645 130 167%
c B 24.40 83 22 35 137 31823 1 1075066 55000 1.4 21 15 5 16 66% 154 2645 130 167%
c - 24.42 83 22 35 138 31824 1 1075732 45000 1.4 21 15 5 16 66% 154 2645 130 167%
c - 24.61 83 21 35 139 31830 1 1087479 47677 1.4 21 15 5 16 66% 154 2645 130 167%
c - 24.85 83 21 35 140 31836 1 1099270 47423 1.4 21 15 5 16 67% 154 2645 130 167%
c - 25.09 83 21 35 141 31840 1 1111104 46721 1.4 21 15 5 16 67% 154 2645 130 167%
c - 25.32 83 21 35 142 31847 1 1122979 46357 1.4 22 15 5 16 67% 154 2645 130 167%
c
c seconds   switched      rate           size/glue  tier1    binary      remaining
c        MB   reductions     conflicts         size   tier2    irredundant
c         level     restarts        redundant     glue    trail      variables
c
c ] 25.39 83 21 36 142 31850 1 1127266 50179 1.4 22 15 5 16 67% 154 2645 130 167%
c { 25.39 83 16 36 142 31850 2 1127266 50179 1.6 17 11 3 10 62% 154 2645 130 167%
c u 25.53 83 16 36 142 31993 2 1129676 52080 1.6 17 11 3 10 62% 154 2645 130 167%
c v 25.60 83 16 36 142 31993 2 1129676 51994 1.6 17 11 3 10 62% 154 2645 130 167%
c w 25.63 85 16 36 142 31993 2 1129676 51875 1.6 17 11 3 10 62% 154 2645 130 167%
c - 25.76 85 16 36 143 32051 2 1134895 48136 1.6 17 11 3 10 62% 154 2645 130 167%
c - 26.05 85 16 36 144 32298 2 1146854 50808 1.6 16 10 3 10 62% 154 2645 130 167%
c s 26.17 85 16 36 144 32379 2 1152320 55727 1.6 17 10 3 10 62% 154 2639 130 167%
c - 26.34 85 15 36 145 32562 2 1158856 52288 1.6 17 10 3 10 63% 154 2639 130 167%
c - 26.65 85 15 36 146 32910 2 1170897 53154 1.6 17 10 3 10 63% 154 2639 130 167%
c - 26.96 85 15 36 147 33276 2 1182980 53377 1.6 16 10 3 10 63% 154 2639 130 167%
c o 27.03 85 15 36 147 33294 2 1186366 56286 1.6 16 10 3 10 63% 154 2639 130 167%
c - 27.29 85 15 36 148 33731 2 1195105 53945 1.6 16 10 3 10 63% 154 2639 130 167%
c } 27.52 85 15 37 148 34027 2 1202823 60859 1.6 16 10 3 10 63% 154 2639 130 167%
c [ 27.52 85 21 37 148 34027 1 1202823 60859 1.4 22 15 5 16 67% 154 2639 130 167%
c W 27.52 85 21 37 148 34027 1 1202823 60859 1.4 22 15 5 16 67% 154 2639 130 167%
c - 27.62 86 21 37 149 34030 1 1207270 54106 1.4 21 15 5 16 67% 154 2639 130 167%
c - 27.84 86 21 37 150 34037 1 1219476 53143 1.5 21 15 5 16 67% 154 2639 130 167%
c - 28.08 87 20 37 151 34041 1 1231724 52512 1.5 21 14 5 16 66% 154 2639 130 167%
c - 28.33 87 20 37 152 34047 1 1244013 52615 1.5 20 14 5 15 66% 154 2639 130 167%
c
c seconds   switched      rate           size/glue  tier1    binary      remaining
c        MB   reductions     conflicts         size   tier2    irredundant
c         level     restarts        redundant     glue    trail      variables
c
c u 28.46 88 20 37 152 34048 1 1247205 54524 1.5 20 14 5 15 66% 154 2639 130 167%
c v 28.54 88 20 37 152 34048 1 1247205 53427 1.5 20 14 5 15 66% 154 2639 130 167%
c w 28.58 88 20 37 152 34048 1 1247205 52849 1.5 20 14 5 15 66% 154 2639 130 167%
c - 28.78 88 20 37 153 34054 1 1256341 51366 1.5 20 14 5 15 66% 154 2639 130 167%
c - 29.03 88 20 37 154 34056 1 1268710 51190 1.5 20 14 5 15 66% 154 2639 130 167%
c - 29.29 88 20 37 155 34057 1 1281121 51488 1.5 20 14 5 15 66% 154 2639 130 167%
c - 29.56 88 20 37 156 34064 1 1293570 51968 1.5 20 14 5 15 65% 154 2639 130 167%
c ] 29.65 88 19 38 156 34065 1 1297877 55747 1.5 20 14 5 15 65% 154 2639 130 167%
c { 29.65 88 15 38 156 34065 2 1297877 55747 1.6 16 10 3 10 63% 154 2639 130 167%
c - 29.87 88 15 38 157 34078 2 1306059 54377 1.6 16 10 3 10 63% 154 2639 130 167%
c - 30.20 88 14 38 158 34083 2 1318588 56531 1.6 16 10 3 10 63% 154 2639 130 167%
c - 30.48 88 14 38 159 34106 2 1331158 57959 1.7 16 10 3 10 63% 154 2639 130 167%
c o 30.65 88 14 38 159 34111 2 1338889 64718 1.7 16 9 3 10 63% 154 2639 130 167%
c - 30.76 88 14 38 160 34112 2 1343769 58637 1.7 16 9 3 10 64% 154 2639 130 167%
c - 31.02 88 13 38 161 34129 1 1356418 58810 1.7 16 9 3 10 64% 154 2639 130 167%
c - 31.32 88 13 38 162 34130 1 1369106 58438 1.8 16 9 3 10 65% 154 2639 130 167%
c u 31.43 88 13 38 162 34130 1 1371263 59637 1.8 16 9 3 10 65% 154 2639 130 167%
c v 31.51 89 13 38 162 34130 1 1371263 59619 1.8 16 9 3 10 65% 154 2639 130 167%
c w 31.53 89 13 38 162 34130 1 1371263 59594 1.8 16 9 3 10 65% 154 2639 130 167%
c x 31.56 89 13 38 162 34130 1 1371263 59543 1.8 16 9 3 10 65% 154 2440 130 167%
c
c seconds   switched      rate           size/glue tier1    binary      remaining
c        MB   reductions     conflicts         size  tier2    irredundant
c         level     restarts        redundant    glue    trail      variables
c
c } 31.82 89 12 39 162 34140 1 1381210 68363 1.8 16 9 3 10 65% 155 2440 130 167%
c [ 31.82 89 19 39 162 34140 1 1381210 68363 1.5 20 14 5 15 65% 155 2440 130 167%
c I 31.82 89 19 39 162 34140 1 1381210 68363 1.5 20 14 5 15 65% 155 2440 130 167%
c - 31.84 89 19 39 163 34140 1 1381833 58586 1.5 20 14 5 15 65% 155 2440 130 167%
c - 32.11 89 19 39 164 34147 1 1394602 57604 1.5 20 13 5 15 65% 155 2440 130 167%
c - 32.38 89 19 39 165 34154 1 1407408 54611 1.5 20 13 5 15 64% 156 2440 130 167%
c - 32.64 89 19 39 166 34159 1 1420253 53513 1.5 20 13 5 15 65% 156 2440 130 167%
c - 32.91 89 20 39 167 34167 1 1433138 51769 1.5 20 14 5 15 65% 156 2440 130 167%
c s 33.22 89 20 39 167 34169 1 1445384 62443 1.5 20 14 5 15 65% 156 2424 130 167%
c - 33.25 89 20 39 168 34169 1 1446060 52878 1.5 20 14 5 15 65% 156 2424 130 167%
c - 33.53 89 20 39 169 34170 1 1459022 55574 1.5 20 14 4 15 65% 156 2424 130 167%
c ] 33.77 89 19 40 169 34176 1 1470045 65031 1.5 20 13 4 15 65% 156 2424 130 167%
c { 33.77 89 12 40 169 34176 1 1470045 65031 1.8 16 9 3 10 65% 156 2424 130 167%
c - 33.86 89 13 40 170 34473 1 1472023 57955 1.8 16 9 3 10 65% 156 2424 130 167%
c - 34.35 89 13 40 171 35675 2 1485062 59998 1.8 16 9 3 9 64% 156 2424 130 167%
c - 34.85 89 13 40 172 36919 2 1498138 60566 1.8 16 9 3 9 64% 156 2424 130 167%
c o 34.89 89 13 40 172 37075 2 1498908 61253 1.8 16 9 3 9 64% 156 2424 130 167%
c u 35.15 89 13 40 172 37575 2 1503526 64640 1.8 16 9 3 9 64% 156 2424 130 167%
c v 35.26 89 13 40 172 37575 2 1503526 64547 1.8 16 9 3 9 64% 156 2424 130 167%
c w 35.30 89 13 40 172 37575 2 1503526 64537 1.8 16 9 3 9 64% 156 2424 130 167%
c
c seconds   switched      rate           size/glue tier1   binary      remaining
c        MB   reductions     conflicts         size  tier2   irredundant
c         level     restarts        redundant    glue   trail      variables
c
c - 35.61 89 13 40 173 38331 2 1511253 60215 1.7 16 9 3 9 64% 156 2424 130 167%
c - 36.02 89 13 40 174 39131 2 1524406 60382 1.7 16 9 3 9 64% 156 2424 130 167%
c - 36.45 89 13 40 175 39953 2 1537598 61382 1.7 16 9 3 9 64% 156 2424 130 167%
c - 36.93 89 13 40 176 41058 2 1550826 62171 1.7 16 9 3 9 64% 156 2424 130 167%
c } 37.30 89 14 41 176 41916 2 1561517 71372 1.7 16 9 3 9 64% 156 2424 130 167%
c [ 37.30 89 19 41 176 41916 1 1561517 71372 1.5 20 13 4 15 65% 156 2424 130 167%
c B 37.30 89 19 41 176 41916 1 1561517 71372 1.5 20 13 4 15 65% 156 2424 130 167%
c - 37.36 89 19 41 177 41918 1 1564092 62132 1.5 20 13 4 15 65% 156 2424 130 167%
c - 37.64 89 19 41 178 41925 1 1577396 60842 1.5 20 13 4 15 65% 156 2424 130 167%
c - 37.91 89 19 41 179 41930 1 1590737 60005 1.5 20 13 4 15 65% 156 2424 130 167%
c - 38.21 89 19 41 180 41937 1 1604116 59384 1.5 20 13 4 15 65% 156 2424 130 167%
c - 38.49 89 19 41 181 41944 1 1617532 57624 1.5 20 13 4 15 64% 156 2424 130 167%
c - 38.78 89 19 41 182 41946 1 1630986 58645 1.5 20 13 4 15 64% 156 2424 130 167%
c u 39.12 89 19 41 182 41946 1 1642595 68061 1.5 20 14 4 15 64% 156 2424 130 167%
c v 39.24 89 19 41 182 41946 1 1642595 67709 1.5 20 14 4 15 64% 156 2424 130 167%
c w 39.29 88 19 41 182 41946 1 1642595 66926 1.5 20 14 4 15 64% 156 2424 130 167%
c - 39.34 92 19 41 183 41947 1 1644477 57464 1.5 20 14 4 15 64% 156 2424 130 167%
c - 39.65 92 19 41 184 41955 1 1658004 56997 1.5 20 14 4 15 64% 156 2424 130 167%
c W 39.92 92 19 41 184 41961 1 1669503 66905 1.5 20 14 4 15 64% 156 2424 130 167%
c o 39.92 92 19 41 184 41961 1 1669503 66905 1.5 20 14 4 15 64% 156 2424 130 167%
c
c seconds   switched      rate           size/glue  tier1    binary      remaining
c        MB   reductions     conflicts         size   tier2    irredundant
c         level     restarts        redundant     glue    trail      variables
c
c - 39.97 93 19 41 185 41961 1 1671570 56791 1.5 20 14 4 15 64% 156 2424 130 167%
c - 40.25 93 19 41 186 41968 1 1685171 58988 1.5 20 14 4 15 64% 156 2424 130 167%
c - 40.53 93 19 41 187 41975 1 1698810 58616 1.5 20 14 4 15 64% 156 2424 130 167%
c - 40.81 93 19 41 188 41977 1 1712484 59196 1.5 20 13 4 15 64% 156 2424 130 167%
c ] 40.82 93 19 42 188 41977 1 1712876 59563 1.5 20 13 4 15 64% 156 2424 130 167%
c { 40.82 93 14 42 188 41977 2 1712876 59563 1.7 16 9 3 9 64% 156 2424 130 167%
c - 41.27 93 14 42 189 42902 2 1726197 61295 1.7 15 9 3 9 63% 156 2424 130 167%
c - 41.80 93 14 42 190 44085 2 1739945 63057 1.6 16 9 3 9 63% 156 2424 130 167%
c - 42.30 93 14 42 191 45128 2 1753729 64140 1.6 15 9 3 9 63% 156 2424 130 167%
c - 42.74 93 14 42 192 45808 2 1767551 65178 1.6 16 9 3 9 63% 156 2424 130 167%
c - 43.20 93 14 42 193 46442 2 1781407 66187 1.7 16 9 3 9 63% 156 2424 130 167%
c s 43.27 93 14 42 193 46599 2 1783573 68048 1.6 16 9 3 9 63% 156 2387 130 167%
c u 43.49 94 14 42 193 46797 2 1788421 71353 1.7 16 9 3 9 64% 156 2387 130 167%
c v 43.59 95 14 42 193 46797 2 1788421 71241 1.7 16 9 3 9 64% 156 2387 130 167%
c w 43.62 95 14 42 193 46797 2 1788421 71211 1.7 16 9 3 9 64% 156 2387 130 167%
c x 43.66 95 14 42 193 46797 2 1788421 71210 1.7 16 9 3 9 64% 156 2383 130 167%
c - 43.92 95 14 42 194 47184 2 1795299 66009 1.7 16 9 3 9 64% 156 2383 130 167%
c - 44.42 95 14 42 195 48193 2 1809231 66725 1.6 16 9 3 9 63% 156 2383 130 167%
c } 44.55 95 14 43 195 48505 2 1812851 69904 1.6 16 9 3 9 63% 156 2383 130 167%
c [ 44.55 95 19 43 195 48505 1 1812851 69904 1.5 20 13 4 15 64% 156 2383 130 167%
c
c seconds   switched      rate           size/glue  tier1    binary      remaining
c        MB   reductions     conflicts         size   tier2    irredundant
c         level     restarts        redundant     glue    trail      variables
c
c O 44.55 95 19 43 195 48505 1 1812851 69904 1.5 20 13 4 15 64% 156 2383 130 167%
c - 44.81 95 19 43 196 48511 1 1823195 64211 1.4 20 14 4 15 64% 156 2383 130 167%
c - 45.13 95 20 43 197 48518 1 1837195 59970 1.4 20 14 4 15 64% 156 2383 130 167%
c - 45.47 95 20 43 198 48524 1 1851232 58133 1.4 20 14 4 15 64% 156 2383 130 167%
c o 45.54 95 20 43 198 48526 1 1854072 60668 1.4 20 14 4 15 64% 156 2383 130 167%
c - 45.79 95 20 43 199 48532 1 1865304 59078 1.4 21 14 4 15 64% 156 2383 130 167%
c - 46.11 95 20 43 200 48535 1 1879410 58892 1.4 21 15 4 15 65% 156 2383 130 167%
c - 46.44 95 20 43 201 48535 1 1893554 60502 1.4 21 15 4 15 65% 156 2383 130 167%
c - 46.79 95 20 43 202 48543 1 1907731 61926 1.4 21 15 4 15 65% 156 2383 130 167%
c - 47.13 95 20 43 203 48550 1 1921943 63077 1.4 21 15 4 15 65% 156 2383 130 167%
c B 47.41 95 20 43 203 48555 1 1933684 73289 1.4 21 15 4 15 65% 156 2383 130 167%
c - 47.46 95 20 43 204 48556 1 1936191 64407 1.4 21 14 4 15 65% 156 2383 130 167%
c u 47.66 100 20 43 204 48558 1 1941495 68278 1.4 21 14 4 15 65% 156 2383 130 167%
c v 47.78 101 20 43 204 48558 1 1941495 67830 1.4 21 14 4 15 65% 156 2383 130 167%
c w 47.83 102 20 43 204 48558 1 1941495 67326 1.4 21 14 4 15 65% 156 2383 130 167%
c - 48.84 102 20 43 205 48564 1 1950474 63283 1.4 20 14 4 15 65% 156 2383 130 167%
c ] 49.05 102 20 44 205 48565 1 1960692 71586 1.4 20 14 4 15 65% 156 2383 130 167%
c { 49.05 102 14 44 205 48565 2 1960692 71586 1.6 16 9 3 9 63% 156 2383 130 167%
c - 49.21 102 14 44 206 48847 2 1964792 63723 1.6 16 9 3 9 63% 156 2383 130 167%
c - 49.70 102 14 44 207 49601 2 1979144 66193 1.6 16 9 3 9 64% 156 2383 130 167%
c
c seconds    switched      rate           size/glue tier1   binary      remaining
c         MB   reductions     conflicts         size  tier2   irredundant
c          level     restarts        redundant    glue   trail      variables
c
c - 50.19 102 14 44 208 50332 2 1993531 67664 1.7 16 9 3 9 64% 156 2383 130 167%
c - 50.66 102 14 44 209 51000 2 2007954 68155 1.6 15 9 3 9 64% 156 2383 130 167%
c - 51.15 102 14 44 210 51732 2 2022411 68984 1.7 15 9 3 9 64% 156 2383 130 167%
c - 51.72 102 14 44 211 52866 2 2036902 69945 1.7 15 9 3 9 63% 157 2383 130 167%
c o 52.00 102 14 44 211 53402 2 2044407 76427 1.7 15 9 3 9 63% 157 2383 130 167%
c - 52.23 102 14 44 212 53685 2 2051428 70739 1.7 15 9 3 9 63% 157 2383 130 167%
c - 52.71 102 14 44 213 54365 2 2065988 65128 1.7 15 9 2 9 63% 157 2383 130 167%
c } 52.84 102 14 45 213 54665 2 2069525 68182 1.7 15 9 2 9 63% 157 2383 130 167%
c [ 52.84 102 20 45 213 54665 1 2069525 68182 1.4 20 14 4 15 65% 157 2383 130 167%
c W 52.86 102 20 45 213 54665 1 2069525 68182 1.4 20 14 4 15 65% 157 2383 130 167%
c - 53.12 102 20 45 214 54671 1 2080582 61678 1.4 20 14 4 15 65% 157 2383 130 167%
c - 53.45 103 19 45 215 54679 1 2095212 57342 1.4 20 14 4 15 64% 157 2383 130 167%
c u 53.71 103 19 45 215 54679 1 2101416 60770 1.4 20 14 4 15 64% 157 2383 130 167%
c v 53.84 103 19 45 215 54679 1 2101416 60086 1.4 20 14 4 15 64% 157 2383 130 167%
c w 53.90 103 19 45 215 54679 1 2101416 58180 1.4 20 14 4 15 64% 157 2383 130 167%
c - 54.10 103 19 45 216 54685 1 2109875 51855 1.4 20 14 4 15 64% 157 2383 130 167%
c - 54.42 103 19 45 217 54693 1 2124571 51111 1.4 20 14 4 15 64% 157 2383 130 167%
c - 54.78 103 19 45 218 54695 1 2139302 51399 1.4 20 14 4 15 64% 157 2383 130 167%
c - 55.11 103 19 45 219 54698 1 2154066 53285 1.4 20 14 4 15 64% 157 2383 130 167%
c s 55.37 103 19 45 219 54704 1 2165568 63102 1.4 20 14 4 15 64% 157 2358 130 167%
c
c seconds    switched      rate           size/glue  tier1    binary      remaining
c         MB   reductions     conflicts         size   tier2    irredundant
c          level     restarts        redundant     glue    trail      variables
c
c - 55.45 103 19 45 220 54706 1 2168866 53674 1.4 20 14 4 15 65% 157 2358 130 167%
c - 55.76 103 19 45 221 54710 1 2183698 53800 1.4 20 14 4 15 65% 157 2358 130 167%
c - 56.10 103 20 45 222 54719 1 2198565 51721 1.4 20 14 4 15 65% 157 2358 130 167%
c I 56.23 103 20 45 222 54723 1 2203764 56140 1.4 20 14 4 15 65% 157 2358 130 167%
c - 56.42 103 19 45 223 54725 1 2213465 53771 1.4 20 14 4 15 65% 157 2358 130 167%
c - 56.74 103 19 45 224 54726 1 2228398 53891 1.5 19 13 4 14 65% 157 2358 130 167%
c ] 56.90 103 19 46 224 54727 1 2236343 60731 1.4 19 13 4 14 65% 158 2358 130 167%
c { 56.90 103 14 46 224 54727 2 2236343 60731 1.7 15 9 2 9 63% 158 2358 130 167%
c - 57.10 103 14 46 225 55078 2 2243364 54482 1.7 15 9 2 9 63% 158 2358 130 167%
c o 57.13 103 14 46 225 55215 2 2244412 55460 1.7 15 9 2 9 63% 158 2358 130 167%
c - 57.52 103 13 46 226 55975 2 2258364 56931 1.7 15 9 2 9 63% 158 2358 130 167%
c u 57.92 103 14 46 226 56697 2 2268284 64558 1.7 15 9 2 9 63% 158 2358 130 167%
c v 58.05 103 14 46 226 56697 2 2268284 64385 1.7 15 9 2 9 63% 158 2358 130 167%
c w 58.10 103 14 46 226 56697 2 2268284 64307 1.7 15 9 2 9 63% 158 2358 130 167%
c - 58.23 103 13 46 227 56877 2 2273397 57852 1.7 15 9 2 9 63% 158 2358 130 167%
c - 58.68 103 13 46 228 57518 2 2288463 59028 1.7 15 9 2 9 63% 158 2358 130 167%
c - 59.14 103 13 46 229 58378 2 2303563 59548 1.6 15 9 2 9 63% 158 2358 130 167%
c - 59.57 103 13 46 230 59084 2 2318695 59915 1.6 15 9 2 9 63% 158 2358 130 167%
c - 60.04 103 13 46 231 59882 2 2333860 60655 1.6 15 9 2 9 63% 159 2358 130 167%
c - 60.49 103 13 46 232 60695 2 2349058 61612 1.6 15 9 2 9 63% 159 2358 130 167%
c
c seconds    switched      rate           size/glue tier1   binary      remaining
c         MB   reductions     conflicts         size  tier2   irredundant
c          level     restarts        redundant    glue   trail      variables
c
c } 60.64 103 13 47 232 60964 2 2354387 66319 1.6 15 9 2 9 63% 159 2358 130 167%
c [ 60.64 103 19 47 232 60964 1 2354387 66319 1.4 19 13 4 14 65% 159 2358 130 167%
c B 60.64 103 19 47 232 60964 1 2354387 66319 1.4 19 13 4 14 65% 159 2358 130 167%
c - 60.87 103 19 47 233 60970 1 2364290 60208 1.4 19 13 4 14 65% 159 2358 130 167%
c - 61.20 103 19 47 234 60978 1 2379555 56392 1.4 19 13 4 14 65% 159 2358 130 167%
c - 61.53 103 19 47 235 60984 1 2394852 54099 1.4 19 14 4 14 65% 159 2358 130 167%
c - 61.86 103 19 47 236 60992 1 2410181 53552 1.4 19 14 4 14 65% 159 2358 130 167%
c - 62.18 103 19 47 237 60994 1 2425543 54173 1.4 19 14 4 14 65% 159 2358 130 167%
c - 62.50 103 19 47 238 60998 1 2440937 56169 1.4 19 13 4 14 65% 159 2358 130 167%
c u 62.61 103 19 47 238 60999 1 2442429 56536 1.4 19 13 4 14 65% 159 2358 130 167%
c v 62.68 103 19 47 238 60999 1 2442429 55725 1.4 19 13 4 14 65% 159 2358 130 167%
c w 62.72 103 19 47 238 60999 1 2442429 52714 1.4 19 13 4 14 65% 159 2358 130 167%
c x 62.75 103 19 47 238 60999 1 2442429 52698 1.4 19 13 4 14 65% 159 2299 130 167%
c - 63.05 103 19 47 239 61007 1 2456364 53987 1.4 19 13 4 14 65% 159 2299 130 167%
c - 63.38 103 19 47 240 61012 1 2471823 54354 1.4 19 13 4 14 64% 159 2299 130 167%
c o 63.50 103 18 47 240 61016 1 2477785 59347 1.4 19 13 4 14 64% 159 2299 130 167%
c - 63.69 103 19 47 241 61021 1 2487316 54186 1.4 19 13 4 14 64% 159 2299 130 167%
c W 64.04 103 19 47 241 61025 1 2502575 67886 1.4 20 14 4 14 64% 159 2299 130 167%
c - 64.05 103 19 47 242 61025 1 2502842 53220 1.4 20 14 4 14 64% 159 2299 130 167%
c ] 64.22 103 19 48 242 61025 1 2512582 61991 1.4 20 14 4 14 64% 159 2299 130 167%
c
c seconds    switched      rate           size/glue tier1   binary      remaining
c         MB   reductions     conflicts         size  tier2   irredundant
c          level     restarts        redundant    glue   trail      variables
c
c { 64.22 103 13 48 242 61025 2 2512582 61991 1.6 15 9 2 9 63% 159 2299 130 167%
c - 64.38 103 13 48 243 61311 2 2518400 54169 1.7 15 9 2 9 63% 159 2299 130 167%
c - 64.86 103 13 48 244 62192 2 2533988 57585 1.6 15 9 2 9 63% 161 2299 130 167%
c - 65.31 103 13 48 245 62955 2 2549610 60263 1.6 15 9 2 9 63% 161 2299 130 167%
c - 65.73 103 13 48 246 63502 2 2565262 61417 1.6 14 9 2 9 63% 166 2299 130 167%
c - 66.18 103 13 48 247 64522 2 2580947 62627 1.6 14 9 2 9 63% 168 2299 130 167%
c s 66.53 103 13 48 247 65273 2 2592945 72597 1.6 14 9 2 9 62% 168 2240 130 167%
c s 66.53 103 13 48 247 65273 2 2592945 72597 1.6 14 9 2 9 62% 168 2225 130 167%
c - 66.64 103 13 48 248 65394 2 2596664 62987 1.6 14 9 2 9 63% 168 2225 130 167%
c - 67.12 103 13 48 249 66306 2 2612412 63551 1.6 14 9 2 9 63% 169 2225 130 167%
c u 67.61 103 13 48 249 67118 2 2624338 72428 1.6 14 9 2 9 62% 174 2225 130 167%
c v 67.75 103 13 48 249 67118 2 2624338 72195 1.6 14 9 2 9 62% 174 2225 130 167%
c w 67.81 103 13 48 249 67118 2 2624338 72158 1.6 14 9 2 9 62% 174 2225 130 167%
c - 67.94 103 13 48 250 67377 2 2628191 63284 1.6 14 9 2 9 62% 174 2225 130 167%
c } 68.29 103 13 49 250 68061 2 2640196 73385 1.6 14 9 2 9 62% 174 2225 130 167%
c [ 68.29 103 19 49 250 68061 1 2640196 73385 1.4 20 14 4 14 64% 174 2225 130 167%
c - 68.38 103 19 49 251 68063 1 2644002 63782 1.4 19 14 4 14 64% 175 2225 130 167%
c O 68.66 103 19 49 251 68072 1 2657936 75145 1.4 19 13 4 14 63% 175 2225 130 167%
c - 68.71 103 19 49 252 68073 1 2659845 62658 1.4 19 13 4 14 63% 175 2225 130 167%
c - 69.05 103 19 49 253 68078 1 2675719 59415 1.5 19 13 4 14 63% 175 2225 130 167%
c
c seconds    switched      rate           size/glue  tier1    binary      remaining
c         MB   reductions     conflicts         size   tier2    irredundant
c          level     restarts        redundant     glue    trail      variables
c
c - 69.42 103 19 49 254 68087 1 2691624 55986 1.4 20 14 4 14 63% 175 2225 130 167%
c - 69.77 103 19 49 255 68091 1 2707561 58950 1.5 20 13 3 14 63% 175 2225 130 167%
c - 70.15 103 18 49 256 68092 1 2723529 63175 1.5 19 13 3 14 63% 175 2225 130 167%
c - 70.50 103 18 49 257 68102 1 2739529 63625 1.5 19 13 3 14 63% 175 2225 130 167%
c - 70.89 103 18 49 258 68107 1 2755560 62900 1.5 19 13 3 14 63% 175 2225 130 167%
c - 71.24 103 18 49 259 68116 1 2771624 63087 1.5 19 13 3 14 63% 175 2225 130 167%
c - 71.62 103 18 49 260 68121 1 2787717 59903 1.5 19 13 3 14 63% 175 2225 130 167%
c ] 71.96 103 18 50 260 68122 1 2802807 72786 1.5 19 12 3 14 63% 175 2225 130 167%
c { 71.96 103 13 50 260 68122 2 2802807 72786 1.6 14 9 2 9 62% 175 2225 130 167%
c o 71.96 103 13 50 260 68135 2 2802882 72850 1.6 14 9 2 9 62% 175 2225 130 167%
c - 72.02 103 13 50 261 68315 2 2803842 62281 1.6 14 9 2 9 62% 175 2225 130 167%
c u 72.51 103 13 50 261 70135 2 2814144 69209 1.6 14 9 2 9 62% 175 2225 130 167%
c v 72.62 103 13 50 261 70135 2 2814144 68338 1.6 14 9 2 9 62% 175 2225 130 167%
c w 72.66 103 13 50 261 70135 2 2814144 67025 1.6 14 9 2 9 62% 175 2225 130 167%
c x 72.70 103 13 50 261 70135 2 2814144 67005 1.6 14 9 2 9 62% 181 2106 130 167%
c t 72.70 103 13 50 261 70135 2 2814144 67005 1.6 14 9 2 9 62% 179 2106 130 167%
c - 72.97 103 13 50 262 71122 2 2819997 59364 1.6 14 9 2 9 61% 179 2106 130 167%
c - 73.73 103 14 50 263 73422 2 2836184 59239 1.5 15 10 2 9 61% 179 2106 130 167%
c - 74.38 103 14 50 264 75074 2 2852401 60663 1.5 15 10 2 9 60% 180 2106 130 167%
c - 75.16 103 14 50 265 76842 2 2868649 62270 1.5 15 10 2 9 60% 181 2106 130 167%
c
c seconds    switched      rate           size/glue  tier1   binary      remaining
c         MB   reductions     conflicts         size   tier2   irredundant
c          level     restarts        redundant     glue   trail      variables
c
c - 75.86 103 14 50 266 77964 2 2884927 62912 1.5 15 10 2 9 60% 181 2106 130 167%
c i 76.39 103 14 50 266 78812 2 2898518 73801 1.5 15 10 2 9 59% 181 2106 129 165%
c - 76.49 103 14 50 267 78903 2 2901236 62537 1.5 15 10 2 9 59% 166 2106 129 165%
c - 77.14 103 14 50 268 79929 2 2917578 64145 1.5 15 10 2 9 59% 168 2106 129 165%
c - 77.71 103 14 50 269 80469 2 2933949 64503 1.5 15 10 2 9 59% 170 2106 129 165%
c } 77.89 103 14 51 269 80584 2 2940332 69352 1.5 15 10 2 9 59% 172 2106 129 165%
c [ 77.89 103 18 51 269 80584 1 2940332 69352 1.5 19 12 3 14 63% 172 2106 129 165%
c B 77.89 103 18 51 269 80584 1 2940332 69352 1.5 19 12 3 14 63% 172 2106 129 165%
c i 78.06 103 17 51 269 80588 1 2946352 73848 1.5 18 12 3 14 63% 179 2106 125 160%
c i 78.10 103 17 51 269 80589 1 2948214 75255 1.5 18 12 3 14 63% 187 2106 112 144%
c i 78.11 103 17 51 269 80589 1 2948262 75281 1.5 18 12 3 14 63% 192 2106 109 140%
c i 78.11 103 17 51 269 80589 1 2948263 75281 1.5 18 12 3 14 63% 192 2106 108 138%
c i 78.11 103 17 51 269 80589 1 2948264 75281 1.5 18 12 3 14 63% 192 2106 107 137%
c ] 78.11 103 17 51 269 80589 1 2948269 75281 1.5 18 12 3 14 63% 194 2106 85 109%
c 0 78.11 103 14 51 269 80589 2 2948269 75281 1.5 15 10 2 9 59% 194 2106 85 109%
c
c ---- [ result ] ------------------------------------------------------------
c
s UNSATISFIABLE
c
c ---- [ profiling ] ---------------------------------------------------------
c
c          71.61   91.68 %  search
c          38.72   49.58 %  focused
c          32.88   42.10 %  stable
c           6.47    8.28 %  simplify
c           6.34    8.12 %  probe
c           4.32    5.53 %  vivify
c           1.90    2.43 %  sweep
c           0.91    1.17 %  reduce
c           0.12    0.15 %  walking
c           0.09    0.11 %  substitute
c           0.04    0.05 %  eliminate
c           0.03    0.04 %  factor
c           0.03    0.03 %  preprocess
c           0.01    0.01 %  subsume
c           0.00    0.00 %  congruence
c           0.00    0.00 %  transitive
c           0.00    0.00 %  parse
c           0.00    0.00 %  lucky
c           0.00    0.00 %  backbone
c =============================================
c          78.11  100.00 %  total
c
c ---- [ statistics ] --------------------------------------------------------
c
c conflicts:                          2948269            37746.56 per second
c decisions:                          4329899                1.47 per conflict
c eliminated:                              52               67 %  variables
c factored:                               104              133 %  variables
c iterations:                               7                9 %  variables
c propagations:                      66402008           850142    per second
c reductions:                             269            10960    interval
c reordered:                               23           128186    interval
c rephased:                                37            79683    interval
c restarts:                             80589               37    interval
c strengthened:                            42                0 %  checks
c subsumed:                               884                0 %  checks
c switched:                                51            57809    interval
c vivified:                             59959               52 %  checks
c walks:                                   12           245689    interval
c
c ---- [ glue usage ] --------------------------------------------------------
c
c focused glue 2   used 1682052 clauses 24.83% accumulated 55.56% tier1
c focused glue 3   used  737412 clauses 10.88% accumulated 66.45%
c focused glue 4-7 used 1277740 clauses 18.86% accumulated 85.30%
c focused glue 8   used  244517 clauses  3.61% accumulated 88.91%
c focused glue 9   used  205644 clauses  3.04% accumulated 91.95% tier2
c
c stable glue 3    used  889538 clauses  9.15% accumulated 50.67% tier1
c stable glue 4    used  540450 clauses  5.56% accumulated 56.23%
c stable glue 5-12 used 2987004 clauses 30.73% accumulated 86.96%
c stable glue 13   used  206383 clauses  2.12% accumulated 89.08%
c stable glue 14   used  187060 clauses  1.92% accumulated 91.01% tier2
c
c ---- [ resources ] ---------------------------------------------------------
c
c maximum-resident-set-size:     110612185088 bytes     105488 MB
c process-time:                         1m 18s              78.11 seconds
c
c ---- [ shutting down ] -----------------------------------------------------
c
c exit 20
