c ---- [ banner ] ------------------------------------------------------------
c
c Kissat SAT Solver
c 
c Copyright (c) 2021-2024 Armin Biere University of Freiburg
c Copyright (c) 2019-2021 Armin Biere Johannes Kepler University Linz
c 
c Version 4.0.4 8af8e56f174b778aef3aa45af9f739b2a5f492c2
c Apple clang version 17.0.0 (clang-1700.6.3.2) -W -Wall -O3 -DNDEBUG
c Mon Mar 30 18:25:47 CEST 2026 Darwin Mac 24.6.0 arm64
c
c ---- [ parsing ] -----------------------------------------------------------
c
c opened and reading DIMACS file:
c
c   tmp.cnf
c
c parsed 'p cnf 78 9295' header
c closing input after reading 192844 bytes (188 KB)
c finished parsing after 0.00 seconds
c
c ---- [ solving ] -----------------------------------------------------------
c
c seconds switched rate     size/glue tier1 binary     remaining
c        MB reductions conflicts size  tier2  irredundant
c         level restarts redundant glue  trail     variables
c
c *  0.00  3 0 0 0  0 0   0   0 0.0 0 0 0 0 0%   0 9295 78 100%
c (  0.00  3 0 0 0  0 0   0   0 0.0 0 0 0 0 0%   0 9295 78 100%
c .  0.00  3 0 0 0  0 0   0   0 0.0 0 0 0 0 0%   0 9295 78 100%
c f  0.04  3 0 0 0  0 0   0   0 0.0 0 0 0 0 0% 339 3737 246 315%
c )  0.04  3 0 0 0  0 0   0   0 0.0 0 0 0 0 0% 339 3737 246 315%
c {  0.04  3 0 0 0  0 0   0   0 0.0 0 0 2 6 0% 339 3737 246 315%
c -  0.04  4 19 0 1 71 2 1001 658 1.6 15 9 7 13 53% 340 3737 246 315%
c }  0.04  4 19 1 1 71 2 1001 658 1.6 15 9 7 13 53% 340 3737 246 315%
c [  0.04  4 0 1 1 71 0 1001 658 0.0 0 0 2 6 0% 340 3737 246 315%
c B  0.04  4 0 1 1 71 0 1001 658 0.0 0 0 2 6 0% 340 3737 246 315%
c -  0.05  4 17 1 2 71 1 2001 1401 1.5 17 12 9 15 52% 340 3737 246 315%
c W  0.05  4 17 1 2 71 1 2004 1404 1.5 17 12 9 15 52% 340 3737 246 315%
c ]  0.05  4 18 2 2 72 1 2183 1560 1.4 17 12 9 15 52% 340 3737 246 315%
c {  0.05  4 19 2 2 72 2 2183 1560 1.6 15 9 7 13 53% 340 3737 246 315%
c }  0.06  4 15 3 2 77 2 3183 2436 1.8 14 8 6 11 53% 340 3737 246 315%
c [  0.06  4 18 3 2 77 1 3183 2436 1.4 17 12 9 15 52% 340 3737 246 315%
c u  0.06  4 17 3 2 77 1 3369 2565 1.4 17 12 9 15 52% 340 3737 246 315%
c v  0.06  4 17 3 2 77 1 3369 2562 1.4 17 12 9 15 52% 340 3737 246 315%
c w  0.07  4 17 3 2 77 1 3369 2556 1.4 17 12 9 15 52% 340 3737 246 315%
c f  0.07  4 17 3 2 77 1 3369 2556 1.4 17 12 9 15 52% 466 3488 310 397%
c
c seconds  switched rate       size/glue  tier1    binary      remaining
c        MB reductions conflicts     size   tier2    irredundant
c         level restarts  redundant     glue    trail      variables
c
c u  0.07  4 17 3 2 77 1 3369 2517 1.4 17 12 9 15 52% 467 3488 310 397%
c v  0.07  4 17 3 2 77 1 3369 2507 1.4 17 12 9 15 52% 467 3488 310 397%
c w  0.08  4 17 3 2 77 1 3369 2493 1.4 17 12 9 15 52% 467 3488 310 397%
c f  0.09  5 17 3 2 77 1 3369 2493 1.4 17 12 9 15 52% 473 3479 313 401%
c -  0.09  5 18 3 3 77 1 3416 2283 1.4 17 12 9 15 52% 473 3479 313 401%
c ]  0.09  5 19 4 3 77 1 4169 2880 1.4 17 13 9 15 53% 474 3479 313 401%
c {  0.09  5 15 4 3 77 2 4169 2880 1.8 14 8 6 11 53% 474 3479 313 401%
c -  0.10  5 16 4 4 216 2 5148 3233 1.7 14 8 6 11 54% 477 3479 313 401%
c }  0.12  5 17 5 4 279 2 6521 4484 1.7 15 8 6 11 54% 482 3479 313 401%
c [  0.12  5 19 5 4 279 1 6521 4484 1.4 17 13 9 15 53% 482 3479 313 401%
c I  0.12  5 19 5 4 279 1 6521 4484 1.4 17 13 9 15 53% 482 3479 313 401%
c -  0.12  5 18 5 5 279 1 7149 4387 1.4 17 12 8 16 54% 482 3479 313 401%
c -  0.14  5 18 5 6 281 1 9386 5451 1.5 17 11 6 14 55% 483 3479 313 401%
c ]  0.15  5 18 6 6 281 1 9452 5509 1.5 17 11 6 14 55% 483 3479 313 401%
c {  0.15  5 17 6 6 281 2 9452 5509 1.7 15 8 6 11 54% 483 3479 313 401%
c o  0.15  6 17 6 6 285 2 10284 6285 1.8 15 8 6 11 54% 487 3479 313 401%
c u  0.16  6 16 6 6 285 2 10411 6365 1.8 15 8 6 11 54% 490 3479 313 401%
c v  0.16  6 16 6 6 285 2 10411 6357 1.8 15 8 6 11 54% 490 3479 313 401%
c w  0.16  6 16 6 6 285 2 10411 6352 1.8 15 8 6 11 54% 490 3479 313 401%
c -  0.18  7 17 6 7 336 2 11836 6434 1.8 15 8 5 11 54% 495 3479 313 401%
c
c seconds  switched  rate        size/glue tier1    binary      remaining
c        MB reductions conflicts       size  tier2    irredundant
c         level restarts    redundant    glue    trail      variables
c
c }  0.20  7 16 7 7 356 2 13521 7877 1.8 14 8 5 11 54% 498 3479 313 401%
c [  0.20  7 18 7 7 356 1 13521 7877 1.5 17 11 6 14 55% 498 3479 313 401%
c B  0.20  7 18 7 7 356 1 13521 7877 1.5 17 11 6 14 55% 498 3479 313 401%
c -  0.21  7 18 7 8 356 1 14482 7247 1.5 17 11 6 14 55% 499 3479 313 401%
c s  0.24  7 17 7 8 358 1 16844 9151 1.5 17 11 6 14 55% 504 3477 313 401%
c e  0.24  7 17 7 8 358 1 16844 9151 1.5 17 11 6 14 55% 465 3492 268 344%
c ^  0.24  7 17 7 8 358 1 16844 9151 1.5 17 11 6 14 55% 465 3492 268 344%
c -  0.25  7 17 7 9 358 1 17310 7688 1.5 17 11 6 14 55% 465 3492 268 344%
c ]  0.26  7 17 8 9 360 1 18803 8928 1.5 17 11 6 14 55% 467 3492 268 344%
c {  0.26  7 16 8 9 360 2 18803 8928 1.8 14 8 5 11 54% 467 3492 268 344%
c -  0.28  8 16 8 10 483 2 20311 8800 1.8 14 8 5 10 55% 474 3492 268 344%
c o  0.29  8 16 8 10 484 2 20493 8953 1.8 14 8 5 10 55% 475 3492 268 344%
c u  0.30  8 15 8 10 527 2 21336 9626 1.8 14 8 5 10 55% 478 3492 268 344%
c v  0.31  8 15 8 10 527 2 21336 9552 1.8 14 8 5 10 55% 478 3492 268 344%
c w  0.31  8 15 8 10 527 2 21336 9551 1.8 14 8 5 10 55% 478 3492 268 344%
c t  0.31  8 15 8 10 527 2 21336 9551 1.8 14 8 5 10 55% 477 3492 268 344%
c -  0.34  8 15 8 11 656 2 23473 9951 1.8 14 8 5 10 56% 487 3492 268 344%
c }  0.37  8 16 9 11 875 2 24962 11303 1.7 14 8 5 10 56% 489 3492 268 344%
c [  0.37  8 17 9 11 875 1 24962 11303 1.5 17 11 6 14 55% 489 3492 268 344%
c W  0.37  8 17 9 11 875 1 24962 11303 1.5 17 11 6 14 55% 489 3492 268 344%
c
c seconds  switched   rate         size/glue  tier1    binary      remaining
c        MB  reductions conflicts        size   tier2    irredundant
c         level  restarts     redundant     glue    trail      variables
c
c -  0.39  9 17 9 12 876 1 26790 10773 1.5 17 11 5 14 55% 489 3492 268 344%
c -  0.42  9 17 9 13 879 1 30255 11200 1.5 17 11 5 13 57% 490 3492 268 344%
c O  0.45  9 17 9 13 880 1 32491 13155 1.5 17 11 5 13 58% 491 3492 268 344%
c s  0.46  9 17 9 13 881 1 33764 14135 1.5 17 11 5 13 58% 493 3491 268 344%
c e  0.47  9 17 9 13 881 1 33764 14135 1.5 17 11 5 13 58% 476 3517 258 331%
c ^  0.47  9 17 9 13 881 1 33764 14135 1.5 17 11 5 13 58% 476 3517 258 331%
c -  0.47 10 17 9 14 881 1 33862 11588 1.5 17 11 5 13 58% 476 3517 258 331%
c ]  0.47 10 17 10 14 881 1 34091 11787 1.5 17 11 5 13 58% 476 3517 258 331%
c {  0.47 10 16 10 14 881 2 34091 11787 1.7 14 8 5 10 56% 476 3517 258 331%
c u  0.52 11 16 10 14 1153 2 36388 13769 1.7 14 8 5 10 56% 479 3517 258 331%
c v  0.53 12 16 10 14 1153 2 36388 13679 1.7 14 8 5 10 56% 479 3517 258 331%
c w  0.53 12 16 10 14 1153 2 36388 13570 1.7 14 8 5 10 56% 479 3517 258 331%
c t  0.56 12 16 10 14 1153 2 36388 13570 1.7 14 8 5 10 56% 478 3517 258 331%
c f  0.56 12 16 10 14 1153 2 36388 13570 1.7 14 8 5 10 56% 480 3512 259 332%
c u  0.57 14 16 10 14 1153 2 36388 13527 1.7 14 8 5 10 56% 480 3512 259 332%
c v  0.57 14 16 10 14 1153 2 36388 13519 1.7 14 8 5 10 56% 480 3512 259 332%
c w  0.58 14 16 10 14 1153 2 36388 13512 1.7 14 8 5 10 56% 480 3512 259 332%
c x  0.58 14 16 10 14 1153 2 36388 13512 1.7 14 8 5 10 56% 480 3511 259 332%
c -  0.61 14 16 10 15 1284 2 37603 11832 1.7 14 8 4 10 57% 480 3511 259 332%
c o  0.66 14 16 10 15 1513 2 40551 14512 1.7 14 8 4 10 57% 490 3511 259 332%
c
c seconds   switched    rate         size/glue tier1    binary      remaining
c        MB   reductions  conflicts        size  tier2    irredundant
c         level    restarts     redundant    glue    trail      variables
c
c -  0.67 14 16 10 16 1581 2 41476 12821 1.7 14 8 4 10 57% 491 3511 259 332%
c }  0.69 14 16 11 16 1673 2 42718 13927 1.7 14 8 4 10 57% 492 3511 259 332%
c [  0.69 14 17 11 16 1673 1 42718 13927 1.5 17 11 5 13 58% 492 3511 259 332%
c B  0.69 14 17 11 16 1673 1 42718 13927 1.5 17 11 5 13 58% 492 3511 259 332%
c -  0.73 14 17 11 17 1675 1 45477 13285 1.5 17 11 5 13 58% 493 3511 259 332%
c -  0.78 14 17 11 18 1678 1 49601 13497 1.5 17 11 5 13 58% 495 3511 259 332%
c -  0.83 14 16 11 19 1679 1 53843 14258 1.5 17 11 5 13 58% 496 3511 259 332%
c W  0.85 15 16 11 19 1679 1 54941 15078 1.5 17 11 5 13 58% 496 3511 259 332%
c ]  0.85 15 16 12 19 1680 1 55118 15213 1.5 17 11 5 13 58% 496 3511 259 332%
c {  0.85 15 16 12 19 1680 2 55118 15213 1.7 14 8 4 10 57% 496 3511 259 332%
c u  0.88 16 16 12 19 1800 3 55753 15711 1.7 14 8 4 10 57% 498 3511 259 332%
c v  0.89 16 16 12 19 1800 3 55753 15658 1.7 14 8 4 10 57% 498 3511 259 332%
c w  0.89 17 16 12 19 1800 3 55753 15541 1.7 14 8 4 10 57% 498 3511 259 332%
c t  0.89 17 16 12 19 1800 3 55753 15541 1.7 14 8 4 10 57% 495 3511 259 332%
c -  0.95 17 16 12 20 2077 3 58201 14308 1.7 14 8 3 9 57% 497 3511 259 332%
c -  1.02 17 15 12 21 2289 2 62673 15149 1.7 14 8 3 9 57% 500 3511 259 332%
c }  1.10 17 15 13 21 2639 3 66598 18697 1.7 14 8 3 9 58% 505 3511 259 332%
c [  1.10 17 16 13 21 2639 1 66598 18697 1.5 17 11 5 13 58% 505 3511 259 332%
c -  1.11 17 16 13 22 2639 1 67256 15721 1.5 17 11 4 12 58% 506 3511 259 332%
c I  1.14 17 16 13 22 2641 1 69846 17907 1.5 17 11 4 12 58% 506 3511 259 332%
c
c seconds   switched    rate         size/glue  tier1    binary      remaining
c        MB   reductions  conflicts        size   tier2    irredundant
c         level    restarts     redundant     glue    trail      variables
c
c s  1.15 17 16 13 22 2641 1 70394 18380 1.5 17 11 4 12 58% 506 3506 259 332%
c e  1.15 17 16 13 22 2641 1 70394 18380 1.5 17 11 4 12 58% 484 3542 250 321%
c s  1.15 17 16 13 22 2641 1 70394 18380 1.5 17 11 4 12 58% 484 3540 250 321%
c ^  1.15 17 16 13 22 2641 1 70394 18380 1.5 17 11 4 12 58% 484 3540 250 321%
c -  1.17 18 16 13 23 2643 1 71947 15039 1.5 17 11 4 12 58% 484 3540 250 321%
c -  1.24 18 16 13 24 2645 1 76743 14916 1.5 17 11 4 12 58% 484 3540 250 321%
c u  1.29 18 16 13 24 2646 1 79564 17158 1.5 17 11 4 12 58% 484 3540 250 321%
c v  1.31 18 16 13 24 2646 1 79564 17072 1.5 17 11 4 12 58% 484 3540 250 321%
c w  1.31 18 16 13 24 2646 1 79564 16270 1.5 17 11 4 12 58% 484 3540 250 321%
c t  1.32 18 16 13 24 2646 1 79564 16270 1.5 17 11 4 12 58% 480 3540 250 321%
c o  1.32 18 16 13 24 2646 1 79564 16270 1.5 17 11 4 12 58% 480 3540 250 321%
c -  1.35 18 16 13 25 2648 1 81642 14674 1.5 17 11 4 12 58% 480 3540 250 321%
c ]  1.36 18 16 14 25 2648 1 82648 15484 1.5 17 11 4 12 58% 481 3540 250 321%
c {  1.36 18 15 14 25 2648 3 82648 15484 1.7 14 8 3 9 58% 481 3540 250 321%
c -  1.45 18 15 14 26 2994 3 86642 16447 1.7 14 8 3 9 58% 483 3540 250 321%
c -  1.55 18 15 14 27 3386 3 91741 18288 1.7 14 8 3 9 58% 487 3540 250 321%
c -  1.66 18 15 14 28 3813 3 96939 19356 1.7 14 8 3 9 58% 491 3540 250 321%
c }  1.66 18 15 15 28 3828 3 97364 19736 1.7 14 8 3 9 58% 491 3540 250 321%
c [  1.66 18 16 15 28 3828 1 97364 19736 1.5 17 11 4 12 58% 491 3540 250 321%
c B  1.66 18 16 15 28 3828 1 97364 19736 1.5 17 11 4 12 58% 491 3540 250 321%
c
c seconds   switched    rate          size/glue  tier1    binary      remaining
c        MB   reductions  conflicts         size   tier2    irredundant
c         level    restarts      redundant     glue    trail      variables
c
c -  1.73 18 16 15 29 3831 1 102232 19557 1.5 17 11 4 12 57% 491 3540 250 321%
c -  1.81 18 16 15 30 3834 1 107617 19456 1.5 16 11 4 12 57% 491 3540 250 321%
c u  1.83 19 16 15 30 3834 1 107985 19589 1.5 16 11 4 12 57% 491 3540 250 321%
c v  1.85 21 16 15 30 3834 1 107985 19141 1.5 16 11 4 12 57% 491 3540 250 321%
c w  1.86 21 16 15 30 3834 1 107985 18626 1.5 16 11 4 12 57% 491 3540 250 321%
c t  1.92 21 16 15 30 3834 1 107985 18626 1.5 16 11 4 12 57% 488 3540 250 321%
c -  1.99 21 16 15 31 3837 1 113094 19133 1.5 17 11 4 12 57% 488 3540 250 321%
c ]  2.06 21 15 16 31 3840 1 117975 23104 1.5 16 11 4 12 57% 488 3540 250 321%
c {  2.06 21 15 16 31 3840 3 117975 23104 1.7 14 8 3 9 58% 488 3540 250 321%
c -  2.08 21 15 16 32 3893 2 118663 20232 1.7 14 8 3 9 58% 489 3540 250 321%
c o  2.10 21 15 16 32 4034 3 119580 21094 1.7 14 8 3 9 58% 489 3540 250 321%
c -  2.21 21 15 16 33 4508 3 124319 21911 1.7 14 8 3 9 58% 494 3540 250 321%
c i  2.23 21 15 16 33 4508 3 125273 22598 1.7 14 8 3 9 58% 500 3540 249 319%
c s  2.31 21 15 16 33 4707 2 129319 26079 1.7 14 8 3 9 58% 501 3528 249 319%
c e  2.31 21 15 16 33 4707 2 129319 26079 1.7 14 8 3 9 58% 434 3660 225 288%
c s  2.32 21 15 16 33 4707 2 129319 26079 1.7 14 8 3 9 58% 434 3651 225 288%
c ^  2.32 21 15 16 33 4707 2 129319 26079 1.7 14 8 3 9 58% 434 3651 225 288%
c -  2.34 22 15 16 34 4788 2 130063 16743 1.7 14 8 2 8 58% 435 3651 225 288%
c -  2.43 22 14 16 35 5040 2 135893 17916 1.7 14 8 2 8 58% 436 3651 225 288%
c }  2.44 22 14 17 35 5054 2 136312 18287 1.7 13 8 2 8 58% 436 3651 225 288%
c
c seconds   switched    rate          size/glue  tier1    binary      remaining
c        MB   reductions  conflicts         size   tier2    irredundant
c         level    restarts      redundant     glue    trail      variables
c
c [  2.44 22 15 17 35 5054 1 136312 18287 1.5 16 11 4 12 57% 436 3651 225 288%
c W  2.44 23 15 17 35 5054 1 136312 18287 1.5 16 11 4 12 57% 436 3651 225 288%
c u  2.51 24 15 17 35 5057 1 141188 22171 1.5 16 11 4 12 56% 437 3651 225 288%
c v  2.53 24 15 17 35 5057 1 141188 22034 1.5 16 11 4 12 56% 437 3651 225 288%
c w  2.53 24 15 17 35 5057 1 141188 21888 1.5 16 11 4 12 56% 437 3651 225 288%
c x  2.54 24 15 17 35 5057 1 141188 21882 1.5 16 11 4 12 56% 437 3639 225 288%
c t  2.54 24 15 17 35 5057 1 141188 21882 1.5 16 11 4 12 56% 436 3639 225 288%
c -  2.56 24 15 17 36 5058 1 141810 17826 1.5 16 11 4 11 56% 436 3639 225 288%
c -  2.63 24 15 17 37 5060 1 147811 16568 1.5 16 11 4 11 56% 437 3639 225 288%
c -  2.70 25 15 17 38 5065 1 153894 16786 1.5 16 11 4 11 56% 437 3639 225 288%
c -  2.78 25 15 17 39 5067 1 160061 17930 1.5 16 11 4 11 56% 438 3639 225 288%
c O  2.78 25 15 17 39 5067 1 160537 18267 1.5 16 11 4 11 56% 438 3639 225 288%
c -  2.85 25 15 17 40 5068 1 166305 18438 1.5 16 11 3 11 56% 438 3639 225 288%
c ]  2.87 25 15 18 40 5068 1 167297 19299 1.5 16 11 3 11 56% 438 3639 225 288%
c {  2.87 25 14 18 40 5068 2 167297 19299 1.7 13 8 2 8 58% 438 3639 225 288%
c -  2.96 25 14 18 41 5106 2 172629 19868 1.7 13 8 2 8 58% 439 3639 225 288%
c o  2.97 25 14 18 41 5111 2 173561 20682 1.7 13 8 2 8 58% 440 3639 225 288%
c -  3.06 25 14 18 42 5140 2 179032 21944 1.7 13 8 2 8 58% 440 3639 225 288%
c u  3.08 25 14 18 42 5140 2 179213 21769 1.7 13 8 2 8 58% 442 3639 225 288%
c v  3.10 25 14 18 42 5140 2 179213 21573 1.7 13 8 2 8 58% 442 3639 225 288%
c
c seconds   switched    rate          size/glue tier1   binary      remaining
c        MB   reductions  conflicts         size  tier2   irredundant
c         level    restarts      redundant    glue   trail      variables
c
c w  3.10 25 14 18 42 5140 2 179213 21514 1.7 13 8 2 8 58% 442 3639 225 288%
c -  3.22 25 13 18 43 5167 2 185514 22581 1.7 13 8 2 8 58% 442 3639 225 288%
c }  3.28 25 13 19 43 5182 2 189642 26158 1.7 13 8 2 8 58% 442 3639 225 288%
c [  3.28 25 15 19 43 5182 1 189642 26158 1.5 16 11 3 11 56% 442 3639 225 288%
c B  3.28 25 15 19 43 5182 1 189642 26158 1.5 16 11 3 11 56% 442 3639 225 288%
c -  3.32 25 15 19 44 5184 1 192074 22756 1.5 16 11 3 11 56% 442 3639 225 288%
c -  3.40 25 15 19 45 5188 1 198707 21779 1.5 16 11 3 11 55% 443 3639 225 288%
c -  3.50 25 14 19 46 5191 1 205415 20947 1.5 15 10 3 11 55% 443 3639 225 288%
c i  3.57 25 14 19 46 5195 1 211584 25077 1.5 15 10 3 11 55% 450 3639 224 287%
c -  3.59 25 14 19 47 5195 1 212199 13832 1.5 15 10 3 10 55% 441 3639 224 287%
c s  3.59 25 14 19 47 5195 1 212846 14338 1.5 15 10 3 10 55% 440 3575 224 287%
c e  3.60 25 14 19 47 5195 1 212846 14338 1.5 15 10 3 10 55% 301 3957 183 235%
c s  3.60 25 14 19 47 5195 1 212846 14338 1.5 15 10 3 10 55% 301 3840 183 235%
c ^  3.60 25 14 19 47 5195 1 212846 14338 1.5 15 10 3 10 55% 301 3840 183 235%
c -  3.67 25 14 19 48 5196 1 219056 11973 1.5 15 10 3 10 55% 301 3840 183 235%
c W  3.69 25 14 19 48 5196 1 221092 13396 1.5 15 10 3 10 54% 301 3840 183 235%
c ]  3.69 25 14 20 48 5196 1 221181 13455 1.5 15 10 3 10 54% 301 3840 183 235%
c {  3.69 25 13 20 48 5196 2 221181 13455 1.7 13 8 2 8 58% 301 3840 183 235%
c u  3.72 25 13 20 48 5224 2 222246 13867 1.7 13 8 2 8 58% 304 3840 183 235%
c v  3.73 25 13 20 48 5224 2 222246 13205 1.7 13 8 2 8 58% 304 3840 183 235%
c
c seconds   switched    rate          size/glue tier1   binary      remaining
c        MB   reductions  conflicts         size  tier2   irredundant
c         level    restarts      redundant    glue   trail      variables
c
c w  3.74 25 13 20 48 5224 2 222246 12364 1.7 13 8 2 8 58% 304 3840 183 235%
c x  3.75 25 13 20 48 5224 2 222246 12355 1.7 13 8 2 8 58% 304 3787 183 235%
c t  3.75 25 13 20 48 5224 2 222246 12355 1.7 13 8 2 8 58% 302 3787 183 235%
c f  3.75 25 13 20 48 5224 2 222246 12355 1.7 13 8 2 8 58% 305 3767 184 236%
c u  3.76 26 13 20 48 5224 2 222246 12015 1.7 13 8 2 8 58% 307 3767 184 236%
c v  3.78 26 13 20 48 5224 2 222246 11856 1.7 13 8 2 8 58% 307 3767 184 236%
c w  3.79 26 13 20 48 5224 2 222246 11834 1.7 13 8 2 8 58% 307 3767 184 236%
c x  3.80 26 13 20 48 5224 2 222246 11830 1.7 13 8 2 8 58% 307 3738 184 236%
c t  3.80 26 13 20 48 5224 2 222246 11830 1.7 13 8 2 8 58% 305 3738 184 236%
c -  3.86 26 13 20 49 5462 2 225988 13844 1.7 13 8 2 8 58% 305 3738 184 236%
c i  3.86 26 13 20 49 5462 2 226485 14161 1.7 13 8 2 8 58% 311 3738 183 235%
c -  3.96 27 13 20 50 5820 2 232988 16177 1.7 13 8 2 8 58% 303 3738 183 235%
c o  3.97 27 13 20 50 5849 2 233702 16746 1.7 13 8 2 8 58% 304 3738 183 235%
c -  4.09 27 13 20 51 6241 2 240059 19030 1.7 13 8 2 8 58% 305 3738 183 235%
c -  4.22 27 13 20 52 6702 2 247200 20823 1.7 13 8 2 8 57% 307 3738 183 235%
c }  4.23 27 13 21 52 6752 2 247920 21441 1.7 13 8 2 8 57% 307 3738 183 235%
c [  4.23 27 14 21 52 6752 1 247920 21441 1.5 15 10 3 10 54% 307 3738 183 235%
c -  4.32 27 14 21 53 6757 1 254411 21059 1.5 15 10 3 10 54% 307 3738 183 235%
c i  4.34 27 14 21 53 6757 1 255786 21964 1.5 15 10 3 10 54% 314 3738 182 233%
c I  4.35 27 14 21 53 6758 1 256443 22534 1.5 15 10 3 10 54% 314 3738 182 233%
c
c seconds   switched    rate          size/glue  tier1    binary      remaining
c        MB   reductions  conflicts         size   tier2    irredundant
c         level    restarts      redundant     glue    trail      variables
c
c -  4.43 27 14 21 54 6760 1 261692 17736 1.5 15 10 3 10 54% 307 3738 182 233%
c -  4.53 27 14 21 55 6765 1 269040 18886 1.5 15 10 3 10 54% 307 3738 182 233%
c u  4.56 27 14 21 55 6765 1 270503 19820 1.5 15 10 3 10 54% 308 3706 182 233%
c v  4.58 27 14 21 55 6765 1 270503 19549 1.5 15 10 3 10 54% 309 3706 182 233%
c w  4.59 27 14 21 55 6765 1 270503 19133 1.5 15 10 3 10 54% 309 3706 182 233%
c x  4.60 27 14 21 55 6765 1 270503 19101 1.5 15 10 3 10 54% 309 3563 182 233%
c t  4.73 29 14 21 55 6765 1 270503 19101 1.5 15 10 3 10 54% 305 3563 182 233%
c -  4.81 29 14 21 56 6766 1 276456 19291 1.5 15 10 3 10 54% 305 3563 182 233%
c ]  4.87 29 14 22 56 6766 1 280973 22487 1.5 15 10 3 10 54% 305 3563 182 233%
c {  4.87 29 13 22 56 6766 2 280973 22487 1.7 13 8 2 8 57% 305 3563 182 233%
c -  4.94 29 13 22 57 7104 2 283939 20125 1.7 13 8 2 8 57% 308 3563 182 233%
c i  4.96 29 13 22 57 7215 2 285058 21010 1.7 13 8 2 8 57% 310 3563 181 232%
c i  4.97 29 13 22 57 7289 2 285831 21604 1.7 13 8 2 8 57% 310 3563 179 229%
c -  5.11 29 13 22 58 7652 2 291488 22510 1.7 13 8 2 8 57% 298 3563 179 229%
c i  5.18 29 12 22 58 7658 2 294908 25246 1.7 13 8 2 8 57% 308 3563 178 228%
c i  5.26 29 12 22 58 7708 2 298505 28290 1.7 13 8 2 8 57% 311 3563 175 224%
c -  5.28 29 12 22 59 7766 2 299105 23336 1.7 13 8 2 8 56% 290 3563 175 224%
c i  5.32 29 12 22 59 7864 2 301202 24889 1.7 13 8 2 8 56% 299 3563 174 223%
c o  5.38 29 12 22 59 7915 2 303964 27248 1.7 13 8 2 8 56% 301 3563 174 223%
c -  5.45 29 12 22 60 7995 2 306787 24339 1.7 13 8 2 8 56% 295 3563 174 223%
c
c seconds   switched    rate          size/glue tier1   binary      remaining
c        MB   reductions  conflicts         size  tier2   irredundant
c         level    restarts      redundant    glue   trail      variables
c
c i  5.47 29 12 22 60 7995 2 308049 25204 1.7 12 8 2 8 56% 302 3563 172 221%
c i  5.48 29 12 22 60 7995 2 308427 25477 1.7 12 8 2 8 56% 308 3563 171 219%
c i  5.50 29 12 22 60 8048 2 309493 26285 1.7 12 8 2 8 56% 316 3563 170 218%
c i  5.54 29 12 22 60 8122 2 311249 27673 1.6 12 8 2 8 56% 323 3563 169 217%
c }  5.56 29 12 23 60 8159 2 312490 28682 1.6 12 8 2 8 56% 325 3563 169 217%
c [  5.56 29 14 23 60 8159 1 312490 28682 1.5 15 10 3 10 54% 325 3563 169 217%
c B  5.56 29 14 23 60 8159 1 312490 28682 1.5 15 10 3 10 54% 325 3563 169 217%
c i  5.59 29 14 23 60 8160 1 314355 29796 1.5 15 10 3 10 54% 337 3563 163 209%
c -  5.59 30 14 23 61 8160 1 314532 18714 1.5 15 10 3 10 54% 291 3292 163 209%
c i  5.60 30 14 23 61 8161 1 314894 18965 1.5 15 10 3 10 54% 291 3292 162 208%
c i  5.61 30 14 23 61 8161 1 315688 19450 1.5 15 10 3 10 54% 298 3292 160 205%
c i  5.61 30 14 23 61 8161 1 315729 19462 1.5 15 10 3 10 54% 305 3292 153 196%
c i  5.61 30 13 23 61 8161 1 315912 19578 1.5 15 10 3 10 54% 309 3292 139 178%
c i  5.61 30 13 23 61 8161 1 315971 19608 1.5 15 10 3 10 54% 312 3292 128 164%
c i  5.61 30 13 23 61 8161 1 315980 19611 1.5 15 10 3 10 54% 313 3292 127 163%
c ]  5.61 30 13 23 61 8161 1 315988 19611 1.5 15 10 3 10 54% 315 3292 80 103%
c 0  5.61 30 12 23 61 8161 2 315988 19611 1.6 12 8 2 8 56% 315 3292 80 103%
c
c ---- [ result ] ------------------------------------------------------------
c
s UNSATISFIABLE
c
c ---- [ profiling ] ---------------------------------------------------------
c
c           4.90   87.23 %  search
c           2.75   49.00 %  focused
c           2.15   38.23 %  stable
c           0.69   12.23 %  probe
c           0.68   12.13 %  simplify
c           0.40    7.05 %  vivify
c           0.24    4.33 %  sweep
c           0.07    1.28 %  reduce
c           0.03    0.62 %  preprocess
c           0.03    0.55 %  factor
c           0.03    0.45 %  eliminate
c           0.01    0.24 %  substitute
c           0.01    0.21 %  subsume
c           0.00    0.06 %  walking
c           0.00    0.03 %  congruence
c           0.00    0.02 %  parse
c           0.00    0.02 %  transitive
c           0.00    0.01 %  backbone
c           0.00    0.01 %  lucky
c =============================================
c           5.61  100.00 %  total
c
c ---- [ statistics ] --------------------------------------------------------
c
c conflicts:                           315988            56290.76 per second
c decisions:                           476518                1.51 per conflict
c eliminated:                             129              165 %  variables
c factored:                               237              304 %  variables
c iterations:                              21               27 %  variables
c propagations:                      11463646          2042158    per second
c reductions:                              61             5180    interval
c reordered:                                8            39498    interval
c rephased:                                16            19749    interval
c restarts:                              8161               39    interval
c strengthened:                             1                0 %  checks
c subsumed:                               191                0 %  checks
c switched:                                23            13739    interval
c vivified:                             13308               47 %  checks
c walks:                                    5            63198    interval
c
c ---- [ glue usage ] --------------------------------------------------------
c
c focused glue 2   used 123794 clauses 18.56% accumulated 58.28% tier1
c focused glue 3   used  70964 clauses 10.64% accumulated 68.92%
c focused glue 4-5 used  83539 clauses 12.52% accumulated 81.44%
c focused glue 6   used  31262 clauses  4.69% accumulated 86.13%
c focused glue 7   used  26478 clauses  3.97% accumulated 90.10% tier2
c
c stable glue 3   used 105425 clauses 10.69% accumulated 57.55% tier1
c stable glue 4   used  77641 clauses  7.87% accumulated 65.42%
c stable glue 5-8 used 199833 clauses 20.26% accumulated 85.67%
c stable glue 9   used  29933 clauses  3.03% accumulated 88.71%
c stable glue 10  used  25380 clauses  2.57% accumulated 91.28% tier2
c
c ---- [ resources ] ---------------------------------------------------------
c
c maximum-resident-set-size:      31859933184 bytes      30384 MB
c process-time:                             6s               5.61 seconds
c
c ---- [ shutting down ] -----------------------------------------------------
c
c exit 20
