c ---- [ banner ] ------------------------------------------------------------
c
c Kissat SAT Solver
c 
c Copyright (c) 2021-2024 Armin Biere University of Freiburg
c Copyright (c) 2019-2021 Armin Biere Johannes Kepler University Linz
c 
c Version 4.0.4 8af8e56f174b778aef3aa45af9f739b2a5f492c2
c Apple clang version 17.0.0 (clang-1700.6.3.2) -W -Wall -O3 -DNDEBUG
c Mon Mar 30 18:25:47 CEST 2026 Darwin Mac 24.6.0 arm64
c
c ---- [ parsing ] -----------------------------------------------------------
c
c opened and reading DIMACS file:
c
c   tmp.cnf
c
c parsed 'p cnf 105 6825' header
c closing input after reading 127389 bytes (124 KB)
c finished parsing after 0.00 seconds
c
c ---- [ solving ] -----------------------------------------------------------
c
c seconds switched rate     size/glue tier1 binary      remaining
c        MB reductions conflicts size  tier2  irredundant
c         level restarts redundant glue  trail      variables
c
c *  0.00  3 0 0 0  0 0   0   0 0.0 0 0 0 0 0%   0 6825 105 100%
c (  0.00  3 0 0 0  0 0   0   0 0.0 0 0 0 0 0%   0 6825 105 100%
c .  0.00  3 0 0 0  0 0   0   0 0.0 0 0 0 0 0%   0 6825 105 100%
c f  0.02  3 0 0 0  0 0   0   0 0.0 0 0 0 0 0% 284 1781 229 218%
c )  0.02  3 0 0 0  0 0   0   0 0.0 0 0 0 0 0% 284 1781 229 218%
c {  0.02  3 0 0 0  0 0   0   0 0.0 0 0 2 6 0% 284 1781 229 218%
c -  0.03  3 25 0 1 69 3 1001 651 2.0 22 11 8 15 67% 289 1776 229 218%
c }  0.03  3 25 1 1 69 3 1001 651 2.0 22 11 8 15 67% 289 1776 229 218%
c [  0.03  3 0 1 1 69 0 1001 651 0.0 0 0 2 6 0% 289 1776 229 218%
c B  0.03  3 0 1 1 69 0 1001 651 0.0 0 0 2 6 0% 289 1776 229 218%
c ]  0.04  4 30 2 1 69 1 1949 1520 1.6 26 17 10 21 67% 289 1776 229 218%
c {  0.04  4 25 2 1 69 3 1949 1520 2.0 22 11 8 15 67% 289 1776 229 218%
c -  0.04  4 24 2 2 71 3 2002 1466 2.0 22 11 7 15 67% 290 1776 229 218%
c }  0.04  4 18 3 2 71 2 2949 2370 2.3 22 10 7 15 68% 290 1776 229 218%
c [  0.04  4 30 3 2 71 1 2949 2370 1.6 26 17 10 21 67% 290 1776 229 218%
c W  0.05  4 30 3 2 71 1 2949 2370 1.6 26 17 10 21 67% 290 1776 229 218%
c -  0.05  4 29 3 3 71 1 3416 2550 1.5 26 17 9 22 67% 290 1776 229 218%
c u  0.05  4 28 3 3 71 1 3775 2835 1.5 26 17 9 22 66% 290 1776 229 218%
c v  0.06  4 28 3 3 71 1 3775 2834 1.5 26 17 9 22 66% 290 1776 229 218%
c w  0.06  4 28 3 3 71 1 3775 2834 1.5 26 17 9 22 66% 290 1776 229 218%
c
c seconds  switched rate       size/glue  tier1    binary      remaining
c        MB reductions conflicts     size   tier2    irredundant
c         level restarts  redundant     glue    trail      variables
c
c x  0.06  4 28 3 3 71 1 3775 2834 1.5 26 17 9 22 66% 290 1767 229 218%
c f  0.06  4 28 3 3 71 1 3775 2834 1.5 26 17 9 22 66% 322 1686 250 238%
c u  0.06  4 28 3 3 71 1 3775 2829 1.5 26 17 9 22 66% 322 1686 250 238%
c v  0.06  4 28 3 3 71 1 3775 2825 1.5 26 17 9 22 66% 322 1686 250 238%
c w  0.07  4 28 3 3 71 1 3775 2825 1.5 26 17 9 22 66% 322 1686 250 238%
c x  0.07  4 28 3 3 71 1 3775 2825 1.5 26 17 9 22 66% 322 1670 250 238%
c ]  0.07  4 28 4 3 72 1 4048 3074 1.5 26 17 9 22 66% 322 1670 250 238%
c {  0.07  4 18 4 3 72 2 4048 3074 2.3 22 10 7 15 68% 322 1670 250 238%
c -  0.08  5 19 4 4 179 3 5148 3508 2.2 21 10 6 11 66% 325 1670 250 238%
c }  0.10  5 20 5 4 269 3 6402 4612 2.1 20 10 6 11 66% 329 1667 250 238%
c [  0.10  5 28 5 4 269 1 6402 4612 1.5 26 17 9 22 66% 329 1667 250 238%
c I  0.10  5 28 5 4 269 1 6402 4612 1.5 26 17 9 22 66% 329 1667 250 238%
c -  0.11  5 27 5 5 269 1 7150 4412 1.5 25 17 8 21 65% 329 1667 250 238%
c ]  0.12  5 25 6 5 271 1 9201 6048 1.5 24 16 8 21 64% 329 1667 250 238%
c {  0.12  5 20 6 5 271 3 9201 6048 2.1 20 10 6 11 66% 329 1667 250 238%
c -  0.13  5 20 6 6 279 3 9387 5043 2.1 20 10 5 11 66% 329 1667 250 238%
c o  0.14  5 19 6 6 302 3 10309 5832 2.0 19 10 5 11 66% 330 1667 250 238%
c u  0.16  5 18 6 6 332 2 11676 7010 1.9 18 10 5 11 65% 331 1667 250 238%
c v  0.16  5 18 6 6 332 2 11676 7010 1.9 18 10 5 11 65% 331 1667 250 238%
c w  0.16  6 18 6 6 332 2 11676 7009 1.9 18 10 5 11 65% 331 1667 250 238%
c
c seconds  switched  rate        size/glue  tier1    binary      remaining
c        MB reductions conflicts       size   tier2    irredundant
c         level restarts    redundant     glue    trail      variables
c
c x  0.16  6 18 6 6 332 2 11676 7007 1.9 18 10 5 11 65% 331 1654 250 238%
c f  0.16  6 18 6 6 332 2 11676 7007 1.9 18 10 5 11 65% 333 1650 251 239%
c u  0.16  6 18 6 6 332 2 11676 6969 1.9 18 10 5 11 65% 333 1650 251 239%
c v  0.17  7 18 6 6 332 2 11676 6966 1.9 18 10 5 11 65% 333 1650 251 239%
c w  0.17  7 18 6 6 332 2 11676 6965 1.9 18 10 5 11 65% 333 1650 251 239%
c x  0.17  7 18 6 6 332 2 11676 6964 1.9 18 10 5 11 65% 333 1638 251 239%
c -  0.17  7 18 6 7 332 2 11838 5917 1.9 18 9 5 10 65% 333 1638 251 239%
c }  0.19  8 17 7 7 362 2 13273 7104 1.9 18 9 5 10 65% 335 1638 251 239%
c [  0.19  8 25 7 7 362 1 13273 7104 1.5 24 16 8 21 64% 335 1638 251 239%
c B  0.19  8 25 7 7 362 1 13273 7104 1.5 24 16 8 21 64% 335 1638 251 239%
c -  0.20  8 25 7 8 363 1 14485 6600 1.5 24 17 7 19 64% 335 1638 251 239%
c -  0.23  8 24 7 9 364 1 17313 6919 1.4 24 17 8 19 63% 336 1638 251 239%
c ]  0.24  8 24 8 9 365 1 17663 7215 1.4 24 17 8 19 63% 336 1638 251 239%
c {  0.24  8 17 8 9 365 2 17663 7215 1.9 18 9 5 10 65% 336 1638 251 239%
c s  0.26  8 17 8 9 492 2 18873 8264 1.9 17 9 4 10 64% 337 1379 251 239%
c e  0.26  9 17 8 9 492 2 18873 8264 1.9 17 9 4 10 64% 243 1448 197 188%
c ^  0.26  9 17 8 9 492 2 18873 8264 1.9 17 9 4 10 64% 243 1448 197 188%
c -  0.28  9 17 8 10 678 3 20313 5311 1.8 17 9 4 10 64% 245 1447 197 188%
c o  0.28  9 17 8 10 680 3 20405 5400 1.8 17 9 4 10 64% 245 1447 197 188%
c -  0.32  9 18 8 11 966 3 23475 7120 1.8 18 10 4 10 65% 245 1447 197 188%
c
c seconds  switched    rate        size/glue  tier1    binary      remaining
c        MB  reductions  conflicts       size   tier2    irredundant
c         level   restarts    redundant     glue    trail      variables
c
c }  0.32  9 18 9 11 1022 3 23823 7442 1.8 18 10 4 10 65% 245 1447 197 188%
c [  0.32  9 24 9 11 1022 1 23823 7442 1.4 24 17 8 19 63% 245 1447 197 188%
c W  0.33 10 24 9 11 1022 1 23823 7442 1.4 24 17 8 19 63% 245 1447 197 188%
c u  0.33 10 24 9 11 1022 1 23969 7482 1.4 24 17 8 19 64% 245 1447 197 188%
c v  0.33 10 24 9 11 1022 1 23969 7470 1.4 24 17 8 19 64% 245 1447 197 188%
c w  0.34 10 24 9 11 1022 1 23969 7460 1.4 24 17 8 19 64% 245 1447 197 188%
c x  0.34 10 24 9 11 1022 1 23969 7457 1.4 24 17 8 19 64% 245 1432 197 188%
c -  0.39 11 24 9 12 1024 1 26791 7757 1.4 25 17 7 19 65% 245 1432 197 188%
c -  0.42 11 24 9 13 1027 1 30257 7981 1.4 24 17 7 19 65% 245 1432 197 188%
c O  0.43 11 24 9 13 1027 1 31352 8753 1.4 24 17 7 19 65% 245 1432 197 188%
c ]  0.45 11 23 10 13 1028 1 33113 10400 1.5 24 16 7 19 66% 245 1432 197 188%
c {  0.45 11 18 10 13 1028 3 33113 10400 1.8 18 10 4 10 65% 245 1432 197 188%
c -  0.46 11 18 10 14 1132 3 33862 9069 1.8 18 10 4 10 65% 245 1432 197 188%
c -  0.52 11 18 10 15 1396 3 37605 10549 1.9 18 10 4 10 65% 246 1432 197 188%
c s  0.53 12 18 10 15 1417 3 38419 11290 1.9 18 10 4 10 65% 246 1375 197 188%
c e  0.54 12 18 10 15 1417 3 38419 11290 1.9 18 10 4 10 65% 223 1415 180 171%
c ^  0.54 12 18 10 15 1417 3 38419 11290 1.9 18 10 4 10 65% 223 1415 180 171%
c u  0.57 12 17 10 15 1481 3 41390 7112 1.9 18 9 4 10 66% 223 1415 180 171%
c v  0.57 12 17 10 15 1481 3 41390 7099 1.9 18 9 4 10 66% 223 1415 180 171%
c w  0.58 12 17 10 15 1481 3 41390 7095 1.9 18 9 4 10 66% 223 1415 180 171%
c
c seconds   switched    rate        size/glue tier1    binary      remaining
c        MB   reductions  conflicts       size  tier2    irredundant
c         level    restarts    redundant    glue    trail      variables
c
c x  0.58 12 17 10 15 1481 3 41390 7087 1.9 18 9 4 10 66% 223 1394 180 171%
c o  0.58 12 17 10 15 1481 3 41390 7087 1.9 18 9 4 10 66% 223 1394 180 171%
c -  0.58 12 17 10 16 1483 3 41478 6306 1.9 18 9 3 9 66% 223 1394 180 171%
c }  0.59 12 17 11 16 1483 3 41741 6532 1.9 18 9 3 9 66% 223 1394 180 171%
c [  0.59 12 23 11 16 1483 1 41741 6532 1.5 24 16 7 19 66% 223 1394 180 171%
c B  0.59 12 23 11 16 1483 1 41741 6532 1.5 24 16 7 19 66% 223 1394 180 171%
c -  0.62 12 23 11 17 1485 1 45479 7818 1.4 24 17 6 18 66% 223 1394 180 171%
c -  0.66 12 23 11 18 1488 1 49603 8250 1.4 24 17 7 19 66% 223 1394 180 171%
c -  0.71 12 22 11 19 1489 1 53846 9013 1.4 24 17 7 18 66% 223 1394 180 171%
c W  0.71 12 22 11 19 1489 1 53964 9107 1.4 24 17 7 18 66% 223 1394 180 171%
c ]  0.71 13 22 12 19 1490 1 54389 9500 1.5 24 17 7 18 66% 223 1394 180 171%
c {  0.71 13 17 12 19 1490 3 54389 9500 1.9 18 9 3 9 66% 223 1394 180 171%
c -  0.77 13 17 12 20 1800 3 58204 10967 1.9 18 9 3 9 65% 224 1394 180 171%
c -  0.85 13 17 12 21 2135 3 62676 11984 1.9 18 9 3 9 66% 224 1394 180 171%
c u  0.87 13 17 12 21 2215 3 63965 13017 1.9 18 9 3 9 65% 224 1394 180 171%
c v  0.88 14 17 12 21 2215 3 63965 13012 1.9 18 9 3 9 65% 224 1394 180 171%
c w  0.88 14 17 12 21 2215 3 63965 13010 1.9 18 9 3 9 65% 224 1394 180 171%
c x  0.89 14 17 12 21 2215 3 63965 13008 1.9 18 9 3 9 65% 224 1383 180 171%
c }  0.93 14 17 13 21 2425 3 65868 14739 1.8 18 9 3 9 65% 224 1383 180 171%
c [  0.93 14 22 13 21 2425 1 65868 14739 1.5 24 17 7 18 66% 224 1383 180 171%
c
c seconds   switched    rate         size/glue  tier1    binary      remaining
c        MB   reductions  conflicts        size   tier2    irredundant
c         level    restarts     redundant     glue    trail      variables
c
c -  0.95 14 22 13 22 2426 1 67260 12858 1.5 24 16 6 18 66% 224 1383 180 171%
c I  0.96 14 22 13 22 2427 1 68868 14287 1.5 24 16 6 18 66% 224 1383 180 171%
c -  0.99 14 21 13 23 2429 1 71950 12856 1.5 23 16 6 17 66% 224 1383 180 171%
c -  1.04 14 20 13 24 2431 1 76747 12382 1.5 22 15 6 16 66% 224 1383 180 171%
c s  1.09 14 20 13 24 2434 1 81028 15513 1.5 21 15 6 16 66% 224 1362 180 171%
c e  1.09 14 20 13 24 2434 1 81028 15513 1.5 21 15 6 16 66% 212 1394 170 162%
c ^  1.09 14 20 13 24 2434 1 81028 15513 1.5 21 15 6 16 66% 212 1394 170 162%
c o  1.09 14 20 13 24 2434 1 81028 10886 1.5 21 15 6 16 66% 212 1394 170 162%
c -  1.10 14 19 13 25 2434 1 81645 9128 1.5 21 15 5 16 66% 212 1394 170 162%
c ]  1.12 14 19 14 25 2436 1 83794 10757 1.5 21 14 5 16 66% 212 1394 170 162%
c {  1.12 14 17 14 25 2436 3 83794 10757 1.8 18 9 3 9 65% 212 1394 170 162%
c -  1.16 14 16 14 26 2546 3 86646 10806 1.8 17 9 3 9 65% 213 1394 170 162%
c -  1.25 14 16 14 27 3063 3 91745 13069 1.8 17 9 3 9 65% 213 1394 170 162%
c u  1.25 14 16 14 27 3063 3 91772 12984 1.8 17 9 3 9 65% 213 1394 170 162%
c v  1.26 14 16 14 27 3063 3 91772 12677 1.8 17 9 3 9 65% 213 1394 170 162%
c w  1.27 14 16 14 27 3063 3 91772 12673 1.8 17 9 3 9 65% 213 1394 170 162%
c x  1.27 14 16 14 27 3063 3 91772 12670 1.8 17 9 3 9 65% 213 1383 170 162%
c -  1.36 14 16 14 28 3350 3 96941 14406 1.8 17 9 3 9 65% 213 1383 170 162%
c }  1.38 14 16 15 28 3391 2 98509 15667 1.8 17 9 3 9 65% 213 1383 170 162%
c [  1.38 14 19 15 28 3391 1 98509 15667 1.5 21 14 5 16 66% 213 1383 170 162%
c
c seconds   switched    rate         size/glue  tier1    binary      remaining
c        MB   reductions  conflicts        size   tier2    irredundant
c         level    restarts     redundant     glue    trail      variables
c
c B  1.38 14 19 15 28 3391 1 98509 15667 1.5 21 14 5 16 66% 213 1383 170 162%
c -  1.42 14 19 15 29 3393 1 102233 15088 1.5 20 14 5 15 66% 213 1383 170 162%
c -  1.48 14 18 15 30 3397 1 107619 15491 1.5 20 14 5 15 66% 213 1383 170 162%
c -  1.54 14 18 15 31 3400 1 113096 15213 1.5 20 13 5 14 67% 213 1383 170 162%
c ]  1.60 14 17 16 31 3403 1 118213 19397 1.5 20 13 5 14 66% 213 1383 170 162%
c {  1.60 14 16 16 31 3403 2 118213 19397 1.8 17 9 3 9 65% 213 1383 170 162%
c -  1.61 14 16 16 32 3436 2 118663 15522 1.8 17 9 3 9 65% 213 1383 170 162%
c o  1.66 14 16 16 32 3613 2 121425 17925 1.8 17 9 3 9 65% 213 1383 170 162%
c -  1.71 14 15 16 33 3759 2 124319 16714 1.8 17 9 3 9 65% 214 1383 170 162%
c u  1.73 14 15 16 33 3829 2 125022 17160 1.8 17 9 3 9 65% 215 1383 170 162%
c v  1.74 14 15 16 33 3829 2 125022 16800 1.8 17 9 3 9 65% 215 1383 170 162%
c w  1.75 14 15 16 33 3829 2 125022 16678 1.8 17 9 3 9 65% 215 1383 170 162%
c x  1.76 14 15 16 33 3829 2 125022 16673 1.8 17 9 3 9 65% 215 1369 170 162%
c t  1.83 16 15 16 33 3829 2 125022 16673 1.8 17 9 3 9 65% 214 1369 170 162%
c -  1.91 16 15 16 34 3908 2 130063 16841 1.8 17 9 3 8 65% 216 1369 170 162%
c i  1.92 16 15 16 34 3908 2 131129 17601 1.8 17 9 3 8 65% 221 1369 169 161%
c i  1.96 16 15 16 34 3971 2 133749 19662 1.8 16 9 3 8 65% 229 1369 168 160%
c -  2.00 16 15 16 35 4217 2 135894 12881 1.8 16 9 3 8 65% 201 1369 168 160%
c }  2.01 16 15 17 35 4245 2 136550 13457 1.8 16 9 3 8 65% 201 1369 168 160%
c [  2.01 16 17 17 35 4245 1 136550 13457 1.5 20 13 5 14 66% 201 1369 168 160%
c
c seconds   switched    rate          size/glue  tier1    binary      remaining
c        MB   reductions  conflicts         size   tier2    irredundant
c         level    restarts      redundant     glue    trail      variables
c
c W  2.01 16 17 17 35 4245 1 136550 13457 1.5 20 13 5 14 66% 200 1369 168 160%
c -  2.07 16 17 17 36 4249 1 141812 14363 1.5 20 13 4 14 66% 200 1369 168 160%
c -  2.14 16 17 17 37 4251 1 147813 15313 1.5 20 13 4 14 66% 200 1369 168 160%
c s  2.17 16 17 17 37 4252 1 149896 17119 1.5 20 13 4 14 65% 200 1355 168 160%
c e  2.17 16 17 17 37 4252 1 149896 17119 1.5 20 13 4 14 65% 186 1410 155 148%
c ^  2.17 16 17 17 37 4252 1 149896 17119 1.5 20 13 4 14 65% 186 1410 155 148%
c -  2.21 17 17 17 38 4255 1 153896 9520 1.5 20 13 4 14 65% 186 1410 155 148%
c -  2.27 17 18 17 39 4258 1 160061 11435 1.5 20 13 5 14 65% 186 1410 155 148%
c O  2.28 17 18 17 39 4258 1 160776 12018 1.5 20 13 5 14 65% 186 1410 155 148%
c ]  2.31 17 17 18 39 4259 1 163672 14124 1.5 20 13 5 14 65% 186 1410 155 148%
c {  2.31 17 15 18 39 4259 2 163672 14124 1.8 16 9 3 8 65% 186 1410 155 148%
c u  2.32 17 15 18 39 4270 2 163936 14129 1.8 16 9 3 8 65% 193 1403 155 148%
c v  2.33 17 15 18 39 4270 2 163936 14107 1.8 16 9 3 8 65% 193 1403 155 148%
c w  2.34 18 15 18 39 4270 2 163936 14105 1.8 16 9 3 8 65% 193 1403 155 148%
c x  2.35 18 15 18 39 4270 2 163936 14104 1.8 16 9 3 8 65% 193 1397 155 148%
c -  2.38 18 14 18 40 4305 2 166305 13875 1.8 16 9 3 8 65% 193 1397 155 148%
c -  2.46 18 14 18 41 4319 2 172629 16839 1.9 16 9 3 8 66% 193 1397 155 148%
c o  2.47 18 14 18 41 4322 2 173146 17324 1.9 16 9 3 8 66% 193 1397 155 148%
c -  2.55 18 14 18 42 4366 2 179034 18594 1.9 16 9 3 8 66% 193 1397 155 148%
c -  2.63 18 13 18 43 4369 2 185515 19642 1.9 16 9 3 8 66% 193 1397 155 148%
c
c seconds   switched    rate          size/glue tier1   binary      remaining
c        MB   reductions  conflicts         size  tier2   irredundant
c         level    restarts      redundant    glue   trail      variables
c
c }  2.64 18 13 19 43 4369 2 186017 19989 1.9 16 9 3 8 66% 193 1397 155 148%
c [  2.64 18 17 19 43 4369 1 186017 19989 1.5 20 13 5 14 65% 193 1397 155 148%
c B  2.67 18 17 19 43 4371 1 188516 21990 1.5 20 13 5 14 65% 193 1397 155 148%
c -  2.72 18 17 19 44 4373 1 192073 18393 1.5 20 13 4 13 66% 193 1397 155 148%
c -  2.81 18 17 19 45 4376 1 198708 16820 1.5 20 13 4 13 66% 193 1397 155 148%
c -  2.89 18 17 19 46 4381 1 205416 17167 1.5 19 13 4 13 66% 193 1397 155 148%
c ]  2.91 18 17 20 46 4382 1 207203 18422 1.5 19 13 4 13 66% 193 1397 155 148%
c {  2.91 18 13 20 46 4382 2 207203 18422 1.9 16 9 3 8 66% 193 1397 155 148%
c u  2.94 18 13 20 46 4414 2 208549 19358 1.9 16 9 3 8 66% 193 1397 155 148%
c v  2.96 18 13 20 46 4414 2 208549 18949 1.9 16 9 3 8 66% 193 1397 155 148%
c w  2.96 18 13 20 46 4414 2 208549 18101 1.9 16 9 3 8 66% 193 1397 155 148%
c x  2.97 18 13 20 46 4414 2 208549 18091 1.9 16 9 3 8 66% 193 1387 155 148%
c -  3.05 18 13 20 47 4822 2 212198 16765 1.9 16 9 3 8 66% 194 1387 155 148%
c -  3.16 18 13 20 48 5237 2 219054 18862 1.9 16 9 3 8 66% 196 1387 155 148%
c -  3.31 18 13 20 49 6085 2 225983 20212 1.8 16 9 3 8 66% 196 1387 155 148%
c -  3.43 18 13 20 50 6659 2 232983 20820 1.8 16 9 3 8 65% 196 1387 155 148%
c }  3.45 18 13 21 50 6695 2 233942 21593 1.8 16 9 3 8 65% 196 1387 155 148%
c [  3.45 18 17 21 50 6695 1 233942 21593 1.5 19 13 4 13 66% 196 1387 155 148%
c W  3.45 19 17 21 50 6695 1 233942 21593 1.5 19 13 4 13 66% 196 1387 155 148%
c o  3.45 19 17 21 50 6695 1 233942 21593 1.5 19 13 4 13 66% 196 1387 155 148%
c
c seconds   switched    rate          size/glue  tier1    binary      remaining
c        MB   reductions  conflicts         size   tier2    irredundant
c         level    restarts      redundant     glue    trail      variables
c
c -  3.53 20 16 21 51 6699 1 240055 20902 1.5 19 12 4 13 65% 196 1387 155 148%
c -  3.62 20 16 21 52 6702 1 247197 21060 1.5 19 12 4 13 65% 197 1387 155 148%
c s  3.63 20 16 21 52 6703 1 247863 21614 1.5 19 12 4 13 65% 197 1366 155 148%
c e  3.63 20 16 21 52 6703 1 247863 21614 1.5 19 12 4 13 65% 172 1456 143 136%
c ^  3.63 20 16 21 52 6703 1 247863 21614 1.5 19 12 4 13 65% 172 1456 143 136%
c -  3.70 21 16 21 53 6707 1 254409 11460 1.6 18 12 4 12 66% 172 1456 143 136%
c u  3.76 21 16 21 53 6709 1 259104 14601 1.6 18 12 4 12 66% 172 1456 143 136%
c v  3.78 21 16 21 53 6709 1 259104 13598 1.6 18 12 4 12 66% 172 1456 143 136%
c w  3.79 21 16 21 53 6709 1 259104 12246 1.6 18 12 4 12 66% 172 1456 143 136%
c x  3.80 21 16 21 53 6709 1 259104 12224 1.6 18 12 4 12 66% 174 1406 143 136%
c t  3.80 21 16 21 53 6709 1 259104 12224 1.6 18 12 4 12 66% 173 1406 143 136%
c -  3.83 21 15 21 54 6709 1 261690 12621 1.6 18 12 4 12 66% 173 1406 143 136%
c i  3.90 21 15 21 54 6710 1 267738 17257 1.6 18 11 4 12 66% 179 1406 137 130%
c -  3.91 21 15 21 55 6712 1 269038 7703 1.6 18 11 4 12 66% 161 1406 137 130%
c I  3.91 21 15 21 55 6712 1 269293 7904 1.6 18 11 4 12 66% 161 1406 137 130%
c i  3.93 21 15 21 55 6712 1 270695 8699 1.6 17 11 4 12 66% 167 1406 135 129%
c i  3.97 21 15 21 55 6716 1 275519 11986 1.6 17 11 4 12 66% 173 1406 133 127%
c -  3.98 21 15 21 56 6716 1 276454 7219 1.6 17 11 4 12 66% 155 1406 133 127%
c ]  3.99 21 15 22 56 6716 1 276959 7550 1.6 17 11 4 12 66% 156 1406 133 127%
c {  3.99 21 13 22 56 6716 2 276959 7550 1.8 16 9 3 8 65% 156 1406 133 127%
c
c seconds   switched    rate         size/glue tier1   binary      remaining
c        MB   reductions  conflicts        size  tier2   irredundant
c         level    restarts     redundant    glue   trail      variables
c
c i  3.99 21 13 22 56 6723 2 277602 7913 1.8 16 9 3 8 65% 163 1406 126 120%
c i  4.01 21 13 22 56 6723 2 279175 9091 1.8 15 9 3 8 65% 172 1406 119 113%
c i  4.01 21 13 22 56 6723 2 279997 9691 1.8 15 9 3 8 65% 176 1406 113 108%
c i  4.02 21 13 22 56 6723 2 280020 9694 1.8 15 9 3 8 65% 179 1406 110 105%
c }  4.02 21 13 22 56 6723 2 280138 9754 1.8 15 9 3 8 65% 185 1406 62 59%
c 0  4.02 21 13 22 56 6723 2 280138 9754 1.8 15 9 3 8 65% 185 1406 62 59%
c
c ---- [ result ] ------------------------------------------------------------
c
s UNSATISFIABLE
c
c ---- [ profiling ] ---------------------------------------------------------
c
c           3.59   89.46 %  search
c           1.84   45.71 %  focused
c           1.76   43.75 %  stable
c           0.40    9.99 %  simplify
c           0.40    9.96 %  probe
c           0.27    6.61 %  vivify
c           0.11    2.82 %  sweep
c           0.06    1.55 %  reduce
c           0.02    0.52 %  preprocess
c           0.01    0.31 %  eliminate
c           0.01    0.25 %  walking
c           0.01    0.24 %  substitute
c           0.01    0.24 %  factor
c           0.00    0.10 %  subsume
c           0.00    0.02 %  congruence
c           0.00    0.01 %  parse
c           0.00    0.01 %  transitive
c           0.00    0.01 %  lucky
c           0.00    0.01 %  backbone
c =============================================
c           4.02  100.00 %  total
c
c ---- [ statistics ] --------------------------------------------------------
c
c conflicts:                           280138            69731.64 per second
c decisions:                           425975                1.52 per conflict
c eliminated:                             106              101 %  variables
c factored:                               146              139 %  variables
c iterations:                              10               10 %  variables
c propagations:                       8544456          2126876    per second
c reductions:                              56             5002    interval
c reordered:                                7            40020    interval
c rephased:                                15            18676    interval
c restarts:                              6723               42    interval
c subsumed:                               371                0 %  checks
c switched:                                22            12734    interval
c vivified:                              9124               58 %  checks
c walks:                                    5            56028    interval
c
c ---- [ glue usage ] --------------------------------------------------------
c
c focused glue 3   used 109324 clauses 16.10% accumulated 61.58% tier1
c focused glue 4   used  68852 clauses 10.14% accumulated 71.72%
c focused glue 5-6 used  81250 clauses 11.97% accumulated 83.69%
c focused glue 7   used  30411 clauses  4.48% accumulated 88.17%
c focused glue 8   used  25350 clauses  3.73% accumulated 91.90% tier2
c
c stable glue 4    used  88359 clauses  8.97% accumulated 56.81% tier1
c stable glue 5    used  66364 clauses  6.74% accumulated 63.55%
c stable glue 6-10 used 223360 clauses 22.69% accumulated 86.23%
c stable glue 11   used  28071 clauses  2.85% accumulated 89.08%
c stable glue 12   used  23123 clauses  2.35% accumulated 91.43% tier2
c
c ---- [ resources ] ---------------------------------------------------------
c
c maximum-resident-set-size:      22313697280 bytes      21280 MB
c process-time:                             4s               4.02 seconds
c
c ---- [ shutting down ] -----------------------------------------------------
c
c exit 20
