c ---- [ banner ] ------------------------------------------------------------
c
c Kissat SAT Solver
c 
c Copyright (c) 2021-2024 Armin Biere University of Freiburg
c Copyright (c) 2019-2021 Armin Biere Johannes Kepler University Linz
c 
c Version 4.0.4 8af8e56f174b778aef3aa45af9f739b2a5f492c2
c Apple clang version 17.0.0 (clang-1700.6.3.2) -W -Wall -O3 -DNDEBUG
c Mon Mar 30 18:25:47 CEST 2026 Darwin Mac 24.6.0 arm64
c
c ---- [ parsing ] -----------------------------------------------------------
c
c opened and reading DIMACS file:
c
c   tmp.cnf
c
c parsed 'p cnf 136 11560' header
c closing input after reading 234816 bytes (229 KB)
c finished parsing after 0.00 seconds
c
c ---- [ solving ] -----------------------------------------------------------
c
c seconds switched rate     size/glue tier1 binary       remaining
c        MB reductions conflicts size  tier2   irredundant
c         level restarts redundant glue  trail       variables
c
c *  0.00  4 0 0 0  0 0   0   0 0.0 0 0 0 0 0%   0 11560 136 100%
c (  0.00  4 0 0 0  0 0   0   0 0.0 0 0 0 0 0%   0 11560 136 100%
c .  0.00  4 0 0 0  0 0   0   0 0.0 0 0 0 0 0%   0 11560 136 100%
c f  0.03  5 0 0 0  0 0   0   0 0.0 0 0 0 0 0% 403 2584 311 229%
c )  0.03  5 0 0 0  0 0   0   0 0.0 0 0 0 0 0% 403 2584 311 229%
c {  0.03  5 0 0 0  0 0   0   0 0.0 0 0 2 6 0% 403 2584 311 229%
c -  0.04  5 29 0 1 59 3 1001 615 1.9 24 13 10 17 61% 406 2581 311 229%
c }  0.04  5 29 1 1 59 3 1001 615 1.9 24 13 10 17 61% 406 2581 311 229%
c [  0.04  5 0 1 1 59 0 1001 615 0.0 0 0 2 6 0% 406 2581 311 229%
c B  0.04  5 0 1 1 59 0 1001 615 0.0 0 0 2 6 0% 406 2581 311 229%
c ]  0.04  5 42 2 1 59 1 1863 1403 1.3 37 28 20 36 71% 406 2581 311 229%
c {  0.04  5 29 2 1 59 3 1863 1403 1.9 24 13 10 17 61% 406 2581 311 229%
c -  0.05  5 27 2 2 60 3 2001 1458 1.9 24 13 10 17 62% 406 2581 311 229%
c }  0.05  5 22 3 2 60 2 2863 2281 2.5 26 11 10 17 64% 406 2581 311 229%
c [  0.05  5 42 3 2 60 1 2863 2281 1.3 37 28 20 36 71% 406 2581 311 229%
c W  0.05  5 42 3 2 60 1 2863 2281 1.3 37 28 20 36 71% 406 2581 311 229%
c -  0.06  5 42 3 3 60 1 3415 2508 1.3 38 29 19 36 68% 407 2580 311 229%
c u  0.06  5 42 3 3 60 1 3546 2619 1.3 38 29 19 36 68% 407 2580 311 229%
c v  0.06  5 42 3 3 60 1 3546 2616 1.3 38 29 19 36 68% 407 2580 311 229%
c w  0.07  5 42 3 3 60 1 3546 2616 1.3 38 29 19 36 68% 407 2580 311 229%
c
c seconds  switched rate       size/glue  tier1     binary      remaining
c        MB reductions conflicts     size    tier2    irredundant
c         level restarts  redundant     glue     trail      variables
c
c x  0.07  5 42 3 3 60 1 3546 2616 1.3 38 29 19 36 68% 407 2576 311 229%
c f  0.07  5 42 3 3 60 1 3546 2616 1.3 38 29 19 36 68% 454 2465 342 251%
c u  0.07  5 42 3 3 60 1 3546 2613 1.3 38 29 19 36 68% 454 2465 342 251%
c v  0.07  5 42 3 3 60 1 3546 2610 1.3 38 29 19 36 68% 454 2465 342 251%
c w  0.07  5 42 3 3 60 1 3546 2610 1.3 38 29 19 36 68% 454 2465 342 251%
c x  0.08  5 42 3 3 60 1 3546 2610 1.3 38 29 19 36 68% 454 2448 342 251%
c ]  0.08  5 42 4 3 61 1 3899 2920 1.3 38 30 19 36 67% 454 2448 342 251%
c {  0.08  5 22 4 3 61 2 3899 2920 2.5 26 11 10 17 64% 454 2448 342 251%
c -  0.10  6 25 4 4 300 4 5147 3430 2.2 25 11 7 15 63% 461 2445 342 251%
c }  0.12  7 25 5 4 377 4 6251 4401 2.2 24 11 7 15 63% 464 2444 342 251%
c [  0.12  7 42 5 4 377 1 6251 4401 1.3 38 30 19 36 67% 464 2444 342 251%
c I  0.12  7 42 5 4 377 1 6251 4401 1.3 38 30 19 36 67% 464 2444 342 251%
c -  0.12  7 42 5 5 377 1 7147 4433 1.3 36 28 14 36 65% 464 2444 342 251%
c -  0.15  7 38 5 6 379 1 9385 5197 1.3 33 26 10 30 63% 464 2444 342 251%
c B  0.15  7 37 5 6 379 1 10022 5745 1.3 33 25 10 30 63% 464 2444 342 251%
c o  0.15  7 37 5 6 379 1 10022 5745 1.3 33 25 10 30 63% 464 2444 342 251%
c ]  0.15  7 37 6 6 379 1 10244 5960 1.3 32 25 10 30 63% 464 2444 342 251%
c {  0.15  7 25 6 6 379 4 10244 5960 2.2 24 11 7 15 63% 464 2444 342 251%
c u  0.17  7 24 6 6 385 4 10957 6621 2.1 24 11 7 15 63% 464 2444 342 251%
c v  0.17  7 24 6 6 385 4 10957 6617 2.1 24 11 7 15 63% 464 2444 342 251%
c
c seconds  switched  rate        size/glue  tier1    binary      remaining
c        MB reductions conflicts       size   tier2    irredundant
c         level restarts    redundant     glue    trail      variables
c
c w  0.17  8 24 6 6 385 4 10957 6616 2.1 24 11 7 15 63% 464 2444 342 251%
c x  0.17  8 24 6 6 385 4 10957 6614 2.1 24 11 7 15 63% 464 2423 342 251%
c f  0.17  8 24 6 6 385 4 10957 6614 2.1 24 11 7 15 63% 465 2421 343 252%
c u  0.18  9 24 6 6 385 4 10957 6605 2.1 24 11 7 15 63% 465 2421 343 252%
c v  0.18  9 24 6 6 385 4 10957 6591 2.1 24 11 7 15 63% 465 2421 343 252%
c w  0.18  9 24 6 6 385 4 10957 6591 2.1 24 11 7 15 63% 465 2421 343 252%
c x  0.18  9 24 6 6 385 4 10957 6591 2.1 24 11 7 15 63% 465 2406 343 252%
c -  0.19 10 24 6 7 410 3 11834 6158 2.2 24 11 6 13 64% 466 2405 343 252%
c }  0.23 11 22 7 7 440 3 14319 8408 2.2 23 11 6 13 64% 471 2403 343 252%
c [  0.23 11 37 7 7 440 1 14319 8408 1.3 32 25 10 30 63% 471 2403 343 252%
c -  0.23 11 37 7 8 440 1 14480 7183 1.3 32 25 10 29 63% 471 2403 343 252%
c W  0.24 11 35 7 8 441 1 15553 8133 1.3 31 23 10 29 63% 471 2403 343 252%
c -  0.26 12 35 7 9 442 1 17309 7855 1.3 31 23 9 27 63% 471 2403 343 252%
c s  0.27 12 34 7 9 442 1 17722 8212 1.3 31 23 9 27 63% 471 2106 343 252%
c e  0.27 12 34 7 9 442 1 17722 8212 1.3 31 23 9 27 63% 351 2190 267 196%
c ^  0.27 12 34 7 9 442 1 17722 8212 1.3 31 23 9 27 63% 351 2190 267 196%
c ]  0.29 12 34 8 9 444 1 20207 4757 1.3 31 23 9 27 63% 351 2190 267 196%
c {  0.29 12 22 8 9 444 3 20207 4757 2.2 23 11 6 13 64% 351 2190 267 196%
c o  0.29 12 22 8 9 457 3 20250 4792 2.2 23 11 6 13 64% 351 2190 267 196%
c -  0.29 13 22 8 10 476 3 20309 3830 2.2 23 11 6 12 64% 351 2190 267 196%
c
c seconds  switched   rate        size/glue  tier1    binary      remaining
c        MB  reductions conflicts       size   tier2    irredundant
c         level  restarts    redundant     glue    trail      variables
c
c u  0.33 13 23 8 10 796 3 22482 5725 2.2 23 11 6 12 65% 354 2189 267 196%
c v  0.33 14 23 8 10 796 3 22482 5716 2.2 23 11 6 12 65% 354 2189 267 196%
c w  0.33 14 23 8 10 796 3 22482 5715 2.2 23 11 6 12 65% 354 2189 267 196%
c x  0.34 14 23 8 10 796 3 22482 5714 2.2 23 11 6 12 65% 354 2175 267 196%
c f  0.36 14 23 8 10 796 3 22482 5714 2.2 23 11 6 12 65% 359 2164 270 199%
c u  0.36 15 23 8 10 796 3 22482 5647 2.2 23 11 6 12 65% 359 2164 270 199%
c v  0.36 15 23 8 10 796 3 22482 5645 2.2 23 11 6 12 65% 359 2164 270 199%
c w  0.36 15 23 8 10 796 3 22482 5638 2.2 23 11 6 12 65% 359 2164 270 199%
c x  0.37 15 23 8 10 796 3 22482 5637 2.2 23 11 6 12 65% 359 2158 270 199%
c -  0.38 15 22 8 11 874 3 23471 5886 2.2 23 11 5 12 65% 359 2158 270 199%
c }  0.43 15 23 9 11 1195 4 26368 8548 2.1 23 11 5 12 66% 362 2157 270 199%
c [  0.43 15 34 9 11 1195 1 26368 8548 1.3 31 23 9 27 63% 362 2157 270 199%
c O  0.43 15 34 9 11 1195 1 26368 8548 1.3 31 23 9 27 63% 362 2157 270 199%
c -  0.43 16 33 9 12 1195 1 26787 7851 1.3 31 23 9 27 63% 363 2157 270 199%
c -  0.48 16 32 9 13 1197 1 30253 8701 1.4 31 22 9 26 65% 364 2157 270 199%
c -  0.52 17 31 9 14 1200 1 33861 9241 1.4 30 22 8 25 65% 364 2157 270 199%
c ]  0.53 17 30 10 14 1201 1 34648 9950 1.4 30 21 8 24 65% 364 2157 270 199%
c {  0.53 17 23 10 14 1201 4 34648 9950 2.1 23 11 5 12 66% 364 2157 270 199%
c s  0.55 17 22 10 14 1302 4 35934 11120 2.1 23 11 5 12 66% 364 2108 270 199%
c e  0.56 17 22 10 14 1302 4 35934 11120 2.1 23 11 5 12 66% 315 2188 236 174%
c
c seconds   switched    rate         size/glue  tier1    binary      remaining
c        MB   reductions  conflicts        size   tier2    irredundant
c         level    restarts     redundant     glue    trail      variables
c
c ^  0.56 17 22 10 14 1302 4 35934 11120 2.1 23 11 5 12 66% 315 2188 236 174%
c -  0.57 17 22 10 15 1345 3 37602 4641 2.1 23 11 5 11 66% 319 2187 236 174%
c u  0.60 17 22 10 15 1472 4 38720 5610 2.1 23 11 5 11 67% 319 2187 236 174%
c v  0.60 17 22 10 15 1472 4 38720 5578 2.1 23 11 5 11 67% 319 2187 236 174%
c w  0.60 17 22 10 15 1472 4 38720 5575 2.1 23 11 5 11 67% 319 2187 236 174%
c x  0.61 17 22 10 15 1472 4 38720 5573 2.1 23 11 5 11 67% 319 2166 236 174%
c f  0.61 17 22 10 15 1472 4 38720 5573 2.1 23 11 5 11 67% 336 2122 245 180%
c u  0.61 17 22 10 15 1472 4 38720 5535 2.1 23 11 5 11 67% 336 2122 245 180%
c v  0.62 17 22 10 15 1472 4 38720 5527 2.1 23 11 5 11 67% 336 2122 245 180%
c w  0.62 17 22 10 15 1472 4 38720 5524 2.1 23 11 5 11 67% 336 2122 245 180%
c x  0.62 17 22 10 15 1472 4 38720 5523 2.1 23 11 5 11 67% 338 2116 245 180%
c -  0.65 18 21 10 16 1482 3 41474 7335 2.1 22 11 4 11 67% 338 2116 245 180%
c o  0.65 18 21 10 16 1490 3 41601 7447 2.1 22 11 4 11 67% 338 2116 245 180%
c }  0.67 18 21 11 16 1565 3 43277 9004 2.1 22 11 4 11 67% 338 2116 245 180%
c [  0.67 18 30 11 16 1565 1 43277 9004 1.4 30 21 8 24 65% 338 2116 245 180%
c B  0.67 18 30 11 16 1565 1 43277 9004 1.4 30 21 8 24 65% 338 2116 245 180%
c -  0.69 18 30 11 17 1567 1 45476 9471 1.4 30 21 8 23 66% 338 2116 245 180%
c -  0.74 18 29 11 18 1570 1 49600 10057 1.4 29 20 8 22 65% 338 2116 245 180%
c ]  0.78 18 28 12 18 1571 1 53057 12699 1.4 28 20 8 22 66% 338 2116 245 180%
c {  0.78 18 21 12 18 1571 3 53057 12699 2.1 22 11 4 11 67% 338 2116 245 180%
c
c seconds   switched    rate         size/glue  tier1    binary      remaining
c        MB   reductions  conflicts        size   tier2    irredundant
c         level    restarts     redundant     glue    trail      variables
c
c -  0.79 18 21 12 19 1618 3 53842 10495 2.1 22 11 4 11 68% 338 2116 245 180%
c -  0.86 18 21 12 20 1949 3 58202 11741 2.1 22 11 4 11 68% 339 2116 245 180%
c u  0.89 19 21 12 20 2100 3 59716 13037 2.1 22 11 4 11 68% 339 2116 245 180%
c v  0.90 19 21 12 20 2100 3 59716 13022 2.1 22 11 4 11 68% 339 2116 245 180%
c w  0.90 20 21 12 20 2100 3 59716 13021 2.1 22 11 4 11 68% 339 2116 245 180%
c x  0.91 20 21 12 20 2100 3 59716 13018 2.1 22 11 4 11 68% 339 2107 245 180%
c -  1.01 21 21 12 21 2501 3 62674 12561 2.0 21 11 4 11 67% 339 2107 245 180%
c }  1.03 21 20 13 21 2513 3 64537 14098 2.0 21 11 4 11 68% 339 2107 245 180%
c [  1.03 21 28 13 21 2513 1 64537 14098 1.4 28 20 8 22 66% 339 2107 245 180%
c W  1.03 22 28 13 21 2513 1 64537 14098 1.4 28 20 8 22 66% 339 2107 245 180%
c -  1.06 22 27 13 22 2515 1 67256 12925 1.4 28 20 8 21 66% 339 2107 245 180%
c -  1.12 22 26 13 23 2518 1 71947 12669 1.4 27 19 8 20 65% 339 2107 245 180%
c s  1.17 22 26 13 23 2519 1 75520 15105 1.4 26 19 8 20 65% 339 2075 245 180%
c e  1.17 22 26 13 23 2519 1 75520 15105 1.4 26 19 8 20 65% 314 2125 223 164%
c ^  1.17 22 26 13 23 2519 1 75520 15105 1.4 26 19 8 20 65% 314 2125 223 164%
c o  1.17 22 26 13 23 2519 1 75520 8920 1.4 26 19 8 20 65% 314 2125 223 164%
c -  1.18 22 26 13 24 2519 1 76742 7908 1.4 26 19 8 19 65% 314 2125 223 164%
c I  1.21 22 25 13 24 2522 1 79442 10289 1.4 26 19 8 19 65% 314 2125 223 164%
c -  1.23 22 25 13 25 2523 1 81640 10046 1.4 26 18 8 19 66% 314 2125 223 164%
c ]  1.24 22 25 14 25 2524 1 82544 10767 1.4 26 18 8 19 66% 314 2125 223 164%
c
c seconds   switched    rate         size/glue  tier1    binary      remaining
c        MB   reductions  conflicts        size   tier2    irredundant
c         level    restarts     redundant     glue    trail      variables
c
c {  1.24 22 20 14 25 2524 3 82544 10767 2.0 21 11 4 11 68% 314 2125 223 164%
c u  1.30 22 20 14 25 2773 3 85564 13297 2.0 21 11 4 11 67% 314 2125 223 164%
c v  1.30 23 20 14 25 2773 3 85564 13263 2.0 21 11 4 11 67% 314 2125 223 164%
c w  1.31 23 20 14 25 2773 3 85564 13254 2.0 21 11 4 11 67% 314 2125 223 164%
c x  1.31 23 20 14 25 2773 3 85564 13244 2.0 21 11 4 11 67% 314 2104 223 164%
c f  1.32 23 20 14 25 2773 3 85564 13244 2.0 21 11 4 11 67% 315 2098 224 165%
c u  1.32 23 20 14 25 2773 3 85564 13084 2.0 21 11 4 11 67% 317 2098 224 165%
c v  1.33 24 20 14 25 2773 3 85564 13058 2.0 21 11 4 11 67% 317 2098 224 165%
c w  1.34 24 20 14 25 2773 3 85564 13047 2.0 21 11 4 11 67% 317 2098 224 165%
c x  1.34 24 20 14 25 2773 3 85564 13044 2.0 21 11 4 11 67% 317 2096 224 165%
c t  1.34 24 20 14 25 2773 3 85564 13044 2.0 21 11 4 11 67% 316 2096 224 165%
c -  1.37 24 20 14 26 2912 3 86640 11547 1.9 21 11 4 10 67% 316 2096 224 165%
c -  1.44 24 19 14 27 3169 3 91739 12996 1.9 20 10 4 10 67% 316 2096 224 165%
c -  1.53 24 19 14 28 3633 3 96935 14348 1.9 20 11 4 10 67% 317 2096 224 165%
c }  1.54 24 19 15 28 3695 3 97259 14652 1.9 20 11 4 10 67% 317 2096 224 165%
c [  1.54 24 25 15 28 3695 1 97259 14652 1.4 26 18 8 19 66% 317 2096 224 165%
c B  1.54 24 25 15 28 3695 1 97259 14652 1.4 26 18 8 19 66% 317 2096 224 165%
c -  1.60 25 25 15 29 3698 1 102226 13559 1.4 26 19 8 19 66% 317 2096 224 165%
c -  1.67 25 25 15 30 3701 1 107612 11927 1.4 27 19 7 19 66% 317 2096 224 165%
c -  1.73 25 25 15 31 3704 1 113091 12135 1.4 26 19 7 19 67% 317 2096 224 165%
c
c seconds   switched    rate          size/glue  tier1    binary      remaining
c        MB   reductions  conflicts         size   tier2    irredundant
c         level    restarts      redundant     glue    trail      variables
c
c u  1.78 25 25 15 31 3707 1 116508 14768 1.4 26 18 7 19 67% 318 2096 224 165%
c v  1.79 25 25 15 31 3707 1 116508 14738 1.4 26 18 7 19 67% 318 2096 224 165%
c w  1.79 26 25 15 31 3707 1 116508 14737 1.4 26 18 7 19 67% 318 2096 224 165%
c x  1.80 26 25 15 31 3707 1 116508 14732 1.4 26 18 7 19 67% 318 2081 224 165%
c o  1.80 26 25 15 31 3707 1 116508 14732 1.4 26 18 7 19 67% 318 2081 224 165%
c ]  1.81 26 25 16 31 3707 1 117228 15369 1.4 26 18 7 19 67% 318 2081 224 165%
c {  1.81 26 19 16 31 3707 3 117228 15369 1.9 20 11 4 10 67% 318 2081 224 165%
c -  1.84 26 19 16 32 3839 3 118659 13642 1.9 20 11 4 10 67% 318 2081 224 165%
c -  1.92 26 19 16 33 4103 3 124316 15639 1.9 20 10 4 10 67% 318 2081 224 165%
c -  2.04 26 19 16 34 4721 3 130060 16942 1.9 20 11 4 10 67% 318 2081 224 165%
c }  2.16 26 19 17 34 5282 3 135565 21896 1.9 20 11 4 10 68% 318 2081 224 165%
c [  2.16 26 25 17 34 5282 1 135565 21896 1.4 26 18 7 19 67% 318 2081 224 165%
c W  2.16 26 25 17 34 5282 1 135565 21896 1.4 26 18 7 19 67% 318 2081 224 165%
c -  2.17 26 25 17 35 5282 1 135890 17962 1.4 26 18 7 19 67% 318 2081 224 165%
c s  2.21 29 25 17 35 5284 1 139564 21295 1.4 26 19 7 19 67% 318 2061 224 165%
c e  2.21 29 25 17 35 5284 1 139564 21295 1.4 26 19 7 19 67% 291 2136 209 154%
c ^  2.22 29 25 17 35 5284 1 139564 21295 1.4 26 19 7 19 67% 291 2136 209 154%
c -  2.24 29 25 17 36 5287 1 141807 10211 1.4 26 19 7 19 67% 291 2136 209 154%
c -  2.30 29 25 17 37 5288 1 147809 12865 1.4 26 18 7 19 67% 291 2136 209 154%
c u  2.37 29 24 17 37 5292 1 152703 16768 1.4 26 18 7 19 67% 291 2136 209 154%
c
c seconds   switched    rate          size/glue  tier1    binary      remaining
c        MB   reductions  conflicts         size   tier2    irredundant
c         level    restarts      redundant     glue    trail      variables
c
c v  2.38 29 24 17 37 5292 1 152703 16704 1.4 26 18 7 19 67% 291 2136 209 154%
c w  2.39 30 24 17 37 5292 1 152703 16632 1.4 26 18 7 19 67% 291 2136 209 154%
c x  2.40 31 24 17 37 5292 1 152703 16631 1.4 26 18 7 19 67% 291 2132 209 154%
c -  2.42 31 24 17 38 5293 1 153891 14771 1.4 26 18 7 18 67% 291 2132 209 154%
c O  2.49 33 24 17 38 5295 1 159790 19295 1.4 26 18 7 18 68% 291 2132 209 154%
c -  2.49 33 24 17 39 5295 1 160056 14509 1.4 26 18 7 18 68% 291 2132 209 154%
c ]  2.56 33 23 18 39 5296 1 165777 18986 1.5 26 17 7 18 68% 291 2132 209 154%
c {  2.56 33 19 18 39 5296 3 165777 18986 1.9 20 11 4 10 68% 291 2132 209 154%
c -  2.57 33 19 18 40 5299 3 166300 14834 1.9 20 11 4 10 68% 291 2132 209 154%
c o  2.58 33 19 18 40 5315 3 167450 15901 1.9 20 11 4 10 68% 291 2132 209 154%
c -  2.65 33 18 18 41 5334 3 172624 17011 1.9 20 11 4 10 68% 291 2132 209 154%
c -  2.73 33 17 18 42 5383 3 179028 18840 1.9 20 10 4 10 69% 292 2132 209 154%
c -  2.82 33 17 18 43 5392 2 185508 19992 2.0 21 10 4 10 69% 292 2132 209 154%
c }  2.87 33 17 19 43 5422 2 188122 22457 2.0 21 10 4 10 69% 292 2132 209 154%
c [  2.87 33 23 19 43 5422 1 188122 22457 1.5 26 17 7 18 68% 292 2132 209 154%
c B  2.87 33 23 19 43 5422 1 188122 22457 1.5 26 17 7 18 68% 292 2132 209 154%
c -  2.91 33 23 19 44 5424 1 192066 19733 1.5 25 17 6 18 68% 292 2132 209 154%
c u  2.96 34 23 19 44 5426 1 194162 21174 1.5 25 17 6 18 68% 292 2132 209 154%
c v  2.97 34 23 19 44 5426 1 194162 21114 1.5 25 17 6 18 68% 292 2132 209 154%
c w  2.98 34 23 19 44 5426 1 194162 21108 1.5 25 17 6 18 68% 292 2132 209 154%
c
c seconds   switched    rate          size/glue  tier1    binary      remaining
c        MB   reductions  conflicts         size   tier2    irredundant
c         level    restarts      redundant     glue    trail      variables
c
c -  3.12 35 23 19 45 5428 1 198700 18301 1.5 25 17 6 18 68% 292 2132 209 154%
c -  3.22 35 23 19 46 5432 1 205409 17476 1.5 25 17 6 17 68% 292 2132 209 154%
c ]  3.26 35 23 20 46 5434 1 208536 19958 1.5 25 17 6 17 68% 292 2132 209 154%
c {  3.26 35 17 20 46 5434 2 208536 19958 2.0 21 10 4 10 69% 292 2132 209 154%
c -  3.34 35 17 20 47 5822 2 212191 18683 2.0 21 10 4 10 69% 292 2132 209 154%
c -  3.50 35 17 20 48 6654 3 219046 19654 2.0 21 10 4 10 69% 293 2132 209 154%
c -  3.64 35 17 20 49 7119 3 225975 20970 2.0 21 10 4 10 69% 293 2132 209 154%
c s  3.72 35 17 20 49 7298 3 230641 24863 2.0 20 10 4 10 69% 293 2127 209 154%
c e  3.72 35 17 20 49 7298 3 230641 24863 2.0 20 10 4 10 69% 240 2322 188 138%
c ^  3.72 35 17 20 49 7298 3 230641 24863 2.0 20 10 4 10 69% 240 2322 188 138%
c o  3.72 35 17 20 49 7298 3 230641 7843 2.0 20 10 4 10 69% 240 2322 188 138%
c -  3.76 35 17 20 50 7522 3 232977 8330 2.0 20 10 3 10 69% 240 2322 188 138%
c }  3.79 35 17 21 50 7702 3 235275 10373 2.0 20 10 3 10 69% 240 2322 188 138%
c [  3.79 35 23 21 50 7702 1 235275 10373 1.5 25 17 6 17 68% 240 2322 188 138%
c W  3.79 35 23 21 50 7702 1 235275 10373 1.5 25 17 6 17 68% 240 2322 188 138%
c -  3.84 35 23 21 51 7705 1 240048 11458 1.5 25 17 6 18 69% 240 2322 188 138%
c u  3.86 35 23 21 51 7706 1 241088 12076 1.5 25 17 6 18 69% 240 2322 188 138%
c v  3.88 35 23 21 51 7706 1 241088 11876 1.5 25 17 6 18 69% 240 2322 188 138%
c w  3.89 35 23 21 51 7706 1 241088 11831 1.5 25 17 6 18 69% 240 2322 188 138%
c x  3.90 35 23 21 51 7706 1 241088 11827 1.5 25 17 6 18 69% 240 2310 188 138%
c
c seconds   switched    rate          size/glue  tier1    binary      remaining
c        MB   reductions  conflicts         size   tier2    irredundant
c         level    restarts      redundant     glue    trail      variables
c
c f  3.90 35 23 21 51 7706 1 241088 11827 1.5 25 17 6 18 69% 241 2289 189 139%
c u  3.92 35 23 21 51 7706 1 241088 11705 1.5 25 17 6 18 69% 241 2289 189 139%
c v  3.93 36 23 21 51 7706 1 241088 11628 1.5 25 17 6 18 69% 241 2289 189 139%
c w  3.94 36 23 21 51 7706 1 241088 11575 1.5 25 17 6 18 69% 241 2289 189 139%
c x  3.95 36 23 21 51 7706 1 241088 11574 1.5 25 17 6 18 69% 241 2277 189 139%
c -  4.02 37 23 21 52 7708 1 247189 12443 1.5 25 17 6 18 69% 241 2277 189 139%
c -  4.11 39 23 21 53 7714 1 254400 13043 1.5 25 17 6 17 68% 241 2277 189 139%
c -  4.20 39 22 21 54 7716 1 261682 15436 1.5 25 17 6 17 68% 241 2277 189 139%
c -  4.29 39 22 21 55 7717 1 269031 17034 1.5 25 17 6 17 68% 241 2277 189 139%
c I  4.32 39 22 21 55 7719 1 270627 18349 1.5 25 17 6 17 68% 241 2277 189 139%
c -  4.38 39 21 21 56 7723 1 276451 17871 1.5 25 16 6 17 68% 242 2277 189 139%
c ]  4.44 39 21 22 56 7723 1 280378 21245 1.5 25 16 6 17 68% 242 2277 189 139%
c {  4.44 39 17 22 56 7723 3 280378 21245 2.0 20 10 3 10 69% 242 2277 189 139%
c -  4.50 40 17 22 57 7825 2 283935 18823 2.0 20 10 3 10 69% 242 2277 189 139%
c -  4.62 40 16 22 58 7990 2 291485 19450 1.9 20 10 3 10 69% 242 2277 189 139%
c u  4.67 40 16 22 58 8022 2 293291 20753 1.9 20 10 3 10 69% 242 2277 189 139%
c v  4.69 40 16 22 58 8022 2 293291 20665 1.9 20 10 3 10 69% 242 2277 189 139%
c w  4.70 40 16 22 58 8022 2 293291 20629 1.9 20 10 3 10 69% 242 2277 189 139%
c -  4.81 40 16 22 59 8109 2 299100 20065 1.9 20 10 3 10 70% 242 2277 189 139%
c -  4.93 40 16 22 60 8156 2 306782 20757 1.9 19 10 3 10 70% 242 2277 189 139%
c
c seconds   switched    rate          size/glue  tier1    binary      remaining
c        MB   reductions  conflicts         size   tier2    irredundant
c         level    restarts      redundant     glue    trail      variables
c
c o  4.94 40 16 22 60 8162 2 307707 21528 1.9 19 10 3 10 70% 242 2277 189 139%
c }  5.01 40 16 23 60 8209 2 311894 25202 1.9 19 10 3 10 70% 242 2277 189 139%
c [  5.01 40 21 23 60 8209 1 311894 25202 1.5 25 16 6 17 68% 242 2277 189 139%
c B  5.01 40 21 23 60 8209 1 311894 25202 1.5 25 16 6 17 68% 242 2277 189 139%
c -  5.03 40 21 23 61 8211 1 314527 20755 1.5 25 16 6 17 68% 242 2277 189 139%
c -  5.12 40 21 23 62 8215 1 322337 19762 1.5 25 16 6 17 68% 242 2277 189 139%
c -  5.23 40 21 23 63 8220 1 330213 18409 1.5 24 16 6 17 68% 242 2277 189 139%
c -  5.33 40 21 23 64 8223 1 338151 18128 1.5 24 16 6 17 68% 242 2277 189 139%
c -  5.44 40 21 23 65 8225 1 346151 18215 1.5 24 16 6 17 68% 242 2277 189 139%
c s  5.49 40 21 23 65 8228 1 350088 21526 1.5 24 16 6 17 68% 242 2275 189 139%
c e  5.49 40 21 23 65 8228 1 350088 21526 1.5 24 16 6 17 68% 209 2471 175 129%
c !  5.49 40 21 23 65 8228 1 350088 21526 1.5 24 16 6 17 68% 209 2471 175 129%
c u  5.52 40 21 23 65 8229 1 351146 11901 1.5 24 16 6 17 68% 209 2471 175 129%
c v  5.53 40 21 23 65 8229 1 351146 11660 1.5 24 16 6 17 68% 209 2471 175 129%
c w  5.54 40 21 23 65 8229 1 351146 11307 1.5 24 16 6 17 68% 209 2471 175 129%
c x  5.56 40 21 23 65 8229 1 351146 11305 1.5 24 16 6 17 68% 209 2466 175 129%
c f  5.56 40 21 23 65 8229 1 351146 11305 1.5 24 16 6 17 68% 218 2418 177 130%
c u  5.58 41 21 23 65 8229 1 351146 10569 1.5 24 16 6 17 68% 218 2418 177 130%
c v  5.60 41 21 23 65 8229 1 351146 10445 1.5 24 16 6 17 68% 218 2418 177 130%
c w  5.61 41 21 23 65 8229 1 351146 10326 1.5 24 16 6 17 68% 218 2418 177 130%
c
c seconds   switched    rate         size/glue  tier1    binary      remaining
c        MB   reductions  conflicts        size   tier2    irredundant
c         level    restarts     redundant     glue    trail      variables
c
c -  5.65 42 21 23 66 8230 1 354215 9191 1.5 24 16 6 17 68% 218 2418 177 130%
c W  5.66 42 21 23 66 8230 1 355606 10308 1.5 24 16 6 17 68% 218 2418 177 130%
c ]  5.67 43 21 24 66 8230 1 355976 10663 1.5 24 16 6 17 68% 218 2418 177 130%
c {  5.67 43 16 24 66 8230 2 355976 10663 1.9 19 10 3 10 70% 218 2418 177 130%
c -  5.77 43 16 24 67 9023 2 362339 13190 1.9 19 10 3 10 70% 218 2418 177 130%
c -  5.90 44 16 24 68 9663 2 370524 17558 1.9 19 10 3 9 70% 218 2418 177 130%
c -  6.03 44 16 24 69 10228 2 378771 19619 1.9 19 10 3 9 70% 218 2418 177 130%
c -  6.17 45 16 24 70 10780 2 387078 21087 1.9 19 10 3 9 70% 218 2418 177 130%
c o  6.18 45 16 24 70 10823 2 387939 21733 1.9 19 10 3 9 70% 218 2418 177 130%
c }  6.27 45 16 25 70 11207 2 392653 25742 1.8 19 10 3 9 70% 218 2418 177 130%
c [  6.27 45 21 25 70 11207 1 392653 25742 1.5 24 16 6 17 68% 218 2418 177 130%
c -  6.31 45 21 25 71 11209 1 395446 21761 1.5 24 16 6 17 68% 218 2418 177 130%
c O  6.42 46 22 25 71 11213 1 403767 28722 1.5 25 17 6 17 69% 218 2418 177 130%
c -  6.42 46 22 25 72 11213 1 403872 18505 1.5 25 17 6 17 69% 218 2418 177 130%
c -  6.52 46 22 25 73 11219 1 412357 17066 1.5 25 17 6 17 69% 218 2418 177 130%
c u  6.56 48 22 25 73 11220 1 414311 18554 1.5 25 17 6 17 69% 218 2418 177 130%
c v  6.59 48 22 25 73 11220 1 414311 18411 1.5 25 17 6 17 69% 218 2418 177 130%
c w  6.60 49 22 25 73 11220 1 414311 18045 1.5 25 17 6 17 69% 218 2418 177 130%
c -  6.69 50 22 25 74 11221 1 420901 17294 1.5 25 17 6 17 69% 218 2418 177 130%
c -  6.80 50 22 25 75 11224 1 429503 18180 1.5 25 17 6 17 69% 218 2418 177 130%
c
c seconds   switched     rate          size/glue  tier1    binary      remaining
c        MB   reductions   conflicts         size   tier2    irredundant
c         level    restarts       redundant     glue    trail      variables
c
c -  6.91 50 21 25 76 11229 1 438164 20742 1.6 25 16 6 17 69% 218 2418 177 130%
c ]  6.95 50 21 26 76 11231 1 441083 23351 1.6 25 16 6 17 69% 218 2418 177 130%
c {  6.95 50 16 26 76 11231 2 441083 23351 1.8 19 10 3 9 70% 218 2418 177 130%
c -  7.06 50 16 26 77 11784 2 446881 23154 1.8 19 10 3 9 70% 218 2418 177 130%
c -  7.22 50 16 26 78 12305 2 455655 23664 1.8 19 10 3 9 70% 218 2418 177 130%
c -  7.39 50 16 26 79 12911 2 464486 24098 1.8 19 10 3 9 70% 218 2418 177 130%
c -  7.55 50 16 26 80 13416 2 473375 24994 1.8 19 10 3 9 70% 218 2418 177 130%
c o  7.65 50 16 26 80 13780 2 478466 29207 1.8 19 10 3 9 70% 219 2418 177 130%
c -  7.72 50 16 26 81 13957 2 482320 25685 1.8 19 10 3 9 70% 219 2418 177 130%
c }  7.74 50 16 27 81 13985 2 483301 26452 1.8 19 10 3 9 70% 219 2418 177 130%
c [  7.74 50 21 27 81 13985 1 483301 26452 1.6 25 16 6 17 69% 219 2418 177 130%
c B  7.74 50 21 27 81 13985 1 483301 26452 1.6 25 16 6 17 69% 219 2418 177 130%
c u  7.76 51 21 27 81 13985 1 483303 26262 1.6 25 16 6 17 69% 219 2418 177 130%
c v  7.79 51 21 27 81 13985 1 483303 26158 1.6 25 16 6 17 69% 219 2418 177 130%
c w  7.80 51 21 27 81 13985 1 483303 26121 1.6 25 16 6 17 69% 219 2418 177 130%
c x  7.81 51 21 27 81 13985 1 483303 26120 1.6 25 16 6 17 69% 219 2415 177 130%
c -  7.92 53 21 27 82 13990 1 491320 24226 1.6 25 16 6 17 70% 219 2415 177 130%
c s  8.04 53 21 27 82 13995 1 499848 30514 1.6 25 16 6 17 69% 219 2413 177 130%
c e  8.04 53 21 27 82 13995 1 499848 30514 1.6 25 16 6 17 69% 218 2423 176 129%
c -  8.05 53 21 27 83 13995 1 500375 19910 1.6 25 16 6 16 69% 218 2423 176 129%
c
c seconds   switched     rate          size/glue  tier1    binary      remaining
c        MB   reductions   conflicts         size   tier2    irredundant
c         level    restarts       redundant     glue    trail      variables
c
c -  8.15 53 21 27 84 13999 1 509485 18629 1.5 25 16 6 16 69% 218 2423 176 129%
c -  8.26 53 21 27 85 14002 1 518650 17172 1.5 25 16 6 16 68% 218 2423 176 129%
c -  8.36 53 21 27 86 14006 1 527869 19609 1.5 25 16 6 16 68% 218 2423 176 129%
c -  8.48 53 21 27 87 14013 1 537143 20208 1.5 25 16 6 16 68% 218 2423 176 129%
c W  8.52 54 21 27 87 14013 1 540885 22801 1.5 24 16 6 16 68% 218 2423 176 129%
c -  8.57 55 21 27 88 14014 1 546470 18894 1.5 24 16 6 16 68% 218 2423 176 129%
c ]  8.59 55 21 28 88 14014 1 548568 20402 1.5 24 16 6 16 68% 218 2423 176 129%
c {  8.59 55 16 28 88 14014 2 548568 20402 1.8 19 10 3 9 70% 218 2423 176 129%
c -  8.69 55 15 28 89 14296 2 555850 20793 1.8 18 10 3 9 69% 218 2423 176 129%
c u  8.75 55 15 28 89 14360 2 558241 22452 1.8 18 10 3 9 69% 219 2423 176 129%
c v  8.78 57 15 28 89 14360 2 558241 21997 1.8 18 10 3 9 69% 219 2423 176 129%
c w  8.80 58 15 28 89 14360 2 558241 21800 1.8 18 10 3 9 69% 219 2423 176 129%
c -  8.90 58 15 28 90 14655 2 565283 23397 1.8 18 10 3 9 69% 219 2423 176 129%
c -  9.05 58 15 28 91 15224 2 574769 25111 1.8 18 10 3 9 69% 219 2423 176 129%
c o  9.12 58 15 28 91 15443 2 578494 28308 1.8 18 10 3 9 69% 219 2423 176 129%
c -  9.23 58 15 28 92 15902 2 584308 26516 1.8 18 10 3 9 69% 219 2423 176 129%
c -  9.41 58 15 28 93 16522 2 593901 27495 1.8 18 10 3 9 69% 219 2423 176 129%
c }  9.46 58 15 29 93 16664 2 596708 29822 1.8 18 10 3 9 69% 219 2423 176 129%
c [  9.46 58 21 29 93 16664 1 596708 29822 1.5 24 16 6 16 68% 219 2423 176 129%
c I  9.54 58 21 29 93 16669 1 603435 34789 1.5 24 16 6 16 68% 219 2423 176 129%
c
c seconds   switched     rate          size/glue  tier1    binary      remaining
c        MB   reductions   conflicts         size   tier2    irredundant
c         level    restarts       redundant     glue    trail      variables
c
c -  9.55 58 21 29 94 16669 1 603544 27129 1.5 24 16 6 16 68% 219 2423 176 129%
c -  9.69 58 21 29 95 16674 1 613239 26133 1.5 24 16 5 16 68% 219 2423 176 129%
c -  9.83 58 21 29 96 16678 1 622986 25381 1.5 23 16 5 16 68% 219 2423 176 129%
c -  9.96 58 20 29 97 16681 1 632784 25122 1.5 23 16 5 16 69% 219 2423 176 129%
c u 10.07 58 20 29 97 16685 1 639147 29576 1.5 23 15 5 16 69% 219 2423 176 129%
c v 10.11 59 20 29 97 16685 1 639147 29335 1.5 23 15 5 16 69% 219 2423 176 129%
c w 10.13 59 20 29 97 16685 1 639147 24650 1.5 23 15 5 16 69% 219 2423 176 129%
c - 10.19 59 20 29 98 16686 1 642632 21451 1.5 23 15 5 16 69% 219 2423 176 129%
c ] 10.30 59 20 30 98 16691 1 648981 26303 1.5 23 15 5 16 69% 219 2423 176 129%
c { 10.30 59 15 30 98 16691 2 648981 26303 1.8 18 10 3 9 69% 219 2423 176 129%
c - 10.36 59 15 30 99 16818 2 652532 24390 1.8 18 10 3 9 69% 219 2423 176 129%
c - 10.53 59 15 30 100 17351 2 662481 27129 1.7 18 10 3 9 69% 219 2423 176 129%
c - 10.68 59 15 30 101 17633 2 672481 27894 1.7 18 10 3 9 69% 219 2423 176 129%
c - 10.85 59 15 30 102 18032 2 682530 29021 1.8 18 10 3 9 69% 219 2423 176 129%
c o 10.98 59 15 30 102 18422 2 688706 34220 1.8 18 10 3 9 69% 219 2423 176 129%
c - 11.06 59 15 30 103 18655 2 692630 30252 1.8 18 10 3 9 69% 219 2423 176 129%
c - 11.25 59 15 30 104 19189 2 702779 30755 1.8 18 10 3 9 69% 220 2423 176 129%
c } 11.25 59 15 31 104 19189 2 703415 31271 1.8 18 10 3 9 69% 220 2423 176 129%
c [ 11.25 59 20 31 104 19189 1 703415 31271 1.5 23 15 5 16 69% 220 2423 176 129%
c B 11.25 59 20 31 104 19189 1 703415 31271 1.5 23 15 5 16 69% 220 2423 176 129%
c
c seconds   switched      rate          size/glue  tier1    binary      remaining
c        MB   reductions    conflicts         size   tier2    irredundant
c         level     restarts       redundant     glue    trail      variables
c
c - 11.38 60 20 31 105 19195 1 712978 28223 1.5 23 15 5 16 69% 220 2423 176 129%
c - 11.51 60 21 31 106 19201 1 723225 24101 1.5 24 16 5 16 69% 220 2423 176 129%
c u 11.58 60 21 31 106 19202 1 726170 26078 1.5 24 16 5 16 69% 220 2423 176 129%
c v 11.62 60 21 31 106 19202 1 726170 25832 1.5 24 16 5 16 69% 220 2423 176 129%
c w 11.64 60 21 31 106 19202 1 726170 25274 1.5 24 16 5 16 69% 220 2423 176 129%
c - 11.73 60 21 31 107 19203 1 733521 22483 1.5 24 16 5 16 69% 220 2423 176 129%
c - 11.86 60 21 31 108 19209 1 743867 22959 1.5 24 16 5 16 69% 220 2423 176 129%
c - 12.00 60 21 31 109 19215 1 754262 25127 1.5 24 16 5 16 69% 220 2423 176 129%
c - 12.14 60 20 31 110 19218 1 764702 26873 1.5 23 15 5 16 69% 220 2423 176 129%
c - 12.27 60 20 31 111 19219 1 775190 26802 1.5 22 15 5 16 69% 220 2423 176 129%
c W 12.30 60 19 31 111 19219 1 776390 27625 1.5 22 15 5 16 69% 220 2423 176 129%
c ] 12.30 60 19 32 111 19219 1 776410 27645 1.5 22 15 5 16 69% 220 2423 176 129%
c { 12.30 60 15 32 111 19219 2 776410 27645 1.8 18 10 3 9 69% 220 2423 176 129%
c - 12.45 60 15 32 112 19559 2 785728 28756 1.8 18 10 3 9 69% 220 2423 176 129%
c - 12.63 60 14 32 113 19875 2 796311 30336 1.8 18 10 3 9 69% 220 2423 176 129%
c - 12.82 60 14 32 114 20417 2 806942 31010 1.8 18 10 3 9 69% 220 2423 176 129%
c o 12.87 60 14 32 114 20575 2 809911 33403 1.8 18 10 3 9 69% 220 2423 176 129%
c - 13.01 60 14 32 115 20892 2 817621 31319 1.7 17 10 3 9 69% 220 2423 176 129%
c u 13.06 60 14 32 115 20909 2 819374 31855 1.8 17 10 3 9 69% 221 2423 176 129%
c v 13.10 60 14 32 115 20909 2 819374 30407 1.8 17 10 3 9 69% 221 2423 176 129%
c
c seconds   switched      rate          size/glue  tier1   binary      remaining
c        MB   reductions    conflicts         size   tier2   irredundant
c         level     restarts       redundant     glue   trail      variables
c
c w 13.11 60 14 32 115 20909 2 819374 30072 1.8 17 10 3 9 69% 221 2423 176 129%
c x 13.13 60 14 32 115 20909 2 819374 30071 1.8 17 10 3 9 69% 221 2420 176 129%
c - 13.29 60 14 32 116 21358 2 828346 29732 1.8 17 10 3 9 69% 221 2420 176 129%
c } 13.46 60 14 33 116 21987 2 837514 37412 1.8 17 10 3 9 69% 221 2420 176 129%
c [ 13.46 60 19 33 116 21987 1 837514 37412 1.5 22 15 5 16 69% 221 2420 176 129%
c - 13.49 60 19 33 117 21988 1 839119 31915 1.5 22 15 5 16 69% 221 2420 176 129%
c - 13.63 60 19 33 118 21994 1 849935 31694 1.5 22 15 5 16 69% 221 2420 176 129%
c O 13.70 60 19 33 118 21997 1 854818 35596 1.5 22 15 5 16 69% 221 2420 176 129%
c - 13.77 60 19 33 119 22000 1 860799 31354 1.5 22 14 5 16 69% 221 2420 176 129%
c - 13.91 61 19 33 120 22003 1 871707 31068 1.5 22 14 5 16 69% 221 2420 176 129%
c - 14.04 61 19 33 121 22008 1 882661 28041 1.5 23 15 5 16 69% 221 2420 176 129%
c - 14.18 61 19 33 122 22015 1 893661 26830 1.5 23 15 5 16 69% 221 2420 176 129%
c - 14.33 61 20 33 123 22017 1 904707 28052 1.5 23 15 5 16 69% 221 2420 176 129%
c - 14.50 61 19 33 124 22017 1 915797 28785 1.5 23 15 5 16 69% 221 2420 176 129%
c ] 14.54 61 19 34 124 22017 1 918353 30814 1.5 23 15 5 16 69% 221 2420 176 129%
c { 14.54 61 14 34 124 22017 2 918353 30814 1.8 17 10 3 9 69% 221 2420 176 129%
c u 14.59 61 14 34 124 22097 2 918849 31011 1.8 17 10 3 9 69% 221 2420 176 129%
c v 14.63 61 14 34 124 22097 2 918849 30843 1.8 17 10 3 9 69% 221 2420 176 129%
c w 14.66 61 14 34 124 22097 2 918849 29617 1.8 17 10 3 9 69% 221 2420 176 129%
c - 14.82 61 14 34 125 22435 2 926932 31338 1.8 18 10 3 9 69% 221 2420 176 129%
c
c seconds   switched      rate          size/glue  tier1   binary      remaining
c        MB   reductions    conflicts         size   tier2   irredundant
c         level     restarts       redundant     glue   trail      variables
c
c - 15.02 61 14 34 126 22673 2 938112 35079 1.8 18 10 3 9 69% 221 2420 176 129%
c o 15.07 61 14 34 126 22863 2 940515 37217 1.8 18 10 3 9 69% 221 2420 176 129%
c - 15.25 61 14 34 127 23177 2 949336 37165 1.8 18 10 3 9 69% 221 2420 176 129%
c - 15.45 61 14 34 128 23421 2 960606 38420 1.8 18 10 3 9 69% 221 2420 176 129%
c - 15.70 61 13 34 129 23982 2 971919 39111 1.8 18 10 3 9 69% 221 2420 176 129%
c - 15.92 61 13 34 130 24377 2 983277 39676 1.9 18 10 3 9 69% 221 2420 176 129%
c } 15.99 61 13 35 130 24576 2 986499 42576 1.9 18 10 3 9 69% 221 2420 176 129%
c [ 15.99 61 19 35 130 24576 1 986499 42576 1.5 23 15 5 16 69% 221 2420 176 129%
c B 15.99 61 19 35 130 24576 1 986499 42576 1.5 23 15 5 16 69% 221 2420 176 129%
c - 16.09 61 19 35 131 24581 1 994678 38187 1.5 23 15 5 16 69% 221 2420 176 129%
c - 16.27 61 19 35 132 24588 1 1006124 34079 1.6 23 15 5 15 69% 221 2420 176 129%
c - 16.44 61 19 35 133 24590 1 1017614 32041 1.6 23 15 5 15 70% 221 2420 176 129%
c u 16.59 61 19 35 133 24595 1 1024656 37508 1.6 23 15 5 15 69% 221 2420 176 129%
c v 16.65 61 19 35 133 24595 1 1024656 37250 1.6 23 15 5 15 69% 221 2420 176 129%
c w 16.68 61 19 35 133 24595 1 1024656 35607 1.6 23 15 5 15 69% 221 2420 176 129%
c - 17.06 63 19 35 134 24597 1 1029146 29712 1.5 23 15 5 15 69% 221 2420 176 129%
c - 17.20 63 19 35 135 24604 1 1040721 30038 1.5 23 15 5 15 69% 221 2420 176 129%
c - 17.36 63 19 35 136 24606 1 1052342 31206 1.5 23 15 5 15 70% 221 2420 176 129%
c - 17.52 63 19 35 137 24606 1 1064005 32860 1.6 22 14 5 15 70% 221 2420 176 129%
c - 17.70 63 18 35 138 24612 1 1075711 32625 1.6 22 14 5 15 70% 221 2420 176 129%
c
c seconds   switched      rate           size/glue  tier1    binary      remaining
c        MB   reductions     conflicts         size   tier2    irredundant
c         level     restarts        redundant     glue    trail      variables
c
c W 17.71 63 18 35 138 24612 1 1076300 33101 1.6 22 14 5 15 70% 221 2420 176 129%
c ] 17.83 63 19 36 138 24617 1 1085958 41575 1.5 23 15 5 15 70% 221 2420 176 129%
c { 17.83 63 13 36 138 24617 2 1085958 41575 1.9 18 10 3 9 69% 221 2420 176 129%
c o 17.83 63 13 36 138 24633 2 1086047 41656 1.9 18 10 3 9 69% 221 2420 176 129%
c - 17.87 63 13 36 139 24750 2 1087459 30715 1.9 18 10 3 9 69% 221 2420 176 129%
c - 18.10 63 13 36 140 25383 2 1099249 31264 1.8 18 10 3 9 69% 221 2420 176 129%
c - 18.31 63 13 36 141 25816 2 1111082 34597 1.8 18 10 3 9 69% 222 2420 176 129%
c - 18.57 63 13 36 142 26524 2 1122959 36030 1.8 18 10 3 9 69% 222 2420 176 129%
c - 18.80 63 13 36 143 27164 2 1134877 37162 1.8 18 10 3 9 69% 222 2420 176 129%
c u 18.89 63 14 36 143 27252 2 1136868 38488 1.8 18 10 3 9 69% 222 2420 176 129%
c v 18.95 63 14 36 143 27252 2 1136868 38230 1.8 18 10 3 9 69% 222 2420 176 129%
c w 18.97 63 14 36 143 27252 2 1136868 38215 1.8 18 10 3 9 69% 222 2420 176 129%
c - 19.19 63 14 36 144 27932 2 1146836 37289 1.8 18 10 3 9 69% 222 2420 176 129%
c - 19.41 63 13 36 145 28319 2 1158837 37649 1.8 17 10 3 9 69% 223 2420 176 129%
c } 19.46 63 13 37 145 28423 2 1161515 39812 1.8 17 10 3 9 69% 223 2420 176 129%
c [ 19.46 63 19 37 145 28423 1 1161515 39812 1.5 23 15 5 15 70% 223 2420 176 129%
c - 19.58 63 20 37 146 28429 1 1170878 35372 1.5 23 15 5 15 69% 223 2420 176 129%
c I 19.59 63 20 37 146 28429 1 1172015 36345 1.5 23 15 5 15 69% 223 2420 176 129%
c - 19.77 63 19 37 147 28436 1 1182963 32856 1.5 22 14 5 15 69% 224 2420 176 129%
c - 19.94 63 19 37 148 28438 1 1195087 32559 1.5 22 15 5 15 69% 224 2420 176 129%
c
c seconds   switched      rate           size/glue  tier1    binary      remaining
c        MB   reductions     conflicts         size   tier2    irredundant
c         level     restarts        redundant     glue    trail      variables
c
c - 20.13 63 19 37 149 28445 1 1207252 32010 1.5 22 14 5 15 68% 224 2420 176 129%
c - 20.30 63 19 37 150 28452 1 1219458 32554 1.5 22 15 5 15 69% 224 2420 176 129%
c - 20.47 63 19 37 151 28453 1 1231705 31004 1.5 22 15 5 15 69% 224 2420 176 129%
c - 20.65 63 19 37 152 28454 1 1243996 33586 1.5 22 15 5 15 69% 224 2420 176 129%
c u 20.85 63 19 37 152 28460 1 1255549 42329 1.5 22 15 5 15 69% 224 2420 176 129%
c v 20.92 63 19 37 152 28460 1 1255549 42016 1.5 22 15 5 15 69% 224 2420 176 129%
c w 20.95 63 19 37 152 28460 1 1255549 39813 1.5 22 15 5 15 69% 224 2420 176 129%
c o 20.95 63 19 37 152 28460 1 1255549 39813 1.5 22 15 5 15 69% 224 2420 176 129%
c - 20.96 63 19 37 153 28461 1 1256324 31786 1.5 22 15 5 15 69% 224 2420 176 129%
c ] 21.07 63 19 38 153 28467 1 1265034 38413 1.5 22 14 5 15 69% 224 2420 176 129%
c { 21.07 63 13 38 153 28467 2 1265034 38413 1.8 17 10 3 9 69% 224 2420 176 129%
c - 21.13 63 13 38 154 28486 2 1268694 33168 1.8 17 10 3 9 69% 224 2420 176 129%
c - 21.34 63 13 38 155 28590 2 1281103 35373 1.8 17 10 3 9 69% 224 2420 176 129%
c - 21.58 63 13 38 156 28718 2 1293553 37629 1.8 17 10 3 9 69% 224 2420 176 129%
c - 21.79 63 13 38 157 28755 2 1306043 38162 1.8 16 9 3 9 69% 225 2420 176 129%
c - 22.02 63 13 38 158 28857 1 1318572 38898 1.8 16 9 3 9 70% 228 2420 176 129%
c - 22.25 63 12 38 159 29177 1 1331141 39311 1.7 16 9 3 9 70% 228 2420 176 129%
c - 22.47 63 12 38 160 29320 1 1343750 39891 1.7 16 9 3 9 70% 230 2420 176 129%
c } 22.54 63 12 39 160 29351 1 1348368 43190 1.7 15 9 3 9 69% 231 2420 176 129%
c [ 22.54 63 19 39 160 29351 1 1348368 43190 1.5 22 14 5 15 69% 231 2420 176 129%
c
c seconds   switched      rate           size/glue  tier1    binary      remaining
c        MB   reductions     conflicts         size   tier2    irredundant
c         level     restarts        redundant     glue    trail      variables
c
c B 22.54 63 19 39 160 29351 1 1348368 43190 1.5 22 14 5 15 69% 231 2420 176 129%
c - 22.63 63 19 39 161 29356 1 1356401 38468 1.5 22 15 5 15 69% 231 2420 176 129%
c - 22.79 63 19 39 162 29364 1 1369090 36715 1.5 21 14 5 15 69% 231 2420 176 129%
c u 22.98 63 18 39 162 29365 1 1380766 45838 1.5 21 14 5 15 69% 232 2420 176 129%
c v 23.03 63 18 39 162 29365 1 1380766 44746 1.5 21 14 5 15 69% 232 2420 176 129%
c w 23.05 63 18 39 162 29365 1 1380766 40205 1.5 21 14 5 15 69% 232 2420 176 129%
c x 23.08 63 18 39 162 29365 1 1380766 40201 1.5 21 14 5 15 69% 232 2413 176 129%
c t 23.08 63 18 39 162 29365 1 1380766 40201 1.5 21 14 5 15 69% 231 2413 176 129%
c - 23.10 63 18 39 163 29366 1 1381817 32595 1.5 21 14 4 15 69% 231 2413 176 129%
c - 23.29 63 18 39 164 29374 1 1394586 35026 1.5 21 14 4 15 69% 231 2413 176 129%
c - 23.46 63 18 39 165 29380 1 1407392 36700 1.5 21 14 4 15 69% 231 2413 176 129%
c - 23.63 63 18 39 166 29381 1 1420237 36091 1.5 21 14 4 15 69% 231 2413 176 129%
c - 23.81 63 18 39 167 29384 1 1433121 35224 1.5 22 14 4 15 69% 231 2413 176 129%
c - 24.02 63 18 39 168 29391 1 1446045 36883 1.5 21 14 4 15 69% 231 2413 176 129%
c s 24.13 63 18 39 168 29395 1 1454949 44047 1.5 21 14 4 15 69% 231 2408 176 129%
c o 24.13 63 18 39 168 29395 1 1454949 44047 1.5 21 14 4 15 69% 231 2408 176 129%
c W 24.15 63 18 39 168 29396 1 1456356 45135 1.5 21 14 4 15 69% 231 2408 176 129%
c - 24.20 66 18 39 169 29396 1 1459006 38748 1.5 21 14 4 15 69% 231 2408 176 129%
c ] 24.25 66 18 40 169 29396 1 1462537 41699 1.5 22 14 4 15 69% 231 2408 176 129%
c { 24.25 66 12 40 169 29396 1 1462537 41699 1.7 15 9 3 9 69% 231 2408 176 129%
c
c seconds   switched      rate           size/glue tier1   binary      remaining
c        MB   reductions     conflicts         size  tier2   irredundant
c         level     restarts        redundant    glue   trail      variables
c
c - 24.46 66 12 40 170 30101 1 1472007 38344 1.7 15 9 3 9 69% 233 2408 176 129%
c - 24.73 66 12 40 171 30831 2 1485046 39344 1.7 15 9 3 9 69% 233 2408 176 129%
c - 24.98 66 12 40 172 31641 2 1498123 40782 1.7 15 9 3 9 69% 234 2408 176 129%
c - 25.23 67 12 40 173 32334 2 1511239 41528 1.7 15 9 3 9 69% 235 2408 176 129%
c u 25.31 67 12 40 173 32383 2 1512602 41427 1.7 15 9 3 9 69% 238 2408 176 129%
c v 25.38 67 12 40 173 32383 2 1512602 40164 1.7 15 9 3 9 69% 238 2408 176 129%
c w 25.41 67 12 40 173 32383 2 1512602 40096 1.7 15 9 3 9 69% 238 2408 176 129%
c t 25.41 67 12 40 173 32383 2 1512602 40096 1.7 15 9 3 9 69% 236 2408 176 129%
c - 25.64 67 12 40 174 33077 2 1524392 40137 1.7 15 9 3 9 69% 239 2408 176 129%
c - 25.85 67 12 40 175 33554 2 1537583 41063 1.7 15 9 3 9 69% 242 2408 176 129%
c - 26.08 67 12 40 176 34217 2 1550811 42247 1.7 15 9 3 9 68% 244 2408 176 129%
c } 26.14 67 12 41 176 34415 2 1554010 44599 1.7 15 9 3 9 68% 244 2408 176 129%
c [ 26.14 67 18 41 176 34415 1 1554010 44599 1.5 22 14 4 15 69% 244 2408 176 129%
c - 26.28 67 18 41 177 34421 1 1564081 41829 1.5 21 14 4 15 69% 244 2408 176 129%
c O 26.38 67 18 41 177 34425 1 1570696 47296 1.5 21 14 4 15 69% 244 2408 176 129%
c - 26.46 67 18 41 178 34428 1 1577385 39603 1.5 22 14 4 15 69% 244 2408 176 129%
c - 26.63 67 19 41 179 34432 1 1590728 37979 1.5 22 14 4 15 68% 244 2408 176 129%
c - 26.82 67 19 41 180 34440 1 1604107 36972 1.5 22 14 4 15 68% 244 2408 176 129%
c - 27.00 67 19 41 181 34444 1 1617525 37794 1.5 22 14 4 15 68% 244 2408 176 129%
c - 27.19 67 18 41 182 34445 1 1630980 38679 1.5 22 14 4 15 68% 244 2408 176 129%
c
c seconds   switched      rate           size/glue  tier1    binary      remaining
c        MB   reductions     conflicts         size   tier2    irredundant
c         level     restarts        redundant     glue    trail      variables
c
c - 27.36 67 18 41 183 34452 1 1644470 39794 1.5 22 14 4 15 68% 244 2408 176 129%
c u 27.50 68 19 41 183 34455 1 1651093 44791 1.5 22 14 4 15 68% 246 2408 176 129%
c v 27.57 68 19 41 183 34455 1 1651093 44028 1.5 22 14 4 15 68% 246 2408 176 129%
c w 27.60 70 19 41 183 34455 1 1651093 43235 1.5 22 14 4 15 68% 246 2408 176 129%
c t 27.60 70 19 41 183 34455 1 1651093 43235 1.5 22 14 4 15 68% 244 2408 176 129%
c o 27.60 70 19 41 183 34455 1 1651093 43235 1.5 22 14 4 15 68% 244 2408 176 129%
c - 27.67 70 19 41 184 34459 1 1657997 36450 1.5 22 15 4 15 68% 244 2408 176 129%
c - 27.82 70 19 41 185 34463 1 1671561 34475 1.5 22 15 4 15 67% 244 2408 176 129%
c - 28.00 70 20 41 186 34470 1 1685164 34519 1.5 23 15 4 15 67% 244 2408 176 129%
c ] 28.05 70 20 42 186 34474 1 1690396 38824 1.5 23 15 4 15 67% 244 2408 176 129%
c { 28.05 70 12 42 186 34474 2 1690396 38824 1.7 15 9 3 9 68% 244 2408 176 129%
c i 28.11 70 12 42 186 34553 2 1693737 41205 1.7 15 9 3 9 68% 252 2408 175 129%
c - 28.22 70 12 42 187 34892 2 1698803 32759 1.7 15 9 3 9 68% 229 2408 175 129%
c - 28.46 70 12 42 188 35634 2 1712480 36306 1.7 15 9 3 9 68% 229 2408 175 129%
c - 28.68 70 12 42 189 36249 2 1726191 39615 1.6 15 9 3 9 68% 231 2408 175 129%
c - 28.92 70 12 42 190 36986 2 1739939 41529 1.6 15 9 3 9 68% 231 2408 175 129%
c - 29.12 70 12 42 191 37261 2 1753723 42218 1.6 14 9 3 9 67% 233 2408 175 129%
c i 29.32 70 12 42 191 37459 2 1767281 51570 1.6 14 9 3 9 67% 242 2408 174 128%
c - 29.33 70 12 42 192 37507 2 1767545 19709 1.6 14 9 3 9 67% 216 2408 174 128%
c - 29.53 70 12 42 193 38572 2 1781401 27754 1.6 14 9 3 9 67% 216 2408 174 128%
c
c seconds   switched      rate           size/glue tier1   binary      remaining
c        MB   reductions     conflicts         size  tier2   irredundant
c         level     restarts        redundant    glue   trail      variables
c
c } 29.67 70 12 43 193 39094 2 1790370 34412 1.6 14 9 3 9 67% 218 2408 174 128%
c [ 29.67 70 20 43 193 39094 1 1790370 34412 1.5 23 15 4 15 67% 218 2408 174 128%
c B 29.67 70 20 43 193 39094 1 1790370 34412 1.5 23 15 4 15 67% 218 2408 174 128%
c s 29.69 70 20 43 193 39095 1 1791841 35638 1.5 23 15 4 15 67% 218 2388 174 128%
c e 29.69 70 20 43 193 39095 1 1791841 35638 1.5 23 15 4 15 67% 218 2399 173 127%
c - 29.72 70 20 43 194 39097 1 1795299 34574 1.5 23 15 4 15 66% 218 2399 173 127%
c u 29.77 70 20 43 194 39098 1 1796239 34571 1.5 23 15 4 15 66% 241 2376 173 127%
c v 29.83 70 20 43 194 39098 1 1796239 33587 1.5 23 15 4 15 66% 241 2376 173 127%
c w 29.85 70 20 43 194 39098 1 1796239 33409 1.5 23 15 4 15 66% 241 2376 173 127%
c x 29.88 70 20 43 194 39098 1 1796239 33377 1.5 23 15 4 15 66% 241 2322 173 127%
c f 29.88 70 20 43 194 39098 1 1796239 33377 1.5 23 15 4 15 66% 242 2302 174 128%
c u 29.93 72 20 43 194 39098 1 1796239 32089 1.5 23 15 4 15 66% 243 2302 174 128%
c v 30.00 73 20 43 194 39098 1 1796239 31811 1.5 23 15 4 15 66% 243 2302 174 128%
c w 30.03 73 20 43 194 39098 1 1796239 31642 1.5 23 15 4 15 66% 243 2302 174 128%
c t 30.03 73 20 43 194 39098 1 1796239 31642 1.5 23 15 4 15 66% 242 2302 174 128%
c - 30.21 73 19 43 195 39106 1 1809228 33332 1.5 22 15 4 15 66% 242 2302 174 128%
c - 30.37 73 19 43 196 39108 1 1823193 33375 1.5 22 15 4 15 66% 242 2302 174 128%
c - 30.55 77 19 43 197 39117 1 1837193 31438 1.5 22 15 4 15 66% 242 2302 174 128%
c - 30.71 77 19 43 198 39123 1 1851228 31616 1.5 22 15 4 15 66% 242 2302 174 128%
c - 30.88 77 19 43 199 39124 1 1865299 34581 1.5 21 15 4 15 65% 242 2302 174 128%
c
c seconds   switched      rate           size/glue  tier1    binary      remaining
c        MB   reductions     conflicts         size   tier2    irredundant
c         level     restarts        redundant     glue    trail      variables
c
c - 31.06 77 18 43 200 39130 1 1879405 35479 1.5 21 14 4 15 64% 242 2302 174 128%
c - 31.23 77 18 43 201 39138 1 1893548 37064 1.5 21 14 4 15 64% 242 2302 174 128%
c - 31.40 77 18 43 202 39142 1 1907727 37447 1.5 21 14 4 15 64% 243 2302 174 128%
c W 31.53 77 18 43 202 39146 1 1917838 45330 1.5 21 14 4 15 64% 243 2302 174 128%
c o 31.53 77 18 43 202 39146 1 1917838 45330 1.5 21 14 4 15 64% 243 2302 174 128%
c - 31.58 80 18 43 203 39149 1 1921939 38589 1.5 20 14 4 15 64% 243 2302 174 128%
c ] 31.67 80 17 44 203 39153 1 1929377 44431 1.5 20 13 4 15 64% 243 2302 174 128%
c { 31.67 80 12 44 203 39153 2 1929377 44431 1.6 14 9 3 9 67% 243 2302 174 128%
c - 31.79 81 12 44 204 39499 2 1936186 38793 1.6 14 9 3 9 67% 243 2302 174 128%
c u 32.04 81 12 44 204 39887 2 1949261 46093 1.6 14 9 3 9 67% 283 2302 174 128%
c v 32.09 81 12 44 204 39887 2 1949261 38700 1.6 14 9 3 9 67% 275 2302 174 128%
c w 32.11 81 12 44 204 39887 2 1949261 36496 1.6 14 9 3 9 67% 275 2302 174 128%
c x 32.14 81 12 44 204 39887 2 1949261 36491 1.6 14 9 3 9 67% 275 2247 174 128%
c t 32.45 88 12 44 204 39887 2 1949261 36491 1.6 14 9 3 9 67% 260 2247 174 128%
c - 32.47 88 12 44 205 39901 2 1950469 31512 1.6 14 9 3 9 67% 260 2247 174 128%
c - 32.66 88 12 44 206 40334 2 1964786 34752 1.6 14 9 3 8 67% 262 2247 174 128%
c - 32.87 88 12 44 207 40853 1 1979142 37200 1.6 13 8 3 8 67% 264 2247 174 128%
c i 32.93 88 11 44 207 40910 1 1983468 40447 1.6 13 8 3 8 67% 275 2247 168 124%
c - 33.07 88 11 44 208 41359 1 1993529 34389 1.6 13 8 3 8 67% 251 2204 168 124%
c - 33.25 88 11 44 209 41917 1 2007951 35654 1.6 13 8 3 8 67% 255 2204 168 124%
c
c seconds   switched      rate           size/glue tier1   binary      remaining
c        MB   reductions     conflicts         size  tier2   irredundant
c         level     restarts        redundant    glue   trail      variables
c
c i 33.35 88 11 44 209 42120 1 2016052 41389 1.6 13 8 3 8 66% 269 2204 167 123%
c - 33.43 88 11 44 210 42313 1 2022407 32063 1.6 13 8 3 8 66% 241 2204 167 123%
c - 33.61 88 11 44 211 42835 1 2036900 33744 1.6 13 8 3 8 66% 247 2204 167 123%
c } 33.63 88 11 45 211 42898 1 2038209 34711 1.6 13 8 3 8 66% 247 2204 167 123%
c [ 33.63 88 17 45 211 42898 1 2038209 34711 1.5 20 13 4 15 64% 247 2204 167 123%
c i 33.71 88 17 45 211 42903 1 2045311 39542 1.5 20 13 4 15 64% 256 2204 165 121%
c - 33.80 88 17 45 212 42905 1 2051425 28342 1.5 20 13 4 15 65% 228 2204 165 121%
c I 33.80 88 17 45 212 42906 1 2052079 28852 1.5 20 13 4 15 65% 229 2204 165 121%
c i 33.92 88 16 45 212 42911 1 2062128 36070 1.5 19 13 4 15 65% 237 2204 164 121%
c - 33.97 88 16 45 213 42912 1 2065985 23090 1.5 19 13 4 15 65% 223 2204 164 121%
c - 34.14 88 17 45 214 42919 1 2080579 27389 1.5 19 13 4 15 64% 223 2204 164 121%
c - 34.30 88 16 45 215 42926 1 2095207 32455 1.5 19 13 4 14 65% 223 2204 164 121%
c i 34.42 88 16 45 215 42928 1 2105774 40040 1.5 19 12 4 14 64% 229 2204 156 115%
c u 34.50 88 16 45 215 42928 1 2109528 22516 1.5 19 12 4 14 64% 284 2094 156 115%
c v 34.54 88 16 45 215 42928 1 2109528 22248 1.5 19 12 4 14 64% 284 2094 156 115%
c w 34.56 88 16 45 215 42928 1 2109528 21924 1.5 19 12 4 14 64% 284 2094 156 115%
c x 34.59 88 16 45 215 42928 1 2109528 21824 1.5 19 12 4 14 64% 284 1671 156 115%
c t 34.59 88 16 45 215 42928 1 2109528 21824 1.5 19 12 4 14 64% 279 1671 156 115%
c o 34.59 88 16 45 215 42928 1 2109528 21824 1.5 19 12 4 14 64% 279 1671 156 115%
c - 34.59 88 16 45 216 42928 1 2109870 18386 1.5 19 12 4 14 64% 257 1671 156 115%
c
c seconds   switched      rate           size/glue  tier1    binary      remaining
c        MB   reductions     conflicts         size   tier2    irredundant
c         level     restarts        redundant     glue    trail      variables
c
c - 34.74 88 16 45 217 42931 1 2124566 26109 1.5 18 12 4 14 64% 258 1671 156 115%
c i 34.89 88 16 45 217 42940 1 2138748 35892 1.5 18 12 4 14 63% 264 1671 139 102%
c - 34.90 88 16 45 218 42941 1 2139297 8274 1.5 18 12 4 14 63% 272 1550 139 102%
c i 34.91 88 15 45 218 42941 1 2139721 8521 1.5 18 12 4 14 63% 274 1550 138 101%
c i 34.93 88 15 45 218 42942 1 2142368 10506 1.5 18 12 4 14 63% 278 1550 130 96%
c i 34.94 88 15 45 218 42942 1 2142949 10922 1.5 18 12 4 14 63% 284 1550 116 85%
c i 34.94 88 15 45 218 42942 1 2143274 11132 1.5 18 12 4 14 63% 287 1550 113 83%
c i 34.94 88 15 45 218 42942 1 2143314 11148 1.5 18 12 4 14 63% 291 1550 107 79%
c i 34.94 88 15 45 218 42942 1 2143375 11181 1.5 18 12 4 14 63% 296 1550 96 71%
c i 34.94 88 15 45 218 42942 1 2143380 11180 1.5 18 12 4 14 63% 298 1550 95 70%
c i 34.94 88 15 45 218 42942 1 2143381 11180 1.5 18 12 4 14 63% 298 1550 91 67%
c i 34.94 88 15 45 218 42942 1 2143383 11181 1.5 18 12 4 14 63% 298 1550 87 64%
c ] 34.94 88 15 45 218 42942 1 2143386 11180 1.5 18 12 4 14 63% 299 1550 46 34%
c 0 34.94 88 11 45 218 42942 1 2143386 11180 1.6 13 8 3 8 66% 299 1550 46 34%
c
c ---- [ result ] ------------------------------------------------------------
c
s UNSATISFIABLE
c
c ---- [ profiling ] ---------------------------------------------------------
c
c          31.44   89.99 %  search
c          15.86   45.39 %  focused
c          15.58   44.60 %  stable
c           3.47    9.93 %  simplify
c           3.43    9.81 %  probe
c           2.55    7.30 %  vivify
c           0.79    2.27 %  sweep
c           0.51    1.46 %  reduce
c           0.06    0.16 %  substitute
c           0.04    0.11 %  eliminate
c           0.03    0.09 %  walking
c           0.03    0.08 %  preprocess
c           0.02    0.07 %  factor
c           0.01    0.03 %  subsume
c           0.00    0.01 %  congruence
c           0.00    0.01 %  transitive
c           0.00    0.00 %  parse
c           0.00    0.00 %  backbone
c           0.00    0.00 %  lucky
c =============================================
c          34.94  100.00 %  total
c
c ---- [ statistics ] --------------------------------------------------------
c
c conflicts:                          2143386            61345.28 per second
c decisions:                          3025689                1.41 per conflict
c eliminated:                             184              135 %  variables
c factored:                               224              165 %  variables
c iterations:                              18               13 %  variables
c propagations:                      60080560          1719550    per second
c reductions:                             218             9832    interval
c reordered:                               20           107169    interval
c rephased:                                33            64951    interval
c restarts:                             42942               50    interval
c subsumed:                               432                0 %  checks
c switched:                                45            47631    interval
c vivified:                             73673               62 %  checks
c walks:                                   11           194853    interval
c
c ---- [ glue usage ] --------------------------------------------------------
c
c focused glue 3   used 1030837 clauses 17.04% accumulated 63.30% tier1
c focused glue 4   used  491926 clauses  8.13% accumulated 71.43%
c focused glue 5-6 used  660937 clauses 10.93% accumulated 82.36%
c focused glue 7   used  266736 clauses  4.41% accumulated 86.77%
c focused glue 8   used  221143 clauses  3.66% accumulated 90.42% tier2
c
c stable glue 4    used  488924 clauses  6.09% accumulated 51.14% tier1
c stable glue 5    used  391098 clauses  4.87% accumulated 56.01%
c stable glue 6-12 used 2347037 clauses 29.26% accumulated 85.27%
c stable glue 13   used  218873 clauses  2.73% accumulated 88.00%
c stable glue 14   used  186423 clauses  2.32% accumulated 90.32% tier2
c
c ---- [ resources ] ---------------------------------------------------------
c
c maximum-resident-set-size:      94103404544 bytes      89744 MB
c process-time:                            35s              34.94 seconds
c
c ---- [ shutting down ] -----------------------------------------------------
c
c exit 20
