c ---- [ banner ] ------------------------------------------------------------
c
c Kissat SAT Solver
c 
c Copyright (c) 2021-2024 Armin Biere University of Freiburg
c Copyright (c) 2019-2021 Armin Biere Johannes Kepler University Linz
c 
c Version 4.0.4 8af8e56f174b778aef3aa45af9f739b2a5f492c2
c Apple clang version 17.0.0 (clang-1700.6.3.2) -W -Wall -O3 -DNDEBUG
c Mon Mar 30 18:25:47 CEST 2026 Darwin Mac 24.6.0 arm64
c
c ---- [ parsing ] -----------------------------------------------------------
c
c opened and reading DIMACS file:
c
c   tmp.cnf
c
c parsed 'p cnf 120 8960' header
c closing input after reading 175183 bytes (171 KB)
c finished parsing after 0.00 seconds
c
c ---- [ solving ] -----------------------------------------------------------
c
c seconds switched rate     size/glue tier1 binary      remaining
c        MB reductions conflicts size  tier2  irredundant
c         level restarts redundant glue  trail      variables
c
c *  0.00  3 0 0 0  0 0   0   0 0.0 0 0 0 0 0%   0 8960 120 100%
c (  0.00  3 0 0 0  0 0   0   0 0.0 0 0 0 0 0%   0 8960 120 100%
c .  0.00  3 0 0 0  0 0   0   0 0.0 0 0 0 0 0%   0 8960 120 100%
c f  0.03  4 0 0 0  0 0   0   0 0.0 0 0 0 0 0% 346 2152 269 224%
c )  0.03  4 0 0 0  0 0   0   0 0.0 0 0 0 0 0% 346 2152 269 224%
c {  0.03  4 0 0 0  0 0   0   0 0.0 0 0 2 6 0% 346 2152 269 224%
c -  0.03  4 30 0 1 54 3 1002 625 2.0 25 13 9 18 67% 349 2149 269 224%
c }  0.03  4 30 1 1 54 3 1002 625 2.0 25 13 9 18 67% 349 2149 269 224%
c [  0.03  4 0 1 1 54 0 1002 625 0.0 0 0 2 6 0% 349 2149 269 224%
c B  0.03  4 0 1 1 54 0 1002 625 0.0 0 0 2 6 0% 349 2149 269 224%
c -  0.04  4 42 1 2 54 1 2002 1422 1.3 28 21 17 27 60% 349 2149 269 224%
c W  0.04  4 42 1 2 54 1 2005 1425 1.3 28 21 17 27 60% 349 2149 269 224%
c ]  0.04  4 37 2 2 55 1 2725 1963 1.3 27 20 17 27 57% 349 2149 269 224%
c {  0.04  4 30 2 2 55 3 2725 1963 2.0 25 13 9 18 67% 349 2149 269 224%
c -  0.05  4 23 2 3 59 2 3416 2347 2.2 25 11 7 16 65% 350 2148 269 224%
c u  0.05  4 22 2 3 59 2 3653 2554 2.3 25 11 7 16 64% 350 2148 269 224%
c v  0.05  4 22 2 3 59 2 3653 2541 2.3 25 11 7 16 64% 350 2148 269 224%
c w  0.06  4 22 2 3 59 2 3653 2537 2.3 25 11 7 16 64% 350 2148 269 224%
c x  0.06  4 22 2 3 59 2 3653 2537 2.3 25 11 7 16 64% 350 2139 269 224%
c f  0.06  4 22 2 3 59 2 3653 2537 2.3 25 11 7 16 64% 393 2034 296 247%
c
c seconds  switched rate       size/glue  tier1    binary      remaining
c        MB reductions conflicts     size   tier2    irredundant
c         level restarts  redundant     glue    trail      variables
c
c u  0.06  4 22 2 3 59 2 3653 2515 2.3 25 11 7 16 64% 393 2034 296 247%
c v  0.06  4 22 2 3 59 2 3653 2491 2.3 25 11 7 16 64% 393 2034 296 247%
c w  0.06  4 22 2 3 59 2 3653 2478 2.3 25 11 7 16 64% 393 2034 296 247%
c x  0.06  4 22 2 3 59 2 3653 2478 2.3 25 11 7 16 64% 393 2026 296 247%
c }  0.07  5 21 3 3 59 2 3725 2546 2.3 24 11 7 16 65% 393 2026 296 247%
c [  0.07  5 37 3 3 59 1 3725 2546 1.3 27 20 17 27 57% 393 2026 296 247%
c I  0.07  5 32 3 3 59 1 4264 3007 1.5 26 18 17 27 60% 394 2025 296 247%
c ]  0.08  5 32 4 3 59 1 4436 3136 1.5 26 18 17 27 60% 394 2025 296 247%
c {  0.08  5 21 4 3 59 2 4436 3136 2.3 24 11 7 16 65% 394 2025 296 247%
c i  0.08  5 22 4 3 73 2 4603 3280 2.3 24 11 7 15 65% 396 2023 295 246%
c -  0.09  5 22 4 4 141 3 5149 3280 2.3 24 11 7 15 65% 398 2021 295 246%
c }  0.11  5 23 5 4 276 3 6791 4780 2.2 23 11 7 15 65% 400 2020 295 246%
c [  0.11  5 32 5 4 276 1 6791 4780 1.5 26 18 17 27 60% 400 2020 295 246%
c -  0.11  5 30 5 5 276 1 7150 4442 1.5 26 17 12 24 61% 400 2020 295 246%
c B  0.12  5 30 5 5 277 1 8036 5252 1.5 27 18 12 24 63% 400 2020 295 246%
c -  0.13  6 28 5 6 278 1 9387 5413 1.5 26 17 9 22 64% 400 2020 295 246%
c ]  0.14  6 28 6 6 278 1 9799 5757 1.5 26 17 9 22 64% 400 2020 295 246%
c {  0.14  6 23 6 6 278 3 9799 5757 2.2 23 11 7 15 65% 400 2020 295 246%
c o  0.14  6 23 6 6 290 3 10049 5978 2.2 23 11 7 15 65% 400 2020 295 246%
c u  0.16  6 22 6 6 311 3 11294 7069 2.1 22 11 7 15 65% 402 2019 295 246%
c
c seconds  switched  rate        size/glue  tier1    binary      remaining
c        MB reductions conflicts       size   tier2    irredundant
c         level restarts    redundant     glue    trail      variables
c
c v  0.16  6 22 6 6 311 3 11294 7067 2.1 22 11 7 15 65% 402 2019 295 246%
c w  0.16  6 22 6 6 311 3 11294 7066 2.1 22 11 7 15 65% 402 2019 295 246%
c x  0.17  6 22 6 6 311 3 11294 7066 2.1 22 11 7 15 65% 402 2012 295 246%
c f  0.17  6 22 6 6 311 3 11294 7066 2.1 22 11 7 15 65% 406 2004 297 248%
c u  0.17  6 22 6 6 311 3 11294 7047 2.1 22 11 7 15 65% 406 2004 297 248%
c v  0.17  6 22 6 6 311 3 11294 7045 2.1 22 11 7 15 65% 406 2004 297 248%
c w  0.17  8 22 6 6 311 3 11294 7045 2.1 22 11 7 15 65% 406 2004 297 248%
c x  0.18  8 22 6 6 311 3 11294 7045 2.1 22 11 7 15 65% 406 1989 297 248%
c -  0.18  8 22 6 7 335 3 11836 6223 2.1 22 11 6 13 65% 409 1988 297 248%
c }  0.21  9 21 7 7 383 2 13868 8088 2.0 21 11 6 13 65% 413 1988 297 248%
c [  0.21  9 28 7 7 383 1 13868 8088 1.5 26 17 9 22 64% 413 1988 297 248%
c W  0.21 10 28 7 7 383 1 13868 8088 1.5 26 17 9 22 64% 413 1988 297 248%
c -  0.22 10 28 7 8 383 1 14483 7067 1.5 27 18 9 22 64% 413 1988 297 248%
c -  0.25 11 28 7 9 385 1 17311 7452 1.5 28 18 8 22 65% 414 1987 297 248%
c s  0.27 11 28 7 9 386 1 18265 8278 1.5 28 18 8 22 66% 414 1744 297 248%
c e  0.27 11 28 7 9 386 1 18265 8278 1.5 28 18 8 22 66% 295 1828 228 190%
c ^  0.27 11 28 7 9 386 1 18265 8278 1.5 28 18 8 22 66% 295 1828 228 190%
c ]  0.27 11 28 8 9 386 1 18921 4611 1.5 28 18 8 22 66% 295 1828 228 190%
c {  0.27 11 21 8 9 386 2 18921 4611 2.0 21 11 6 13 65% 295 1828 228 190%
c o  0.29 11 21 8 9 438 2 20232 5796 2.1 21 10 6 13 66% 296 1828 228 190%
c
c seconds  switched   rate        size/glue  tier1    binary      remaining
c        MB  reductions conflicts       size   tier2    irredundant
c         level  restarts    redundant     glue    trail      variables
c
c -  0.29 11 21 8 10 462 3 20315 4837 2.1 21 10 5 12 66% 296 1828 228 190%
c u  0.33 12 20 8 10 687 3 23179 7395 2.1 21 10 5 12 67% 297 1827 228 190%
c v  0.33 12 20 8 10 687 3 23179 7388 2.1 21 10 5 12 67% 297 1827 228 190%
c w  0.34 13 20 8 10 687 3 23179 7388 2.1 21 10 5 12 67% 297 1827 228 190%
c x  0.34 13 20 8 10 687 3 23179 7388 2.1 21 10 5 12 67% 297 1821 228 190%
c f  0.36 13 20 8 10 687 3 23179 7388 2.1 21 10 5 12 67% 299 1815 230 192%
c u  0.36 14 20 8 10 687 3 23179 7362 2.1 21 10 5 12 67% 299 1815 230 192%
c v  0.36 14 20 8 10 687 3 23179 7360 2.1 21 10 5 12 67% 299 1815 230 192%
c w  0.37 14 20 8 10 687 3 23179 7360 2.1 21 10 5 12 67% 299 1815 230 192%
c x  0.37 14 20 8 10 687 3 23179 7359 2.1 21 10 5 12 67% 299 1809 230 192%
c -  0.37 14 20 8 11 714 3 23477 6711 2.0 21 10 5 12 67% 299 1809 230 192%
c }  0.39 14 20 9 11 767 3 25082 8177 2.1 21 10 5 12 67% 300 1809 230 192%
c [  0.39 14 28 9 11 767 1 25082 8177 1.5 28 18 8 22 66% 300 1809 230 192%
c O  0.39 14 28 9 11 767 1 25082 8177 1.5 28 18 8 22 66% 300 1809 230 192%
c -  0.41 14 26 9 12 768 1 26793 8300 1.6 28 18 8 21 67% 300 1809 230 192%
c -  0.45 14 26 9 13 771 1 30259 8894 1.6 28 18 8 20 68% 301 1809 230 192%
c ]  0.47 14 25 10 13 772 1 32288 10459 1.5 27 18 8 20 68% 301 1809 230 192%
c {  0.47 14 20 10 13 772 3 32288 10459 2.1 21 10 5 12 67% 301 1809 230 192%
c -  0.49 14 20 10 14 865 3 33864 9081 2.1 21 10 5 11 67% 302 1808 230 192%
c s  0.55 15 20 10 14 1129 3 37047 12019 2.1 21 10 5 11 67% 303 1737 230 192%
c
c seconds   switched    rate         size/glue  tier1    binary      remaining
c        MB   reductions  conflicts        size   tier2    irredundant
c         level    restarts     redundant     glue    trail      variables
c
c e  0.55 15 20 10 14 1129 3 37047 12019 2.1 21 10 5 11 67% 272 1788 208 173%
c ^  0.55 15 20 10 14 1129 3 37047 12019 2.1 21 10 5 11 67% 272 1788 208 173%
c -  0.56 15 20 10 15 1147 3 37607 5161 2.1 21 10 4 11 67% 272 1788 208 173%
c u  0.59 15 20 10 15 1289 3 39921 7172 2.1 21 10 4 11 67% 274 1788 208 173%
c v  0.59 15 20 10 15 1289 3 39921 7148 2.1 21 10 4 11 67% 274 1788 208 173%
c w  0.59 15 20 10 15 1289 3 39921 7136 2.1 21 10 4 11 67% 274 1788 208 173%
c x  0.60 15 20 10 15 1289 3 39921 7135 2.1 21 10 4 11 67% 275 1776 208 173%
c t  0.60 15 20 10 15 1289 3 39921 7135 2.1 21 10 4 11 67% 274 1776 208 173%
c f  0.60 15 20 10 15 1289 3 39921 7135 2.1 21 10 4 11 67% 282 1759 211 176%
c u  0.60 15 20 10 15 1289 3 39921 7052 2.1 21 10 4 11 67% 282 1759 211 176%
c v  0.61 15 20 10 15 1289 3 39921 7044 2.1 21 10 4 11 67% 282 1759 211 176%
c w  0.61 15 20 10 15 1289 3 39921 6928 2.1 21 10 4 11 67% 282 1759 211 176%
c x  0.61 15 20 10 15 1289 3 39921 6924 2.1 21 10 4 11 67% 282 1752 211 176%
c o  0.62 15 20 10 15 1309 3 40235 7223 2.1 21 10 4 11 67% 282 1752 211 176%
c }  0.63 15 20 11 15 1411 3 40915 7860 2.1 21 10 4 11 67% 282 1752 211 176%
c [  0.63 15 25 11 15 1411 1 40915 7860 1.5 27 18 8 20 68% 282 1752 211 176%
c B  0.63 15 25 11 15 1411 1 40915 7860 1.5 27 18 8 20 68% 282 1752 211 176%
c -  0.64 16 25 11 16 1411 1 41481 7261 1.5 27 18 8 20 68% 282 1752 211 176%
c -  0.68 16 25 11 17 1414 1 45483 9019 1.6 28 18 7 20 68% 282 1752 211 176%
c -  0.72 16 25 11 18 1417 1 49606 9784 1.5 27 18 7 20 68% 282 1752 211 176%
c
c seconds   switched    rate         size/glue  tier1    binary      remaining
c        MB   reductions  conflicts        size   tier2    irredundant
c         level    restarts     redundant     glue    trail      variables
c
c ]  0.76 16 24 12 18 1417 1 52325 11914 1.5 26 17 7 20 68% 282 1752 211 176%
c {  0.76 16 20 12 18 1417 3 52325 11914 2.1 21 10 4 11 67% 282 1752 211 176%
c -  0.79 16 20 12 19 1580 3 53850 10839 2.0 21 10 4 11 67% 282 1752 211 176%
c -  0.84 16 19 12 20 1646 3 58208 11598 2.0 20 10 4 10 67% 283 1752 211 176%
c u  0.92 16 19 12 20 2028 3 61607 14598 2.0 20 10 4 10 67% 285 1752 211 176%
c v  0.92 16 19 12 20 2028 3 61607 14466 2.0 20 10 4 10 67% 285 1752 211 176%
c w  0.93 16 19 12 20 2028 3 61607 14441 2.0 20 10 4 10 67% 285 1752 211 176%
c x  0.93 16 19 12 20 2028 3 61607 14438 2.0 20 10 4 10 67% 285 1736 211 176%
c t  0.97 17 19 12 20 2028 3 61607 14438 2.0 20 10 4 10 67% 284 1736 211 176%
c -  0.99 17 18 12 21 2037 3 62680 12018 2.0 20 10 4 10 67% 285 1736 211 176%
c }  1.00 17 18 13 21 2037 3 63806 12818 2.0 19 10 4 10 67% 285 1736 211 176%
c [  1.00 17 24 13 21 2037 1 63806 12818 1.5 26 17 7 20 68% 285 1736 211 176%
c W  1.00 17 24 13 21 2037 1 63806 12818 1.5 26 17 7 20 68% 285 1736 211 176%
c -  1.04 17 23 13 22 2039 1 67263 12866 1.5 26 17 7 19 68% 285 1736 211 176%
c -  1.09 18 23 13 23 2042 1 71954 12856 1.5 26 17 7 18 68% 285 1736 211 176%
c -  1.15 18 23 13 24 2044 1 76752 12262 1.5 26 17 7 19 68% 285 1736 211 176%
c s  1.17 18 23 13 24 2045 1 77983 13305 1.5 26 17 7 19 68% 285 1702 211 176%
c e  1.17 18 23 13 24 2045 1 77983 13305 1.5 26 17 7 19 68% 271 1736 198 165%
c ^  1.17 18 23 13 24 2045 1 77983 13305 1.5 26 17 7 19 68% 271 1736 198 165%
c o  1.17 18 23 13 24 2045 1 77983 7417 1.5 26 17 7 19 68% 271 1736 198 165%
c
c seconds   switched    rate        size/glue  tier1    binary      remaining
c        MB   reductions  conflicts       size   tier2    irredundant
c         level    restarts    redundant     glue    trail      variables
c
c I  1.18 18 23 13 24 2046 1 78710 8098 1.5 26 17 7 19 68% 271 1736 198 165%
c ]  1.19 18 23 14 24 2046 1 79341 8677 1.5 26 17 7 19 68% 271 1736 198 165%
c {  1.19 18 18 14 24 2046 3 79341 8677 2.0 19 10 4 10 67% 271 1736 198 165%
c -  1.23 19 18 14 25 2254 3 81650 9003 2.0 19 10 4 10 68% 271 1736 198 165%
c -  1.30 19 18 14 26 2555 3 86656 12074 1.9 19 10 4 10 67% 271 1736 198 165%
c u  1.33 19 18 14 26 2720 3 88322 13562 1.9 19 10 4 10 67% 271 1736 198 165%
c v  1.34 19 18 14 26 2720 3 88322 13521 1.9 19 10 4 10 67% 271 1736 198 165%
c w  1.35 19 18 14 26 2720 3 88322 13518 1.9 19 10 4 10 67% 271 1736 198 165%
c x  1.35 19 18 14 26 2720 3 88322 13506 1.9 19 10 4 10 67% 271 1715 198 165%
c f  1.35 19 18 14 26 2720 3 88322 13506 1.9 19 10 4 10 67% 272 1706 199 166%
c u  1.36 20 18 14 26 2720 3 88322 13476 1.9 19 10 4 10 67% 272 1706 199 166%
c v  1.37 21 18 14 26 2720 3 88322 13468 1.9 19 10 4 10 67% 272 1706 199 166%
c w  1.38 21 18 14 26 2720 3 88322 13463 1.9 19 10 4 10 67% 272 1706 199 166%
c x  1.38 21 18 14 26 2720 3 88322 13463 1.9 19 10 4 10 67% 272 1697 199 166%
c -  1.45 21 18 14 27 3014 3 91755 14099 1.9 19 10 4 10 68% 273 1697 199 166%
c }  1.48 21 17 15 27 3126 3 94057 16173 1.9 19 10 4 10 68% 273 1697 199 166%
c [  1.48 21 23 15 27 3126 1 94057 16173 1.5 26 17 7 19 68% 273 1697 199 166%
c B  1.51 21 23 15 27 3128 1 96512 18250 1.5 26 17 7 19 68% 273 1697 199 166%
c -  1.52 21 23 15 28 3128 1 96951 15211 1.5 26 17 7 18 68% 273 1697 199 166%
c -  1.59 22 24 15 29 3131 1 102243 14631 1.5 26 17 7 18 69% 273 1697 199 166%
c
c seconds   switched    rate          size/glue  tier1    binary      remaining
c        MB   reductions  conflicts         size   tier2    irredundant
c         level    restarts      redundant     glue    trail      variables
c
c -  1.65 22 23 15 30 3134 1 107628 14306 1.5 25 17 7 18 68% 273 1697 199 166%
c ]  1.71 22 23 16 30 3137 1 111852 17710 1.5 25 16 7 18 68% 273 1697 199 166%
c {  1.71 22 17 16 30 3137 3 111852 17710 1.9 19 10 4 10 68% 273 1697 199 166%
c -  1.74 22 17 16 31 3263 3 113105 14635 1.9 19 10 3 9 68% 273 1697 199 166%
c o  1.85 22 18 16 31 3740 3 117993 19117 1.9 19 10 3 9 68% 273 1697 199 166%
c -  1.86 22 18 16 32 3817 3 118672 16054 1.9 19 10 3 9 68% 273 1697 199 166%
c u  1.91 22 18 16 32 4040 3 120372 17474 1.9 19 10 3 9 67% 275 1697 199 166%
c v  1.92 22 18 16 32 4040 3 120372 17423 1.9 19 10 3 9 67% 275 1697 199 166%
c w  1.93 22 18 16 32 4040 3 120372 17188 1.9 19 10 3 9 67% 275 1697 199 166%
c x  1.94 22 18 16 32 4040 3 120372 17187 1.9 19 10 3 9 67% 275 1692 199 166%
c -  2.03 22 18 16 33 4514 3 124328 16803 1.9 19 10 3 9 67% 276 1692 199 166%
c -  2.17 22 18 16 34 5166 3 130075 17876 1.9 19 10 3 9 67% 276 1692 199 166%
c }  2.17 22 18 17 34 5166 3 130189 17977 1.9 19 10 3 9 67% 276 1692 199 166%
c [  2.17 22 23 17 34 5166 1 130189 17977 1.5 25 16 7 18 68% 276 1692 199 166%
c W  2.18 22 23 17 34 5166 1 130189 17977 1.5 25 16 7 18 68% 276 1692 199 166%
c -  2.25 22 22 17 35 5170 1 135906 17508 1.5 25 16 6 17 68% 276 1692 199 166%
c -  2.33 23 22 17 36 5172 1 141822 16675 1.5 24 16 6 17 68% 276 1692 199 166%
c s  2.36 23 22 17 36 5174 1 144214 18728 1.5 24 16 6 17 68% 276 1673 199 166%
c e  2.37 23 22 17 36 5174 1 144214 18728 1.5 24 16 6 17 68% 245 1765 182 152%
c ^  2.37 23 22 17 36 5174 1 144214 18728 1.5 24 16 6 17 68% 245 1765 182 152%
c
c seconds   switched    rate         size/glue  tier1    binary      remaining
c        MB   reductions  conflicts        size   tier2    irredundant
c         level    restarts     redundant     glue    trail      variables
c
c -  2.40 23 22 17 37 5177 1 147822 9604 1.5 24 16 6 17 68% 245 1765 182 152%
c -  2.47 23 21 17 38 5179 1 153905 11702 1.5 24 16 6 16 68% 245 1765 182 152%
c O  2.47 23 21 17 38 5179 1 154419 12136 1.5 24 16 6 16 68% 245 1765 182 152%
c u  2.52 23 21 17 38 5180 1 157837 14601 1.5 24 15 6 16 68% 245 1765 182 152%
c v  2.53 23 21 17 38 5180 1 157837 14508 1.5 24 15 6 16 68% 245 1765 182 152%
c w  2.54 24 21 17 38 5180 1 157837 13808 1.5 24 15 6 16 68% 245 1765 182 152%
c x  2.55 24 21 17 38 5180 1 157837 13803 1.5 24 15 6 16 68% 245 1759 182 152%
c -  2.57 24 21 17 39 5180 1 160069 12868 1.5 24 15 6 16 68% 245 1759 182 152%
c -  2.64 24 21 17 40 5183 1 166313 13483 1.5 23 15 6 16 68% 245 1759 182 152%
c ]  2.65 24 21 18 40 5184 1 167547 14511 1.5 23 15 6 16 68% 245 1759 182 152%
c {  2.65 24 18 18 40 5184 3 167547 14511 1.9 19 10 3 9 67% 245 1759 182 152%
c o  2.67 24 17 18 40 5199 3 168860 15686 1.9 19 10 3 9 67% 245 1759 182 152%
c -  2.72 24 17 18 41 5228 3 172638 15604 1.9 19 10 3 9 67% 245 1759 182 152%
c -  2.80 24 16 18 42 5270 2 179041 17859 1.9 19 10 3 9 67% 245 1759 182 152%
c -  2.88 24 16 18 43 5296 2 185521 19162 2.0 19 10 3 9 68% 245 1759 182 152%
c }  2.94 24 16 19 43 5331 2 189892 23144 2.0 19 10 3 9 68% 245 1759 182 152%
c [  2.94 24 21 19 43 5331 1 189892 23144 1.5 23 15 6 16 68% 245 1759 182 152%
c B  2.94 24 21 19 43 5331 1 189892 23144 1.5 23 15 6 16 68% 245 1759 182 152%
c -  2.97 24 20 19 44 5333 1 192079 19659 1.5 23 15 6 16 68% 245 1759 182 152%
c -  3.05 24 20 19 45 5337 1 198714 18318 1.5 23 15 6 16 68% 245 1759 182 152%
c
c seconds   switched    rate          size/glue  tier1    binary      remaining
c        MB   reductions  conflicts         size   tier2    irredundant
c         level    restarts      redundant     glue    trail      variables
c
c u  3.08 24 20 19 45 5337 1 200675 19640 1.5 23 15 6 16 68% 245 1759 182 152%
c v  3.09 24 20 19 45 5337 1 200675 19028 1.5 23 15 6 16 68% 245 1759 182 152%
c w  3.10 26 20 19 45 5337 1 200675 18103 1.5 23 15 6 16 68% 245 1759 182 152%
c x  3.11 26 20 19 45 5337 1 200675 18102 1.5 23 15 6 16 68% 245 1759 182 152%
c -  3.26 27 20 19 46 5340 1 205424 15252 1.5 22 15 5 16 68% 245 1759 182 152%
c ]  3.34 27 19 20 46 5344 1 211716 19443 1.5 22 14 5 16 68% 245 1759 182 152%
c {  3.34 27 16 20 46 5344 2 211716 19443 2.0 19 10 3 9 68% 245 1759 182 152%
c -  3.35 27 16 20 47 5373 2 212206 16026 2.0 19 10 3 9 68% 245 1759 182 152%
c -  3.46 27 15 20 48 5748 2 219061 17975 2.0 19 10 3 9 68% 246 1759 182 152%
c -  3.58 27 15 20 49 6223 2 225989 19237 1.9 19 10 3 9 68% 246 1759 182 152%
c o  3.64 27 15 20 49 6413 2 229400 21908 1.9 19 10 3 9 68% 246 1759 182 152%
c -  3.70 27 15 20 50 6644 2 232991 19962 1.9 19 10 3 9 68% 246 1759 182 152%
c s  3.81 27 15 20 50 7175 2 238301 24532 1.9 18 10 3 9 68% 246 1758 182 152%
c e  3.82 27 15 20 50 7175 2 238301 24532 1.9 18 10 3 9 68% 205 1907 165 138%
c ^  3.82 27 15 20 50 7175 2 238301 24532 1.9 18 10 3 9 68% 205 1907 165 138%
c }  3.82 27 15 21 50 7175 2 238457 10449 1.9 18 10 3 9 68% 205 1907 165 138%
c [  3.82 27 19 21 50 7175 1 238457 10449 1.5 22 14 5 16 68% 205 1907 165 138%
c W  3.82 27 19 21 50 7175 1 238457 10449 1.5 22 14 5 16 68% 205 1907 165 138%
c -  3.84 28 19 21 51 7176 1 240063 9762 1.5 22 14 5 15 68% 205 1907 165 138%
c -  3.91 28 20 21 52 7181 1 247205 11174 1.5 22 15 5 15 68% 205 1907 165 138%
c
c seconds   switched    rate          size/glue  tier1    binary      remaining
c        MB   reductions  conflicts         size   tier2    irredundant
c         level    restarts      redundant     glue    trail      variables
c
c u  3.96 28 20 21 52 7181 1 249167 12356 1.5 22 15 5 15 68% 205 1907 165 138%
c v  3.98 28 20 21 52 7181 1 249167 12079 1.5 22 15 5 15 68% 205 1907 165 138%
c w  3.99 28 20 21 52 7181 1 249167 11923 1.5 22 15 5 15 68% 205 1907 165 138%
c -  4.05 28 20 21 53 7184 1 254416 10928 1.5 22 15 5 16 68% 205 1907 165 138%
c -  4.13 28 20 21 54 7188 1 261697 12561 1.5 22 15 5 16 68% 205 1907 165 138%
c -  4.22 28 20 21 55 7189 1 269046 14891 1.5 22 15 6 16 68% 205 1907 165 138%
c I  4.26 28 20 21 55 7192 1 273808 18588 1.5 22 15 6 16 68% 205 1907 165 138%
c -  4.30 29 19 21 56 7193 1 276462 16261 1.5 22 15 6 15 68% 205 1907 165 138%
c ]  4.34 29 19 22 56 7196 1 280659 19552 1.5 22 15 6 15 68% 205 1907 165 138%
c {  4.34 29 15 22 56 7196 2 280659 19552 1.9 18 10 3 9 68% 205 1907 165 138%
c -  4.40 29 15 22 57 7236 2 283945 17513 1.9 18 10 3 9 68% 205 1907 165 138%
c -  4.51 29 15 22 58 7293 2 291494 18536 1.9 18 10 3 9 68% 205 1907 165 138%
c -  4.62 29 15 22 59 7381 2 299112 19507 1.9 18 9 3 9 68% 206 1907 165 138%
c o  4.63 29 15 22 59 7414 2 299435 19768 1.9 18 9 3 9 68% 206 1907 165 138%
c u  4.70 30 14 22 59 7455 2 302972 22266 1.9 18 9 3 9 68% 206 1907 165 138%
c v  4.72 30 14 22 59 7455 2 302972 20826 1.9 18 9 3 9 68% 206 1907 165 138%
c w  4.72 30 14 22 59 7455 2 302972 20324 1.9 18 9 3 9 68% 206 1907 165 138%
c x  4.73 30 14 22 59 7455 2 302972 20322 1.9 18 9 3 9 68% 206 1901 165 138%
c -  4.80 31 14 22 60 7538 2 306795 19699 1.9 17 9 3 9 68% 206 1901 165 138%
c }  4.88 31 14 23 60 7634 2 312176 23799 1.8 17 9 3 9 68% 206 1901 165 138%
c
c seconds   switched    rate          size/glue  tier1    binary      remaining
c        MB   reductions  conflicts         size   tier2    irredundant
c         level    restarts      redundant     glue    trail      variables
c
c [  4.88 31 19 23 60 7634 1 312176 23799 1.5 22 15 6 15 68% 206 1901 165 138%
c B  4.89 31 19 23 60 7635 1 313248 24583 1.5 22 15 6 15 68% 206 1901 165 138%
c -  4.91 31 19 23 61 7636 1 314540 20503 1.5 22 15 5 15 68% 206 1901 165 138%
c -  5.00 31 19 23 62 7640 1 322350 20378 1.5 21 14 5 15 68% 206 1901 165 138%
c -  5.09 31 19 23 63 7645 1 330224 19996 1.5 21 14 5 15 68% 206 1901 165 138%
c -  5.19 32 19 23 64 7648 1 338162 19878 1.5 21 14 5 15 68% 206 1901 165 138%
c -  5.31 32 19 23 65 7650 1 346162 19125 1.5 21 14 5 15 69% 206 1901 165 138%
c ]  5.37 32 19 24 65 7652 1 350040 22213 1.5 21 14 5 15 69% 206 1901 165 138%
c {  5.37 32 14 24 65 7652 2 350040 22213 1.8 17 9 3 9 68% 206 1901 165 138%
c -  5.44 32 14 24 66 7871 2 354225 20355 1.8 17 9 3 9 68% 207 1901 165 138%
c s  5.56 32 14 24 66 8193 2 361777 26364 1.8 17 9 3 9 68% 208 1900 165 138%
c e  5.57 32 14 24 66 8193 2 361777 26364 1.8 17 9 3 9 68% 184 2058 154 128%
c !  5.57 32 14 24 66 8193 2 361777 26364 1.8 17 9 3 9 68% 184 2058 154 128%
c -  5.58 32 14 24 67 8236 2 362349 10763 1.8 17 9 3 9 68% 184 2058 154 128%
c u  5.59 32 14 24 67 8240 2 362629 10563 1.8 17 9 3 9 68% 186 2058 154 128%
c v  5.61 32 14 24 67 8240 2 362629 10360 1.8 17 9 3 9 68% 186 2058 154 128%
c w  5.62 32 14 24 67 8240 2 362629 10332 1.8 17 9 3 9 68% 186 2058 154 128%
c x  5.63 32 14 24 67 8240 2 362629 10330 1.8 17 9 3 9 68% 186 2048 154 128%
c t  5.63 32 14 24 67 8240 2 362629 10330 1.8 17 9 3 9 68% 184 2048 154 128%
c f  5.63 33 14 24 67 8240 2 362629 10330 1.8 17 9 3 9 68% 195 1999 156 130%
c
c seconds   switched    rate         size/glue tier1   binary      remaining
c        MB   reductions  conflicts        size  tier2   irredundant
c         level    restarts     redundant    glue   trail      variables
c
c u  5.66 34 14 24 67 8240 2 362629 9976 1.8 17 9 3 9 68% 197 1999 156 130%
c v  5.68 34 14 24 67 8240 2 362629 9676 1.8 17 9 3 9 68% 197 1999 156 130%
c w  5.69 34 14 24 67 8240 2 362629 9625 1.8 17 9 3 9 68% 197 1999 156 130%
c t  5.69 34 14 24 67 8240 2 362629 9625 1.8 17 9 3 9 68% 195 1999 156 130%
c -  5.80 35 14 24 68 8922 2 370534 14510 1.8 17 9 3 9 68% 195 1999 156 130%
c -  5.90 35 14 24 69 9288 2 378782 18338 1.8 16 9 3 9 68% 195 1999 156 130%
c o  5.91 35 14 24 69 9314 2 379682 19043 1.8 16 9 3 9 68% 195 1999 156 130%
c }  6.01 35 14 25 69 9803 2 386717 24860 1.8 16 9 3 9 69% 196 1999 156 130%
c [  6.01 35 19 25 69 9803 1 386717 24860 1.5 21 14 5 15 69% 196 1999 156 130%
c W  6.01 35 19 25 69 9803 1 386717 24860 1.5 21 14 5 15 69% 196 1999 156 130%
c -  6.02 36 19 25 70 9803 1 387089 20251 1.5 21 14 5 15 69% 196 1999 156 130%
c -  6.11 37 18 25 71 9809 1 395455 20878 1.5 21 14 5 15 69% 196 1999 156 130%
c -  6.20 37 18 25 72 9813 1 403882 20357 1.5 21 14 5 15 69% 196 1999 156 130%
c -  6.30 37 18 25 73 9817 1 412368 19684 1.5 21 14 5 15 69% 196 1999 156 130%
c -  6.40 37 18 25 74 9819 1 420912 18775 1.5 20 14 5 14 69% 196 1999 156 130%
c u  6.49 38 18 25 74 9823 1 427809 23925 1.5 20 14 5 14 69% 196 1999 156 130%
c v  6.51 38 18 25 74 9823 1 427809 23740 1.5 20 14 5 14 69% 197 1999 156 130%
c w  6.52 38 18 25 74 9823 1 427809 18936 1.5 20 14 5 14 69% 197 1999 156 130%
c x  6.53 38 18 25 74 9823 1 427809 18936 1.5 20 14 5 14 69% 197 1997 156 130%
c t  6.53 38 18 25 74 9823 1 427809 18936 1.5 20 14 5 14 69% 196 1997 156 130%
c
c seconds   switched    rate          size/glue  tier1    binary      remaining
c        MB   reductions  conflicts         size   tier2    irredundant
c         level    restarts      redundant     glue    trail      variables
c
c -  6.55 38 18 25 75 9824 1 429514 15986 1.5 20 14 5 14 69% 196 1997 156 130%
c ]  6.58 38 18 26 75 9825 1 432517 18340 1.5 20 14 5 14 69% 196 1997 156 130%
c {  6.58 38 14 26 75 9825 2 432517 18340 1.8 16 9 3 9 69% 196 1997 156 130%
c -  6.66 38 14 26 76 9950 2 438175 18601 1.8 16 9 3 9 69% 197 1997 156 130%
c i  6.71 38 13 26 76 9959 2 441722 21051 1.8 16 9 3 9 69% 206 1997 155 129%
c -  6.79 38 13 26 77 10370 2 446892 14692 1.8 16 9 3 9 69% 191 1997 155 129%
c -  6.89 38 13 26 78 10589 2 455666 18476 1.8 16 9 3 9 69% 192 1997 155 129%
c -  7.02 38 13 26 79 11127 2 464502 21956 1.7 16 9 3 8 69% 192 1997 155 129%
c o  7.10 38 13 26 79 11352 2 470781 26609 1.7 15 9 3 8 68% 192 1997 155 129%
c -  7.14 38 13 26 80 11495 2 473390 23195 1.7 15 9 3 8 68% 192 1997 155 129%
c }  7.16 38 13 27 80 11540 2 474737 24203 1.7 15 9 3 8 68% 192 1997 155 129%
c [  7.16 38 18 27 80 11540 1 474737 24203 1.5 20 14 5 14 69% 192 1997 155 129%
c O  7.16 38 18 27 80 11540 1 474737 24203 1.5 20 14 5 14 69% 192 1997 155 129%
c -  7.24 38 18 27 81 11545 1 482334 22843 1.5 21 14 5 14 69% 192 1997 155 129%
c -  7.35 38 18 27 82 11550 1 491334 21572 1.5 21 14 5 14 69% 192 1997 155 129%
c u  7.46 41 18 27 82 11553 1 499010 27380 1.5 21 14 5 14 69% 205 1986 155 129%
c v  7.49 41 18 27 82 11553 1 499010 27067 1.5 21 14 5 14 69% 205 1986 155 129%
c w  7.50 42 18 27 82 11553 1 499010 27020 1.5 21 14 5 14 69% 205 1986 155 129%
c t  7.65 47 18 27 82 11553 1 499010 27020 1.5 21 14 5 14 69% 203 1986 155 129%
c -  7.67 47 18 27 83 11554 1 500389 21570 1.5 21 14 5 14 69% 203 1986 155 129%
c
c seconds   switched     rate          size/glue  tier1    binary      remaining
c        MB   reductions   conflicts         size   tier2    irredundant
c         level    restarts       redundant     glue    trail      variables
c
c -  7.77 47 17 27 84 11556 1 509499 23375 1.5 20 13 5 14 69% 203 1986 155 129%
c s  7.85 47 17 27 84 11561 1 516174 28640 1.5 20 13 5 14 69% 203 1961 155 129%
c -  7.89 47 17 27 85 11561 1 518664 24173 1.5 20 13 5 14 69% 203 1961 155 129%
c ]  7.94 47 17 28 85 11564 1 522234 26865 1.6 20 13 5 14 69% 204 1961 155 129%
c {  7.94 47 13 28 85 11564 2 522234 26865 1.7 15 9 3 8 68% 204 1961 155 129%
c i  8.01 47 13 28 85 11586 2 527319 30445 1.7 15 9 3 8 68% 212 1961 154 128%
c -  8.02 47 13 28 86 11588 2 527883 13328 1.7 15 9 3 8 68% 199 1961 154 128%
c -  8.14 47 13 28 87 12047 2 537159 18177 1.7 15 9 3 8 68% 200 1961 154 128%
c i  8.20 47 13 28 87 12080 2 541725 21406 1.7 15 9 3 8 68% 212 1961 153 128%
c -  8.26 47 13 28 88 12283 2 546487 18803 1.7 15 9 3 8 68% 190 1961 153 128%
c i  8.31 47 12 28 88 12289 2 550652 21567 1.7 15 9 3 8 68% 202 1961 152 127%
c -  8.37 47 12 28 89 12448 2 555869 17498 1.7 15 9 3 8 68% 185 1961 152 127%
c -  8.49 47 12 28 90 12810 2 565305 20921 1.7 14 9 3 8 68% 185 1961 152 127%
c }  8.56 47 12 29 90 13227 2 570372 24886 1.7 14 9 3 8 68% 185 1961 152 127%
c [  8.56 47 17 29 90 13227 1 570372 24886 1.6 20 13 5 14 69% 185 1961 152 127%
c B  8.56 47 17 29 90 13227 1 570372 24886 1.6 20 13 5 14 69% 185 1961 152 127%
c -  8.61 47 17 29 91 13230 1 574792 24283 1.5 20 13 5 14 69% 185 1961 152 127%
c u  8.65 47 17 29 91 13231 1 576361 24757 1.5 20 13 5 14 69% 212 1934 152 127%
c v  8.68 47 17 29 91 13231 1 576361 24519 1.5 20 13 5 14 69% 212 1934 152 127%
c w  8.70 47 17 29 91 13231 1 576361 24429 1.5 20 13 5 14 69% 212 1934 152 127%
c
c seconds   switched     rate          size/glue  tier1    binary      remaining
c        MB   reductions   conflicts         size   tier2    irredundant
c         level    restarts       redundant     glue    trail      variables
c
c o  8.70 47 17 29 91 13231 1 576361 24429 1.5 20 13 5 14 69% 212 1934 152 127%
c -  8.78 47 17 29 92 13235 1 584332 23862 1.5 20 13 5 14 68% 212 1934 152 127%
c -  8.88 47 17 29 93 13240 1 593923 23923 1.5 19 13 5 14 68% 212 1934 152 127%
c -  9.00 47 16 29 94 13242 1 603568 24255 1.5 19 12 4 14 68% 213 1934 152 127%
c -  9.10 47 16 29 95 13248 1 613264 23398 1.5 19 13 4 14 67% 213 1934 152 127%
c -  9.21 47 17 29 96 13254 1 623011 21537 1.5 19 13 4 14 67% 213 1934 152 127%
c W  9.27 47 16 29 96 13256 1 627958 25390 1.5 19 13 4 14 67% 213 1934 152 127%
c ]  9.27 47 16 30 96 13256 1 628117 25510 1.5 19 13 4 14 67% 213 1934 152 127%
c {  9.27 47 12 30 96 13256 2 628117 25510 1.7 14 9 3 8 68% 213 1934 152 127%
c i  9.30 47 12 30 96 13298 2 630163 26914 1.7 14 9 3 8 68% 221 1934 151 126%
c -  9.34 47 12 30 97 13407 2 632810 21428 1.7 14 9 3 8 68% 215 1923 151 126%
c -  9.49 47 12 30 98 13906 2 642658 24082 1.7 14 9 3 8 68% 215 1923 151 126%
c -  9.66 47 12 30 99 14425 2 652557 26286 1.6 14 9 3 8 67% 216 1922 151 126%
c u  9.80 47 12 30 99 14785 2 660202 31857 1.6 14 9 3 8 67% 218 1922 151 126%
c v  9.83 47 12 30 99 14785 2 660202 31752 1.6 14 9 3 8 67% 217 1922 151 126%
c w  9.84 47 12 30 99 14785 2 660202 31685 1.6 14 9 3 8 67% 217 1922 151 126%
c x  9.85 47 12 30 99 14785 2 660202 31632 1.6 14 9 3 8 67% 217 1862 151 126%
c -  9.89 47 12 30 100 14952 2 662506 27513 1.6 14 9 3 8 67% 217 1862 151 126%
c - 10.04 47 12 30 101 15282 2 672506 28306 1.6 14 9 3 8 67% 217 1862 151 126%
c } 10.18 47 12 31 101 15565 2 682552 35563 1.6 14 8 3 8 67% 217 1862 151 126%
c
c seconds   switched      rate          size/glue  tier1    binary      remaining
c        MB   reductions    conflicts         size   tier2    irredundant
c         level     restarts       redundant     glue    trail      variables
c
c [ 10.18 47 16 31 101 15565 1 682552 35563 1.5 19 13 4 14 67% 217 1862 151 126%
c - 10.18 47 16 31 102 15565 1 682555 28699 1.5 19 13 4 14 67% 217 1862 151 126%
c I 10.27 47 16 31 102 15570 1 690508 34634 1.5 19 13 4 14 67% 218 1862 151 126%
c o 10.27 47 16 31 102 15570 1 690508 34634 1.5 19 13 4 14 67% 218 1862 151 126%
c - 10.29 47 16 31 103 15571 1 692654 29187 1.5 19 12 4 14 67% 218 1862 151 126%
c - 10.40 47 16 31 104 15577 1 702804 27945 1.5 19 12 4 13 67% 219 1862 151 126%
c s 10.44 47 16 31 104 15578 1 706150 30306 1.5 18 12 4 13 67% 219 1776 151 126%
c e 10.44 47 16 31 104 15578 1 706150 30306 1.5 18 12 4 13 67% 211 1812 149 124%
c - 10.51 47 16 31 105 15579 1 713003 23471 1.5 18 12 4 13 67% 212 1812 149 124%
c i 10.54 47 15 31 105 15581 1 716677 25963 1.5 18 12 4 13 67% 217 1812 148 123%
c - 10.62 47 16 31 106 15585 1 723250 15153 1.5 18 12 4 13 67% 207 1812 148 123%
c - 10.73 47 16 31 107 15591 1 733545 18552 1.5 18 12 4 13 66% 207 1812 148 123%
c - 10.84 47 16 31 108 15594 1 743892 21605 1.5 18 12 4 13 66% 207 1812 148 123%
c u 10.95 47 16 31 108 15595 1 750876 25895 1.5 18 12 4 13 66% 219 1800 148 123%
c v 10.98 47 16 31 108 15595 1 750876 25449 1.5 18 12 4 13 66% 219 1800 148 123%
c w 11.00 47 16 31 108 15595 1 750876 23912 1.5 18 12 4 13 66% 219 1800 148 123%
c f 11.00 47 16 31 108 15595 1 750876 23912 1.5 18 12 4 13 66% 220 1782 149 124%
c u 11.02 47 16 31 108 15595 1 750876 23647 1.5 18 12 4 13 66% 220 1782 149 124%
c v 11.05 47 16 31 108 15595 1 750876 23606 1.5 18 12 4 13 66% 220 1782 149 124%
c w 11.07 47 16 31 108 15595 1 750876 22622 1.5 18 12 4 13 66% 220 1782 149 124%
c
c seconds   switched      rate          size/glue  tier1    binary      remaining
c        MB   reductions    conflicts         size   tier2    irredundant
c         level     restarts       redundant     glue    trail      variables
c
c x 11.08 47 16 31 108 15595 1 750876 22579 1.5 18 12 4 13 66% 223 1691 149 124%
c t 11.08 47 16 31 108 15595 1 750876 22579 1.5 18 12 4 13 66% 220 1691 149 124%
c - 11.13 47 16 31 109 15595 1 754286 20659 1.5 18 12 4 13 66% 220 1691 149 124%
c B 11.16 47 16 31 109 15595 1 758190 23220 1.5 18 12 4 13 66% 220 1691 149 124%
c ] 11.19 47 16 32 109 15595 1 760637 24915 1.5 18 12 4 13 66% 220 1691 149 124%
c { 11.19 47 12 32 109 15595 2 760637 24915 1.6 14 8 3 8 67% 220 1691 149 124%
c - 11.24 47 12 32 110 15672 2 764727 23841 1.6 14 8 3 8 67% 221 1691 149 124%
c i 11.32 47 12 32 110 15707 2 772189 29055 1.6 13 8 3 8 67% 232 1691 142 118%
c - 11.36 47 12 32 111 15801 2 775215 15957 1.6 13 8 3 8 67% 215 1691 142 118%
c i 11.46 47 11 32 111 15853 2 784112 21917 1.6 13 8 3 8 66% 234 1691 136 113%
c i 11.46 47 11 32 111 15853 2 784463 22202 1.6 13 8 3 8 66% 234 1691 134 112%
c i 11.46 47 11 32 111 15853 2 784572 22246 1.6 13 8 3 8 66% 242 1691 131 109%
c i 11.46 47 11 32 111 15853 2 784807 22383 1.6 13 8 3 8 66% 244 1691 129 108%
c i 11.47 47 11 32 111 15853 2 785221 22634 1.6 13 8 3 8 66% 250 1691 122 102%
c i 11.47 47 11 32 111 15853 2 785345 22684 1.6 13 8 3 8 66% 258 1691 121 101%
c i 11.47 47 11 32 111 15853 1 785605 22869 1.6 13 8 3 8 66% 263 1691 116 97%
c i 11.47 47 11 32 111 15853 1 785616 22870 1.6 13 8 3 8 66% 265 1691 111 92%
c i 11.47 47 11 32 111 15853 1 785620 22870 1.6 13 8 3 8 66% 266 1691 110 92%
c i 11.47 47 11 32 111 15853 1 785626 22868 1.6 13 8 3 8 66% 269 1691 97 81%
c i 11.47 47 11 32 111 15853 1 785629 22868 1.6 13 8 3 8 66% 271 1691 91 76%
c
c seconds   switched      rate          size/glue tier1   binary     remaining
c        MB   reductions    conflicts         size  tier2   irredundant
c         level     restarts       redundant    glue   trail     variables
c
c } 11.47 47 11 32 111 15853 1 785632 22868 1.6 13 8 3 8 66% 272 1691 67 56%
c 0 11.47 47 11 32 111 15853 1 785632 22868 1.6 13 8 3 8 66% 272 1691 67 56%
c
c ---- [ result ] ------------------------------------------------------------
c
s UNSATISFIABLE
c
c ---- [ profiling ] ---------------------------------------------------------
c
c          10.18   88.72 %  search
c           5.25   45.77 %  focused
c           4.93   42.96 %  stable
c           1.27   11.05 %  simplify
c           1.25   10.91 %  probe
c           0.90    7.89 %  vivify
c           0.30    2.62 %  sweep
c           0.17    1.48 %  reduce
c           0.03    0.23 %  substitute
c           0.03    0.23 %  eliminate
c           0.02    0.21 %  preprocess
c           0.02    0.14 %  factor
c           0.01    0.12 %  walking
c           0.01    0.07 %  subsume
c           0.00    0.02 %  congruence
c           0.00    0.01 %  parse
c           0.00    0.01 %  transitive
c           0.00    0.00 %  backbone
c           0.00    0.00 %  lucky
c =============================================
c          11.47  100.00 %  total
c
c ---- [ statistics ] --------------------------------------------------------
c
c conflicts:                           785632            68478.97 per second
c decisions:                          1130439                1.44 per conflict
c eliminated:                             151              126 %  variables
c factored:                               187              156 %  variables
c iterations:                              20               17 %  variables
c propagations:                      22262765          1940516    per second
c reductions:                             111             7078    interval
c reordered:                               12            65469    interval
c rephased:                                22            35711    interval
c restarts:                             15853               50    interval
c subsumed:                               479                0 %  checks
c switched:                                32            24551    interval
c vivified:                             28273               58 %  checks
c walks:                                    7           112233    interval
c
c ---- [ glue usage ] --------------------------------------------------------
c
c focused glue 3   used 368670 clauses 17.23% accumulated 60.44% tier1
c focused glue 4   used 230047 clauses 10.75% accumulated 71.19%
c focused glue 5-6 used 264791 clauses 12.38% accumulated 83.57%
c focused glue 7   used  98099 clauses  4.59% accumulated 88.15%
c focused glue 8   used  77168 clauses  3.61% accumulated 91.76% tier2
c
c stable glue 4    used 230605 clauses  8.69% accumulated 52.02% tier1
c stable glue 5    used 169358 clauses  6.38% accumulated 58.40%
c stable glue 6-11 used 727083 clauses 27.39% accumulated 85.79%
c stable glue 12   used  73329 clauses  2.76% accumulated 88.56%
c stable glue 13   used  62752 clauses  2.36% accumulated 90.92% tier2
c
c ---- [ resources ] ---------------------------------------------------------
c
c maximum-resident-set-size:      50918850560 bytes      48560 MB
c process-time:                            11s              11.47 seconds
c
c ---- [ shutting down ] -----------------------------------------------------
c
c exit 20
