c ---- [ banner ] ------------------------------------------------------------
c
c Kissat SAT Solver
c 
c Copyright (c) 2021-2024 Armin Biere University of Freiburg
c Copyright (c) 2019-2021 Armin Biere Johannes Kepler University Linz
c 
c Version 4.0.4 8af8e56f174b778aef3aa45af9f739b2a5f492c2
c gcc (Ubuntu 13.3.0-6ubuntu2~24.04.1) 13.3.0 -W -Wall -O3 -DNDEBUG
c Wed Apr 15 16:07:08 EEST 2026 Linux cluster-4 6.17.0-14-generic x86_64
c
c ---- [ parsing ] -----------------------------------------------------------
c
c opened and reading DIMACS file:
c
c   tmp.cnf
c
c parsed 'p cnf 276 777975' header
c closing input after reading 23783105 bytes (23 MB)
c finished parsing after 0.19 seconds
c
c ---- [ solving ] -----------------------------------------------------------
c
c seconds switched rate     size/glue tier1 binary        remaining
c        MB reductions conflicts size  tier2   irredundant
c         level restarts redundant glue  trail        variables
c
c *  0.19 54 0 0 0  0 0   0   0 0.0 0 0 0 0 0%   0 777975 270 100%
c (  0.37 109 0 0 0  0 0   0   0 0.0 0 0 0 0 0%   0 777975 270 100%
c .  0.37 109 0 0 0  0 0   0   0 0.0 0 0 0 0 0%   0 777975 270 100%
c f  0.81 44 0 0 0  0 0   0   0 0.0 0 0 0 0 0% 713 737980 613 227%
c )  0.83 65 0 0 0  0 0   0   0 0.0 0 0 0 0 0% 713 737980 613 227%
c {  0.90 87 0 0 0  0 0   0   0 0.0 0 0 2 6 0% 713 737980 613 227%
c -  2.21 86 16 0 1 44 2 1001 585 1.5 13 9 7 11 26% 713 737980 613 227%
c }  2.21 86 16 1 1 44 2 1001 585 1.5 13 9 7 11 26% 713 737980 613 227%
c [  2.21 86 0 1 1 44 0 1001 585 0.0 0 0 2 6 0% 713 737980 613 227%
c B  2.21 86 0 1 1 44 0 1001 585 0.0 0 0 2 6 0% 713 737980 613 227%
c -  2.71 80 146 1 2 44 1 2001 1396 1.2 24 19 13 26 50% 713 737980 613 227%
c W  2.79 96 146 1 2 44 1 2005 1400 1.2 24 19 13 26 50% 713 737980 613 227%
c u  3.68 87 87 1 2 45 1 2840 2135 1.3 21 16 12 24 44% 713 737980 613 227%
c v  3.80 91 87 1 2 45 1 2840 2132 1.3 21 16 12 24 44% 713 737980 613 227%
c w  3.84 91 87 1 2 45 1 2840 2132 1.3 21 16 12 24 44% 713 737980 613 227%
c ]  4.03 76 87 2 2 45 1 2843 2135 1.3 21 16 12 24 44% 713 737980 613 227%
c {  4.03 76 16 2 2 45 2 2843 2135 1.5 13 9 7 11 26% 713 737980 613 227%
c -  5.58 82 16 2 3 197 2 3415 2551 1.5 14 9 8 12 28% 713 737980 613 227%
c }  5.91 86 16 3 3 200 2 3844 2964 1.6 15 9 8 12 29% 713 737980 613 227%
c [  5.91 86 87 3 3 200 1 3844 2964 1.3 21 16 12 24 44% 713 737980 613 227%
c
c seconds  switched  rate       size/glue  tier1     binary        remaining
c        MB reductions conflicts      size    tier2     irredundant
c         level restarts   redundant     glue     trail        variables
c
c I  6.18 86 73 3 3 200 1 4264 3350 1.4 20 15 12 24 42% 713 737980 613 227%
c -  7.72 83 57 3 4 201 1 5148 3644 1.4 19 14 10 20 37% 713 737980 613 227%
c ]  7.76 86 56 4 4 201 1 5166 3655 1.4 19 14 10 20 37% 713 737980 613 227%
c {  7.76 86 16 4 4 201 2 5166 3655 1.6 15 9 8 12 29% 713 737980 613 227%
c -  8.56 78 13 4 5 267 2 7149 4375 1.6 13 9 7 11 26% 713 737980 613 227%
c }  8.62 79 13 5 5 288 2 7521 4668 1.5 13 9 7 11 26% 713 737980 613 227%
c [  8.62 79 56 5 5 288 1 7521 4668 1.4 19 14 10 20 37% 713 737980 613 227%
c B  9.00 87 50 5 5 288 1 8037 5042 1.4 18 13 10 20 35% 713 737980 613 227%
c ]  9.57 86 46 6 5 289 1 8720 5684 1.4 19 13 10 20 35% 713 737980 613 227%
c {  9.57 86 13 6 5 289 2 8720 5684 1.5 13 9 7 11 26% 713 737980 613 227%
c u  9.94 95 13 6 5 290 2 8746 5706 1.5 13 9 7 11 26% 713 737980 613 227%
c v 10.18 100 13 6 5 290 2 8746 5706 1.5 13 9 7 11 26% 713 737980 613 227%
c w 10.27 101 13 6 5 290 2 8746 5702 1.5 13 9 7 11 26% 713 737980 613 227%
c - 11.74 108 13 6 6 297 2 9385 5077 1.5 13 8 7 11 25% 713 737980 613 227%
c - 14.58 114 12 6 7 324 2 11836 6017 1.5 12 8 7 10 26% 713 737980 613 227%
c } 15.62 114 12 7 7 324 2 12789 6761 1.5 12 8 7 10 26% 713 737980 613 227%
c [ 15.62 114 46 7 7 324 1 12789 6761 1.4 19 13 10 20 35% 713 737980 613 227%
c W 16.57 122 41 7 7 324 1 13567 7397 1.4 18 13 10 20 34% 713 737980 613 227%
c o 16.59 122 41 7 7 324 1 13567 7397 1.4 18 13 10 20 34% 713 737980 613 227%
c s 17.13 109 39 7 7 325 1 14199 7972 1.4 18 13 10 20 35% 713 736835 613 227%
c
c seconds   switched  rate        size/glue  tier1     binary        remaining
c         MB reductions conflicts       size    tier2     irredundant
c          level restarts    redundant     glue     trail        variables
c
c e 17.21 129 39 7 7 325 1 14199 7972 1.4 18 13 10 20 35% 412 729419 353 131%
c s 17.54 129 39 7 7 325 1 14199 7972 1.4 18 13 10 20 35% 412 729100 353 131%
c ^ 17.58 129 39 7 7 325 1 14199 7972 1.4 18 13 10 20 35% 412 729100 353 131%
c - 17.80 107 39 7 8 325 1 14484 7156 1.4 18 13 10 21 35% 412 729100 353 131%
c - 19.76 115 32 7 9 327 1 17312 8604 1.4 18 13 9 18 39% 412 729100 353 131%
c u 20.75 127 31 7 9 327 1 17920 9111 1.4 18 13 9 18 40% 412 729100 353 131%
c v 21.02 131 31 7 9 327 1 17920 9083 1.4 18 13 9 18 40% 412 729100 353 131%
c w 21.14 133 31 7 9 327 1 17920 9081 1.4 18 13 9 18 40% 412 729100 353 131%
c f 21.60 74 31 7 9 327 1 17920 9081 1.4 18 13 9 18 40% 532 728620 413 153%
c u 22.20 123 31 7 9 327 1 17920 8936 1.4 18 13 9 18 40% 532 728620 413 153%
c v 22.68 130 31 7 9 327 1 17920 8891 1.4 18 13 9 18 40% 532 728620 413 153%
c w 22.81 130 31 7 9 327 1 17920 8884 1.4 18 13 9 18 40% 532 728620 413 153%
c ] 23.52 117 30 8 9 328 1 18805 9682 1.4 18 13 9 18 41% 532 728620 413 153%
c { 23.52 117 12 8 9 328 2 18805 9682 1.5 12 8 7 10 26% 532 728620 413 153%
c - 24.81 112 12 8 10 465 2 20312 9839 1.5 12 8 7 10 27% 532 728620 413 153%
c - 28.02 110 12 8 11 736 2 23475 10816 1.5 12 8 7 10 31% 532 728620 413 153%
c } 29.35 114 11 9 11 754 2 24967 11800 1.5 12 8 7 10 31% 532 728620 413 153%
c [ 29.35 114 30 9 11 754 1 24967 11800 1.4 18 13 9 18 41% 532 728620 413 153%
c O 29.35 114 30 9 11 754 1 24967 11800 1.4 18 13 9 18 41% 532 728620 413 153%
c o 29.37 114 30 9 11 754 1 24967 11800 1.4 18 13 9 18 41% 532 728620 413 153%
c
c seconds   switched   rate         size/glue  tier1    binary        remaining
c         MB  reductions conflicts        size   tier2     irredundant
c          level  restarts     redundant     glue    trail        variables
c
c - 29.90 118 27 9 12 755 1 26791 11962 1.5 18 12 9 17 43% 532 728620 413 153%
c s 30.72 107 26 9 12 756 1 28374 13390 1.5 18 12 9 17 44% 532 728601 413 153%
c e 30.80 132 26 9 12 756 1 28374 13390 1.5 18 12 9 17 44% 487 728638 358 133%
c ^ 31.10 132 26 9 12 756 1 28374 13390 1.5 18 12 9 17 44% 487 728638 358 133%
c - 32.48 116 25 9 13 758 1 30255 12125 1.5 18 12 9 16 44% 487 728638 358 133%
c u 33.09 118 25 9 13 758 1 30536 12345 1.5 18 12 9 16 45% 487 728638 358 133%
c v 33.62 126 25 9 13 758 1 30536 12080 1.5 18 12 9 16 45% 487 728638 358 133%
c w 33.80 128 25 9 13 758 1 30536 12070 1.5 18 12 9 16 45% 487 728638 358 133%
c f 34.90 64 25 9 13 758 1 30536 12070 1.5 18 12 9 16 45% 503 728575 371 137%
c u 35.26 110 25 9 13 758 1 30536 12062 1.5 18 12 9 16 45% 503 728575 371 137%
c v 35.61 112 25 9 13 758 1 30536 12050 1.5 18 12 9 16 45% 503 728575 371 137%
c w 35.71 113 25 9 13 758 1 30536 12049 1.5 18 12 9 16 45% 503 728575 371 137%
c x 36.09 113 25 9 13 758 1 30536 12049 1.5 18 12 9 16 45% 503 728452 371 137%
c - 37.72 101 23 9 14 760 1 33860 13538 1.5 17 12 8 15 45% 503 728452 371 137%
c B 38.50 103 22 9 14 760 1 34728 14217 1.5 17 12 8 15 46% 503 728452 371 137%
c ] 39.30 101 22 10 14 760 1 35269 14697 1.5 17 12 8 15 46% 503 728452 371 137%
c { 39.30 101 11 10 14 760 2 35269 14697 1.5 12 8 7 10 31% 503 728452 371 137%
c - 41.52 103 11 10 15 965 2 37601 14846 1.5 12 8 7 10 33% 503 728452 371 137%
c - 44.73 102 12 10 16 1301 2 41473 15713 1.5 12 8 7 10 34% 503 728452 371 137%
c } 46.57 105 12 11 16 1554 2 43896 17573 1.5 12 8 7 10 35% 503 728452 371 137%
c
c seconds    switched    rate         size/glue  tier1    binary        remaining
c         MB   reductions  conflicts        size   tier2     irredundant
c          level    restarts     redundant     glue    trail        variables
c
c [ 46.57 105 22 11 16 1554 1 43896 17573 1.5 17 12 8 15 46% 503 728452 371 137%
c - 47.12 110 21 11 17 1555 1 45473 16990 1.5 17 12 8 15 46% 503 728452 371 137%
c u 48.03 121 21 11 17 1556 1 46781 17900 1.5 17 11 8 15 46% 503 728452 371 137%
c v 48.51 126 21 11 17 1556 1 46781 17868 1.5 17 11 8 15 46% 503 728452 371 137%
c w 48.70 126 21 11 17 1556 1 46781 17867 1.5 17 11 8 15 46% 503 728452 371 137%
c o 48.77 126 21 11 17 1556 1 46781 17867 1.5 17 11 8 15 46% 503 728452 371 137%
c W 48.97 96 21 11 17 1556 1 46952 18027 1.5 17 11 8 15 46% 503 728452 371 137%
c - 49.91 83 21 11 18 1558 1 49597 18273 1.5 17 12 8 15 47% 503 728452 371 137%
c - 51.54 84 21 11 19 1560 1 53840 19609 1.5 18 12 8 16 49% 503 728452 371 137%
c - 53.12 87 20 11 20 1562 1 58198 21204 1.5 18 12 8 16 50% 503 728452 371 137%
c s 53.95 92 20 11 20 1563 1 59105 22033 1.5 18 12 8 16 51% 503 727935 371 137%
c e 54.02 109 20 11 20 1563 1 59105 22033 1.5 18 12 8 16 51% 489 727974 351 130%
c s 54.49 109 20 11 20 1563 1 59105 22033 1.5 18 12 8 16 51% 489 727932 351 130%
c ^ 54.53 109 20 11 20 1563 1 59105 22033 1.5 18 12 8 16 51% 489 727932 351 130%
c ] 54.78 88 20 12 20 1563 1 59422 20468 1.5 18 12 8 16 51% 489 727932 351 130%
c { 54.78 88 12 12 20 1563 2 59422 20468 1.5 12 8 7 10 35% 489 727932 351 130%
c - 57.35 91 11 12 21 1672 2 62672 20806 1.5 12 8 7 10 35% 489 727932 351 130%
c u 62.36 103 11 12 21 1874 2 66768 23749 1.5 11 8 6 10 36% 490 727932 351 130%
c v 62.89 109 11 12 21 1874 2 66768 23665 1.5 11 8 6 10 36% 490 727932 351 130%
c w 63.03 109 11 12 21 1874 2 66768 23423 1.5 11 8 6 10 36% 490 727932 351 130%
c
c seconds    switched    rate         size/glue tier1    binary        remaining
c         MB   reductions  conflicts        size  tier2     irredundant
c          level    restarts     redundant    glue    trail        variables
c
c x 63.46 110 11 12 21 1874 2 66768 23422 1.5 11 8 6 10 36% 490 727392 351 130%
c f 63.53 53 11 12 21 1874 2 66768 23422 1.5 11 8 6 10 36% 492 727379 353 131%
c u 64.05 105 11 12 21 1874 2 66768 23147 1.5 11 8 6 10 36% 492 727379 353 131%
c v 64.56 106 11 12 21 1874 2 66768 22689 1.5 11 8 6 10 36% 493 727379 353 131%
c w 64.69 108 11 12 21 1874 2 66768 22677 1.5 11 8 6 10 36% 493 727379 353 131%
c x 65.14 109 11 12 21 1874 2 66768 22677 1.5 11 8 6 10 36% 493 726963 353 131%
c t 66.46 107 11 12 21 1874 2 66768 22677 1.5 11 8 6 10 36% 492 726963 353 131%
c - 67.08 98 12 12 22 1935 2 67255 18288 1.5 11 8 6 10 37% 492 726963 353 131%
c } 70.68 94 11 13 22 2022 2 70901 20834 1.5 11 8 6 10 37% 493 726963 353 131%
c [ 70.68 94 20 13 22 2022 1 70901 20834 1.5 18 12 8 16 51% 493 726963 353 131%
c I 70.68 94 20 13 22 2022 1 70901 20834 1.5 18 12 8 16 51% 493 726963 353 131%
c - 71.32 91 20 13 23 2023 1 71947 18710 1.5 18 12 8 16 51% 493 726963 353 131%
c - 74.30 78 20 13 24 2026 1 76746 20022 1.5 18 12 8 16 51% 493 726963 353 131%
c - 78.31 100 19 13 25 2028 1 81645 21750 1.5 18 12 8 15 51% 493 726963 353 131%
c ] 81.31 98 19 14 25 2031 1 85891 25295 1.5 18 12 8 15 51% 493 726963 353 131%
c { 81.31 98 11 14 25 2031 2 85891 25295 1.5 11 8 6 10 37% 493 726963 353 131%
c o 81.49 88 11 14 25 2041 2 86061 25433 1.5 11 8 6 10 37% 493 726963 353 131%
c - 81.77 81 11 14 26 2090 2 86645 23203 1.5 11 8 6 9 37% 493 726963 353 131%
c u 86.42 90 11 14 26 2411 2 90639 25485 1.4 11 8 6 9 38% 495 726963 353 131%
c v 87.23 105 11 14 26 2411 2 90639 25058 1.4 11 8 6 9 38% 495 726963 353 131%
c
c seconds    switched    rate         size/glue tier1   binary        remaining
c         MB   reductions  conflicts        size  tier2    irredundant
c          level    restarts     redundant    glue   trail        variables
c
c w 87.46 107 11 14 26 2411 2 90639 25028 1.4 11 8 6 9 38% 495 726963 353 131%
c x 88.05 109 11 14 26 2411 2 90639 25026 1.4 11 8 6 9 38% 495 725918 353 131%
c t 88.10 109 11 14 26 2411 2 90639 25026 1.4 11 8 6 9 38% 494 725918 353 131%
c - 88.87 94 11 14 27 2555 2 91744 23131 1.4 11 8 6 10 38% 494 725918 353 131%
c - 91.66 95 11 14 28 2778 2 96943 23672 1.4 11 8 6 9 38% 495 725918 353 131%
c i 94.60 95 11 14 28 2986 2 100221 26321 1.4 11 8 6 9 39% 503 725918 346 128%
c } 95.22 98 11 15 28 3034 2 100606 26584 1.4 11 8 6 9 39% 503 725918 346 128%
c [ 95.22 98 19 15 28 3034 1 100606 26584 1.5 18 12 8 15 51% 503 725918 346 128%
c B 95.22 98 19 15 28 3034 1 100606 26584 1.5 18 12 8 15 51% 503 725918 346 128%
c - 95.75 84 19 15 29 3035 1 102235 24069 1.5 18 12 8 15 51% 480 725918 346 128%
c - 97.69 90 18 15 30 3039 1 107620 26391 1.5 18 12 8 15 52% 480 725918 346 128%
c s 99.11 90 18 15 30 3039 1 108601 27254 1.5 18 12 8 15 52% 480 695548 346 128%
c e 99.19 106 18 15 30 3039 1 108601 27254 1.5 18 12 8 15 52% 440 695689 316 117%
c s 100.20 106 18 15 30 3039 1 108601 27254 1.5 18 12 8 15 52% 440 695060 316 117%
c ^ 100.24 106 18 15 30 3039 1 108601 27254 1.5 18 12 8 15 52% 440 695060 316 117%
c - 101.72 93 18 15 31 3041 1 113097 24861 1.5 18 12 8 15 53% 440 695060 316 117%
c u 104.80 108 18 15 31 3045 1 118525 29293 1.5 18 12 8 15 53% 440 695060 316 117%
c v 105.28 94 18 15 31 3045 1 118525 28943 1.5 18 12 8 15 53% 441 695060 316 117%
c w 105.44 96 18 15 31 3045 1 118525 28937 1.5 18 12 8 15 53% 441 695060 316 117%
c x 105.87 103 18 15 31 3045 1 118525 28932 1.5 18 12 8 15 53% 441 693594 316 117%
c
c seconds     switched    rate          size/glue  tier1    binary        remaining
c          MB   reductions  conflicts         size   tier2     irredundant
c           level    restarts      redundant     glue    trail        variables
c
c t 105.92 103 18 15 31 3045 1 118525 28932 1.5 18 12 8 15 53% 440 693594 316 117%
c f 105.94 55 18 15 31 3045 1 118525 28932 1.5 18 12 8 15 53% 443 693582 317 117%
c u 106.62 91 18 15 31 3045 1 118525 28816 1.5 18 12 8 15 53% 443 693582 317 117%
c v 107.19 101 18 15 31 3045 1 118525 28807 1.5 18 12 8 15 53% 443 693582 317 117%
c w 107.38 102 18 15 31 3045 1 118525 28804 1.5 18 12 8 15 53% 443 693582 317 117%
c x 107.88 102 18 15 31 3045 1 118525 28804 1.5 18 12 8 15 53% 443 692939 317 117%
c - 107.98 80 18 15 32 3045 1 118664 26856 1.5 18 12 8 15 53% 443 692939 317 117%
c W 109.25 90 18 15 32 3047 1 121518 29463 1.6 18 11 8 15 53% 443 692939 317 117%
c - 110.07 81 18 15 33 3047 1 124320 28698 1.6 18 11 8 14 54% 443 692939 317 117%
c ] 110.44 82 18 16 33 3048 1 125668 29894 1.6 18 11 8 14 54% 443 692939 317 117%
c { 110.44 82 11 16 33 3048 2 125668 29894 1.4 11 8 6 9 39% 443 692939 317 117%
c o 110.81 87 11 16 33 3109 2 126142 30242 1.4 11 8 6 9 39% 443 692939 317 117%
c - 113.60 89 11 16 34 3465 2 130065 29192 1.4 11 8 6 9 40% 443 692939 317 117%
c - 118.31 80 11 16 35 3803 2 135896 29665 1.4 11 8 6 9 41% 443 692939 317 117%
c caught signal 15 (SIGTERM)
c
c ---- [ profiling ] ---------------------------------------------------------
c
c          94.19   78.52 %  search
c          54.28   45.25 %  focused
c          39.91   33.27 %  stable
c          24.87   20.73 %  simplify
c          20.30   16.92 %  probe
c          15.40   12.83 %  vivify
c           4.67    3.89 %  eliminate
c           4.16    3.47 %  subsume
c           2.94    2.45 %  sweep
c           1.21    1.01 %  substitute
c           0.52    0.43 %  factor
c           0.46    0.39 %  preprocess
c           0.37    0.31 %  walking
c           0.26    0.21 %  reduce
c           0.25    0.21 %  lucky
c           0.19    0.16 %  congruence
c           0.19    0.16 %  parse
c           0.04    0.03 %  transitive
c           0.00    0.00 %  backbone
c =============================================
c         119.96  100.00 %  total
c
c ---- [ statistics ] --------------------------------------------------------
c
c conflicts:                           138568             1155.09 per second
c decisions:                           199710                1.44 per conflict
c eliminated:                             365              135 %  variables
c factored:                               419              155 %  variables
c iterations:                               1                0 %  variables
c propagations:                       7272203            60620    per second
c reductions:                              35             3959    interval
c reordered:                                5            27714    interval
c rephased:                                11            12597    interval
c restarts:                              3908               35    interval
c subsumed:                             33041                0 %  checks
c switched:                                16             8660    interval
c vivified:                             10909               83 %  checks
c walks:                                    4            34642    interval
c
c ---- [ glue usage ] --------------------------------------------------------
c
c focused glue 6 used 17905 clauses 16.83% accumulated 60.39% tier1
c focused glue 7 used 15780 clauses 14.83% accumulated 75.22%
c focused glue 8 used 10908 clauses 10.25% accumulated 85.48%
c focused glue 9 used  6431 clauses  6.05% accumulated 91.52% tier2
c
c stable glue 8     used 18175 clauses  9.13% accumulated 58.77% tier1
c stable glue 9     used 15042 clauses  7.55% accumulated 66.33%
c stable glue 10-12 used 32713 clauses 16.42% accumulated 82.75%
c stable glue 13    used  7970 clauses  4.00% accumulated 86.75%
c stable glue 14    used  6726 clauses  3.38% accumulated 90.13% tier2
c
c ---- [ resources ] ---------------------------------------------------------
c
c maximum-resident-set-size:        164278272 bytes        157 MB
c process-time:                             2m             119.96 seconds
c raising signal 15 (SIGTERM)
