c ---- [ banner ] ------------------------------------------------------------
c
c Kissat SAT Solver
c 
c Copyright (c) 2021-2024 Armin Biere University of Freiburg
c Copyright (c) 2019-2021 Armin Biere Johannes Kepler University Linz
c 
c Version 4.0.4 8af8e56f174b778aef3aa45af9f739b2a5f492c2
c gcc (Ubuntu 13.3.0-6ubuntu2~24.04.1) 13.3.0 -W -Wall -O3 -DNDEBUG
c Wed Apr 15 20:10:47 EEST 2026 Linux cluster-4 6.17.0-14-generic x86_64
c
c ---- [ parsing ] -----------------------------------------------------------
c
c opened and reading DIMACS file:
c
c   tmp.cnf
c
c parsed 'p cnf 325 460460' header
c closing input after reading 19585643 bytes (19 MB)
c finished parsing after 0.13 seconds
c
c ---- [ solving ] -----------------------------------------------------------
c
c seconds switched rate     size/glue tier1 binary        remaining
c        MB reductions conflicts size  tier2   irredundant
c         level restarts redundant glue  trail        variables
c
c *  0.13 36 0 0 0  0 0   0   0 0.0 0 0 0 0 0%   0 460460 325 100%
c (  0.17 57 0 0 0  0 0   0   0 0.0 0 0 0 0 0%   0 460460 325 100%
c .  0.17 57 0 0 0  0 0   0   0 0.0 0 0 0 0 0%   0 460460 325 100%
c f  2.32 37 0 0 0  0 0   0   0 0.0 0 0 0 0 0%  37 380916 328 101%
c )  2.33 45 0 0 0  0 0   0   0 0.0 0 0 0 0 0%  37 380916 328 101%
c {  2.34 48 0 0 0  0 0   0   0 0.0 0 0 2 6 0%  37 380916 328 101%
c i  2.38 51 18 0 0  2 2 436 319 1.5 11 8 6 12 33%  49 380911 310 95%
c -  2.55 53 18 0 1 83 3 1000 403 2.4 19 8 6 10 47%  20 380911 310 95%
c }  2.55 53 18 1 1 83 3 1000 403 2.4 19 8 6 10 47%  20 380911 310 95%
c [  2.55 53 0 1 1 83 0 1000 403 0.0 0 0 2 6 0%  20 380911 310 95%
c B  2.55 53 65 1 1 83 46 1001 404 3.0 36 12 2 6 97%  20 380911 310 95%
c -  2.71 54 56 1 2 83 2 2001 1247 1.9 44 23 13 32 64%  20 380911 310 95%
c W  2.76 61 56 1 2 83 2 2002 1248 1.9 44 23 13 32 64%  20 341873 310 95%
c ]  2.78 45 56 2 2 84 2 2131 1364 1.8 44 24 13 32 63%  20 341873 310 95%
c {  2.78 45 18 2 2 84 3 2131 1364 2.4 19 8 6 10 47%  20 341873 310 95%
c u  2.97 53 22 2 2 267 5 2653 1799 1.9 18 10 6 12 41%  34 341859 310 95%
c v  3.00 53 22 2 2 267 5 2653 1797 1.9 18 10 6 12 41%  34 341859 310 95%
c w  3.02 53 22 2 2 267 5 2653 1797 1.9 18 10 6 12 41%  34 341859 310 95%
c x  3.06 44 22 2 2 267 5 2653 1797 1.9 18 10 6 12 41%  42 341689 310 95%
c }  3.29 46 23 3 2 347 5 3131 2207 1.8 18 10 6 12 39%  45 341686 310 95%
c
c seconds  switched  rate       size/glue  tier1     binary        remaining
c        MB reductions conflicts      size    tier2     irredundant
c         level restarts   redundant     glue     trail        variables
c
c [  3.29 46 56 3 2 347 2 3131 2207 1.8 44 24 13 32 63%  45 341686 310 95%
c -  3.34 49 48 3 3 347 2 3417 2282 1.8 38 21 11 32 59%  45 341686 310 95%
c I  3.43 51 37 3 3 348 2 4261 3025 1.9 31 17 11 32 54%  45 341686 310 95%
c -  3.53 53 33 3 4 348 2 5151 3389 2.1 31 15 9 24 56%  46 341685 310 95%
c ]  3.56 54 34 4 4 349 2 5455 3677 2.0 32 16 9 24 57%  46 341685 310 95%
c {  3.56 54 23 4 4 349 5 5455 3677 1.8 18 10 6 12 39%  46 341685 310 95%
c -  3.78 50 20 4 5 423 4 7155 4610 2.7 26 10 7 12 53%  46 341685 310 95%
c }  3.83 50 19 5 5 423 3 7807 5236 3.1 29 9 7 12 55%  46 341685 310 95%
c [  3.83 50 34 5 5 423 2 7807 5236 2.0 32 16 9 24 57%  46 341685 310 95%
c B  3.84 50 33 5 5 423 2 8032 5449 2.1 32 15 9 24 58%  46 341685 310 95%
c u  3.94 47 33 5 5 423 2 8120 5518 2.1 32 16 9 24 58%  46 341685 310 95%
c v  3.97 47 33 5 5 423 2 8120 5515 2.1 32 16 9 24 58%  46 341685 310 95%
c w  4.00 48 33 5 5 423 2 8120 5515 2.1 32 16 9 24 58%  46 341685 310 95%
c x  4.04 48 33 5 5 423 2 8120 5515 2.1 32 16 9 24 58%  68 341040 310 95%
c -  4.26 50 37 5 6 424 2 9393 5628 1.8 33 18 10 31 58%  68 341040 310 95%
c ]  4.34 50 38 6 6 425 2 10450 6526 1.7 34 20 10 31 58%  68 341040 310 95%
c {  4.34 50 19 6 6 425 3 10450 6526 3.1 29 9 7 12 55%  68 341040 310 95%
c o  4.36 50 19 6 6 429 3 10467 6543 3.1 29 9 7 12 55%  68 341040 310 95%
c i  4.37 51 19 6 6 431 3 10532 6561 3.1 28 9 7 12 55%  80 341040 309 95%
c -  4.50 52 18 6 7 434 3 11842 6300 3.6 31 9 6 11 57%  67 341040 309 95%
c
c seconds  switched  rate        size/glue tier1    binary        remaining
c        MB reductions conflicts       size  tier2     irredundant
c         level restarts    redundant    glue    trail        variables
c
c s  4.68 53 17 6 7 437 3 13259 7646 4.0 34 8 6 11 60%  67 337089 309 95%
c e  4.74 65 17 6 7 437 3 13259 7646 4.0 34 8 6 11 60%  67 245376 297 91%
c ^  4.81 65 17 6 7 437 3 13259 7646 4.0 34 8 6 11 60%  67 245376 297 91%
c -  4.95 48 17 6 8 437 2 14487 7522 4.0 33 8 6 10 59%  67 245376 297 91%
c }  4.95 48 17 7 8 437 2 14519 7554 4.0 33 8 6 10 59%  67 245376 297 91%
c [  4.95 48 38 7 8 437 2 14519 7554 1.7 34 20 10 31 58%  67 245376 297 91%
c W  4.99 68 38 7 8 437 2 14519 7554 1.7 34 20 10 31 58%  67 245376 297 91%
c u  5.23 64 38 7 8 439 2 16609 9436 1.8 35 20 10 31 59%  68 245376 297 91%
c v  5.26 64 38 7 8 439 2 16609 9433 1.8 35 20 10 31 59%  68 245376 297 91%
c w  5.29 64 38 7 8 439 2 16609 9433 1.8 35 20 10 31 59%  68 245376 297 91%
c -  5.43 65 37 7 9 439 2 17315 8665 1.7 35 20 10 30 58%  68 245376 297 91%
c ]  5.54 65 37 8 9 440 2 18804 9995 1.7 35 20 10 30 58%  69 245375 297 91%
c {  5.54 65 17 8 9 440 2 18804 9995 4.0 33 8 6 10 59%  69 245375 297 91%
c -  5.75 66 16 8 10 645 3 20316 9848 3.7 30 8 6 10 58%  77 245369 297 91%
c o  5.78 66 16 8 10 654 3 20473 9989 3.6 30 8 6 10 58%  77 245369 297 91%
c -  6.36 66 17 8 11 979 3 23478 10883 3.3 28 8 6 10 55%  91 245355 297 91%
c }  6.47 65 16 9 11 1009 3 24964 12241 3.4 28 8 6 10 55%  91 245355 297 91%
c [  6.47 65 37 9 11 1009 2 24964 12241 1.7 35 20 10 30 58%  91 245355 297 91%
c O  6.47 65 37 9 11 1009 2 24964 12241 1.7 35 20 10 30 58%  91 245355 297 91%
c s  6.71 64 37 9 11 1010 2 26101 13278 1.7 34 20 10 30 58%  91 244812 297 91%
c
c seconds  switched    rate         size/glue  tier1     binary        remaining
c        MB  reductions  conflicts        size    tier2     irredundant
c         level   restarts     redundant     glue     trail        variables
c
c ^  6.81 71 37 9 11 1010 2 26101 13278 1.7 34 20 10 30 58%  91 244812 297 91%
c -  6.89 63 36 9 12 1010 2 26798 11927 1.7 34 20 10 29 58%  91 244812 297 91%
c u  7.07 65 35 9 12 1011 2 28041 12993 1.7 33 19 10 29 58%  91 244812 297 91%
c v  7.13 65 35 9 12 1011 2 28041 12982 1.7 33 19 10 29 58%  91 244812 297 91%
c w  7.16 65 35 9 12 1011 2 28041 12976 1.7 33 19 10 29 58%  91 244812 297 91%
c f  7.21 53 35 9 12 1011 2 28041 12976 1.7 33 19 10 29 58%  93 242432 298 92%
c u  7.30 51 35 9 12 1011 2 28041 12961 1.7 33 19 10 29 58%  93 242432 298 92%
c v  7.35 51 35 9 12 1011 2 28041 12936 1.7 33 19 10 29 58%  93 242432 298 92%
c w  7.38 51 35 9 12 1011 2 28041 12936 1.7 33 19 10 29 58%  93 242432 298 92%
c f  7.53 53 35 9 12 1011 2 28041 12936 1.7 33 19 10 29 58%  94 240373 299 92%
c -  7.71 63 34 9 13 1013 2 30263 12939 1.8 33 19 10 26 59%  94 240373 299 92%
c -  7.92 64 32 9 14 1015 2 33869 14237 1.8 33 18 9 24 60%  94 240373 299 92%
c ]  7.95 64 32 10 14 1015 2 34413 14708 1.9 33 18 9 24 60%  94 240373 299 92%
c {  7.95 64 16 10 14 1015 3 34413 14708 3.4 28 8 6 10 55%  94 240373 299 92%
c -  8.42 65 16 10 15 1214 3 37611 15434 3.3 27 8 6 10 54%  98 240370 299 92%
c i  8.71 65 16 10 15 1350 3 39262 16865 3.2 26 8 6 10 53% 127 240356 298 92%
c i  8.97 63 16 10 15 1456 3 40898 18165 3.1 25 8 6 10 52% 158 240333 297 91%
c o  8.98 63 16 10 15 1456 3 40898 18165 3.1 25 8 6 10 52% 158 240333 297 91%
c -  9.07 66 16 10 16 1498 3 41484 14971 3.0 24 8 6 10 52% 125 240329 297 91%
c u  9.55 66 16 10 16 1726 3 42741 16052 2.9 24 8 6 10 51% 142 236316 297 91%
c
c seconds   switched    rate         size/glue tier1    binary        remaining
c        MB   reductions  conflicts        size  tier2     irredundant
c         level    restarts     redundant    glue    trail        variables
c
c v  9.63 67 16 10 16 1726 3 42741 16039 2.9 24 8 6 10 51% 142 236316 297 91%
c w  9.67 67 16 10 16 1726 3 42741 16039 2.9 24 8 6 10 51% 142 236316 297 91%
c f  9.73 53 16 10 16 1726 3 42741 16039 2.9 24 8 6 10 51% 143 233446 298 92%
c u  9.84 62 16 10 16 1726 3 42741 16022 2.9 24 8 6 10 51% 143 233446 298 92%
c v  9.93 63 16 10 16 1726 3 42741 16001 2.9 24 8 6 10 51% 144 233446 298 92%
c w  9.97 63 16 10 16 1726 3 42741 15995 2.9 24 8 6 10 51% 144 233446 298 92%
c f 10.02 53 16 10 16 1726 3 42741 15995 2.9 24 8 6 10 51% 146 231104 299 92%
c } 10.08 63 16 11 16 1754 3 43043 16242 2.9 24 8 6 10 51% 152 231099 299 92%
c [ 10.08 63 32 11 16 1754 2 43043 16242 1.9 33 18 9 24 60% 152 231099 299 92%
c B 10.08 63 32 11 16 1754 2 43043 16242 1.9 33 18 9 24 60% 152 231099 299 92%
c - 10.25 65 31 11 17 1756 2 45484 16351 1.9 33 17 9 23 59% 152 231099 299 92%
c - 10.55 60 29 11 18 1759 2 49608 18164 2.0 33 17 8 21 59% 153 231098 299 92%
c - 10.91 65 28 11 19 1760 2 53851 19343 1.9 31 16 8 20 57% 155 231096 299 92%
c s 11.02 65 28 11 19 1760 2 53939 19413 1.9 31 16 8 20 57% 174 229335 299 92%
c s 11.14 71 28 11 19 1760 2 53939 19413 1.9 31 16 8 20 57% 174 229071 299 92%
c ^ 11.16 71 28 11 19 1760 2 53939 19413 1.9 31 16 8 20 57% 174 229071 299 92%
c W 11.33 67 28 11 19 1760 2 55266 20561 2.0 32 16 8 20 56% 175 229070 299 92%
c - 11.53 63 28 11 20 1763 2 58209 20403 2.0 33 16 8 20 57% 175 229070 299 92%
c ] 11.57 63 27 12 20 1763 2 58799 20961 2.1 33 16 8 20 57% 175 229070 299 92%
c { 11.57 63 16 12 20 1763 3 58799 20961 2.9 24 8 6 10 51% 175 229070 299 92%
c
c seconds   switched    rate         size/glue tier1    binary        remaining
c        MB   reductions  conflicts        size  tier2     irredundant
c         level    restarts     redundant    glue    trail        variables
c
c u 11.85 66 16 12 20 1886 3 60790 22783 2.9 24 8 6 10 51% 177 229068 299 92%
c v 11.91 66 16 12 20 1886 3 60790 22767 2.9 24 8 6 10 51% 177 229068 299 92%
c w 11.94 67 16 12 20 1886 3 60790 22765 2.9 24 8 6 10 51% 177 229068 299 92%
c f 12.04 53 16 12 20 1886 3 60790 22765 2.9 24 8 6 10 51% 178 227018 300 92%
c u 12.16 51 16 12 20 1886 3 60790 22745 2.9 24 8 6 10 51% 178 227018 300 92%
c v 12.25 51 16 12 20 1886 3 60790 22728 2.9 24 8 6 10 51% 178 227018 300 92%
c w 12.29 51 16 12 20 1886 3 60790 22724 2.9 24 8 6 10 51% 178 227018 300 92%
c f 12.68 53 16 12 20 1886 3 60790 22724 2.9 24 8 6 10 51% 181 223382 301 93%
c - 13.02 64 16 12 21 2003 3 62683 21882 2.9 24 8 6 10 52% 187 223376 301 93%
c i 13.04 65 16 12 21 2007 3 63011 22118 2.9 24 8 6 10 51% 196 223371 300 92%
c i 13.34 60 16 12 21 2120 3 64935 23672 2.8 23 8 6 10 51% 215 223357 299 92%
c i 13.69 64 16 12 21 2207 3 67238 25432 2.8 22 8 5 10 50% 243 223339 298 92%
c - 13.73 65 16 12 22 2211 3 67265 17586 2.8 22 8 5 10 50% 181 218427 298 92%
c i 13.94 62 16 12 22 2312 3 68845 18849 2.7 21 8 5 10 50% 199 218418 297 91%
c i 14.04 65 15 12 22 2347 3 69886 19674 2.7 21 8 5 10 50% 211 218411 296 91%
c } 14.12 65 15 13 22 2386 3 70281 20029 2.7 21 8 5 10 50% 211 218411 296 91%
c [ 14.12 65 27 13 22 2386 2 70281 20029 2.1 33 16 8 20 57% 211 218411 296 91%
c I 14.12 65 27 13 22 2386 2 70281 20029 2.1 33 16 8 20 57% 211 218411 296 91%
c - 14.26 62 27 13 23 2387 2 71955 16422 2.1 33 16 8 20 58% 187 218411 296 91%
c - 14.59 64 26 13 24 2391 2 76750 18879 2.3 34 15 8 19 59% 187 218411 296 91%
c
c seconds   switched    rate         size/glue  tier1    binary        remaining
c        MB   reductions  conflicts        size   tier2     irredundant
c         level    restarts     redundant     glue    trail        variables
c
c - 14.92 64 25 13 25 2392 2 81650 21292 2.3 34 15 8 18 60% 187 218411 296 91%
c u 15.13 66 24 13 25 2392 2 82304 21887 2.4 34 14 8 18 60% 188 215169 296 91%
c v 15.27 66 24 13 25 2392 2 82304 21848 2.4 34 14 8 18 60% 188 215169 296 91%
c w 15.31 66 24 13 25 2392 2 82304 21821 2.4 34 14 8 18 60% 188 215169 296 91%
c f 15.38 52 24 13 25 2392 2 82304 21821 2.4 34 14 8 18 60% 192 212076 297 91%
c u 15.52 61 24 13 25 2392 2 82304 21818 2.4 34 14 8 18 60% 192 212076 297 91%
c v 15.63 62 24 13 25 2392 2 82304 21800 2.4 34 14 8 18 60% 192 212076 297 91%
c w 15.67 62 24 13 25 2392 2 82304 21796 2.4 34 14 8 18 60% 192 212076 297 91%
c f 15.74 52 24 13 25 2392 2 82304 21796 2.4 34 14 8 18 60% 197 209084 298 92%
c o 15.75 58 24 13 25 2392 2 82304 21796 2.4 34 14 8 18 60% 197 209084 298 92%
c - 16.01 62 25 13 26 2395 2 86650 21923 2.4 35 15 7 18 60% 197 209084 298 92%
c B 16.11 62 25 13 26 2397 2 88084 23262 2.4 35 15 7 18 60% 197 209084 298 92%
c ] 16.13 63 26 14 26 2397 2 88210 23384 2.4 35 15 7 18 60% 197 209084 298 92%
c { 16.13 63 15 14 26 2397 3 88210 23384 2.7 21 8 5 10 50% 197 209084 298 92%
c - 16.74 65 15 14 27 2754 3 91750 22257 2.6 21 8 5 10 50% 207 209076 298 92%
c - 17.51 62 15 14 28 3091 3 96948 23309 2.6 21 8 5 10 50% 236 209052 298 92%
c i 17.53 63 15 14 28 3102 3 97238 23513 2.6 21 8 5 10 50% 250 209047 297 91%
c s 18.08 64 15 14 28 3341 3 98611 24695 2.6 21 8 5 10 49% 299 203188 297 91%
c s 18.25 69 15 14 28 3341 3 98611 24695 2.6 21 8 5 10 49% 277 201689 297 91%
c ^ 18.27 69 15 14 28 3341 3 98611 24695 2.6 21 8 5 10 49% 277 201689 297 91%
c
c seconds   switched    rate          size/glue tier1    binary        remaining
c        MB   reductions  conflicts         size  tier2     irredundant
c         level    restarts      redundant    glue    trail        variables
c
c i 18.95 63 15 14 28 3665 3 101857 26445 2.5 20 8 5 10 49% 306 201674 296 91%
c - 19.01 59 15 14 29 3698 3 102239 22486 2.5 20 8 5 10 49% 293 201670 296 91%
c i 19.02 59 15 14 29 3698 3 102587 22740 2.5 20 8 5 10 49% 299 201668 290 89%
c } 19.17 59 15 15 29 3779 3 102925 23061 2.5 20 8 5 10 49% 300 201668 290 89%
c [ 19.17 59 26 15 29 3779 2 102925 23061 2.4 35 15 7 18 60% 300 201668 290 89%
c u 19.66 66 26 15 29 3782 2 107362 26208 2.3 35 15 7 18 60% 303 197350 290 89%
c v 19.80 66 26 15 29 3782 2 107362 26153 2.3 35 15 7 18 60% 303 197350 290 89%
c w 19.85 66 26 15 29 3782 2 107362 26142 2.3 35 15 7 18 60% 303 197350 290 89%
c x 19.97 67 26 15 29 3782 2 107362 26140 2.3 35 15 7 18 60% 303 197326 290 89%
c f 20.05 52 26 15 29 3782 2 107362 26140 2.3 35 15 7 18 60% 310 195220 291 90%
c u 20.23 62 26 15 29 3782 2 107362 26076 2.3 35 15 7 18 60% 312 195220 291 90%
c v 20.42 64 26 15 29 3782 2 107362 26001 2.3 35 15 7 18 60% 314 195220 291 90%
c w 20.48 65 26 15 29 3782 2 107362 25987 2.3 35 15 7 18 60% 314 195220 291 90%
c t 20.50 65 26 15 29 3782 2 107362 25987 2.3 35 15 7 18 60% 313 195220 291 90%
c f 20.56 52 26 15 29 3782 2 107362 25987 2.3 35 15 7 18 60% 314 191590 292 90%
c - 20.61 60 26 15 30 3782 2 107624 23290 2.3 35 15 7 19 60% 295 191590 292 90%
c W 20.73 51 26 15 30 3783 2 108995 24507 2.3 35 15 7 19 60% 295 191590 292 90%
c - 21.06 51 26 15 31 3785 2 113101 24858 2.2 34 15 7 19 60% 296 191589 292 90%
c - 21.52 51 26 15 32 3788 2 118668 26189 2.1 33 15 7 19 61% 296 191589 292 90%
c - 22.01 51 26 15 33 3792 2 124326 27702 2.1 32 15 7 19 61% 296 191589 292 90%
c
c seconds   switched    rate          size/glue  tier1    binary        remaining
c        MB   reductions  conflicts         size   tier2     irredundant
c         level    restarts      redundant     glue    trail        variables
c
c ] 22.06 51 26 16 33 3792 2 124863 28136 2.1 32 15 7 19 61% 296 191589 292 90%
c { 22.06 51 15 16 33 3792 3 124863 28136 2.5 20 8 5 10 49% 296 191589 292 90%
c o 22.09 51 15 16 33 3825 3 124997 28260 2.5 20 8 5 10 49% 296 191589 292 90%
c i 22.55 51 15 16 33 4039 3 127589 30508 2.5 20 8 5 10 49% 315 191577 291 90%
c - 23.15 51 15 16 34 4327 3 130072 28115 2.5 20 8 5 10 49% 316 191561 291 90%
c i 23.84 51 15 16 34 4570 3 133099 30627 2.4 19 8 5 10 49% 348 191538 290 89%
c - 24.30 51 15 16 35 4666 3 135904 28114 2.4 19 8 5 10 49% 356 191524 290 89%
c u 24.50 51 15 16 35 4689 3 135995 28143 2.4 19 8 5 10 49% 380 189649 290 89%
c v 24.63 51 15 16 35 4689 3 135995 28055 2.4 19 8 5 10 49% 382 189649 290 89%
c w 24.68 51 15 16 35 4689 3 135995 28050 2.4 19 8 5 10 49% 382 189649 290 89%
c x 24.83 53 15 16 35 4689 3 135995 28049 2.4 19 8 5 10 49% 382 189629 290 89%
c = 25.04 70 15 16 35 4689 3 135995 28049 2.4 19 8 5 10 49% 382 189152 288 89%
c t 25.06 70 15 16 35 4689 3 135995 28036 2.4 19 8 5 10 49% 378 188150 288 89%
c f 25.13 54 15 16 35 4689 3 135995 28036 2.4 19 8 5 10 49% 389 183186 291 90%
c u 25.33 65 15 16 35 4689 3 135995 27955 2.4 19 8 5 10 49% 391 183186 291 90%
c v 25.46 66 15 16 35 4689 3 135995 27906 2.4 19 8 5 10 49% 395 183186 291 90%
c w 25.51 67 15 16 35 4689 3 135995 27896 2.4 19 8 5 10 49% 395 183186 291 90%
c x 25.62 67 15 16 35 4689 3 135995 27896 2.4 19 8 5 10 49% 395 183120 291 90%
c t 25.64 67 15 16 35 4689 3 135995 27896 2.4 19 8 5 10 49% 392 183120 291 90%
c f 25.72 54 15 16 35 4689 3 135995 27896 2.4 19 8 5 10 49% 411 178649 294 90%
c
c seconds   switched    rate          size/glue tier1    binary        remaining
c        MB   reductions  conflicts         size  tier2     irredundant
c         level    restarts      redundant    glue    trail        variables
c
c i 26.04 65 15 16 35 4730 3 137899 29417 2.3 19 8 5 10 49% 425 178646 273 84%
c i 26.90 66 15 16 35 5105 3 141725 32733 2.3 19 8 5 10 49% 478 178616 272 84%
c - 26.96 64 15 16 36 5123 3 141820 22924 2.3 19 8 5 10 49% 383 169804 272 84%
c i 26.99 61 15 16 36 5130 3 142042 23066 2.3 19 8 5 10 49% 400 169794 271 83%
c } 27.26 63 15 17 36 5286 3 143201 24145 2.3 19 8 5 10 49% 407 169787 271 83%
c [ 27.26 63 26 17 36 5286 2 143201 24145 2.1 32 15 7 19 61% 407 169787 271 83%
c O 27.26 63 26 17 36 5286 2 143201 24145 2.1 32 15 7 19 61% 407 169787 271 83%
c - 27.75 64 26 17 37 5289 2 147820 24694 2.0 32 16 7 19 60% 388 169785 271 83%
c - 28.28 64 27 17 38 5292 2 153902 25559 2.0 31 16 7 19 59% 395 169778 271 83%
c - 28.94 64 27 17 39 5296 2 160070 26634 1.9 31 16 7 19 58% 399 169776 271 83%
c s 29.39 65 27 17 39 5297 2 161677 27904 1.9 31 16 7 19 57% 385 164278 271 83%
c e 29.41 70 27 17 39 5297 2 161677 27904 1.9 31 16 7 19 57% 384 163934 269 83%
c s 29.70 70 27 17 39 5297 2 161677 27904 1.9 31 16 7 19 57% 384 163836 269 83%
c ^ 29.71 70 27 17 39 5297 2 161677 27904 1.9 31 16 7 19 57% 384 163836 269 83%
c - 30.10 65 27 17 40 5299 2 166314 27555 1.9 30 16 7 19 57% 385 163835 269 83%
c u 30.47 61 27 17 40 5300 2 168315 29111 1.9 30 16 7 19 57% 388 163834 269 83%
c v 30.59 65 27 17 40 5300 2 168315 29026 1.9 30 16 7 19 57% 388 163834 269 83%
c w 30.64 65 27 17 40 5300 2 168315 28888 1.9 30 16 7 19 57% 388 163834 269 83%
c x 30.74 66 27 17 40 5300 2 168315 28887 1.9 30 16 7 19 57% 388 163806 269 83%
c t 30.76 66 27 17 40 5300 2 168315 28887 1.9 30 16 7 19 57% 386 163806 269 83%
c
c seconds   switched    rate          size/glue  tier1    binary        remaining
c        MB   reductions  conflicts         size   tier2     irredundant
c         level    restarts      redundant     glue    trail        variables
c
c f 30.84 54 27 17 40 5300 2 168315 28887 1.9 30 16 7 19 57% 453 155054 279 86%
c u 30.99 63 27 17 40 5300 2 168315 28786 1.9 30 16 7 19 57% 454 155054 279 86%
c v 31.12 65 27 17 40 5300 2 168315 28707 1.9 30 16 7 19 57% 454 155054 279 86%
c w 31.17 65 27 17 40 5300 2 168315 28612 1.9 30 16 7 19 57% 454 155054 279 86%
c x 31.27 65 27 17 40 5300 2 168315 28611 1.9 30 16 7 19 57% 454 154996 279 86%
c f 32.04 54 27 17 40 5300 2 168315 28611 1.9 30 16 7 19 57% 999 140436 427 131%
c B 32.36 63 27 17 40 5300 2 170941 30799 1.8 30 16 7 19 56% 999 140436 427 131%
c i 32.38 63 27 17 40 5300 2 171005 30855 1.8 30 16 7 19 56% 999 140436 424 130%
c ] 32.58 63 27 18 40 5300 2 172454 32027 1.8 30 16 7 19 56% 999 140436 424 130%
c { 32.58 63 15 18 40 5300 3 172454 32027 2.3 19 8 5 10 49% 999 140436 424 130%
c - 32.64 63 15 18 41 5348 3 172639 28252 2.3 19 8 5 10 49% 1076 140344 424 130%
c i 32.99 63 15 18 41 5486 3 173933 29296 2.3 18 8 5 10 49% 1089 140340 422 130%
c i 33.03 63 15 18 41 5505 3 173998 29353 2.3 18 8 5 10 49% 1090 140340 421 130%
c o 33.49 64 15 18 41 5682 3 175794 30823 2.3 18 8 5 10 48% 1101 140338 421 130%
c i 33.83 63 15 18 41 5731 3 177666 32357 2.2 18 8 5 10 48% 1107 140338 418 129%
c - 34.28 62 15 18 42 5831 3 179042 28039 2.2 18 8 5 10 48% 1072 140336 418 129%
c i 34.64 62 15 18 42 5947 3 181558 30011 2.2 18 8 5 10 48% 1075 140336 417 128%
c i 34.94 63 15 18 42 6069 3 182209 30537 2.2 18 8 5 10 48% 1082 140334 411 126%
c - 36.73 63 16 18 43 6858 3 185522 23232 2.1 17 8 5 10 47% 1045 140325 411 126%
c i 36.83 60 16 18 43 6905 3 185720 23407 2.1 17 8 5 10 47% 1045 140325 410 126%
c
c seconds   switched    rate          size/glue tier1     binary        remaining
c        MB   reductions  conflicts         size  tier2      irredundant
c         level    restarts      redundant    glue    trail         variables
c
c - 39.41 63 16 18 44 7871 3 192081 26887 2.0 17 8 5 10 46% 1057 140317 410 126%
c } 40.19 64 16 19 44 8071 3 194799 29178 2.0 17 8 5 10 46% 1061 140316 410 126%
c [ 40.19 64 27 19 44 8071 2 194799 29178 1.8 30 16 7 19 56% 1061 140316 410 126%
c - 40.74 63 27 19 45 8073 2 198714 29751 1.8 30 16 7 19 56% 1061 140316 410 126%
c W 41.34 53 26 19 45 8076 2 202392 32908 1.8 29 16 7 19 55% 1053 140054 410 126%
c u 41.88 53 26 19 45 8077 2 204237 34194 1.8 29 16 7 19 55% 1199 139914 410 126%
c v 42.14 53 26 19 45 8077 2 204237 33975 1.8 29 16 7 19 55% 1199 139914 410 126%
c w 42.24 53 26 19 45 8077 2 204237 33789 1.8 29 16 7 19 55% 1199 139914 410 126%
c x 42.44 54 26 19 45 8077 2 204237 33786 1.8 29 16 7 19 55% 1199 139834 410 126%
c t 42.45 54 26 19 45 8077 2 204237 33786 1.8 29 16 7 19 55% 1166 139834 410 126%
c f 42.46 54 26 19 45 8077 2 204237 33786 1.8 29 16 7 19 55% 1171 139770 413 127%
c u 42.77 54 26 19 45 8077 2 204237 33625 1.8 29 16 7 19 55% 1194 139770 413 127%
c v 43.04 54 26 19 45 8077 2 204237 33275 1.8 29 16 7 19 55% 1197 139770 413 127%
c w 43.14 54 26 19 45 8077 2 204237 33102 1.8 29 16 7 19 55% 1197 139770 413 127%
c x 43.35 54 26 19 45 8077 2 204237 33102 1.8 29 16 7 19 55% 1197 139619 413 127%
c t 43.37 54 26 19 45 8077 2 204237 33102 1.8 29 16 7 19 55% 1176 139619 413 127%
c - 43.59 54 26 19 46 8077 2 205422 30049 1.8 29 16 7 19 55% 1176 139619 413 127%
c - 44.48 54 25 19 47 8081 2 212207 31651 1.8 29 16 7 18 55% 1176 139619 413 127%
c - 45.36 54 25 19 48 8084 2 219063 33120 1.8 28 16 7 18 54% 1176 139619 413 127%
c - 46.22 54 24 19 49 8085 2 225991 33686 1.8 27 15 7 18 54% 1176 139619 413 127%
c
c seconds   switched    rate          size/glue  tier1     binary        remaining
c        MB   reductions  conflicts         size   tier2      irredundant
c         level    restarts      redundant     glue    trail         variables
c
c - 47.24 54 24 19 50 8090 2 232991 33889 1.8 27 15 6 17 54% 1177 139619 413 127%
c ] 47.82 54 23 20 50 8092 2 237640 37757 1.7 26 15 6 17 54% 1177 139619 413 127%
c { 47.82 54 16 20 50 8092 3 237640 37757 2.0 17 8 5 10 46% 1177 139619 413 127%
c o 47.85 54 16 20 50 8093 3 237795 37900 2.0 17 8 5 10 46% 1177 139619 413 127%
c i 47.93 54 16 20 50 8099 3 238278 38235 2.0 17 8 5 10 46% 1188 139619 412 127%
c i 48.28 54 16 20 50 8201 3 239949 39611 2.0 17 8 5 10 46% 1198 139618 411 126%
c - 48.33 54 16 20 51 8217 3 240063 28654 2.0 17 8 4 10 46% 1164 139618 411 126%
c i 48.78 54 16 20 51 8321 3 241978 30293 2.0 17 8 4 10 46% 1177 139618 410 126%
c i 49.26 54 16 20 51 8467 3 244013 32077 2.0 17 8 4 10 46% 1187 139618 409 126%
c u 49.52 54 16 20 51 8467 3 244047 31577 2.0 17 8 4 10 46% 1181 139540 409 126%
c v 49.73 54 16 20 51 8467 3 244047 31444 2.0 17 8 4 10 46% 1202 139540 409 126%
c w 49.80 54 16 20 51 8467 3 244047 31353 2.0 17 8 4 10 46% 1202 139540 409 126%
c x 49.97 54 16 20 51 8467 3 244047 31352 2.0 17 8 4 10 46% 1202 139195 409 126%
c t 49.99 54 16 20 51 8467 3 244047 31352 2.0 17 8 4 10 46% 1161 139195 409 126%
c s 50.68 54 16 20 51 8497 3 244465 31730 2.0 17 8 4 10 46% 1162 137734 409 126%
c e 50.70 54 16 20 51 8497 3 244465 31730 2.0 17 8 4 10 46% 1019 138053 325 100%
c s 51.28 54 16 20 51 8497 3 244465 31730 2.0 17 8 4 10 46% 1021 137852 325 100%
c e 51.30 54 16 20 51 8497 3 244465 31730 2.0 17 8 4 10 46% 1019 137870 321 99%
c ! 51.30 54 16 20 51 8497 3 244465 31730 2.0 17 8 4 10 46% 1019 137870 321 99%
c - 51.68 54 15 20 52 8637 3 247204 24462 2.0 17 8 4 9 46% 1021 137869 321 99%
c
c seconds   switched    rate          size/glue tier1    binary        remaining
c        MB   reductions  conflicts         size  tier2     irredundant
c         level    restarts      redundant    glue   trail         variables
c
c - 52.98 54 15 20 53 9003 3 254415 26548 2.0 16 8 4 9 47% 1035 137864 321 99%
c i 53.25 54 15 20 53 9045 3 256035 27846 2.0 16 8 4 9 47% 1057 137860 320 98%
c - 54.11 54 15 20 54 9424 3 261695 28347 2.0 16 8 4 9 47% 1035 137859 320 98%
c } 54.62 54 15 21 54 9719 3 264380 30739 1.9 16 8 4 9 47% 1038 137858 320 98%
c [ 54.62 54 23 21 54 9719 2 264380 30739 1.7 26 15 6 17 54% 1038 137858 320 98%
c I 54.62 54 23 21 54 9719 2 264380 30739 1.7 26 15 6 17 54% 1038 137858 320 98%
c - 55.14 54 23 21 55 9722 2 269044 29955 1.7 26 15 6 17 54% 1039 137858 320 98%
c - 56.06 54 23 21 56 9725 2 276463 31452 1.8 26 15 6 17 54% 1039 137858 320 98%
c - 57.14 54 22 21 57 9731 2 283947 31947 1.7 25 14 6 16 54% 1040 137858 320 98%
c u 58.01 54 22 21 57 9732 2 287845 34898 1.7 25 14 6 16 54% 1059 137838 320 98%
c v 58.22 54 22 21 57 9732 2 287845 33358 1.7 25 14 6 16 54% 1060 137838 320 98%
c w 58.29 54 22 21 57 9732 2 287845 32792 1.7 25 14 6 16 54% 1060 137838 320 98%
c x 58.48 54 22 21 57 9732 2 287845 32792 1.7 25 14 6 16 54% 1060 137788 320 98%
c t 59.27 70 22 21 57 9732 2 287845 32792 1.7 25 14 6 16 54% 1035 137788 320 98%
c f 59.28 54 22 21 57 9732 2 287845 32792 1.7 25 14 6 16 54% 951 137581 335 103%
c u 59.52 61 22 21 57 9732 2 287845 32618 1.7 25 14 6 16 54% 978 137581 335 103%
c v 59.73 65 22 21 57 9732 2 287845 32256 1.7 25 14 6 16 54% 978 137581 335 103%
c w 59.81 66 22 21 57 9732 2 287845 32029 1.7 25 14 6 16 54% 978 137581 335 103%
c x 59.99 66 22 21 57 9732 2 287845 32029 1.7 25 14 6 16 54% 978 137574 335 103%
c t 60.01 66 22 21 57 9732 2 287845 32029 1.7 25 14 6 16 54% 952 137574 335 103%
c
c seconds   switched    rate          size/glue  tier1    binary        remaining
c        MB   reductions  conflicts         size   tier2     irredundant
c         level    restarts      redundant     glue    trail        variables
c
c i 60.12 61 22 21 57 9732 2 288297 32306 1.7 25 14 6 16 54% 958 137574 334 103%
c - 60.57 63 22 21 58 9733 2 291496 22534 1.7 25 14 6 16 54% 940 137574 334 103%
c ] 60.96 61 22 22 58 9733 2 294056 24771 1.7 25 14 6 16 54% 940 137574 334 103%
c { 60.96 61 15 22 58 9733 3 294056 24771 1.9 16 8 4 9 47% 940 137574 334 103%
c - 61.97 61 15 22 59 9763 3 299111 26990 2.0 16 8 4 9 48% 948 137574 334 103%
c - 63.18 64 14 22 60 9824 3 306792 31815 2.0 16 8 4 9 48% 950 137574 334 103%
c o 63.82 64 14 22 60 9836 3 311299 35540 2.0 16 8 4 9 49% 952 137574 334 103%
c i 64.28 62 14 22 60 9845 3 314097 38109 2.1 16 8 4 9 49% 954 137573 333 102%
c - 64.39 63 14 22 61 9845 3 314537 33313 2.1 16 8 4 9 49% 940 137573 333 102%
c - 65.98 65 14 22 62 9914 2 322349 35159 2.1 16 8 4 8 49% 946 137573 333 102%
c } 66.53 63 13 23 62 9949 2 325573 37943 2.1 16 8 4 8 50% 947 137573 333 102%
c [ 66.53 63 22 23 62 9949 2 325573 37943 1.7 25 14 6 16 54% 947 137573 333 102%
c B 66.53 63 22 23 62 9949 2 325573 37943 1.7 25 14 6 16 54% 947 137573 333 102%
c - 67.52 65 21 23 63 9952 2 330225 36292 1.7 24 14 6 16 54% 948 137573 333 102%
c i 67.66 64 21 23 63 9953 2 330896 36751 1.7 24 14 6 16 54% 953 137573 332 102%
c u 68.49 63 22 23 63 9955 2 335668 35760 1.7 25 14 6 16 54% 1022 137532 332 102%
c v 68.81 66 22 23 63 9955 2 335668 35656 1.7 25 14 6 16 54% 1022 137532 332 102%
c w 68.90 66 22 23 63 9955 2 335668 35645 1.7 25 14 6 16 54% 1022 137532 332 102%
c x 69.09 67 22 23 63 9955 2 335668 35645 1.7 25 14 6 16 54% 1022 137500 332 102%
c t 69.11 67 22 23 63 9955 2 335668 35645 1.7 25 14 6 16 54% 976 137500 332 102%
c
c seconds   switched    rate          size/glue  tier1    binary        remaining
c        MB   reductions  conflicts         size   tier2     irredundant
c         level    restarts      redundant     glue    trail        variables
c
c - 69.45 64 22 23 64 9956 2 338162 30522 1.7 25 14 6 16 54% 960 137500 332 102%
c - 70.71 64 22 23 65 9962 2 346164 31187 1.7 25 14 6 16 54% 960 137500 332 102%
c s 71.75 63 22 23 65 9962 2 348570 33368 1.7 25 15 6 16 54% 963 136463 332 102%
c e 71.77 70 22 23 65 9962 2 348570 33368 1.7 25 15 6 16 54% 941 132642 312 96%
c s 72.40 70 22 23 65 9962 2 348570 33368 1.7 25 15 6 16 54% 941 132506 312 96%
c e 72.41 70 22 23 65 9962 2 348570 33368 1.7 25 15 6 16 54% 956 132522 310 95%
c - 73.46 62 22 23 66 9963 2 354230 28260 1.7 25 15 6 16 54% 956 132522 310 95%
c ] 74.20 63 22 24 66 9964 2 358622 31890 1.7 25 15 6 16 54% 956 132522 310 95%
c { 74.20 63 13 24 66 9964 2 358622 31890 2.1 16 8 4 8 50% 956 132522 310 95%
c i 74.71 63 13 24 66 10100 2 360441 33360 2.1 16 8 4 8 50% 965 132522 305 94%
c i 75.12 62 13 24 66 10232 2 362069 34677 2.1 16 8 4 8 50% 967 132522 304 94%
c - 75.17 64 13 24 67 10242 2 362357 28175 2.1 16 8 4 8 50% 912 132522 304 94%
c i 75.24 62 13 24 67 10242 2 362873 28513 2.0 16 8 4 8 50% 917 132522 303 93%
c i 75.77 63 13 24 67 10347 2 365123 30316 2.0 16 8 4 8 49% 926 132522 302 93%
c i 76.27 63 13 24 67 10433 2 367883 32510 2.0 16 8 4 8 49% 944 132522 301 93%
c - 76.98 62 13 24 68 10637 2 370542 28005 2.0 16 8 4 8 49% 939 132459 301 93%
c i 77.11 62 13 24 68 10651 2 371169 28476 2.0 16 8 4 8 49% 944 132459 297 91%
c i 77.21 62 13 24 68 10672 2 371516 28780 2.0 16 8 4 8 49% 947 132459 296 91%
c i 77.91 62 13 24 68 10834 2 374533 31136 2.0 15 8 4 8 49% 972 132459 284 87%
c i 78.14 63 13 24 68 10876 2 375592 31861 2.0 15 8 4 8 49% 983 132459 282 87%
c
c seconds   switched     rate          size/glue tier1   binary        remaining
c        MB   reductions   conflicts         size  tier2    irredundant
c         level    restarts       redundant    glue   trail        variables
c
c i 78.28 64 13 24 68 10877 2 376198 32356 2.0 15 8 4 8 49% 989 132459 281 86%
c i 78.55 62 13 24 68 10957 2 377590 33424 2.0 15 8 4 8 49% 994 132459 280 86%
c - 78.83 62 13 24 69 11037 2 378788 16952 2.0 15 8 3 8 49% 806 132459 280 86%
c i 79.26 63 13 24 69 11092 2 381113 18720 2.0 15 8 3 8 49% 822 132459 279 86%
c i 79.43 62 13 24 69 11126 2 381756 19246 2.0 15 8 3 8 49% 827 132459 278 86%
c i 79.43 62 13 24 69 11126 2 381768 19249 2.0 15 8 3 8 49% 831 132459 275 85%
c i 79.44 62 13 24 69 11126 2 381790 19261 2.0 15 8 3 8 49% 834 132459 274 84%
c i 79.69 59 13 24 69 11174 2 383153 20277 2.0 15 8 3 8 49% 845 132459 260 80%
c } 79.74 62 13 24 69 11174 2 383447 20498 2.0 15 8 3 8 49% 852 132459 139 43%
c 0 79.74 62 13 24 69 11174 2 383447 20498 2.0 15 8 3 8 49% 852 132459 139 43%
c
c ---- [ result ] ------------------------------------------------------------
c
s UNSATISFIABLE
c
c ---- [ profiling ] ---------------------------------------------------------
c
c          59.85   75.05 %  search
c          35.43   44.43 %  focused
c          24.42   30.62 %  stable
c          17.55   22.01 %  simplify
c          15.51   19.46 %  probe
c           9.34   11.72 %  vivify
c           4.04    5.06 %  eliminate
c           3.69    4.63 %  subsume
c           2.99    3.75 %  factor
c           2.16    2.71 %  preprocess
c           2.11    2.64 %  sweep
c           0.93    1.17 %  substitute
c           0.30    0.37 %  reduce
c           0.16    0.20 %  walking
c           0.13    0.16 %  parse
c           0.12    0.15 %  congruence
c           0.06    0.07 %  lucky
c           0.02    0.03 %  transitive
c           0.00    0.00 %  backbone
c =============================================
c          79.74  100.00 %  total
c
c ---- [ statistics ] --------------------------------------------------------
c
c conflicts:                           383447             4808.92 per second
c decisions:                           764430                1.99 per conflict
c eliminated:                             124               38 %  variables
c factored:                               195               60 %  variables
c iterations:                              49               15 %  variables
c propagations:                      15166201           190204    per second
c reductions:                              69             5557    interval
c reordered:                                8            47931    interval
c rephased:                                16            23965    interval
c restarts:                             11174               34    interval
c strengthened:                           544                0 %  checks
c subsumed:                             16200                0 %  checks
c switched:                                24            15977    interval
c vivified:                             16228               37 %  checks
c walks:                                    5            76689    interval
c
c ---- [ glue usage ] --------------------------------------------------------
c
c focused glue 3   used 92959 clauses 17.51% accumulated 51.28% tier1
c focused glue 4   used 73929 clauses 13.93% accumulated 65.20%
c focused glue 5-6 used 90096 clauses 16.97% accumulated 82.18%
c focused glue 7   used 28439 clauses  5.36% accumulated 87.54%
c focused glue 8   used 20680 clauses  3.90% accumulated 91.43% tier2
c
c stable glue 6    used  75460 clauses  7.72% accumulated 56.80% tier1
c stable glue 7    used  66145 clauses  6.76% accumulated 63.57%
c stable glue 8-14 used 228333 clauses 23.35% accumulated 86.92%
c stable glue 15   used  18527 clauses  1.89% accumulated 88.81%
c stable glue 16   used  16307 clauses  1.67% accumulated 90.48% tier2
c
c ---- [ resources ] ---------------------------------------------------------
c
c maximum-resident-set-size:         73940992 bytes         71 MB
c process-time:                         1m 20s              79.74 seconds
c
c ---- [ shutting down ] -----------------------------------------------------
c
c exit 20
