c ---- [ banner ] ------------------------------------------------------------
c
c Kissat SAT Solver
c 
c Copyright (c) 2021-2024 Armin Biere University of Freiburg
c Copyright (c) 2019-2021 Armin Biere Johannes Kepler University Linz
c 
c Version 4.0.4 8af8e56f174b778aef3aa45af9f739b2a5f492c2
c gcc (Ubuntu 13.3.0-6ubuntu2~24.04.1) 13.3.0 -W -Wall -O3 -DNDEBUG
c Wed Apr 15 20:10:47 EEST 2026 Linux cluster-4 6.17.0-14-generic x86_64
c
c ---- [ parsing ] -----------------------------------------------------------
c
c opened and reading DIMACS file:
c
c   tmp.cnf
c
c parsed 'p cnf 465 8058636' header
c closing input after reading 144181032 bytes (138 MB)
c finished parsing after 1.30 seconds
c
c ---- [ solving ] -----------------------------------------------------------
c
c seconds  switched rate     size/glue tier1 binary         remaining
c         MB reductions conflicts size  tier2    irredundant
c          level restarts redundant glue  trail         variables
c
c *  1.30 383 0 0 0  0 0   0   0 0.0 0 0 0 0 0%   0 8058636 465 100%
c (  1.79 577 0 0 0  0 0   0   0 0.0 0 0 0 0 0%   0 8058636 465 100%
c .  1.79 577 0 0 0  0 0   0   0 0.0 0 0 0 0 0%   0 8058636 465 100%
c )  7.90 579 0 0 0  0 0   0   0 0.0 0 0 0 0 0%   0 8058636 465 100%
c {  7.97 579 0 0 0  0 0   0   0 0.0 0 0 2 6 0%   0 8058636 465 100%
c -  8.72 597 37 0 1  7 2 1002 658 1.3 17 13 10 21 31%   0 8058636 465 100%
c }  8.72 597 37 1 1  7 2 1002 658 1.3 17 13 10 21 31%   0 8058636 465 100%
c [  8.72 597 0 1 1  7 0 1002 658 0.0 0 0 2 6 0%   0 8058636 465 100%
c B  8.72 597 0 1 1  7 0 1002 658 0.0 0 0 2 6 0%   0 8058636 465 100%
c -  9.09 597 58 1 2  7 2 2002 1473 1.4 24 17 10 28 32%   0 8058636 465 100%
c W  9.63 561 58 1 2  7 2 2003 1474 1.4 24 17 10 28 32%   0 8058636 465 100%
c ] 10.09 573 41 2 2  9 2 3370 2662 1.4 21 15 10 27 29%   0 8058636 465 100%
c { 10.09 573 37 2 2  9 2 3370 2662 1.3 17 13 10 21 31%   0 8058636 465 100%
c - 10.17 575 38 2 3  9 2 3417 2543 1.3 17 13 10 20 31%   0 8058636 465 100%
c u 11.54 595 35 2 3 26 2 4136 3161 1.3 16 13 10 20 30%   0 8058636 465 100%
c v 11.82 595 35 2 3 26 2 4136 3161 1.3 16 13 10 20 30%   0 8058636 465 100%
c w 12.05 595 35 2 3 26 2 4136 3159 1.3 16 13 10 20 30%   0 8058636 465 100%
c x 12.42 640 35 2 3 26 2 4136 3159 1.3 16 13 10 20 30%   0 8058635 465 100%
c } 13.48 617 36 3 3 30 3 4370 3369 1.3 16 13 10 20 30%   0 8058635 465 100%
c [ 13.48 617 41 3 3 30 2 4370 3369 1.4 21 15 10 27 29%   0 8058635 465 100%
c
c seconds   switched rate       size/glue  tier1     binary         remaining
c         MB reductions conflicts     size    tier2      irredundant
c          level restarts  redundant     glue     trail         variables
c
c I 13.48 617 41 3 3 30 2 4370 3369 1.4 21 15 10 27 29%   0 8058635 465 100%
c - 13.76 621 39 3 4 30 2 5149 3728 1.6 21 13 8 20 32%   0 8058635 465 100%
c ] 14.40 642 34 4 4 32 2 6982 5304 1.6 20 12 8 20 32%   0 8058635 465 100%
c { 14.40 642 36 4 4 32 3 6982 5304 1.3 16 13 10 20 30%   0 8058635 465 100%
c - 14.51 642 35 4 5 40 3 7149 4757 1.3 17 13 9 20 30%   0 8058635 465 100%
c } 15.02 642 27 5 5 52 2 9335 6763 2.1 22 11 8 18 36%   0 8058635 465 100%
c [ 15.02 642 34 5 5 52 2 9335 6763 1.6 20 12 8 20 32%   0 8058635 465 100%
c B 15.02 642 34 5 5 52 2 9335 6763 1.6 20 12 8 20 32%   0 8058635 465 100%
c - 15.07 642 34 5 6 52 2 9386 5982 1.6 20 12 7 20 32%   0 8058635 465 100%
c ] 15.66 647 30 6 6 53 2 11155 7416 1.6 19 12 7 20 32%   0 8058635 465 100%
c { 15.66 647 27 6 6 53 2 11155 7416 2.1 22 11 8 18 36%   0 8058635 465 100%
c - 16.20 647 25 6 7 53 2 11835 7052 2.1 21 10 7 15 35%   0 8058635 465 100%
c u 18.30 591 22 6 7 53 2 12738 7907 2.3 21 9 7 15 36%   0 8058635 465 100%
c v 18.65 603 22 6 7 53 2 12738 7902 2.3 21 9 7 15 36%   0 8058635 465 100%
c w 18.90 604 22 6 7 53 2 12738 7878 2.3 21 9 7 15 36%   0 8058635 465 100%
c o 20.15 610 22 6 7 53 2 12738 7878 2.3 21 9 7 15 36%   0 8058635 465 100%
c - 21.00 622 21 6 8 61 2 14480 8209 2.5 22 9 6 14 39%   0 8058635 465 100%
c } 21.26 622 21 7 8 92 2 15224 8921 2.5 22 9 6 14 39%   0 8058635 465 100%
c [ 21.26 622 30 7 8 92 2 15224 8921 1.6 19 12 7 20 32%   0 8058635 465 100%
c W 21.85 612 30 7 8 92 2 15224 8921 1.6 19 12 7 20 32%   0 8058635 465 100%
c
c seconds   switched rate        size/glue  tier1    binary         remaining
c         MB reductions conflicts      size   tier2      irredundant
c          level restarts   redundant     glue    trail         variables
c
c - 22.57 628 27 7 9 93 2 17308 9447 1.6 18 11 7 16 31%   0 8058635 465 100%
c - 23.73 642 24 7 10 95 2 20309 10640 1.6 17 11 6 15 31%   1 8058635 465 100%
c ] 23.88 643 24 8 10 96 2 20653 10952 1.6 17 11 6 15 31%   1 8058635 465 100%
c { 23.88 643 21 8 10 96 2 20653 10952 2.5 22 9 6 14 39%   1 8058635 465 100%
c s 24.32 597 21 8 10 98 2 20678 10976 2.5 22 9 6 14 39%   1 8058634 465 100%
c e 24.74 598 21 8 10 98 2 20678 10976 2.5 22 9 6 14 39%   1 7994990 439 94%
c ^ 25.36 628 21 8 10 98 2 20678 10976 2.5 22 9 6 14 39%   1 7994990 439 94%
c - 26.77 640 19 8 11 149 2 23473 11912 2.5 21 8 6 12 38%   2 7994990 439 94%
c u 29.08 641 18 8 11 227 2 26097 14125 2.4 20 8 6 12 37%   5 7994989 439 94%
c v 29.49 644 18 8 11 227 2 26097 14105 2.4 20 8 6 12 37%   5 7994989 439 94%
c w 29.74 644 18 8 11 227 2 26097 14085 2.4 20 8 6 12 37%   5 7994989 439 94%
c o 31.10 645 18 8 11 227 2 26097 14085 2.4 20 8 6 12 37%   5 7994989 439 94%
c - 31.60 645 18 8 12 281 2 26791 12348 2.4 19 8 5 11 37%   5 7994989 439 94%
c } 31.60 645 18 9 12 281 2 26812 12368 2.4 19 8 5 11 37%   5 7994989 439 94%
c [ 31.60 645 24 9 12 281 2 26812 12368 1.6 17 11 6 15 31%   5 7994989 439 94%
c O 31.60 645 24 9 12 281 2 26812 12368 1.6 17 11 6 15 31%   5 7994989 439 94%
c - 33.08 647 28 9 13 283 2 30256 12745 1.5 19 13 7 20 34%   5 7994989 439 94%
c - 34.32 647 29 9 14 286 2 33864 13247 1.5 21 14 8 21 36%   5 7994989 439 94%
c B 35.29 647 29 9 14 287 2 36574 15661 1.5 22 15 8 21 37%   5 7994989 439 94%
c - 35.58 647 29 9 15 287 2 37606 14301 1.5 22 15 8 22 38%   5 7994989 439 94%
c
c seconds    switched   rate         size/glue  tier1    binary         remaining
c         MB   reductions conflicts        size   tier2      irredundant
c          level   restarts     redundant     glue    trail         variables
c
c ] 35.98 647 29 10 15 287 2 38895 15440 1.5 23 15 8 22 38%   5 7994989 439 94%
c { 35.98 647 18 10 15 287 2 38895 15440 2.4 19 8 5 11 37%   5 7994989 439 94%
c s 37.31 647 18 10 15 423 2 41324 17564 2.4 19 8 5 11 36%   6 7994965 439 94%
c ^ 38.29 647 18 10 15 423 2 41324 17564 2.4 19 8 5 11 36%   6 7994965 439 94%
c - 38.58 647 18 10 16 473 2 41478 15826 2.4 19 8 5 11 36%   6 7994965 439 94%
c u 40.59 650 17 10 16 621 2 44474 18467 2.3 18 8 5 11 35%   8 7994963 439 94%
c v 41.07 650 17 10 16 621 2 44474 18417 2.3 18 8 5 11 35%   8 7994963 439 94%
c w 41.36 650 17 10 16 621 2 44474 18414 2.3 18 8 5 11 35%   8 7994963 439 94%
c - 42.98 650 18 10 17 733 2 45479 17112 2.3 19 8 5 11 35%   9 7994963 439 94%
c } 43.66 650 17 11 17 865 2 47523 18860 2.3 18 8 5 11 34%  12 7994960 439 94%
c [ 43.66 650 29 11 17 865 2 47523 18860 1.5 23 15 8 22 38%  12 7994960 439 94%
c W 44.49 626 28 11 17 866 2 48797 19931 1.6 22 14 8 22 37%  12 7994960 439 94%
c o 44.60 626 28 11 17 866 2 48797 19931 1.6 22 14 8 22 37%  12 7994960 439 94%
c - 44.74 627 32 11 18 866 2 49604 17950 1.5 23 15 8 22 38%  12 7994960 439 94%
c - 45.92 637 33 11 19 870 2 53847 18492 1.6 24 16 8 22 39%  12 7994960 439 94%
c - 47.38 646 33 11 20 871 2 58207 19325 1.6 25 16 9 23 41%  12 7994960 439 94%
c ] 48.53 647 32 12 20 874 2 62439 23116 1.6 26 16 9 23 42%  12 7994960 439 94%
c { 48.53 647 17 12 20 874 2 62439 23116 2.3 18 8 5 11 34%  12 7994960 439 94%
c - 48.69 650 17 12 21 956 2 62679 20364 2.3 18 8 5 11 34%  12 7994960 439 94%
c - 50.62 662 17 12 22 1209 3 67261 21789 2.4 19 8 5 11 34%  15 7994957 439 94%
c
c seconds    switched    rate         size/glue tier1    binary         remaining
c         MB   reductions  conflicts        size  tier2      irredundant
c          level    restarts     redundant    glue    trail         variables
c
c u 52.82 651 17 12 22 1272 3 68136 22451 2.4 19 8 5 11 34%  17 7994955 439 94%
c v 53.35 660 17 12 22 1272 3 68136 22226 2.4 19 8 5 11 34%  17 7994955 439 94%
c w 53.68 662 17 12 22 1272 3 68136 22210 2.4 19 8 5 11 34%  17 7994955 439 94%
c - 56.30 668 17 12 23 1466 3 71954 22690 2.4 19 8 5 10 33%  17 7994955 439 94%
c } 57.45 676 17 13 23 1527 3 73921 24484 2.4 19 8 5 10 33%  17 7994955 439 94%
c [ 57.45 676 32 13 23 1527 2 73921 24484 1.6 26 16 9 23 42%  17 7994955 439 94%
c I 57.45 676 32 13 23 1527 2 73921 24484 1.6 26 16 9 23 42%  17 7994955 439 94%
c - 58.59 676 31 13 24 1529 2 76750 24555 1.7 27 16 9 23 43%  17 7994955 439 94%
c - 59.69 677 30 13 25 1532 2 81648 26390 1.7 27 16 8 22 44%  17 7994955 439 94%
c s 61.18 630 29 13 25 1533 2 86085 30295 1.8 27 15 8 22 44%  17 7994332 439 94%
c s 62.16 660 29 13 25 1533 2 86085 30295 1.8 27 15 8 22 44%  17 7994329 439 94%
c ^ 62.36 660 29 13 25 1533 2 86085 30295 1.8 27 15 8 22 44%  17 7994329 439 94%
c o 62.56 660 29 13 25 1533 2 86085 30295 1.8 27 15 8 22 44%  17 7994329 439 94%
c - 62.71 660 30 13 26 1534 2 86648 27685 1.8 27 15 8 22 44%  17 7994329 439 94%
c B 63.96 660 30 13 26 1538 2 91726 32177 1.7 27 16 8 22 45%  17 7994329 439 94%
c - 63.99 660 30 13 27 1538 2 91747 27747 1.7 27 16 8 22 45%  17 7994329 439 94%
c ] 64.68 660 30 14 27 1539 2 94439 30100 1.7 28 16 8 22 46%  17 7994329 439 94%
c { 64.68 660 17 14 27 1539 3 94439 30100 2.4 19 8 5 10 33%  17 7994329 439 94%
c - 66.03 661 17 14 28 1851 3 96946 28007 2.4 19 8 5 10 33%  18 7994328 439 94%
c u 67.08 666 17 14 28 1881 3 97251 28263 2.4 19 8 5 10 33%  18 7994328 439 94%
c
c seconds    switched    rate         size/glue tier1    binary         remaining
c         MB   reductions  conflicts        size  tier2      irredundant
c          level    restarts     redundant    glue    trail         variables
c
c v 67.51 666 17 14 28 1881 3 97251 28183 2.4 19 8 5 10 33%  18 7994328 439 94%
c w 67.80 666 17 14 28 1881 3 97251 28180 2.4 19 8 5 10 33%  18 7994328 439 94%
c - 71.27 667 17 14 29 2092 3 102239 29504 2.4 19 8 5 10 33%  21 7994325 439 94%
c - 72.97 667 16 14 30 2376 3 107624 30746 2.4 19 8 5 10 32%  26 7994322 439 94%
c } 73.49 667 16 15 30 2469 3 109155 31985 2.4 19 8 5 10 32%  28 7994321 439 94%
c [ 73.49 667 30 15 30 2469 2 109155 31985 1.7 28 16 8 22 46%  28 7994321 439 94%
c W 75.07 631 29 15 30 2471 2 112637 34799 1.7 27 16 8 22 44%  29 7994321 439 94%
c - 75.26 635 29 15 31 2471 2 113101 32333 1.7 27 16 8 22 44%  29 7994321 439 94%
c - 76.61 638 29 15 32 2475 2 118668 34232 1.7 27 16 8 22 45%  29 7994321 439 94%
c - 78.18 638 29 15 33 2478 2 124325 35892 1.8 27 15 8 22 46%  29 7994321 439 94%
c - 79.47 639 28 15 34 2482 2 130069 37143 1.8 27 15 8 21 46%  29 7994321 439 94%
c u 80.96 661 28 15 34 2482 2 132021 38705 1.8 27 15 8 21 46%  29 7994321 439 94%
c v 81.60 665 28 15 34 2482 2 132021 38528 1.8 27 15 8 21 46%  29 7994321 439 94%
c w 81.98 665 28 15 34 2482 2 132021 38424 1.8 27 15 8 21 46%  29 7994321 439 94%
c o 83.13 665 28 15 34 2482 2 132021 38424 1.8 27 15 8 21 46%  29 7994321 439 94%
c ] 83.70 665 31 16 34 2483 2 134478 40742 1.8 28 16 8 21 46%  29 7994321 439 94%
c { 83.70 665 16 16 34 2483 3 134478 40742 2.4 19 8 5 10 32%  29 7994321 439 94%
c - 84.57 666 16 16 35 2588 3 135899 36970 2.4 18 8 5 10 32%  31 7994319 439 94%
c - 86.60 667 16 16 36 2916 3 141816 37332 2.3 18 8 5 10 31%  34 7994316 439 94%
c - 88.78 667 16 16 37 3366 3 147816 38505 2.3 18 8 5 10 31%  40 7994311 439 94%
c
c seconds    switched    rate          size/glue tier1    binary         remaining
c         MB   reductions  conflicts         size  tier2      irredundant
c          level    restarts      redundant    glue    trail         variables
c
c } 90.33 667 15 17 37 3735 3 152818 42729 2.3 18 8 5 10 31%  41 7994311 439 94%
c [ 90.33 667 31 17 37 3735 2 152818 42729 1.8 28 16 8 21 46%  41 7994311 439 94%
c O 90.33 667 31 17 37 3735 2 152818 42729 1.8 28 16 8 21 46%  41 7994311 439 94%
c - 90.89 668 32 17 38 3735 2 153898 39884 1.8 28 16 8 22 46%  41 7994311 439 94%
c s 93.10 622 32 17 38 3739 2 158181 43718 1.8 28 16 8 22 46%  41 7993985 439 94%
c ^ 94.54 652 32 17 38 3739 2 158181 43718 1.8 28 16 8 22 46%  41 7993985 439 94%
c - 95.23 652 32 17 39 3740 2 160063 40079 1.7 28 16 8 22 46%  41 7993985 439 94%
c - 96.67 652 33 17 40 3742 2 166308 40044 1.7 29 17 8 23 46%  41 7993985 439 94%
c - 98.14 652 33 17 41 3747 2 172634 40314 1.7 29 17 8 23 46%  41 7993985 439 94%
c u 99.32 656 33 17 41 3747 2 172655 40211 1.7 29 17 8 23 46%  41 7993985 439 94%
c v 100.13 658 33 17 41 3747 2 172655 40138 1.7 29 17 8 23 46%  41 7993985 439 94%
c w 100.54 658 33 17 41 3747 2 172655 40129 1.7 29 17 8 23 46%  41 7993985 439 94%
c - 103.13 658 32 17 42 3749 2 179037 40988 1.7 29 17 8 23 46%  41 7993985 439 94%
c B 103.50 658 32 17 42 3749 2 180558 42218 1.7 28 17 8 23 46%  41 7993985 439 94%
c ] 104.43 658 33 18 42 3749 2 184225 45643 1.7 29 17 8 23 47%  41 7993985 439 94%
c { 104.43 658 15 18 42 3749 3 184225 45643 2.3 18 8 5 10 31%  41 7993985 439 94%
c o 104.55 658 15 18 42 3754 3 184243 45661 2.3 18 8 5 10 31%  41 7993985 439 94%
c - 106.24 659 16 18 43 4095 3 185517 40258 2.3 18 8 5 10 31%  41 7993985 439 94%
c - 117.14 667 18 18 44 5889 4 192074 40380 2.1 17 8 5 10 30%  41 7993985 439 94%
c caught signal 15 (SIGTERM)
c
c ---- [ profiling ] ---------------------------------------------------------
c
c          77.74   64.81 %  search
c          44.42   37.03 %  focused
c          34.25   28.55 %  simplify
c          33.32   27.77 %  stable
c          30.87   25.74 %  probe
c          11.63    9.70 %  vivify
c           8.71    7.26 %  factor
c           7.28    6.07 %  eliminate
c           6.51    5.43 %  substitute
c           6.11    5.09 %  preprocess
c           4.44    3.70 %  subsume
c           2.53    2.11 %  congruence
c           2.20    1.84 %  walking
c           1.30    1.08 %  parse
c           1.26    1.05 %  sweep
c           0.94    0.78 %  reduce
c           0.56    0.47 %  lucky
c           0.23    0.19 %  transitive
c           0.00    0.00 %  backbone
c =============================================
c         119.96  100.00 %  total
c
c ---- [ statistics ] --------------------------------------------------------
c
c conflicts:                           194075             1617.84 per second
c decisions:                           454141                2.34 per conflict
c eliminated:                              26                6 %  variables
c propagations:                       6704526            55890    per second
c reductions:                              44             4411    interval
c reordered:                                6            32346    interval
c rephased:                                13            14929    interval
c restarts:                              6386               30    interval
c subsumed:                               976                0 %  checks
c switched:                                18            10782    interval
c vivified:                              3250               21 %  checks
c walks:                                    4            48519    interval
c
c ---- [ glue usage ] --------------------------------------------------------
c
c focused glue 5   used 17666 clauses 14.99% accumulated 57.01% tier1
c focused glue 6   used 13553 clauses 11.50% accumulated 68.51%
c focused glue 7-8 used 17195 clauses 14.59% accumulated 83.10%
c focused glue 9   used  5464 clauses  4.64% accumulated 87.74%
c focused glue 10  used  3992 clauses  3.39% accumulated 91.13% tier2
c
c stable glue 8     used  26742 clauses  8.03% accumulated 51.05% tier1
c stable glue 9     used  22342 clauses  6.71% accumulated 57.76%
c stable glue 10-21 used 101196 clauses 30.39% accumulated 88.15%
c stable glue 22    used   4371 clauses  1.31% accumulated 89.47%
c stable glue 23    used   4090 clauses  1.23% accumulated 90.69% tier2
c
c ---- [ resources ] ---------------------------------------------------------
c
c maximum-resident-set-size:        730415104 bytes        697 MB
c process-time:                             2m             119.96 seconds
c raising signal 15 (SIGTERM)
