c ---- [ banner ] ------------------------------------------------------------
c
c Kissat SAT Solver
c 
c Copyright (c) 2021-2024 Armin Biere University of Freiburg
c Copyright (c) 2019-2021 Armin Biere Johannes Kepler University Linz
c 
c Version 4.0.4 8af8e56f174b778aef3aa45af9f739b2a5f492c2
c gcc (Ubuntu 13.3.0-6ubuntu2~24.04.1) 13.3.0 -W -Wall -O3 -DNDEBUG
c Wed Apr 15 20:10:47 EEST 2026 Linux cluster-4 6.17.0-14-generic x86_64
c
c ---- [ parsing ] -----------------------------------------------------------
c
c opened and reading DIMACS file:
c
c   tmp.cnf
c
c parsed 'p cnf 253 499169' header
c closing input after reading 8246785 bytes (8 MB)
c finished parsing after 0.08 seconds
c
c ---- [ solving ] -----------------------------------------------------------
c
c seconds switched rate     size/glue tier1 binary        remaining
c        MB reductions conflicts size  tier2   irredundant
c         level restarts redundant glue  trail        variables
c
c *  0.08 27 0 0 0  0 0   0   0 0.0 0 0 0 0 0%   0 499169 253 100%
c (  0.11 39 0 0 0  0 0   0   0 0.0 0 0 0 0 0%   0 499169 253 100%
c .  0.11 39 0 0 0  0 0   0   0 0.0 0 0 0 0 0%   0 499169 253 100%
c f  2.71 45 0 0 0  0 0   0   0 0.0 0 0 0 0 0%   2 460409 254 100%
c )  2.72 45 0 0 0  0 0   0   0 0.0 0 0 0 0 0%   2 460409 254 100%
c {  2.73 45 0 0 0  0 0   0   0 0.0 0 0 2 6 0%   2 460409 254 100%
c -  2.87 47 16 0 1 31 2 1002 669 1.5 11 7 5 11 34%   2 460409 254 100%
c }  2.87 47 16 1 1 31 2 1002 669 1.5 11 7 5 11 34%   2 460409 254 100%
c [  2.87 47 0 1 1 31 0 1002 669 0.0 0 0 2 6 0%   2 460409 254 100%
c B  2.87 47 0 1 1 31 0 1002 669 0.0 0 0 2 6 0%   2 460409 254 100%
c -  2.95 48 61 1 2 31 2 2002 1496 1.7 14 8 5 12 52%   2 460409 254 100%
c W  2.98 38 61 1 2 31 2 2004 1498 1.7 14 8 5 12 52%   2 460409 254 100%
c u  3.04 39 42 1 2 32 2 2698 2122 1.8 15 8 5 12 53%   2 460409 254 100%
c v  3.06 41 42 1 2 32 2 2698 2122 1.8 15 8 5 12 53%   2 460409 254 100%
c w  3.08 41 42 1 2 32 2 2698 2122 1.8 15 8 5 12 53%   2 460409 254 100%
c x  3.10 43 42 1 2 32 2 2698 2122 1.8 15 8 5 12 53%   2 460255 254 100%
c ]  3.17 43 37 2 2 33 2 3148 2523 1.8 16 9 5 12 54%   2 460255 254 100%
c {  3.17 43 16 2 2 33 2 3148 2523 1.5 11 7 5 11 34%   2 460255 254 100%
c -  3.21 44 17 2 3 80 2 3416 2520 1.6 11 7 5 11 35%   2 460255 254 100%
c }  3.29 45 17 3 3 119 2 4148 3132 1.5 11 7 5 11 34%   2 460255 254 100%
c
c seconds  switched  rate       size/glue tier1    binary        remaining
c        MB reductions conflicts      size  tier2     irredundant
c         level restarts   redundant    glue    trail        variables
c
c [  3.29 45 37 3 3 119 2 4148 3132 1.8 16 9 5 12 54%   2 460255 254 100%
c I  3.30 45 35 3 3 119 2 4263 3236 1.8 16 9 5 12 53%   2 460255 254 100%
c -  3.35 45 31 3 4 119 2 5148 3553 1.8 16 9 6 12 53%   2 460255 254 100%
c ]  3.41 45 26 4 4 121 2 6428 4693 1.8 16 9 6 12 51%   2 460255 254 100%
c {  3.41 45 17 4 4 121 2 6428 4693 1.5 11 7 5 11 34%   2 460255 254 100%
c -  3.45 45 17 4 5 156 3 7151 4598 1.6 11 7 5 10 35%   2 460255 254 100%
c u  3.60 43 16 4 5 242 2 8313 5592 1.7 12 7 5 10 40%   2 460255 254 100%
c v  3.62 44 16 4 5 242 2 8313 5591 1.7 12 7 5 10 40%   2 460255 254 100%
c w  3.64 44 16 4 5 242 2 8313 5591 1.7 12 7 5 10 40%   2 460255 254 100%
c x  3.66 44 16 4 5 242 2 8313 5591 1.7 12 7 5 10 40%   2 459972 254 100%
c }  3.77 45 16 5 5 264 2 8782 5979 1.7 12 7 5 10 39%   3 459971 254 100%
c [  3.77 45 26 5 5 264 2 8782 5979 1.8 16 9 6 12 51%   3 459971 254 100%
c B  3.77 45 26 5 5 264 2 8782 5979 1.8 16 9 6 12 51%   3 459971 254 100%
c -  3.81 45 26 5 6 264 2 9388 5613 1.7 17 10 6 13 51%   3 459971 254 100%
c ]  3.91 45 25 6 6 266 1 11462 7370 1.7 18 11 6 13 50%   3 459971 254 100%
c {  3.91 45 16 6 6 266 2 11462 7370 1.7 12 7 5 10 39%   3 459971 254 100%
c -  3.93 45 16 6 7 271 2 11837 6310 1.7 12 7 5 10 40%   3 459971 254 100%
c o  3.94 45 16 6 7 272 2 11901 6367 1.7 12 7 5 10 40%   3 459971 254 100%
c i  4.03 46 14 6 7 272 2 12837 7061 1.7 11 6 5 10 39%  15 459969 253 100%
c s  4.11 46 13 6 7 274 2 13489 7623 1.7 11 6 5 10 38%  15 421095 253 100%
c
c seconds  switched  rate        size/glue tier1    binary        remaining
c        MB reductions conflicts       size  tier2     irredundant
c         level restarts    redundant    glue    trail        variables
c
c e  4.13 46 13 6 7 274 2 13489 7623 1.7 11 6 5 10 38%   2 417329 226 89%
c ^  4.19 46 13 6 7 274 2 13489 7623 1.7 11 6 5 10 38%   2 417329 226 89%
c -  4.26 46 13 6 8 294 2 14483 5966 1.8 11 6 4 9 39%   3 417328 226 89%
c }  4.30 46 12 7 8 303 2 15531 6819 1.8 11 6 4 9 39%   4 417328 226 89%
c [  4.30 46 25 7 8 303 1 15531 6819 1.7 18 11 6 13 50%   4 417328 226 89%
c W  4.33 38 25 7 8 303 1 15531 6819 1.7 18 11 6 13 50%   4 417328 226 89%
c u  4.44 40 24 7 8 304 2 17027 8105 1.6 18 11 6 15 50%   4 417328 226 89%
c v  4.46 41 24 7 8 304 2 17027 8085 1.6 18 11 6 15 50%   4 417328 226 89%
c w  4.48 41 24 7 8 304 2 17027 8074 1.6 18 11 6 15 50%   4 417328 226 89%
c x  4.50 42 24 7 8 304 2 17027 8074 1.6 18 11 6 15 50%   4 416813 226 89%
c -  4.57 42 23 7 9 304 2 17311 6926 1.7 18 11 6 14 50%   4 416813 226 89%
c -  4.70 42 21 7 10 306 2 20312 8278 1.7 17 10 5 13 50%   4 416813 226 89%
c ]  4.77 42 21 8 10 307 1 21434 9308 1.6 17 11 5 13 50%   4 416813 226 89%
c {  4.77 42 12 8 10 307 2 21434 9308 1.8 11 6 4 9 39%   4 416813 226 89%
c -  4.86 42 12 8 11 494 2 23474 9411 1.8 11 6 4 8 38%   6 416811 226 89%
c i  4.90 42 12 8 11 535 2 24478 10086 1.8 11 6 4 8 37%  12 416810 225 89%
c o  4.91 42 12 8 11 535 2 24478 10086 1.8 11 6 4 8 37%  12 416810 225 89%
c i  4.99 42 11 8 11 587 2 26075 11273 1.7 10 6 4 8 36%  21 416808 224 89%
c -  5.04 42 11 8 12 624 2 26793 6706 1.7 10 6 4 8 36%   6 416803 224 89%
c s  5.08 44 11 8 12 624 2 26856 6757 1.7 10 6 4 8 36%   6 385674 224 89%
c
c seconds  switched   rate        size/glue tier1   binary        remaining
c        MB  reductions conflicts       size  tier2    irredundant
c         level  restarts    redundant    glue   trail        variables
c
c ^  5.14 44 11 8 12 624 2 26856 6757 1.7 10 6 4 8 36%   6 385674 224 89%
c }  5.20 44 12 9 12 816 2 27593 7409 1.7 10 6 4 8 36%   6 385674 224 89%
c [  5.20 44 21 9 12 816 1 27593 7409 1.6 17 11 5 13 50%   6 385674 224 89%
c O  5.20 44 21 9 12 816 1 27593 7409 1.6 17 11 5 13 50%   6 385674 224 89%
c u  5.29 44 21 9 12 817 1 28924 8576 1.6 17 11 5 13 49%   6 385674 224 89%
c v  5.32 44 21 9 12 817 1 28924 8545 1.6 17 11 5 13 49%   6 385674 224 89%
c w  5.34 44 21 9 12 817 1 28924 8529 1.6 17 11 5 13 49%   6 385674 224 89%
c x  5.36 44 21 9 12 817 1 28924 8529 1.6 17 11 5 13 49%   7 384699 224 89%
c -  5.45 44 21 9 13 818 2 30257 8009 1.6 17 11 6 14 47%   7 384699 224 89%
c -  5.63 45 21 9 14 820 2 33866 9833 1.6 18 11 5 14 47%   7 384699 224 89%
c ]  5.72 45 21 10 14 821 2 35621 11392 1.6 18 11 5 14 46%   7 384699 224 89%
c {  5.72 45 12 10 14 821 2 35621 11392 1.7 10 6 4 8 36%   7 384699 224 89%
c i  5.81 45 12 10 14 874 2 37531 12919 1.7 10 6 4 8 35%  18 384697 223 88%
c -  5.82 45 12 10 15 885 2 37607 9554 1.7 10 6 4 8 35%   7 384697 223 88%
c i  5.92 45 12 10 15 1071 2 39364 10915 1.7 10 6 4 8 35%  22 384693 222 88%
c -  6.02 45 12 10 16 1212 2 41480 9983 2.0 11 6 4 8 37%  10 384688 222 88%
c i  6.11 45 12 10 16 1336 2 43560 11597 1.9 11 6 4 8 36%  22 384686 221 87%
c u  6.22 39 12 10 16 1405 2 44132 10127 1.9 11 6 4 8 36%  10 336801 221 87%
c v  6.25 40 12 10 16 1405 2 44132 10084 1.9 11 6 4 8 36%  10 336801 221 87%
c w  6.27 40 12 10 16 1405 2 44132 10076 1.9 11 6 4 8 36%  10 336801 221 87%
c
c seconds   switched    rate         size/glue tier1   binary        remaining
c        MB   reductions  conflicts        size  tier2    irredundant
c         level    restarts     redundant    glue   trail        variables
c
c x  6.30 40 12 10 16 1405 2 44132 10073 1.9 11 6 4 8 36%  14 334078 221 87%
c }  6.40 41 12 11 16 1405 2 44249 10166 1.9 11 6 4 8 36%  14 334078 221 87%
c [  6.40 41 21 11 16 1405 2 44249 10166 1.6 18 11 5 14 46%  14 334078 221 87%
c B  6.40 41 21 11 16 1405 2 44249 10166 1.6 18 11 5 14 46%  14 334078 221 87%
c -  6.46 41 21 11 17 1406 2 45483 9781 1.6 18 11 5 14 46%  14 334078 221 87%
c -  6.68 41 21 11 18 1409 2 49608 11452 1.6 18 11 5 15 46%  14 334078 221 87%
c ]  6.82 41 22 12 18 1411 2 52775 14198 1.6 19 12 5 15 46%  14 334078 221 87%
c {  6.82 41 12 12 18 1411 2 52775 14198 1.9 11 6 4 8 36%  14 334078 221 87%
c o  6.83 41 12 12 18 1419 2 52808 14229 1.9 11 6 4 8 36%  14 334078 221 87%
c -  6.88 42 12 12 19 1526 2 53850 13138 1.9 11 6 4 8 36%  15 334077 221 87%
c s  7.06 42 12 12 19 1689 2 55632 14650 1.9 11 6 4 8 36%  19 332190 221 87%
c ^  7.15 42 12 12 19 1689 2 55632 14650 1.9 11 6 4 8 36%  19 332190 221 87%
c -  7.31 42 12 12 20 2085 2 58208 15119 1.9 11 6 4 8 36%  23 332187 221 87%
c i  7.33 42 12 12 20 2089 2 58943 15628 1.9 11 6 4 8 36%  33 332187 220 87%
c i  7.43 42 12 12 20 2158 2 61262 17621 2.0 12 6 4 8 36%  49 332184 219 87%
c u  7.56 42 12 12 20 2319 2 62630 15894 2.0 12 6 4 8 36%  51 297772 219 87%
c v  7.59 42 12 12 20 2319 2 62630 15850 2.0 12 6 4 8 36%  51 297772 219 87%
c w  7.61 42 12 12 20 2319 2 62630 15839 2.0 12 6 4 8 36%  51 297772 219 87%
c x  7.65 42 12 12 20 2319 2 62630 15839 2.0 12 6 4 8 36%  57 291744 219 87%
c -  7.71 42 12 12 21 2327 2 62682 14037 2.0 12 6 4 7 36%  28 291744 219 87%
c
c seconds   switched    rate         size/glue tier1   binary        remaining
c        MB   reductions  conflicts        size  tier2    irredundant
c         level    restarts     redundant    glue   trail        variables
c
c }  7.75 42 12 13 21 2370 2 64254 15248 1.9 12 6 4 7 36%  31 291743 219 87%
c [  7.75 42 22 13 21 2370 2 64254 15248 1.6 19 12 5 15 46%  31 291743 219 87%
c W  7.77 38 22 13 21 2370 2 64254 15248 1.6 19 12 5 15 46%  31 291743 219 87%
c -  7.89 39 22 13 22 2372 2 67265 15815 1.6 19 12 5 15 46%  31 291743 219 87%
c -  8.10 40 22 13 23 2375 2 71955 17734 1.6 19 12 5 15 46%  31 291743 219 87%
c -  8.32 40 22 13 24 2376 1 76750 18513 1.5 20 13 5 16 46%  31 291743 219 87%
c ]  8.33 40 22 14 24 2377 1 76932 18673 1.5 20 13 5 16 46%  31 291743 219 87%
c {  8.33 40 12 14 24 2377 2 76932 18673 1.9 12 6 4 7 36%  31 291743 219 87%
c i  8.37 40 12 14 24 2435 2 77952 19422 1.9 11 6 4 7 36%  41 291743 218 86%
c i  8.45 41 12 14 24 2558 2 79679 20768 1.9 11 6 4 7 35%  48 291743 217 86%
c i  8.52 41 12 14 24 2641 2 81019 21808 1.9 11 6 4 7 35%  59 291740 216 85%
c -  8.58 41 12 14 25 2764 2 81648 16193 1.9 11 6 4 7 35%  31 291737 216 85%
c i  8.69 41 12 14 25 3011 2 84277 18257 1.9 11 6 4 7 35%  43 291732 215 85%
c o  8.70 41 12 14 25 3011 2 84277 18257 1.9 11 6 4 7 35%  43 291732 215 85%
c u  8.76 41 12 14 25 3016 2 84500 16835 1.9 11 6 4 7 35%  49 232618 215 85%
c v  8.80 41 12 14 25 3016 2 84500 16668 1.9 11 6 4 7 35%  49 232618 215 85%
c w  8.81 41 12 14 25 3016 2 84500 16639 1.9 11 6 4 7 35%  50 232618 213 84%
c x  8.84 41 12 14 25 3016 2 84500 16639 1.9 11 6 4 7 35%  50 203096 213 84%
c u  8.96 41 12 14 25 3016 2 84500 16271 1.9 11 6 4 7 35%  51 203096 213 84%
c v  9.01 41 12 14 25 3016 2 84500 15993 1.9 11 6 4 7 35%  51 203096 213 84%
c
c seconds   switched    rate         size/glue tier1   binary        remaining
c        MB   reductions  conflicts        size  tier2    irredundant
c         level    restarts     redundant    glue   trail        variables
c
c w  9.03 41 12 14 25 3016 2 84500 15991 1.9 11 6 4 7 35%  51 203096 213 84%
c i  9.07 41 12 14 25 3016 2 84500 15991 1.9 11 6 4 7 35%  51 203096 213 84%
c -  9.16 41 12 14 26 3170 2 86648 15938 1.9 11 6 4 7 35%  23 203095 213 84%
c i  9.19 41 11 14 26 3178 2 87631 16608 1.9 11 6 4 7 35%  33 203095 212 84%
c i  9.30 41 11 14 26 3402 2 90028 18436 1.8 11 6 4 7 35%  45 203093 211 83%
c i  9.34 41 11 14 26 3432 2 90872 19068 1.8 11 6 4 7 35%  59 203091 210 83%
c }  9.37 41 11 15 26 3483 2 91649 19736 1.8 11 6 4 7 35%  59 203091 210 83%
c [  9.37 41 22 15 26 3483 1 91649 19736 1.5 20 13 5 16 46%  59 203091 210 83%
c I  9.37 41 22 15 26 3483 1 91649 19736 1.5 20 13 5 16 46%  59 203091 210 83%
c -  9.38 41 22 15 27 3483 1 91748 14519 1.5 20 13 5 16 46%  19 203085 210 83%
c -  9.57 41 21 15 28 3486 1 96945 17647 1.5 19 12 5 15 44%  19 203085 210 83%
c s  9.85 41 20 15 28 3489 1 101418 21487 1.5 18 12 5 15 44%  19 159186 210 83%
c s  9.94 32 20 15 28 3489 1 101418 21487 1.5 18 12 5 15 44%  19 159174 210 83%
c ^  9.95 32 20 15 28 3489 1 101418 21487 1.5 18 12 5 15 44%  19 159174 210 83%
c -  9.98 32 20 15 29 3489 1 102238 20918 1.5 18 12 5 15 43%  19 159174 210 83%
c i 10.07 32 20 15 29 3490 1 104863 22850 1.5 18 12 5 15 43%  21 159174 209 83%
c ] 10.15 32 20 16 29 3492 1 107053 24765 1.5 18 11 5 15 43%  21 159174 209 83%
c { 10.15 32 11 16 29 3492 2 107053 24765 1.8 11 6 4 7 35%  21 159174 209 83%
c - 10.19 32 11 16 30 3628 2 107624 17721 1.8 11 6 4 7 35%  21 159172 209 83%
c i 10.23 32 11 16 30 3734 2 108876 18677 1.8 11 6 4 7 35%  30 159171 208 82%
c
c seconds   switched    rate          size/glue tier1   binary        remaining
c        MB   reductions  conflicts         size  tier2    irredundant
c         level    restarts      redundant    glue   trail        variables
c
c u 10.32 32 12 16 30 3837 2 109521 18285 1.8 11 6 4 7 35%  22 134742 208 82%
c v 10.35 32 12 16 30 3837 2 109521 18167 1.8 11 6 4 7 35%  22 134742 208 82%
c w 10.36 32 12 16 30 3837 2 109521 18155 1.8 11 6 4 7 35%  22 134742 208 82%
c x 10.39 32 12 16 30 3837 2 109521 18129 1.8 11 6 4 7 35%  32 129005 208 82%
c i 10.63 32 11 16 30 3993 2 111025 19228 1.8 11 6 4 7 35%  39 129005 207 82%
c - 10.71 32 12 16 31 4256 2 113102 17562 1.8 11 6 4 7 35%  30 129002 207 82%
c i 10.74 32 11 16 31 4280 2 114240 18431 1.8 11 6 4 7 35%  40 129002 206 81%
c i 10.88 32 11 16 31 4546 2 117913 21383 1.8 11 6 4 7 35%  55 128999 205 81%
c i 10.90 32 11 16 31 4589 2 118301 21656 1.8 11 6 4 7 35%  65 128999 204 81%
c - 10.92 32 11 16 32 4635 2 118669 15078 1.8 11 6 3 7 35%  19 102654 204 81%
c i 10.92 32 11 16 32 4635 2 118901 15241 1.8 11 6 3 7 35%  28 102654 203 80%
c i 11.07 32 12 16 32 5161 2 123692 19233 1.8 11 6 3 7 36%  38 102651 202 80%
c o 11.10 32 12 16 32 5269 2 124306 19731 1.8 11 6 3 7 36%  41 102650 202 80%
c - 11.10 32 12 16 33 5273 2 124325 15658 1.8 11 6 3 7 36%  25 102649 202 80%
c i 11.13 32 12 16 33 5410 2 125319 16493 1.8 11 6 3 7 36%  34 102647 201 79%
c } 11.14 32 12 17 33 5422 2 125390 16562 1.8 11 6 3 7 36%  34 102647 201 79%
c [ 11.14 32 20 17 33 5422 1 125390 16562 1.5 18 11 5 15 43%  34 102647 201 79%
c B 11.14 32 20 17 33 5422 1 125390 16562 1.5 18 11 5 15 43%  34 102647 201 79%
c - 11.26 32 19 17 34 5425 1 130070 16633 1.5 17 11 4 14 42%  29 102647 201 79%
c i 11.29 32 19 17 34 5426 1 131362 17632 1.5 17 11 4 14 42%  35 102647 200 79%
c
c seconds   switched    rate          size/glue  tier1    binary        remaining
c        MB   reductions  conflicts         size   tier2     irredundant
c         level    restarts      redundant     glue    trail        variables
c
c - 11.42 32 19 17 35 5428 1 135900 15179 1.5 17 11 4 13 42%  31 102647 200 79%
c u 11.50 32 18 17 35 5428 1 137809 15893 1.5 17 11 4 13 42%  50 80524 200 79%
c v 11.52 32 18 17 35 5428 1 137809 14963 1.5 17 11 4 13 42%  53 80524 200 79%
c w 11.53 32 18 17 35 5428 1 137809 14588 1.5 17 11 4 13 42%  53 80524 200 79%
c x 11.56 32 18 17 35 5428 1 137809 14567 1.5 17 11 4 13 42%  74 70769 199 79%
c t 11.56 32 18 17 35 5428 1 137809 14321 1.5 17 11 4 13 42%  70 70684 199 79%
c u 11.62 32 18 17 35 5428 1 137809 13876 1.5 17 11 4 13 42%  70 70684 199 79%
c v 11.64 32 18 17 35 5428 1 137809 13724 1.5 17 11 4 13 42%  73 70684 199 79%
c w 11.65 32 18 17 35 5428 1 137809 12395 1.5 17 11 4 13 42%  76 70684 199 79%
c x 11.68 32 18 17 35 5428 1 137809 12378 1.5 17 11 4 13 42%  88 65133 199 79%
c t 11.68 32 18 17 35 5428 1 137809 12378 1.5 17 11 4 13 42%  85 65133 199 79%
c i 11.71 32 18 17 35 5428 1 137809 12378 1.5 17 11 4 13 42%  85 65133 199 79%
c i 11.73 32 18 17 35 5429 1 138628 12963 1.5 17 11 4 13 42%  91 65133 196 77%
c i 11.73 32 18 17 35 5429 1 138763 13042 1.5 17 11 4 13 42% 101 65129 194 77%
c i 11.74 32 18 17 35 5429 1 138839 13065 1.5 17 11 4 13 42% 105 65129 192 76%
c i 11.74 32 18 17 35 5429 1 138853 13065 1.5 17 11 4 13 42% 111 65129 181 72%
c i 11.74 32 18 17 35 5429 1 138854 13065 1.5 17 11 4 13 42% 111 65129 171 68%
c ] 11.74 32 18 17 35 5429 1 138857 13065 1.5 17 11 4 13 42% 112 65129 133 53%
c 0 11.74 32 12 17 35 5429 2 138857 13065 1.8 11 6 3 7 36% 112 65129 133 53%
c
c ---- [ result ] ------------------------------------------------------------
c
s UNSATISFIABLE
c
c ---- [ profiling ] ---------------------------------------------------------
c
c           6.31   53.78 %  search
c           4.66   39.68 %  probe
c           3.35   28.53 %  focused
c           2.96   25.25 %  stable
c           2.85   24.30 %  factor
c           2.70   22.99 %  simplify
c           2.61   22.24 %  preprocess
c           1.09    9.29 %  vivify
c           0.58    4.94 %  eliminate
c           0.46    3.95 %  subsume
c           0.30    2.59 %  substitute
c           0.25    2.09 %  sweep
c           0.15    1.28 %  congruence
c           0.09    0.76 %  reduce
c           0.08    0.71 %  parse
c           0.07    0.61 %  walking
c           0.03    0.28 %  lucky
c           0.01    0.10 %  transitive
c           0.00    0.01 %  backbone
c =============================================
c          11.74  100.00 %  total
c
c ---- [ statistics ] --------------------------------------------------------
c
c conflicts:                           138857            11829.96 per second
c decisions:                           252841                1.82 per conflict
c eliminated:                              27               11 %  variables
c factored:                                 1                0 %  variables
c iterations:                              31               12 %  variables
c propagations:                       4133338           352141    per second
c reductions:                              35             3967    interval
c reordered:                                5            27771    interval
c rephased:                                10            13886    interval
c restarts:                              5429               26    interval
c subsumed:                              3744                0 %  checks
c switched:                                17             8168    interval
c vivified:                             35444               81 %  checks
c walks:                                    3            46286    interval
c
c ---- [ glue usage ] --------------------------------------------------------
c
c focused glue 3 used 33017 clauses 23.60% accumulated 54.45% tier1
c focused glue 4 used 22807 clauses 16.31% accumulated 70.75%
c focused glue 5 used 14546 clauses 10.40% accumulated 81.15%
c focused glue 6 used  9009 clauses  6.44% accumulated 87.59%
c focused glue 7 used  5639 clauses  4.03% accumulated 91.62% tier2
c
c stable glue 4    used 37333 clauses 13.11% accumulated 55.11% tier1
c stable glue 5    used 23545 clauses  8.27% accumulated 63.38%
c stable glue 6-11 used 67343 clauses 23.65% accumulated 87.03%
c stable glue 12   used  6190 clauses  2.17% accumulated 89.20%
c stable glue 13   used  5395 clauses  1.89% accumulated 91.09% tier2
c
c ---- [ resources ] ---------------------------------------------------------
c
c maximum-resident-set-size:         50364416 bytes         48 MB
c process-time:                            12s              11.74 seconds
c
c ---- [ shutting down ] -----------------------------------------------------
c
c exit 20
