c ---- [ banner ] ------------------------------------------------------------
c
c Kissat SAT Solver
c 
c Copyright (c) 2021-2024 Armin Biere University of Freiburg
c Copyright (c) 2019-2021 Armin Biere Johannes Kepler University Linz
c 
c Version 4.0.4 8af8e56f174b778aef3aa45af9f739b2a5f492c2
c Apple clang version 17.0.0 (clang-1700.6.3.2) -W -Wall -O3 -DNDEBUG
c Mon Mar 30 18:25:47 CEST 2026 Darwin Mac 24.6.0 arm64
c
c ---- [ parsing ] -----------------------------------------------------------
c
c opened and reading DIMACS file:
c
c   tmp.cnf
c
c parsed 'p cnf 105 1380' header
c closing input after reading 14241 bytes (14 KB)
c finished parsing after 0.00 seconds
c
c ---- [ solving ] -----------------------------------------------------------
c
c seconds switched rate     size/glue tier1  binary    remaining
c        MB reductions conflicts size  tier2  irredundant
c         level restarts redundant glue  trail     variables
c
c *  0.00  2 0 0 0  0 0   0   0 0.0 0 0 0 0 0% 1365 15 105 100%
c (  0.00  2 0 0 0  0 0   0   0 0.0 0 0 0 0 0% 1365 15 105 100%
c .  0.00  2 0 0 0  0 0   0   0 0.0 0 0 0 0 0% 1365 15 105 100%
c f  0.01  2 0 0 0  0 0   0   0 0.0 0 0 0 0 0% 540 15 210 200%
c )  0.01  2 0 0 0  0 0   0   0 0.0 0 0 0 0 0% 540 15 210 200%
c {  0.01  2 0 0 0  0 0   0   0 0.0 0 0 2 6 0% 540 15 210 200%
c -  0.02  2 9 0 1 124 1 1000 473 1.3 9 7 6 8 94% 540 15 210 200%
c }  0.02  2 9 1 1 124 1 1000 473 1.3 9 7 6 8 94% 540 15 210 200%
c [  0.02  2 0 1 1 124 0 1000 473 0.0 0 0 2 6 0% 540 15 210 200%
c B  0.02  2 6 1 1 124 1 1003 475 1.4 7 5 2 6 96% 540 15 210 200%
c ]  0.02  2 16 2 1 124 1 1748 1036 1.4 17 12 2 6 94% 540 15 210 200%
c {  0.02  2 9 2 1 124 1 1748 1036 1.3 9 7 6 8 94% 540 15 210 200%
c -  0.02  2 8 2 2 128 1 2001 831 1.3 8 6 5 8 94% 540 15 210 200%
c }  0.02  2 7 3 2 128 1 2748 1123 1.3 7 6 5 8 94% 540 15 210 200%
c [  0.02  2 16 3 2 128 1 2748 1123 1.4 17 12 2 6 94% 540 15 210 200%
c W  0.02  2 16 3 2 128 1 2748 1123 1.4 17 12 2 6 94% 540 15 210 200%
c -  0.03  2 15 3 3 128 1 3416 1446 1.4 17 12 9 15 93% 540 15 210 200%
c ]  0.03  2 15 4 3 128 1 3452 1473 1.4 16 12 9 15 93% 540 15 210 200%
c {  0.03  2 7 4 3 128 1 3452 1473 1.3 7 6 5 8 94% 540 15 210 200%
c u  0.03  2 8 4 3 365 1 4774 1151 1.3 8 6 5 8 94% 541 15 210 200%
c
c seconds switched  rate      size/glue tier1  binary    remaining
c        MB reductions conflicts   size  tier2  irredundant
c         level restarts  redundant  glue   trail    variables
c
c v  0.03  2 8 4 3 365 1 4774 476 1.3 8 6 5 8 94% 541 15 210 200%
c w  0.03  2 8 4 3 365 1 4774  57 1.3 8 6 5 8 94% 541 15 210 200%
c -  0.03  2 8 4 4 435 1 5148 274 1.3 8 6 5 8 94% 541 15 210 200%
c }  0.04  2 8 5 4 495 1 5805 627 1.3 8 6 5 8 94% 541 15 210 200%
c [  0.04  2 15 5 4 495 1 5805 627 1.4 16 12 9 15 93% 541 15 210 200%
c I  0.04  2 15 5 4 495 1 5805 627 1.4 16 12 9 15 93% 541 15 210 200%
c -  0.04  3 31 5 5 496 1 7148 1577 1.3 29 22 15 40 93% 541 15 210 200%
c ]  0.04  3 32 6 5 496 1 7225 1644 1.3 29 23 15 40 93% 541 15 210 200%
c {  0.04  3 8 6 5 496 1 7225 1644 1.3 8 6 5 8 94% 541 15 210 200%
c -  0.08  4 19 6 6 1190 5 9386 3516 1.3 16 12 6 20 93% 541 15 210 200%
c o  0.10  4 21 6 6 1348 6 10002 4093 1.3 17 13 6 20 93% 541 15 210 200%
c }  0.13  5 24 7 6 1674 6 11295 5329 1.3 20 15 6 20 93% 541 15 210 200%
c [  0.13  5 32 7 6 1674 1 11295 5329 1.3 29 23 15 40 93% 541 15 210 200%
c B  0.13  5 32 7 6 1674 1 11295 5329 1.3 29 23 15 40 93% 541 15 210 200%
c -  0.14  5 33 7 7 1674 1 11835 5310 1.3 30 23 15 38 93% 541 15 210 200%
c -  0.17  6 37 7 8 1676 1 14481 6189 1.3 36 28 15 38 92% 541 15 210 200%
c u  0.18  6 37 7 8 1676 1 14701 6196 1.3 36 28 15 38 92% 541 15 210 200%
c v  0.18  7 37 7 8 1676 1 14701 6180 1.3 36 28 15 38 92% 541 15 210 200%
c w  0.18  8 37 7 8 1676 1 14701 6180 1.3 36 28 15 38 92% 541 15 210 200%
c W  0.23  8 38 7 8 1678 1 16827 7933 1.3 37 29 15 37 93% 541 15 210 200%
c
c seconds  switched   rate        size/glue  tier1     binary    remaining
c        MB reductions  conflicts       size    tier2   irredundant
c         level  restarts    redundant     glue     trail    variables
c
c -  0.24  9 38 7 9 1678 1 17309 6229 1.3 38 29 15 37 93% 541 15 210 200%
c ]  0.26  9 38 8 9 1680 1 20058 8493 1.3 38 29 15 37 92% 541 15 210 200%
c {  0.26  9 24 8 9 1680 6 20058 8493 1.3 20 15 6 20 93% 541 15 210 200%
c o  0.27  9 24 8 9 1681 6 20064 8499 1.3 20 15 6 20 93% 541 15 210 200%
c -  0.27 10 23 8 10 1691 6 20310 6987 1.3 19 15 7 22 93% 541 15 210 200%
c -  0.29 10 20 8 11 1695 5 23472 7242 1.3 18 13 6 17 94% 542 15 210 200%
c e  0.30 10 20 8 11 1695 5 23870 7539 1.3 18 13 6 17 94% 514 43 203 193%
c ^  0.30 10 20 8 11 1695 5 23870 7539 1.3 18 13 6 17 94% 514 43 203 193%
c }  0.31 10 19 9 11 1715 4 26219 4711 1.4 17 13 6 16 94% 514 43 203 193%
c [  0.31 10 38 9 11 1715 1 26219 4711 1.3 38 29 15 37 92% 514 43 203 193%
c O  0.31 10 38 9 11 1715 1 26219 4711 1.3 38 29 15 37 92% 514 43 203 193%
c -  0.31 11 37 9 12 1715 1 26788 4534 1.3 37 28 16 35 92% 514 43 203 193%
c u  0.33 11 33 9 12 1717 1 30122 6740 1.3 33 25 16 35 93% 515 43 203 193%
c v  0.33 11 33 9 12 1717 1 30122 6679 1.3 33 25 16 35 93% 515 43 203 193%
c w  0.33 11 33 9 12 1717 1 30122 6334 1.3 33 25 16 35 93% 515 43 203 193%
c x  0.33 11 33 9 12 1717 1 30122 6332 1.3 33 25 16 35 93% 515 36 203 193%
c -  0.34 11 32 9 13 1717 1 30254 5747 1.3 33 25 14 34 93% 515 36 203 193%
c -  0.36 11 30 9 14 1720 1 33859 7164 1.4 30 23 13 33 93% 516 36 203 193%
c ]  0.36 11 30 10 14 1720 1 34313 7553 1.4 30 23 13 33 93% 516 36 203 193%
c {  0.36 11 19 10 14 1720 4 34313 7553 1.4 17 13 6 16 94% 516 36 203 193%
c
c seconds   switched    rate        size/glue  tier1    binary    remaining
c        MB   reductions  conflicts       size   tier2   irredundant
c         level    restarts    redundant     glue    trail    variables
c
c -  0.38 11 17 10 15 1753 3 37600 8307 1.4 16 12 6 14 94% 517 36 203 193%
c -  0.40 11 16 10 16 1799 3 41472 8944 1.4 16 11 6 14 94% 518 36 203 193%
c }  0.41 11 16 11 16 1821 3 42943 9850 1.4 15 11 6 13 94% 519 36 203 193%
c [  0.41 11 30 11 16 1821 1 42943 9850 1.4 30 23 13 33 93% 519 36 203 193%
c B  0.41 11 30 11 16 1821 1 42943 9850 1.4 30 23 13 33 93% 519 36 203 193%
c o  0.41 11 30 11 16 1821 1 42943 9850 1.4 30 23 13 33 93% 519 36 203 193%
c -  0.43 12 28 11 17 1823 1 45474 9932 1.4 29 21 11 32 93% 519 36 203 193%
c e  0.45 12 27 11 17 1824 1 47724 11638 1.4 28 20 11 32 93% 555 56 147 140%
c ^  0.45 12 27 11 17 1824 1 47724 11638 1.4 28 20 11 32 93% 555 56 147 140%
c -  0.46 12 26 11 18 1826 1 49599 6863 1.4 27 20 10 30 94% 556 56 147 140%
c ]  0.46 12 26 12 18 1826 1 49658 6909 1.4 27 20 10 30 94% 556 56 147 140%
c {  0.46 12 16 12 18 1826 3 49658 6909 1.4 15 11 6 13 94% 556 56 147 140%
c u  0.47 12 16 12 18 1841 3 51395 7930 1.4 15 11 6 13 94% 557 56 147 140%
c v  0.47 12 16 12 18 1841 3 51395 7675 1.4 15 11 6 13 94% 557 56 147 140%
c w  0.47 12 16 12 18 1841 3 51395 7541 1.4 15 11 6 13 94% 557 56 147 140%
c x  0.47 12 16 12 18 1841 3 51395 7540 1.4 15 11 6 13 94% 557 55 147 140%
c -  0.48 13 15 12 19 1933 3 53842 8544 1.4 15 11 6 13 95% 557 55 147 140%
c -  0.50 13 15 12 20 1962 2 58200 10347 1.4 15 10 6 12 95% 559 55 147 140%
c }  0.52 13 14 13 20 1994 2 61137 12387 1.4 14 10 6 12 95% 560 55 147 140%
c [  0.52 13 26 13 20 1994 1 61137 12387 1.4 27 20 10 30 94% 560 55 147 140%
c
c seconds   switched    rate         size/glue  tier1     binary    remaining
c        MB   reductions  conflicts        size    tier2   irredundant
c         level    restarts     redundant     glue     trail    variables
c
c W  0.52 13 26 13 20 1994 1 61137 12387 1.4 27 20 10 30 94% 560 55 147 140%
c -  0.53 13 25 13 21 1995 1 62674 11656 1.4 27 19 10 29 94% 561 55 147 140%
c -  0.55 14 24 13 22 1998 1 67258 13433 1.4 26 18 10 28 94% 561 55 147 140%
c ]  0.56 14 25 14 22 2000 1 69665 15434 1.4 27 19 10 28 94% 561 55 147 140%
c {  0.56 14 14 14 22 2000 2 69665 15434 1.4 14 10 6 12 95% 561 55 147 140%
c -  0.58 14 14 14 23 2044 2 71949 14546 1.4 14 10 6 12 95% 562 55 147 140%
c -  0.61 14 14 14 24 2140 2 76745 15053 1.4 14 10 6 12 95% 564 55 147 140%
c u  0.63 16 13 14 24 2176 2 78271 15904 1.4 14 10 6 12 95% 565 55 147 140%
c v  0.63 16 13 14 24 2176 2 78271 15510 1.4 14 10 6 12 95% 565 55 147 140%
c w  0.64 16 13 14 24 2176 2 78271 15495 1.4 14 10 6 12 95% 565 55 147 140%
c x  0.64 16 13 14 24 2176 2 78271 15495 1.4 14 10 6 12 95% 565 54 147 140%
c o  0.66 17 13 14 24 2176 2 78271 15495 1.4 14 10 6 12 95% 565 54 147 140%
c -  0.67 17 13 14 25 2204 2 81643 15552 1.4 14 10 6 12 96% 566 54 147 140%
c }  0.68 17 13 15 25 2273 2 84384 17424 1.4 14 10 6 12 96% 566 54 147 140%
c [  0.68 17 25 15 25 2273 1 84384 17424 1.4 27 19 10 28 94% 566 54 147 140%
c I  0.68 17 25 15 25 2273 1 84384 17424 1.4 27 19 10 28 94% 566 54 147 140%
c -  0.70 17 27 15 26 2275 1 86650 16329 1.4 28 20 10 30 94% 566 54 147 140%
c -  0.73 17 30 15 27 2278 1 91750 16998 1.4 30 22 11 31 95% 566 54 147 140%
c ]  0.77 17 30 16 27 2279 1 96707 20887 1.4 30 22 11 31 95% 566 54 147 140%
c {  0.77 17 13 16 27 2279 2 96707 20887 1.4 14 10 6 12 96% 566 54 147 140%
c
c seconds   switched    rate         size/glue  tier1    binary    remaining
c        MB   reductions  conflicts        size   tier2   irredundant
c         level    restarts     redundant     glue    trail    variables
c
c -  0.77 17 13 16 28 2291 2 96946 18756 1.4 14 10 6 11 96% 566 54 147 140%
c e  0.79 18 13 16 28 2358 2 98582 19838 1.4 14 10 6 11 96% 562 65 143 136%
c ^  0.79 18 13 16 28 2358 2 98582 19838 1.4 14 10 6 11 96% 562 65 143 136%
c -  0.80 19 13 16 29 2425 2 102237 17426 1.4 14 9 6 11 96% 562 65 143 136%
c -  0.83 19 12 16 30 2522 2 107622 18627 1.4 13 9 6 11 96% 564 65 143 136%
c u  0.86 19 12 16 30 2558 2 111272 20599 1.5 13 9 6 11 96% 565 65 143 136%
c v  0.86 19 12 16 30 2558 2 111272 20039 1.5 13 9 6 11 96% 565 65 143 136%
c w  0.86 19 12 16 30 2558 2 111272 19895 1.5 13 9 6 11 96% 565 65 143 136%
c x  0.86 19 12 16 30 2558 2 111272 19889 1.5 13 9 6 11 96% 565 65 143 136%
c -  0.87 19 12 16 31 2582 2 113099 18974 1.4 13 9 6 11 96% 565 65 143 136%
c }  0.88 19 12 17 31 2614 2 115047 20278 1.4 13 9 6 11 96% 566 65 143 136%
c [  0.88 19 30 17 31 2614 1 115047 20278 1.4 30 22 11 31 95% 566 65 143 136%
c B  0.88 19 30 17 31 2614 1 115047 20278 1.4 30 22 11 31 95% 566 65 143 136%
c -  0.90 19 29 17 32 2616 1 118667 21000 1.4 29 21 11 29 95% 566 65 143 136%
c -  0.94 19 28 17 33 2620 1 124323 23299 1.4 28 20 10 28 95% 566 65 143 136%
c ]  0.96 19 27 18 33 2620 1 126736 25045 1.4 28 20 10 28 95% 566 65 143 136%
c {  0.96 19 12 18 33 2620 2 126736 25045 1.4 13 9 6 11 96% 566 65 143 136%
c -  0.99 20 12 18 34 2620 2 130067 24902 1.5 13 9 6 11 96% 567 65 143 136%
c -  1.02 20 11 18 35 2620 2 135897 22570 1.6 13 8 5 10 96% 567 65 143 136%
c -  1.05 20 11 18 36 2620 1 141813 22935 1.7 13 8 5 10 96% 567 65 143 136%
c
c seconds   switched    rate          size/glue tier1    binary    remaining
c        MB   reductions  conflicts         size  tier2   irredundant
c         level    restarts      redundant    glue    trail    variables
c
c -  1.09 20 10 18 37 2620 1 147814 25630 1.7 13 8 5 10 96% 567 65 143 136%
c }  1.10 20 10 19 37 2620 1 149081 26458 1.8 13 8 5 10 96% 567 65 143 136%
c [  1.10 20 27 19 37 2620 1 149081 26458 1.4 28 20 10 28 95% 567 65 143 136%
c W  1.11 21 27 19 37 2620 1 149081 26458 1.4 28 20 10 28 95% 567 65 143 136%
c o  1.11 21 27 19 37 2620 1 149081 26458 1.4 28 20 10 28 95% 567 65 143 136%
c u  1.13 23 27 19 37 2621 1 150559 27620 1.4 28 20 10 28 95% 569 65 143 136%
c v  1.13 23 27 19 37 2621 1 150559 27562 1.4 28 20 10 28 95% 571 65 143 136%
c w  1.14 23 27 19 37 2621 1 150559 27551 1.4 28 20 10 28 95% 571 65 143 136%
c x  1.14 23 27 19 37 2621 1 150559 27547 1.4 28 20 10 28 95% 571 64 143 136%
c t  1.14 23 27 19 37 2621 1 150559 27547 1.4 28 20 10 28 95% 569 64 143 136%
c -  1.16 25 26 19 38 2623 1 153897 28896 1.4 27 19 10 26 95% 569 64 143 136%
c -  1.21 25 25 19 39 2626 1 160063 32782 1.4 27 19 9 25 96% 569 64 143 136%
c ]  1.26 25 25 20 39 2629 1 165333 36979 1.4 27 19 9 25 96% 569 64 143 136%
c {  1.26 25 10 20 39 2629 1 165333 36979 1.8 13 8 5 10 96% 569 64 143 136%
c -  1.27 26 10 20 40 2688 1 166307 35202 1.7 13 8 5 10 96% 569 64 143 136%
c -  1.32 26 10 20 41 3043 1 172631 35425 1.7 13 8 5 10 96% 572 64 143 136%
c -  1.36 26 10 20 42 3328 1 179035 34636 1.7 13 8 5 10 96% 576 64 143 136%
c ^  1.36 26 10 20 42 3376 1 180118 35380 1.7 13 8 5 10 96% 577 64 143 136%
c -  1.40 26 10 20 43 3624 1 185516 35212 1.7 12 8 5 9 96% 579 64 143 136%
c -  1.44 26 10 20 44 4000 1 192074 36238 1.6 12 8 5 9 96% 584 64 143 136%
c
c seconds   switched    rate          size/glue tier1   binary    remaining
c        MB   reductions  conflicts         size  tier2  irredundant
c         level    restarts      redundant    glue   trail    variables
c
c }  1.44 26 10 21 44 4000 1 192074 36238 1.6 12 8 5 9 96% 584 64 143 136%
c [  1.44 26 25 21 44 4000 1 192074 36238 1.4 27 19 9 25 96% 584 64 143 136%
c O  1.44 26 25 21 44 4000 1 192074 36238 1.4 27 19 9 25 96% 584 64 143 136%
c u  1.48 27 24 21 44 4003 1 196434 39345 1.4 26 18 9 25 96% 584 64 143 136%
c v  1.49 27 24 21 44 4003 1 196434 38920 1.4 26 18 9 25 96% 588 64 143 136%
c w  1.50 27 24 21 44 4003 1 196434 38720 1.4 26 18 9 25 96% 588 64 143 136%
c x  1.50 27 24 21 44 4003 1 196434 38719 1.4 26 18 9 25 96% 588 64 143 136%
c t  1.50 27 24 21 44 4003 1 196434 38719 1.4 26 18 9 25 96% 585 64 143 136%
c -  1.52 30 24 21 45 4005 1 198709 37942 1.4 26 18 9 23 96% 585 64 143 136%
c -  1.57 30 24 21 46 4008 1 205417 40213 1.5 26 18 8 23 96% 585 64 143 136%
c ]  1.62 30 24 22 46 4012 1 210741 44766 1.4 26 18 8 23 96% 585 64 143 136%
c {  1.62 30 10 22 46 4012 1 210741 44766 1.6 12 8 5 9 96% 585 64 143 136%
c o  1.63 30 10 22 46 4106 1 211114 45064 1.6 12 8 5 9 96% 585 64 143 136%
c -  1.66 34 10 22 47 4378 1 212200 40043 1.6 13 8 5 9 96% 585 64 143 136%
c -  1.84 34 13 22 48 6097 2 219059 38858 1.5 15 10 5 10 96% 585 64 143 136%
c -  2.06 34 15 22 49 7824 2 225988 38750 1.5 16 11 5 11 96% 585 64 143 136%
c -  2.30 34 16 22 50 9562 2 232990 39580 1.4 17 12 5 11 96% 585 64 143 136%
c -  2.58 34 17 22 51 11032 3 240061 40100 1.4 19 13 5 12 96% 585 64 143 136%
c }  2.66 34 17 23 51 11467 3 242257 41890 1.4 19 13 5 12 96% 585 64 143 136%
c [  2.66 34 24 23 51 11467 1 242257 41890 1.4 26 18 8 23 96% 585 64 143 136%
c
c seconds   switched     rate          size/glue  tier1    binary    remaining
c        MB   reductions   conflicts         size   tier2   irredundant
c         level    restarts       redundant     glue    trail    variables
c
c B  2.66 34 24 23 51 11467 1 242257 41890 1.4 26 18 8 23 96% 585 64 143 136%
c -  2.73 34 25 23 52 11470 1 247203 40741 1.4 26 18 8 23 96% 585 64 143 136%
c u  2.78 38 24 23 52 11472 1 248831 41676 1.4 26 18 8 23 96% 585 64 143 136%
c v  2.81 38 24 23 52 11472 1 248831 41612 1.4 26 18 8 23 96% 585 64 143 136%
c w  2.83 38 24 23 52 11472 1 248831 41608 1.4 26 18 8 23 96% 585 64 143 136%
c x  2.83 38 24 23 52 11472 1 248831 41605 1.4 26 18 8 23 96% 585 64 143 136%
c -  3.09 43 24 23 53 11473 1 254418 40751 1.4 26 18 8 22 96% 585 64 143 136%
c -  3.19 43 23 23 54 11479 1 261700 41041 1.5 26 18 7 22 96% 585 64 143 136%
c i  3.23 43 23 23 54 11480 1 265465 43505 1.5 25 17 7 22 96% 590 64 142 135%
c -  3.27 43 23 23 55 11481 1 269048 31378 1.5 26 18 7 21 96% 578 64 142 135%
c W  3.32 45 23 23 55 11481 1 273708 35324 1.5 26 18 7 21 96% 577 64 142 135%
c o  3.32 45 23 23 55 11481 1 273708 35324 1.5 26 18 7 21 96% 577 64 142 135%
c -  3.35 45 24 23 56 11483 1 276465 34044 1.5 26 18 7 21 96% 577 64 142 135%
c -  3.44 46 24 23 57 11488 1 283948 36861 1.5 26 18 7 21 97% 577 64 142 135%
c -  3.53 46 24 23 58 11492 1 291501 37997 1.5 26 18 6 21 97% 577 64 142 135%
c e  3.57 46 24 23 58 11494 1 295518 41384 1.5 26 18 6 21 97% 753 104 114 109%
c s  3.57 46 24 23 58 11494 1 295518 41384 1.5 26 18 6 21 97% 753 103 114 109%
c ^  3.57 46 24 23 58 11494 1 295518 41384 1.5 26 18 6 21 97% 753 103 114 109%
c -  3.60 48 23 23 59 11495 1 299118 21704 1.5 26 18 6 21 97% 753 103 114 109%
c -  3.64 48 23 23 60 11496 1 306799 26380 1.5 26 17 6 20 97% 754 103 114 109%
c
c seconds   switched     rate          size/glue  tier1    binary     remaining
c        MB   reductions   conflicts         size   tier2    irredundant
c         level    restarts       redundant     glue    trail     variables
c
c u  3.67 48 23 23 60 11497 1 308144 26885 1.5 25 17 6 20 97% 759 103 114 109%
c v  3.69 48 23 23 60 11497 1 308144 26141 1.5 25 17 6 20 97% 759 103 114 109%
c w  3.69 48 23 23 60 11497 1 308144 25761 1.5 25 17 6 20 97% 759 103 114 109%
c x  3.69 48 23 23 60 11497 1 308144 25747 1.5 25 17 6 20 97% 759 103 114 109%
c t  3.70 48 23 23 60 11497 1 308144 25747 1.5 25 17 6 20 97% 753 103 114 109%
c I  3.70 48 23 23 60 11497 1 309060 26459 1.5 25 17 6 20 97% 753 103 114 109%
c -  3.74 48 24 23 61 11497 1 314544 26552 1.5 26 18 6 21 97% 753 103 114 109%
c -  3.79 48 25 23 62 11497 1 322355 25396 1.4 27 19 6 21 97% 753 103 114 109%
c -  3.85 48 26 23 63 11502 1 330230 25115 1.4 27 19 6 21 97% 753 103 114 109%
c -  3.92 48 26 23 64 11506 1 338167 26363 1.4 28 19 7 22 97% 753 103 114 109%
c -  3.98 48 27 23 65 11511 1 346168 26676 1.4 28 20 7 22 98% 753 103 114 109%
c B  4.00 48 27 23 65 11511 1 348503 28683 1.4 28 20 7 22 98% 753 103 114 109%
c o  4.00 48 27 23 65 11511 1 348503 28683 1.4 28 20 7 22 98% 753 103 114 109%
c -  4.04 48 27 23 66 11512 1 354232 25259 1.4 28 20 7 22 98% 753 103 114 109%
c -  4.10 48 27 23 67 11517 1 362357 24225 1.4 28 20 7 22 98% 753 103 114 109%
c -  4.17 48 27 23 68 11521 1 370544 23542 1.4 28 20 7 22 98% 753 103 114 109%
c u  4.18 48 27 23 68 11521 1 371314 23972 1.4 28 19 7 22 98% 754 103 114 109%
c v  4.19 48 27 23 68 11521 1 371314 23858 1.4 28 19 7 22 98% 754 103 114 109%
c w  4.20 48 27 23 68 11521 1 371314 22339 1.4 28 19 7 22 98% 754 103 114 109%
c x  4.20 48 27 23 68 11521 1 371314 22332 1.4 28 19 7 22 98% 754 103 114 109%
c
c seconds   switched     rate          size/glue  tier1    binary     remaining
c        MB   reductions   conflicts         size   tier2    irredundant
c         level    restarts       redundant     glue    trail     variables
c
c ]  4.22 48 26 24 68 11522 1 372678 23377 1.4 28 19 7 22 98% 754 103 114 109%
c {  4.22 48 17 24 68 11522 3 372678 23377 1.4 19 13 5 12 96% 754 103 114 109%
c -  4.27 48 17 24 69 11548 3 378791 21976 1.4 18 13 5 12 96% 754 103 114 109%
c -  4.33 48 17 24 70 11587 2 387097 23316 1.4 18 13 5 12 96% 754 103 114 109%
c -  4.39 48 16 24 71 11708 2 395465 24109 1.5 18 13 5 12 97% 754 103 114 109%
c -  4.46 48 16 24 72 11748 2 403891 24090 1.5 18 12 5 12 97% 754 103 114 109%
c }  4.49 48 16 25 72 11769 2 409357 27806 1.5 18 12 5 12 97% 755 103 114 109%
c [  4.49 48 26 25 72 11769 1 409357 27806 1.4 28 19 7 22 98% 755 103 114 109%
c W  4.50 48 26 25 72 11769 1 409357 27806 1.4 28 19 7 22 98% 755 103 114 109%
c -  4.53 48 26 25 73 11771 1 412377 23463 1.4 28 19 7 22 98% 755 103 114 109%
c -  4.59 48 25 25 74 11775 1 420923 22918 1.4 27 19 7 21 98% 756 103 114 109%
c -  4.65 48 26 25 75 11781 1 429525 21680 1.4 27 19 6 21 98% 757 103 114 109%
c -  4.72 48 26 25 76 11783 1 438185 21262 1.4 27 19 6 21 98% 757 103 114 109%
c e  4.74 48 26 25 76 11783 1 440482 23275 1.4 27 19 6 21 98% 745 148 111 106%
c s  4.74 48 26 25 76 11783 1 440482 23275 1.4 27 19 6 21 98% 745 145 111 106%
c !  4.74 48 26 25 76 11783 1 440482 23275 1.4 27 19 6 21 98% 745 145 111 106%
c o  4.74 48 26 25 76 11783 1 440482 16855 1.4 27 19 6 21 98% 745 145 111 106%
c ]  4.75 48 26 26 76 11783 1 440966 17236 1.4 27 19 6 21 98% 745 145 111 106%
c {  4.75 48 16 26 76 11783 2 440966 17236 1.5 18 12 5 12 97% 745 145 111 106%
c u  4.76 48 16 26 76 11797 2 441311 16205 1.5 18 12 5 12 97% 761 145 111 106%
c
c seconds   switched     rate          size/glue  tier1    binary     remaining
c        MB   reductions   conflicts         size   tier2    irredundant
c         level    restarts       redundant     glue    trail     variables
c
c v  4.78 48 16 26 76 11797 2 441311 16124 1.5 18 12 5 12 97% 761 145 111 106%
c w  4.78 48 16 26 76 11797 2 441311 15673 1.5 18 12 5 12 97% 761 145 111 106%
c x  4.78 48 16 26 76 11797 2 441311 15667 1.5 18 12 5 12 97% 767 139 111 106%
c t  4.79 48 16 26 76 11797 2 441311 15667 1.5 18 12 5 12 97% 740 139 111 106%
c f  4.79 48 16 26 76 11797 2 441311 15667 1.5 18 12 5 12 97% 723 139 112 107%
c u  4.80 48 16 26 76 11797 2 441311 15438 1.5 18 12 5 12 97% 746 139 112 107%
c v  4.81 48 16 26 76 11797 2 441311 15365 1.5 18 12 5 12 97% 746 139 112 107%
c w  4.81 48 16 26 76 11797 2 441311 15270 1.5 18 12 5 12 97% 746 139 112 107%
c t  4.82 48 16 26 76 11797 2 441311 15270 1.5 18 12 5 12 97% 723 139 112 107%
c -  4.85 48 15 26 77 11843 2 446903 16506 1.5 18 12 5 12 97% 723 139 112 107%
c -  4.91 48 15 26 78 11879 2 455678 19471 1.5 17 12 5 12 97% 723 139 112 107%
c i  4.94 48 15 26 78 11912 2 460159 22676 1.5 17 12 5 12 97% 730 139 111 106%
c -  4.96 48 15 26 79 11922 2 464509 10670 1.5 17 11 5 11 97% 713 139 111 106%
c i  5.01 48 14 26 79 11984 2 472548 16305 1.5 17 11 5 11 97% 718 139 110 105%
c -  5.01 48 14 26 80 11988 2 473397 6939 1.5 17 11 5 11 97% 700 139 110 105%
c i  5.03 48 14 26 80 11993 2 477629 9992 1.5 17 11 5 11 98% 709 139 109 104%
c -  5.06 48 14 26 81 12015 2 482342 9119 1.5 16 11 5 11 98% 690 139 109 104%
c }  5.06 48 14 27 81 12015 2 483184 9702 1.5 16 11 5 11 98% 690 139 109 104%
c [  5.06 48 26 27 81 12015 1 483184 9702 1.4 27 19 6 21 98% 690 139 109 104%
c O  5.06 48 26 27 81 12015 1 483184 9702 1.4 27 19 6 21 98% 690 139 109 104%
c
c seconds   switched     rate          size/glue  tier1    binary     remaining
c        MB   reductions   conflicts         size   tier2    irredundant
c         level    restarts       redundant     glue    trail     variables
c
c -  5.11 48 25 27 82 12020 1 491342 15474 1.4 26 18 6 21 98% 690 139 109 104%
c -  5.17 48 24 27 83 12025 1 500398 20170 1.4 26 18 6 21 98% 690 139 109 104%
c -  5.24 48 24 27 84 12029 1 509509 22590 1.4 25 17 6 21 98% 691 139 109 104%
c ]  5.27 48 23 28 84 12029 1 513764 25858 1.5 25 17 6 21 98% 691 139 109 104%
c {  5.27 48 14 28 84 12029 2 513764 25858 1.5 16 11 5 11 98% 691 139 109 104%
c b  5.31 48 14 28 84 12041 2 518244 28904 1.5 16 11 5 11 98% 695 134 108 103%
c u  5.32 48 14 28 84 12041 2 518244 28545 1.5 16 11 5 11 98% 721 134 108 103%
c v  5.34 48 14 28 84 12041 2 518244 22235 1.5 16 11 5 11 98% 727 134 108 103%
c w  5.35 48 14 28 84 12041 2 518244 18840 1.5 16 11 5 11 98% 727 134 108 103%
c t  5.40 51 14 28 84 12041 2 518244 18840 1.5 16 11 5 11 98% 683 133 108 103%
c u  5.42 51 14 28 84 12041 2 518244 18685 1.5 16 11 5 11 98% 698 133 108 103%
c v  5.43 51 14 28 84 12041 2 518244 17836 1.5 16 11 5 11 98% 714 133 108 103%
c w  5.43 51 14 28 84 12041 2 518244 15714 1.5 16 11 5 11 98% 714 133 108 103%
c x  5.43 51 14 28 84 12041 2 518244 15702 1.5 16 11 5 11 98% 714 133 108 103%
c t  5.43 51 14 28 84 12041 2 518244 15702 1.5 16 11 5 11 98% 684 133 108 103%
c -  5.44 51 14 28 85 12049 2 518674 13196 1.5 16 11 5 11 98% 672 133 108 103%
c i  5.48 51 13 28 85 12084 2 526989 18994 1.5 16 10 5 11 98% 684 133 107 102%
c -  5.49 51 13 28 86 12085 2 527895 11549 1.5 16 10 5 11 98% 659 133 107 102%
c -  5.53 51 13 28 87 12148 2 537168 16104 1.5 16 10 5 11 98% 662 133 107 102%
c i  5.54 51 13 28 87 12148 2 538452 16912 1.5 15 10 5 11 98% 672 133 106 101%
c
c seconds   switched     rate          size/glue  tier1    binary     remaining
c        MB   reductions   conflicts         size   tier2    irredundant
c         level    restarts       redundant     glue    trail     variables
c
c o  5.54 51 13 28 87 12148 2 538452 16912 1.5 15 10 5 11 98% 672 133 106 101%
c -  5.58 51 13 28 88 12193 2 546495 15648 1.5 15 10 5 11 98% 654 133 106 101%
c i  5.59 51 13 28 88 12193 2 547387 16165 1.5 15 10 5 11 98% 663 133 105 100%
c -  5.64 51 13 28 89 12217 1 555877 13327 1.6 15 10 4 11 98% 634 133 105 100%
c }  5.67 51 12 29 89 12248 1 561904 17557 1.6 15 10 4 11 98% 641 133 105 100%
c [  5.67 51 23 29 89 12248 1 561904 17557 1.5 25 17 6 21 98% 641 133 105 100%
c B  5.67 51 23 29 89 12248 1 561904 17557 1.5 25 17 6 21 98% 641 133 105 100%
c -  5.69 51 23 29 90 12250 1 565310 19221 1.5 25 17 6 20 98% 642 133 105 100%
c -  5.76 51 23 29 91 12255 1 574797 22187 1.5 25 17 6 20 98% 642 133 105 100%
c -  5.83 51 23 29 92 12261 1 584338 23704 1.5 25 17 6 20 98% 642 133 105 100%
c ]  5.91 51 22 30 92 12262 1 593499 31173 1.5 25 17 6 20 98% 642 133 105 100%
c {  5.91 51 12 30 92 12262 1 593499 31173 1.6 15 10 4 11 98% 642 133 105 100%
c -  5.92 51 12 30 93 12268 1 593931 24876 1.6 15 10 4 11 98% 643 133 105 100%
c i  5.93 51 12 30 93 12275 1 595754 26121 1.6 15 9 4 11 98% 651 133 104 99%
c i  5.96 51 12 30 93 12347 1 599325 28679 1.6 15 9 4 11 98% 658 133 103 98%
c i  5.99 51 12 30 93 12381 1 601915 30399 1.6 15 9 4 11 98% 666 133 102 97%
c b  6.00 51 12 30 93 12406 1 603091 26266 1.6 15 9 4 11 98% 670 126 100 95%
c u  6.01 51 12 30 93 12406 1 603091 25910 1.6 15 9 4 11 98% 674 126 100 95%
c v  6.02 51 12 30 93 12406 1 603091 25496 1.6 15 9 4 11 98% 674 126 100 95%
c w  6.03 51 12 30 93 12406 1 603091 24402 1.6 15 9 4 11 98% 674 126 100 95%
c
c seconds   switched     rate          size/glue tier1    binary     remaining
c        MB   reductions   conflicts         size  tier2    irredundant
c         level    restarts       redundant    glue    trail     variables
c
c x  6.04 51 12 30 93 12406 1 603091 24397 1.6 15 9 4 11 98% 674 124 100 95%
c t  6.04 51 12 30 93 12406 1 603091 24397 1.6 15 9 4 11 98% 655 124 100 95%
c u  6.05 51 12 30 93 12406 1 603091 24298 1.6 15 9 4 11 98% 668 124 100 95%
c v  6.07 51 12 30 93 12406 1 603091 23994 1.6 15 9 4 11 98% 669 124 100 95%
c w  6.07 51 12 30 93 12406 1 603091 23818 1.6 15 9 4 11 98% 669 124 100 95%
c x  6.08 51 12 30 93 12406 1 603091 23815 1.6 15 9 4 11 98% 669 124 100 95%
c t  6.08 51 12 30 93 12406 1 603091 23815 1.6 15 9 4 11 98% 657 124 100 95%
c -  6.09 51 12 30 94 12415 1 603574 18567 1.6 15 9 4 10 98% 573 124 100 95%
c i  6.17 51 12 30 94 12568 1 613032 24799 1.6 15 9 4 10 98% 587 124 99 94%
c -  6.17 51 12 30 95 12578 1 613270 17693 1.6 15 9 4 10 98% 572 124 99 94%
c i  6.17 51 12 30 95 12586 1 613321 17722 1.6 15 9 4 10 98% 572 124 98 93%
c i  6.18 51 12 30 95 12586 1 614612 18398 1.6 14 9 4 10 98% 581 124 97 92%
c i  6.18 51 12 30 95 12587 1 615257 18791 1.6 14 9 4 10 98% 590 124 96 91%
c i  6.19 51 12 30 95 12587 1 615863 19247 1.6 14 9 4 10 98% 593 124 94 90%
c i  6.19 51 12 30 95 12591 1 616438 19628 1.6 14 9 4 10 98% 598 124 91 87%
c i  6.20 51 12 30 95 12598 1 617562 20318 1.6 14 9 4 10 98% 602 124 90 86%
c i  6.21 51 12 30 95 12614 1 618042 20567 1.6 14 9 4 10 98% 610 124 89 85%
c i  6.22 51 12 30 95 12638 1 620338 22057 1.6 14 9 4 10 98% 624 124 77 73%
c i  6.23 51 12 30 95 12640 1 621388 22705 1.6 14 9 4 10 98% 632 124 51 49%
c i  6.23 51 12 30 95 12641 1 621637 22863 1.6 14 9 4 10 98% 636 124 33 31%
c
c seconds   switched     rate          size/glue tier1    binary    remaining
c        MB   reductions   conflicts         size  tier2    irredundant
c         level    restarts       redundant    glue    trail    variables
c
c i  6.23 51 12 30 95 12641 1 621646 22863 1.6 14 9 4 10 98% 640 124 32 30%
c i  6.23 51 12 30 95 12641 1 621672 22869 1.6 14 9 4 10 98% 645 124 21 20%
c i  6.23 51 12 30 95 12641 1 621677 22871 1.6 14 9 4 10 98% 646 124 11 10%
c }  6.23 51 12 30 95 12641 1 621680 22871 1.6 14 9 4 10 98% 647 124  9 9%
c 0  6.23 51 12 30 95 12641 1 621680 22871 1.6 14 9 4 10 98% 647 124  9 9%
c
c ---- [ result ] ------------------------------------------------------------
c
s UNSATISFIABLE
c
c ---- [ profiling ] ---------------------------------------------------------
c
c           5.44   87.29 %  search
c           2.82   45.24 %  focused
c           2.62   42.05 %  stable
c           0.78   12.52 %  simplify
c           0.77   12.36 %  probe
c           0.46    7.31 %  vivify
c           0.28    4.47 %  sweep
c           0.17    2.69 %  reduce
c           0.02    0.39 %  substitute
c           0.01    0.22 %  walking
c           0.01    0.18 %  preprocess
c           0.01    0.12 %  eliminate
c           0.01    0.12 %  factor
c           0.00    0.03 %  transitive
c           0.00    0.02 %  congruence
c           0.00    0.01 %  backbone
c           0.00    0.01 %  subsume
c           0.00    0.00 %  parse
c           0.00    0.00 %  lucky
c =============================================
c           6.23  100.00 %  total
c
c ---- [ statistics ] --------------------------------------------------------
c
c conflicts:                           621680            99702.33 per second
c decisions:                           841701                1.35 per conflict
c eliminated:                              98               93 %  variables
c factored:                               106              101 %  variables
c iterations:                              25               24 %  variables
c propagations:                      12585984          2018485    per second
c reductions:                              95             6544    interval
c reordered:                               10            62168    interval
c rephased:                                19            32720    interval
c restarts:                             12641               49    interval
c strengthened:                           104                3 %  checks
c subsumed:                                 4                0 %  checks
c switched:                                30            20723    interval
c vivified:                             29932               91 %  checks
c walks:                                    6           103613    interval
c
c ---- [ glue usage ] --------------------------------------------------------
c
c focused glue 4   used 166186 clauses 15.05% accumulated 53.03% tier1
c focused glue 5   used 127733 clauses 11.57% accumulated 64.60%
c focused glue 6-8 used 212668 clauses 19.26% accumulated 83.86%
c focused glue 9   used  42487 clauses  3.85% accumulated 87.71%
c focused glue 10  used  32345 clauses  2.93% accumulated 90.64% tier2
c
c stable glue 6    used  49506 clauses  4.16% accumulated 53.41% tier1
c stable glue 7    used  45808 clauses  3.85% accumulated 57.26%
c stable glue 8-18 used 361872 clauses 30.42% accumulated 87.67%
c stable glue 19   used  19139 clauses  1.61% accumulated 89.28%
c stable glue 20   used  16981 clauses  1.43% accumulated 90.71% tier2
c
c ---- [ resources ] ---------------------------------------------------------
c
c maximum-resident-set-size:      54844719104 bytes      52304 MB
c process-time:                             6s               6.23 seconds
c
c ---- [ shutting down ] -----------------------------------------------------
c
c exit 20
